1627302038.561638	1.016200	0.014600	0.032700	-0.000700	0.011200	0.014000
1627302038.562449	1.017200	0.018600	0.030200	0.002000	0.007900	0.020800
1627302038.563159	1.015400	0.020300	0.029400	0.004800	0.005400	0.026900
1627302038.563785	1.016400	0.024300	0.024800	0.008100	0.002400	0.028400
1627302038.653949	1.016400	0.024300	0.024800	0.008100	0.002400	0.028400
1627302038.655597	0.885000	-0.041500	-0.607400	1.366100	-0.162200	-0.619400
1627302038.655998	0.882900	-0.035600	-0.610500	1.398800	-0.150600	-0.628300
1627302038.656441	0.882400	-0.030500	-0.609900	1.425700	-0.139300	-0.640500
1627302038.658088	0.881200	-0.029800	-0.615500	1.452200	-0.130200	-0.656100
1627302038.658522	0.884800	-0.025400	-0.619900	1.471800	-0.126500	-0.671400
1627302038.658920	0.886500	-0.026400	-0.611200	1.488600	-0.122800	-0.686900
1627302038.660618	0.893100	-0.028000	-0.611600	1.504500	-0.114600	-0.701300
1627302038.661062	0.897900	-0.025500	-0.620000	1.517600	-0.110000	-0.711100
1627302038.661466	0.904200	-0.029100	-0.618400	1.528900	-0.106000	-0.719000
1627302038.661863	0.912800	-0.036500	-0.615000	1.539000	-0.099600	-0.718700
1627302038.664007	0.921900	-0.037700	-0.603500	1.552700	-0.086200	-0.711100
1627302038.664486	0.921500	-0.043200	-0.605200	1.566200	-0.069100	-0.697300
1627302038.664912	0.918600	-0.054000	-0.609900	1.579600	-0.049500	-0.675900
1627302038.666576	0.919300	-0.053700	-0.615600	1.587500	-0.026900	-0.646600
1627302038.667039	0.920400	-0.055700	-0.626600	1.594900	-0.004000	-0.625800
1627302038.667437	0.923200	-0.050400	-0.630700	1.604900	0.014300	-0.610300
1627302038.667866	0.919400	-0.054800	-0.622800	1.615300	0.038100	-0.606000
1627302038.670448	0.914800	-0.053600	-0.620600	1.617500	0.065000	-0.613000
1627302038.670906	0.912100	-0.046000	-0.623500	1.609500	0.096100	-0.628900
1627302038.671380	0.910200	-0.043900	-0.618900	1.601000	0.127600	-0.658800
1627302038.671824	0.915800	-0.042500	-0.610000	1.598200	0.159700	-0.679600
1627302038.672241	0.922400	-0.035300	-0.617100	1.599800	0.198500	-0.703400
1627302038.674548	0.934700	-0.023400	-0.620100	1.607100	0.232400	-0.734900
1627302038.674981	0.946300	-0.019500	-0.621500	1.615300	0.261700	-0.769100
1627302038.675429	0.951200	-0.017800	-0.629900	1.621700	0.283400	-0.807300
1627302038.675833	0.958900	-0.028600	-0.625700	1.620200	0.313000	-0.853400
1627302038.677947	0.967400	-0.033100	-0.609500	1.618700	0.345700	-0.882400
1627302038.678361	0.975600	-0.043700	-0.599500	1.619900	0.381400	-0.902600
1627302038.678841	0.984400	-0.046300	-0.565300	1.634900	0.436400	-0.914500
1627302038.680561	0.980300	-0.057600	-0.548700	1.650800	0.498100	-0.915700
1627302038.680980	0.978400	-0.062600	-0.528100	1.677600	0.568000	-0.910500
1627302038.681470	0.987300	-0.079800	-0.515300	1.706300	0.664300	-0.894300
1627302038.683712	0.982900	-0.094700	-0.514400	1.725300	0.738200	-0.872600
1627302038.684127	0.997400	-0.096700	-0.502700	1.739600	0.821200	-0.841200
1627302038.684540	1.001800	-0.101300	-0.513400	1.745400	0.900700	-0.802700
1627302038.684981	1.010400	-0.104200	-0.498700	1.756400	0.968200	-0.759900
1627302038.687075	1.011600	-0.101600	-0.506600	1.750900	1.030500	-0.725100
1627302038.687590	1.004500	-0.107800	-0.512600	1.751600	1.087900	-0.686300
1627302038.688077	1.005200	-0.107100	-0.515700	1.745700	1.143800	-0.656100
1627302038.688634	0.990200	-0.100100	-0.511400	1.742400	1.185300	-0.632300
1627302038.689271	0.987900	-0.103400	-0.484100	1.738400	1.244000	-0.602300
1627302038.692528	0.979900	-0.099600	-0.490500	1.725300	1.296800	-0.571500
1627302038.693029	0.980000	-0.097000	-0.478600	1.728600	1.337100	-0.539700
1627302038.693570	0.979700	-0.090800	-0.472300	1.718300	1.386300	-0.504600
1627302038.694069	0.988400	-0.075100	-0.450200	1.720100	1.416200	-0.474000
1627302038.694580	0.990200	-0.075300	-0.441800	1.710000	1.446800	-0.456000
1627302038.696703	0.986600	-0.068600	-0.422400	1.707000	1.460200	-0.440400
1627302038.697144	0.980500	-0.071800	-0.407300	1.695000	1.473000	-0.428200
1627302038.697555	0.963900	-0.067000	-0.382600	1.690500	1.483100	-0.414200
1627302038.697976	0.960800	-0.057100	-0.360500	1.683400	1.493200	-0.396500
1627302038.700101	0.970500	-0.047500	-0.347700	1.680100	1.506900	-0.379700
1627302038.700539	0.961400	-0.053700	-0.336200	1.681900	1.503900	-0.367800
1627302038.700954	0.943700	-0.061000	-0.312000	1.676400	1.504800	-0.347600
1627302038.703093	0.940900	-0.057500	-0.270600	1.634900	1.502400	-0.335100
1627302038.703596	0.950700	-0.068200	-0.232900	1.569800	1.505400	-0.332000
1627302038.704014	0.960300	-0.063800	-0.273600	1.523100	1.518900	-0.298100
1627302038.704459	0.940300	-0.033600	-0.313600	1.521300	1.458400	-0.260900
1627302038.706144	0.920700	-0.024400	-0.261000	1.503500	1.405800	-0.241300
1627302038.706586	0.901700	-0.014300	-0.214000	1.465700	1.401900	-0.221100
1627302038.707000	0.897900	0.000600	-0.206700	1.402700	1.390600	-0.202800
1627302038.707413	0.891100	0.004900	-0.181300	1.353600	1.371600	-0.192100
1627302038.709112	0.876600	0.012100	-0.160800	1.298300	1.367400	-0.175900
1627302038.709514	0.869900	0.034800	-0.152600	1.214300	1.357900	-0.165900
1627302038.709915	0.867900	0.049900	-0.152700	1.135500	1.333200	-0.164300
1627302038.711609	0.863500	0.063200	-0.159800	1.049100	1.302900	-0.165300
1627302038.712009	0.854600	0.072400	-0.158800	0.942500	1.241500	-0.164600
1627302038.712442	0.850500	0.074300	-0.136200	0.862100	1.184400	-0.158200
1627302038.714100	0.844500	0.070100	-0.106900	0.787900	1.140100	-0.146000
1627302038.714505	0.841900	0.065800	-0.088400	0.705100	1.098600	-0.125200
1627302038.714958	0.841700	0.070200	-0.071700	0.643400	1.057000	-0.106000
1627302038.717066	0.851700	0.064900	-0.046000	0.587200	1.031100	-0.084900
1627302038.717468	0.861900	0.058700	-0.035200	0.516700	0.997500	-0.062300
1627302038.717870	0.871900	0.062100	-0.007800	0.465400	0.960500	-0.039100
1627302038.719630	0.882100	0.055400	0.001500	0.414400	0.937000	-0.018600
1627302038.720035	0.886700	0.050200	0.015500	0.374700	0.900400	0.010100
1627302038.720459	0.897900	0.052700	0.038100	0.344400	0.870100	0.031400
1627302038.720890	0.913600	0.056300	0.051300	0.316600	0.834100	0.045500
1627302038.722544	0.917200	0.048700	0.047500	0.284600	0.796800	0.055000
1627302038.722988	0.916700	0.048700	0.056900	0.248500	0.746700	0.063800
1627302038.723399	0.933300	0.050900	0.074500	0.212800	0.707300	0.070200
1627302038.725878	0.939000	0.055500	0.076500	0.172200	0.657800	0.075400
1627302038.726321	0.943400	0.061800	0.086900	0.147100	0.602300	0.073300
1627302038.726744	0.949000	0.062900	0.086400	0.118700	0.552800	0.064700
1627302038.727145	0.953100	0.000000	833.255100	0.047200	0.000000	0.000000
1627302038.727713	0.928300	0.033200	0.212400	-0.827800	0.600700	-0.239200
1627302038.728115	0.915300	0.025900	0.192000	-0.869100	0.668800	-0.259000
1627302038.728519	0.914900	0.023400	0.191500	-0.887400	0.698500	-0.283800
1627302038.728918	0.912200	0.015300	0.192100	-0.900500	0.718900	-0.309700
1627302038.729317	0.916900	0.007900	0.187000	-0.902700	0.723500	-0.338700
1627302038.729716	0.916900	0.005400	0.161500	-0.903600	0.709200	-0.351300
1627302038.730116	0.917100	0.009300	0.152600	-0.888000	0.674300	-0.354900
1627302038.730515	0.921000	0.011100	0.172700	-0.870600	0.625500	-0.359200
1627302038.730915	0.918000	0.011700	0.193400	-0.860800	0.583600	-0.360700
1627302038.731315	0.911700	0.016600	0.196700	-0.852300	0.545100	-0.356800
1627302038.737106	0.910500	0.030500	0.196000	-0.837000	0.493800	-0.348500
1627302038.762981	0.915600	0.048200	0.195200	-0.814400	0.441000	-0.343600
1627302038.763875	0.921500	0.069900	0.190300	-0.785400	0.377500	-0.349700
1627302038.766030	0.925000	0.074300	0.191000	-0.751200	0.301400	-0.370800
1627302038.775789	0.934400	0.067700	0.204500	-0.722800	0.221400	-0.394900
1627302038.804143	0.938600	0.055900	0.222000	-0.706900	0.157500	-0.412000
1627302038.805039	0.939500	0.040800	0.228500	-0.696800	0.089100	-0.415400
1627302038.805870	0.944800	0.033100	0.236000	-0.692800	0.015800	-0.412000
1627302038.815863	0.942000	0.030400	0.224200	-0.707500	-0.044400	-0.408400
1627302038.841517	0.945300	0.031900	0.228100	-0.721800	-0.109400	-0.416000
1627302038.842431	0.953900	0.040800	0.236500	-0.745100	-0.182400	-0.432800
1627302038.846040	0.956100	0.043800	0.233600	-0.765500	-0.229100	-0.455400
1627302038.858344	0.948100	0.055100	0.234300	-0.777700	-0.290500	-0.483800
1627302038.873252	0.951400	0.053500	0.251600	-0.792400	-0.341800	-0.514400
1627302038.885211	0.960000	0.054000	0.263400	-0.800900	-0.368400	-0.534500
1627302038.886064	0.965700	0.050300	0.249100	-0.819300	-0.392500	-0.558300
1627302038.896926	0.968400	0.028600	0.256000	-0.830300	-0.417600	-0.579100
1627302038.922772	0.968400	0.028600	0.256000	-0.830300	-0.417600	-0.579100
1627302038.923667	0.975600	0.001800	0.271200	-0.872100	-0.407500	-0.628600
1627302038.925833	0.975600	0.001800	0.271200	-0.872100	-0.407500	-0.628600
1627302038.934734	0.984000	-0.013100	0.270300	-0.914900	-0.384000	-0.670700
1627302038.965882	0.984100	-0.030400	0.268600	-0.953700	-0.365100	-0.703100
1627302038.971527	0.989100	-0.032000	0.249800	-0.990600	-0.353400	-0.727900
1627302038.972420	1.004300	-0.026500	0.222200	-1.023900	-0.344900	-0.752600
1627302038.975854	1.012200	-0.004900	0.183800	-1.054200	-0.348300	-0.768200
1627302039.001507	1.012100	0.031200	0.178200	-1.062100	-0.363200	-0.780700
1627302039.002406	1.002100	0.066700	0.210300	-1.058400	-0.353800	-0.790800
1627302039.004650	1.017900	0.097000	0.229700	-1.063900	-0.315300	-0.801200
1627302039.035686	1.006500	0.091300	0.210200	-1.067000	-0.265800	-0.797200
1627302039.051785	0.957800	0.071200	0.225000	-1.094800	-0.236500	-0.785900
1627302039.055359	0.962900	0.114600	0.270900	-1.128700	-0.147300	-0.781000
1627302039.056255	0.999300	0.150500	0.158300	-1.128100	-0.092000	-0.796000
1627302039.057071	1.000400	0.139300	0.104400	-1.110700	-0.139300	-0.797500
1627302039.085417	0.945300	0.122100	0.125500	-1.100300	-0.176300	-0.781600
1627302039.086329	0.948700	0.158100	0.142500	-1.119800	-0.184500	-0.780700
1627302039.087158	0.977900	0.203700	0.108400	-1.112500	-0.215100	-0.788600
1627302039.101969	0.977900	0.178800	0.076900	-1.099000	-0.320200	-0.790800
1627302039.117507	0.971800	0.186000	0.120600	-1.103300	-0.390700	-0.774600
1627302039.118365	0.909400	0.221700	0.076900	-1.094200	-0.450300	-0.776700
1627302039.144378	0.929300	0.239000	0.098400	-1.081000	-0.554700	-0.787100
1627302039.145271	0.916000	0.239300	0.125700	-1.054500	-0.621000	-0.799300
1627302039.146150	0.909200	0.237800	0.098900	-1.021500	-0.696100	-0.802700
1627302039.155695	0.899000	0.233000	0.082800	-0.991500	-0.805200	-0.797200
1627302039.185339	0.904900	0.224900	0.087200	-0.970200	-0.886700	-0.785300
1627302039.186227	0.917400	0.215200	0.069900	-0.961900	-0.972300	-0.768200
1627302039.187049	0.938100	0.214600	0.054100	-0.962200	-1.081900	-0.756600
1627302039.209026	0.958100	0.227200	0.057900	-0.969200	-1.185400	-0.759300
1627302039.209921	0.966600	0.230600	0.067700	-0.974100	-1.263600	-0.767000
1627302039.236543	0.968500	0.232800	0.060200	-0.953100	-1.352500	-0.760800
1627302039.237556	0.976000	0.235400	0.036100	-0.943300	-1.421500	-0.740700
1627302039.238390	0.976700	0.236600	0.010000	-0.936300	-1.495500	-0.712600
1627302039.248469	0.953500	0.216900	-0.006500	-0.944200	-1.585900	-0.657900
1627302039.263600	0.899300	0.158600	-0.084400	-1.022100	-1.630800	-0.560800
1627302039.279473	0.916000	0.171900	-0.018400	-1.040100	-1.665600	-0.435300
1627302039.299019	0.952800	0.189800	-0.017100	-1.076800	-1.716000	-0.262100
1627302039.299924	0.989100	0.192100	-0.019000	-1.067600	-1.726100	-0.125200
1627302039.300736	0.982100	0.178700	-0.039100	-1.043800	-1.713800	0.015900
1627302039.304757	1.018600	0.201400	-0.065100	-1.008300	-1.736800	0.181700
1627302039.330329	1.054900	0.216300	-0.093800	-1.014800	-1.737700	0.287400
1627302039.331226	1.082600	0.210300	-0.131100	-1.028500	-1.748700	0.365300
1627302039.340842	1.123700	0.180100	-0.184900	-1.088400	-1.763900	0.438000
1627302039.349772	1.144400	0.172700	-0.228900	-1.173000	-1.791700	0.486200
1627302039.364622	1.148300	0.162100	-0.218100	-1.240800	-1.825900	0.527500
1627302039.374172	1.155900	0.118200	-0.204300	-1.294800	-1.818600	0.596200
1627302039.375084	1.156100	0.081800	-0.211700	-1.322000	-1.807900	0.672900
1627302039.384877	1.141400	0.037100	-0.201700	-1.322000	-1.782900	0.755000
1627302039.415272	1.163700	0.032000	-0.168300	-1.314400	-1.686100	0.834700
1627302039.416169	1.178300	0.057100	-0.159200	-1.303400	-1.543400	0.865900
1627302039.418337	1.195900	0.092300	-0.106100	-1.286600	-1.392200	0.833200
1627302039.425794	1.218400	0.142100	-0.055200	-1.269500	-1.133200	0.722000
1627302039.457347	1.233200	0.153100	-0.094000	-1.281100	-0.851300	0.565300
1627302039.460421	1.244600	0.143100	-0.122800	-1.313800	-0.633500	0.416900
1627302039.461324	1.254400	0.141500	-0.120400	-1.337300	-0.398700	0.265100
1627302039.464831	1.246200	0.134500	-0.163100	-1.350700	-0.188500	0.132800
1627302039.474670	1.229900	0.124300	-0.238000	-1.392300	-0.058400	0.042100
1627302039.490334	1.209200	0.118900	-0.278100	-1.474700	0.017700	-0.019300
1627302039.510504	1.186400	0.113600	-0.276100	-1.587700	0.083300	-0.046100
1627302039.511399	1.163200	0.108600	-0.277200	-1.686400	0.127600	-0.039700
1627302039.514617	1.145500	0.118800	-0.278200	-1.782300	0.150500	-0.013100
1627302039.536438	1.128800	0.117300	-0.288300	-1.887700	0.168200	0.023800
1627302039.537339	1.152500	0.071300	-0.344800	-2.003700	0.171600	0.058600
1627302039.565526	1.118300	0.127800	-0.298100	-2.106400	0.112900	0.074200
1627302039.566434	1.163700	0.160200	-0.174000	-2.132900	0.120300	0.087600
1627302039.567247	1.153000	0.185400	-0.149800	-2.067900	0.201800	0.089500
1627302039.574666	1.119900	0.208000	-0.207200	-2.009500	0.225300	0.080300
1627302039.601470	1.122100	0.192500	-0.133800	-1.873000	0.257700	0.085500
1627302039.602367	1.098500	0.185100	-0.139600	-1.763400	0.386300	0.104400
1627302039.604808	1.064600	0.138400	-0.215500	-1.656500	0.426900	0.135900
1627302039.617133	1.086300	0.144900	-0.156200	-1.541600	0.503900	0.183900
1627302039.642765	1.063400	0.141600	-0.198900	-1.497900	0.616900	0.191500
1627302039.643660	1.061200	0.117800	-0.236500	-1.489400	0.642600	0.191200
1627302039.644769	1.063400	0.114300	-0.151700	-1.495200	0.727500	0.179300
1627302039.674183	1.040900	0.099400	-0.178300	-1.522400	0.848700	0.158800
1627302039.675098	1.025600	0.092900	-0.182000	-1.547400	0.902200	0.142000
1627302039.675905	1.025900	0.091900	-0.065400	-1.521500	1.011200	0.139000
1627302039.683306	1.017200	0.078400	-0.064800	-1.476000	1.160300	0.144500
1627302039.719069	1.018300	0.074600	-0.084700	-1.426200	1.250700	0.148100
1627302039.719966	1.037800	0.074300	-0.050700	-1.368100	1.354800	0.143200
1627302039.720777	1.038900	0.068200	-0.035400	-1.315000	1.459000	0.124600
1627302039.724797	1.037700	0.062000	-0.017300	-1.261800	1.531400	0.101100
1627302039.740125	1.045800	0.052900	0.007100	-1.197700	1.626400	0.066600
1627302039.755947	1.039800	0.047100	-0.013900	-1.158000	1.703600	0.032400
1627302039.774342	1.025300	0.038300	-0.007400	-1.130200	1.738200	-0.000000
1627302039.775249	1.010900	0.022700	0.049000	-1.099000	1.787300	-0.026600
1627302039.776063	0.994500	0.012600	0.079200	-1.067300	1.853900	-0.045200
1627302039.802792	0.986200	0.005100	0.099000	-1.041300	1.902500	-0.059300
1627302039.803793	0.983600	0.011400	0.142700	-1.007100	1.953800	-0.078200
1627302039.804643	0.980600	0.018600	0.189800	-0.968000	2.016400	-0.106600
1627302039.812055	0.976000	0.010100	0.221400	-0.913300	2.068900	-0.129500
1627302039.842792	0.970700	0.007000	0.245400	-0.846200	2.120900	-0.151800
1627302039.845355	0.955000	-0.001500	0.252000	-0.779600	2.175800	-0.178700
1627302039.846200	0.939700	-0.016600	0.250500	-0.738600	2.200600	-0.197600
1627302039.871329	0.921000	-0.016000	0.276000	-0.702900	2.217100	-0.214100
1627302039.872234	0.899900	-0.021100	0.312400	-0.661700	2.239100	-0.229100
1627302039.874647	0.895300	-0.015400	0.332900	-0.629000	2.256200	-0.238300
1627302039.901570	0.889300	-0.000600	0.357800	-0.579500	2.267800	-0.249600
1627302039.902471	0.877000	0.007800	0.364000	-0.529100	2.272700	-0.270300
1627302039.904843	0.870800	0.006100	0.345500	-0.498000	2.253100	-0.286500
1627302039.930312	0.856400	0.001500	0.366500	-0.453100	2.212200	-0.296900
1627302039.931210	0.839700	-0.002400	0.392500	-0.413700	2.163000	-0.296300
1627302039.933349	0.832200	0.003900	0.407800	-0.372100	2.119900	-0.294500
1627302039.960329	0.823000	0.010400	0.418200	-0.329700	2.064700	-0.291700
1627302039.961225	0.845600	0.033900	0.456200	-0.254800	1.968100	-0.294500
1627302039.963367	0.866100	0.047500	0.483800	-0.170800	1.868000	-0.313100
1627302039.990114	0.839600	0.039400	0.455600	-0.110700	1.744300	-0.353100
1627302039.991009	0.798100	0.020900	0.398300	-0.099400	1.531100	-0.409900
1627302039.993345	0.771700	0.006700	0.429000	-0.127800	1.346600	-0.434900
1627302040.004486	0.748700	0.013100	0.481900	-0.170500	1.203600	-0.442300
1627302040.030322	0.715600	0.023300	0.523100	-0.210900	1.069600	-0.432200
1627302040.031377	0.708500	0.030200	0.553500	-0.236500	0.966000	-0.414800
1627302040.033128	0.702900	0.034300	0.579100	-0.243500	0.890900	-0.394300
1627302040.066677	0.700900	0.035800	0.598600	-0.232800	0.810200	-0.363800
1627302040.067576	0.705400	0.043900	0.623400	-0.199200	0.740300	-0.331100
1627302040.068536	0.711100	0.047900	0.641400	-0.148200	0.686900	-0.298400
1627302040.071994	0.701700	0.043200	0.651700	-0.073400	0.632200	-0.249200
1627302040.087490	0.697000	0.046800	0.659900	0.002000	0.586100	-0.198800
1627302040.111588	0.694100	0.050300	0.663700	0.067700	0.555500	-0.154300
1627302040.112483	0.686800	0.050200	0.657500	0.134300	0.524100	-0.099600
1627302040.113294	0.684000	0.051500	0.652200	0.189600	0.488300	-0.045800
1627302040.124613	0.679000	0.056800	0.651900	0.231400	0.457800	0.000900
1627302040.151736	0.675800	0.061800	0.654900	0.268700	0.428500	0.049200
1627302040.152630	0.673300	0.069800	0.657500	0.308100	0.401900	0.098000
1627302040.154803	0.674600	0.076400	0.655500	0.337400	0.378700	0.138700
1627302040.180334	0.673200	0.082400	0.648100	0.362100	0.348100	0.182900
1627302040.181236	0.668900	0.088500	0.646200	0.384700	0.315800	0.224200
1627302040.182230	0.663300	0.092700	0.647100	0.402800	0.289200	0.256600
1627302040.207726	0.666600	0.094600	0.645000	0.420800	0.262600	0.289200
1627302040.208612	0.668800	0.095800	0.640500	0.436400	0.230500	0.325900
1627302040.239169	0.669800	0.095500	0.633400	0.445800	0.201200	0.359200
1627302040.241494	0.673000	0.097200	0.627400	0.448300	0.169500	0.391200
1627302040.242379	0.674100	0.105100	0.623400	0.450700	0.134300	0.427000
1627302040.243864	0.672100	0.110700	0.618800	0.450100	0.106200	0.451100
1627302040.253340	0.677000	0.116500	0.616100	0.448900	0.077500	0.472500
1627302040.282772	0.681400	0.115500	0.609600	0.445800	0.039600	0.494500
1627302040.283674	0.687100	0.112800	0.606000	0.444000	0.008800	0.509100
1627302040.284601	0.687700	0.112700	0.606300	0.446400	-0.024500	0.526200
1627302040.311554	0.687100	0.110800	0.605700	0.448300	-0.061500	0.545800
1627302040.312457	0.689300	0.109400	0.603500	0.451300	-0.086800	0.563500
1627302040.313426	0.693500	0.113000	0.597700	0.453200	-0.111200	0.579400
1627302040.327042	0.700800	0.118700	0.591200	0.454700	-0.140600	0.595600
1627302040.342273	0.706700	0.116500	0.585600	0.452200	-0.161900	0.603500
1627302040.371546	0.710000	0.106400	0.577000	0.449200	-0.185800	0.612100
1627302040.372438	0.713700	0.094100	0.562400	0.444900	-0.220300	0.625500
1627302040.373417	0.717700	0.090900	0.554600	0.440000	-0.257800	0.637700
1627302040.375896	0.726300	0.088300	0.544200	0.428100	-0.293900	0.644800
1627302040.391026	0.733400	0.087900	0.529100	0.405500	-0.347300	0.649300
1627302040.411639	0.741300	0.090900	0.511400	0.371000	-0.404200	0.644400
1627302040.412562	0.752700	0.102900	0.491900	0.322100	-0.465800	0.633100
1627302040.413379	0.765500	0.110700	0.472500	0.245200	-0.552900	0.606000
1627302040.444156	0.773200	0.114300	0.497900	0.195100	-0.641800	0.573300
1627302040.445496	0.760700	0.103300	0.573600	0.184400	-0.693400	0.547000
1627302040.446348	0.740800	0.070900	0.647600	0.218900	-0.693400	0.543000
1627302040.452176	0.733000	0.039300	0.695900	0.301700	-0.647900	0.570800
1627302040.462117	0.733500	0.044100	0.716400	0.407600	-0.578200	0.611800
1627302040.486628	0.732800	0.062400	0.699800	0.539900	-0.479000	0.664000
1627302040.487546	0.797900	0.014600	0.507300	0.625100	-0.391000	0.707100
1627302040.514357	0.735400	0.132400	0.764000	0.758900	-0.427400	0.742500
1627302040.515298	0.768800	0.101000	0.825700	0.990100	-0.227600	0.793500
1627302040.516127	0.778400	0.048300	0.590600	1.127900	-0.056000	0.865300
1627302040.530875	0.786400	0.053100	0.437900	1.244200	-0.076100	0.911700
1627302040.546003	0.805800	0.081100	0.499300	1.321200	-0.146400	0.953500
1627302040.561941	0.799700	0.081400	0.544900	1.384400	-0.112800	0.981300
1627302040.581757	0.803700	0.083900	0.459200	1.406100	-0.114600	1.005500
1627302040.582650	0.830600	0.108900	0.445100	1.447000	-0.189100	1.025000
1627302040.583460	0.839800	0.127700	0.483800	1.483100	-0.232800	1.033300
1627302040.584623	0.825700	0.118200	0.463100	1.512700	-0.257800	1.034800
1627302040.592637	0.827800	0.107400	0.441300	1.541100	-0.314400	1.037500
1627302040.593525	0.834800	0.112300	0.438700	1.572300	-0.367200	1.039700
1627302040.617236	0.835100	0.112800	0.414900	1.595500	-0.411200	1.034200
1627302040.620802	0.841300	0.109600	0.415600	1.616900	-0.474700	1.025900
1627302040.635844	0.838900	0.114900	0.432500	1.639500	-0.530000	1.011000
1627302040.638734	0.830800	0.111500	0.428700	1.659300	-0.560500	0.997800
1627302040.663852	0.831200	0.108800	0.423800	1.673400	-0.595700	0.983800
1627302040.664905	0.838000	0.107300	0.428100	1.692600	-0.631100	0.962700
1627302040.669305	0.844800	0.104200	0.412700	1.698400	-0.657700	0.944100
1627302040.692402	0.850700	0.103400	0.392200	1.698100	-0.694900	0.921800
1627302040.693214	0.861500	0.104700	0.384500	1.692600	-0.748100	0.894900
1627302040.702083	0.872300	0.103600	0.368500	1.682200	-0.798200	0.865900
1627302040.721425	0.887000	0.102100	0.354700	1.668200	-0.853100	0.843000
1627302040.722304	0.902100	0.099500	0.341600	1.647700	-0.924300	0.818200
1627302040.732232	0.908400	0.096800	0.334400	1.628800	-0.986600	0.800200
1627302040.741922	0.917400	0.092300	0.333600	1.613500	-1.036700	0.790100
1627302040.765195	0.925400	0.082900	0.332300	1.604600	-1.088300	0.787700
1627302040.766092	0.933700	0.071900	0.328700	1.604900	-1.127700	0.795600
1627302040.773264	0.943200	0.061800	0.308800	1.608300	-1.159500	0.809700
1627302040.785082	0.958700	0.056000	0.273800	1.606200	-1.200100	0.830200
1627302040.785971	0.974500	0.053000	0.252100	1.597000	-1.251400	0.851500
1627302040.810922	0.988900	0.056800	0.234900	1.588800	-1.299100	0.868900
1627302040.811885	1.001700	0.066500	0.218900	1.580500	-1.354700	0.882700
1627302040.821970	1.011200	0.069800	0.211200	1.582300	-1.408700	0.889400
1627302040.828886	1.019900	0.069200	0.198100	1.586900	-1.454800	0.890600
1627302040.848825	1.023700	0.065400	0.176300	1.603100	-1.510100	0.889700
1627302040.850915	1.031500	0.058600	0.151200	1.621100	-1.569700	0.886000
1627302040.864522	1.034300	0.057400	0.126800	1.639800	-1.626800	0.880500
1627302040.879418	1.045500	0.059400	0.104400	1.665400	-1.691500	0.871400
1627302040.892752	1.056000	0.060500	0.083400	1.696300	-1.768200	0.854000
1627302040.893641	1.064500	0.062500	0.066700	1.721900	-1.832000	0.830200
1627302040.895860	1.072800	0.056600	0.049800	1.753400	-1.897700	0.803600
1627302040.918201	1.082800	0.052000	0.030800	1.781200	-1.968900	0.770900
1627302040.931668	1.091800	0.047600	0.004800	1.797100	-2.027800	0.738500
1627302040.932559	1.091300	0.037800	-0.012900	1.810200	-2.095600	0.702500
1627302040.936946	1.087900	0.032700	-0.012600	1.831300	-2.150600	0.669500
1627302040.959603	1.082800	0.031000	-0.018700	1.864000	-2.165600	0.646000
1627302040.961187	1.080300	0.024800	-0.029500	1.906700	-2.170500	0.618800
1627302040.976085	1.077600	0.002700	-0.024300	1.961700	-2.152400	0.584000
1627302040.977828	1.072400	-0.013200	-0.018400	2.014800	-2.097200	0.562900
1627302041.000049	1.072400	-0.025800	-0.036600	2.066100	-2.019000	0.542700
1627302041.000970	1.067400	-0.028900	-0.064000	2.131500	-1.916700	0.514000
1627302041.010816	1.068700	-0.037000	-0.076300	2.184700	-1.817100	0.485300
1627302041.018824	1.069000	-0.037200	-0.108300	2.228000	-1.700400	0.448100
1627302041.037125	1.067600	-0.035600	-0.152700	2.258600	-1.560800	0.382100
1627302041.040854	1.068400	-0.040000	-0.163800	2.270800	-1.442000	0.318200
1627302041.052218	1.062600	-0.046100	-0.165500	2.279600	-1.306700	0.252300
1627302041.055053	1.059800	-0.052700	-0.189200	2.279000	-1.128000	0.175600
1627302041.081178	1.064700	-0.053100	-0.214600	2.269900	-0.969800	0.105100
1627302041.081998	1.070700	-0.051800	-0.238400	2.243600	-0.826300	0.035400
1627302041.093386	1.075600	-0.055700	-0.259500	2.198100	-0.667700	-0.046400
1627302041.099153	1.076200	-0.062900	-0.270400	2.156900	-0.535200	-0.116400
1627302041.121362	1.077500	-0.064700	-0.274300	2.119900	-0.418800	-0.172900
1627302041.122215	1.080900	-0.067100	-0.284100	2.089100	-0.294800	-0.223900
1627302041.132207	1.087000	-0.069300	-0.296400	2.069500	-0.186700	-0.259300
1627302041.139344	1.092800	-0.065200	-0.312900	2.052400	-0.109100	-0.279500
1627302041.160611	1.100700	-0.054900	-0.321900	2.029200	-0.043100	-0.297800
1627302041.161512	1.107500	-0.048800	-0.321000	1.995300	0.009400	-0.314900
1627302041.172069	1.110200	-0.042800	-0.315200	1.959900	0.051200	-0.325000
1627302041.178166	1.115400	-0.038600	-0.301400	1.920500	0.098600	-0.329300
1627302041.201854	1.120100	-0.036900	-0.298000	1.875300	0.142600	-0.325600
1627302041.202745	1.128500	-0.031200	-0.297900	1.832800	0.173400	-0.318900
1627302041.215847	1.132600	-0.015300	-0.282300	1.794300	0.201500	-0.308800
1627302041.218123	1.130600	-0.008300	-0.267000	1.758000	0.239700	-0.293500
1627302041.242975	1.132900	-0.003900	-0.252100	1.733800	0.271800	-0.277300
1627302041.243890	1.137900	-0.000600	-0.248200	1.707900	0.313600	-0.262100
1627302041.249604	1.146200	0.006000	-0.250600	1.672100	0.353900	-0.248900
1627302041.259602	1.149000	0.014800	-0.248700	1.637000	0.379300	-0.244700
1627302041.265108	1.146600	0.013500	-0.237500	1.594600	0.410700	-0.243400
1627302041.287486	1.141100	0.010100	-0.221600	1.548100	0.453500	-0.239800
1627302041.289535	1.136500	0.006600	-0.211400	1.511500	0.493800	-0.234600
1627302041.294334	1.134000	0.002200	-0.199300	1.473900	0.538100	-0.226600
1627302041.315855	1.125600	-0.001500	-0.198600	1.426000	0.594600	-0.216900
1627302041.331636	1.123000	-0.005100	-0.194700	1.385300	0.636800	-0.204000
1627302041.337581	1.118800	0.000000	-0.185300	1.341400	0.681400	-0.193400
1627302041.360938	1.112200	0.003300	-0.171000	1.285500	0.740600	-0.178700
1627302041.362138	1.100500	0.008100	-0.157500	1.243900	0.789500	-0.162500
1627302041.370316	1.088900	0.011500	-0.145000	1.208800	0.842300	-0.144200
1627302041.371289	1.075200	0.007900	-0.135700	1.173100	0.907100	-0.116400
1627302041.380905	1.065900	0.012200	-0.130900	1.142800	0.957500	-0.092600
1627302041.381877	1.058700	0.014200	-0.130400	1.112000	0.999600	-0.069000
1627302041.408922	1.048200	0.016000	-0.131100	1.069500	1.039300	-0.037900
1627302041.409817	1.038600	0.030200	-0.117900	1.032000	1.068600	-0.013500
1627302041.426462	1.026200	0.033800	-0.106600	1.002300	1.092500	0.007000
1627302041.427380	1.017200	0.035800	-0.108300	0.966000	1.117500	0.025600
1627302041.451259	1.005700	0.031400	-0.117200	0.932400	1.124500	0.040900
1627302041.453208	0.992900	0.033900	-0.110000	0.903400	1.113500	0.055000
1627302041.460646	0.986800	0.031600	-0.098800	0.865500	1.104400	0.068400
1627302041.471188	0.984400	0.035400	-0.097000	0.827000	1.086400	0.079400
1627302041.471627	0.978500	0.037700	-0.093500	0.790100	1.057300	0.093100
1627302041.495650	0.969000	0.040400	-0.069100	0.746700	1.028600	0.112100
1627302041.511332	0.962000	0.041300	-0.062300	0.699900	1.010000	0.133800
1627302041.514992	0.955800	0.045200	-0.057300	0.651400	0.983700	0.154800
1627302041.515901	0.947400	0.052200	-0.045400	0.593700	0.950700	0.173800
1627302041.537457	0.944300	0.054700	-0.033300	0.531000	0.921400	0.184800
1627302041.539786	0.938700	0.058100	-0.031900	0.470900	0.886300	0.186000
1627302041.549252	0.926500	0.065600	-0.013700	0.406700	0.838000	0.179000
1627302041.563535	0.915600	0.065400	0.013700	0.337700	0.801700	0.164000
1627302041.569666	0.912000	0.064300	0.018700	0.284300	0.775400	0.153300
1627302041.579926	0.904800	0.060300	0.024800	0.232300	0.737600	0.144200
1627302041.600895	0.895900	0.054400	0.041600	0.180700	0.696900	0.142900
1627302041.601931	0.888200	0.050800	0.041600	0.138300	0.665800	0.147200
1627302041.617062	0.885900	0.056600	0.038200	0.084500	0.627600	0.148700
1627302041.621320	0.879600	0.065100	0.043000	0.021000	0.573500	0.144500
1627302041.646101	0.878400	0.072300	0.056500	-0.031900	0.530800	0.130700
1627302041.647126	0.880600	0.070600	0.058200	-0.097200	0.489900	0.106900
1627302041.660274	0.876800	0.066000	0.065800	-0.189800	0.419000	0.063500
1627302041.661274	0.868700	0.053800	0.092500	-0.267700	0.371300	0.027500
1627302041.667004	0.852900	0.052900	0.119100	-0.334900	0.333200	-0.005800
1627302041.688208	0.842800	0.057100	0.118300	-0.408200	0.295300	-0.050400
1627302041.695054	0.843400	0.059000	0.117400	-0.453400	0.260500	-0.083400
1627302041.695946	0.847800	0.053100	0.107500	-0.494600	0.222000	-0.120700
1627302041.717530	0.834400	0.045400	0.088300	-0.550500	0.148100	-0.158800
1627302041.719658	0.832800	0.041600	0.097400	-0.589000	0.087600	-0.186300
1627302041.729700	0.822500	0.036000	0.116000	-0.624400	0.047900	-0.200400
1627302041.738765	0.818200	0.029500	0.114000	-0.657700	-0.005600	-0.201300
1627302041.757743	0.826900	0.036400	0.129300	-0.671100	-0.049500	-0.175600
1627302041.758412	0.821800	0.028600	0.103100	-0.688500	-0.081000	-0.135000
1627302041.771063	0.859300	0.078700	0.091900	-0.703500	-0.141800	-0.087700
1627302041.776939	0.888700	0.086700	0.048300	-0.759700	-0.203500	-0.051300
1627302041.801798	0.913600	0.075700	0.032000	-0.790900	-0.308200	-0.006700
1627302041.802691	0.931800	0.078400	0.081900	-0.830600	-0.418500	0.052500
1627302041.812244	0.954200	0.083600	0.115700	-0.857800	-0.479300	0.095900
1627302041.820888	0.980700	0.085000	0.116900	-0.864200	-0.539500	0.134100
1627302041.823873	0.990600	0.106700	0.134400	-0.851600	-0.618600	0.163400
1627302041.847535	0.987400	0.119400	0.160300	-0.821700	-0.678700	0.177100
1627302041.848361	0.978000	0.106000	0.178800	-0.787500	-0.709000	0.179900
1627302041.863143	0.972700	0.092500	0.182000	-0.760900	-0.728500	0.174400
1627302041.875802	0.974200	0.075300	0.176000	-0.758200	-0.724200	0.162200
1627302041.888928	0.985700	0.061900	0.160900	-0.781400	-0.716000	0.146900
1627302041.889932	1.000500	0.057400	0.144700	-0.842800	-0.703800	0.123100
1627302041.895906	1.008300	0.053800	0.145300	-0.917300	-0.687000	0.092800
1627302041.915879	1.013300	0.044700	0.164200	-0.983600	-0.659200	0.064100
1627302041.931767	1.009000	0.036100	0.181500	-1.049300	-0.612500	0.033000
1627302041.935013	0.994800	0.022500	0.195400	-1.100300	-0.550500	0.002100
1627302041.935904	0.982200	-0.005600	0.196000	-1.137200	-0.491200	-0.013800
1627302041.958919	0.964200	-0.041300	0.179700	-1.173600	-0.424900	-0.012800
1627302041.959760	0.951900	-0.065100	0.146700	-1.214800	-0.360200	0.007300
1627302041.970852	0.951400	-0.071700	0.111900	-1.242600	-0.323200	0.037900
1627302041.976294	0.917500	0.066900	0.113900	-1.251200	-0.324700	0.082500
1627302042.001272	0.939600	-0.065800	0.202500	-1.034600	-0.252400	0.161600
1627302042.003203	0.878700	-0.165400	0.061600	-1.022400	-0.211700	0.233300
1627302042.010841	1.033300	-0.211300	-0.203600	-1.183000	-0.185800	0.257800
1627302042.020028	1.092000	-0.128700	-0.355200	-1.519300	-0.427700	0.168300
1627302042.037451	1.076200	-0.065600	-0.161100	-1.659200	-0.692800	0.103500
1627302042.038421	0.987500	-0.056200	0.118300	-1.620100	-0.717500	0.056200
1627302042.049563	0.901000	-0.077900	-0.009600	-1.520900	-0.643000	0.065300
1627302042.054036	0.948100	-0.078600	-0.082200	-1.408100	-0.752000	0.115700
1627302042.077537	0.984000	-0.045500	-0.100300	-1.358100	-0.804000	0.155100
1627302042.078357	0.941500	-0.029700	-0.231400	-1.371500	-0.894700	0.176800
1627302042.091819	0.930300	-0.042500	-0.268800	-1.429800	-1.043700	0.200000
1627302042.115965	0.932000	-0.059600	-0.237300	-1.489100	-1.125000	0.225100
1627302042.118980	0.927200	-0.079100	-0.288100	-1.587400	-1.185800	0.251700
1627302042.119881	0.954000	-0.093800	-0.285200	-1.664100	-1.282900	0.272400
1627302042.129740	0.979900	-0.105700	-0.223900	-1.723000	-1.316500	0.281000
1627302042.135530	0.987300	-0.116800	-0.214800	-1.788400	-1.299400	0.274000
1627302042.157875	0.995200	-0.127200	-0.203900	-1.837000	-1.288400	0.256600
1627302042.158832	0.989400	-0.148300	-0.181200	-1.888000	-1.232800	0.236400
1627302042.168477	0.962800	-0.180100	-0.184900	-1.956100	-1.136300	0.225400
1627302042.173264	0.950000	-0.201200	-0.187600	-2.011100	-1.034000	0.237000
1627302042.197978	0.951300	-0.210900	-0.196000	-2.054700	-0.924600	0.267900
1627302042.198881	0.956300	-0.201700	-0.242200	-2.097500	-0.816500	0.310300
1627302042.215025	0.991100	-0.187300	-0.363000	-2.163800	-0.744700	0.339000
1627302042.226496	0.887200	-0.173700	-0.262200	-2.147300	-0.692800	0.366800
1627302042.227403	0.970500	-0.140900	-0.274200	-2.185800	-0.647000	0.391900
1627302042.242309	1.029700	-0.067000	-0.167800	-2.089000	-0.482600	0.422700
1627302042.243197	0.996600	-0.182700	-0.233500	-1.965300	-0.364400	0.457500
1627302042.269028	1.023400	-0.128200	-0.223600	-1.843700	-0.414200	0.466400
1627302042.269920	1.088700	-0.086300	-0.221700	-1.693700	-0.349200	0.449000
1627302042.277165	1.000900	-0.115200	-0.335800	-1.666200	-0.258500	0.373200
1627302042.284445	0.993400	-0.187500	-0.453000	-1.674200	-0.357100	0.347300
1627302042.307939	1.005000	-0.194800	-0.338600	-1.685500	-0.409300	0.347000
1627302042.308825	0.989900	-0.197600	-0.375600	-1.717600	-0.369300	0.361600
1627302042.318417	0.995100	-0.182400	-0.418300	-1.735000	-0.424300	0.379300
1627302042.325738	0.999800	-0.173200	-0.363600	-1.736200	-0.470100	0.397700
1627302042.346705	0.986100	-0.183000	-0.361300	-1.731600	-0.458800	0.419700
1627302042.357728	0.982400	-0.182700	-0.387100	-1.734700	-0.472000	0.442300
1627302042.358647	0.988600	-0.173100	-0.368900	-1.732200	-0.490000	0.460900
1627302042.363258	0.984900	-0.168700	-0.368900	-1.730400	-0.479600	0.467600
1627302042.385744	0.985800	-0.159900	-0.390600	-1.737700	-0.476500	0.465500
1627302042.392521	0.985800	-0.154500	-0.399000	-1.758200	-0.479300	0.448700
1627302042.393412	0.979900	-0.154400	-0.410400	-1.789300	-0.473800	0.433400
1627302042.415173	0.970100	-0.154400	-0.413900	-1.818600	-0.468600	0.423600
1627302042.417198	0.970500	-0.157600	-0.398100	-1.842800	-0.449400	0.421500
1627302042.425872	0.971700	-0.162200	-0.395900	-1.849200	-0.421900	0.429700
1627302042.435257	0.970000	-0.162700	-0.406500	-1.847100	-0.396500	0.440700
1627302042.458919	0.968000	-0.159900	-0.419900	-1.836400	-0.374500	0.458700
1627302042.459852	0.966200	-0.155200	-0.426500	-1.822000	-0.352500	0.474600
1627302042.467020	0.968000	-0.147200	-0.433800	-1.809200	-0.331200	0.489000
1627302042.476219	0.974000	-0.133500	-0.437300	-1.789600	-0.308900	0.501500
1627302042.496957	0.977700	-0.123700	-0.445300	-1.768600	-0.282300	0.510700
1627302042.498388	0.984900	-0.114000	-0.461100	-1.749600	-0.260900	0.515300
1627302042.505731	0.988300	-0.112400	-0.473100	-1.729800	-0.241700	0.521400
1627302042.516560	0.985100	-0.125200	-0.473400	-1.708400	-0.222100	0.534200
1627302042.538949	0.971800	-0.137800	-0.470800	-1.690100	-0.200100	0.552200
1627302042.539613	0.959400	-0.141700	-0.474500	-1.676000	-0.162600	0.579700
1627302042.545781	0.954000	-0.146900	-0.481300	-1.662000	-0.123200	0.608700
1627302042.554167	0.957600	-0.142900	-0.484700	-1.657100	-0.090800	0.632500
1627302042.573151	0.960900	-0.135600	-0.486700	-1.655500	-0.054100	0.651200
1627302042.581064	0.960700	-0.127300	-0.487500	-1.663200	-0.018400	0.660900
1627302042.582036	0.961100	-0.120100	-0.490000	-1.676300	0.013100	0.662500
1627302042.606511	0.959000	-0.122900	-0.495400	-1.684300	0.041500	0.663400
1627302042.607401	0.948200	-0.128900	-0.501300	-1.689800	0.068400	0.669200
1627302042.609595	0.939800	-0.128800	-0.512700	-1.696800	0.088800	0.676200
1627302042.635542	0.939800	-0.123000	-0.519300	-1.699800	0.102000	0.679000
1627302042.636433	0.952800	-0.110000	-0.522000	-1.698300	0.112900	0.673200
1627302042.647379	0.967200	-0.093900	-0.527600	-1.695900	0.120300	0.655800
1627302042.651912	0.984700	-0.084800	-0.536000	-1.688200	0.116300	0.626700
1627302042.674620	0.991100	-0.079600	-0.541400	-1.682400	0.111100	0.586100
1627302042.686519	0.993900	-0.075300	-0.539400	-1.679400	0.113600	0.549500
1627302042.687420	0.992400	-0.094400	-0.545200	-1.675700	0.122100	0.514300
1627302042.694403	0.981300	-0.128500	-0.542000	-1.677500	0.133100	0.483500
1627302042.713186	0.967200	-0.145400	-0.528900	-1.679400	0.161800	0.472200
1627302042.728702	0.960600	-0.150300	-0.521200	-1.669000	0.208200	0.468500
1627302042.732521	0.970800	-0.154900	-0.519200	-1.660100	0.280600	0.464900
1627302042.733421	0.975000	-0.161600	-0.521200	-1.657100	0.342900	0.457500
1627302042.757625	0.980100	-0.172200	-0.514300	-1.660100	0.410400	0.453900
1627302042.759830	0.987900	-0.164200	-0.503300	-1.664100	0.525900	0.449300
1627302042.768333	0.994300	-0.165500	-0.510000	-1.673300	0.629100	0.439800
1627302042.777682	0.982200	-0.186800	-0.488600	-1.684000	0.728700	0.429100
1627302042.799632	0.960000	-0.198200	-0.429600	-1.697100	0.883200	0.427000
1627302042.800661	0.943000	-0.203500	-0.405400	-1.693100	1.053700	0.436100
1627302042.816537	0.943000	-0.203500	-0.405400	-1.693100	1.053700	0.436100
1627302042.817427	0.953900	-0.194300	-0.400100	-1.661000	1.381100	0.472500
1627302042.820699	0.953900	-0.194300	-0.400100	-1.661000	1.381100	0.472500
1627302042.845070	0.960200	-0.190300	-0.392200	-1.643900	1.509700	0.485000
1627302042.855239	0.970200	-0.184600	-0.373200	-1.622900	1.616300	0.494800
1627302042.856151	0.975100	-0.177500	-0.368400	-1.610600	1.725600	0.492600
1627302042.862060	0.970300	-0.183700	-0.378200	-1.610000	1.802900	0.490800
1627302042.885088	0.964500	-0.168600	-0.369400	-1.620400	1.853300	0.486500
1627302042.885922	0.947000	-0.153800	-0.372400	-1.645500	1.893300	0.476500
1627302042.895885	0.948200	-0.125500	-0.374600	-1.680600	1.911300	0.457800
1627302042.918632	0.954300	-0.094200	-0.393100	-1.722400	1.909200	0.427600
1627302042.919443	0.965100	-0.077000	-0.404900	-1.786300	1.872500	0.372300
1627302042.925622	0.985400	-0.072100	-0.388400	-1.854100	1.814200	0.299900
1627302042.935848	0.997600	-0.080100	-0.365500	-1.909700	1.759200	0.220800
1627302042.951492	1.003300	-0.081200	-0.329500	-1.937200	1.697200	0.137700
1627302042.955001	0.997800	-0.100000	-0.276000	-1.918200	1.639500	0.052200
1627302042.976454	0.991300	-0.123500	-0.228100	-1.868100	1.609300	-0.003100
1627302042.977270	0.981300	-0.145600	-0.183800	-1.795700	1.591900	-0.045200
1627302042.988497	0.970000	-0.160500	-0.143600	-1.702900	1.590900	-0.072700
1627302042.994129	0.967000	-0.161400	-0.121000	-1.614000	1.592500	-0.081000
1627302043.015245	0.972300	-0.157600	-0.100000	-1.519900	1.591900	-0.084900
1627302043.016344	0.981000	-0.160200	-0.082200	-1.416400	1.585100	-0.086100
1627302043.025889	0.984300	-0.173100	-0.064100	-1.338800	1.566800	-0.081300
1627302043.037685	0.986700	-0.180100	-0.049900	-1.275900	1.545100	-0.071500
1627302043.061128	0.983800	-0.178700	-0.027800	-1.204400	1.510900	-0.060200
1627302043.062175	0.975500	-0.172100	-0.007900	-1.157400	1.481300	-0.055600
1627302043.075315	0.969800	-0.163600	0.016500	-1.111000	1.451700	-0.057100
1627302043.076211	0.962400	-0.152000	0.041700	-1.050500	1.420200	-0.066300
1627302043.079471	0.960600	-0.134200	0.054800	-0.996100	1.394800	-0.079400
1627302043.104748	0.963600	-0.137100	0.073400	-0.937200	1.367700	-0.096200
1627302043.107065	0.964800	-0.147500	0.087000	-0.874600	1.333200	-0.112100
1627302043.122172	0.964500	-0.143900	0.087600	-0.825400	1.295000	-0.119400
1627302043.126264	0.961800	-0.140700	0.090000	-0.777100	1.251600	-0.127100
1627302043.143867	0.957200	-0.134800	0.092800	-0.724600	1.195400	-0.135000
1627302043.147287	0.957300	-0.128700	0.094400	-0.669600	1.133700	-0.140200
1627302043.157111	0.955900	-0.126800	0.102800	-0.618600	1.071100	-0.148100
1627302043.164000	0.956800	-0.127100	0.113200	-0.553200	0.996600	-0.155500
1627302043.187562	0.952900	-0.125000	0.112700	-0.493700	0.926900	-0.162800
1627302043.188372	0.952500	-0.132400	0.112900	-0.443900	0.859100	-0.167400
1627302043.194241	0.942000	-0.138800	0.121800	-0.397500	0.788000	-0.166800
1627302043.215898	0.931200	-0.140500	0.135700	-0.352900	0.730200	-0.162200
1627302043.226559	0.924600	-0.138900	0.162100	-0.308900	0.687800	-0.158500
1627302043.227454	0.919800	-0.135600	0.186600	-0.253600	0.668200	-0.155200
1627302043.234535	0.914400	-0.131000	0.189500	-0.193700	0.658100	-0.147200
1627302043.252228	0.920500	-0.128700	0.199600	-0.131100	0.646500	-0.135600
1627302043.254896	0.925300	-0.133500	0.218500	-0.060900	0.646500	-0.115800
1627302043.264148	0.925500	-0.135600	0.218800	0.007500	0.650200	-0.093500
1627302043.274778	0.923100	-0.129000	0.223500	0.065900	0.645000	-0.072400
1627302043.290049	0.923500	-0.130400	0.239400	0.117800	0.650200	-0.053500
1627302043.292588	0.930300	-0.129600	0.255200	0.168800	0.662700	-0.034800
1627302043.315958	0.938600	-0.121800	0.257700	0.202100	0.672200	-0.026300
1627302043.316849	0.942700	-0.114300	0.256600	0.230500	0.672500	-0.024100
1627302043.326880	0.950200	-0.114000	0.263800	0.267800	0.672200	-0.017400
1627302043.335185	0.950400	-0.104700	0.261500	0.299800	0.669400	-0.009200
1627302043.353942	0.960600	-0.107300	0.275100	0.330100	0.655100	-0.006700
1627302043.354904	0.966100	-0.107300	0.282800	0.354800	0.650500	-0.000000
1627302043.365994	0.969600	-0.096600	0.273100	0.387500	0.636500	0.004300
1627302043.381146	0.969000	-0.097000	0.283800	0.412800	0.614800	0.001500
1627302043.395102	0.966300	-0.108800	0.299100	0.442800	0.600100	0.007300
1627302043.396030	0.957300	-0.112100	0.305200	0.474500	0.591600	0.020500
1627302043.401821	0.951700	-0.112100	0.314500	0.507500	0.584500	0.040000
1627302043.415860	0.944900	-0.114700	0.321500	0.550300	0.580600	0.071800
1627302043.427079	0.937500	-0.113000	0.317000	0.583600	0.573500	0.101700
1627302043.430264	0.926400	-0.107900	0.320800	0.614700	0.562500	0.131600
1627302043.455623	0.916400	-0.103400	0.330400	0.655000	0.553400	0.167400
1627302043.456613	0.908700	-0.096300	0.337200	0.689000	0.546700	0.194200
1627302043.464921	0.901900	-0.093800	0.335300	0.723800	0.536300	0.215600
1627302043.471833	0.893900	-0.087800	0.334100	0.763800	0.517300	0.239800
1627302043.496644	0.888200	-0.084000	0.323400	0.793400	0.497500	0.258100
1627302043.497526	0.882100	-0.079500	0.309700	0.820300	0.466300	0.273300
1627302043.504967	0.876300	-0.075600	0.312900	0.853000	0.422700	0.288600
1627302043.513429	0.871100	-0.068400	0.318200	0.883800	0.389400	0.298100
1627302043.520162	0.866300	-0.058800	0.328700	0.915900	0.354200	0.300200
1627302043.543974	0.866900	-0.041400	0.336700	0.954100	0.319400	0.299300
1627302043.544788	0.871800	-0.031500	0.335400	0.995900	0.287300	0.292900
1627302043.554956	0.875600	-0.032700	0.332500	1.039900	0.250400	0.287700
1627302043.561302	0.877600	-0.021600	0.329800	1.091800	0.205200	0.282200
1627302043.585112	0.876700	-0.022000	0.332800	1.148900	0.156000	0.275800
1627302043.587146	0.871600	-0.033200	0.334200	1.191400	0.119400	0.272700
1627302043.597156	0.872300	-0.020600	0.327100	1.236000	0.078400	0.274300
1627302043.610914	0.883200	-0.026400	0.314100	1.283900	0.034500	0.272100
1627302043.613352	0.884000	-0.041300	0.330800	1.319400	-0.007700	0.276400
1627302043.626645	0.877800	-0.028100	0.334600	1.353600	-0.039800	0.285900
1627302043.646015	0.873400	-0.017800	0.329800	1.396000	-0.064800	0.297800
1627302043.647197	0.880500	-0.017600	0.339600	1.431500	-0.093200	0.312100
1627302043.662837	0.888200	-0.014400	0.345100	1.465100	-0.117700	0.327100
1627302043.669946	0.887300	-0.009500	0.337500	1.502000	-0.140300	0.346700
1627302043.671020	0.888900	-0.012600	0.323900	1.533500	-0.167400	0.363800
1627302043.691030	0.891500	-0.015000	0.319100	1.553600	-0.201600	0.382100
1627302043.693371	0.888200	-0.019300	0.316300	1.570700	-0.239800	0.406800
1627302043.708550	0.882900	-0.015500	0.303100	1.579300	-0.273400	0.432800
1627302043.713855	0.883800	-0.012000	0.292700	1.581100	-0.311000	0.461800
1627302043.735202	0.888800	-0.004600	0.281900	1.575300	-0.358900	0.493900
1627302043.736027	0.894400	0.006000	0.265900	1.569800	-0.403800	0.522000
1627302043.746086	0.903900	0.017200	0.252400	1.563100	-0.453600	0.544900
1627302043.756250	0.911600	0.028200	0.236500	1.546000	-0.514100	0.565600
1627302043.776246	0.917200	0.036500	0.224700	1.531000	-0.563300	0.578800
1627302043.777363	0.916300	0.038500	0.215900	1.514500	-0.611500	0.593400
1627302043.784708	0.910200	0.030900	0.207500	1.499900	-0.657400	0.624900
1627302043.795419	0.901700	0.025300	0.202400	1.491300	-0.679700	0.665500
1627302043.817370	0.901000	0.026600	0.199700	1.486400	-0.691300	0.713500
1627302043.818366	0.910200	0.028900	0.200900	1.484600	-0.688200	0.775800
1627302043.833677	0.924200	0.043200	0.203100	1.488900	-0.674200	0.826800
1627302043.837836	0.943400	0.051900	0.200800	1.499000	-0.652800	0.860700
1627302043.838733	0.964600	0.057600	0.195100	1.517600	-0.628900	0.883900
1627302043.864105	0.982900	0.063700	0.186500	1.537800	-0.614600	0.888500
1627302043.864919	0.995400	0.064100	0.177900	1.554900	-0.603900	0.878400
1627302043.875977	1.003900	0.048800	0.165900	1.564300	-0.606000	0.854900
1627302043.886669	1.005200	0.031700	0.158700	1.563100	-0.617300	0.831700
1627302043.906279	1.003100	0.024500	0.150000	1.561600	-0.630200	0.811200
1627302043.907097	1.007600	0.011600	0.144700	1.562800	-0.649400	0.785600
1627302043.927840	1.009800	-0.007000	0.146000	1.562800	-0.675100	0.757500
1627302043.940203	1.016200	-0.012500	0.145100	1.565200	-0.702900	0.734200
1627302043.941021	1.019800	-0.014200	0.140900	1.577500	-0.737400	0.698200
1627302043.943517	1.020300	-0.017800	0.139000	1.601000	-0.780100	0.659700
1627302043.958362	1.017300	-0.021000	0.142000	1.629100	-0.821400	0.621800
1627302043.960068	1.011600	-0.026100	0.135900	1.662100	-0.862000	0.579700
1627302043.982523	1.008100	-0.031200	0.117200	1.696300	-0.908100	0.540300
1627302043.983338	0.998700	-0.046100	0.107500	1.727700	-0.956700	0.506400
1627302043.989288	0.984300	-0.055300	0.108900	1.763500	-1.003700	0.474000
1627302044.010857	0.965600	-0.073000	0.109300	1.818400	-1.043100	0.441900
1627302044.021476	0.946800	-0.081300	0.111700	1.875900	-1.070900	0.417800
1627302044.022373	0.924600	-0.093000	0.121200	1.944600	-1.089200	0.388800
1627302044.031957	0.897800	-0.121300	0.127900	2.031900	-1.097800	0.368000
1627302044.049697	0.876600	-0.153900	0.131300	2.109800	-1.092300	0.369900
1627302044.061654	0.862400	-0.161400	0.107400	2.193200	-1.075500	0.394300
1627302044.062547	0.865400	-0.156100	0.041000	2.275700	-1.069100	0.438900
1627302044.070922	0.889800	-0.142500	-0.014600	2.333100	-1.090200	0.486800
1627302044.091987	0.934200	-0.116700	-0.088000	2.364300	-1.130800	0.527200
1627302044.102933	0.987500	-0.080900	-0.165600	2.381400	-1.227000	0.553400
1627302044.111557	1.026600	-0.057500	-0.208400	2.380700	-1.334500	0.546100
1627302044.112486	1.054600	-0.044800	-0.221100	2.374300	-1.450300	0.520100
1627302044.114481	1.077300	-0.017200	-0.224500	2.364600	-1.578800	0.465200
1627302044.142854	1.084700	-0.005600	-0.222500	2.361200	-1.669300	0.405600
1627302044.143751	1.088000	-0.002300	-0.204500	2.356900	-1.737700	0.340500
1627302044.153522	1.088500	-0.005700	-0.190800	2.331300	-1.768200	0.250400
1627302044.159406	1.088300	-0.012600	-0.192100	2.287300	-1.765800	0.169800
1627302044.181588	1.096400	-0.019400	-0.196400	2.231400	-1.745900	0.086700
1627302044.182476	1.111100	-0.022200	-0.206400	2.156600	-1.695800	-0.009200
1627302044.189549	1.129000	-0.024800	-0.225000	2.093300	-1.643600	-0.093800
1627302044.209951	1.142500	-0.034100	-0.237400	2.048700	-1.598400	-0.161600
1627302044.212188	1.150900	-0.045000	-0.238600	2.009300	-1.540400	-0.227600
1627302044.226951	1.160800	-0.045800	-0.238900	1.979400	-1.476800	-0.274300
1627302044.230618	1.168000	-0.037800	-0.252400	1.942800	-1.405700	-0.310300
1627302044.255609	1.180500	-0.040300	-0.262300	1.894500	-1.325300	-0.343600
1627302044.256605	1.184900	-0.055700	-0.249300	1.828800	-1.235500	-0.365600
1627302044.268345	1.185100	-0.071700	-0.229700	1.766500	-1.133200	-0.367400
1627302044.283294	1.183100	-0.086500	-0.216700	1.706700	-1.000700	-0.342700
1627302044.284904	1.182500	-0.095500	-0.218000	1.665400	-0.862600	-0.292900
1627302044.297669	1.182000	-0.096200	-0.229000	1.647400	-0.743500	-0.232100
1627302044.308179	1.167400	-0.091300	-0.240600	1.640100	-0.617300	-0.160100
1627302044.322531	1.146500	-0.074800	-0.251700	1.635200	-0.496400	-0.098400
1627302044.323701	1.130900	-0.065700	-0.263300	1.629100	-0.388600	-0.062600
1627302044.345122	1.117600	-0.048300	-0.273600	1.618400	-0.283800	-0.041200
1627302044.354364	1.113800	-0.033700	-0.287600	1.593600	-0.181200	-0.048000
1627302044.355261	1.114600	-0.023600	-0.294100	1.565200	-0.110000	-0.077600
1627302044.365074	1.113800	-0.020900	-0.308600	1.523400	-0.055700	-0.129200
1627302044.365959	1.101900	-0.017500	-0.297000	1.479400	-0.017800	-0.199500
1627302044.391170	1.090300	-0.019800	-0.268300	1.451900	0.014600	-0.260200
1627302044.392004	1.082400	-0.024000	-0.245400	1.437600	0.052200	-0.318900
1627302044.398227	1.084400	-0.028900	-0.238400	1.437000	0.088200	-0.364700
1627302044.421561	1.089400	-0.027500	-0.238300	1.445200	0.109600	-0.390400
1627302044.422454	1.092400	-0.034300	-0.240500	1.455000	0.120900	-0.404400
1627302044.440090	1.094200	-0.049400	-0.244000	1.450700	0.122400	-0.410800
1627302044.464090	1.093400	-0.059200	-0.244800	1.438500	0.119100	-0.400700
1627302044.465084	1.091300	-0.067700	-0.242900	1.428700	0.113300	-0.380300
1627302044.465936	1.091800	-0.076000	-0.231700	1.425000	0.106800	-0.339300
1627302044.481157	1.093800	-0.077800	-0.231200	1.429300	0.102900	-0.299900
1627302044.482719	1.088600	-0.079600	-0.230500	1.433600	0.099200	-0.258100
1627302044.504832	1.077300	-0.088300	-0.227800	1.441500	0.102300	-0.198200
1627302044.505845	1.069500	-0.087400	-0.227200	1.437300	0.111700	-0.150900
1627302044.521154	1.060900	-0.085700	-0.218000	1.426600	0.134600	-0.107800
1627302044.525087	1.055700	-0.085100	-0.228400	1.384100	0.178900	-0.068700
1627302044.525994	1.055300	-0.082500	-0.235700	1.327600	0.214400	-0.045800
1627302044.550163	1.057900	-0.072300	-0.235100	1.267700	0.256800	-0.034800
1627302044.552382	1.039300	-0.067500	-0.240200	1.196300	0.311800	-0.030900
1627302044.563527	1.019900	-0.065800	-0.235100	1.138500	0.357600	-0.029900
1627302044.572675	1.012200	-0.074500	-0.222500	1.084800	0.408300	-0.021400
1627302044.593736	1.002200	-0.076300	-0.228800	1.028000	0.460800	-0.001500
1627302044.594943	0.997800	-0.069700	-0.228000	0.977000	0.498400	0.022600
1627302044.602217	0.991300	-0.061400	-0.214400	0.936700	0.528300	0.043400
1627302044.612702	0.982100	-0.054700	-0.209800	0.886900	0.561000	0.067800
1627302044.631782	0.971100	-0.049100	-0.200800	0.836200	0.580000	0.093800
1627302044.632681	0.970600	-0.045400	-0.178000	0.790100	0.603200	0.120000
1627302044.640803	0.971100	-0.040300	-0.169300	0.737500	0.627900	0.152700
1627302044.661957	0.970100	-0.027600	-0.170000	0.679500	0.633700	0.183200
1627302044.674169	0.965800	-0.024000	-0.155000	0.624200	0.628800	0.206200
1627302044.675049	0.962200	-0.019900	-0.139800	0.561600	0.625500	0.224800
1627302044.680716	0.960400	-0.012500	-0.127100	0.498700	0.619000	0.238500
1627302044.707211	0.962900	-0.004600	-0.124000	0.441900	0.610200	0.239800
1627302044.708168	0.965800	-0.001200	-0.115800	0.389900	0.594600	0.238200
1627302044.720399	0.966400	-0.000200	-0.104000	0.324300	0.576300	0.230300
1627302044.721304	0.964000	0.000600	-0.094600	0.265900	0.563500	0.221400
1627302044.722235	0.958300	0.004400	-0.080400	0.199300	0.550000	0.207400
1627302044.745910	0.948000	0.004400	-0.065900	0.129700	0.546400	0.189000
1627302044.760335	0.938500	0.002700	-0.059400	0.078100	0.546700	0.170100
1627302044.761218	0.929800	-0.001100	-0.069000	0.026200	0.548500	0.148700
1627302044.762028	0.921000	-0.006700	-0.078000	-0.044400	0.537500	0.122800
1627302044.790203	0.919100	-0.007100	-0.079800	-0.095400	0.528600	0.102900
1627302044.791188	0.919100	-0.009200	-0.085400	-0.147000	0.518000	0.080900
1627302044.816265	0.919600	-0.013900	-0.079300	-0.205000	0.493800	0.047900
1627302044.817163	0.917600	-0.015400	-0.071800	-0.244400	0.480100	0.021100
1627302044.840902	0.910600	-0.017500	-0.068600	-0.280800	0.471200	-0.007600
1627302044.842177	0.902700	-0.021900	-0.056600	-0.322000	0.462100	-0.038800
1627302044.851620	0.897500	-0.028700	-0.043200	-0.355300	0.460200	-0.063800
1627302044.852510	0.892900	-0.036100	-0.028200	-0.385900	0.463300	-0.084000
1627302044.854462	0.886400	-0.046100	-0.017900	-0.422200	0.469400	-0.098100
1627302044.880612	0.888400	-0.051500	-0.017000	-0.453100	0.474300	-0.105400
1627302044.881498	0.891000	-0.059100	-0.020000	-0.485700	0.467200	-0.107200
1627302044.887101	0.893700	-0.065300	-0.012900	-0.528200	0.448900	-0.107200
1627302044.908720	0.896200	-0.065300	0.000700	-0.563300	0.427800	-0.108400
1627302044.910931	0.893900	-0.063700	0.011600	-0.590200	0.407400	-0.112100
1627302044.925920	0.892900	-0.068200	0.022900	-0.609700	0.381700	-0.113900
1627302044.930198	0.892000	-0.078000	0.031400	-0.618900	0.356400	-0.109400
1627302044.951416	0.893700	-0.084600	0.033800	-0.619200	0.331600	-0.097100
1627302044.952347	0.897100	-0.088700	0.031700	-0.618000	0.293200	-0.077000
1627302044.960645	0.902000	-0.084500	0.027800	-0.610700	0.247600	-0.054700
1627302044.986605	0.910000	-0.080000	0.026600	-0.602400	0.198500	-0.036100
1627302044.987497	0.915200	-0.077900	0.019300	-0.591400	0.132200	-0.016500
1627302044.991042	0.920700	-0.071800	0.015000	-0.579800	0.057100	-0.000300
1627302044.995736	0.922400	-0.069100	0.017600	-0.564500	-0.013200	0.014000
1627302045.020364	0.921300	-0.070300	0.017200	-0.549300	-0.090500	0.029900
1627302045.021354	0.927100	-0.068200	0.011600	-0.542600	-0.175100	0.041800
1627302045.031309	0.933500	-0.071800	0.009800	-0.550200	-0.245600	0.053100
1627302045.040694	0.936200	-0.072300	-0.011000	-0.571600	-0.325300	0.062600
1627302045.050974	0.936300	-0.066500	-0.014600	-0.601500	-0.415800	0.072700
1627302045.066529	0.933600	-0.062900	-0.014500	-0.637800	-0.475900	0.077600
1627302045.070116	0.935200	-0.059200	-0.023200	-0.679400	-0.534900	0.080600
1627302045.092490	0.942000	-0.052900	-0.037700	-0.740200	-0.591700	0.079400
1627302045.093314	0.939900	-0.048000	-0.053000	-0.803100	-0.640900	0.073900
1627302045.104897	0.937500	-0.043900	-0.069500	-0.872400	-0.687600	0.067800
1627302045.111539	0.939000	-0.049200	-0.066200	-0.963400	-0.731600	0.059900
1627302045.131346	0.938500	-0.057600	-0.064100	-1.039200	-0.746500	0.051600
1627302045.132548	0.945600	-0.049900	-0.080000	-1.123200	-0.759400	0.035100
1627302045.142165	0.944000	-0.050800	-0.086900	-1.219100	-0.766100	0.008800
1627302045.151391	0.939200	-0.051000	-0.091900	-1.283500	-0.758100	-0.013100
1627302045.173706	0.937700	-0.048800	-0.101700	-1.329000	-0.746200	-0.033300
1627302045.174712	0.937100	-0.051900	-0.113300	-1.362900	-0.721500	-0.052200
1627302045.182089	0.935500	-0.058600	-0.132300	-1.376700	-0.707100	-0.063200
1627302045.191935	0.932500	-0.064800	-0.150300	-1.384600	-0.696800	-0.066000
1627302045.214969	0.930200	-0.076000	-0.164800	-1.384000	-0.686100	-0.059600
1627302045.217241	0.927600	-0.077000	-0.178300	-1.388300	-0.676000	-0.052500
1627302045.220852	0.929200	-0.071200	-0.185500	-1.391300	-0.673800	-0.046700
1627302045.235939	0.929900	-0.067000	-0.187500	-1.395900	-0.664700	-0.039700
1627302045.260682	0.929000	-0.060400	-0.192900	-1.406000	-0.653100	-0.039100
1627302045.261581	0.929200	-0.057600	-0.210700	-1.422800	-0.648500	-0.039100
1627302045.262274	0.926600	-0.060500	-0.228500	-1.448500	-0.653400	-0.036100
1627302045.281340	0.926300	-0.063500	-0.233500	-1.473200	-0.662900	-0.026000
1627302045.282228	0.927200	-0.069900	-0.237800	-1.498600	-0.670500	-0.012800
1627302045.305432	0.930400	-0.075400	-0.259300	-1.529700	-0.690600	0.012800
1627302045.306247	0.930800	-0.081800	-0.274900	-1.560900	-0.722700	0.045800
1627302045.313381	0.938500	-0.083600	-0.293000	-1.587700	-0.755400	0.084000
1627302045.327632	0.949200	-0.084500	-0.330900	-1.622900	-0.803000	0.129800
1627302045.340176	0.961500	-0.091700	-0.364500	-1.658600	-0.874800	0.180200
1627302045.340993	0.972500	-0.104400	-0.370500	-1.687300	-0.943200	0.230300
1627302045.352215	0.982700	-0.111000	-0.375400	-1.718200	-1.010400	0.292900
1627302045.362726	0.990000	-0.123300	-0.386200	-1.749000	-1.075500	0.355500
1627302045.382546	0.995600	-0.133400	-0.384500	-1.775000	-1.128900	0.413800
1627302045.383613	0.996500	-0.143100	-0.385100	-1.804900	-1.163800	0.480700
1627302045.389356	0.996800	-0.163200	-0.407500	-1.841600	-1.191600	0.556500
1627302045.410843	1.001200	-0.175700	-0.420500	-1.869400	-1.216300	0.627000
1627302045.421682	1.001200	-0.186300	-0.437300	-1.889800	-1.225800	0.704300
1627302045.422565	1.000500	-0.196700	-0.466100	-1.900500	-1.233400	0.789800
1627302045.431255	1.002900	-0.202900	-0.487100	-1.912400	-1.236500	0.852800
1627302045.432140	1.004400	-0.206800	-0.495800	-1.915800	-1.234600	0.915700
1627302045.459013	1.007200	-0.199800	-0.492300	-1.916400	-1.209900	0.976100
1627302045.459925	1.010300	-0.182300	-0.494900	-1.905400	-1.165600	1.014900
1627302045.469759	1.011000	-0.165400	-0.514400	-1.891300	-1.113100	1.036900
1627302045.476939	1.006200	-0.153000	-0.535200	-1.873600	-1.033000	1.040600
1627302045.500598	0.998900	-0.145300	-0.549200	-1.863900	-0.956700	1.029900
1627302045.501490	0.995800	-0.138800	-0.556900	-1.848300	-0.866900	1.014600
1627302045.511037	0.995000	-0.134300	-0.566200	-1.801900	-0.745000	0.997500
1627302045.523117	0.995200	-0.129800	-0.566200	-1.748100	-0.636300	0.989000
1627302045.539037	0.995200	-0.128100	-0.569300	-1.676300	-0.516200	0.978300
1627302045.539923	0.998000	-0.126000	-0.578200	-1.594800	-0.369300	0.950200
1627302045.551021	0.995600	-0.126700	-0.580600	-1.539200	-0.235900	0.912600
1627302045.558125	0.988400	-0.129600	-0.576700	-1.504100	-0.103600	0.866500
1627302045.580338	0.979400	-0.143600	-0.578500	-1.473200	0.058300	0.814000
1627302045.581227	0.972900	-0.149900	-0.585600	-1.452400	0.197200	0.768100
1627302045.592104	0.968500	-0.158200	-0.594100	-1.437800	0.316400	0.732700
1627302045.606060	0.966700	-0.165300	-0.602200	-1.427400	0.438200	0.692700
1627302045.616320	0.965600	-0.168600	-0.604100	-1.423100	0.529900	0.664300
1627302045.617226	0.967000	-0.168900	-0.610000	-1.425300	0.602600	0.639600
1627302045.635968	0.969700	-0.163700	-0.611600	-1.438700	0.661200	0.611200
1627302045.650408	0.967300	-0.160600	-0.608500	-1.455500	0.702100	0.576600
1627302045.651293	0.963900	-0.160000	-0.587300	-1.466200	0.733600	0.548200
1627302045.658143	0.957000	-0.159200	-0.572600	-1.473500	0.767500	0.518000
1627302045.680772	0.948400	-0.165600	-0.566400	-1.476000	0.791600	0.496600
1627302045.687776	0.942400	-0.171600	-0.553800	-1.480200	0.809600	0.487200
1627302045.688672	0.937500	-0.168100	-0.549300	-1.498300	0.830700	0.480400
1627302045.710016	0.939200	-0.158600	-0.547100	-1.522700	0.844200	0.474900
1627302045.710829	0.942100	-0.153000	-0.543600	-1.548000	0.849300	0.466400
1627302045.721021	0.948700	-0.145400	-0.530000	-1.572200	0.850300	0.453600
1627302045.730329	0.949000	-0.138700	-0.515700	-1.589600	0.856400	0.438000
1627302045.755379	0.944200	-0.140100	-0.504000	-1.595400	0.861900	0.426400
1627302045.756314	0.937600	-0.148800	-0.489700	-1.593900	0.873500	0.421800
1627302045.759687	0.930800	-0.157100	-0.472300	-1.584400	0.891800	0.427600
1627302045.769735	0.926000	-0.163300	-0.466200	-1.575800	0.911700	0.438900
1627302045.771409	0.928200	-0.161900	-0.471300	-1.569700	0.930000	0.451700
1627302045.794822	0.932600	-0.160000	-0.478000	-1.564200	0.937600	0.463600
1627302045.798375	0.940600	-0.158700	-0.471900	-1.559600	0.939400	0.473700
1627302045.814135	0.944500	-0.152700	-0.464000	-1.553500	0.939800	0.482300
1627302045.816363	0.947400	-0.153100	-0.458000	-1.550200	0.940400	0.484400
1627302045.839358	0.945900	-0.153900	-0.443400	-1.546200	0.938200	0.486200
1627302045.840246	0.943500	-0.156100	-0.428800	-1.541300	0.945300	0.485600
1627302045.848359	0.943100	-0.158200	-0.419300	-1.534000	0.955900	0.485300
1627302045.859660	0.945700	-0.167600	-0.406900	-1.514400	0.959600	0.487500
1627302045.862635	0.946000	-0.178800	-0.390600	-1.489100	0.969400	0.492600
1627302045.884870	0.946900	-0.181400	-0.393600	-1.455800	0.982500	0.503300
1627302045.888589	0.953500	-0.182700	-0.399400	-1.423400	0.982200	0.512200
1627302045.910004	0.959200	-0.186500	-0.399300	-1.399600	0.976700	0.516200
1627302045.911008	0.961700	-0.190200	-0.391600	-1.375200	0.969400	0.518900
1627302045.931215	0.964800	-0.187000	-0.372100	-1.352900	0.964500	0.514600
1627302045.933675	0.968400	-0.190100	-0.349400	-1.328400	0.969700	0.508200
1627302045.939435	0.976200	-0.190200	-0.330800	-1.295700	0.985000	0.500000
1627302045.948409	0.982400	-0.187600	-0.319800	-1.260600	1.000500	0.491700
1627302045.963914	0.987500	-0.183500	-0.312000	-1.224000	1.016400	0.482600
1627302045.967881	0.993000	-0.177700	-0.296400	-1.184000	1.032900	0.466100
1627302045.989995	0.997100	-0.175400	-0.279200	-1.147300	1.057300	0.441300
1627302045.991040	0.999300	-0.171600	-0.267600	-1.115800	1.083600	0.414200
1627302046.002074	1.001600	-0.171300	-0.264400	-1.078600	1.110800	0.388200
1627302046.007546	1.000900	-0.183500	-0.252700	-1.038900	1.136800	0.371400
1627302046.030141	0.995100	-0.198700	-0.229100	-1.001900	1.162400	0.366200
1627302046.031119	0.985000	-0.205300	-0.197900	-0.955800	1.205500	0.367400
1627302046.038343	0.978600	-0.209200	-0.165400	-0.906900	1.258300	0.367700
1627302046.047870	0.974600	-0.217200	-0.139300	-0.860800	1.311200	0.368000
1627302046.070108	0.973000	-0.227200	-0.118500	-0.812900	1.367100	0.376600
1627302046.070920	0.971800	-0.231300	-0.109900	-0.762500	1.425100	0.392200
1627302046.078597	0.968100	-0.236800	-0.111600	-0.724900	1.459300	0.408700
1627302046.087963	0.966200	-0.237900	-0.103900	-0.692200	1.480100	0.429400
1627302046.108886	0.961700	-0.233800	-0.090200	-0.660800	1.494700	0.450200
1627302046.109696	0.960100	-0.231600	-0.079700	-0.637800	1.500200	0.459700
1627302046.119725	0.955300	-0.229100	-0.059800	-0.611900	1.495300	0.462100
1627302046.128129	0.947100	-0.226800	-0.029500	-0.575200	1.492000	0.459400
1627302046.148023	0.934100	-0.229500	-0.012600	-0.534900	1.490100	0.457200
1627302046.148910	0.921400	-0.238800	0.007600	-0.486700	1.489200	0.460300
1627302046.158438	0.911000	-0.247200	0.021200	-0.426800	1.489200	0.475900
1627302046.168169	0.908700	-0.250600	0.027200	-0.381300	1.487700	0.493000
1627302046.189070	0.913300	-0.257300	0.043500	-0.334200	1.483400	0.509100
1627302046.190087	0.915900	-0.261600	0.073200	-0.284500	1.477600	0.524700
1627302046.203467	0.914600	-0.260400	0.097000	-0.241700	1.478200	0.526200
1627302046.209555	0.907000	-0.267200	0.113400	-0.201400	1.482500	0.521100
1627302046.234508	0.895000	-0.276700	0.119000	-0.147600	1.477300	0.520400
1627302046.235403	0.887700	-0.287400	0.127400	-0.102400	1.467800	0.524700
1627302046.238757	0.884400	-0.295900	0.130200	-0.054200	1.450700	0.536900
1627302046.248212	0.887500	-0.301000	0.132800	0.003900	1.413800	0.555000
1627302046.268407	0.894800	-0.303700	0.142600	0.057900	1.363700	0.569300
1627302046.269558	0.905800	-0.304700	0.152200	0.103400	1.312100	0.575400
1627302046.276742	0.910600	-0.301400	0.151700	0.156300	1.233000	0.566900
1627302046.297718	0.912700	-0.304600	0.156000	0.202700	1.146500	0.548800
1627302046.298548	0.909200	-0.309800	0.164700	0.245500	1.057700	0.524100
1627302046.309763	0.902800	-0.319100	0.174900	0.294600	0.955300	0.489900
1627302046.318913	0.895500	-0.324000	0.181500	0.339800	0.850000	0.458700
1627302046.337665	0.892000	-0.328400	0.184000	0.382000	0.750700	0.431300
1627302046.338607	0.885300	-0.332300	0.189700	0.422900	0.635500	0.402200
1627302046.350929	0.879400	-0.330900	0.201800	0.466600	0.521000	0.374800
1627302046.357664	0.874600	-0.324700	0.209500	0.500500	0.423000	0.346300
1627302046.383797	0.867400	-0.322400	0.221100	0.546600	0.309600	0.314600
1627302046.386001	0.858400	-0.321000	0.230200	0.594600	0.200000	0.286200
1627302046.388408	0.857800	-0.323100	0.234400	0.634600	0.109900	0.266000
1627302046.411408	0.860500	-0.321700	0.220300	0.665700	0.007600	0.240700
1627302046.417141	0.867600	-0.315100	0.214100	0.692300	-0.116400	0.211700
1627302046.427622	0.864700	-0.303600	0.221200	0.715200	-0.218800	0.184200
1627302046.428517	0.861800	-0.287800	0.226400	0.743000	-0.312200	0.149600
1627302046.448467	0.857400	-0.276900	0.227400	0.773300	-0.410900	0.111200
1627302046.457704	0.855200	-0.272600	0.232500	0.798600	-0.481100	0.082500
1627302046.458335	0.852500	-0.267900	0.234300	0.819400	-0.543400	0.060800
1627302046.467798	0.847800	-0.264400	0.242400	0.841100	-0.600500	0.044900
1627302046.488324	0.843900	-0.260000	0.252800	0.859700	-0.631100	0.034800
1627302046.496690	0.841600	-0.258900	0.261700	0.882600	-0.646700	0.028400
1627302046.497585	0.837800	-0.257700	0.261600	0.918300	-0.650600	0.025300
1627302046.506978	0.840000	-0.258800	0.260400	0.947000	-0.648500	0.020500
1627302046.529533	0.841100	-0.265100	0.256100	0.976400	-0.639600	0.017700
1627302046.536695	0.846300	-0.277100	0.247700	1.003200	-0.624700	0.014000
1627302046.547624	0.849000	-0.281700	0.241700	1.018800	-0.616400	0.013700
1627302046.548539	0.851600	-0.286400	0.245500	1.033500	-0.604800	0.015900
1627302046.572523	0.859300	-0.292400	0.242100	1.051800	-0.587400	0.024100
1627302046.573698	0.865700	-0.289100	0.228400	1.062800	-0.577000	0.031800
1627302046.592826	0.868700	-0.288700	0.218500	1.078100	-0.575200	0.039700
1627302046.616175	0.878300	-0.292800	0.204800	1.099100	-0.579200	0.055000
1627302046.617044	0.887100	-0.294800	0.185400	1.117200	-0.588900	0.069300
1627302046.619637	0.895800	-0.296100	0.164100	1.133400	-0.609400	0.081500
1627302046.630573	0.902100	-0.299700	0.147000	1.145000	-0.647300	0.090400
1627302046.631482	0.911500	-0.296900	0.142800	1.154100	-0.684500	0.095000
1627302046.637048	0.916600	-0.288900	0.131300	1.161200	-0.718700	0.092800
1627302046.647259	0.924200	-0.279300	0.108000	1.173100	-0.771300	0.077300
1627302046.658428	0.932600	-0.280600	0.096100	1.187700	-0.828400	0.061400
1627302046.668941	0.937300	-0.272100	0.090100	1.199900	-0.881500	0.044300
1627302046.689932	0.940600	-0.272800	0.079300	1.215200	-0.941700	0.027500
1627302046.691006	0.947800	-0.270600	0.071400	1.231400	-1.006200	0.018000
1627302046.701051	0.950100	-0.265300	0.069300	1.247600	-1.059600	0.014300
1627302046.707745	0.950400	-0.251200	0.066700	1.272900	-1.113400	0.011900
1627302046.727560	0.950600	-0.236200	0.060800	1.297400	-1.159800	0.002100
1627302046.728536	0.956500	-0.220300	0.050300	1.323600	-1.197100	-0.010400
1627302046.738644	0.963600	-0.209700	0.037700	1.351100	-1.237700	-0.029000
1627302046.746586	0.970200	-0.200900	0.021600	1.383800	-1.282000	-0.050400
1627302046.771605	0.969800	-0.200900	0.013300	1.415300	-1.318900	-0.069000
1627302046.772499	0.965600	-0.200600	0.010700	1.451600	-1.353700	-0.089500
1627302046.779735	0.962400	-0.204600	0.003300	1.494700	-1.384600	-0.113000
1627302046.784571	0.961400	-0.197000	-0.006100	1.528000	-1.401100	-0.133800
1627302046.806756	0.962800	-0.192400	-0.020400	1.558800	-1.420000	-0.158200
1627302046.807644	0.966800	-0.190300	-0.030600	1.595500	-1.441700	-0.181100
1627302046.818506	0.976800	-0.186500	-0.039700	1.626300	-1.456100	-0.194300
1627302046.826934	0.988900	-0.183000	-0.057400	1.662400	-1.465500	-0.207400
1627302046.851468	1.004000	-0.182000	-0.084600	1.705100	-1.488700	-0.221500
1627302046.852444	1.017700	-0.186000	-0.096200	1.739600	-1.514700	-0.229100
1627302046.859717	1.024700	-0.190200	-0.100200	1.774800	-1.533900	-0.235500
1627302046.871574	1.025600	-0.194300	-0.098500	1.817800	-1.544900	-0.239800
1627302046.872461	1.024500	-0.199600	-0.106000	1.840400	-1.541900	-0.243400
1627302046.896484	1.023700	-0.214100	-0.114100	1.854800	-1.534900	-0.243400
1627302046.897300	1.018900	-0.231400	-0.124800	1.855700	-1.517800	-0.236400
1627302046.916352	1.015500	-0.243000	-0.136200	1.842900	-1.496700	-0.228500
1627302046.917249	1.013300	-0.252000	-0.150400	1.820900	-1.476800	-0.222100
1627302046.942256	1.008800	-0.255000	-0.160900	1.787000	-1.450900	-0.220200
1627302046.943746	1.001000	-0.256300	-0.170700	1.751200	-1.424900	-0.226600
1627302046.956524	0.993000	-0.258100	-0.175800	1.714300	-1.398600	-0.240700
1627302046.957659	0.987900	-0.261200	-0.172600	1.678900	-1.364700	-0.261200
1627302046.961995	0.979900	-0.261400	-0.174700	1.656300	-1.327800	-0.280400
1627302046.984905	0.976700	-0.259500	-0.185500	1.638200	-1.292000	-0.298400
1627302046.987192	0.975000	-0.261600	-0.207800	1.615900	-1.258400	-0.314300
1627302047.003895	0.970600	-0.261600	-0.228500	1.593000	-1.235200	-0.321600
1627302047.005027	0.970700	-0.256600	-0.257700	1.562500	-1.221800	-0.324700
1627302047.028813	0.974100	-0.246500	-0.280400	1.523700	-1.221800	-0.332900
1627302047.029746	0.977400	-0.233600	-0.297400	1.477600	-1.223900	-0.350300
1627302047.039624	0.979400	-0.218400	-0.319000	1.439400	-1.227000	-0.371400
1627302047.048850	0.981900	-0.200900	-0.333300	1.410400	-1.232800	-0.407500
1627302047.070150	0.984000	-0.183500	-0.327600	1.390500	-1.228500	-0.457200
1627302047.071035	0.980600	-0.175300	-0.314200	1.394500	-1.212300	-0.502400
1627302047.078580	0.965900	-0.178200	-0.299900	1.423800	-1.170200	-0.543100
1627302047.087875	0.950100	-0.188600	-0.312300	1.463500	-1.111200	-0.559300
1627302047.110822	0.948100	-0.194000	-0.338300	1.499900	-1.061700	-0.552200
1627302047.112118	0.954800	-0.196500	-0.365000	1.529800	-1.021100	-0.529300
1627302047.127815	0.965700	-0.188500	-0.388300	1.554500	-0.986900	-0.499700
1627302047.132782	0.967300	-0.182300	-0.392700	1.570100	-0.966500	-0.484100
1627302047.133676	0.969700	-0.173000	-0.387800	1.591200	-0.941700	-0.476500
1627302047.156471	0.974700	-0.165800	-0.384300	1.604300	-0.906000	-0.492100
1627302047.158331	0.981400	-0.170900	-0.386600	1.600400	-0.876300	-0.517100
1627302047.168570	0.987400	-0.183800	-0.398700	1.585700	-0.852800	-0.540900
1627302047.177760	0.989400	-0.194500	-0.418300	1.549400	-0.831100	-0.555300
1627302047.198857	0.987800	-0.196000	-0.445900	1.496800	-0.819500	-0.563800
1627302047.202207	0.993300	-0.201000	-0.457300	1.434800	-0.815900	-0.567500
1627302047.205938	1.006500	-0.200200	-0.466800	1.339200	-0.808500	-0.570000
1627302047.217745	1.018700	-0.195600	-0.480600	1.266200	-0.806400	-0.568700
1627302047.238123	1.031700	-0.195100	-0.487200	1.205700	-0.803000	-0.562000
1627302047.238965	1.051000	-0.194900	-0.498000	1.139800	-0.788100	-0.549200
1627302047.245816	1.064500	-0.194900	-0.501200	1.098800	-0.772200	-0.536000
1627302047.257166	1.071700	-0.190400	-0.490600	1.062500	-0.747800	-0.522000
1627302047.272629	1.067400	-0.189300	-0.472900	1.022200	-0.689100	-0.501500
1627302047.276533	1.057100	-0.185800	-0.468900	0.990400	-0.611200	-0.478300
1627302047.300078	1.049200	-0.184900	-0.477700	0.968700	-0.528500	-0.454200
1627302047.300897	1.044700	-0.175700	-0.496800	0.962000	-0.424600	-0.418800
1627302047.310988	1.039200	-0.170900	-0.525500	0.974500	-0.340600	-0.383000
1627302047.320287	1.029400	-0.171800	-0.539700	0.988600	-0.277700	-0.350000
1627302047.343486	1.014300	-0.169200	-0.531900	1.007500	-0.198600	-0.310600
1627302047.345110	0.998300	-0.167000	-0.517800	1.028300	-0.121300	-0.267900
1627302047.357799	0.992400	-0.155900	-0.514000	1.040200	-0.041000	-0.224800
1627302047.358689	0.991600	-0.144700	-0.511100	1.046600	0.045100	-0.181100
1627302047.362035	0.990800	-0.137700	-0.500200	1.040200	0.134000	-0.146900
1627302047.387225	0.990700	-0.132900	-0.491200	1.017000	0.214000	-0.131000
1627302047.397877	0.984700	-0.132300	-0.486900	0.990100	0.296500	-0.121900
1627302047.398766	0.977300	-0.138300	-0.484400	0.953500	0.374100	-0.113900
1627302047.403333	0.967900	-0.146400	-0.484700	0.918900	0.435800	-0.104800
1627302047.424763	0.956900	-0.159300	-0.480300	0.880200	0.497500	-0.084000
1627302047.426110	0.954300	-0.165200	-0.477100	0.841100	0.553700	-0.057100
1627302047.441357	0.952500	-0.164100	-0.470800	0.801400	0.599800	-0.032400
1627302047.442256	0.952600	-0.166000	-0.453500	0.763200	0.644100	-0.012200
1627302047.465300	0.960400	-0.161700	-0.424700	0.717400	0.696000	0.009100
1627302047.466112	0.963300	-0.159400	-0.406000	0.688600	0.747000	0.022000
1627302047.479763	0.964400	-0.163600	-0.393800	0.665100	0.793500	0.033600
1627302047.485453	0.963600	-0.161900	-0.377200	0.645600	0.843200	0.044900
1627302047.507494	0.954800	-0.157700	-0.360200	0.623600	0.887200	0.048900
1627302047.509725	0.944200	-0.149500	-0.351100	0.600100	0.930000	0.049800
1627302047.519721	0.935200	-0.137800	-0.325800	0.575900	0.978500	0.049500
1627302047.530538	0.933000	-0.128700	-0.313500	0.550900	1.024100	0.048900
1627302047.547804	0.931000	-0.121600	-0.306400	0.513300	1.062500	0.043100
1627302047.552444	0.932100	-0.097200	-0.289100	0.451600	1.109600	0.026600
1627302047.558425	0.932100	-0.097200	-0.289100	0.451600	1.109600	0.026600
1627302047.566556	0.939000	-0.084100	-0.296900	0.409800	1.141300	0.004000
1627302047.585587	0.948200	-0.079000	-0.289100	0.356300	1.153600	-0.022600
1627302047.586484	0.948000	-0.072600	-0.279900	0.286400	1.169400	-0.065100
1627302047.597074	0.935100	-0.060700	-0.272800	0.225900	1.169100	-0.104200
1627302047.622144	0.922000	-0.059100	-0.236300	0.164500	1.190800	-0.148500
1627302047.625614	0.902700	-0.073500	-0.267000	0.046900	1.239100	-0.217500
1627302047.626512	0.923200	-0.062700	-0.257600	-0.086800	1.272700	-0.290800
1627302047.638551	0.939000	0.008500	-0.201400	-0.195900	1.312100	-0.384600
1627302047.639444	0.961400	0.036500	-0.107200	-0.238000	1.393600	-0.506100
1627302047.665373	0.950600	0.034300	-0.053800	-0.196200	1.496300	-0.589200
1627302047.666274	0.941300	0.018900	-0.058800	-0.104300	1.575400	-0.632600
1627302047.678654	0.934200	-0.028400	-0.118800	-0.017200	1.625100	-0.649100
1627302047.684633	0.925300	-0.076200	-0.166100	0.021600	1.622100	-0.635600
1627302047.707933	0.932000	-0.107200	-0.212900	0.046900	1.572600	-0.590700
1627302047.708831	0.927400	-0.114500	-0.200400	0.050600	1.467800	-0.512800
1627302047.719783	0.923500	-0.085300	-0.146700	0.068300	1.366700	-0.425500
1627302047.726971	0.926000	-0.085600	-0.123200	0.071700	1.293700	-0.354000
1627302047.749343	0.924600	-0.096100	-0.160400	0.032600	1.186800	-0.281300
1627302047.750240	0.923700	-0.098100	-0.174000	-0.051100	1.039900	-0.223600
1627302047.757332	0.926400	-0.081900	-0.131800	-0.139100	0.915000	-0.183600
1627302047.767076	0.925900	-0.037600	-0.069900	-0.205400	0.806000	-0.151500
1627302047.791590	0.929300	-0.023300	-0.032300	-0.241400	0.708500	-0.128900
1627302047.792498	0.938400	-0.029500	-0.025000	-0.269500	0.627900	-0.103600
1627302047.796132	0.943800	-0.025800	-0.022500	-0.308000	0.537500	-0.072100
1627302047.816492	0.948000	-0.024000	-0.010500	-0.362000	0.434300	-0.032400
1627302047.837631	0.949200	-0.033600	0.000900	-0.410300	0.354500	0.009500
1627302047.839909	0.946800	-0.062000	0.007700	-0.462200	0.272700	0.064400
1627302047.840951	0.943600	-0.104000	0.023900	-0.541600	0.187200	0.130100
1627302047.855241	0.938800	-0.125100	0.036300	-0.629600	0.131000	0.185700
1627302047.856138	0.930700	-0.144900	0.048600	-0.730100	0.080600	0.238500
1627302047.878830	0.918200	-0.152500	0.069300	-0.848000	0.043900	0.291400
1627302047.879647	0.909200	-0.143800	0.086500	-0.942400	0.033500	0.326500
1627302047.885850	0.905200	-0.130700	0.103300	-1.025400	0.035700	0.347900
1627302047.905362	0.911400	-0.110800	0.119400	-1.116800	0.050000	0.358900
1627302047.906217	0.914300	-0.094100	0.122400	-1.172700	0.069600	0.350000
1627302047.914370	0.913900	-0.086100	0.115100	-1.213600	0.081200	0.329500
1627302047.935657	0.906100	-0.106400	0.093800	-1.242900	0.082700	0.296300
1627302047.936548	0.899500	-0.128900	0.055100	-1.271000	0.073500	0.274900
1627302047.945166	0.896700	-0.148400	0.006700	-1.308600	0.045800	0.258400
1627302047.953334	0.910200	-0.150000	-0.054000	-1.392900	-0.010400	0.237000
1627302047.975522	0.924100	-0.158100	-0.105200	-1.491800	-0.077300	0.215000
1627302047.976429	0.937500	-0.153000	-0.132800	-1.604200	-0.171700	0.182600
1627302047.982067	0.918000	-0.103300	-0.393700	-1.760300	-0.472300	0.107800
1627302048.005044	1.086500	-0.011400	0.286600	-1.553200	-0.480200	0.046700
1627302048.005865	1.119500	0.067100	0.460800	-1.266100	-0.185500	-0.036100
1627302048.015857	0.994600	0.005500	-0.151600	-1.123800	-0.176000	-0.166200
1627302048.025186	0.971400	-0.160800	-0.139200	-1.045300	-0.398000	-0.209500
1627302048.048648	0.924800	-0.216900	0.189900	-1.002500	-0.415100	-0.187500
1627302048.050083	0.884200	-0.236300	-0.023100	-1.041000	-0.152500	-0.124300
1627302048.065511	0.925300	-0.201900	-0.259800	-1.080100	-0.287200	-0.097100
1627302048.068870	0.938600	-0.173500	-0.081200	-1.107900	-0.413000	-0.095000
1627302048.069769	0.933800	-0.143900	-0.025800	-1.141800	-0.343700	-0.102300
1627302048.093759	0.975100	-0.114300	-0.126100	-1.151300	-0.357700	-0.132900
1627302048.094990	1.012900	-0.107700	-0.101900	-1.146400	-0.453600	-0.174700
1627302048.104959	1.007600	-0.116600	-0.047700	-1.154300	-0.475600	-0.216900
1627302048.113979	0.990100	-0.137300	-0.090200	-1.169600	-0.486600	-0.241000
1627302048.137228	0.989400	-0.142300	-0.100100	-1.186700	-0.534900	-0.251100
1627302048.138753	0.986600	-0.150800	-0.072300	-1.211800	-0.558100	-0.249900
1627302048.154390	0.981400	-0.154500	-0.078700	-1.242900	-0.556300	-0.237600
1627302048.155300	0.987900	-0.149700	-0.094100	-1.266100	-0.565400	-0.226600
1627302048.158125	1.000900	-0.142800	-0.093800	-1.281400	-0.574600	-0.216600
1627302048.182035	1.015000	-0.144200	-0.117100	-1.298800	-0.582200	-0.208900
1627302048.192882	1.025600	-0.143700	-0.146600	-1.314100	-0.606000	-0.201900
1627302048.193778	1.028100	-0.141800	-0.158300	-1.339700	-0.636000	-0.197000
1627302048.202082	1.027800	-0.139500	-0.171400	-1.374500	-0.663500	-0.188800
1627302048.223754	1.023100	-0.135600	-0.178500	-1.412700	-0.677800	-0.179600
1627302048.224910	1.012900	-0.136000	-0.163800	-1.452400	-0.686100	-0.161300
1627302048.232056	1.003400	-0.140700	-0.135500	-1.489400	-0.660700	-0.127400
1627302048.250798	0.995200	-0.139800	-0.124100	-1.504100	-0.614300	-0.095000
1627302048.262722	1.000900	-0.132200	-0.135300	-1.510200	-0.559900	-0.067800
1627302048.263614	1.014400	-0.124300	-0.174300	-1.513200	-0.504900	-0.044600
1627302048.286283	1.026600	-0.116700	-0.199200	-1.519900	-0.477800	-0.036400
1627302048.287098	1.033800	-0.105000	-0.225600	-1.530600	-0.461900	-0.037900
1627302048.297326	1.033100	-0.104100	-0.248700	-1.550800	-0.458200	-0.043700
1627302048.306425	1.021900	-0.100700	-0.252800	-1.563900	-0.456700	-0.042500
1627302048.330138	1.009500	-0.110000	-0.256500	-1.570600	-0.451200	-0.033900
1627302048.331350	0.995800	-0.128700	-0.261600	-1.571600	-0.437100	-0.005200
1627302048.333569	0.993900	-0.134800	-0.265000	-1.571900	-0.420600	0.031800
1627302048.345430	0.993700	-0.130000	-0.268200	-1.574000	-0.400500	0.067500
1627302048.346335	1.001700	-0.117900	-0.278200	-1.579200	-0.375400	0.105700
1627302048.371564	1.010000	-0.109300	-0.290000	-1.585000	-0.357400	0.133200
1627302048.373519	1.014600	-0.105100	-0.302900	-1.589000	-0.344300	0.156700
1627302048.388480	1.014800	-0.104000	-0.316400	-1.591400	-0.334800	0.183600
1627302048.399150	1.008700	-0.112100	-0.323500	-1.589300	-0.329600	0.212300
1627302048.414750	0.999500	-0.121000	-0.325100	-1.588000	-0.320500	0.241000
1627302048.415975	0.996900	-0.123000	-0.330700	-1.586200	-0.304900	0.273700
1627302048.431065	0.994100	-0.125200	-0.333000	-1.578000	-0.290500	0.304800
1627302048.436511	0.993300	-0.126500	-0.327600	-1.568500	-0.269800	0.331400
1627302048.452979	0.991000	-0.124100	-0.327400	-1.554800	-0.238900	0.354600
1627302048.453880	0.989500	-0.119800	-0.328200	-1.540100	-0.207500	0.368000
1627302048.463609	0.988200	-0.125500	-0.325200	-1.527300	-0.173200	0.376600
1627302048.464628	0.989500	-0.126100	-0.328900	-1.519600	-0.129000	0.379300
1627302048.497963	0.987900	-0.129200	-0.336900	-1.514700	-0.088300	0.378100
1627302048.498854	0.985700	-0.131600	-0.339100	-1.514400	-0.054100	0.373500
1627302048.509702	0.988300	-0.138100	-0.329700	-1.512300	-0.015000	0.367400
1627302048.527207	0.988000	-0.139400	-0.331300	-1.514400	0.034800	0.361600
1627302048.533012	0.989100	-0.141600	-0.334200	-1.516000	0.071100	0.354600
1627302048.533895	0.989600	-0.145500	-0.335600	-1.514400	0.102900	0.351200
1627302048.543294	0.991800	-0.140400	-0.337800	-1.512300	0.138600	0.348500
