1627302072.841689	0.965100	-0.306900	-0.095200	0.024300	-0.012600	-0.000600
1627302072.842322	0.965600	-0.309800	-0.089800	0.017300	-0.008000	-0.004000
1627302072.842951	0.964100	-0.307100	-0.095200	0.015500	-0.000400	-0.004300
1627302072.843575	0.965200	-0.310900	-0.098000	0.021300	0.001200	-0.001800
1627302072.933571	0.996600	-0.019700	-0.517000	1.391100	-0.570300	-0.609400
1627302072.933970	1.001100	-0.018700	-0.528700	1.374300	-0.616100	-0.675600
1627302072.935615	1.008300	-0.016700	-0.527100	1.350200	-0.658600	-0.737300
1627302072.936033	1.022000	-0.018900	-0.529700	1.321800	-0.695200	-0.788900
1627302072.936435	1.049300	-0.036400	-0.524000	1.284200	-0.742300	-0.835700
1627302072.936876	1.076500	-0.053200	-0.511600	1.244800	-0.779800	-0.861000
1627302072.937285	1.097400	-0.072900	-0.516700	1.200200	-0.800300	-0.864100
1627302072.940073	1.117700	-0.079700	-0.523600	1.147700	-0.822000	-0.847300
1627302072.940502	1.123000	-0.074300	-0.502700	1.103400	-0.833300	-0.812500
1627302072.941004	1.107100	-0.071500	-0.463400	1.083900	-0.805200	-0.770900
1627302072.941403	1.071800	-0.062100	-0.424900	1.095500	-0.729700	-0.733400
1627302072.943479	1.039900	-0.058500	-0.412100	1.110100	-0.613700	-0.718100
1627302072.943875	1.024400	-0.062700	-0.434200	1.127600	-0.502200	-0.723600
1627302072.944323	1.012600	-0.078200	-0.458000	1.140700	-0.391600	-0.734600
1627302072.946399	0.998500	-0.085900	-0.471900	1.175200	-0.282300	-0.740100
1627302072.946798	0.990700	-0.080800	-0.483000	1.219200	-0.189100	-0.741300
1627302072.947195	0.984400	-0.059800	-0.509200	1.271100	-0.095700	-0.756300
1627302072.947640	0.981700	-0.046500	-0.542400	1.320300	-0.016300	-0.793200
1627302072.948035	0.984000	-0.054100	-0.543500	1.360000	0.037500	-0.829000
1627302072.950079	0.981200	-0.059100	-0.540900	1.390500	0.100700	-0.865000
1627302072.950474	0.975100	-0.072100	-0.538800	1.412200	0.168200	-0.892200
1627302072.950972	0.973500	-0.081200	-0.527100	1.421400	0.224100	-0.901000
1627302072.951368	0.965700	-0.091700	-0.510600	1.425400	0.287000	-0.893700
1627302072.953442	0.954800	-0.102700	-0.506700	1.431200	0.370100	-0.863200
1627302072.953838	0.948700	-0.106100	-0.509900	1.434500	0.435500	-0.826800
1627302072.954235	0.945400	-0.109700	-0.504300	1.442500	0.492000	-0.784400
1627302072.954664	0.944700	-0.114900	-0.490700	1.453100	0.565900	-0.725700
1627302072.957116	0.945300	-0.116000	-0.489700	1.463500	0.631600	-0.674700
1627302072.957511	0.948100	-0.119300	-0.503800	1.465700	0.680700	-0.625800
1627302072.957952	0.952300	-0.131500	-0.518200	1.464400	0.717400	-0.559000
1627302072.958351	0.940900	-0.133100	-0.522000	1.450400	0.731800	-0.504000
1627302072.959991	0.735700	-0.285000	-0.523600	1.431800	0.721100	-0.427300
1627302072.960419	0.891700	-0.075400	-0.391400	1.371600	0.846000	-0.334200
1627302072.960815	0.924200	-0.106200	-0.643700	1.321200	0.820000	-0.279500
1627302072.962877	0.996300	-0.004200	-0.568200	1.294900	0.727200	-0.249900
1627302072.963272	0.994600	0.048000	-0.490600	1.239000	0.686200	-0.287100
1627302072.963709	0.951400	0.067900	-0.528600	1.196000	0.645900	-0.345800
1627302072.964105	0.942300	0.083700	-0.486500	1.170300	0.591300	-0.414800
1627302072.964499	0.958300	0.089400	-0.411900	1.137300	0.623900	-0.489000
1627302072.967055	0.950700	0.049100	-0.407500	1.143100	0.645600	-0.523200
1627302072.967449	0.932000	0.005000	-0.358900	1.148900	0.663300	-0.526900
1627302072.967843	0.901000	-0.030600	-0.314800	1.124800	0.774500	-0.500900
1627302072.968269	0.891000	-0.042600	-0.341900	1.084800	0.885100	-0.453300
1627302072.970331	0.908100	-0.033600	-0.337500	1.048800	0.945600	-0.401000
1627302072.970738	0.921900	-0.026900	-0.316800	1.013300	1.034100	-0.332900
1627302072.971134	0.929400	-0.012500	-0.343800	0.985500	1.103500	-0.265700
1627302072.972794	0.936600	0.002100	-0.343100	0.972400	1.129100	-0.213800
1627302072.973189	0.954600	0.012800	-0.325700	0.962900	1.148700	-0.168300
1627302072.973586	0.957000	0.021000	-0.319900	0.954100	1.164600	-0.127700
1627302072.974031	0.965100	0.028900	-0.309700	0.942800	1.158400	-0.100200
1627302072.976085	0.969700	0.041400	-0.285900	0.931200	1.154500	-0.075500
1627302072.976481	0.966900	0.058600	-0.274200	0.915300	1.145900	-0.053200
1627302072.976935	0.974400	0.073100	-0.261400	0.895100	1.134600	-0.044000
1627302072.977384	0.980100	0.086500	-0.241800	0.871900	1.121800	-0.048300
1627302072.977778	0.983000	0.096600	-0.209700	0.849900	1.110200	-0.064800
1627302072.980299	0.978500	0.101200	-0.182900	0.837100	1.112000	-0.084000
1627302072.980727	0.973600	0.094000	-0.162600	0.822400	1.120900	-0.107500
1627302072.981122	0.973400	0.074800	-0.146100	0.805600	1.136500	-0.122500
1627302072.981521	0.971400	0.067000	-0.138400	0.797100	1.147800	-0.127400
1627302072.983588	0.971200	0.055100	-0.126300	0.798300	1.150800	-0.123100
1627302072.983982	0.975500	0.056200	-0.118500	0.794000	1.158400	-0.113000
1627302072.984420	0.974000	0.043600	-0.120800	0.786700	1.153900	-0.101700
1627302072.984814	0.962400	0.022100	-0.093300	0.785200	1.119000	-0.085500
1627302072.985253	1.035300	0.076400	-0.054600	0.761600	1.134600	-0.108100
1627302072.986872	0.996000	0.057500	-0.163300	0.703900	1.079300	-0.150000
1627302072.987267	0.988300	0.055800	-0.128500	0.657800	0.958100	-0.171700
1627302072.987705	0.951000	0.055200	0.023800	0.602500	0.944300	-0.184200
1627302072.990166	0.933100	0.047200	0.033400	0.545100	0.981300	-0.188800
1627302072.990560	0.948400	0.057000	0.028900	0.506900	0.971200	-0.187200
1627302072.991045	0.946800	0.048100	0.064500	0.460800	0.963000	-0.175300
1627302072.991453	0.931400	0.032800	0.080900	0.414700	0.973000	-0.151200
1627302072.993097	0.924900	0.034800	0.082400	0.369800	0.974900	-0.121900
1627302072.993533	0.924900	0.036900	0.069100	0.308700	0.959900	-0.090400
1627302072.993929	0.924600	0.037600	0.064200	0.251900	0.923900	-0.064500
1627302072.994326	0.920500	0.042000	0.067600	0.201200	0.881100	-0.043100
1627302072.996387	0.918200	0.050300	0.073200	0.142200	0.828000	-0.024400
1627302072.996817	0.918900	0.057000	0.077500	0.085400	0.766000	-0.013500
1627302072.997212	0.922700	0.067300	0.080300	0.027700	0.698800	-0.014400
1627302072.997609	0.920400	0.076800	0.086300	-0.038900	0.620900	-0.024400
1627302073.000032	0.925000	0.080800	0.086500	-0.106700	0.540600	-0.044000
1627302073.000428	0.929700	0.085800	0.083300	-0.174500	0.462700	-0.069300
1627302073.000824	0.940900	0.080700	0.087900	-0.246000	0.372900	-0.106000
1627302073.001323	0.953400	0.067100	0.099600	-0.326300	0.288300	-0.146300
1627302073.002524	0.915900	0.018200	0.059000	-0.488200	-0.356200	-0.369900
1627302073.003018	0.912100	0.019500	0.040400	-0.546500	-0.366600	-0.327700
1627302073.003612	0.910500	0.038900	0.013400	-0.619500	-0.393200	-0.276100
1627302073.004092	0.914900	0.052500	-0.019800	-0.696500	-0.434400	-0.237900
1627302073.004629	0.917100	0.060100	-0.043300	-0.777400	-0.496100	-0.207700
1627302073.005145	0.912200	0.076200	-0.042100	-0.877000	-0.574300	-0.181100
1627302073.005752	0.907000	0.080400	-0.035900	-0.961000	-0.632000	-0.161300
1627302073.006173	0.911000	0.071900	-0.043700	-1.030000	-0.684800	-0.140500
1627302073.006594	0.918200	0.073500	-0.042600	-1.103300	-0.744700	-0.115800
1627302073.007108	0.919900	0.064600	-0.044400	-1.177200	-0.800000	-0.091300
1627302073.007622	0.919800	0.051600	-0.058000	-1.242300	-0.847600	-0.061100
1627302073.021190	0.921500	0.038900	-0.075100	-1.308000	-0.905400	-0.015300
1627302073.022074	0.929200	0.034100	-0.097500	-1.364500	-0.965800	0.034800
1627302073.022876	0.936600	0.037400	-0.126300	-1.411800	-1.029100	0.078800
1627302073.030226	0.945800	0.036500	-0.144300	-1.453000	-1.111800	0.126700
1627302073.058371	0.952900	0.030800	-0.154800	-1.485700	-1.188800	0.178100
1627302073.059260	0.962000	0.033400	-0.167400	-1.498900	-1.253300	0.228500
1627302073.060166	0.964800	0.033300	-0.174800	-1.497000	-1.316500	0.282500
1627302073.088631	0.970100	0.027200	-0.177000	-1.488800	-1.379100	0.341200
1627302073.089530	0.974900	0.021600	-0.181600	-1.479600	-1.412400	0.393400
1627302073.090355	0.983000	0.027000	-0.203600	-1.473800	-1.441100	0.447400
1627302073.101565	0.994800	0.033600	-0.239400	-1.470200	-1.478400	0.496900
1627302073.130893	1.005900	0.037200	-0.253200	-1.479900	-1.506200	0.522300
1627302073.131799	1.007700	0.035400	-0.258800	-1.502500	-1.522300	0.536000
1627302073.132611	1.006300	0.033300	-0.253800	-1.534600	-1.521700	0.540000
1627302073.140127	1.001600	0.028000	-0.252100	-1.556600	-1.501300	0.543400
1627302073.154947	0.993700	0.024200	-0.258100	-1.573100	-1.465500	0.550400
1627302073.178455	0.993900	0.025000	-0.273100	-1.587400	-1.410200	0.563200
1627302073.179348	0.996500	0.029700	-0.295200	-1.595400	-1.362600	0.572400
1627302073.181544	0.998800	0.031400	-0.312900	-1.597500	-1.323500	0.583400
1627302073.208429	0.998700	0.032600	-0.323900	-1.599700	-1.274300	0.593100
1627302073.209319	0.993900	0.029700	-0.329100	-1.597800	-1.228200	0.598900
1627302073.210120	0.987800	0.018400	-0.342800	-1.589900	-1.183900	0.608700
1627302073.222721	0.984000	0.007000	-0.362300	-1.572800	-1.132000	0.626400
1627302073.248409	0.988200	0.003900	-0.374300	-1.549900	-1.090500	0.646900
1627302073.249303	0.994300	-0.000600	-0.387300	-1.523300	-1.051100	0.659100
1627302073.250136	0.998800	-0.002700	-0.403700	-1.498300	-1.014400	0.671300
1627302073.260190	0.995400	-0.002200	-0.398700	-1.478400	-0.980500	0.673800
1627302073.275733	0.991500	-0.005700	-0.382700	-1.462200	-0.930700	0.673200
1627302073.299927	0.991800	-0.006200	-0.380200	-1.440200	-0.855600	0.673200
1627302073.300840	0.994500	-0.006100	-0.391600	-1.416700	-0.791100	0.670400
1627302073.301649	0.997700	-0.012900	-0.409200	-1.388300	-0.736500	0.669500
1627302073.308873	1.003700	-0.021000	-0.442700	-1.353500	-0.688500	0.667700
1627302073.335907	1.007200	-0.032600	-0.469200	-1.317700	-0.664700	0.661200
1627302073.336806	1.002100	-0.045000	-0.486300	-1.297600	-0.655200	0.643200
1627302073.340128	0.994900	-0.057300	-0.494900	-1.274700	-0.647600	0.613300
1627302073.365865	0.990000	-0.064600	-0.499800	-1.257600	-0.636300	0.574200
1627302073.366592	0.983800	-0.073500	-0.495400	-1.244100	-0.622500	0.537500
1627302073.368788	0.981000	-0.078600	-0.484300	-1.233700	-0.592300	0.499100
1627302073.380254	0.980000	-0.077500	-0.480200	-1.221200	-0.551400	0.464500
1627302073.409415	0.978300	-0.080400	-0.477100	-1.211800	-0.508900	0.430600
1627302073.410422	0.973100	-0.082500	-0.477100	-1.198300	-0.458200	0.398000
1627302073.411728	0.973600	-0.092500	-0.470500	-1.187600	-0.393800	0.357300
1627302073.442017	0.971900	-0.104200	-0.460800	-1.183300	-0.327500	0.321600
1627302073.442916	0.972500	-0.119100	-0.465900	-1.173300	-0.256900	0.289500
1627302073.445493	0.979200	-0.132300	-0.464600	-1.168700	-0.182100	0.256900
1627302073.448875	0.989400	-0.146500	-0.458900	-1.165900	-0.118900	0.239800
1627302073.480119	0.998000	-0.155900	-0.472900	-1.159500	-0.059000	0.231200
1627302073.482269	1.003300	-0.163900	-0.491800	-1.144900	-0.016300	0.235500
1627302073.483169	1.005500	-0.165000	-0.487700	-1.133000	0.013700	0.240400
1627302073.491653	1.003800	-0.164900	-0.482200	-1.122300	0.045100	0.252000
1627302073.515883	1.002000	-0.158900	-0.483000	-1.119200	0.085800	0.266000
1627302073.516790	1.002000	-0.155200	-0.479000	-1.124100	0.118100	0.279800
1627302073.518939	1.002300	-0.145300	-0.468900	-1.128100	0.155400	0.296300
1627302073.549607	1.005500	-0.133700	-0.449800	-1.128400	0.214000	0.321000
1627302073.550615	1.009500	-0.118400	-0.449800	-1.124700	0.262300	0.340200
1627302073.551434	1.011500	-0.102400	-0.459400	-1.120400	0.309000	0.353400
1627302073.562641	1.014000	-0.099100	-0.468100	-1.117100	0.356400	0.368600
1627302073.589844	1.012500	-0.095000	-0.469800	-1.111600	0.391200	0.387900
1627302073.590736	1.008500	-0.088600	-0.461700	-1.109100	0.424200	0.408000
1627302073.591577	1.004900	-0.076700	-0.449500	-1.116200	0.466000	0.431600
1627302073.599094	1.000100	-0.063000	-0.449500	-1.130500	0.505700	0.445600
1627302073.632380	0.998900	-0.050900	-0.446800	-1.150100	0.538700	0.453900
1627302073.633286	0.995700	-0.037800	-0.436500	-1.176300	0.576600	0.460900
1627302073.634098	0.992900	-0.025300	-0.428700	-1.204100	0.612000	0.465800
1627302073.660892	0.993000	-0.015900	-0.420500	-1.225200	0.645000	0.471300
1627302073.661797	0.994800	-0.005900	-0.406100	-1.245400	0.685000	0.477400
1627302073.662783	0.993300	0.004000	-0.399000	-1.265200	0.730200	0.483800
1627302073.672798	0.990000	0.010300	-0.402200	-1.285100	0.770800	0.487500
1627302073.696095	0.984100	0.005200	-0.400500	-1.304600	0.811800	0.490500
1627302073.696994	0.985400	0.001800	-0.393200	-1.334500	0.851800	0.489300
1627302073.698964	0.992800	0.004400	-0.390000	-1.372400	0.884800	0.480400
1627302073.708853	0.989500	0.006300	-0.391200	-1.421000	0.909500	0.460300
1627302073.735789	0.980100	0.011400	-0.376800	-1.469800	0.931500	0.443500
1627302073.736679	0.973900	0.008500	-0.361200	-1.501900	0.963300	0.434900
1627302073.738942	0.974700	0.004900	-0.353000	-1.525700	1.000800	0.432500
1627302073.754052	0.978800	0.014800	-0.345800	-1.540700	1.045100	0.431900
1627302073.779775	0.982700	0.010600	-0.333300	-1.542800	1.092200	0.433700
1627302073.780807	0.988000	-0.000700	-0.312500	-1.546500	1.155700	0.442600
1627302073.781813	0.990600	-0.016600	-0.277100	-1.541300	1.237900	0.461800
1627302073.809504	0.989500	-0.030900	-0.244600	-1.535800	1.336200	0.481000
1627302073.810396	0.988800	-0.044800	-0.245000	-1.532800	1.446200	0.507300
1627302073.811227	0.992800	-0.051900	-0.252900	-1.516300	1.546000	0.542400
1627302073.818957	1.005700	-0.054200	-0.248900	-1.498600	1.622400	0.573000
1627302073.833997	1.012900	-0.059400	-0.251100	-1.482400	1.686200	0.599900
1627302073.855901	1.017800	-0.065700	-0.239100	-1.468900	1.733600	0.628900
1627302073.856808	1.014600	-0.069800	-0.193200	-1.457000	1.782400	0.648700
1627302073.857618	1.008500	-0.085000	-0.163600	-1.450300	1.853300	0.671900
1627302073.879779	1.011400	-0.092800	-0.141400	-1.445700	1.946500	0.703400
1627302073.880685	1.016200	-0.108200	-0.111600	-1.442700	2.024600	0.730300
1627302073.908433	1.006600	-0.137800	-0.062500	-1.442700	2.119300	0.759300
1627302073.909332	0.992900	-0.166300	-0.015300	-1.456400	2.257400	0.792900
1627302073.910144	0.989700	-0.168500	0.005000	-1.452400	2.367300	0.816100
1627302073.940779	0.990600	-0.164100	-0.006000	-1.436900	2.462600	0.824000
1627302073.941667	0.984300	-0.160900	-0.047000	-1.421600	2.525600	0.813400
1627302073.942601	0.981300	-0.163900	-0.053800	-1.381900	2.522800	0.794700
1627302073.950265	0.989400	-0.155900	-0.031200	-1.350400	2.494400	0.762000
1627302073.965967	0.990400	-0.152200	-0.035900	-1.326900	2.432100	0.700000
1627302073.985340	0.992100	-0.154100	-0.026100	-1.298800	2.329500	0.634100
1627302073.986224	0.997700	-0.147900	-0.002700	-1.265200	2.215900	0.562300
1627302073.987749	0.995200	-0.134500	0.018800	-1.220300	2.067700	0.464900
1627302073.999023	0.993900	-0.135100	0.028800	-1.165300	1.914100	0.367400
1627302074.025802	0.987500	-0.148800	0.050900	-1.103600	1.757400	0.281000
1627302074.026693	0.972700	-0.162400	0.086300	-1.018400	1.588800	0.194900
1627302074.028753	0.959000	-0.173100	0.110700	-0.927700	1.430300	0.113600
1627302074.055910	0.947500	-0.181300	0.128900	-0.846800	1.291900	0.046400
1627302074.056810	0.935900	-0.192500	0.141700	-0.755100	1.143800	-0.022900
1627302074.057633	0.944200	-0.210800	0.150400	-0.666300	0.999900	-0.081300
1627302074.077130	0.920900	-0.205100	0.147800	-0.585300	0.870700	-0.115800
1627302074.078169	0.898300	-0.202300	0.178600	-0.495200	0.706700	-0.164900
1627302074.087783	0.894700	-0.197900	0.231400	-0.445100	0.594900	-0.236100
1627302074.115930	0.887700	-0.200000	0.194600	-0.388000	0.509400	-0.282200
1627302074.116824	0.903700	-0.194700	0.164600	-0.315600	0.365500	-0.330500
1627302074.117804	0.910500	-0.206800	0.209500	-0.258200	0.208200	-0.373900
1627302074.127763	0.892100	-0.211100	0.232700	-0.216000	0.121200	-0.391900
1627302074.153268	0.888700	-0.203600	0.227800	-0.177900	0.034800	-0.407200
1627302074.154159	0.895000	-0.199500	0.247400	-0.140600	-0.067600	-0.420000
1627302074.157759	0.893600	-0.200200	0.281400	-0.103300	-0.125300	-0.426700
1627302074.188331	0.885000	-0.204800	0.297600	-0.061800	-0.159800	-0.428200
1627302074.189946	0.877000	-0.205200	0.315100	0.002300	-0.192200	-0.420600
1627302074.190856	0.869900	-0.209200	0.349900	0.054300	-0.194600	-0.408400
1627302074.207364	0.864000	-0.211800	0.364000	0.112600	-0.168400	-0.387300
1627302074.208364	0.863800	-0.209100	0.359400	0.202400	-0.131700	-0.353700
1627302074.233432	0.858900	-0.206400	0.363400	0.284600	-0.095400	-0.323200
1627302074.234322	0.857700	-0.216400	0.369900	0.367600	-0.057800	-0.287700
1627302074.236472	0.860700	-0.231200	0.394900	0.454700	0.011200	-0.237600
1627302074.265945	0.865200	-0.239600	0.393900	0.524900	0.072300	-0.187500
1627302074.266839	0.864500	-0.233800	0.373800	0.582100	0.122100	-0.138100
1627302074.267671	0.867400	-0.223900	0.360500	0.654100	0.162400	-0.082200
1627302074.277739	0.874900	-0.208100	0.357500	0.703900	0.193600	-0.040900
1627302074.304887	0.873200	-0.192000	0.344500	0.733500	0.214700	-0.011300
1627302074.305793	0.878800	-0.176400	0.321300	0.746700	0.220500	0.014300
1627302074.307732	0.884800	-0.164700	0.296500	0.747000	0.208900	0.036900
1627302074.334936	0.891600	-0.146700	0.277200	0.736000	0.177400	0.054400
1627302074.335833	0.902200	-0.127300	0.268600	0.714000	0.127600	0.069300
1627302074.336642	0.904500	-0.114100	0.271700	0.685600	0.080000	0.079400
1627302074.350241	0.908900	-0.109400	0.273200	0.663900	0.033800	0.088300
1627302074.365021	0.910000	-0.102100	0.279700	0.644400	-0.013800	0.097400
1627302074.388703	0.907300	-0.098600	0.288300	0.635800	-0.057800	0.105100
1627302074.389608	0.900900	-0.100100	0.300300	0.642200	-0.086200	0.116100
1627302074.390420	0.895500	-0.102300	0.311600	0.660200	-0.103000	0.135000
1627302074.408452	0.892200	-0.100000	0.319900	0.687100	-0.109700	0.159100
1627302074.409347	0.894800	-0.097000	0.321900	0.712800	-0.112500	0.182000
1627302074.416482	0.897700	-0.091800	0.315700	0.741500	-0.111500	0.200000
1627302074.449600	0.902100	-0.079800	0.299600	0.766800	-0.116400	0.212600
1627302074.450497	0.908000	-0.082300	0.289900	0.789100	-0.128000	0.217800
1627302074.452715	0.913600	-0.082000	0.298000	0.815400	-0.141800	0.221700
1627302074.456430	0.917000	-0.087200	0.304200	0.845600	-0.144800	0.222600
1627302074.489806	0.915600	-0.094700	0.300400	0.871900	-0.146400	0.218700
1627302074.490697	0.915300	-0.109300	0.287700	0.890500	-0.147000	0.214700
1627302074.491614	0.915900	-0.124100	0.277200	0.907000	-0.156700	0.217800
1627302074.512391	0.924900	-0.131800	0.265400	0.921700	-0.169900	0.227200
1627302074.513309	0.930800	-0.121800	0.258800	0.936000	-0.188800	0.235200
1627302074.526434	0.934400	-0.111700	0.251500	0.948900	-0.210800	0.235500
1627302074.550868	0.932700	-0.103100	0.245500	0.963800	-0.232200	0.231200
1627302074.551757	0.935700	-0.099500	0.241000	0.983100	-0.254500	0.226900
1627302074.552582	0.938800	-0.093100	0.228500	1.013300	-0.284100	0.220200
1627302074.557764	0.938000	-0.087800	0.222300	1.039600	-0.314400	0.215600
1627302074.572684	0.940800	-0.086300	0.218900	1.060700	-0.345200	0.208900
1627302074.587546	0.937900	-0.079200	0.210200	1.080200	-0.384900	0.203700
1627302074.588450	0.942100	-0.066300	0.203200	1.087500	-0.417600	0.197000
1627302074.600314	0.949600	-0.053800	0.193800	1.094000	-0.453600	0.186300
1627302074.625938	0.956800	-0.041000	0.188700	1.099800	-0.499800	0.167100
1627302074.626831	0.958900	-0.034100	0.192600	1.112000	-0.538500	0.146300
1627302074.627639	0.957300	-0.032500	0.197400	1.130600	-0.568200	0.126100
1627302074.639051	0.954500	-0.037700	0.202000	1.170000	-0.596900	0.111800
1627302074.664766	0.947600	-0.046100	0.197100	1.209700	-0.612800	0.106300
1627302074.665669	0.946000	-0.049800	0.183100	1.255200	-0.632600	0.107500
1627302074.666487	0.952000	-0.053100	0.151600	1.302300	-0.665000	0.114500
1627302074.695844	0.960300	-0.050700	0.121800	1.338900	-0.709900	0.122500
1627302074.696734	0.972300	-0.046000	0.103000	1.367300	-0.763900	0.130400
1627302074.697545	0.986000	-0.037100	0.090700	1.399400	-0.831800	0.134700
1627302074.708966	0.986000	-0.037100	0.090700	1.399400	-0.831800	0.134700
1627302074.738422	0.991600	-0.029400	0.088600	1.456500	-0.955200	0.130400
1627302074.739342	0.991600	-0.029400	0.088600	1.456500	-0.955200	0.130400
1627302074.740326	0.989100	-0.031700	0.088400	1.495000	-1.003700	0.129800
1627302074.767117	0.988400	-0.037100	0.083900	1.537100	-1.044900	0.133800
1627302074.768003	0.989300	-0.038200	0.075200	1.576800	-1.072400	0.142000
1627302074.768991	0.990600	-0.040400	0.062400	1.618100	-1.102700	0.157600
1627302074.786061	0.998000	-0.035600	0.045500	1.647400	-1.125600	0.174400
1627302074.786962	1.018600	-0.027000	0.024400	1.661500	-1.143600	0.187200
1627302074.797806	1.034200	-0.021100	0.013100	1.652900	-1.165900	0.193900
1627302074.827321	1.047600	-0.019700	0.036700	1.636400	-1.180900	0.197900
1627302074.828594	1.047700	-0.026600	0.055500	1.620200	-1.156700	0.204000
1627302074.829440	1.043500	-0.040200	0.056900	1.603100	-1.110000	0.214700
1627302074.860124	1.039400	-0.058500	0.050300	1.581400	-1.048600	0.232100
1627302074.872217	1.031900	-0.072800	0.046000	1.558500	-0.982900	0.252300
1627302074.873106	1.025300	-0.078600	0.026100	1.530700	-0.902900	0.273700
1627302074.873967	1.027600	-0.068000	-0.008900	1.491000	-0.825600	0.289800
1627302074.876512	1.030400	-0.060200	-0.024700	1.462000	-0.771600	0.292300
1627302074.879464	1.030000	-0.049700	-0.029400	1.432400	-0.720900	0.283400
1627302074.903025	1.022300	-0.045300	-0.027700	1.397900	-0.659500	0.256900
1627302074.907064	1.012700	-0.044800	-0.027100	1.379200	-0.608800	0.231500
1627302074.907971	0.999900	-0.053000	-0.036600	1.369500	-0.558400	0.208900
1627302074.931729	0.990800	-0.072000	-0.049100	1.377400	-0.508900	0.197300
1627302074.935409	0.983300	-0.086200	-0.056800	1.393000	-0.477800	0.200400
1627302074.950169	0.980500	-0.095300	-0.065100	1.411600	-0.456700	0.212900
1627302074.953105	0.976400	-0.101700	-0.080700	1.437900	-0.452700	0.230600
1627302074.977707	0.969600	-0.106100	-0.079600	1.462900	-0.462500	0.248900
1627302074.979243	0.961400	-0.112200	-0.075800	1.490400	-0.476500	0.268500
1627302074.994888	0.953400	-0.121500	-0.071000	1.521000	-0.499400	0.295000
1627302074.996886	0.950100	-0.126500	-0.074200	1.541400	-0.526900	0.321300
1627302075.017891	0.945600	-0.129800	-0.085600	1.553000	-0.561800	0.342700
1627302075.018780	0.951800	-0.126300	-0.119600	1.553900	-0.618900	0.364100
1627302075.027664	0.959200	-0.117300	-0.153600	1.543900	-0.691600	0.373500
1627302075.038285	0.973500	-0.109700	-0.171600	1.532600	-0.781100	0.374100
1627302075.039173	0.987200	-0.095700	-0.181500	1.515100	-0.884900	0.363100
1627302075.062809	0.998500	-0.077900	-0.195100	1.503800	-0.992400	0.338700
1627302075.066674	1.010100	-0.065300	-0.190900	1.510000	-1.091700	0.303900
1627302075.076537	1.020100	-0.062700	-0.174600	1.535000	-1.187000	0.253500
1627302075.081934	1.022900	-0.070400	-0.164600	1.571000	-1.261800	0.197900
1627302075.104385	1.017200	-0.086700	-0.166500	1.612900	-1.313100	0.153000
1627302075.105225	1.020900	-0.107500	-0.175400	1.649500	-1.357700	0.112700
1627302075.116519	1.031100	-0.117100	-0.203500	1.674600	-1.398900	0.080600
1627302075.122180	1.042700	-0.115500	-0.233600	1.686800	-1.442000	0.051900
1627302075.143071	1.053200	-0.113900	-0.257300	1.690800	-1.490600	0.013400
1627302075.146500	1.066500	-0.107800	-0.283600	1.679500	-1.544000	-0.037000
1627302075.159978	1.070100	-0.106600	-0.296800	1.666600	-1.589200	-0.085200
1627302075.175582	1.067400	-0.111500	-0.282300	1.663900	-1.616100	-0.131700
1627302075.185006	1.055200	-0.114500	-0.262500	1.672800	-1.606900	-0.176200
1627302075.185906	1.042400	-0.122700	-0.244900	1.692300	-1.566300	-0.208000
1627302075.190078	1.032700	-0.141200	-0.227100	1.719500	-1.489700	-0.227900
1627302075.212539	1.028300	-0.156200	-0.229100	1.747900	-1.376000	-0.235200
1627302075.215332	1.036500	-0.164400	-0.254600	1.767100	-1.274000	-0.234000
1627302075.220921	1.045300	-0.159900	-0.301900	1.765000	-1.181500	-0.233700
1627302075.244849	1.052600	-0.153200	-0.348400	1.741500	-1.092900	-0.245300
1627302075.245759	1.055300	-0.155600	-0.369300	1.702400	-1.028100	-0.258700
1627302075.261965	1.057300	-0.155300	-0.380000	1.654400	-0.962800	-0.273400
1627302075.262869	1.056600	-0.163800	-0.368400	1.604600	-0.873000	-0.287100
1627302075.286658	1.055200	-0.173700	-0.346800	1.579300	-0.782300	-0.287700
1627302075.287855	1.047500	-0.184600	-0.332600	1.567700	-0.673500	-0.278600
1627302075.303586	1.043500	-0.199700	-0.327100	1.572000	-0.533000	-0.248300
1627302075.306909	1.042000	-0.201200	-0.330000	1.580500	-0.420000	-0.220200
1627302075.307797	1.039100	-0.200100	-0.341300	1.591200	-0.315300	-0.191500
1627302075.333103	1.035500	-0.202500	-0.350600	1.609800	-0.208700	-0.159100
1627302075.335288	1.028100	-0.209200	-0.347200	1.634000	-0.124400	-0.125200
1627302075.350144	1.023700	-0.215300	-0.357400	1.654400	-0.053200	-0.091900
1627302075.353180	1.026400	-0.217800	-0.379200	1.668200	0.007900	-0.054100
1627302075.376729	1.034800	-0.214200	-0.398200	1.666300	0.039000	-0.026900
1627302075.377866	1.047400	-0.207500	-0.406200	1.655000	0.049100	-0.012800
1627302075.386544	1.053700	-0.192700	-0.404800	1.635500	0.052500	-0.012500
1627302075.397053	1.058200	-0.186900	-0.396900	1.607400	0.054000	-0.027800
1627302075.397943	1.056000	-0.184400	-0.383400	1.579300	0.063800	-0.049200
1627302075.421889	1.050400	-0.189200	-0.362900	1.540500	0.091000	-0.074200
1627302075.425439	1.044700	-0.193800	-0.335200	1.500200	0.138600	-0.095900
1627302075.433997	1.039700	-0.195700	-0.317600	1.463500	0.203400	-0.110300
1627302075.443152	1.039700	-0.195800	-0.322800	1.421100	0.281200	-0.124000
1627302075.466387	1.042200	-0.198600	-0.327500	1.379200	0.353900	-0.135000
1627302075.468190	1.047600	-0.202800	-0.330100	1.342300	0.413500	-0.139900
1627302075.483284	1.045700	-0.206200	-0.328100	1.313600	0.471200	-0.133500
1627302075.484174	1.040200	-0.205900	-0.322800	1.291900	0.532000	-0.118800
1627302075.503116	1.034800	-0.206300	-0.321500	1.282100	0.580300	-0.097100
1627302075.503924	1.037200	-0.200600	-0.320400	1.272000	0.626400	-0.069300
1627302075.513888	1.043200	-0.193100	-0.316900	1.257100	0.670100	-0.034200
1627302075.538431	1.047900	-0.190300	-0.306500	1.241800	0.701200	-0.004600
1627302075.539322	1.050300	-0.191300	-0.278600	1.229600	0.737900	0.029900
1627302075.550415	1.050800	-0.195200	-0.247100	1.216700	0.790400	0.073900
1627302075.556350	1.048200	-0.196500	-0.228000	1.207900	0.841100	0.112100
1627302075.576465	1.048500	-0.199600	-0.214800	1.200200	0.894200	0.149000
1627302075.585894	1.053300	-0.194500	-0.219500	1.179200	0.950700	0.190300
1627302075.586796	1.053600	-0.187000	-0.221200	1.156000	0.982800	0.214100
1627302075.593809	1.054400	-0.175500	-0.219000	1.119300	1.005700	0.226300
1627302075.616463	1.053000	-0.161000	-0.201200	1.065900	1.028000	0.227500
1627302075.617533	1.049300	-0.156700	-0.181800	1.016400	1.048200	0.217500
1627302075.633011	1.040300	-0.154500	-0.160500	0.959300	1.074100	0.202800
1627302075.635807	1.020900	-0.158600	-0.131100	0.899700	1.117800	0.179900
1627302075.636711	1.000400	-0.166700	-0.111500	0.858800	1.157800	0.164900
1627302075.660573	0.986300	-0.174800	-0.091400	0.827900	1.201500	0.152100
1627302075.664174	0.975800	-0.184900	-0.072600	0.803200	1.252500	0.145100
1627302075.676194	0.970900	-0.188700	-0.066400	0.790400	1.287900	0.141400
1627302075.691255	0.961400	-0.186900	-0.061200	0.783900	1.309300	0.140800
1627302075.703521	0.948100	-0.189500	-0.055800	0.778800	1.317600	0.136200
1627302075.704422	0.933500	-0.185700	-0.051900	0.765000	1.316700	0.130700
1627302075.705236	0.923500	-0.182400	-0.056500	0.746700	1.300800	0.125200
1627302075.728793	0.917200	-0.175200	-0.050700	0.721900	1.262300	0.111200
1627302075.744054	0.912200	-0.168000	-0.032700	0.693200	1.219500	0.095900
1627302075.749359	0.912700	-0.165800	-0.015000	0.667600	1.177400	0.074800
1627302075.750265	0.914700	-0.162600	0.001300	0.627300	1.125800	0.046700
1627302075.774023	0.913600	-0.169300	0.015900	0.578700	1.068300	0.015300
1627302075.775508	0.911100	-0.180200	0.030200	0.536800	1.015800	-0.008600
1627302075.791076	0.907300	-0.189900	0.049300	0.491300	0.960800	-0.030300
1627302075.794397	0.911400	-0.191800	0.070400	0.453200	0.907700	-0.053200
1627302075.819341	0.918600	-0.191800	0.082900	0.422900	0.859700	-0.079400
1627302075.820160	0.926500	-0.190800	0.088400	0.388400	0.804800	-0.113600
1627302075.822656	0.931600	-0.188100	0.084800	0.343200	0.731800	-0.160400
1627302075.838025	0.928000	-0.186800	0.083100	0.298900	0.660900	-0.202800
1627302075.851419	0.919800	-0.185400	0.086400	0.244500	0.582400	-0.248300
1627302075.862296	0.917600	-0.188000	0.098500	0.168500	0.499000	-0.299000
1627302075.863184	0.910300	-0.189200	0.119400	0.097900	0.438800	-0.338700
1627302075.866421	0.901100	-0.192100	0.147600	0.019700	0.389400	-0.371400
1627302075.882764	0.894900	-0.194100	0.176000	-0.062700	0.357900	-0.394900
1627302075.893066	0.890000	-0.195600	0.191900	-0.127800	0.346900	-0.407200
1627302075.895759	0.886400	-0.193800	0.199000	-0.177900	0.342600	-0.413000
1627302075.920273	0.878800	-0.193400	0.199600	-0.226700	0.339600	-0.413900
1627302075.922706	0.871900	-0.190100	0.193800	-0.256700	0.337700	-0.410200
1627302075.937338	0.869400	-0.189000	0.187000	-0.281400	0.330400	-0.404400
1627302075.962185	0.866000	-0.189300	0.188500	-0.304900	0.316700	-0.394600
1627302075.963070	0.861100	-0.187600	0.185800	-0.320200	0.303800	-0.381200
1627302075.964179	0.856100	-0.188200	0.191200	-0.334200	0.289200	-0.365000
1627302075.973995	0.854400	-0.184200	0.200900	-0.351000	0.275400	-0.339000
1627302075.983310	0.853500	-0.181200	0.214100	-0.361700	0.265700	-0.315800
1627302076.005462	0.851400	-0.172400	0.232300	-0.365700	0.259600	-0.290500
1627302076.006240	0.848900	-0.163600	0.243900	-0.375500	0.262600	-0.260900
1627302076.012296	0.847700	-0.153100	0.250600	-0.388600	0.263500	-0.237300
1627302076.033856	0.847200	-0.147000	0.255000	-0.409700	0.264400	-0.222400
1627302076.035368	0.843900	-0.140000	0.252600	-0.453100	0.260200	-0.211400
1627302076.050591	0.838600	-0.131300	0.243400	-0.501300	0.247000	-0.211400
1627302076.054563	0.836200	-0.123900	0.228600	-0.554200	0.225000	-0.219000
1627302076.055480	0.837200	-0.125000	0.209000	-0.617400	0.179200	-0.237600
1627302076.080740	0.835700	-0.122800	0.197300	-0.672400	0.126400	-0.259900
1627302076.082947	0.839600	-0.123200	0.180200	-0.715700	0.066800	-0.285300
1627302076.092772	0.843500	-0.121500	0.165600	-0.754500	-0.014400	-0.318000
1627302076.099439	0.851100	-0.123200	0.159200	-0.782900	-0.103600	-0.351600
1627302076.122663	0.857500	-0.125500	0.153800	-0.799100	-0.186400	-0.379400
1627302076.123873	0.864000	-0.127400	0.147200	-0.805500	-0.279500	-0.400700
1627302076.139480	0.867100	-0.131000	0.146500	-0.816800	-0.369300	-0.413900
1627302076.144417	0.875100	-0.133900	0.160000	-0.826300	-0.443600	-0.415100
1627302076.165642	0.884000	-0.132000	0.163700	-0.835500	-0.506200	-0.404400
1627302076.166647	0.893800	-0.122900	0.157200	-0.841900	-0.564500	-0.387900
1627302076.173633	0.909400	-0.114400	0.154300	-0.844300	-0.614600	-0.377800
1627302076.190058	0.924900	-0.111100	0.145400	-0.848000	-0.664100	-0.372900
1627302076.202141	0.935700	-0.113600	0.131000	-0.857800	-0.722100	-0.369000
1627302076.203045	0.943400	-0.117200	0.125500	-0.866600	-0.772200	-0.365600
1627302076.206368	0.947300	-0.122800	0.125600	-0.881300	-0.818900	-0.356800
1627302076.228815	0.953900	-0.130900	0.111600	-0.906900	-0.862000	-0.339300
1627302076.244254	0.962000	-0.133700	0.101900	-0.928900	-0.901400	-0.318000
1627302076.249500	0.971700	-0.129900	0.088000	-0.958900	-0.937100	-0.293800
1627302076.250405	0.982500	-0.125900	0.071700	-0.994900	-0.986600	-0.262100
1627302076.273986	0.991300	-0.120400	0.059600	-1.025700	-1.024200	-0.242200
1627302076.275560	0.999800	-0.116600	0.041600	-1.055700	-1.064200	-0.225100
1627302076.291172	1.005500	-0.116900	0.018100	-1.093200	-1.114300	-0.212900
1627302076.294648	1.011000	-0.119000	0.006700	-1.123500	-1.150300	-0.204000
1627302076.295546	1.010500	-0.126800	-0.009600	-1.153400	-1.180900	-0.191800
1627302076.318861	1.012600	-0.136800	-0.029100	-1.178800	-1.212000	-0.164900
1627302076.322671	1.015300	-0.141700	-0.041600	-1.192200	-1.232200	-0.132900
1627302076.338106	1.016500	-0.146900	-0.054200	-1.198600	-1.246200	-0.091600
1627302076.341999	1.013900	-0.149700	-0.071700	-1.203200	-1.254200	-0.038200
1627302076.365674	1.014300	-0.149900	-0.083400	-1.207800	-1.254200	0.007900
1627302076.366585	1.012200	-0.151000	-0.096300	-1.213000	-1.239200	0.052200
1627302076.372741	1.010900	-0.152300	-0.110400	-1.224600	-1.215700	0.102000
1627302076.384408	1.013400	-0.166600	-0.124000	-1.234700	-1.188200	0.151500
1627302076.385293	1.014800	-0.180500	-0.133900	-1.255700	-1.159200	0.201000
1627302076.408054	1.005000	-0.186200	-0.137800	-1.276800	-1.115200	0.266000
1627302076.417697	0.994100	-0.182400	-0.140400	-1.302200	-1.066900	0.316400
1627302076.426399	0.984700	-0.175500	-0.144200	-1.331200	-1.013800	0.353400
1627302076.429687	0.971200	-0.164300	-0.162600	-1.368700	-0.949000	0.381500
1627302076.453696	0.963000	-0.160800	-0.178500	-1.412700	-0.894400	0.405300
1627302076.455013	0.961400	-0.155900	-0.191400	-1.459800	-0.849200	0.424800
1627302076.467585	0.958100	-0.154400	-0.213700	-1.520200	-0.807900	0.453600
1627302076.473058	0.962500	-0.151500	-0.247300	-1.591700	-0.785000	0.483200
1627302076.492170	0.969600	-0.149500	-0.284400	-1.658000	-0.785300	0.500600
1627302076.493068	0.974700	-0.149700	-0.321500	-1.734300	-0.811000	0.514600
1627302076.500299	0.972200	-0.149700	-0.336900	-1.801200	-0.848600	0.522000
1627302076.521753	0.962000	-0.150000	-0.327100	-1.843100	-0.874500	0.529300
1627302076.522561	0.952800	-0.147800	-0.308500	-1.866000	-0.879700	0.537200
1627302076.532525	0.953400	-0.143300	-0.306200	-1.868400	-0.865000	0.548200
1627302076.552144	0.959500	-0.143300	-0.328700	-1.858400	-0.852800	0.554000
1627302076.553040	0.967700	-0.142200	-0.358000	-1.838800	-0.848600	0.558300
1627302076.568056	0.975100	-0.144800	-0.383500	-1.813800	-0.852800	0.556200
1627302076.572541	0.978000	-0.147200	-0.396600	-1.798200	-0.858000	0.547000
1627302076.582896	0.982400	-0.150300	-0.404700	-1.782000	-0.860500	0.535100
1627302076.598670	0.969700	-0.149000	-0.399800	-1.766400	-0.858900	0.518000
1627302076.603159	0.960400	-0.147600	-0.386800	-1.758800	-0.830200	0.504600
1627302076.604055	0.953000	-0.154200	-0.384600	-1.751800	-0.785900	0.490200
1627302076.629252	0.958500	-0.164300	-0.388700	-1.736500	-0.720900	0.482600
1627302076.632740	0.967500	-0.174400	-0.389000	-1.727600	-0.663800	0.477700
1627302076.643970	0.972800	-0.179400	-0.394300	-1.718200	-0.603300	0.476200
1627302076.645811	0.977700	-0.192400	-0.399700	-1.713000	-0.525100	0.472200
1627302076.669472	0.979200	-0.199000	-0.410200	-1.709000	-0.459700	0.467300
1627302076.671559	0.983300	-0.195200	-0.413100	-1.705600	-0.397400	0.458100
1627302076.682747	0.975300	-0.197400	-0.408300	-1.707500	-0.318000	0.438900
1627302076.690829	0.965100	-0.200400	-0.396900	-1.716900	-0.241700	0.422400
1627302076.710573	0.964200	-0.207300	-0.378500	-1.735900	-0.158000	0.412300
1627302076.712765	0.958000	-0.210800	-0.357100	-1.765500	-0.056300	0.411400
1627302076.721508	0.948900	-0.203100	-0.337400	-1.808000	0.036300	0.412300
1627302076.729503	0.938000	-0.187300	-0.339500	-1.869400	0.123300	0.408400
1627302076.751783	0.931900	-0.168600	-0.388700	-1.939000	0.205200	0.395200
1627302076.752594	0.930400	-0.152800	-0.449800	-1.992700	0.234500	0.374400
1627302076.765484	0.929900	-0.149800	-0.497200	-2.025400	0.231100	0.345700
1627302076.768258	0.931400	-0.157600	-0.552000	-2.033100	0.193300	0.318900
1627302076.793539	0.928800	-0.167400	-0.603500	-2.010500	0.126100	0.303000
1627302076.794423	0.931800	-0.179100	-0.636600	-1.965000	0.050900	0.303900
1627302076.801599	0.935100	-0.188200	-0.648300	-1.889800	-0.037900	0.321300
1627302076.807607	0.937000	-0.193600	-0.639900	-1.807000	-0.112200	0.345700
1627302076.831824	0.938700	-0.189900	-0.619300	-1.722100	-0.158600	0.373200
1627302076.832933	0.934700	-0.185400	-0.596700	-1.623200	-0.180300	0.404400
1627302076.850872	0.936800	-0.179700	-0.574500	-1.528200	-0.175700	0.433400
1627302076.851751	0.936900	-0.173200	-0.561600	-1.454600	-0.148800	0.456900
1627302076.852553	0.938000	-0.166900	-0.557700	-1.385500	-0.106400	0.481000
1627302076.876578	0.941000	-0.166500	-0.562700	-1.324200	-0.049200	0.508200
1627302076.890998	0.942000	-0.172500	-0.562900	-1.282600	0.005400	0.536000
1627302076.891952	0.938500	-0.182900	-0.560100	-1.257600	0.068700	0.570200
1627302076.892786	0.942600	-0.192000	-0.553600	-1.244100	0.147500	0.613600
1627302076.916356	0.951300	-0.191900	-0.545300	-1.239500	0.220500	0.648100
1627302076.931993	0.959100	-0.198000	-0.527300	-1.234100	0.306600	0.682900
1627302076.936885	0.959800	-0.205000	-0.487300	-1.221500	0.415000	0.719000
1627302076.962715	0.962200	-0.203400	-0.449800	-1.206000	0.533800	0.753200
1627302076.963828	0.967300	-0.194700	-0.442300	-1.188500	0.666400	0.777300
1627302076.969779	0.980700	-0.188700	-0.457900	-1.168100	0.809900	0.801700
1627302076.970667	0.990500	-0.180700	-0.476300	-1.160100	0.898800	0.811500
1627302076.980277	0.990800	-0.177700	-0.479900	-1.158300	0.966900	0.814600
1627302076.981162	0.987900	-0.176800	-0.466400	-1.164700	1.042400	0.813700
1627302077.012063	0.986200	-0.176900	-0.451900	-1.180600	1.104400	0.810300
1627302077.012945	0.981800	-0.177900	-0.452000	-1.203500	1.157500	0.803300
1627302077.033061	0.986700	-0.178100	-0.459800	-1.231600	1.204600	0.789200
1627302077.033872	0.993300	-0.174200	-0.468600	-1.260000	1.225600	0.776100
1627302077.046525	0.993000	-0.166700	-0.479700	-1.291800	1.222900	0.751700
1627302077.055810	0.982200	-0.165400	-0.462600	-1.317100	1.211300	0.722000
1627302077.076137	0.977500	-0.169200	-0.444100	-1.323200	1.216500	0.702500
1627302077.076983	0.981800	-0.167800	-0.441500	-1.318000	1.223200	0.683500
1627302077.080320	0.976800	-0.169400	-0.430100	-1.286300	1.220100	0.653900
1627302077.091415	0.968000	-0.178600	-0.404100	-1.243200	1.226200	0.631900
1627302077.094299	0.961400	-0.183200	-0.386400	-1.199800	1.246700	0.614800
1627302077.119369	0.961300	-0.186300	-0.367100	-1.140300	1.275100	0.596500
1627302077.122809	0.962600	-0.190300	-0.349000	-1.077100	1.311500	0.575400
1627302077.131389	0.966600	-0.187300	-0.334400	-1.016300	1.345100	0.552200
1627302077.139832	0.967700	-0.179900	-0.328600	-0.937500	1.375900	0.518000
1627302077.158149	0.962200	-0.176300	-0.318800	-0.852900	1.400300	0.475200
1627302077.160381	0.961800	-0.164600	-0.307900	-0.763100	1.416500	0.434000
1627302077.171653	0.965900	-0.133400	-0.275800	-0.644600	1.431800	0.371400
1627302077.178556	0.980000	-0.094000	-0.254200	-0.518400	1.449200	0.293500
1627302077.190399	0.969800	-0.066500	-0.239900	-0.397200	1.451000	0.206500
1627302077.204659	0.948500	-0.059200	-0.216400	-0.270400	1.448900	0.114800
1627302077.228480	0.939200	-0.068100	-0.211700	-0.145800	1.456900	0.028700
1627302077.229342	0.945600	-0.092800	-0.234100	-0.066400	1.443700	-0.023200
1627302077.230112	0.964700	-0.114300	-0.240800	-0.023000	1.397300	-0.061700
1627302077.245318	0.980300	-0.127100	-0.208500	-0.004100	1.330700	-0.093800
1627302077.249394	0.982500	-0.125000	-0.171500	-0.000700	1.282800	-0.115500
1627302077.273285	0.982300	-0.113400	-0.146400	0.016100	1.243700	-0.133200
1627302077.274098	0.986800	-0.101700	-0.122300	0.046300	1.202400	-0.153000
1627302077.281542	0.995500	-0.096700	-0.104600	0.080800	1.166400	-0.174400
1627302077.292178	1.006800	-0.093400	-0.095900	0.108900	1.129700	-0.204000
1627302077.293076	0.973500	-0.014200	-0.145300	0.177400	1.066800	-0.270900
1627302077.316817	1.010400	-0.046400	-0.159200	0.198100	0.934600	-0.385200
1627302077.320284	1.024300	-0.111000	-0.134200	0.288500	0.900700	-0.464300
1627302077.335120	0.932600	-0.097300	-0.131000	0.288200	0.708800	-0.581300
1627302077.359345	1.020500	-0.219500	-0.021500	0.290700	0.684400	-0.660100
1627302077.360222	0.986000	-0.306300	-0.072500	0.322700	0.672200	-0.639900
1627302077.361614	1.032000	-0.329600	-0.093900	0.350800	0.515500	-0.603900
1627302077.377081	1.037700	-0.350600	-0.000700	0.357600	0.482500	-0.549200
1627302077.385748	1.024200	-0.345200	-0.028200	0.364300	0.467900	-0.478600
1627302077.408108	1.026500	-0.322000	-0.042200	0.364300	0.385700	-0.413000
1627302077.409063	1.020900	-0.325100	0.023100	0.326700	0.334100	-0.355800
1627302077.413935	1.000700	-0.325700	0.072600	0.273300	0.340500	-0.297800
1627302077.425911	0.980000	-0.302100	0.098900	0.186800	0.361600	-0.237900
1627302077.426785	0.968100	-0.280300	0.142000	0.100100	0.393300	-0.195800
1627302077.449334	0.949000	-0.260400	0.171500	0.023100	0.459900	-0.159100
1627302077.450382	0.931300	-0.226000	0.167700	-0.039800	0.544800	-0.127700
1627302077.461606	0.929400	-0.202800	0.158100	-0.078900	0.621500	-0.109400
1627302077.469540	0.932000	-0.194500	0.147900	-0.095700	0.677700	-0.099000
1627302077.490954	0.931500	-0.195100	0.137500	-0.087800	0.728100	-0.086500
1627302077.491868	0.929600	-0.203100	0.117200	-0.062400	0.757400	-0.070000
1627302077.496428	0.927000	-0.213400	0.104000	-0.027000	0.758300	-0.050700
1627302077.520360	0.922500	-0.224200	0.096100	0.028900	0.736300	-0.021400
1627302077.531959	0.915000	-0.228300	0.096300	0.090900	0.706400	0.013100
1627302077.532851	0.911100	-0.224200	0.090000	0.155700	0.668500	0.042100
1627302077.554281	0.910400	-0.214800	0.088400	0.229000	0.615100	0.066900
1627302077.555223	0.909400	-0.206300	0.090000	0.320600	0.547900	0.090400
1627302077.560298	0.908600	-0.197300	0.100000	0.403100	0.488000	0.103500
1627302077.575708	0.909300	-0.192400	0.110000	0.491900	0.426600	0.114200
1627302077.576604	0.910300	-0.189900	0.118300	0.588200	0.358800	0.120900
1627302077.598067	0.906900	-0.191000	0.134800	0.664800	0.304500	0.124300
1627302077.600277	0.902200	-0.191800	0.152700	0.733900	0.258000	0.124600
1627302077.610126	0.895100	-0.191200	0.171500	0.805300	0.212500	0.120600
1627302077.618448	0.892000	-0.187700	0.179600	0.859100	0.182900	0.113300
1627302077.637079	0.892800	-0.191700	0.179900	0.905800	0.158200	0.107200
1627302077.639073	0.894000	-0.191500	0.167700	0.963500	0.117500	0.109300
1627302077.653855	0.895100	-0.183700	0.158000	1.009400	0.078100	0.114200
1627302077.657527	0.899700	-0.169400	0.159300	1.056100	0.039000	0.122800
1627302077.683270	0.908700	-0.151100	0.161900	1.110800	-0.007700	0.126400
1627302077.684230	0.915600	-0.137300	0.164700	1.153500	-0.047100	0.126700
1627302077.691599	0.922600	-0.128900	0.163200	1.191400	-0.084700	0.123700
1627302077.703430	0.932300	-0.121700	0.153100	1.225600	-0.137500	0.118800
1627302077.727280	0.938800	-0.115000	0.141500	1.240000	-0.189400	0.112700
1627302077.728295	0.941900	-0.113800	0.134900	1.250600	-0.246900	0.110200
1627302077.730225	0.941000	-0.115200	0.126800	1.260100	-0.319500	0.110600
1627302077.743215	0.942400	-0.117300	0.114300	1.265600	-0.384300	0.111200
1627302077.744110	0.945300	-0.108000	0.104000	1.276000	-0.449400	0.111200
1627302077.768317	0.943800	-0.117800	0.094400	1.283900	-0.523000	0.109900
1627302077.770478	0.943200	-0.126700	0.096900	1.284900	-0.590500	0.113000
1627302077.780232	0.948200	-0.113200	0.104500	1.286400	-0.640900	0.118500
1627302077.784482	0.948900	-0.104200	0.090200	1.284500	-0.691900	0.120900
1627302077.808352	0.951700	-0.104600	0.064800	1.274500	-0.742300	0.121900
1627302077.809171	0.953700	-0.103800	0.051400	1.265900	-0.791400	0.128300
1627302077.814968	0.960400	-0.099500	0.039700	1.253400	-0.840900	0.138700
1627302077.836498	0.969800	-0.091100	0.026200	1.238100	-0.884000	0.146600
1627302077.852355	0.982100	-0.081800	0.010000	1.221000	-0.920300	0.146000
1627302077.855701	0.990100	-0.083900	0.002000	1.200200	-0.957000	0.145100
1627302077.868635	0.992800	-0.099100	-0.002000	1.180400	-0.987500	0.149600
1627302077.869526	0.993800	-0.103900	-0.010300	1.159600	-1.000000	0.160900
1627302077.880314	0.997100	-0.110400	-0.030300	1.129700	-1.013500	0.169800
1627302077.883809	0.997400	-0.116900	-0.040300	1.100100	-1.030900	0.173500
1627302077.908451	0.993200	-0.122100	-0.031000	1.077200	-1.037300	0.174100
1627302077.909434	0.989100	-0.130100	-0.035400	1.050300	-1.030600	0.176200
1627302077.915078	0.987300	-0.129000	-0.055500	1.023400	-1.026000	0.175600
1627302077.936612	0.986900	-0.126100	-0.070600	1.005100	-1.028500	0.168900
1627302077.939008	0.987200	-0.117700	-0.080600	0.988000	-1.034300	0.158800
1627302077.954023	0.985400	-0.106900	-0.102300	0.965400	-1.042800	0.133800
1627302077.958260	0.982100	-0.102400	-0.117900	0.960500	-1.060800	0.107200
1627302077.981997	0.980300	-0.104200	-0.110700	0.961100	-1.074300	0.073600
1627302077.982976	0.982400	-0.115600	-0.103400	0.972400	-1.074900	0.032400
1627302077.990276	0.984000	-0.128400	-0.112300	0.986400	-1.076700	0.004900
1627302078.003101	0.981700	-0.147500	-0.128800	1.003900	-1.075800	-0.014100
1627302078.003986	0.989100	-0.159100	-0.166900	1.013300	-1.081900	-0.029000
1627302078.026065	0.995600	-0.156200	-0.208500	1.004800	-1.103600	-0.044300
1627302078.028795	1.005900	-0.152200	-0.244100	0.984000	-1.143600	-0.072400
1627302078.043949	1.014000	-0.138500	-0.262800	0.953200	-1.210200	-0.125200
1627302078.046951	1.016800	-0.124100	-0.266600	0.929900	-1.264200	-0.180500
1627302078.071463	1.021200	-0.116100	-0.269200	0.915300	-1.317100	-0.242500
1627302078.072964	1.023200	-0.106600	-0.277700	0.909200	-1.383400	-0.307600
1627302078.088075	1.027500	-0.103800	-0.296900	0.910100	-1.449000	-0.356100
1627302078.090711	1.028600	-0.108200	-0.324600	0.905800	-1.519600	-0.389400
1627302078.111795	1.021500	-0.115400	-0.345600	0.886900	-1.608200	-0.417800
1627302078.112696	1.017300	-0.116800	-0.340100	0.858500	-1.672900	-0.437400
1627302078.120346	1.013300	-0.121000	-0.312700	0.829500	-1.710200	-0.460600
1627302078.130701	1.013800	-0.132800	-0.282800	0.806800	-1.713200	-0.478600
1627302078.131599	0.995500	-0.129400	-0.265600	0.809900	-1.696400	-0.490500
1627302078.155845	0.968500	-0.129800	-0.231200	0.822400	-1.639300	-0.501200
1627302078.159188	0.949800	-0.129200	-0.232100	0.857200	-1.532700	-0.514400
1627302078.171223	0.942600	-0.130200	-0.240500	0.901500	-1.406600	-0.525400
1627302078.179322	0.945800	-0.136600	-0.243800	0.948300	-1.278600	-0.527800
1627302078.194791	0.947900	-0.144200	-0.248000	1.005100	-1.117600	-0.519200
1627302078.199678	0.947100	-0.154500	-0.263300	1.071000	-0.955200	-0.497000
1627302078.220568	0.948100	-0.162500	-0.290400	1.129700	-0.811300	-0.468200
1627302078.221688	0.948900	-0.165300	-0.338900	1.194100	-0.676300	-0.429500
1627302078.228930	0.954000	-0.161300	-0.387500	1.251600	-0.576700	-0.392500
1627302078.244517	0.959200	-0.154200	-0.420800	1.302000	-0.519600	-0.364100
1627302078.262601	0.964500	-0.143600	-0.455000	1.342900	-0.487500	-0.346100
1627302078.263500	0.967800	-0.132900	-0.484400	1.378900	-0.481400	-0.336000
1627302078.270359	0.970100	-0.130400	-0.492600	1.397600	-0.494300	-0.331100
1627302078.280227	0.970900	-0.124500	-0.491900	1.407300	-0.510400	-0.329900
1627302078.283255	0.973000	-0.121900	-0.484900	1.407600	-0.530300	-0.331400
1627302078.306683	0.971400	-0.124300	-0.471200	1.399700	-0.540100	-0.336000
1627302078.307689	0.971100	-0.125200	-0.458400	1.389900	-0.539500	-0.340600
1627302078.322157	0.966900	-0.124800	-0.457500	1.360300	-0.524200	-0.351000
1627302078.337195	0.970500	-0.121600	-0.466800	1.325500	-0.508900	-0.361600
1627302078.338089	0.977400	-0.118800	-0.472700	1.283600	-0.488800	-0.376000
1627302078.352809	0.984500	-0.119400	-0.480300	1.234200	-0.465800	-0.389700
1627302078.356324	0.981800	-0.121300	-0.476300	1.201500	-0.440500	-0.397700
1627302078.379203	0.978600	-0.127700	-0.474100	1.176400	-0.408400	-0.395200
1627302078.387228	0.970800	-0.133100	-0.467000	1.150500	-0.349500	-0.383600
1627302078.393062	0.970700	-0.137500	-0.472300	1.133400	-0.293000	-0.364700
1627302078.394000	0.975700	-0.139400	-0.478000	1.109200	-0.235600	-0.340000
1627302078.415549	0.986800	-0.132200	-0.493200	1.070700	-0.162200	-0.308500
1627302078.417819	0.991300	-0.120700	-0.510600	1.033500	-0.100600	-0.283500
1627302078.433391	0.995600	-0.110700	-0.522300	0.990700	-0.044700	-0.267900
1627302078.435749	1.001000	-0.104200	-0.528100	0.942500	0.017000	-0.251100
1627302078.456939	1.004800	-0.097900	-0.517800	0.906700	0.079000	-0.237000
1627302078.457889	1.000700	-0.095800	-0.512000	0.876500	0.143800	-0.225700
1627302078.467738	0.991200	-0.094400	-0.495000	0.842900	0.231800	-0.212300
1627302078.474476	0.990200	-0.099200	-0.476700	0.807800	0.325500	-0.198200
1627302078.500153	0.992900	-0.096700	-0.464600	0.774200	0.419300	-0.186300
1627302078.501549	0.993000	-0.085100	-0.449300	0.741200	0.526200	-0.179600
1627302078.523455	0.991600	-0.072500	-0.432500	0.717700	0.637400	-0.177200
1627302078.529679	0.987800	-0.062100	-0.427200	0.708500	0.735400	-0.179000
1627302078.530572	0.985200	-0.054300	-0.418900	0.706400	0.839000	-0.182700
1627302078.537722	0.987200	-0.057500	-0.421000	0.714300	0.934300	-0.182100
1627302078.558229	0.986700	-0.055500	-0.426600	0.720100	1.001800	-0.176900
1627302078.559033	0.989400	-0.052000	-0.415000	0.728000	1.064700	-0.168900
1627302078.569121	0.991000	-0.048800	-0.401600	0.738700	1.123300	-0.157300
1627302078.579451	0.993300	-0.043300	-0.387900	0.747900	1.169400	-0.146600
1627302078.603075	0.997300	-0.040400	-0.368200	0.755800	1.208800	-0.136200
1627302078.603888	0.994900	-0.041300	-0.341700	0.755200	1.250400	-0.130100
1627302078.607693	0.985700	-0.044600	-0.321700	0.751900	1.290100	-0.123700
1627302078.622046	0.981200	-0.046400	-0.308200	0.752200	1.331900	-0.113000
1627302078.622940	0.981300	-0.041300	-0.294200	0.748200	1.373500	-0.103900
1627302078.646449	0.980100	-0.030000	-0.275500	0.737200	1.409800	-0.107200
1627302078.647659	0.979000	-0.022900	-0.256300	0.718300	1.448000	-0.120400
1627302078.663060	0.983200	-0.010300	-0.234100	0.680400	1.493200	-0.146300
1627302078.673201	0.979700	-0.003500	-0.212600	0.642500	1.533800	-0.175600
1627302078.686068	0.975100	-0.002200	-0.190200	0.599200	1.577500	-0.206500
1627302078.686965	0.974400	-0.002100	-0.173800	0.539600	1.630600	-0.237600
1627302078.697831	0.977200	-0.004500	-0.168300	0.490400	1.664900	-0.257200
1627302078.701308	0.978300	-0.005000	-0.166500	0.445200	1.682900	-0.271800
1627302078.726074	0.975300	-0.016200	-0.157000	0.387200	1.685900	-0.284100
1627302078.726955	0.974100	-0.019700	-0.144800	0.342600	1.676500	-0.285900
1627302078.736761	0.974400	-0.022200	-0.129300	0.299800	1.656600	-0.280100
1627302078.742727	0.973900	-0.024300	-0.108300	0.263500	1.624500	-0.269100
1627302078.767498	0.974400	-0.030000	-0.085000	0.245500	1.591500	-0.257200
1627302078.768389	0.975000	-0.027700	-0.054200	0.236000	1.561000	-0.246800
1627302078.776571	0.972200	-0.028300	-0.040900	0.229600	1.526500	-0.237900
1627302078.783885	0.967200	-0.029500	-0.039200	0.224400	1.483700	-0.229400
1627302078.807364	0.967400	-0.024900	-0.036500	0.223500	1.429100	-0.215600
1627302078.813217	0.969200	-0.022300	-0.040400	0.225600	1.350900	-0.195800
1627302078.814135	0.972200	-0.023300	-0.035800	0.228400	1.265300	-0.178400
1627302078.834343	0.968900	-0.022800	-0.022900	0.229300	1.175900	-0.162500
1627302078.836557	0.960300	-0.021600	-0.015300	0.217700	1.075100	-0.153600
1627302078.848996	0.955200	-0.015400	-0.015700	0.192300	0.976100	-0.150600
1627302078.861663	0.951900	-0.010300	-0.014900	0.155700	0.886000	-0.158500
1627302078.876002	0.947800	-0.002700	0.000000	0.105600	0.785200	-0.172000
1627302078.876895	0.946400	0.000600	0.015600	0.048500	0.696300	-0.194300
1627302078.878867	0.944000	0.007100	0.029100	-0.007700	0.626100	-0.219600
1627302078.905539	0.940900	0.008100	0.042600	-0.070000	0.554300	-0.253200
1627302078.911960	0.937600	0.005600	0.046000	-0.133000	0.486800	-0.285900
1627302078.912851	0.936300	0.000000	0.046900	-0.184900	0.426600	-0.311600
1627302078.934364	0.939800	-0.007800	0.051100	-0.237100	0.358800	-0.334200
1627302078.936637	0.936600	-0.015000	0.054900	-0.293300	0.284600	-0.352800
1627302078.951546	0.935400	-0.017500	0.052100	-0.339400	0.222000	-0.364400
1627302078.954556	0.934200	-0.021000	0.043700	-0.381000	0.153300	-0.370200
1627302078.979509	0.934800	-0.022000	0.044700	-0.424000	0.078100	-0.371100
1627302078.980467	0.937500	-0.026000	0.057700	-0.453700	0.020100	-0.365000
1627302078.987799	0.940400	-0.024400	0.076300	-0.484200	-0.023300	-0.349700
1627302078.998315	0.942900	-0.020600	0.092000	-0.509300	-0.057800	-0.323200
1627302078.999210	0.948000	-0.021700	0.101100	-0.529700	-0.074300	-0.295700
1627302079.023074	0.951300	-0.022000	0.104500	-0.556000	-0.084400	-0.263000
1627302079.026492	0.959000	-0.024000	0.094500	-0.586500	-0.099000	-0.218100
1627302079.041560	0.963600	-0.024700	0.086400	-0.612500	-0.118600	-0.177200
1627302079.043109	0.962900	-0.030200	0.081400	-0.641500	-0.141800	-0.132300
1627302079.067045	0.963500	-0.035500	0.074700	-0.680000	-0.170800	-0.072100
1627302079.068048	0.966200	-0.041100	0.072600	-0.711800	-0.197700	-0.024800
1627302079.076550	0.969800	-0.042100	0.077400	-0.744700	-0.220300	0.019200
1627302079.087148	0.969700	-0.041700	0.080600	-0.785700	-0.245900	0.066000
1627302079.088034	0.969800	-0.038900	0.089400	-0.815000	-0.260600	0.095900
1627302079.111406	0.972700	-0.039700	0.095500	-0.838500	-0.269800	0.119400
1627302079.126578	0.976600	-0.043100	0.090600	-0.860800	-0.275000	0.141400
1627302079.133232	0.977200	-0.042800	0.064300	-0.883400	-0.284100	0.158800
1627302079.134136	0.982300	-0.038700	0.050300	-0.908200	-0.298800	0.166100
1627302079.157590	0.988500	-0.033300	0.043100	-0.953700	-0.311900	0.169800
1627302079.159454	0.992400	-0.020900	0.041400	-1.000700	-0.322000	0.165500
1627302079.183440	0.992400	-0.012700	0.042100	-1.050200	-0.326900	0.155500
1627302079.185290	0.987300	-0.015000	0.043300	-1.108500	-0.321700	0.142000
1627302079.186428	0.978800	-0.019500	0.038000	-1.170500	-0.304600	0.133200
1627302079.199464	0.978800	-0.019500	0.038000	-1.170500	-0.304600	0.133200
1627302079.200381	0.967300	-0.029400	0.032000	-1.223700	-0.285600	0.136500
1627302079.225381	0.952100	-0.046300	0.025000	-1.282900	-0.261800	0.154500
1627302079.236027	0.943100	-0.054200	0.020800	-1.337900	-0.237700	0.188100
1627302079.236926	0.941300	-0.053600	0.021900	-1.381900	-0.213300	0.223900
1627302079.245116	0.943400	-0.042700	0.020600	-1.418200	-0.191300	0.259600
1627302079.270007	0.952600	-0.027200	0.016600	-1.439600	-0.177800	0.281300
1627302079.270899	0.962200	-0.014400	0.008300	-1.443600	-0.177800	0.278200
1627302079.279185	0.971600	-0.000400	-0.002900	-1.439900	-0.190300	0.246500
1627302079.285572	0.975100	-0.002100	-0.017600	-1.428600	-0.216900	0.187200
1627302079.290942	0.971300	-0.012000	-0.026100	-1.427700	-0.246900	0.126700
1627302079.319705	0.968900	-0.023600	-0.032000	-1.432000	-0.281700	0.061100
1627302079.320629	0.965300	-0.040500	-0.042600	-1.452700	-0.322900	-0.006700
1627302079.328927	0.959000	-0.050700	-0.047100	-1.479300	-0.356500	-0.054400
1627302079.331304	0.959500	-0.057600	-0.055400	-1.511100	-0.385500	-0.099900
1627302079.359493	0.961100	-0.061600	-0.056300	-1.544100	-0.407200	-0.152100
1627302079.360369	0.956500	-0.059600	-0.048500	-1.565100	-0.413300	-0.205900
1627302079.365524	0.945300	-0.054100	-0.030300	-1.576400	-0.394100	-0.267900
1627302079.376006	0.924900	-0.051800	-0.022800	-1.592000	-0.330800	-0.362000
1627302079.376890	0.907100	-0.048100	-0.013300	-1.615200	-0.246500	-0.447800
1627302079.400631	0.880100	-0.053600	0.001800	-1.641500	-0.130800	-0.538200
1627302079.410167	0.845600	-0.044100	0.036700	-1.689100	0.059800	-0.664000
1627302079.418906	0.828900	-0.037100	0.072100	-1.728500	0.249800	-0.767600
1627302079.443564	0.829300	-0.031200	0.091700	-1.773100	0.460800	-0.877500
1627302079.444411	0.868000	-0.029500	0.059900	-1.822000	0.700000	-1.011600
1627302079.446576	0.911600	-0.038000	-0.003400	-1.854100	0.831300	-1.095600
1627302079.458060	0.944100	-0.047400	-0.052500	-1.882800	0.896400	-1.152400
1627302079.464644	0.996600	-0.056300	-0.064500	-1.919400	0.908600	-1.175600
1627302079.485922	1.032600	-0.060900	-0.062500	-1.939000	0.896700	-1.150000
1627302079.486819	1.054000	-0.052100	-0.095900	-1.940800	0.843800	-1.094700
1627302079.491490	1.068700	-0.033800	-0.129400	-1.925200	0.722000	-1.011900
1627302079.514373	1.087800	-0.021900	-0.132200	-1.895900	0.599800	-0.925500
1627302079.515341	1.110700	-0.011200	-0.125500	-1.851600	0.467900	-0.850300
1627302079.522731	1.143300	-0.000900	-0.083300	-1.789300	0.295000	-0.775200
1627302079.544832	1.162800	0.001800	-0.046300	-1.731300	0.160900	-0.712600
1627302079.545732	1.172500	0.000900	-0.038900	-1.680600	0.030800	-0.649700
1627302079.555597	1.189800	-0.001600	-0.040300	-1.628700	-0.123800	-0.572700
1627302079.561365	1.202900	0.001500	-0.038500	-1.589000	-0.270100	-0.489900
1627302079.584886	1.194300	-0.004200	-0.035400	-1.566100	-0.392200	-0.420300
1627302079.585775	1.188500	-0.002000	-0.003200	-1.558400	-0.496400	-0.351600
1627302079.595565	1.180900	-0.003700	0.034300	-1.570300	-0.543100	-0.297500
1627302079.600121	1.168700	-0.008700	0.052900	-1.590500	-0.545300	-0.265100
1627302079.624988	1.167000	-0.020800	0.073900	-1.613100	-0.522000	-0.234900
1627302079.625877	1.165800	-0.033900	0.079500	-1.632900	-0.469200	-0.203400
1627302079.640439	1.163800	-0.046900	0.063800	-1.645800	-0.425200	-0.168900
1627302079.641318	1.165600	-0.055500	0.048700	-1.657700	-0.381200	-0.124300
1627302079.666209	1.161500	-0.055800	0.037700	-1.662300	-0.330200	-0.067200
1627302079.667110	1.158000	-0.046300	0.041400	-1.663200	-0.290200	-0.023200
1627302079.675694	1.149000	-0.040000	0.060400	-1.652200	-0.229700	0.015300
1627302079.685602	1.137100	-0.036600	0.069700	-1.627100	-0.143600	0.050400
1627302079.687190	1.136800	-0.036300	0.053600	-1.600300	-0.074000	0.069900
1627302079.710592	1.144700	-0.033200	0.030000	-1.569400	-0.022100	0.077900
1627302079.714072	1.153300	-0.033800	0.014800	-1.537700	0.012200	0.072100
1627302079.728883	1.153800	-0.033100	0.023100	-1.516300	0.024400	0.056800
1627302079.733292	1.147800	-0.027100	0.033300	-1.495200	0.032300	0.031400
1627302079.756997	1.143200	-0.027500	0.041500	-1.475300	0.036600	-0.004900
1627302079.757819	1.147300	-0.026500	0.046900	-1.462800	0.030500	-0.032700
1627302079.764046	1.149400	-0.025300	0.056000	-1.450600	0.013400	-0.059000
1627302079.772146	1.147100	-0.021100	0.055200	-1.434400	-0.026900	-0.091600
1627302079.795084	1.146100	-0.020000	0.056800	-1.416700	-0.075500	-0.112700
1627302079.795983	1.142200	-0.022900	0.056200	-1.392600	-0.134100	-0.129500
1627302079.806699	1.140100	-0.036000	0.046100	-1.350100	-0.224300	-0.132300
1627302079.808998	1.141700	-0.044800	0.039100	-1.306700	-0.319900	-0.119400
1627302079.833481	1.146000	-0.052000	0.031600	-1.261500	-0.419700	-0.094100
1627302079.834366	1.140300	-0.065300	0.033400	-1.202900	-0.540100	-0.047700
1627302079.849072	1.128200	-0.084700	0.042800	-1.141500	-0.630200	0.006700
1627302079.851297	1.117400	-0.101900	0.058700	-1.073700	-0.689700	0.070500
1627302079.877054	1.098400	-0.100000	0.062600	-0.991500	-0.723600	0.146300
1627302079.878039	1.088100	-0.097800	0.057900	-0.915800	-0.731300	0.208000
1627302079.886517	1.084400	-0.099100	0.059100	-0.856200	-0.716900	0.257800
1627302079.897252	1.065800	-0.093900	0.054700	-0.807400	-0.685800	0.295300
1627302079.920746	1.051400	-0.088300	0.064000	-0.764300	-0.635400	0.324100
1627302079.921609	1.034500	-0.083000	0.073500	-0.737100	-0.564200	0.339000
1627302079.924043	1.022000	-0.082900	0.074000	-0.718800	-0.470700	0.340800
1627302079.934000	1.016400	-0.083400	0.077600	-0.702300	-0.374500	0.331700
1627302079.942118	1.005200	-0.087200	0.080600	-0.684000	-0.279500	0.316100
1627302079.960769	1.007100	-0.097900	0.084700	-0.658600	-0.168100	0.292000
1627302079.964251	1.021000	-0.113600	0.073100	-0.635400	-0.063900	0.271800
1627302079.974111	1.019300	-0.133500	0.061600	-0.601500	0.010900	0.270900
1627302079.979479	1.003400	-0.151200	0.056600	-0.538600	0.083300	0.294100
1627302080.002288	0.989600	-0.157700	0.067700	-0.449700	0.170400	0.331700
1627302080.005663	0.987900	-0.154800	0.070900	-0.356200	0.250400	0.367100
1627302080.014012	0.988800	-0.153600	0.057100	-0.242000	0.329200	0.396400
1627302080.032660	0.993500	-0.149000	0.036400	-0.110700	0.395200	0.411700
1627302080.043438	0.992900	-0.145800	0.025000	-0.007400	0.430300	0.411400
1627302080.044320	0.991700	-0.150100	0.019500	0.093700	0.450500	0.409300
1627302080.051523	0.981900	-0.157500	0.013400	0.209700	0.446500	0.413200
1627302080.071616	0.973500	-0.160800	0.016100	0.293100	0.427200	0.411700
1627302080.075465	0.968400	-0.159200	0.019900	0.350800	0.397900	0.399200
1627302080.090779	0.974400	-0.166000	0.003500	0.412500	0.335300	0.373800
1627302080.091677	0.973400	-0.182500	-0.038000	0.454100	0.240000	0.355800
1627302080.115393	0.965000	-0.215700	-0.087200	0.493200	0.095800	0.357000
1627302080.116539	0.967000	-0.265900	-0.149000	0.513300	-0.136300	0.389100
1627302080.131929	0.969400	-0.280800	-0.195400	0.501700	-0.369900	0.416600
1627302080.138421	0.980600	-0.269400	-0.246600	0.465100	-0.628300	0.419700
1627302080.139340	0.940200	-0.233600	-0.175200	0.433600	-0.966500	0.407100
1627302080.162061	0.901600	-0.223000	-0.146700	0.399400	-1.199800	0.396700
1627302080.164226	0.869600	-0.227800	-0.187000	0.363700	-1.407800	0.415700
1627302080.174101	0.907100	-0.162400	-0.188700	0.322100	-1.632600	0.427600
1627302080.178572	0.911400	-0.146500	-0.228300	0.256200	-1.872700	0.416000
1627302080.202180	0.911000	-0.136500	-0.203000	0.210000	-2.086200	0.386100
1627302080.204128	0.906200	-0.116800	-0.178700	0.141600	-2.245900	0.311800
1627302080.208825	0.903000	-0.122100	-0.258400	0.025600	-2.362300	0.202800
1627302080.231403	0.921600	-0.046300	-0.169300	-0.034900	-2.519600	0.053100
1627302080.245986	0.919400	-0.082400	-0.205800	-0.107600	-2.511900	-0.097800
1627302080.246894	0.888200	-0.089000	-0.174000	-0.166900	-2.533600	-0.242500
1627302080.251407	0.917400	-0.085100	-0.208700	-0.230700	-2.527500	-0.367400
1627302080.272818	0.915000	-0.066300	-0.191000	-0.255800	-2.492700	-0.489000
1627302080.286098	0.890400	-0.089100	-0.180800	-0.241700	-2.436200	-0.581600
1627302080.286981	0.866600	-0.068100	-0.170900	-0.137200	-2.358000	-0.641700
1627302080.288909	0.834500	-0.111900	-0.106700	-0.058100	-2.249300	-0.681700
1627302080.312662	0.797600	-0.083900	-0.017600	0.134300	-2.018400	-0.707100
1627302080.327071	0.764200	-0.131000	-0.042200	0.217400	-1.827800	-0.717200
1627302080.328052	0.750100	-0.100600	0.017200	0.356900	-1.580100	-0.733700
1627302080.334021	0.713400	-0.119500	0.046400	0.478500	-1.257800	-0.748300
1627302080.355628	0.696500	-0.123300	0.071000	0.603700	-0.956700	-0.754700
1627302080.357998	0.698500	-0.113300	0.071800	0.687700	-0.613700	-0.760500
1627302080.364160	0.709600	-0.103500	-0.010700	0.783900	-0.240100	-0.767900
1627302080.370837	0.730600	-0.083500	-0.123800	0.850800	0.010000	-0.770300
1627302080.394311	0.751600	-0.070100	-0.223600	0.920500	0.202100	-0.770900
1627302080.396617	0.775900	-0.075700	-0.300700	0.989500	0.355200	-0.759000
1627302080.404084	0.789300	-0.098100	-0.350200	1.035600	0.430600	-0.735800
1627302080.413431	0.804700	-0.124600	-0.393800	1.065600	0.462700	-0.699100
1627302080.433903	0.822500	-0.142200	-0.434000	1.093300	0.454100	-0.644500
1627302080.435696	0.837200	-0.156000	-0.459000	1.110100	0.403700	-0.598400
1627302080.450672	0.855200	-0.160600	-0.474000	1.123600	0.325200	-0.554100
1627302080.455749	0.866000	-0.155000	-0.482400	1.139500	0.199400	-0.512500
1627302080.477939	0.872300	-0.155200	-0.476200	1.149200	0.083900	-0.494500
1627302080.479387	0.869500	-0.155500	-0.461700	1.155300	-0.032100	-0.489900
1627302080.494332	0.842700	-0.173100	-0.430900	1.159000	-0.160400	-0.493600
1627302080.499678	0.824300	-0.181400	-0.403000	1.162100	-0.253000	-0.496600
1627302080.510293	0.818000	-0.187400	-0.388100	1.163300	-0.311600	-0.511300
1627302080.522251	0.795200	-0.167500	-0.400600	1.138500	-0.373600	-0.560500
1627302080.523143	0.760600	-0.157200	-0.408200	1.113500	-0.431000	-0.617000
1627302080.530096	0.732900	-0.154200	-0.382800	1.113200	-0.458800	-0.662200
1627302080.559958	0.736900	-0.158100	-0.353500	1.148000	-0.455800	-0.692100
1627302080.560860	0.760700	-0.137300	-0.328000	1.197500	-0.433500	-0.727600
1627302080.564284	0.779900	-0.103300	-0.315900	1.248200	-0.407800	-0.782200
1627302080.568841	0.797900	-0.040500	-0.283700	1.332800	-0.351900	-0.864100
1627302080.592299	0.765900	-0.061900	-0.276500	1.445200	-0.268800	-0.923600
1627302080.593188	0.779300	-0.101400	-0.278400	1.579600	-0.163800	-0.910500
1627302080.604224	0.812500	-0.101100	-0.354000	1.712500	-0.034900	-0.836300
1627302080.610244	0.846400	-0.073600	-0.440300	1.850200	0.018600	-0.767900
1627302080.632250	0.929400	-0.078400	-0.459500	1.894500	0.049700	-0.727600
1627302080.647238	0.979100	-0.108900	-0.558200	1.962900	0.060700	-0.683900
1627302080.648156	1.021200	-0.127800	-0.657200	2.010600	-0.037300	-0.614500
1627302080.651386	1.042100	-0.115100	-0.676600	2.068600	-0.154900	-0.536400
1627302080.676948	1.062900	-0.056300	-0.709000	2.104900	-0.285300	-0.463700
1627302080.678127	1.108200	-0.044800	-0.742400	2.119300	-0.453600	-0.409900
1627302080.685413	1.110000	-0.065800	-0.767200	2.118400	-0.630200	-0.354300
1627302080.691148	1.091600	-0.045500	-0.738900	2.119300	-0.811900	-0.297200
1627302080.711754	1.077300	-0.042100	-0.691500	2.105900	-0.939900	-0.274600
1627302080.712732	1.080900	-0.055200	-0.676900	2.063700	-1.013500	-0.282800
1627302080.728116	1.112800	-0.069300	-0.668200	2.044500	-1.079500	-0.277300
1627302080.733261	1.128500	-0.076700	-0.687000	2.055800	-1.145400	-0.243700
1627302080.753896	1.122100	-0.068100	-0.690200	2.077400	-1.200700	-0.231500
1627302080.754799	1.077500	-0.033000	-0.630000	2.085400	-1.231600	-0.268200
1627302080.764113	1.060900	-0.019300	-0.557500	2.082300	-1.161900	-0.365900
1627302080.768836	1.058500	-0.044400	-0.573900	2.065800	-1.052600	-0.443500
1627302080.793402	1.136100	-0.053800	-0.572500	2.081100	-0.981100	-0.492700
1627302080.794285	1.133100	-0.069100	-0.581700	2.082600	-0.860200	-0.555300
1627302080.807928	1.051900	-0.069500	-0.575600	2.081700	-0.745300	-0.601400
1627302080.811451	1.020600	-0.121600	-0.617900	1.977900	-0.584400	-0.611800
1627302080.831585	1.044100	-0.177100	-0.684900	1.806200	-0.373900	-0.562900
1627302080.832549	1.042200	-0.172100	-0.716200	1.653500	-0.239500	-0.501800
1627302080.840225	1.035200	-0.152700	-0.685300	1.516100	-0.111500	-0.452700
1627302080.863645	1.016700	-0.138100	-0.652500	1.372500	0.083900	-0.428200
1627302080.864532	1.015900	-0.126300	-0.661100	1.269300	0.244000	-0.427900
1627302080.874259	1.017900	-0.116900	-0.654400	1.208500	0.359100	-0.440100
1627302080.890728	1.010100	-0.099100	-0.615000	1.174600	0.485600	-0.475600
1627302080.901424	0.996800	-0.090200	-0.596400	1.171800	0.601900	-0.515900
1627302080.902818	0.988200	-0.090300	-0.605100	1.188900	0.695400	-0.555300
1627302080.917785	0.974900	-0.090700	-0.608300	1.220400	0.775400	-0.594100
1627302080.930176	0.965000	-0.093800	-0.605700	1.249700	0.846000	-0.624000
1627302080.932668	0.961300	-0.102700	-0.606400	1.272300	0.898500	-0.641100
1627302080.947710	0.963700	-0.110800	-0.607300	1.284500	0.943700	-0.650600
1627302080.953351	0.972000	-0.119000	-0.606800	1.289100	0.976400	-0.657000
1627302080.970465	0.979100	-0.112800	-0.609400	1.272600	0.995000	-0.666500
1627302080.972941	0.987700	-0.099200	-0.608900	1.239000	1.006000	-0.690300
1627302080.988764	0.990800	-0.093100	-0.590500	1.191100	1.015800	-0.728500
1627302080.995902	0.990700	-0.091600	-0.557100	1.140400	1.028900	-0.762100
1627302081.014221	0.980000	-0.091700	-0.513800	1.101600	1.061300	-0.786200
1627302081.015510	0.963100	-0.117100	-0.487900	1.077200	1.099500	-0.787400
1627302081.022874	0.962200	-0.124500	-0.474900	1.055800	1.140400	-0.767000
1627302081.034559	0.956700	-0.116100	-0.462900	1.047200	1.170000	-0.734000
1627302081.055809	0.962300	-0.107100	-0.430800	1.043900	1.192000	-0.691200
1627302081.058064	0.964500	-0.109600	-0.414600	1.031600	1.223500	-0.653600
1627302081.061994	0.958700	-0.109100	-0.416000	1.022200	1.240600	-0.607800
1627302081.075948	0.960100	-0.086500	-0.408800	1.007200	1.241800	-0.563800
1627302081.076836	0.963700	-0.077400	-0.400500	0.992200	1.245200	-0.537600
1627302081.098952	0.967700	-0.064000	-0.390400	0.957400	1.236900	-0.522300
1627302081.102785	0.976600	-0.043800	-0.357300	0.918600	1.221100	-0.512200
1627302081.118254	0.981000	-0.030400	-0.333700	0.891500	1.214900	-0.510700
1627302081.121050	0.975100	-0.023300	-0.329600	0.858500	1.203300	-0.507600
1627302081.141880	0.964400	-0.020100	-0.315800	0.811400	1.171000	-0.504000
1627302081.143056	0.958100	-0.016600	-0.294300	0.768400	1.145300	-0.497600
1627302081.157722	0.953900	-0.006800	-0.268100	0.724100	1.122700	-0.489600
1627302081.175635	0.955100	-0.004800	-0.249800	0.674300	1.088800	-0.478300
1627302081.183312	0.952600	-0.011100	-0.243200	0.638300	1.053100	-0.460600
1627302081.184008	0.950700	0.001200	-0.227300	0.594600	1.018600	-0.444700
1627302081.187494	0.953000	0.010000	-0.200200	0.549400	0.987100	-0.436200
1627302081.211431	0.959400	0.012800	-0.190600	0.512400	0.957500	-0.427300
1627302081.223606	0.949000	0.019700	-0.172500	0.490100	0.926600	-0.416900
1627302081.224497	0.934600	0.027000	-0.147200	0.474200	0.895800	-0.403500
1627302081.229009	0.925900	0.027600	-0.132300	0.469000	0.883600	-0.386100
1627302081.252430	0.924900	0.036100	-0.125000	0.472100	0.866400	-0.363800
1627302081.261000	0.918200	0.040600	-0.117600	0.469000	0.839900	-0.334500
1627302081.262111	0.915200	0.045500	-0.097000	0.459300	0.823100	-0.312200
1627302081.270428	0.915600	0.054300	-0.077400	0.448600	0.815700	-0.295700
1627302081.271315	0.909200	0.053500	-0.064800	0.440000	0.813000	-0.283500
1627302081.302100	0.904700	0.045300	-0.051500	0.432700	0.797100	-0.272500
1627302081.302988	0.901700	0.054000	-0.023200	0.429900	0.791300	-0.259600
1627302081.324312	0.902300	0.069100	-0.004500	0.450100	0.786400	-0.248000
1627302081.327766	0.889800	0.074700	-0.012800	0.467200	0.765700	-0.230000
1627302081.330292	0.884900	0.082000	-0.021000	0.477300	0.732700	-0.205000
1627302081.344490	0.869800	0.088900	-0.040000	0.463500	0.695700	-0.179300
1627302081.345378	0.858200	0.011400	-0.107400	0.380500	0.633700	-0.143600
1627302081.370881	0.854100	-0.055800	-0.192000	0.217400	0.521900	-0.089200
1627302081.372887	0.835300	-0.010900	-0.203500	0.040200	0.365200	-0.020500
1627302081.382783	0.810700	0.013700	-0.144300	-0.118900	0.222000	0.058000
1627302081.389500	0.803800	0.005100	-0.115200	-0.271900	0.135200	0.121900
1627302081.412675	0.808800	0.019500	-0.081300	-0.414900	0.047900	0.183200
1627302081.414060	0.815600	0.028600	-0.019700	-0.524500	-0.035500	0.242500
1627302081.429724	0.821700	0.025300	0.031900	-0.578000	-0.064200	0.283100
1627302081.430611	0.827400	0.026600	0.062700	-0.593300	-0.078600	0.306600
1627302081.433976	0.841600	0.029900	0.086900	-0.569400	-0.080700	0.309400
1627302081.460071	0.850100	0.028100	0.084600	-0.540700	-0.080100	0.297500
1627302081.469494	0.853600	0.031900	0.065400	-0.516300	-0.076700	0.282500
1627302081.470015	0.808000	0.006200	-0.160900	-0.534000	0.043600	0.261400
1627302081.473751	0.988400	-0.001100	-0.432300	-0.733400	-0.335100	0.194900
1627302081.501838	0.904500	-0.016700	0.207400	-0.637500	-0.278300	0.160900
1627302081.502663	0.925000	0.103000	0.434800	-0.466200	-0.082200	0.233300
1627302081.513012	0.890400	-0.000700	0.352100	-0.066700	0.049700	0.283100
1627302081.522806	0.896200	0.089800	0.066900	0.048200	0.084500	0.253200
1627302081.533404	0.965700	0.031000	0.163900	0.254900	0.003000	0.203400
1627302081.555893	1.024500	0.037500	-0.015900	0.219200	0.077800	0.163100
1627302081.556711	0.998500	0.021500	-0.319300	0.127300	-0.088000	0.097700
1627302081.560356	1.018900	0.063700	-0.181400	0.003600	-0.417600	0.024700
1627302081.574687	0.974600	0.050300	-0.075400	-0.111600	-0.456400	-0.040300
1627302081.575578	0.933500	0.037500	-0.175200	-0.191000	-0.543100	-0.090700
1627302081.595577	0.954500	0.049200	-0.093000	-0.199200	-0.731900	-0.137500
1627302081.605704	0.946500	0.035000	-0.001200	-0.198000	-0.752300	-0.168900
1627302081.615897	0.941700	0.016500	-0.037500	-0.202300	-0.748100	-0.175900
1627302081.616795	0.963700	0.007900	-0.047600	-0.180300	-0.800300	-0.162500
1627302081.642004	0.982700	-0.015900	-0.017600	-0.178800	-0.804900	-0.130100
1627302081.642898	0.992600	-0.021000	-0.040500	-0.199600	-0.773100	-0.096500
1627302081.655606	1.013200	-0.012200	-0.095700	-0.225500	-0.790200	-0.066900
1627302081.660718	1.022700	0.002900	-0.109700	-0.247200	-0.823800	-0.045500
1627302081.683215	1.018700	0.013400	-0.121300	-0.268000	-0.840900	-0.037000
1627302081.683905	1.021000	0.040300	-0.147800	-0.281400	-0.867200	-0.046400
1627302081.691614	1.024800	0.051800	-0.171300	-0.297900	-0.898300	-0.072100
1627302081.698453	1.023900	0.031900	-0.182700	-0.305500	-0.928000	-0.088300
1627302081.721469	1.014000	0.009300	-0.179300	-0.320800	-0.953000	-0.084900
1627302081.723115	1.028900	-0.011100	-0.194500	-0.338800	-0.944200	-0.061700
1627302081.738625	1.025000	-0.027700	-0.212900	-0.357200	-0.971000	-0.031500
1627302081.743221	1.026400	-0.032100	-0.173500	-0.357500	-0.972900	0.006400
1627302081.744111	1.028900	-0.020100	-0.133500	-0.348300	-0.917900	0.049200
1627302081.766867	1.019000	-0.021000	-0.201400	-0.345200	-0.870900	0.079400
1627302081.770429	1.020400	-0.018600	-0.226300	-0.352300	-0.880300	0.110900
1627302081.780272	1.015900	-0.021100	-0.186600	-0.364800	-0.850100	0.152400
1627302081.785909	0.997300	-0.025100	-0.198000	-0.372400	-0.802700	0.194900
1627302081.808287	0.998000	-0.019800	-0.221100	-0.371500	-0.782000	0.247400
1627302081.810352	1.008800	-0.013200	-0.231300	-0.361400	-0.763300	0.312400
1627302081.823925	1.012700	-0.006600	-0.243500	-0.352000	-0.749300	0.362500
1627302081.835336	1.011500	-0.012300	-0.262700	-0.347400	-0.752000	0.409600
1627302081.851362	1.003500	-0.013200	-0.261500	-0.342800	-0.763600	0.465200
1627302081.854534	0.999300	-0.022000	-0.285600	-0.357500	-0.758800	0.504600
1627302081.873503	0.995000	-0.035600	-0.330100	-0.380700	-0.777400	0.541500
1627302081.874316	0.997300	-0.050300	-0.374600	-0.414900	-0.823500	0.591900
1627302081.881531	0.978000	-0.054200	-0.389000	-0.439300	-0.882500	0.637100
1627302081.892273	0.984500	-0.041500	-0.374900	-0.453400	-0.920300	0.682300
1627302081.915924	0.971900	-0.049200	-0.392000	-0.443000	-0.963400	0.746200
1627302081.916748	0.967400	-0.047600	-0.386100	-0.420100	-1.017800	0.809700
1627302081.920252	0.963300	-0.026100	-0.355100	-0.402700	-1.034300	0.851500
1627302081.935060	0.976700	0.033000	-0.359900	-0.395000	-1.022700	0.854000
1627302081.936536	0.987700	0.167500	-0.455900	-0.301000	-1.004900	0.788900
1627302081.960959	1.005900	0.144000	-0.467500	-0.337000	-1.088600	0.673200
1627302081.962178	1.025000	0.080700	-0.522900	-0.261900	-1.041000	0.560500
1627302081.970404	1.007700	0.022500	-0.521500	-0.338200	-1.072700	0.481300
1627302081.981066	1.017700	-0.062400	-0.508100	-0.385900	-1.103000	0.457200
1627302081.981975	1.020500	-0.097300	-0.428200	-0.457300	-1.037000	0.474900
1627302082.005479	1.006600	-0.090900	-0.406500	-0.570000	-0.967400	0.479500
1627302082.015648	0.992800	-0.073400	-0.386400	-0.663500	-0.898300	0.449300
1627302082.024220	0.976100	-0.071800	-0.303800	-0.817400	-0.751100	0.404100
1627302082.027261	0.975500	-0.082900	-0.291100	-0.959200	-0.552900	0.382100
1627302082.053656	0.972500	-0.082200	-0.296500	-1.071900	-0.379100	0.372300
1627302082.054557	0.989400	-0.102700	-0.265100	-1.187300	-0.202300	0.370200
1627302082.062066	1.007300	-0.106800	-0.260100	-1.316800	0.043600	0.371400
1627302082.066331	1.010500	-0.084700	-0.301100	-1.420400	0.221700	0.368600
1627302082.090964	1.026600	-0.081900	-0.323100	-1.508600	0.378100	0.357000
1627302082.091856	1.037700	-0.068500	-0.335000	-1.630800	0.563800	0.332900
1627302082.099120	1.046600	-0.032800	-0.376100	-1.724300	0.700300	0.304500
1627302082.104064	1.060400	-0.014400	-0.394300	-1.800300	0.814500	0.259600
1627302082.129505	1.083700	-0.016600	-0.395100	-1.878800	0.948000	0.209500
1627302082.130170	1.085000	-0.030300	-0.412200	-1.916400	1.047900	0.176500
1627302082.140443	1.094100	-0.033800	-0.421100	-1.943900	1.127900	0.155800
1627302082.143771	1.090700	-0.043600	-0.421100	-1.967400	1.224100	0.140200
1627302082.162882	1.085100	-0.036500	-0.426800	-1.986900	1.292800	0.134400
1627302082.174540	1.094700	-0.026100	-0.437600	-2.000100	1.350900	0.129500
1627302082.175427	1.101400	-0.033700	-0.439700	-2.006800	1.404900	0.119700
1627302082.197001	1.107100	-0.043800	-0.431800	-2.022700	1.442800	0.114500
1627302082.200310	1.103100	-0.057700	-0.424300	-2.033100	1.472700	0.116700
1627302082.206429	1.091800	-0.075700	-0.402300	-2.020500	1.502400	0.145400
1627302082.226571	1.082200	-0.081700	-0.379200	-1.991500	1.535700	0.186000
1627302082.241696	1.071300	-0.067700	-0.373800	-1.950900	1.564700	0.225400
1627302082.247091	1.076800	-0.025000	-0.370400	-1.879400	1.583600	0.259600
1627302082.247996	1.085600	0.010500	-0.371700	-1.811000	1.586400	0.266900
1627302082.271703	1.091300	0.037400	-0.373700	-1.766700	1.570200	0.250100
1627302082.273181	1.083000	0.043500	-0.357500	-1.729500	1.533500	0.219000
1627302082.288508	1.079600	0.047100	-0.342300	-1.694900	1.506600	0.198200
1627302082.294701	1.088000	0.058300	-0.333900	-1.654000	1.478200	0.176800
1627302082.315906	1.101100	0.073900	-0.315600	-1.620400	1.440700	0.147500
1627302082.316717	1.107700	0.064800	-0.293000	-1.601500	1.404600	0.114800
1627302082.319021	1.104000	0.040000	-0.272200	-1.599700	1.376800	0.102000
1627302082.334595	1.104100	0.020800	-0.258300	-1.607600	1.362800	0.109000
1627302082.337050	1.112300	0.007900	-0.263700	-1.600000	1.351800	0.134700
1627302082.359651	1.124500	-0.003900	-0.270000	-1.578600	1.321800	0.171300
1627302082.360535	1.128300	-0.007000	-0.266400	-1.542200	1.287600	0.215300
1627302082.369163	1.125400	-0.004500	-0.261000	-1.500100	1.251000	0.257500
1627302082.373416	1.125100	-0.007200	-0.247400	-1.455500	1.216200	0.290800
1627302082.396933	1.118200	-0.018900	-0.235100	-1.401100	1.179800	0.323400
1627302082.399110	1.110400	-0.037100	-0.216800	-1.325100	1.145000	0.364400
1627302082.403954	1.104600	-0.042400	-0.207400	-1.253600	1.116900	0.402500
1627302082.425416	1.094600	-0.049400	-0.214500	-1.174200	1.082400	0.436500
1627302082.440492	1.081300	-0.073500	-0.231900	-1.087100	1.022800	0.476800
1627302082.447198	1.073000	-0.097300	-0.236900	-1.012900	0.959900	0.515300
1627302082.448105	1.064800	-0.129500	-0.244800	-0.942400	0.883600	0.559800
1627302082.469176	1.051900	-0.173300	-0.255600	-0.877000	0.779100	0.614800
1627302082.484299	1.039600	-0.200000	-0.242700	-0.828100	0.675200	0.667700
1627302082.488495	1.024200	-0.195400	-0.221100	-0.791500	0.586100	0.717800
1627302082.489400	1.022300	-0.133200	-0.207300	-0.731600	0.486500	0.751700
1627302082.493917	1.023900	-0.108900	-0.193400	-0.662900	0.401000	0.751700
1627302082.513901	1.017800	-0.101300	-0.174100	-0.576500	0.323700	0.742500
1627302082.528951	1.005400	-0.133700	-0.158300	-0.457000	0.248600	0.736100
1627302082.533397	0.996000	-0.171500	-0.146400	-0.361100	0.186900	0.747400
1627302082.534302	0.989900	-0.188800	-0.112400	-0.264600	0.139800	0.770900
1627302082.558421	0.984000	-0.190100	-0.076800	-0.134500	0.117500	0.805400
1627302082.560400	0.987800	-0.166500	-0.054000	-0.019000	0.115700	0.825300
1627302082.571683	0.986800	-0.174600	-0.028600	0.084200	0.121800	0.833500
1627302082.577017	0.979200	-0.195400	0.017700	0.182200	0.149600	0.845400
1627302082.598128	0.961300	-0.235800	0.034700	0.246700	0.199700	0.868900
1627302082.598935	0.946400	-0.280200	0.033300	0.288800	0.245500	0.911100
1627302082.605195	0.931500	-0.323000	0.047700	0.327000	0.292500	0.977400
1627302082.626675	0.917700	-0.343800	0.062000	0.346900	0.345400	1.040300
1627302082.642163	0.903400	-0.340800	0.067300	0.357900	0.388800	1.088900
1627302082.645763	0.875700	-0.340600	0.089000	0.346300	0.430300	1.115700
1627302082.646661	0.851100	-0.353300	0.118700	0.306200	0.483700	1.118500
1627302082.670385	0.821900	-0.356200	0.139500	0.251000	0.539300	1.106900
1627302082.671912	0.796900	-0.355600	0.155000	0.193500	0.601900	1.077600
1627302082.686918	0.767500	-0.355700	0.171400	0.145300	0.665500	1.038200
1627302082.690969	0.742100	-0.348600	0.180200	0.111400	0.723500	0.991700
1627302082.691852	0.724900	-0.330300	0.187300	0.084200	0.786100	0.918100
1627302082.715855	0.710400	-0.312100	0.201300	0.059200	0.842600	0.818900
1627302082.719087	0.696800	-0.288900	0.214600	0.055500	0.887500	0.711300
1627302082.734058	0.680900	-0.268600	0.230600	0.069800	0.942800	0.579400
1627302082.737108	0.661000	-0.266800	0.217000	0.091200	0.997500	0.421200
1627302082.761931	0.649900	-0.271500	0.205800	0.118700	1.020400	0.292000
1627302082.762919	0.654100	-0.283000	0.198000	0.153200	1.037500	0.162500
1627302082.777185	0.655800	-0.309700	0.168500	0.179500	1.037200	0.027500
1627302082.778083	0.657700	-0.326300	0.153000	0.198100	0.998100	-0.075500
1627302082.780182	0.660900	-0.335600	0.158600	0.230500	0.952600	-0.174100
1627302082.806574	0.665400	-0.339800	0.149900	0.280600	0.902800	-0.272800
1627302082.818324	0.671900	-0.339000	0.128500	0.333700	0.831600	-0.349700
1627302082.819217	0.688000	-0.354900	0.135100	0.409200	0.748900	-0.417200
