1627444963.194107	1.005900	0.059100	0.058800	0.033200	0.030000	-0.000600
1627444963.195096	1.011400	0.060900	0.070900	0.007000	0.041900	-0.000600
1627444963.195953	1.015600	0.070700	0.073200	-0.002200	0.044100	0.002100
1627444963.196887	1.016500	0.080900	0.075800	-0.002800	0.048000	0.001800
1627444963.200723	1.020500	0.089600	0.081500	0.004500	0.043800	0.002100
1627444963.201293	1.018600	0.093500	0.078100	0.018300	0.032200	0.004600
1627444963.201852	1.015700	0.091300	0.077800	0.035400	0.018700	0.008500
1627444963.202410	1.011200	0.081900	0.079100	0.041500	0.011700	0.013100
1627444963.202973	1.014000	0.080600	0.085000	0.035400	-0.002000	0.015900
1627444963.203532	1.016600	0.080800	0.071300	0.029300	-0.015200	0.018000
1627444963.204035	1.016100	0.078700	0.045400	0.008200	-0.016100	0.025600
1627444963.204546	1.025100	0.085000	0.047000	-0.033300	-0.033500	0.036900
1627444963.205076	1.016500	0.079800	0.041700	-0.039500	-0.060700	0.044900
1627444963.205671	0.997700	0.069700	0.037100	-0.050400	-0.056700	0.049400
1627444963.206270	0.990400	0.059100	0.032100	-0.079200	-0.036600	0.046700
1627444963.206787	0.991600	0.057300	0.017100	-0.101500	-0.017300	0.040900
1627444963.207269	0.996100	0.038800	0.016800	-0.127100	0.001000	0.036900
1627444963.207717	1.001300	0.027600	0.028200	-0.179000	0.019900	0.032000
1627444963.208158	0.999900	0.030400	0.023700	-0.224500	0.027300	0.025900
1627444963.208639	0.998900	0.049100	0.016400	-0.267300	0.037700	0.020100
1627444963.209059	0.999800	0.071400	0.021600	-0.289600	0.057500	0.018900
1627444963.209477	0.999800	0.071400	0.021600	-0.289600	0.057500	0.018900
1627444963.209917	1.002600	0.093500	0.032600	-0.274600	0.070000	0.021700
1627444963.210335	1.000900	0.110100	0.041000	-0.196800	0.081900	0.028400
1627444963.210754	0.997100	0.107300	0.040800	-0.103600	0.094800	0.036900
1627444963.211194	0.997400	0.089600	0.046900	-0.035200	0.112800	0.042100
1627444963.211614	1.005400	0.066000	0.043600	0.013700	0.122300	0.046400
1627444963.212031	1.002300	0.040300	0.049900	-0.030900	0.124100	0.045500
1627444963.212472	1.006500	0.039100	0.054600	-0.113400	0.128400	0.046700
1627444963.212890	1.006800	0.039700	0.038300	-0.176000	0.119500	0.051900
1627444963.213330	1.007100	0.047500	0.058800	-0.262100	0.119800	0.052500
1627444963.213790	1.010400	0.057600	0.082900	-0.287200	0.127800	0.053100
1627444963.214244	1.013300	0.054800	0.060100	-0.237100	0.132300	0.052500
1627444963.214711	1.010400	0.055700	0.066000	-0.255400	0.136600	0.051600
1627444963.215133	1.005500	0.048700	0.076800	-0.231900	0.142700	0.055300
1627444963.215552	1.004800	0.046300	0.076000	-0.226700	0.155300	0.051300
1627444963.216018	1.002700	0.046600	0.084100	-0.235800	0.162300	0.048200
1627444963.216438	1.005600	0.058100	0.085000	-0.208100	0.161100	0.047600
1627444963.216861	1.006300	0.060100	0.103800	-0.207700	0.162900	0.047300
1627444963.217302	1.010400	0.071700	0.110500	-0.165000	0.169600	0.048200
1627444963.217718	1.011800	0.066500	0.108400	-0.122800	0.167800	0.046100
1627444963.218152	1.008400	0.066700	0.100200	-0.077900	0.173900	0.044300
1627444963.218581	1.014600	0.069500	0.116900	-0.135400	0.173000	0.045800
1627444963.218997	1.016100	0.088000	0.124800	-0.100200	0.166600	0.047600
1627444963.219437	1.013500	0.077800	0.109900	-0.044600	0.171700	0.049800
1627444963.219853	1.011100	0.077500	0.116700	-0.041600	0.167800	0.053700
1627444963.220335	1.009800	0.067500	0.119900	-0.002800	0.167800	0.057100
1627444963.220824	1.008900	0.043500	0.118000	0.012500	0.162300	0.060100
1627444963.221250	1.008700	0.029900	0.117600	-0.033000	0.148200	0.056500
1627444963.221680	1.008400	0.037000	0.122800	-0.084400	0.139400	0.053100
1627444963.222136	1.011400	0.033800	0.114000	-0.082200	0.137500	0.051900
1627444963.222557	1.012000	0.024700	0.104600	-0.083400	0.129900	0.051600
1627444963.222993	1.017000	0.016700	0.102400	-0.105100	0.119200	0.051900
1627444963.223421	1.019900	0.015400	0.095200	-0.126800	0.099700	0.047300
1627444963.223840	1.008500	0.011600	0.083600	-0.166500	0.094200	0.046700
1627444963.224283	1.001500	0.018100	0.083000	-0.201900	0.095700	0.039700
1627444963.224703	0.992400	0.024400	0.101800	-0.215700	0.110700	0.033300
1627444963.225124	0.989600	0.023900	0.084500	-0.181800	0.126500	0.030500
1627444963.225567	0.991700	0.029500	0.082300	-0.176000	0.145500	0.023200
1627444963.225995	0.996000	0.030200	0.085000	-0.162500	0.162600	0.019200
1627444963.226416	1.001000	0.029900	0.091400	-0.157400	0.177900	0.014000
1627444963.226860	1.006300	0.025300	0.102100	-0.151200	0.190700	0.008200
1627444963.227282	0.999600	0.022200	0.102700	-0.135400	0.201400	0.006400
1627444963.227790	0.999000	0.019500	0.115700	-0.159500	0.207200	0.004600
1627444963.228300	0.995600	0.032500	0.131800	-0.186100	0.210500	0.001500
1627444963.228765	0.997400	0.042000	0.100000	-0.129900	0.219100	-0.000300
1627444963.229245	0.999000	0.044400	0.133300	-0.195200	0.225500	-0.000900
1627444963.229717	1.006500	0.084000	0.148800	-0.142100	0.226400	-0.001600
1627444963.230180	0.999000	0.068600	0.130100	-0.034900	0.242300	-0.000000
1627444963.230651	1.002300	0.069300	0.150900	-0.004300	0.245700	0.000300
1627444963.231118	1.012100	0.065400	0.195400	-0.010700	0.244700	0.001500
1627444963.231583	1.011500	0.071000	0.184200	0.075100	0.229800	0.005500
1627444963.232049	0.999100	0.061500	0.182000	0.042700	0.220000	0.014000
1627444963.232513	1.005900	0.088500	0.209100	-0.005600	0.209000	0.023500
1627444963.232987	1.023600	0.102100	0.217700	0.026800	0.190400	0.021700
1627444963.233450	1.035500	0.111500	0.251000	0.164300	0.162900	0.031100
1627444963.233908	1.031100	0.070600	0.210600	0.299900	0.119500	0.044600
1627444963.234424	1.012300	0.043100	0.180300	0.328900	0.087800	0.047000
1627444963.234917	1.005700	0.006500	0.181400	0.320700	0.079200	0.036600
1627444963.235386	1.009500	-0.029700	0.175200	0.243700	0.069100	0.033000
1627444963.235868	1.015700	-0.056000	0.175400	0.079400	0.045300	0.029000
1627444963.236335	1.011000	-0.055300	0.165000	-0.098100	0.010500	0.024700
1627444963.236800	0.996900	-0.017000	0.159700	-0.307600	-0.007500	0.010000
1627444963.237273	0.990800	0.045000	0.152100	-0.337600	-0.004200	0.008500
1627444963.237738	0.995800	0.082500	0.151200	-0.260600	0.016300	0.013100
1627444963.238244	1.009300	0.112400	0.156900	-0.141800	0.040400	0.017100
1627444963.238683	1.013800	0.113900	0.161500	0.034500	0.051100	0.025000
1627444963.239105	1.000200	0.072300	0.154700	0.181100	0.051400	0.031700
1627444963.239549	0.986800	0.019000	0.152300	0.226300	0.052000	0.031100
1627444963.239972	0.983600	-0.012900	0.150100	0.194800	0.053500	0.021300
1627444963.240393	0.992600	-0.022000	0.148700	0.114200	0.054500	0.005500
1627444963.240836	1.008700	0.002900	0.168800	0.010900	0.051100	-0.006100
1627444963.241258	1.019000	0.020500	0.169700	-0.004900	0.041300	-0.003100
1627444963.241679	1.008700	0.034400	0.181900	-0.034900	0.027600	0.004600
1627444963.242122	1.000400	0.047000	0.195300	-0.031800	0.017500	0.010000
1627444963.242544	1.002100	0.048700	0.195900	0.000900	0.006500	0.007600
1627444963.242965	1.002100	0.053100	0.189200	0.047300	-0.005700	-0.002800
1627444963.243409	1.002000	0.040500	0.187500	0.091300	-0.016400	-0.008000
1627444963.243831	1.008300	0.025800	0.191700	0.089400	-0.024300	-0.013800
1627444963.244275	1.012800	0.021400	0.196900	0.084600	-0.039300	-0.012600
1627444963.244698	1.007100	0.025000	0.191900	0.073900	-0.067100	-0.005800
1627444963.245127	1.001200	0.037500	0.191300	0.063800	-0.077800	-0.005200
1627444963.245581	1.009200	0.051100	0.195100	0.087900	-0.087300	-0.012200
1627444963.246004	1.009500	0.048700	0.190800	0.108100	-0.100700	-0.020500
1627444963.246426	1.012300	0.051000	0.185300	0.112700	-0.111700	-0.021100
1627444963.246870	1.014800	0.043000	0.175800	0.131000	-0.119900	-0.021100
1627444963.247291	1.011800	0.027500	0.173100	0.110500	-0.129400	-0.018700
1627444963.247714	1.012600	0.026900	0.183700	0.055500	-0.139200	-0.017700
1627444963.248178	1.010700	0.025900	0.181900	0.025600	-0.156600	-0.016800
1627444963.248647	1.002300	0.032800	0.173500	-0.016200	-0.173100	-0.016500
1627444963.249114	1.002600	0.039900	0.164200	-0.028800	-0.177700	-0.018700
1627444963.249603	1.006700	0.039900	0.149800	-0.021700	-0.180100	-0.018400
1627444963.250059	1.004800	0.044600	0.137500	-0.029400	-0.185000	-0.014400
1627444963.250503	1.002100	0.038800	0.124300	-0.011000	-0.182900	-0.008300
1627444963.250947	1.000000	0.019900	0.121000	-0.009800	-0.179200	-0.009200
1627444963.251369	0.995600	0.006300	0.120200	-0.043100	-0.174900	-0.015900
1627444963.251812	0.995000	-0.004900	0.113600	-0.084400	-0.171600	-0.021100
1627444963.252246	0.993900	-0.005000	0.112400	-0.142700	-0.172500	-0.026300
1627444963.252679	0.997400	0.017900	0.118400	-0.209000	-0.172500	-0.034900
1627444963.253126	0.998800	0.038500	0.110700	-0.204100	-0.169100	-0.040000
1627444963.253547	0.995400	0.054900	0.104900	-0.181500	-0.158700	-0.042800
1627444963.253991	0.998200	0.063100	0.106900	-0.122800	-0.141000	-0.044300
1627444963.254466	1.001600	0.052100	0.095200	-0.035500	-0.122400	-0.045800
1627444963.255012	1.001000	0.035300	0.089200	0.014000	-0.100400	-0.048300
1627444963.255631	1.001500	0.021100	0.089400	0.016400	-0.083300	-0.053200
1627444963.256195	1.000600	0.017900	0.084500	0.019200	-0.070800	-0.058400
1627444963.256765	0.996500	0.018300	0.077800	0.011200	-0.057900	-0.065400
1627444963.257248	0.994800	0.019500	0.073700	0.009100	-0.039300	-0.070000
1627444963.257705	0.997200	0.019000	0.078000	-0.001000	-0.022200	-0.074300
1627444963.258129	0.995600	0.017600	0.080300	0.001200	-0.009400	-0.076700
1627444963.258576	0.995000	0.016400	0.070900	0.004800	0.004700	-0.081600
1627444963.258993	0.997400	0.008200	0.080100	-0.022300	0.019600	-0.086800
1627444963.259411	1.005700	0.023600	0.105000	-0.058400	0.032500	-0.092000
1627444963.259857	1.010900	0.032000	0.098300	-0.054700	0.029400	-0.091700
1627444963.260333	1.008200	0.051800	0.115500	-0.077000	0.032500	-0.090100
1627444963.260888	1.001100	0.059800	0.125000	-0.042500	0.035200	-0.084300
1627444963.261313	0.999400	0.061500	0.121600	0.023500	0.038300	-0.081900
1627444963.261729	1.002200	0.045900	0.122100	0.043600	0.047100	-0.085200
1627444963.262167	1.013200	0.030600	0.125000	0.029600	0.044700	-0.089200
1627444963.262589	1.009800	0.016800	0.132200	-0.017800	0.027900	-0.089800
1627444963.263003	1.004800	0.015400	0.133100	-0.090200	0.017200	-0.089200
1627444963.263439	0.999000	0.030900	0.140000	-0.142700	0.006200	-0.089500
1627444963.263853	1.003800	0.046300	0.138500	-0.162500	0.001600	-0.090700
1627444963.264271	1.006300	0.062100	0.140900	-0.201900	-0.004200	-0.091700
1627444963.264723	1.011000	0.080800	0.142600	-0.201900	-0.007500	-0.087400
1627444963.265149	1.015300	0.092300	0.142500	-0.157000	-0.011500	-0.082800
1627444963.265586	1.012300	0.091200	0.128300	-0.098100	-0.016100	-0.076400
1627444963.266019	1.003500	0.077100	0.133200	-0.070000	-0.010000	-0.073900
1627444963.266460	1.001200	0.065600	0.122600	-0.016500	-0.008500	-0.070000
1627444963.266895	0.995600	0.044700	0.116600	-0.027800	-0.007500	-0.067800
1627444963.267346	1.002100	0.038500	0.117700	-0.054700	-0.007200	-0.069100
1627444963.267771	1.001500	0.039900	0.111800	-0.089900	-0.010300	-0.070600
1627444963.268209	1.001800	0.049800	0.110600	-0.112500	-0.008800	-0.071500
1627444963.268621	1.002700	0.060400	0.110600	-0.123800	-0.005100	-0.071800
1627444963.269032	1.005900	0.064700	0.113500	-0.122500	0.000700	-0.071200
1627444963.269467	1.006000	0.066300	0.116100	-0.108200	0.003500	-0.066300
1627444963.269879	1.003200	0.065800	0.112400	-0.091100	0.005300	-0.060200
1627444963.270450	0.997300	0.059100	0.112900	-0.092000	0.013200	-0.056200
1627444963.270909	1.002800	0.069000	0.124000	-0.094100	0.023600	-0.059600
1627444963.271335	1.001600	0.070300	0.124500	-0.075800	0.019300	-0.058100
1627444963.271780	1.000700	0.077300	0.124300	-0.059900	0.020600	-0.055900
1627444963.272198	1.005100	0.079200	0.132700	-0.043700	0.021200	-0.051300
1627444963.272618	1.007200	0.082400	0.130500	-0.004600	0.014400	-0.048900
1627444963.273060	1.002700	0.074000	0.128500	0.016100	0.016000	-0.047400
1627444963.273486	1.005700	0.069900	0.128900	0.018900	0.017500	-0.045200
1627444963.273905	1.005400	0.064000	0.127700	0.017700	0.014400	-0.043400
1627444963.274348	1.004300	0.068200	0.132600	-0.014700	0.011100	-0.039700
1627444963.274768	1.004800	0.068400	0.128200	-0.001900	0.007400	-0.034200
1627444963.275203	1.004300	0.077400	0.129800	-0.011400	0.003800	-0.029700
1627444963.275648	1.006600	0.079600	0.132300	-0.002800	0.007100	-0.029000
1627444963.276064	1.006200	0.074500	0.128700	0.017700	0.004400	-0.027200
1627444963.276502	1.004300	0.073200	0.128300	0.025000	0.005900	-0.024800
1627444963.276917	0.999900	0.062700	0.123700	0.030200	0.005900	-0.020200
1627444963.277332	0.996100	0.059900	0.121300	0.018900	0.006200	-0.015000
1627444963.277773	0.999500	0.060700	0.122100	0.004200	0.005300	-0.015600
1627444963.278195	1.000900	0.058300	0.119900	-0.006200	0.001600	-0.016200
1627444963.278612	1.001100	0.063200	0.117600	-0.016500	0.005900	-0.015000
1627444963.279053	1.008200	0.064000	0.122100	-0.033300	0.002500	-0.015900
1627444963.279471	1.005100	0.068700	0.130000	-0.044300	0.001900	-0.014100
1627444963.279889	1.006500	0.075700	0.135300	-0.043700	0.001000	-0.009500
1627444963.280329	1.010000	0.088300	0.144700	-0.048000	-0.006300	-0.005200
1627444963.280751	1.010500	0.090100	0.139300	-0.002800	-0.017300	-0.002200
1627444963.281194	1.008100	0.093000	0.145300	0.016100	-0.015800	-0.000600
1627444963.281615	1.011400	0.079300	0.138700	0.078400	-0.018800	0.001500
1627444963.282033	1.003800	0.069700	0.138300	0.077500	-0.022500	0.005200
1627444963.282482	1.007400	0.059400	0.137700	0.083000	-0.025300	0.007300
1627444963.282900	1.006000	0.064800	0.133300	0.070800	-0.031700	0.007600
1627444963.283329	1.005400	0.076000	0.117800	0.107500	-0.033800	0.007300
1627444963.283779	1.004500	0.074700	0.121800	0.113000	-0.027100	0.011600
1627444963.284197	1.008800	0.065300	0.124100	0.143800	-0.022500	0.017100
1627444963.284614	1.008300	0.048600	0.121800	0.123000	-0.028900	0.014900
1627444963.285052	1.005200	0.048600	0.123400	0.077500	-0.037800	0.008800
1627444963.285468	0.996200	0.052600	0.124800	0.033200	-0.041800	0.009700
1627444963.285911	0.997600	0.065300	0.126500	0.030200	-0.038700	0.009100
1627444963.286345	1.006500	0.079000	0.131300	0.040000	-0.036600	0.007000
1627444963.286761	1.009000	0.076300	0.110400	0.105300	-0.040500	0.006100
1627444963.287201	1.004000	0.070200	0.108000	0.100400	-0.032600	0.007900
1627444963.287618	1.004900	0.053000	0.109400	0.122400	-0.026500	0.011600
1627444963.288033	1.007400	0.053200	0.110000	0.105900	-0.028600	0.015200
1627444963.288472	0.997200	0.043100	0.105500	0.088200	-0.032600	0.013700
1627444963.288887	0.997900	0.047400	0.111000	0.056100	-0.027700	0.006400
1627444963.289302	0.997600	0.055500	0.108200	0.018600	-0.032300	-0.000900
1627444963.289741	1.003100	0.077300	0.093000	0.044200	-0.022800	0.006100
1627444963.290156	1.005000	0.081900	0.091400	0.056100	-0.016400	0.015900
1627444963.290596	1.008200	0.071200	0.107200	0.107800	0.000400	0.015500
1627444963.291013	1.006500	0.039200	0.094600	0.148100	-0.008500	0.003300
1627444963.292291	0.995200	0.023100	0.103600	0.088500	0.001900	-0.006100
1627444963.292707	1.005700	0.033400	0.111900	0.054000	0.010800	-0.011000
1627444963.293161	1.005200	0.031600	0.102200	0.028400	0.001300	-0.015000
1627444963.294901	1.002700	0.054400	0.117300	-0.028800	0.007100	-0.019300
1627444963.295329	1.003100	0.059800	0.110700	0.002700	0.001600	-0.020200
1627444963.295755	1.002200	0.069800	0.125500	-0.014700	0.008000	-0.021400
1627444963.297884	1.009600	0.076400	0.117400	0.033200	0.004400	-0.022300
1627444963.298299	1.006800	0.075800	0.129900	0.012200	0.002800	-0.021400
1627444963.298714	1.009500	0.078500	0.134300	0.040600	-0.002000	-0.023200
1627444963.299152	1.007800	0.080800	0.128300	0.051900	-0.010600	-0.020200
1627444963.299571	1.000400	0.069300	0.131500	0.046400	-0.008200	-0.015300
1627444963.301730	1.008100	0.070400	0.128200	0.058000	-0.014000	-0.012600
1627444963.302165	1.008100	0.056500	0.121900	0.042400	-0.021000	-0.011300
1627444963.302621	1.012000	0.061400	0.132400	-0.001300	-0.027100	-0.013500
1627444963.303043	1.012100	0.064500	0.116100	-0.002800	-0.040200	-0.010100
1627444963.305193	1.007200	0.073000	0.113900	-0.042800	-0.046300	0.001800
1627444963.305613	1.010400	0.084100	0.120000	-0.036100	-0.054000	0.009400
1627444963.306056	1.013300	0.075700	0.116200	-0.012900	-0.068900	0.013700
1627444963.306474	1.007800	0.073400	0.111800	-0.002800	-0.086300	0.017700
1627444963.308639	1.009900	0.063600	0.104900	-0.009500	-0.105000	0.022000
1627444963.309064	1.009600	0.061600	0.120400	-0.020200	-0.127600	0.022000
1627444963.309483	1.004900	0.063700	0.124800	-0.019600	-0.130600	0.019500
1627444963.311615	1.002200	0.059900	0.117100	-0.010400	-0.120600	0.019500
1627444963.312059	1.003200	0.065900	0.123300	-0.044300	-0.115700	0.018600
1627444963.312477	1.005400	0.063600	0.104900	-0.008600	-0.098600	0.014900
1627444963.312893	1.014900	0.065400	0.094500	-0.037000	-0.100100	0.011600
1627444963.314605	1.012300	0.069200	0.098100	-0.019300	-0.107100	0.014300
1627444963.315020	1.003800	0.082800	0.088500	0.008500	-0.094600	0.017400
1627444963.315449	1.002300	0.075700	0.057700	0.097100	-0.094300	0.028100
1627444963.315876	0.994600	0.053600	0.073900	0.080000	-0.075300	0.034500
1627444963.318445	0.998000	0.050000	0.078600	0.083000	-0.056400	0.025600
1627444963.318864	1.005100	0.032800	0.082300	0.050300	-0.045400	0.021700
1627444963.319324	1.000000	0.033400	0.078900	-0.017500	-0.032300	0.012500
1627444963.319741	1.004900	0.038100	0.076700	-0.062400	-0.014900	0.007300
1627444963.321894	1.007100	0.052700	0.080700	-0.077300	-0.003300	0.010000
1627444963.322308	1.007300	0.060900	0.085800	-0.062100	0.008000	0.014600
1627444963.322745	1.005400	0.072600	0.094000	-0.039100	0.016900	0.015200
1627444963.323161	1.007700	0.073200	0.101600	0.001200	0.025400	0.012200
1627444963.324512	1.007200	0.069000	0.101800	0.036300	0.028800	0.007300
1627444963.324929	1.004000	0.062600	0.104200	0.067800	0.032800	0.004600
1627444963.325366	1.004500	0.058600	0.101000	0.088800	0.035800	0.003000
1627444963.327912	1.007800	0.051400	0.099000	0.090400	0.042900	0.004200
1627444963.328328	1.010400	0.052500	0.101100	0.065300	0.045300	0.003300
1627444963.328765	1.011400	0.058300	0.102100	0.054600	0.052000	0.000600
1627444963.330454	1.012000	0.057900	0.101700	0.043300	0.055700	0.000300
1627444963.330893	1.008700	0.060400	0.101800	0.047300	0.055700	0.002400
1627444963.331307	1.009200	0.056600	0.103500	0.047900	0.049900	0.000900
1627444963.331722	1.007000	0.053700	0.103100	0.046700	0.044400	-0.000300
1627444963.333469	1.007100	0.053700	0.098300	0.047300	0.040400	0.000900
1627444963.333890	1.014800	0.054000	0.109700	0.035100	0.030900	0.002400
1627444963.334304	1.013100	0.057000	0.108300	0.035400	0.018400	0.000300
1627444963.336448	1.008700	0.059600	0.109900	0.030800	0.012600	-0.000000
1627444963.336894	1.007000	0.059100	0.108200	0.051300	0.008600	-0.000600
1627444963.337311	1.009900	0.056600	0.107500	0.058600	0.007400	-0.000900
1627444963.337730	1.009400	0.050200	0.103000	0.062900	0.003100	-0.002200
1627444963.339443	1.008900	0.052200	0.096800	0.053400	0.001600	-0.004000
1627444963.339903	1.008100	0.055100	0.091200	0.048800	0.000700	-0.003700
1627444963.340371	1.007000	0.056200	0.090500	0.048500	0.001300	-0.002800
1627444963.340805	1.005700	0.047600	0.096400	0.046400	0.000700	-0.003100
1627444963.343363	1.008400	0.047200	0.099600	0.028400	-0.002700	-0.005500
1627444963.343781	1.007300	0.049200	0.092900	0.016100	-0.006900	-0.010100
1627444963.344218	1.005100	0.051600	0.093500	0.005400	-0.003900	-0.011600
1627444963.344637	1.007200	0.054800	0.096300	0.003900	-0.002000	-0.011900
1627444963.346771	1.006700	0.054900	0.091800	0.000600	-0.001700	-0.011600
1627444963.347189	1.006300	0.058500	0.089800	0.001200	0.001000	-0.010700
1627444963.347633	1.006200	0.063100	0.083700	0.005400	0.005000	-0.009200
1627444963.348051	1.008500	0.065800	0.087200	0.013700	0.013200	-0.004600
1627444963.350209	1.007100	0.057600	0.088400	0.029300	0.016900	-0.002200
1627444963.350625	1.005100	0.045800	0.090900	0.021300	0.019300	-0.003400
1627444963.351074	1.003900	0.041500	0.093400	-0.007400	0.018100	-0.006400
1627444963.351502	1.006100	0.044600	0.091200	-0.032400	0.015400	-0.007700
1627444963.353649	1.010600	0.053200	0.095300	-0.053200	0.014100	-0.007400
1627444963.354065	1.009200	0.063800	0.101700	-0.047700	0.016300	-0.004600
1627444963.354481	1.004200	0.071300	0.096400	-0.011700	0.021200	-0.000300
1627444963.356205	1.004000	0.066800	0.097200	0.008800	0.030300	0.001800
1627444963.356620	1.008400	0.059100	0.099500	0.015500	0.034900	-0.001600
1627444963.357058	1.011100	0.056000	0.103800	0.009400	0.030000	-0.003100
1627444963.357474	1.007900	0.049300	0.103100	0.001500	0.023900	-0.002500
1627444963.359575	1.003800	0.047900	0.102100	-0.024200	0.023900	-0.001300
1627444963.359990	1.006200	0.053600	0.100800	-0.046200	0.025400	-0.000900
1627444963.360404	1.008300	0.061200	0.102400	-0.051100	0.028200	0.002400
1627444963.360818	1.008400	0.072000	0.101800	-0.035200	0.032200	0.006100
1627444963.361232	0.000000	0.000000	0.000000	0.000000	6191744.000000	15738997734361668861454887393563770880.000000
1627444965.229417	1.008300	0.049000	0.105200	0.029000	0.037100	-0.006100
1627444965.244591	-0.533000	0.117400	0.167000	1.105900	1.114000	0.448300
1627444965.249772	-0.468100	0.143900	0.336700	0.838100	1.258800	0.503900
1627444965.259982	-0.413500	0.198400	0.520100	0.590300	1.261800	0.557700
1627444965.264634	-0.368400	0.286700	0.661700	0.508200	1.215700	0.559500
1627444965.282269	-0.292000	0.346300	0.839200	0.547900	1.108500	0.557100
1627444965.294166	-0.116200	0.417800	1.001500	0.805700	0.943000	0.562900
1627444965.295069	0.137800	0.450800	1.205900	1.192700	0.709600	0.530800
1627444965.304831	0.441200	0.473800	1.395100	1.431800	0.491500	0.458400
1627444965.311661	0.790600	0.497100	1.353400	2.077200	0.159800	0.315200
1627444965.335934	1.052600	0.394700	1.308800	2.321800	-0.184700	0.210700
1627444965.337006	1.209800	0.325800	1.330700	2.015200	-0.481900	0.177100
1627444965.352350	1.277100	0.320300	1.499400	1.421400	-0.682900	0.242200
1627444965.357240	1.417600	0.393600	1.352400	1.096100	-0.810500	0.408900
1627444965.358135	1.532700	0.385400	1.228900	0.795900	-0.967200	0.552500
1627444965.383837	1.583900	0.427700	1.252100	0.357000	-1.084800	0.653000
1627444965.386260	1.672500	0.426500	1.361300	0.055200	-1.156600	0.686900
1627444965.396085	1.803300	0.388700	1.341100	0.088200	-1.281200	0.691800
1627444965.401119	1.836700	0.273300	1.231800	0.289800	-1.479400	0.752600
1627444965.423700	1.830300	0.188700	1.076800	0.196000	-1.632400	0.858500
1627444965.424530	1.833000	0.018300	0.897800	-0.113400	-1.840100	1.008200
1627444965.438306	1.809000	-0.011400	0.790200	-0.944500	-2.031300	0.999000
1627444965.441304	1.760100	0.039900	0.678800	-1.804500	-2.215500	0.959300
1627444965.462624	1.230000	-0.026400	1.489900	-3.014100	-1.775400	0.805700
1627444965.464686	1.576200	-0.045200	1.711400	-3.936500	0.141500	0.976100
1627444965.480492	2.988800	0.341600	-0.404500	-1.005500	-0.977900	0.898600
1627444965.491005	2.593500	0.588500	-0.473000	-0.586800	-0.611400	0.853700
1627444965.504237	2.741600	-0.193000	-1.392800	2.907700	-0.314800	1.262000
1627444965.505174	2.771700	-0.935400	-0.745100	-0.192200	-0.640100	1.107500
1627444965.511744	2.162600	-0.412500	-0.352900	-0.407500	-1.623600	1.403100
1627444965.534573	1.372600	-1.196700	-0.332600	0.590700	-1.836500	1.774500
1627444965.542856	1.078400	-0.874500	-0.368700	-2.359200	-2.057600	1.452300
1627444965.543741	0.927400	1.060500	0.010400	-4.332300	-1.439700	0.898600
1627444965.553034	1.081700	1.605200	0.591900	-1.061100	-0.562200	1.319400
1627444965.577174	0.931800	1.044600	0.664800	1.672500	-0.336200	0.845100
1627444965.579585	0.810200	0.457800	0.360100	3.050000	-0.223800	0.303300
1627444965.593069	1.023200	-0.850100	0.032100	2.959300	-0.187100	0.182600
1627444965.593978	1.493000	-1.553200	0.003900	0.139500	-0.370700	0.211000
1627444965.596718	1.831800	-0.981400	0.212600	-3.418100	-0.805300	0.562000
1627444965.622707	1.720700	-0.068400	0.460300	-4.624000	-1.194100	0.882700
1627444965.623605	1.070700	0.609700	0.529500	-3.859800	-1.380800	0.831400
1627444965.633589	0.684300	0.781200	0.535000	-1.914500	-1.088200	0.458700
1627444965.640332	0.796400	0.675900	0.542100	-0.147300	-0.749400	0.245500
1627444965.662802	1.029900	0.356300	0.412700	1.314800	-0.624200	0.281600
1627444965.663696	1.127300	0.016200	0.395300	1.808100	-0.677100	0.398300
1627444965.672140	1.092900	-0.222900	0.341100	1.774500	-0.764700	0.457200
1627444965.681777	0.975300	-0.260100	0.262100	1.206700	-0.853300	0.390000
1627444965.706894	0.871200	-0.142000	0.156100	0.460200	-0.798600	0.243100
1627444965.707881	0.913800	0.039900	0.100800	0.245800	-0.699000	0.170400
1627444965.714852	0.984300	0.075300	0.025000	0.403700	-0.602200	0.177700
1627444965.724596	1.010000	0.019500	-0.002400	0.572000	-0.527400	0.216500
1627444965.726640	0.985800	-0.059400	-0.001100	0.621500	-0.470000	0.255300
1627444965.751521	0.947500	-0.122900	-0.008300	0.580000	-0.388100	0.256500
1627444965.752417	0.931800	-0.143900	-0.010500	0.497800	-0.318800	0.226900
1627444965.767084	0.937600	-0.141800	0.012000	0.500900	-0.231400	0.163400
1627444965.770572	0.967700	-0.149300	-0.022800	0.624900	-0.145600	0.103800
1627444965.792643	0.983800	-0.142100	-0.025000	0.691400	-0.088500	0.050700
1627444965.793589	0.990200	-0.112800	-0.028400	0.762300	-0.024000	0.025000
1627444965.806664	0.986300	-0.094700	-0.041600	0.848700	0.031600	0.016200
1627444965.822813	0.966700	-0.087200	-0.048000	0.918700	0.070000	0.010700
1627444965.823703	0.954500	-0.116900	-0.022900	0.926300	0.102100	0.017400
1627444965.832265	0.959600	-0.151500	0.030900	0.775100	0.121700	0.024100
1627444965.841621	0.986500	-0.150100	0.058100	0.509700	0.140000	0.008500
1627444965.865531	1.017000	-0.138900	0.039400	0.321900	0.152200	-0.017700
1627444965.866246	1.020600	-0.132300	0.077800	0.103800	0.152500	-0.042200
1627444965.876528	1.021400	-0.122200	0.076000	-0.040700	0.171700	-0.056200
1627444965.882427	1.011800	-0.125700	0.090000	-0.202900	0.166900	-0.056500
1627444965.884840	1.002400	-0.087800	0.125900	-0.417900	0.150400	-0.054700
1627444965.910059	0.998800	0.000200	0.157700	-0.599000	0.130200	-0.046200
1627444965.912268	0.998400	0.081300	0.187300	-0.556200	0.116800	-0.033000
1627444965.925526	1.008700	0.136400	0.228900	-0.356200	0.101200	-0.025700
1627444965.949456	1.011500	0.126700	0.253200	-0.037600	0.078000	-0.014400
1627444965.951730	1.014900	0.063400	0.250700	0.233000	0.052900	-0.009500
1627444965.952626	1.020100	-0.011200	0.244500	0.384800	0.022400	-0.016200
1627444965.964556	1.026000	-0.117100	0.197900	0.406500	-0.019800	-0.028400
1627444965.984427	1.024000	-0.179100	0.158800	0.233900	-0.071400	-0.046500
1627444965.991690	1.015900	-0.190900	0.132700	-0.026300	-0.104100	-0.047100
1627444965.992580	1.015000	-0.147600	0.157200	-0.372700	-0.151400	-0.035800
1627444966.002967	1.002800	-0.060900	0.156200	-0.637200	-0.191700	-0.014700
1627444966.027125	0.991100	0.032800	0.191500	-0.754500	-0.232600	-0.001300
1627444966.031592	0.988600	0.114000	0.211200	-0.634700	-0.242400	0.003900
1627444966.032492	1.003400	0.134800	0.186900	-0.252300	-0.243000	0.017700
1627444966.042235	1.013400	0.102700	0.183800	0.025300	-0.232300	0.037200
1627444966.047978	1.023300	0.059400	0.153900	0.210400	-0.240300	0.056500
1627444966.068797	1.008500	0.042800	0.137300	0.194200	-0.244300	0.076300
1627444966.072299	0.995500	0.063100	0.113000	0.271200	-0.226500	0.089500
1627444966.091028	0.994400	0.038800	0.111200	0.373800	-0.217100	0.090100
1627444966.113939	0.984500	0.020600	0.129200	0.446800	-0.220400	0.086700
1627444966.114851	0.982300	-0.021100	0.090600	0.448900	-0.212200	0.109900
1627444966.116259	0.988200	-0.043900	0.057100	0.430000	-0.192900	0.146300
1627444966.133830	1.010100	-0.087500	0.036500	0.366500	-0.183200	0.187200
1627444966.149097	1.025100	-0.083400	0.087000	0.235100	-0.180700	0.192400
1627444966.150016	1.029500	-0.069100	0.091800	0.224100	-0.190800	0.193900
1627444966.152241	1.025500	-0.073600	0.150300	0.265100	-0.221000	0.194500
1627444966.163025	1.024000	-0.093900	0.170900	0.257400	-0.225600	0.179900
1627444966.186451	1.028200	-0.043000	0.186200	-0.009200	-0.225900	0.152100
1627444966.187403	1.071000	0.115000	0.236200	-0.135400	-0.194500	0.117600
1627444966.191108	1.090600	0.227200	0.214700	0.333200	-0.192600	0.099500
1627444966.206754	1.033900	0.093800	0.234400	1.162700	-0.233600	0.093700
1627444966.208532	0.988500	-0.164700	0.226300	1.564100	-0.261100	0.072700
1627444966.232533	1.013200	-0.330900	0.170800	1.398200	-0.271100	0.034200
1627444966.233598	1.049900	-0.381800	0.104400	0.822200	-0.321800	-0.031200
1627444966.243378	1.052400	-0.348000	0.005100	0.327100	-0.372500	-0.111500
1627444966.253694	1.014900	-0.290600	-0.034500	0.143800	-0.387800	-0.166800
1627444966.276223	0.975200	-0.282200	-0.095600	0.022900	-0.351500	-0.191800
1627444966.280536	0.956200	-0.277600	-0.205000	-0.124100	-0.256200	-0.217200
1627444966.281426	0.937600	-0.254600	-0.341200	-0.292000	-0.120900	-0.261800
1627444966.292469	0.919800	-0.226700	-0.457400	-0.296300	0.074000	-0.326200
1627444966.297877	0.885400	-0.265900	-0.569100	-0.226700	0.335500	-0.413600
1627444966.320392	0.859000	-0.371100	-0.613500	-0.038500	0.656200	-0.514100
1627444966.321282	0.894000	-0.616300	-0.732400	0.403700	1.043100	-0.665600
1627444966.332258	1.000100	-0.678000	-0.899700	0.033200	1.457900	-0.912700
1627444966.340346	1.042800	-0.221700	-0.871000	-0.887900	1.799100	-1.104500
1627444966.360326	1.073700	0.090900	-0.693800	-0.645700	2.138100	-1.066600
1627444966.375350	1.199200	0.161100	-0.387300	-0.122500	2.379700	-1.017400
1627444966.379987	1.691700	-0.073500	-0.393100	1.047600	2.693400	-1.149700
1627444966.380906	2.412200	-0.351400	-0.216200	1.434000	2.920900	-1.591900
1627444966.403949	3.056000	-0.582500	-0.280200	1.773600	3.029100	-2.087700
1627444966.404888	3.149400	-0.913100	0.173300	0.896100	2.687600	-2.420000
1627444966.412141	2.516100	-0.896100	0.646100	-0.130500	2.100900	-2.642000
1627444966.423648	1.961500	-0.827400	1.066700	-1.306700	2.045000	-2.816700
1627444966.424545	1.805900	-0.719400	1.466900	-2.395600	2.352200	-2.983200
1627444966.447618	2.056300	-0.667600	1.121300	-4.073300	2.523600	-2.939200
1627444966.462760	2.313400	-0.086300	1.139900	-5.373200	2.303400	-2.852500
1627444966.473868	2.286400	0.530800	1.331700	-5.637700	2.191000	-2.502700
1627444966.474695	1.946800	0.752800	1.484600	-5.041800	2.145100	-1.922100
1627444966.481825	1.591400	0.932300	1.518400	-4.115500	2.184200	-1.375700
1627444966.503961	1.461200	1.043100	1.504000	-2.570900	2.204100	-0.945000
1627444966.504842	1.480800	1.011700	1.517100	-0.726100	2.092000	-0.870500
1627444966.512159	1.459100	0.769400	1.548300	1.070500	1.825100	-1.019600
1627444966.525206	1.314300	0.503100	1.485500	1.861900	1.490300	-1.144800
1627444966.547520	1.069700	0.310300	1.473100	1.934300	1.158900	-1.238900
1627444966.548338	0.811600	0.210900	1.418800	1.602900	0.846100	-1.299000
1627444966.550892	0.566700	0.146200	1.277800	1.248300	0.519600	-1.312800
1627444966.566134	0.352900	0.063000	1.185400	0.676200	0.139400	-1.284400
1627444966.568756	0.085800	0.019300	1.042600	-0.131700	-0.353600	-1.204000
1627444966.590550	-0.192000	0.032300	0.903900	-1.066000	-0.772700	-1.096800
1627444966.591457	-0.262000	0.095000	0.755900	-1.776800	-0.949800	-1.007300
1627444966.603485	-0.201300	0.213000	0.623700	-2.410200	-1.053000	-1.024800
1627444966.606467	-0.210700	0.424100	0.496000	-2.731800	-1.143100	-1.062900
1627444966.631261	-0.328400	0.667000	0.355100	-2.360700	-1.197200	-1.002200
1627444966.632077	-0.471400	0.769500	0.195100	-1.447200	-1.193500	-0.737000
1627444966.639715	-0.510500	0.687100	0.001000	-0.396800	-1.103400	-0.445400
1627444966.651290	-0.548700	0.529300	-0.114000	0.281900	-1.090900	-0.186700
1627444966.672486	-0.590700	0.383800	-0.162100	0.588800	-1.104400	-0.015600
1627444966.673317	-0.610200	0.207300	-0.246300	0.626700	-1.099800	0.141400
1627444966.684944	-0.604700	0.115800	-0.378100	0.379600	-1.088200	0.293800
1627444966.692415	-0.606100	0.165300	-0.434400	0.169800	-1.074100	0.430900
1627444966.714080	-0.601700	0.192300	-0.508300	0.330400	-1.023400	0.538100
1627444966.714990	-0.612900	0.117400	-0.607700	0.559800	-0.939100	0.607800
1627444966.721067	-0.616900	0.050900	-0.621700	0.540300	-0.849000	0.628900
1627444966.732780	-0.640400	0.061600	-0.605100	0.372600	-0.754300	0.607200
1627444966.754051	-0.655600	0.090300	-0.611700	0.351500	-0.637300	0.573600
1627444966.754946	-0.707900	0.086300	-0.559000	0.291600	-0.484600	0.523200
1627444966.759341	-0.728100	0.125900	-0.438000	0.138600	-0.275100	0.477400
1627444966.779678	-0.695700	0.171400	-0.373300	0.324000	-0.070500	0.430600
1627444966.782330	-0.662800	0.155000	-0.296000	0.570800	0.203800	0.388500
1627444966.797969	-0.623200	0.157100	-0.230700	0.647200	0.432000	0.365000
1627444966.801075	-0.580600	0.155400	-0.105800	0.650800	0.628700	0.368600
1627444966.819064	-0.543800	0.176800	-0.017100	0.639200	0.805200	0.398600
1627444966.819953	-0.506000	0.161300	0.046600	0.737300	0.938400	0.458400
1627444966.830442	-0.498900	0.157100	0.177700	0.525000	1.056000	0.510700
1627444966.860777	-0.497100	0.203600	0.350100	0.286100	1.210500	0.579700
1627444966.863018	-0.462200	0.267100	0.502300	0.231500	1.318300	0.675300
1627444966.863909	-0.412000	0.315700	0.587000	0.365900	1.330900	0.738800
1627444966.868926	-0.335900	0.358400	0.700800	0.586400	1.304600	0.757100
1627444966.890964	-0.208900	0.401500	0.856000	0.731800	1.231300	0.748300
1627444966.901610	-0.027700	0.406100	1.028600	0.948900	1.119800	0.713800
1627444966.902497	0.175800	0.360100	1.277300	1.320000	0.925200	0.675300
1627444966.910517	0.403400	0.258400	1.312100	1.715600	0.618300	0.664300
1627444966.932043	0.592700	0.262700	1.385900	1.347500	0.260000	0.609900
1627444966.940383	0.840800	0.364700	1.444900	1.132200	0.103000	0.574500
1627444966.949097	1.088000	0.399000	1.415200	1.110800	-0.139200	0.615700
1627444966.950048	1.230200	0.499600	1.546500	0.854500	-0.291300	0.666400
1627444966.951708	1.293300	0.530200	1.524300	1.230500	-0.510300	0.811500
1627444966.974479	1.292600	0.470900	1.537400	1.293100	-0.721900	0.963000
1627444966.989159	1.383400	0.471400	1.556800	1.444600	-0.937300	1.106200
1627444966.990069	1.465500	0.371600	1.523600	1.798600	-1.231400	1.288000
1627444966.995638	1.593100	0.213100	1.456400	1.967200	-1.531700	1.454700
1627444967.019406	1.748400	-0.000200	1.346900	1.905200	-1.824900	1.503600
1627444967.020397	1.890300	-0.165400	1.157000	1.280000	-2.097600	1.440400
1627444967.031002	1.963600	-0.224000	0.952800	0.165800	-2.427800	1.369500
1627444967.037973	1.751800	-0.201800	1.293000	-1.221500	-2.637000	1.326500
1627444967.059146	1.700000	-0.766200	1.723300	-2.833200	-0.105000	1.308700
1627444967.060037	3.483300	-0.995000	-0.154200	-1.934700	-1.496200	1.594300
1627444967.072252	3.097300	0.123300	-0.447900	-4.210700	-1.456800	0.879600
1627444967.078093	2.774200	1.069100	-0.959700	-1.409900	-0.878000	1.411400
1627444967.099739	2.941800	-0.102200	-1.147900	0.151100	-1.581100	2.006700
1627444967.111670	2.412600	0.230600	-0.346400	-0.983900	-2.288200	1.937600
1627444967.112580	1.414900	-0.205600	-0.510700	2.205200	-2.994100	1.773900
1627444967.119168	1.143800	-1.013500	-0.858400	0.339000	-2.375900	1.423900
1627444967.142141	1.427200	1.192300	-0.332800	-4.039100	-1.686200	0.228100
1627444967.144626	1.433700	1.506500	0.412700	0.434900	-0.813300	0.856700
1627444967.160215	1.309800	-0.033200	0.325900	1.991400	-0.687400	0.579700
1627444967.165006	1.118000	-0.912600	0.059700	0.970000	-0.746400	0.531100
1627444967.188603	1.209800	-1.462500	0.601800	-1.295100	-1.122100	0.748300
1627444967.189884	1.136200	-0.936500	0.310300	-4.294700	-1.293100	1.087300
1627444967.199226	1.191400	-0.006700	0.252100	-5.028100	-1.388400	1.269300
1627444967.200118	1.066800	0.542800	0.332800	-3.975900	-1.353900	0.593700
1627444967.207901	0.926600	0.809800	0.298600	-1.833900	-1.127600	-0.070600
1627444967.229520	0.872600	0.632700	0.212400	0.139500	-0.909200	-0.322900
1627444967.237833	0.964000	0.425000	0.121000	1.525300	-0.689600	-0.224200
1627444967.238743	1.094400	0.202500	0.068700	2.415600	-0.543900	0.026800
1627444967.248090	1.062500	-0.146000	-0.000200	2.762900	-0.450100	0.327700
1627444967.270766	0.990800	-0.451900	-0.068700	2.208500	-0.378600	0.484400
1627444967.281831	0.960100	-0.505900	-0.105500	1.453500	-0.354500	0.419000
1627444967.282726	0.886700	-0.464200	-0.135100	0.808400	-0.339200	0.294100
1627444967.291698	0.813400	-0.393700	-0.134300	0.283700	-0.303500	0.181100
1627444967.306381	0.781400	-0.282600	-0.086200	-0.128000	-0.251600	0.101700
1627444967.310916	0.819900	-0.161400	-0.006200	-0.316800	-0.174300	0.055300
1627444967.324896	0.929900	-0.028000	0.080900	-0.248400	-0.074400	0.020100
1627444967.325791	1.034700	0.099200	0.129200	0.069000	0.030000	0.013100
1627444967.348750	1.129600	0.117900	0.152000	0.608400	0.115900	0.043000
1627444967.351014	1.143300	0.053100	0.160900	1.096100	0.175400	0.064700
1627444967.352937	1.095600	-0.050300	0.134300	1.312700	0.184300	0.070200
1627444967.378632	1.042800	-0.103900	0.080400	1.297400	0.170500	0.054600
1627444967.379817	1.010400	-0.122100	0.068100	1.274200	0.153100	0.037200
1627444967.394915	0.970300	-0.149900	0.093900	1.173700	0.104600	0.014300
1627444967.397347	0.932700	-0.188200	0.082800	1.021000	0.095400	-0.004600
1627444967.420211	0.934800	-0.217200	0.078000	0.725300	0.086800	-0.011300
1627444967.421075	0.967200	-0.201500	0.080000	0.412300	0.085900	-0.023200
1627444967.428499	1.013500	-0.167600	0.105300	0.134600	0.082300	-0.051600
1627444967.442338	1.038100	-0.143100	0.130200	-0.059300	0.072200	-0.080700
1627444967.460110	1.020500	-0.095000	0.160600	-0.241700	0.051400	-0.091400
1627444967.460933	1.010700	-0.028300	0.167000	-0.307300	0.039500	-0.073000
1627444967.475444	1.021200	0.014800	0.177600	-0.225800	0.024800	-0.059900
1627444967.489746	1.024000	0.024700	0.201400	-0.114900	0.005600	-0.055900
1627444967.499153	1.018700	0.027300	0.193100	-0.047700	-0.018800	-0.046200
1627444967.500041	1.007200	0.024400	0.189300	-0.006500	-0.052400	-0.030300
1627444967.507943	1.004200	0.018600	0.187700	0.061000	-0.063700	-0.028700
1627444967.530788	1.026100	-0.019000	0.184600	0.096500	-0.081800	-0.046500
1627444967.539186	1.019700	-0.056400	0.182000	0.015200	-0.119900	-0.055900
1627444967.547886	1.001300	-0.072600	0.164800	-0.103300	-0.145000	-0.040300
1627444967.548813	0.990800	-0.076000	0.123400	-0.198000	-0.163000	-0.026600
1627444967.551695	0.987900	-0.058100	0.112300	-0.306700	-0.174000	-0.026300
1627444967.578004	0.992100	-0.022600	0.090900	-0.298500	-0.166700	-0.032100
1627444967.578912	0.991800	-0.027300	0.054700	-0.182100	-0.156000	-0.026600
1627444967.589787	0.993500	-0.034200	0.065300	-0.096000	-0.143800	-0.026600
1627444967.596639	0.990500	-0.057100	0.077500	0.029000	-0.122700	-0.036400
1627444967.620566	0.993500	-0.067000	0.082200	0.105900	-0.098900	-0.051600
1627444967.621457	1.000400	-0.054900	0.085700	0.130100	-0.088800	-0.056200
1627444967.628568	1.002100	-0.014000	0.096200	0.130400	-0.072600	-0.039700
1627444967.636685	0.995200	0.018900	0.104600	0.159700	-0.051200	-0.003400
1627444967.659162	0.992100	0.035800	0.097800	0.303900	-0.026200	0.024400
1627444967.660053	0.984600	0.007400	0.054000	0.562200	-0.007200	0.031400
1627444967.669770	0.979500	-0.091900	0.016400	0.919000	0.001600	0.040900
1627444967.679281	0.980100	-0.233200	0.017300	1.020400	-0.010900	0.049100
1627444967.702152	0.990700	-0.343100	0.020900	0.766600	-0.028300	0.048200
1627444967.706555	1.013400	-0.331700	0.041600	0.194500	-0.042400	0.021300
1627444967.707508	1.049800	-0.173000	0.070600	-0.511300	-0.034100	-0.016500
1627444967.717335	1.074300	0.092300	0.093100	-0.946900	-0.000800	-0.028700
1627444967.720428	1.040400	0.317700	0.147900	-0.597500	0.040100	0.002700
1627444967.746628	1.012600	0.288000	0.179900	0.286700	0.104600	0.044000
1627444967.747529	1.007400	0.073400	0.194900	1.034100	0.126800	0.061400
1627444967.762372	0.996000	-0.203700	0.162800	1.276000	0.106100	0.042700
1627444967.764341	1.015900	-0.343600	0.147700	0.914400	0.045900	0.002700
1627444967.788905	1.035500	-0.293600	0.130700	0.466000	-0.032300	-0.015300
1627444967.789789	1.031000	-0.239000	0.135600	0.295300	-0.101600	-0.022600
1627444967.808516	0.990000	-0.175700	0.118000	0.012800	-0.135500	-0.093500
1627444967.819361	1.004300	-0.127200	0.089600	-0.084000	-0.106500	-0.142400
1627444967.820388	1.078100	-0.099100	0.082200	-0.029100	-0.049700	-0.174700
1627444967.830475	1.089500	-0.192300	0.022200	0.041500	-0.020100	-0.206800
1627444967.847435	1.038000	-0.280600	-0.064300	-0.110600	0.044100	-0.273100
1627444967.848416	0.976400	-0.280300	-0.105500	-0.420900	0.127500	-0.353700
1627444967.861149	0.937600	-0.185300	-0.191400	-0.504000	0.264900	-0.414200
1627444967.876986	0.920400	-0.065900	-0.285900	-0.231000	0.487600	-0.473500
1627444967.877884	0.912800	-0.087500	-0.398600	0.317900	0.730400	-0.525700
1627444967.887445	0.915500	-0.184400	-0.471300	0.678600	0.980800	-0.592600
1627444967.897940	0.950700	-0.414700	-0.551000	0.893900	1.224600	-0.675600
1627444967.921901	1.089200	-0.562700	-0.597400	0.774800	1.487200	-0.843900
1627444967.922787	1.299200	-0.395900	-0.494300	0.030200	1.668400	-1.052900
1627444967.929742	1.493700	-0.144500	-0.416600	-0.336000	1.813400	-1.168300
1627444967.938406	1.675300	-0.152600	-0.481600	0.007300	2.050200	-1.238900
1627444967.942396	1.884300	-0.215700	-0.575600	0.116900	2.277700	-1.387300
1627444967.966489	2.195300	-0.176800	-0.985500	0.573900	2.571200	-1.625800
1627444967.967315	2.466900	-0.264400	-0.754900	1.001500	2.780400	-1.875400
1627444967.977284	2.763100	-0.386200	-0.089200	1.244600	2.694900	-2.247700
1627444967.987337	2.805700	-0.473400	0.324100	1.395200	2.258500	-2.636500
1627444968.006703	2.513400	-0.556300	0.904100	0.769000	1.667400	-3.128000
1627444968.007634	2.075300	-0.621200	1.025300	0.202800	1.006800	-3.433400
1627444968.015549	1.336400	-0.905900	1.618800	-1.373900	0.768300	-3.269700
1627444968.038603	1.083100	-0.776400	1.925500	-2.874200	1.110600	-3.162500
1627444968.049242	1.334800	-0.893900	1.167000	-4.200400	1.107600	-2.869000
1627444968.050137	2.122700	-0.261500	1.411500	-7.134700	1.073100	-2.792000
1627444968.059557	2.453500	0.384000	1.668200	-7.169800	0.735300	-2.462100
1627444968.086892	1.550400	0.459400	1.813500	-6.890300	0.563600	-1.779800
1627444968.087798	1.187700	0.827900	1.778700	-6.092500	0.661700	-1.238900
1627444968.088619	1.173700	1.092000	1.695800	-4.201900	0.708100	-0.918200
1627444968.097406	1.163000	1.199600	1.611800	-2.033300	0.673000	-0.818900
1627444968.104326	1.115200	1.040300	1.542600	0.077500	0.587400	-0.748000
1627444968.127876	1.026100	0.737500	1.477100	1.453800	0.398100	-0.749300
1627444968.128779	0.894300	0.506700	1.427400	2.108700	0.128700	-0.831700
1627444968.137360	0.657500	0.382200	1.288600	2.308400	-0.278500	-0.933100
1627444968.146789	0.443200	0.345800	1.196400	2.248500	-0.616000	-0.978000
1627444968.174128	0.195700	0.243700	1.102100	2.020700	-0.981000	-1.032700
1627444968.175014	-0.001500	0.055400	0.970100	1.464800	-1.250700	-0.966700
1627444968.177425	-0.069800	-0.144500	0.833900	0.571700	-1.384700	-0.780100
1627444968.182892	-0.096300	-0.148300	0.728400	-0.762400	-1.492600	-0.710500
1627444968.198437	-0.187300	0.067600	0.606600	-1.910500	-1.551200	-0.737000
1627444968.213530	-0.298700	0.306900	0.433600	-2.427900	-1.547500	-0.739200
1627444968.214782	-0.348600	0.446400	0.366300	-2.532100	-1.504500	-0.671100
1627444968.236703	-0.382400	0.597800	0.278800	-2.260600	-1.430600	-0.548300
1627444968.237522	-0.425900	0.678100	0.135600	-1.617300	-1.340500	-0.314000
1627444968.242915	-0.479600	0.666700	0.013900	-0.996700	-1.209700	-0.088000
1627444968.266811	-0.514900	0.639000	-0.048100	-0.428600	-1.074700	0.085500
1627444968.267714	-0.546000	0.535800	-0.133100	0.173700	-0.956200	0.277900
1627444968.281171	-0.576000	0.397900	-0.200600	0.599500	-0.821800	0.485600
1627444968.286806	-0.607200	0.259800	-0.242400	0.693000	-0.686200	0.623700
1627444968.299633	-0.609100	0.163600	-0.288800	0.624300	-0.524900	0.729600
1627444968.315336	-0.620000	0.146500	-0.329700	0.548200	-0.392100	0.814600
1627444968.318645	-0.632200	0.117400	-0.398400	0.660600	-0.247000	0.857600
1627444968.340984	-0.651900	0.025100	-0.465600	0.635200	-0.112900	0.838700
1627444968.341960	-0.674000	-0.005400	-0.490000	0.339300	0.065800	0.776700
1627444968.352267	-0.676400	-0.005600	-0.460300	0.054300	0.255700	0.694500
1627444968.362636	-0.660200	0.060200	-0.411600	-0.224900	0.445700	0.606300
1627444968.384829	-0.646900	0.164700	-0.341800	-0.287200	0.640300	0.520700
1627444968.386361	-0.623700	0.238800	-0.272500	-0.149100	0.840000	0.452000
1627444968.399173	-0.595000	0.284400	-0.209800	0.079400	1.031500	0.390300
1627444968.400064	-0.567100	0.307700	-0.142000	0.326800	1.213000	0.341100
1627444968.406723	-0.528600	0.321300	-0.032700	0.616000	1.425500	0.317300
1627444968.429598	-0.487100	0.314200	0.076000	0.850000	1.592300	0.332000
1627444968.444240	-0.442900	0.283100	0.151400	1.050600	1.690400	0.369200
1627444968.445138	-0.408800	0.264600	0.254500	1.100400	1.770400	0.395500
1627444968.447287	-0.373400	0.271700	0.431600	0.994700	1.829000	0.421800
1627444968.450478	-0.315100	0.277000	0.567900	0.983100	1.860200	0.492000
1627444968.472174	-0.215600	0.248200	0.729100	1.023100	1.844600	0.576900
1627444968.491080	-0.051000	0.259000	0.948500	1.157800	1.738600	0.638600
1627444968.501464	0.136700	0.252700	1.004600	1.441300	1.559300	0.653600
1627444968.502513	0.322900	0.234700	1.132800	1.408000	1.350700	0.595600
1627444968.509703	0.538000	0.246500	1.212200	1.404600	1.106400	0.519200
1627444968.522314	0.698900	0.252000	1.219800	1.443400	0.788100	0.463300
1627444968.523197	0.775500	0.322800	1.239400	1.185300	0.527000	0.464500
1627444968.544996	0.828100	0.404700	1.276100	1.151400	0.319600	0.562600
1627444968.547362	0.904100	0.407700	1.409300	1.046700	0.155600	0.755300
1627444968.556002	1.022200	0.511400	1.519900	0.905600	-0.029500	0.908300
1627444968.567612	1.087400	0.605700	1.513900	1.255900	-0.291300	1.056500
1627444968.591393	1.168700	0.627400	1.545900	1.674300	-0.479100	1.209800
1627444968.593515	1.319700	0.601600	1.510600	2.337700	-0.680400	1.326500
1627444968.597192	1.447800	0.436000	1.385900	3.148000	-0.925700	1.432400
1627444968.611180	1.563400	0.165400	1.300700	3.196600	-1.147700	1.510300
1627444968.612094	1.719000	-0.137100	1.232100	2.776600	-1.477300	1.554900
1627444968.634587	1.825000	-0.357700	1.205600	1.744000	-1.735400	1.488600
1627444968.645627	1.900300	-0.412700	1.055800	0.379600	-1.959300	1.381400
1627444968.646538	1.961100	-0.347400	0.770300	-0.796000	-2.189200	1.291000
1627444968.655756	1.862100	-0.149500	0.838000	-2.124000	-2.360300	1.182600
1627444968.680978	1.206300	-0.286600	1.879000	-4.086700	-0.620200	0.710100
1627444968.685670	3.013400	-0.237100	-0.314000	-2.524500	-0.898800	1.098000
1627444968.686571	2.703100	0.109500	-0.420500	-2.924000	-1.210600	0.795900
1627444968.696198	2.542000	0.878800	-0.846900	-0.566000	-0.814800	1.182300
1627444968.699256	2.436000	-0.550800	-0.954200	0.683500	-0.944600	1.666100
1627444968.725567	2.457000	-0.653400	-0.477300	-0.831400	-1.693800	1.496300
1627444968.726489	1.606700	-0.757100	-0.504000	-0.468900	-2.309900	1.961200
1627444968.741010	1.261000	-0.867700	-0.415200	-0.820800	-2.195400	1.909800
1627444968.742945	1.122400	0.426400	-0.346100	-2.455100	-1.659000	1.291600
1627444968.767966	1.005700	1.145600	0.320900	-1.198300	-0.770800	1.254100
1627444968.768859	0.951200	0.912100	0.623200	1.540500	-0.293100	0.933100
1627444968.782569	0.833600	0.266600	0.491000	2.820900	-0.184100	0.421800
1627444968.786801	0.928700	-0.692700	0.220500	2.870100	-0.137700	0.095300
1627444968.796166	1.292100	-1.403000	0.115600	0.836200	-0.249800	0.075700
1627444968.809935	1.698400	-0.968300	0.070200	-2.425800	-0.528600	0.253200
1627444968.825545	1.618500	-0.072400	0.311400	-3.876000	-0.860900	0.606300
1627444968.826436	1.233800	0.242300	0.587400	-3.635000	-0.954400	0.624300
1627444968.837332	0.904500	0.449600	0.718900	-2.631700	-0.858500	0.336300
1627444968.840286	0.900000	0.513300	0.633800	-1.245600	-0.729000	0.199100
1627444968.865641	1.046100	0.418700	0.706400	-0.242000	-0.741800	0.197600
1627444968.866561	1.164900	0.301000	0.645400	0.430300	-0.855700	0.354600
1627444968.880112	1.147500	0.179400	0.437600	0.901300	-0.985800	0.459600
1627444968.884374	1.008300	0.084700	0.258100	1.153300	-1.191400	0.428500
1627444968.896311	0.869600	0.007600	0.226100	1.337400	-1.171500	0.321600
1627444968.906152	0.850200	-0.041600	0.138200	1.453500	-1.061600	0.277600
1627444968.913687	0.894800	-0.023600	0.108800	1.417200	-0.916500	0.241900
1627444968.936522	0.958400	-0.097900	0.064900	1.558600	-0.783300	0.252900
1627444968.937346	0.983800	-0.195700	-0.001100	1.418700	-0.670900	0.247400
1627444968.947298	0.962200	-0.256800	-0.103400	1.098300	-0.582700	0.227800
1627444968.957552	0.906600	-0.232800	-0.123500	0.670100	-0.484000	0.195800
1627444968.979848	0.852300	-0.202500	-0.164700	0.439500	-0.382000	0.189600
1627444968.981180	0.816800	-0.176400	-0.201400	0.365900	-0.247600	0.186900
1627444968.995647	0.816800	-0.176400	-0.201400	0.365900	-0.247600	0.186900
1627444968.996537	0.843000	-0.197500	-0.227900	0.527100	-0.108000	0.167700
1627444969.000429	0.909200	-0.240800	-0.127100	0.552500	-0.010600	0.111500
1627444969.024448	0.968100	-0.268900	-0.068800	0.475200	0.035200	0.051300
1627444969.026070	0.974400	-0.240800	-0.016800	0.207300	0.065200	0.025300
1627444969.040918	0.969700	-0.190200	0.042600	0.062900	0.073700	0.029900
1627444969.043815	0.988800	-0.171500	0.119000	0.038100	0.055100	0.029600
1627444969.062622	1.017200	-0.159400	0.177500	-0.048000	0.017800	0.021300
1627444969.066236	1.023400	-0.125000	0.162600	-0.169900	-0.018200	0.022600
1627444969.077320	1.029900	-0.074700	0.162000	-0.228200	-0.044500	0.018900
1627444969.083806	1.053800	-0.061400	0.155800	-0.189400	-0.055500	-0.002500
1627444969.104169	1.071900	-0.067700	0.164700	-0.238000	-0.080500	-0.030900
1627444969.105073	1.052700	-0.039600	0.181000	-0.450000	-0.116600	-0.030900
1627444969.111863	1.027100	0.003900	0.181400	-0.625000	-0.136700	-0.005800
1627444969.135002	1.028800	0.034300	0.143600	-0.595000	-0.143200	0.021700
1627444969.136157	1.035400	0.047700	0.143100	-0.443500	-0.151100	0.032300
1627444969.151791	1.043600	0.027100	0.168500	-0.282600	-0.161800	0.044000
1627444969.156321	1.030900	0.000000	0.203700	-0.234900	-0.184700	0.051300
1627444969.178513	1.005700	-0.027100	0.148600	-0.127100	-0.217700	0.059800
1627444969.179809	0.980100	-0.022500	0.145600	-0.107600	-0.239700	0.065900
1627444969.194257	0.974700	-0.020300	0.119000	0.089100	-0.215800	0.068100
1627444969.195158	0.984300	-0.072000	0.095800	0.262900	-0.192300	0.057400
1627444969.199360	0.993800	-0.118200	0.079600	0.303500	-0.173100	0.034800
1627444969.222508	0.999000	-0.140300	0.069500	0.219600	-0.157200	0.018900
1627444969.224763	1.000100	-0.151700	0.033600	0.127000	-0.136700	0.028400
1627444969.239709	0.996900	-0.173300	0.005500	0.123600	-0.103800	0.035100
1627444969.242386	0.986300	-0.195700	0.033700	0.076300	-0.086000	0.011600
1627444969.266503	0.971700	-0.200600	0.032700	-0.006500	-0.061600	-0.014100
1627444969.267347	0.965300	-0.147300	0.023900	-0.095300	-0.039900	-0.036400
1627444969.279938	0.975700	-0.048500	0.056500	-0.162800	-0.019800	-0.045200
1627444969.287426	0.996700	0.026200	0.081200	-0.011000	0.007700	-0.036700
1627444969.306531	1.014600	0.059700	0.107400	0.195400	0.028200	-0.016800
1627444969.307420	1.013200	0.029500	0.096900	0.485900	0.050500	0.010400
1627444969.315565	1.010500	0.000500	0.080300	0.624600	0.054500	0.036600
1627444969.337084	1.004400	-0.025100	0.071400	0.701500	0.068500	0.047900
1627444969.348060	1.000900	-0.044900	0.077600	0.707600	0.079800	0.038100
1627444969.348960	0.999500	-0.057900	0.072500	0.751000	0.094800	0.016200
1627444969.355635	1.011400	-0.067600	0.088400	0.808700	0.112200	-0.008000
1627444969.374659	1.051300	-0.110000	0.114700	0.828000	0.115500	-0.039100
1627444969.386079	1.058700	-0.161300	0.099600	0.881100	0.110000	-0.066300
1627444969.387070	1.048000	-0.190700	0.096400	0.704300	0.113100	-0.084000
1627444969.394391	1.030300	-0.185900	0.065600	0.523500	0.128400	-0.104200
1627444969.418537	1.017500	-0.206300	0.039600	0.476700	0.159200	-0.143300
1627444969.419444	0.994000	-0.243300	0.014600	0.409500	0.181200	-0.197600
1627444969.435153	0.966300	-0.251700	-0.013200	0.369200	0.222400	-0.239200
1627444969.438504	0.954200	-0.290400	-0.054700	0.373500	0.293300	-0.288700
1627444969.458835	0.953600	-0.359000	-0.081500	0.290100	0.366900	-0.356500
1627444969.459663	0.981300	-0.386400	-0.108500	0.039000	0.452400	-0.455400
1627444969.469207	0.999300	-0.314900	-0.100700	-0.283500	0.541000	-0.548600
1627444969.488144	0.991300	-0.221200	-0.121000	-0.388900	0.649700	-0.595300
1627444969.489037	0.974400	-0.164100	-0.165900	-0.392500	0.792700	-0.637200
1627444969.497405	0.986100	-0.142200	-0.216200	-0.318600	0.961600	-0.682400
1627444969.503490	0.998500	-0.085800	-0.273200	-0.340600	1.192200	-0.741600
1627444969.511242	1.027000	-0.033800	-0.266800	-0.241000	1.401400	-0.777100
1627444969.531385	1.088700	-0.106400	-0.213700	-0.136600	1.576400	-0.813100
1627444969.534877	1.217800	-0.235400	-0.318100	-0.019900	1.721500	-0.898000
1627444969.544819	1.436000	-0.332800	-0.453900	0.110800	1.904800	-1.058400
1627444969.552759	1.690400	-0.389200	-0.568600	0.088200	2.096000	-1.281300
1627444969.573114	2.010100	-0.272800	-0.797600	0.241200	2.369600	-1.598400
1627444969.573997	2.379400	-0.113500	-0.849900	0.450800	2.666500	-1.864100
1627444969.583631	2.596300	-0.139300	-0.326700	0.489600	2.677800	-1.973700
1627444969.591846	2.620600	-0.144500	-0.120100	0.431200	2.501600	-2.024400
1627444969.614466	2.507000	0.000100	0.152100	0.412900	2.286900	-2.334500
1627444969.615369	2.306800	-0.020500	0.504800	0.859700	1.912400	-2.662200
1627444969.629748	2.043600	-0.251500	0.916700	1.281800	1.377600	-2.901000
1627444969.636676	1.743900	-0.696700	0.942300	1.284000	0.623500	-2.986200
1627444969.656900	1.168800	-0.982800	1.980300	-0.982300	0.204100	-2.974300
1627444969.657799	0.935200	-0.711700	1.965700	-2.143600	0.321400	-2.545200
1627444969.667448	1.024500	-0.979100	0.797700	-3.354600	0.376400	-2.063200
1627444969.675547	1.554100	-0.402300	1.444500	-7.181700	0.833600	-2.079700
1627444969.695874	2.169700	0.435800	1.723100	-6.737300	0.666900	-2.014400
1627444969.696767	1.607800	0.582900	1.601900	-6.166100	0.180000	-1.836000
1627444969.704964	0.950200	0.992200	1.610100	-5.160000	0.255700	-1.376600
1627444969.715572	0.919200	1.094400	1.441300	-2.830500	0.451500	-0.839400
1627444969.740089	0.972900	1.114400	1.430800	-1.319200	0.473800	-0.637800
1627444969.740968	0.942700	0.998500	1.475100	0.700600	0.444200	-0.522000
1627444969.743409	0.895900	0.673700	1.408700	2.152000	0.346100	-0.519900
1627444969.758491	0.824500	0.446500	1.379300	2.780000	0.187600	-0.624000
1627444969.762376	0.722700	0.306800	1.299700	2.939700	-0.020700	-0.760600
1627444969.779448	0.538300	0.190600	1.183200	2.696300	-0.380500	-0.896800
1627444969.783408	0.336500	-0.045200	1.044200	2.245200	-0.679800	-0.911400
1627444969.798530	0.197100	-0.329800	0.970200	1.097400	-0.805600	-0.753800
1627444969.815553	0.124100	-0.399000	0.891100	-0.574300	-0.859100	-0.598400
1627444969.816464	0.056500	-0.215900	0.825800	-2.065400	-0.906700	-0.521400
1627444969.822946	-0.046500	0.087900	0.751100	-3.025100	-0.994700	-0.515900
1627444969.843773	-0.137800	0.337400	0.663100	-3.284400	-1.066200	-0.554400
1627444969.844614	-0.206900	0.513100	0.526000	-3.043100	-1.126300	-0.624900
1627444969.850478	-0.255900	0.597000	0.418000	-2.639900	-1.160200	-0.616700
1627444969.872156	-0.308100	0.699700	0.301800	-2.102000	-1.155400	-0.527500
1627444969.883178	-0.342200	0.761600	0.184600	-1.382400	-1.096700	-0.378200
1627444969.884072	-0.376600	0.742100	0.067600	-0.606300	-1.027400	-0.237400
1627444969.894481	-0.387700	0.642900	0.004300	0.100400	-0.958700	-0.094700
1627444969.917374	-0.416600	0.496700	-0.076500	0.560400	-0.867600	0.054300
1627444969.925455	-0.466600	0.346400	-0.157300	0.779400	-0.711000	0.254700
1627444969.926353	-0.474900	0.243300	-0.214100	0.857900	-0.575600	0.398600
1627444969.936229	-0.479600	0.162200	-0.307700	0.799900	-0.454100	0.517400
1627444969.939267	-0.479200	0.123200	-0.383800	0.660600	-0.305600	0.603800
1627444969.961438	-0.476800	0.085200	-0.440700	0.493800	-0.185000	0.646300
1627444969.963598	-0.473400	0.073000	-0.474600	0.268700	-0.080200	0.639500
1627444969.974915	-0.497100	0.103300	-0.459000	0.015500	0.036400	0.607200
1627444969.982550	-0.513800	0.139800	-0.417100	-0.167700	0.196200	0.571100
1627444970.003979	-0.528000	0.183600	-0.356300	-0.304900	0.323900	0.543600
1627444970.004882	-0.518400	0.238200	-0.320900	-0.267300	0.468000	0.518000
1627444970.014879	-0.504400	0.270100	-0.271400	-0.196800	0.616200	0.497800
1627444970.022861	-0.493900	0.319700	-0.163600	-0.207100	0.763700	0.493500
1627444970.049250	-0.483300	0.374600	-0.028100	-0.074900	0.905400	0.518000
1627444970.050149	-0.464700	0.394800	0.050400	0.214400	1.023900	0.602900
1627444970.056106	-0.460000	0.402300	0.126500	0.347200	1.142400	0.686300
1627444970.060408	-0.414700	0.423600	0.220600	0.478900	1.263100	0.748600
1627444970.085803	-0.354600	0.438700	0.323500	0.558000	1.308000	0.796200
1627444970.086800	-0.302000	0.483900	0.409200	0.729600	1.314700	0.807800
1627444970.094925	-0.263700	0.506300	0.548700	1.070500	1.276500	0.817000
1627444970.101749	-0.225800	0.512100	0.708900	1.452600	1.224600	0.835900
1627444970.126785	-0.148300	0.467700	0.899000	1.977900	1.111000	0.853700
1627444970.127686	-0.050300	0.356100	1.035500	2.443100	1.004400	0.824900
1627444970.146343	0.129800	0.273400	1.158300	2.568300	0.899600	0.712200
1627444970.156533	0.376800	0.265600	1.196300	2.538400	0.665900	0.578200
1627444970.158588	0.632900	0.246100	1.319600	2.460500	0.365400	0.486800
1627444970.161680	0.897200	0.234600	1.367100	2.312400	0.087800	0.481300
1627444970.185281	1.100500	0.215500	1.296100	2.076900	-0.194500	0.547600
1627444970.186456	1.194500	0.246800	1.502200	1.183500	-0.391200	0.691500
1627444970.198548	1.265900	0.308100	1.497200	0.983700	-0.524900	0.869800
1627444970.206140	1.327400	0.342300	1.469100	0.746700	-0.682200	1.021900
1627444970.228345	1.422200	0.443100	1.502300	0.607800	-0.864300	1.110500
1627444970.231640	1.548000	0.445700	1.488300	0.789200	-1.083300	1.200300
1627444970.232556	1.696400	0.420400	1.438400	0.941300	-1.356000	1.286800
1627444970.244279	1.791700	0.324600	1.268300	1.252500	-1.652900	1.387200
1627444970.267990	1.814900	0.117100	1.046000	1.397300	-1.992200	1.516100
1627444970.268889	1.854200	-0.009000	0.910300	1.154200	-2.134900	1.544800
1627444970.272474	1.732400	-0.136100	1.077800	0.372300	-2.067100	1.466700
1627444970.282334	1.578000	-0.786400	2.387200	-1.395300	-0.093400	1.339900
1627444970.288744	3.444700	-0.566500	-0.075300	1.107800	-0.866400	1.191200
1627444970.310045	2.546900	-0.708400	-0.733400	-0.691200	-1.619000	1.126700
1627444970.313535	2.498400	-0.100100	-0.785300	-0.648500	-0.280600	1.011600
1627444970.326129	3.085800	-0.952800	-1.034900	0.357600	-1.144100	1.385400
1627444970.329859	2.493300	-1.035500	-0.235700	-0.586200	-2.128800	1.795900
1627444970.353869	1.653900	-1.373700	-0.356900	-0.427400	-2.737800	2.151700
1627444970.354716	1.145800	-0.809400	-0.682500	-2.427900	-2.593000	1.707600
1627444970.366132	1.026900	0.908900	-0.232700	-3.917500	-1.661200	1.122100
1627444970.372401	1.173200	1.662200	0.137700	-1.628900	-0.736000	1.050000
1627444970.394177	1.204200	1.064500	0.000900	2.050900	-0.376200	0.368900
1627444970.394994	1.131100	-0.027800	0.208500	2.868900	-0.495600	0.011600
1627444970.403478	1.097900	-0.965000	0.236200	1.782800	-0.474200	0.116000
1627444970.415096	1.149900	-1.366800	0.185400	-0.177800	-0.673400	0.640500
1627444970.437361	1.068600	-1.016800	0.081100	-3.123700	-0.861200	1.079100
1627444970.442880	1.204300	-0.369000	0.344500	-4.018300	-0.836800	0.962400
1627444970.461034	1.195800	0.110000	0.279300	-3.668300	-0.795600	0.434300
1627444970.462200	1.004600	0.586100	0.303300	-2.422700	-0.708200	-0.038800
1627444970.464599	0.954300	0.690200	0.249600	-0.669300	-0.528000	-0.072400
1627444970.472713	0.990000	0.482800	0.197300	0.730200	-0.372200	0.010700
1627444970.490419	0.996500	0.242800	0.121200	1.639200	-0.251900	0.099500
1627444970.492568	0.978800	-0.032000	0.077400	2.138300	-0.148700	0.179000
1627444970.502213	0.950100	-0.299300	0.044600	2.129100	-0.077200	0.209500
1627444970.511044	0.948600	-0.400300	0.021100	1.626700	-0.041800	0.150200
1627444970.533876	0.945800	-0.367600	0.028600	0.945600	-0.050000	0.098000
1627444970.534700	0.921000	-0.329300	0.087900	0.419900	-0.077500	0.067500
1627444970.542247	0.911400	-0.284500	0.115600	-0.085000	-0.089400	0.037200
1627444970.553933	0.919200	-0.159100	0.130200	-0.516500	-0.079900	0.000600
1627444970.554846	0.966700	-0.023400	0.151900	-0.659200	-0.031400	-0.027800
1627444970.581085	1.037000	0.070700	0.190300	-0.457600	0.051400	-0.056800
1627444970.594328	1.073200	0.125600	0.188700	-0.036400	0.147300	-0.068400
1627444970.598552	1.076800	0.137100	0.175400	0.572600	0.198000	-0.004600
1627444970.599472	1.037800	0.126500	0.195900	0.914400	0.218800	0.052500
1627444970.622558	1.014300	0.046900	0.191200	1.237600	0.232500	0.079100
1627444970.623684	0.993800	-0.039300	0.208700	1.287000	0.213900	0.047300
1627444970.631125	0.987500	-0.079600	0.210400	1.200900	0.187600	-0.013800
1627444970.643790	0.996100	-0.117100	0.177000	1.095500	0.154900	-0.060500
1627444970.663519	0.994500	-0.179900	0.192400	0.883900	0.098400	-0.082200
1627444970.665122	0.995700	-0.227300	0.197800	0.435200	0.043500	-0.092300
1627444970.680170	1.008500	-0.204600	0.172200	0.003600	0.002500	-0.089800
1627444970.684884	1.006600	-0.138700	0.205600	-0.397400	-0.068600	-0.082800
1627444970.703091	1.003300	-0.048100	0.216800	-0.620100	-0.093100	-0.099900
1627444970.704083	1.002600	0.013300	0.218900	-0.667700	-0.110500	-0.119800
1627444970.712385	0.998900	0.048100	0.208900	-0.593500	-0.120600	-0.122800
1627444970.720569	0.998400	0.050700	0.205300	-0.525100	-0.134300	-0.114600
1627444970.742978	1.008200	0.061300	0.201700	-0.474100	-0.148700	-0.095300
1627444970.743870	1.006200	0.071000	0.218800	-0.402600	-0.180700	-0.072700
1627444970.749454	0.997100	0.073400	0.218300	-0.336000	-0.203600	-0.051000
1627444970.771235	0.996200	0.059000	0.208100	-0.291400	-0.219200	-0.042200
1627444970.772512	1.001300	0.040200	0.216100	-0.237100	-0.233600	-0.032400
1627444970.789645	1.005600	-0.002900	0.193800	-0.190600	-0.262000	-0.020500
1627444970.801732	1.002800	-0.047400	0.119900	-0.199800	-0.278200	-0.015300
1627444970.802412	1.006500	-0.067700	0.095500	-0.268800	-0.284300	-0.003100
1627444970.807756	0.992300	-0.057600	0.127900	-0.396200	-0.293400	-0.002500
1627444970.830878	0.983200	-0.049400	0.116900	-0.507100	-0.297100	-0.013200
1627444970.831926	0.976900	-0.017700	0.120200	-0.661900	-0.294000	-0.020800
1627444970.842012	0.989900	0.028100	0.130500	-0.642700	-0.291000	-0.008900
1627444970.852464	1.008500	0.070900	0.116300	-0.530600	-0.250400	0.008200
1627444970.874506	1.029700	0.059000	0.082400	-0.237400	-0.203300	0.061100
1627444970.876144	1.017500	0.037400	0.129400	-0.150900	-0.177700	0.074200
1627444970.890358	0.993200	0.065400	0.119100	-0.029100	-0.138600	0.080000
1627444970.891063	0.973400	0.053700	0.092700	0.169500	-0.109300	0.092500
1627444970.895283	0.965200	0.047700	0.143700	0.317000	-0.100400	0.086400
1627444970.918348	0.967200	0.023700	0.139600	0.484400	-0.086000	0.073000
1627444970.933707	0.979200	-0.003400	0.163500	0.479200	-0.091500	0.070800
1627444970.934594	1.002400	-0.002100	0.147900	0.474900	-0.085400	0.089800
1627444970.953507	1.043700	0.000100	0.163000	0.447400	-0.074700	0.092800
1627444970.954662	1.070200	-0.002400	0.179800	0.516700	-0.060100	0.102300
1627444970.969695	1.086900	-0.073500	0.154400	0.617500	-0.051800	0.098000
1627444970.977454	1.084800	-0.093100	0.194000	0.480100	-0.073800	0.057100
1627444970.997937	1.051500	-0.068600	0.180500	0.368300	-0.085400	0.017700
1627444970.999988	1.018700	-0.068700	0.122400	0.545400	-0.070500	-0.000600
1627444971.001043	1.013800	-0.102900	0.102100	0.740000	-0.027400	-0.066600
1627444971.016215	1.018600	-0.117400	0.079800	0.852700	0.002200	-0.135600
1627444971.017112	0.982900	-0.198000	-0.006000	0.962100	0.017200	-0.178400
1627444971.040115	0.933700	-0.301400	-0.069000	0.853600	0.049300	-0.230900
1627444971.040994	0.934400	-0.343800	-0.103800	0.574200	0.129900	-0.306700
1627444971.046796	0.976700	-0.325000	-0.133900	0.273300	0.233400	-0.379100
1627444971.069627	0.991700	-0.294600	-0.203400	-0.001900	0.365100	-0.447200
1627444971.080663	0.993700	-0.301000	-0.283200	-0.221800	0.556300	-0.536100
1627444971.081562	0.989900	-0.269400	-0.347500	-0.469800	0.738000	-0.628900
1627444971.091789	0.988400	-0.246600	-0.402500	-0.568800	0.925200	-0.698900
1627444971.113332	1.015900	-0.262000	-0.467400	-0.703800	1.154900	-0.792600
1627444971.128413	1.088700	-0.165400	-0.516600	-0.944500	1.395900	-0.907500
1627444971.130203	1.177400	-0.028200	-0.517800	-0.933500	1.657700	-1.011000
1627444971.142984	1.422400	0.179000	-0.371600	-0.841500	2.020800	-1.103300
1627444971.143878	1.821700	0.301400	-0.489500	-0.187600	2.357700	-1.160400
1627444971.156830	2.347200	0.321200	-0.938800	1.041200	2.697100	-1.253200
1627444971.170879	2.883700	0.372300	-1.208500	2.093400	3.084700	-1.463400
1627444971.172433	3.126300	0.077300	-0.542700	2.443100	3.060500	-1.688800
1627444971.187137	2.812900	-0.430300	-0.043900	2.042400	2.594700	-2.004000
1627444971.191166	2.415000	-0.653600	0.285600	1.108400	2.111200	-2.465200
1627444971.213987	2.187300	-0.670300	0.734000	0.041200	1.341900	-2.854600
1627444971.214884	1.960200	-0.764200	1.196500	-0.490300	0.625300	-2.976800
1627444971.224846	1.276400	-0.755100	2.453000	-1.750800	0.103300	-2.897400
1627444971.234945	0.802100	-0.671600	1.710600	-2.686000	0.796700	-2.541500
1627444971.258822	1.137100	-0.962800	0.763200	-5.155800	0.909100	-2.186600
1627444971.259640	2.350800	-0.110400	1.425000	-7.739700	0.928000	-2.396500
1627444971.261052	2.432500	0.737900	1.626100	-7.148400	0.276800	-2.319500
1627444971.275928	1.158100	1.007200	1.736300	-5.086700	0.091700	-1.585500
1627444971.279937	0.871600	1.056200	1.561200	-2.684800	0.454300	-0.837500
1627444971.299834	1.018300	0.914800	1.444100	-0.596300	0.661000	-0.437400
1627444971.304804	1.153200	0.707500	1.478500	0.900400	0.631700	-0.307000
1627444971.305825	1.148600	0.594000	1.495100	2.017900	0.448200	-0.325900
1627444971.329103	1.057900	0.477700	1.442500	2.961700	0.165000	-0.397400
1627444971.329920	0.897100	0.293100	1.383300	3.313600	-0.129700	-0.591300
1627444971.339750	0.722800	0.143800	1.331700	3.097600	-0.454700	-0.899500
1627444971.351526	0.608300	0.006300	1.314700	2.652000	-0.667600	-1.043100
1627444971.373824	0.483900	-0.146700	1.216100	1.863400	-0.937300	-1.074200
1627444971.374802	0.267500	-0.234400	1.071400	0.646200	-1.157200	-1.043100
1627444971.379891	0.125400	-0.201500	0.966600	-0.679300	-1.229300	-0.965500
1627444971.392544	0.077900	-0.051900	0.912600	-1.843000	-1.200300	-0.899800
1627444971.393435	-0.028000	0.193000	0.824200	-2.695800	-1.168800	-0.885500
1627444971.416506	-0.162100	0.396700	0.722700	-2.926700	-1.150500	-0.866200
1627444971.419761	-0.244000	0.480300	0.651000	-2.679900	-1.154700	-0.804200
1627444971.436357	-0.318000	0.595700	0.561600	-2.311300	-1.156900	-0.694000
1627444971.460055	-0.398600	0.752200	0.393300	-1.584000	-1.112300	-0.483200
1627444971.461220	-0.506000	0.792400	0.169300	-0.556600	-1.001700	-0.188200
1627444971.462183	-0.552900	0.643200	-0.033900	0.184700	-0.807200	0.060400
1627444971.480107	-0.488800	0.446400	-0.151100	0.469700	-0.599200	0.246800
1627444971.492069	-0.516000	0.276200	-0.261500	0.507300	-0.509700	0.457500
1627444971.492962	-0.574200	0.200800	-0.341900	0.381100	-0.433000	0.634700
1627444971.499321	-0.594700	0.189900	-0.415300	0.227200	-0.326100	0.768400
1627444971.519839	-0.598600	0.205700	-0.511700	0.139800	-0.185600	0.857600
1627444971.520876	-0.609300	0.181400	-0.584800	0.170100	-0.096400	0.917500
1627444971.536541	-0.625900	0.141700	-0.619100	0.216800	-0.023100	0.947700
1627444971.540045	-0.625000	0.089800	-0.674900	0.190800	0.080100	0.976100
1627444971.562675	-0.598000	0.069300	-0.690100	0.044800	0.152800	0.979500
1627444971.563694	-0.574600	0.099200	-0.616600	-0.147000	0.224000	0.984700
1627444971.573619	-0.553500	0.161900	-0.490000	-0.333900	0.324800	1.008800
1627444971.583783	-0.544900	0.260500	-0.406200	-0.248700	0.443900	1.040300
1627444971.594061	-0.544100	0.303500	-0.294900	-0.048000	0.572200	1.071100
1627444971.601079	-0.517700	0.323900	-0.221700	0.256200	0.689500	1.105900
1627444971.611249	-0.481600	0.275500	-0.201400	0.766000	0.813200	1.141700
1627444971.616271	-0.474200	0.233600	-0.147000	0.902800	0.934400	1.160900
1627444971.636562	-0.462000	0.222800	-0.027300	0.840500	1.072500	1.168900
1627444971.638528	-0.455600	0.236200	0.112800	0.763800	1.190700	1.183500
1627444971.642984	-0.454300	0.255100	0.242600	0.773000	1.259100	1.224400
1627444971.668370	-0.445100	0.277300	0.335800	0.818800	1.328400	1.293800
1627444971.679367	-0.411700	0.334700	0.536400	0.708200	1.386500	1.331700
1627444971.687348	-0.321400	0.414900	0.766100	0.842600	1.446000	1.354300
1627444971.688277	-0.152100	0.397100	0.879500	1.445600	1.363200	1.323400
1627444971.712640	0.039400	0.343600	1.042600	1.834100	1.269800	1.185700
1627444971.713457	0.283900	0.321700	1.258400	2.029900	1.194600	1.013100
1627444971.720956	0.530200	0.286000	1.392600	2.275700	0.999800	0.880200
1627444971.731147	0.737500	0.224500	1.424200	2.479800	0.714200	0.761400
1627444971.732030	0.877200	0.168800	1.316400	2.443100	0.368400	0.617600
1627444971.757302	0.917700	0.224600	1.339600	1.932400	0.193700	0.492000
1627444971.770610	0.985800	0.319200	1.388400	1.655400	0.145200	0.458700
1627444971.771495	1.052100	0.321800	1.382900	1.660600	0.047400	0.497200
1627444971.776855	1.103900	0.330700	1.440300	1.504500	0.014100	0.573600
1627444971.791041	1.201300	0.355700	1.434800	1.393300	-0.186800	0.686900
1627444971.801040	1.246800	0.322300	1.500700	1.236000	-0.461700	0.800200
1627444971.806194	1.427000	0.312900	1.538800	1.109000	-0.786400	0.876900
1627444971.827664	1.550000	0.237500	1.503900	1.358800	-1.203000	0.825200
1627444971.832403	1.714000	0.078500	1.467900	1.452600	-1.511500	0.690600
1627444971.847423	1.924300	-0.107800	1.186200	1.342900	-1.882300	0.572000
1627444971.849522	2.056600	-0.300400	0.866100	0.745800	-2.330700	0.457800
1627444971.873051	1.723500	-0.462600	1.307100	-0.724800	-2.285800	0.350000
1627444971.873920	1.380700	-1.359900	2.406700	-2.709500	0.327200	0.393100
1627444971.878691	3.988300	-1.641500	-0.295400	-2.942900	-0.326100	0.824900
1627444971.892460	3.451300	0.006300	-0.828200	-5.859500	-0.855400	0.481900
1627444971.893356	2.764400	1.221800	-1.454000	-3.507000	-0.440600	1.239400
1627444971.918934	2.884600	0.511700	-1.018100	-2.272800	-1.118400	2.448000
1627444971.920081	2.255000	0.790000	0.141800	-0.729700	-2.272900	2.429400
1627444971.929736	0.990700	-0.351300	-0.722000	4.793400	-2.876800	2.113900
1627444971.941331	1.264200	-0.961700	-0.956500	2.583300	-1.603400	1.658800
1627444971.956814	1.533700	1.241800	-0.048700	-0.586500	-1.011200	0.642600
1627444971.958695	1.266700	0.552100	0.980500	4.141600	-0.402200	1.215900
1627444971.969887	0.909500	-0.299700	0.414600	2.689000	-0.284600	0.150200
1627444971.976281	0.952500	-1.030900	0.183000	2.084200	-0.229300	-0.135000
1627444971.998092	1.107700	-1.645600	0.082800	-1.413900	-0.464800	-0.121000
1627444971.998981	1.473900	-0.909800	0.255700	-4.382400	-0.704200	0.438300
1627444972.005412	1.685700	-0.142100	0.447300	-5.868300	-0.909800	0.963600
1627444972.028686	1.364700	0.647500	0.709200	-5.136500	-0.975200	0.664600
1627444972.039212	0.859500	0.662500	0.794900	-3.158500	-0.893600	0.224500
1627444972.040227	0.674000	0.636000	0.808500	-1.500300	-0.735100	-0.134100
1627444972.049584	0.847000	0.588500	0.700300	0.090700	-0.615000	-0.174700
1627444972.072325	1.093600	0.453500	0.617100	1.322200	-0.615400	-0.088600
1627444972.076836	1.190400	0.263700	0.524400	2.147400	-0.683800	0.016200
1627444972.077737	1.108500	0.027800	0.397500	2.379600	-0.765000	0.080600
1627444972.088583	1.035200	-0.119300	0.275900	2.139500	-0.813900	0.101700
1627444972.093013	0.996800	-0.168900	0.202000	1.955900	-0.836800	0.125500
1627444972.117931	0.954500	-0.274000	0.131800	1.740600	-0.851800	0.151500
1627444972.118834	0.922900	-0.400800	0.048100	1.295600	-0.842300	0.154200
1627444972.127423	0.913000	-0.464800	-0.019800	0.574200	-0.837400	0.116600
1627444972.134285	0.914900	-0.399000	-0.005100	-0.211100	-0.844700	0.072400
1627444972.158928	0.914300	-0.216300	-0.095100	-0.832700	-0.761700	0.021700
1627444972.159763	0.929300	-0.043800	-0.118400	-0.997000	-0.655400	-0.010100
1627444972.164160	0.922600	0.070400	-0.151200	-0.620100	-0.527400	-0.014400
1627444972.183610	0.888100	0.091900	-0.192700	-0.042500	-0.393600	-0.012600
1627444972.186202	0.855800	0.017300	-0.188000	0.538700	-0.255900	-0.001300
1627444972.209158	0.866700	-0.095900	-0.183300	0.960200	-0.114100	-0.002500
1627444972.209863	0.917500	-0.216700	-0.150100	1.089700	-0.008500	-0.028700
1627444972.218709	0.966100	-0.262800	-0.061900	0.900100	0.049300	-0.066300
1627444972.229228	0.992100	-0.290900	0.016100	0.581800	0.075500	-0.070000
1627444972.252659	0.967000	-0.243200	0.082200	0.191500	0.056000	-0.049800
1627444972.253615	0.978000	-0.137100	0.114100	-0.252000	0.064500	-0.042500
1627444972.257341	0.995100	-0.011500	0.102500	-0.475000	0.081900	-0.063900
1627444972.273727	1.036300	0.026200	0.141200	-0.468600	0.093900	-0.088900
1627444972.296633	1.062900	-0.003900	0.175200	-0.406000	0.090500	-0.089800
1627444972.297508	1.038500	-0.060300	0.172600	-0.358000	0.069100	-0.056800
1627444972.298659	1.020600	-0.095600	0.194900	-0.351900	0.049900	-0.041300
1627444972.314153	1.011500	-0.090600	0.232200	-0.451500	0.008000	-0.050700
1627444972.321225	0.986900	-0.045900	0.270900	-0.597200	-0.031700	-0.041600
1627444972.340911	0.974400	0.020900	0.267200	-0.679000	-0.025900	-0.033300
1627444972.342548	1.003400	0.055500	0.215100	-0.438300	0.022700	-0.034500
1627444972.357904	1.034300	0.067900	0.267700	-0.284400	-0.068600	-0.050700
1627444972.361155	1.045500	0.064700	0.253700	-0.129300	-0.097600	-0.084900
1627444972.362055	1.055700	0.056300	0.227700	-0.110000	-0.104100	-0.103600
1627444972.386708	1.054400	0.069000	0.185900	-0.076700	-0.098300	-0.098700
1627444972.387568	1.038000	0.087200	0.176000	-0.022000	-0.104700	-0.072100
1627444972.398515	1.010400	0.053200	0.123200	0.153000	-0.091500	-0.035200
1627444972.407427	0.994900	-0.018400	0.085100	0.314800	-0.074400	-0.014100
1627444972.430019	0.986700	-0.078400	0.182500	0.244300	-0.086600	-0.026000
1627444972.430847	0.989400	-0.142700	0.203600	0.172200	-0.111400	-0.030900
1627444972.446881	0.993400	-0.154700	0.221200	-0.050800	-0.158700	-0.042800
1627444972.459575	1.000400	-0.116900	0.193600	-0.274900	-0.200600	-0.066300
1627444972.470534	1.023900	-0.082600	0.190200	-0.335400	-0.248500	-0.063900
1627444972.471432	1.031900	-0.015500	0.197000	-0.397400	-0.270800	-0.066000
1627444972.480673	1.040800	-0.009800	0.176400	-0.444200	-0.254600	-0.048000
1627444972.497355	1.063500	0.024500	0.138500	-0.465500	-0.213100	-0.002500
1627444972.498634	1.057900	0.031000	0.145100	-0.446000	-0.214900	0.033000
1627444972.509943	1.002300	0.043900	0.167600	-0.443500	-0.243300	0.030500
1627444972.528140	0.950300	0.052900	0.122800	-0.346700	-0.257100	0.016500
1627444972.529036	0.955200	0.084700	0.080600	-0.203800	-0.237200	-0.006100
1627444972.543189	0.978100	0.081300	0.072600	0.066800	-0.216200	-0.019600
1627444972.558794	0.994600	0.042600	0.077900	0.372600	-0.174900	-0.026900
1627444972.561159	1.019000	0.007900	0.060400	0.617200	-0.134300	-0.035200
1627444972.576634	0.987800	-0.026200	0.030500	0.780600	-0.105000	-0.039700
1627444972.578694	0.980800	-0.027100	0.030400	0.877100	-0.052700	-0.041300
1627444972.579592	1.012500	-0.005600	0.018900	0.991400	0.012000	-0.063900
1627444972.603304	1.041700	-0.027100	0.022800	1.127600	0.064800	-0.106900
1627444972.618513	1.047900	-0.110400	-0.003800	1.134300	0.109400	-0.161900
1627444972.621200	1.002000	-0.236900	-0.062600	0.942200	0.135400	-0.212600
1627444972.622101	0.937000	-0.404300	-0.133300	0.503600	0.186100	-0.251700
1627444972.645119	0.930100	-0.474600	-0.146200	-0.030000	0.226400	-0.309100
1627444972.648591	0.925500	-0.364000	-0.121700	-0.359200	0.284100	-0.371700
1627444972.658609	0.916500	-0.259300	-0.168800	-0.375400	0.405100	-0.414800
1627444972.665026	0.948000	-0.132700	-0.212300	-0.328100	0.601500	-0.496400
1627444972.686761	0.979500	-0.077500	-0.212300	-0.029400	0.836400	-0.594700
1627444972.687763	1.016000	-0.126700	-0.314700	0.386300	1.129900	-0.702800
1627444972.697429	1.028100	-0.162600	-0.404700	0.341700	1.431700	-0.808800
1627444972.708672	1.052600	-0.194100	-0.496600	0.309400	1.701400	-0.865600
1627444972.729038	1.110100	-0.107700	-0.401500	-0.028200	1.966800	-0.944400
1627444972.729942	1.305400	0.014000	-0.349900	0.099500	2.242900	-1.050100
1627444972.739838	1.712000	0.132000	-0.486000	0.591000	2.526600	-1.242500
1627444972.746521	2.265500	0.203500	-0.548200	1.305100	2.744700	-1.525100
1627444972.768900	2.842800	0.187700	-0.627800	2.149300	2.872100	-1.761800
1627444972.769877	2.725800	-0.132400	-0.077100	2.303800	2.585600	-1.767000
1627444972.776343	2.133400	-0.329600	0.198700	1.589100	2.283500	-1.805700
1627444972.788669	1.892300	-0.275000	0.297600	1.186900	2.157100	-1.902300
1627444972.817715	1.927700	-0.370600	0.467400	0.726300	1.317100	-1.893100
1627444972.818535	1.376600	-0.372900	1.489300	-0.464600	0.918500	-1.938000
1627444972.819639	0.993400	-0.253300	1.951900	-1.645400	1.587100	-1.916900
1627444972.831364	1.410400	-0.369600	0.877800	-1.353100	1.749300	-1.717500
1627444972.850493	2.194200	-0.079000	0.724100	-2.830800	1.391300	-1.810600
1627444972.851423	2.504600	0.403200	0.987800	-3.043700	0.937200	-1.786200
1627444972.861915	1.805900	0.422100	1.156400	-3.182700	0.668100	-1.518000
1627444972.878683	1.265600	0.691200	1.325800	-3.408100	0.781700	-1.181700
1627444972.887966	1.163200	0.932600	1.248700	-2.598100	0.887400	-0.776700
1627444972.888851	1.160600	1.133500	1.209400	-1.500300	0.892000	-0.609400
1627444972.900594	1.193700	1.141800	1.281500	0.537800	0.883700	-0.499100
1627444972.922130	1.241800	0.846800	1.276200	2.190200	0.779300	-0.478600
1627444972.925548	1.233800	0.463600	1.283000	2.829200	0.574900	-0.544600
1627444972.926440	1.120000	0.186900	1.243000	2.632800	0.298800	-0.643000
1627444972.936200	0.951800	0.009200	1.111700	2.059200	0.045000	-0.705000
1627444972.941958	0.777600	-0.112100	1.097900	1.009700	-0.184700	-0.753800
1627444972.964879	0.554300	-0.169900	1.088000	-0.139900	-0.426600	-0.723900
1627444972.975725	0.339600	-0.189700	1.046100	-1.660100	-0.674900	-0.620400
1627444972.976625	0.239700	-0.027000	1.006700	-2.814600	-0.790700	-0.561100
1627444972.987090	0.195700	0.180700	0.967200	-3.458200	-0.849900	-0.539400
1627444973.009826	0.128900	0.358600	0.917700	-3.718700	-0.886300	-0.574900
1627444973.018018	0.018600	0.524400	0.830600	-3.653600	-0.939700	-0.666200
1627444973.018918	-0.086700	0.651600	0.732400	-3.152700	-0.939100	-0.763600
1627444973.028216	-0.139500	0.763700	0.636000	-2.376600	-0.867600	-0.799700
1627444973.051750	-0.160300	0.843400	0.530200	-1.191500	-0.787600	-0.711400
1627444973.052655	-0.197100	0.794100	0.439300	-0.059900	-0.713700	-0.478900
1627444973.056355	-0.241600	0.658100	0.312100	0.843200	-0.602500	-0.217800
1627444973.065045	-0.286900	0.475800	0.189700	1.378400	-0.466900	-0.029700
1627444973.077486	-0.346900	0.278200	0.095500	1.590600	-0.288200	0.128300
1627444973.095644	-0.411400	0.095700	-0.006600	1.445900	-0.116900	0.238200
1627444973.096568	-0.473300	-0.053300	-0.136100	0.961100	-0.002400	0.348200
1627444973.107332	-0.486200	-0.098500	-0.201700	0.394300	0.019000	0.407100
1627444973.113079	-0.462300	-0.099100	-0.260000	-0.087400	0.030900	0.419000
1627444973.135542	-0.419600	-0.055700	-0.310700	-0.479000	0.042900	0.379300
1627444973.136438	-0.408800	0.006700	-0.347400	-0.738600	0.045300	0.358200
1627444973.140573	-0.418500	0.097800	-0.376800	-0.851900	0.068800	0.332600
1627444973.162625	-0.421100	0.175500	-0.408100	-0.797500	0.118900	0.324000
1627444973.164969	-0.424000	0.279200	-0.408200	-0.671100	0.206300	0.339000
1627444973.183621	-0.424000	0.345800	-0.420200	-0.329900	0.307700	0.373200
