1627302127.233309	0.880200	-0.255000	-0.440600	0.030400	-0.007400	0.031400
1627302127.233943	0.877800	-0.255200	-0.439100	0.024900	-0.008000	0.023200
1627302127.234577	0.875200	-0.254300	-0.439700	0.018200	-0.013200	0.011900
1627302127.235213	0.872400	-0.250400	-0.434300	0.007500	-0.015000	-0.003100
1627302127.235846	0.870400	-0.249900	-0.434600	0.003000	-0.011100	-0.017100
1627302127.326950	0.877300	-0.003300	0.098000	-0.264300	-0.603900	0.158800
1627302127.328795	0.886000	-0.009400	0.111700	-0.288400	-0.641500	0.148400
1627302127.329205	0.895600	-0.016400	0.116200	-0.318400	-0.678100	0.136200
1627302127.329611	0.895000	-0.021400	0.131000	-0.360500	-0.708100	0.124300
1627302127.330862	0.892700	-0.020000	0.137900	-0.395600	-0.710800	0.116400
1627302127.331312	0.899700	-0.017600	0.129400	-0.432600	-0.707800	0.106900
1627302127.332981	0.916100	-0.007900	0.112900	-0.477200	-0.722400	0.082800
1627302127.333431	0.930300	-0.003300	0.103800	-0.515400	-0.738600	0.053100
1627302127.333837	0.944700	-0.012500	0.081700	-0.566100	-0.760000	0.018300
1627302127.334243	0.960000	-0.022500	0.054800	-0.633300	-0.808200	-0.015600
1627302127.334692	0.962400	-0.034700	0.056000	-0.698000	-0.851900	-0.035100
1627302127.337218	0.957800	-0.039200	0.047100	-0.763400	-0.884600	-0.041200
1627302127.337626	0.950200	-0.016500	0.013700	-0.833300	-0.932500	-0.042800
1627302127.338160	0.944000	0.002300	-0.011600	-0.876400	-0.978700	-0.049200
1627302127.338578	0.961500	0.012600	-0.034100	-0.897800	-1.025400	-0.059600
1627302127.340766	0.993200	0.021200	-0.055400	-0.907800	-1.088300	-0.084900
1627302127.341174	1.017100	0.030800	-0.045800	-0.909700	-1.137800	-0.115800
1627302127.341580	1.040200	0.048300	-0.022100	-0.910000	-1.162200	-0.155200
1627302127.342033	1.052100	0.069500	-0.011500	-0.891400	-1.153700	-0.214700
1627302127.344155	1.056500	0.075000	-0.012300	-0.851300	-1.130500	-0.256600
1627302127.344564	1.057300	0.072900	-0.016100	-0.797900	-1.093800	-0.291700
1627302127.344970	1.067900	0.082900	-0.023400	-0.728600	-1.034600	-0.321900
1627302127.345424	1.087200	0.093500	-0.023900	-0.668700	-0.980200	-0.357700
1627302127.347495	1.119800	0.099500	-0.007700	-0.621700	-0.917900	-0.399800
1627302127.348022	1.149500	0.095500	0.003900	-0.583200	-0.828100	-0.459400
1627302127.348431	1.164300	0.085300	0.010700	-0.568200	-0.748100	-0.513800
1627302127.348883	1.170700	0.080000	0.002100	-0.578000	-0.664700	-0.559000
1627302127.350971	1.173000	0.058000	-0.018200	-0.618900	-0.566300	-0.599300
1627302127.351420	1.174400	0.037500	-0.035800	-0.695000	-0.483300	-0.627100
1627302127.351827	1.183000	0.029100	-0.039200	-0.779300	-0.408400	-0.639300
1627302127.352240	1.180800	0.014900	-0.043800	-0.866600	-0.309800	-0.634400
1627302127.354356	1.177600	0.001200	-0.050400	-0.957300	-0.210200	-0.609400
1627302127.354803	1.179600	-0.005900	-0.041400	-1.042500	-0.105700	-0.574500
1627302127.355212	1.170200	-0.009800	-0.041700	-1.147900	0.030200	-0.523200
1627302127.355689	1.163600	0.007200	-0.044800	-1.236500	0.171900	-0.464300
1627302127.357799	1.153300	0.019000	-0.034900	-1.307700	0.309300	-0.413900
1627302127.358218	1.139600	0.029400	-0.034400	-1.381600	0.468800	-0.357700
1627302127.358643	1.129600	0.036500	-0.033900	-1.457000	0.640700	-0.299600
1627302127.360316	1.118000	0.161700	-0.019300	-1.439600	0.898200	-0.221800
1627302127.360765	1.202900	0.004800	-0.331900	-1.094800	0.961400	-0.073300
1627302127.361171	1.218400	0.026200	-0.193400	-1.052900	0.935800	-0.008600
1627302127.361577	1.157300	0.054700	-0.080800	-0.927100	1.200300	0.129800
1627302127.363681	1.153400	0.046600	-0.240700	-0.839100	1.213700	0.235200
1627302127.364131	1.220900	0.029700	-0.123400	-0.762200	1.149300	0.344800
1627302127.364537	1.191400	0.020000	0.022200	-0.798500	1.254700	0.466700
1627302127.366273	1.157500	0.068700	-0.033100	-0.805200	1.329200	0.596500
1627302127.366724	1.165900	0.097000	-0.001000	-0.788700	1.286100	0.697300
1627302127.367130	1.136100	0.104000	0.127600	-0.809200	1.331900	0.763600
1627302127.367565	1.107800	0.105100	0.122900	-0.807400	1.421100	0.819800
1627302127.369691	1.089100	0.108900	0.127200	-0.775600	1.453500	0.842700
1627302127.370140	1.081500	0.089600	0.196300	-0.743200	1.500800	0.847000
1627302127.370546	1.076900	0.071200	0.218800	-0.704100	1.590900	0.854600
1627302127.371004	1.094800	0.054000	0.191500	-0.644300	1.652600	0.866200
1627302127.373134	1.106400	0.029900	0.184600	-0.585600	1.667000	0.878100
1627302127.373575	1.099500	0.009500	0.179400	-0.514500	1.676200	0.897000
1627302127.373992	1.109000	-0.011400	0.166700	-0.409700	1.662700	0.919900
1627302127.375669	1.123000	-0.030400	0.167100	-0.313800	1.621500	0.926100
1627302127.376118	1.109700	-0.047500	0.179700	-0.224000	1.567100	0.923300
1627302127.376526	1.084500	-0.058600	0.203900	-0.099700	1.510300	0.916600
1627302127.376933	1.069600	-0.064000	0.212900	-0.002200	1.466900	0.902800
1627302127.377383	1.067900	-0.084600	0.221800	0.069200	1.413500	0.878400
1627302127.379922	1.063100	-0.101200	0.245500	0.131200	1.353600	0.839300
1627302127.380327	1.049200	-0.113600	0.271500	0.202700	1.307200	0.800500
1627302127.380777	1.027000	-0.125400	0.304600	0.266800	1.274800	0.763900
1627302127.381181	1.010300	-0.142900	0.333400	0.337700	1.264400	0.724200
1627302127.383368	1.008700	-0.166000	0.350300	0.401200	1.269000	0.690300
1627302127.383776	1.007900	-0.181500	0.340100	0.434800	1.259200	0.666100
1627302127.384226	1.000600	-0.191200	0.346400	0.476700	1.237600	0.647200
1627302127.384632	0.991100	-0.203000	0.363400	0.517900	1.222000	0.643500
1627302127.386297	0.982800	-0.199000	0.353500	0.549400	1.201500	0.652700
1627302127.386802	0.971700	-0.204100	0.358300	0.580500	1.167300	0.664300
1627302127.387211	0.959600	-0.204700	0.370600	0.590600	1.138600	0.679300
1627302127.389385	0.947800	-0.207200	0.362100	0.586600	1.115400	0.689300
1627302127.389791	0.941700	-0.199600	0.356000	0.584200	1.082700	0.699100
1627302127.390241	0.931900	-0.190800	0.354600	0.565900	1.041800	0.699700
1627302127.390669	0.917100	-0.181200	0.348300	0.553300	1.003900	0.692100
1627302127.392783	0.905500	-0.175000	0.343400	0.546600	0.957200	0.681700
1627302127.393190	0.897200	-0.167600	0.360000	0.527700	0.905200	0.661900
1627302127.393597	0.885000	-0.157300	0.377000	0.507800	0.875000	0.638300
1627302127.394003	0.868800	-0.158100	0.389400	0.482500	0.841700	0.614500
1627302127.396040	0.852300	-0.158000	0.409500	0.469000	0.822500	0.593700
1627302127.396447	0.830800	-0.152600	0.424000	0.442800	0.810200	0.576600
1627302127.396944	0.681800	-0.137700	0.386400	0.109200	-0.188200	0.067800
1627302127.397350	0.695400	-0.109600	0.383200	0.242700	-0.221800	0.058600
1627302127.397757	0.704000	-0.127200	0.338000	0.339200	-0.315900	0.031100
1627302127.398166	0.720300	-0.137800	0.369400	0.427200	-0.406900	0.009500
1627302127.398571	0.720800	-0.155400	0.361800	0.512400	-0.449400	-0.002800
1627302127.398977	0.718100	-0.151700	0.301100	0.686500	-0.532100	-0.002500
1627302127.399383	0.723800	-0.142100	0.291400	0.823000	-0.613100	-0.025100
1627302127.399790	0.584600	-0.030000	0.307100	0.997700	-0.681800	-0.079400
1627302127.400196	0.580700	-0.023800	0.333500	1.202400	-0.709000	-0.258700
1627302127.400601	0.750600	-0.218800	0.267000	1.395100	-0.685500	-0.412700
1627302127.420534	0.814500	-0.330200	0.367400	1.255800	-0.813700	-0.421200
1627302127.421435	0.821800	-0.299800	0.333900	1.325200	-0.995500	-0.252600
1627302127.422393	0.858400	-0.210400	0.267500	1.367600	-1.099600	-0.115200
1627302127.426357	0.793900	-0.074100	0.377100	1.202700	-1.298500	-0.048600
1627302127.441358	0.695900	0.080700	0.644200	1.011500	-1.361700	-0.116700
1627302127.461873	0.695900	0.080700	0.644200	1.011500	-1.361700	-0.116700
1627302127.462773	0.634000	0.130700	0.800400	0.755500	-1.216000	-0.250200
1627302127.466266	0.697500	0.069500	0.804400	0.586300	-1.023000	-0.358900
1627302127.493110	0.816900	-0.168800	0.632700	0.436400	-0.805800	-0.392200
1627302127.494001	0.805100	-0.238200	0.478800	0.298900	-0.750500	-0.354900
1627302127.496235	0.798600	-0.143900	0.396200	0.297700	-0.715700	-0.300300
1627302127.507361	0.778200	-0.024700	0.392600	0.368900	-0.657000	-0.301200
1627302127.535974	0.689300	0.009800	0.407600	0.412800	-0.608500	-0.380300
1627302127.536706	0.646600	0.025100	0.499900	0.393000	-0.533300	-0.551600
1627302127.537348	0.696200	-0.014000	0.549700	0.354500	-0.292100	-0.773700
1627302127.551254	0.752100	-0.063600	0.425400	0.361800	-0.165900	-0.912600
1627302127.576918	0.839600	-0.095100	0.384500	0.384700	-0.143900	-0.991800
1627302127.577831	0.906200	-0.170400	0.364700	0.397900	-0.096000	-1.002700
1627302127.578662	0.972200	-0.211400	0.295900	0.395100	-0.100900	-0.932800
1627302127.605810	1.072600	-0.171300	0.285900	0.414700	-0.175400	-0.792300
1627302127.606737	1.095800	-0.159200	0.231900	0.500800	-0.288700	-0.542200
1627302127.607565	1.035400	-0.133800	0.215900	0.567100	-0.469800	-0.287100
1627302127.622386	0.965300	-0.070600	0.271400	0.566800	-0.616100	-0.158200
1627302127.633939	0.900800	-0.027000	0.322000	0.542000	-0.689700	-0.141700
1627302127.650503	0.890100	0.001000	0.295700	0.568600	-0.737400	-0.188500
1627302127.651400	0.929000	0.021600	0.280500	0.632400	-0.818000	-0.248600
1627302127.658747	0.957600	0.021400	0.299200	0.721300	-0.895300	-0.292000
1627302127.688631	0.957200	0.017800	0.284800	0.798900	-0.950600	-0.304500
1627302127.689502	0.948200	0.031700	0.289100	0.865800	-1.026000	-0.309400
1627302127.690150	0.973000	0.057900	0.297000	0.934200	-1.056900	-0.326200
1627302127.723021	0.973600	0.072600	0.265700	1.019700	-1.080400	-0.348800
1627302127.723926	0.980600	0.075300	0.269700	1.077500	-1.146000	-0.372900
1627302127.724921	0.985100	0.063000	0.337600	1.119300	-1.162500	-0.386100
1627302127.726479	0.955400	0.060400	0.351200	1.145900	-1.108800	-0.385800
1627302127.742111	0.950700	0.076900	0.330600	1.163000	-1.081300	-0.395900
1627302127.764179	0.951700	0.076700	0.340300	1.183100	-1.046500	-0.409300
1627302127.765086	0.949300	0.069200	0.327100	1.214900	-0.967100	-0.416300
1627302127.766297	0.958300	0.071900	0.295500	1.254000	-0.918500	-0.410800
1627302127.781068	0.966600	0.066500	0.282000	1.295200	-0.886100	-0.396500
1627302127.807044	0.965900	0.066400	0.266700	1.347800	-0.837600	-0.365900
1627302127.807956	0.957400	0.070400	0.228900	1.396000	-0.806400	-0.335400
1627302127.808775	0.947500	0.071800	0.191500	1.454700	-0.793000	-0.303300
1627302127.842005	0.934000	0.063100	0.175000	1.528600	-0.764600	-0.257500
1627302127.842912	0.910400	0.071800	0.173200	1.593600	-0.736200	-0.218700
1627302127.843877	0.924600	0.074000	0.171300	1.661800	-0.698300	-0.179900
1627302127.846361	0.934300	0.089200	0.148600	1.739300	-0.651600	-0.131300
1627302127.861971	0.952100	0.105600	0.136400	1.835500	-0.636300	-0.072700
1627302127.883019	0.961500	0.110100	0.124500	1.967800	-0.619200	-0.000300
1627302127.883925	0.947600	0.104500	0.047100	2.167200	-0.625300	0.086100
1627302127.885078	0.929300	0.136400	0.012600	2.393900	-0.624700	0.122800
1627302127.894847	0.828100	0.127200	0.001200	2.648000	-0.634800	0.117900
1627302127.925619	0.826500	0.179100	0.105300	2.888400	-0.565400	0.061400
1627302127.927865	0.842000	0.241100	0.156100	3.093000	-0.390400	-0.028700
1627302127.928797	0.893100	0.217500	0.165500	3.140000	-0.228200	-0.104800
1627302127.959393	0.933700	0.094200	0.159200	3.257300	-0.088000	-0.101700
1627302127.960302	0.937000	0.023100	0.241700	3.293700	0.093100	-0.032400
1627302127.961119	0.923000	-0.011200	0.218800	3.297300	0.322200	0.057700
1627302127.964851	0.943800	-0.024500	0.158100	3.306500	0.498700	0.171600
1627302127.991884	0.978600	-0.033200	0.116300	3.285400	0.665200	0.280400
1627302127.992795	1.050300	-0.012200	0.064500	3.225600	0.806000	0.352200
1627302127.994921	1.102900	-0.002400	-0.047400	3.090300	0.853600	0.379000
1627302128.033133	1.121900	-0.020100	-0.054300	2.961400	0.813600	0.437400
1627302128.034046	1.123500	0.007600	-0.006000	2.865500	0.823100	0.511300
1627302128.035213	1.157200	0.073600	-0.078100	2.742700	0.847200	0.574500
1627302128.036424	1.159400	0.052100	-0.152200	2.612900	0.742700	0.629500
1627302128.051541	1.173800	0.099100	-0.078900	2.499300	0.656600	0.682300
1627302128.073137	1.169700	0.129200	-0.049300	2.372800	0.653900	0.722300
1627302128.074037	1.174200	0.128800	-0.097800	2.234700	0.597100	0.781600
1627302128.074851	1.178300	0.136200	-0.044400	2.161700	0.510900	0.861300
1627302128.106452	1.161400	0.152800	0.014500	2.127200	0.510600	0.949000
1627302128.110636	1.158800	0.157100	0.041700	2.111400	0.530500	1.045800
1627302128.111566	1.166000	0.171300	0.098600	2.178200	0.541200	1.125800
1627302128.115107	1.194800	0.186800	0.194700	2.242700	0.616300	1.188100
1627302128.150535	1.216300	0.169200	0.209700	2.303800	0.795000	1.229700
1627302128.151439	1.232500	0.146200	0.193400	2.329400	0.898500	1.249800
1627302128.152253	1.245600	0.126800	0.189000	2.333400	0.999300	1.260800
1627302128.154871	1.269300	0.103000	0.153200	2.280000	1.154800	1.255600
1627302128.170067	1.297400	0.100000	0.100200	2.214000	1.231700	1.234900
1627302128.186224	1.327500	0.114500	0.068500	2.118400	1.260500	1.189600
1627302128.202070	1.350500	0.122800	0.029800	1.958600	1.279700	1.094400
1627302128.202965	1.355600	0.133500	-0.002900	1.778700	1.261700	0.983800
1627302128.204956	1.346800	0.129600	-0.015700	1.636700	1.200000	0.869900
1627302128.236011	1.335400	0.131800	0.011500	1.460200	1.129100	0.733000
1627302128.238424	1.318500	0.160900	0.036400	1.340100	1.075100	0.605000
1627302128.239309	1.294800	0.170800	0.073500	1.265000	1.006000	0.486200
1627302128.246473	1.254800	0.186000	0.184900	1.256800	0.973400	0.358600
1627302128.279315	1.219500	0.188500	0.257600	1.339200	1.004800	0.258400
1627302128.280217	1.193800	0.167600	0.310200	1.446700	1.054000	0.179600
1627302128.281370	1.173700	0.141500	0.362500	1.579900	1.143200	0.109000
1627302128.284859	1.162700	0.118400	0.370600	1.677900	1.259800	0.048900
1627302128.305728	1.155200	0.093400	0.348800	1.736900	1.346600	0.008800
1627302128.306635	1.148700	0.072300	0.336900	1.772000	1.422300	-0.026300
1627302128.331978	1.148700	0.073200	0.321800	1.777200	1.492900	-0.054100
1627302128.332885	1.145600	0.087300	0.295400	1.758000	1.525000	-0.082800
1627302128.335062	1.128400	0.110100	0.303800	1.742100	1.538100	-0.116400
1627302128.361899	1.115700	0.121300	0.309700	1.730800	1.559200	-0.155800
1627302128.362800	1.104500	0.127300	0.297200	1.710900	1.566800	-0.191500
1627302128.364961	1.098400	0.134000	0.287100	1.658400	1.558300	-0.226300
1627302128.390807	1.090300	0.142600	0.284900	1.580200	1.533500	-0.259900
1627302128.391711	1.074800	0.134900	0.272500	1.500200	1.499300	-0.282800
1627302128.394956	1.061400	0.128100	0.272900	1.406700	1.448600	-0.299900
1627302128.420814	1.055400	0.139400	0.289200	1.315100	1.384500	-0.310900
1627302128.421719	1.049000	0.169800	0.296500	1.254000	1.324300	-0.321300
1627302128.423855	1.043300	0.207800	0.301600	1.199900	1.243000	-0.342400
1627302128.434942	1.031000	0.227800	0.319900	1.163900	1.143200	-0.375400
1627302128.464355	1.020600	0.236100	0.332900	1.137300	1.058300	-0.406800
1627302128.465257	1.014300	0.242600	0.343800	1.119600	0.975500	-0.434600
1627302128.467464	1.012100	0.219500	0.374100	1.096400	0.862800	-0.456300
1627302128.494310	1.007900	0.236600	0.373800	1.077200	0.780300	-0.463700
1627302128.495212	1.008900	0.252400	0.372200	1.051500	0.692700	-0.473100
1627302128.496193	1.023900	0.283200	0.383300	1.017300	0.565900	-0.493900
1627302128.506267	1.026600	0.298100	0.394800	1.011800	0.451100	-0.510700
1627302128.521664	1.016700	0.303600	0.396400	1.011800	0.333800	-0.529900
1627302128.540792	0.997300	0.315800	0.351400	1.043300	0.174000	-0.554400
1627302128.541698	0.982500	0.324100	0.316400	1.075300	0.013700	-0.580000
1627302128.545011	0.979600	0.332200	0.311300	1.089700	-0.144500	-0.609400
1627302128.556373	0.979000	0.355800	0.308100	1.072300	-0.318600	-0.653900
1627302128.571576	0.975600	0.390300	0.301900	1.042600	-0.475900	-0.704000
1627302128.592986	0.973100	0.419900	0.302600	1.005100	-0.610900	-0.763300
1627302128.593925	0.965300	0.440700	0.306800	0.935100	-0.743500	-0.858600
1627302128.594770	0.955900	0.455900	0.304900	0.844700	-0.838200	-0.958800
1627302128.622075	0.943800	0.475500	0.308800	0.747900	-0.909300	-1.070600
1627302128.622979	0.931000	0.478000	0.317900	0.632400	-0.964600	-1.204300
1627302128.623805	0.913000	0.459800	0.315900	0.541400	-0.990600	-1.324400
1627302128.639786	0.899800	0.439700	0.300500	0.479700	-1.003400	-1.406800
1627302128.643688	0.884800	0.433700	0.313000	0.448000	-1.012300	-1.470400
1627302128.669332	0.865000	0.429400	0.332400	0.446100	-0.992400	-1.509200
1627302128.670234	0.837000	0.417500	0.325600	0.451900	-0.957000	-1.527500
1627302128.673695	0.804900	0.402700	0.312700	0.474200	-0.916700	-1.528100
1627302128.703035	0.776500	0.394800	0.307500	0.488300	-0.863200	-1.513100
1627302128.703934	0.757800	0.397800	0.298000	0.503200	-0.806400	-1.486200
1627302128.704753	0.738200	0.393300	0.283100	0.514200	-0.747800	-1.445300
1627302128.715063	0.712600	0.389500	0.279400	0.506300	-0.683600	-1.389400
1627302128.740864	0.684400	0.386400	0.282700	0.483400	-0.617600	-1.337200
1627302128.741788	0.659500	0.384800	0.277800	0.457700	-0.539500	-1.273100
1627302128.745031	0.639500	0.400500	0.263100	0.433900	-0.461300	-1.194900
1627302128.755006	0.620600	0.418300	0.256500	0.431800	-0.399600	-1.130100
1627302128.784407	0.602200	0.429800	0.255100	0.438800	-0.329300	-1.065400
1627302128.785311	0.587300	0.438100	0.256800	0.448000	-0.247800	-0.998200
1627302128.786285	0.580900	0.451700	0.261400	0.455600	-0.177500	-0.940700
1627302128.796167	0.567900	0.460000	0.257200	0.462900	-0.106700	-0.885200
1627302128.827279	0.548800	0.471200	0.243500	0.462000	-0.026300	-0.825600
1627302128.829458	0.542200	0.482500	0.229900	0.462600	0.034800	-0.784100
1627302128.830359	0.534100	0.491300	0.220700	0.467800	0.085800	-0.744400
1627302128.833674	0.526400	0.499000	0.220600	0.491300	0.135200	-0.693700
1627302128.844973	0.517200	0.508400	0.222800	0.513900	0.174900	-0.654200
1627302128.860286	0.503700	0.517900	0.218800	0.542300	0.211600	-0.616400
1627302128.884269	0.493900	0.528000	0.205100	0.575000	0.252800	-0.577000
1627302128.885175	0.489100	0.532100	0.193200	0.596100	0.276700	-0.551300
1627302128.886312	0.484300	0.531600	0.192900	0.612600	0.296500	-0.525100
1627302128.913170	0.479700	0.539300	0.198500	0.630900	0.318800	-0.491500
1627302128.914077	0.476100	0.553000	0.196500	0.653800	0.337100	-0.459700
1627302128.915506	0.465600	0.561600	0.183300	0.681900	0.346600	-0.430400
1627302128.924977	0.461700	0.568000	0.183600	0.721900	0.347800	-0.398000
1627302128.958325	0.458300	0.576300	0.179600	0.754300	0.350600	-0.370200
1627302128.959246	0.459600	0.587500	0.166700	0.781500	0.344500	-0.349700
1627302128.960065	0.458300	0.604900	0.154100	0.801400	0.325500	-0.333500
1627302128.963610	0.455200	0.614000	0.150400	0.813600	0.304800	-0.323800
1627302128.986900	0.447900	0.615000	0.146600	0.820000	0.282800	-0.321000
1627302128.987804	0.440400	0.610500	0.137300	0.826400	0.254400	-0.311200
1627302129.012965	0.437400	0.612800	0.132600	0.834900	0.219800	-0.299900
1627302129.013875	0.442500	0.618000	0.128800	0.842300	0.188700	-0.285600
1627302129.016452	0.447600	0.617600	0.124800	0.845000	0.151400	-0.263600
1627302129.026393	0.455300	0.626200	0.124500	0.840100	0.111100	-0.239200
1627302129.041255	0.461700	0.637100	0.123300	0.831600	0.076900	-0.216600
1627302129.057133	0.466700	0.650300	0.120800	0.805600	0.040300	-0.197600
1627302129.067978	0.467000	0.658400	0.118400	0.770200	-0.001000	-0.183000
1627302129.068991	0.473800	0.668900	0.115800	0.725900	-0.035500	-0.175600
1627302129.072494	0.489600	0.691500	0.101700	0.690200	-0.078300	-0.173800
1627302129.103014	0.500600	0.721100	0.075300	0.658400	-0.149100	-0.177200
1627302129.116832	0.506600	0.738800	0.064000	0.641900	-0.222100	-0.190300
1627302129.117743	0.509900	0.751300	0.047200	0.633400	-0.303100	-0.209500
1627302129.118809	0.513300	0.761100	0.018400	0.634300	-0.406000	-0.231200
1627302129.122644	0.522000	0.770600	0.004300	0.650800	-0.505900	-0.243700
1627302129.138033	0.528800	0.778200	-0.003900	0.675800	-0.607000	-0.250800
1627302129.159324	0.532800	0.779500	-0.013200	0.702400	-0.732200	-0.255400
1627302129.160248	0.538300	0.783600	-0.016000	0.719500	-0.826600	-0.256900
1627302129.162479	0.545300	0.788800	-0.022600	0.733500	-0.916700	-0.258400
1627302129.171108	0.544600	0.797400	-0.036400	0.745200	-1.026000	-0.267300
1627302129.200569	0.545500	0.806600	-0.041900	0.756800	-1.104500	-0.278300
1627302129.201487	0.555100	0.816000	-0.052900	0.780000	-1.174500	-0.289600
1627302129.219470	0.565200	0.822400	-0.069700	0.826400	-1.267900	-0.292600
1627302129.220372	0.570800	0.826400	-0.070300	0.858800	-1.335100	-0.294500
1627302129.222616	0.571700	0.818800	-0.073000	0.884100	-1.385800	-0.292000
1627302129.233672	0.563100	0.806200	-0.086400	0.888700	-1.440500	-0.296900
1627302129.259410	0.574300	0.841600	-0.101100	0.873700	-1.474700	-0.312200
1627302129.261150	0.564100	0.851800	-0.107900	0.903400	-1.519600	-0.322200
1627302129.262212	0.585100	0.816000	-0.116000	0.885700	-1.555000	-0.324100
1627302129.278087	0.581800	0.824000	-0.129900	0.853000	-1.564500	-0.322200
1627302129.281860	0.573200	0.849900	-0.191800	0.821200	-1.588900	-0.331700
1627302129.304009	0.569700	0.854400	-0.229600	0.809600	-1.659200	-0.355200
1627302129.304851	0.553500	0.859700	-0.231100	0.796500	-1.699200	-0.381500
1627302129.314769	0.541600	0.861200	-0.254900	0.777200	-1.722100	-0.410800
1627302129.339723	0.552600	0.847200	-0.265900	0.748500	-1.755100	-0.430400
1627302129.340636	0.559200	0.815800	-0.268900	0.718000	-1.772800	-0.424000
1627302129.341458	0.548600	0.775800	-0.282600	0.666000	-1.775200	-0.399500
1627302129.352433	0.538800	0.721100	-0.291500	0.552700	-1.765800	-0.363200
1627302129.360505	0.546800	0.668800	-0.293100	0.395700	-1.733700	-0.310600
1627302129.384113	0.568600	0.645100	-0.314000	0.265600	-1.699500	-0.239500
1627302129.384939	0.598400	0.669100	-0.355200	0.175500	-1.688200	-0.136800
1627302129.391064	0.614300	0.752100	-0.409500	0.179500	-1.708700	-0.037000
1627302129.425224	0.614500	0.815700	-0.448200	0.253400	-1.756600	0.025300
1627302129.427635	0.605500	0.811000	-0.445100	0.356300	-1.803000	0.076300
1627302129.428809	0.583000	0.749100	-0.438400	0.479100	-1.819800	0.146600
1627302129.437901	0.548200	0.697600	-0.444700	0.585100	-1.814300	0.227500
1627302129.438800	0.515900	0.670900	-0.450400	0.666700	-1.778300	0.316700
1627302129.452288	0.494600	0.653300	-0.472200	0.689900	-1.695800	0.398900
1627302129.462498	0.497100	0.642900	-0.491600	0.611400	-1.607600	0.453600
1627302129.472914	0.503200	0.628300	-0.519500	0.504800	-1.520500	0.506400
1627302129.494079	0.513400	0.628800	-0.536900	0.310800	-1.421200	0.581500
1627302129.494900	0.517900	0.635900	-0.538500	0.143100	-1.332400	0.645100
1627302129.504970	0.521100	0.653600	-0.558200	-0.027300	-1.249300	0.701900
1627302129.510550	0.528900	0.665300	-0.589000	-0.224600	-1.166800	0.770900
1627302129.533049	0.535600	0.660000	-0.609100	-0.344300	-1.117300	0.830200
1627302129.534162	0.545800	0.647600	-0.623800	-0.441800	-1.083400	0.893400
1627302129.541348	0.618500	0.616500	-0.617700	-0.513500	-1.041600	0.999700
1627302129.550582	0.610200	0.671300	-0.661900	-0.516900	-1.024500	1.093700
1627302129.573356	0.585300	0.705600	-0.660200	-0.512900	-1.083100	1.147800
1627302129.574258	0.607900	0.723000	-0.561400	-0.491200	-1.014400	1.193900
1627302129.581376	0.630200	0.656900	-0.620600	-0.513800	-0.935600	1.251600
1627302129.593633	0.667700	0.588700	-0.633300	-0.542200	-0.953600	1.327400
1627302129.615878	0.698600	0.550800	-0.582000	-0.684600	-0.913300	1.430900
1627302129.616785	0.694700	0.543000	-0.592200	-0.866300	-0.840600	1.504200
1627302129.624980	0.710200	0.545700	-0.597800	-1.065100	-0.818000	1.556500
1627302129.631025	0.736800	0.548300	-0.542600	-1.278000	-0.761800	1.613900
1627302129.649735	0.746500	0.554100	-0.531600	-1.447900	-0.683600	1.657300
1627302129.660504	0.764000	0.555700	-0.532200	-1.568500	-0.643300	1.697000
1627302129.661425	0.794300	0.552600	-0.494100	-1.642400	-0.593200	1.748900
1627302129.685887	0.810800	0.561500	-0.470500	-1.674800	-0.519900	1.801400
1627302129.687006	0.814700	0.569000	-0.462500	-1.665300	-0.465200	1.835000
1627302129.690943	0.825300	0.564600	-0.438200	-1.631700	-0.395300	1.862500
1627302129.714674	0.828500	0.546500	-0.445400	-1.591100	-0.305200	1.874700
1627302129.720657	0.836500	0.533000	-0.479900	-1.571600	-0.249900	1.868000
1627302129.721557	0.849500	0.526200	-0.500100	-1.556900	-0.223000	1.846000
1627302129.732643	0.883900	0.522300	-0.496300	-1.560600	-0.200700	1.809700
1627302129.733759	0.922000	0.534400	-0.542400	-1.520200	-0.188500	1.778500
1627302129.757804	0.924200	0.507900	-0.573200	-1.498300	-0.249300	1.741300
1627302129.761247	0.941900	0.475300	-0.533300	-1.486600	-0.300300	1.678600
1627302129.776408	0.947100	0.471300	-0.550200	-1.531200	-0.309800	1.611100
1627302129.779486	0.957400	0.469500	-0.572300	-1.583500	-0.369300	1.519500
1627302129.802757	0.971800	0.493000	-0.523900	-1.663200	-0.431000	1.398000
1627302129.804001	0.972800	0.511200	-0.499500	-1.719100	-0.441700	1.273000
1627302129.816390	0.972500	0.491200	-0.481700	-1.759400	-0.470700	1.140500
1627302129.824252	0.956700	0.472200	-0.372200	-1.770700	-0.464900	1.017700
1627302129.844478	0.941000	0.465100	-0.297100	-1.735300	-0.378800	0.921200
1627302129.845385	0.932900	0.449600	-0.245600	-1.692800	-0.263000	0.843600
1627302129.852429	0.930800	0.440400	-0.192900	-1.632000	-0.082500	0.764800
1627302129.862379	0.935400	0.431300	-0.168100	-1.597200	0.095200	0.715300
1627302129.888131	0.943800	0.410900	-0.164400	-1.579800	0.276400	0.675000
1627302129.889021	0.962300	0.390300	-0.156000	-1.594800	0.483400	0.639900
1627302129.891306	0.973400	0.411900	-0.124000	-1.648200	0.653600	0.606900
1627302129.913101	0.982700	0.428300	-0.116000	-1.701100	0.828000	0.562900
1627302129.920600	0.989600	0.418100	-0.111900	-1.761500	1.006600	0.513700
1627302129.921509	0.993500	0.406600	-0.086900	-1.811600	1.152900	0.475200
1627302129.926050	0.999600	0.397600	-0.054400	-1.854400	1.288300	0.445300
1627302129.950059	1.011200	0.386200	-0.035000	-1.895900	1.432400	0.419700
1627302129.951000	1.021200	0.392700	-0.009400	-1.920700	1.544200	0.401000
1627302129.966110	1.028400	0.412200	0.020600	-1.932900	1.639500	0.376600
1627302129.971650	1.027000	0.433700	0.055100	-1.929500	1.747900	0.329200
1627302129.990721	1.028300	0.445200	0.091600	-1.906300	1.832500	0.278500
1627302129.991612	1.023300	0.458500	0.141800	-1.876400	1.906100	0.223900
1627302129.999945	1.020100	0.483900	0.183000	-1.832400	1.999000	0.144800
1627302130.002214	1.014200	0.457000	0.245500	-1.783200	2.084800	0.066600
1627302130.026964	1.020800	0.451200	0.287200	-1.710500	2.169700	0.014600
1627302130.029993	1.006100	0.463300	0.318700	-1.596300	2.250100	-0.043700
1627302130.040008	1.001300	0.474400	0.362500	-1.477200	2.323700	-0.107500
1627302130.051832	0.994800	0.475700	0.377700	-1.357800	2.396100	-0.164300
1627302130.070323	0.985700	0.464600	0.369400	-1.206300	2.427200	-0.220500
1627302130.071132	0.956100	0.496200	0.474500	-1.141800	2.462900	-0.288300
1627302130.082559	0.967700	0.493200	0.463900	-0.981800	2.565300	-0.357100
1627302130.091959	0.945100	0.480000	0.396000	-0.883700	2.546900	-0.406200
1627302130.110693	0.919300	0.489300	0.481600	-0.722100	2.512700	-0.466700
1627302130.111623	0.915500	0.479200	0.487100	-0.641800	2.561600	-0.523200
1627302130.122798	0.894500	0.476700	0.444800	-0.549900	2.537800	-0.576400
1627302130.128580	0.883400	0.460700	0.446500	-0.437200	2.450400	-0.621600
1627302130.150720	0.866300	0.466600	0.478100	-0.368800	2.426600	-0.653600
1627302130.151613	0.838100	0.471700	0.448900	-0.317100	2.377700	-0.689100
1627302130.162634	0.825100	0.473900	0.447800	-0.262200	2.272700	-0.721100
1627302130.167154	0.800300	0.475200	0.473300	-0.255800	2.205200	-0.739800
1627302130.189547	0.763800	0.484000	0.467400	-0.236500	2.134600	-0.760500
1627302130.190249	0.733000	0.498500	0.467400	-0.240200	2.014900	-0.780700
1627302130.199923	0.714600	0.499900	0.474200	-0.228900	1.926900	-0.785300
1627302130.209889	0.681500	0.505500	0.463500	-0.234400	1.840200	-0.784100
1627302130.233448	0.656200	0.501500	0.464000	-0.259700	1.700900	-0.772500
1627302130.234342	0.595100	0.519400	0.478600	-0.310700	1.590300	-0.767000
1627302130.241356	0.586800	0.482200	0.486000	-0.407600	1.509400	-0.768500
1627302130.249924	0.582600	0.472200	0.441400	-0.487600	1.392100	-0.748600
1627302130.272199	0.574800	0.458600	0.445400	-0.530600	1.231100	-0.714100
1627302130.280651	0.554100	0.473300	0.495800	-0.538000	1.113800	-0.682300
1627302130.281564	0.527200	0.487700	0.497200	-0.575500	0.996900	-0.656700
1627302130.290042	0.517700	0.486300	0.491800	-0.585600	0.860600	-0.641700
1627302130.312588	0.512300	0.470600	0.510500	-0.606100	0.740900	-0.621900
1627302130.319355	0.495400	0.452800	0.517700	-0.617100	0.610200	-0.599000
1627302130.320249	0.485600	0.443100	0.533600	-0.627500	0.483400	-0.578200
1627302130.328690	0.481200	0.437400	0.560800	-0.635400	0.377800	-0.558000
1627302130.341261	0.478100	0.442000	0.581300	-0.634200	0.272100	-0.537300
1627302130.351190	0.478600	0.442000	0.594500	-0.635400	0.157800	-0.519600
1627302130.360573	0.480000	0.443800	0.612900	-0.622900	0.059500	-0.502800
1627302130.379376	0.476700	0.450100	0.636600	-0.613700	-0.041600	-0.489600
1627302130.380276	0.473000	0.467300	0.658300	-0.582300	-0.141800	-0.479500
1627302130.392573	0.471200	0.485000	0.680800	-0.538300	-0.222700	-0.476200
1627302130.413656	0.462400	0.502000	0.693600	-0.468000	-0.301500	-0.483200
1627302130.419459	0.456300	0.519800	0.703500	-0.383400	-0.380900	-0.496300
1627302130.429192	0.453000	0.531100	0.717400	-0.296700	-0.442900	-0.512800
1627302130.430121	0.450800	0.529900	0.733200	-0.220000	-0.498200	-0.529900
1627302130.432325	0.451400	0.528100	0.742800	-0.152200	-0.552000	-0.547700
1627302130.457309	0.449500	0.514600	0.747400	-0.125000	-0.590800	-0.555300
1627302130.471687	0.445200	0.509500	0.746900	-0.105500	-0.625600	-0.556800
1627302130.472602	0.437700	0.509300	0.750900	-0.086200	-0.663800	-0.547300
1627302130.492748	0.428700	0.505900	0.754600	-0.055400	-0.687000	-0.532400
1627302130.493585	0.416300	0.497800	0.742100	-0.028500	-0.700400	-0.510100
1627302130.503642	0.412400	0.492600	0.732700	0.025600	-0.717800	-0.474400
1627302130.514315	0.412200	0.488900	0.726800	0.086000	-0.731300	-0.434000
1627302130.531839	0.404100	0.489900	0.714400	0.145900	-0.737400	-0.386700
1627302130.532659	0.395300	0.503500	0.710000	0.218600	-0.744100	-0.332000
1627302130.539908	0.391600	0.505200	0.696900	0.274800	-0.739500	-0.289600
1627302130.550482	0.387300	0.505500	0.685900	0.313900	-0.728200	-0.249200
1627302130.575431	0.385000	0.507700	0.663800	0.348700	-0.715700	-0.201300
1627302130.576257	0.382700	0.512600	0.650100	0.358200	-0.705600	-0.167700
1627302130.578753	0.382100	0.519400	0.639500	0.349900	-0.689700	-0.141100
1627302130.594108	0.379400	0.527600	0.621700	0.314200	-0.672300	-0.117600
1627302130.596795	0.377400	0.529500	0.613300	0.279400	-0.663800	-0.099300
1627302130.614962	0.379200	0.517900	0.605800	0.254300	-0.655500	-0.073300
1627302130.618853	0.380200	0.494400	0.596900	0.234500	-0.647900	-0.026300
1627302130.633881	0.390600	0.470200	0.588500	0.237200	-0.644200	0.037900
1627302130.636714	0.397700	0.449100	0.574000	0.252200	-0.645700	0.118200
1627302130.659343	0.412200	0.426100	0.570300	0.273300	-0.654600	0.233600
1627302130.660244	0.431400	0.409100	0.568200	0.291000	-0.657000	0.349100
1627302130.666074	0.448900	0.393600	0.556000	0.280000	-0.661300	0.466100
1627302130.689672	0.475500	0.390400	0.546600	0.269600	-0.675700	0.608700
1627302130.700526	0.496600	0.392200	0.536100	0.257400	-0.695200	0.738200
1627302130.701405	0.520600	0.402800	0.531700	0.252500	-0.717800	0.856100
1627302130.711271	0.546600	0.406200	0.525800	0.260100	-0.745300	0.985600
1627302130.738419	0.566900	0.404800	0.515300	0.281500	-0.773700	1.106900
1627302130.739320	0.587000	0.405200	0.508500	0.312400	-0.804300	1.209500
1627302130.740139	0.608900	0.411700	0.506300	0.371300	-0.836000	1.313700
1627302130.748814	0.626300	0.424100	0.508200	0.434200	-0.860500	1.408600
1627302130.757942	0.643800	0.433200	0.501200	0.497400	-0.874200	1.478900
1627302130.781672	0.631100	0.456700	0.489100	0.554000	-0.895300	1.540600
1627302130.782611	0.650000	0.433000	0.524400	0.610200	-0.904800	1.598000
1627302130.788728	0.703600	0.414200	0.481900	0.612000	-0.851600	1.648700
1627302130.809944	0.722200	0.377300	0.410900	0.672800	-0.880900	1.724200
1627302130.811209	0.748800	0.350800	0.426600	0.760400	-0.946900	1.819100
1627302130.826830	0.754900	0.328400	0.464000	0.777500	-0.928000	1.892400
1627302130.829161	0.759300	0.326300	0.440100	0.756800	-0.890400	1.944700
1627302130.852732	0.798100	0.319500	0.404800	0.727700	-0.885800	1.992000
1627302130.853550	0.836500	0.322300	0.395500	0.742700	-0.876000	2.028400
1627302130.857430	0.862400	0.325200	0.371100	0.776000	-0.872100	2.056200
1627302130.870498	0.889200	0.340100	0.362300	0.804100	-0.885800	2.059800
1627302130.871394	0.907600	0.353400	0.365100	0.831900	-0.880300	2.035700
1627302130.894769	0.922900	0.368900	0.347000	0.848400	-0.869900	1.989000
1627302130.908429	0.943400	0.363900	0.329600	0.891800	-0.877000	1.915700
1627302130.909326	0.957500	0.335600	0.317600	0.946700	-0.877600	1.857300
1627302130.922432	0.971300	0.309800	0.300400	0.980000	-0.875400	1.801100
1627302130.936432	0.986200	0.289300	0.283700	1.034100	-0.882200	1.731200
1627302130.948241	1.000600	0.281400	0.271400	1.046900	-0.879700	1.671600
1627302130.949251	1.008800	0.281200	0.251100	1.078700	-0.881500	1.607800
1627302130.958518	1.011700	0.271900	0.225300	1.112000	-0.899600	1.526500
1627302130.977835	1.022200	0.242800	0.217700	1.145000	-0.911200	1.455700
1627302130.978658	1.030600	0.229500	0.201700	1.173400	-0.918500	1.392500
1627302130.987511	1.044100	0.222300	0.193500	1.217400	-0.939900	1.314000
1627302131.008249	1.058500	0.221100	0.194800	1.262200	-0.946300	1.241600
1627302131.009143	1.065900	0.224200	0.180400	1.316900	-0.952400	1.166700
1627302131.018834	1.080200	0.222700	0.173600	1.394200	-0.967100	1.070200
1627302131.027398	1.096400	0.223800	0.162100	1.457400	-0.967400	0.973700
1627302131.048493	1.104200	0.237800	0.138800	1.528000	-0.974700	0.877200
1627302131.056826	1.111300	0.244100	0.115400	1.612600	-0.996100	0.757200
1627302131.057726	1.112500	0.244000	0.101600	1.696300	-1.007100	0.636800
1627302131.067415	1.109300	0.241300	0.087800	1.750600	-1.009200	0.526200
1627302131.069759	1.115000	0.236600	0.075600	1.778100	-1.005200	0.401900
1627302131.100512	1.125500	0.242800	0.073400	1.763200	-0.973200	0.277000
1627302131.101988	1.122600	0.244100	0.061800	1.721000	-0.931000	0.165500
1627302131.111364	1.103100	0.233600	0.077800	1.629700	-0.887700	0.029300
1627302131.115717	1.087600	0.173200	0.095600	1.524000	-0.799100	-0.089500
1627302131.131285	1.074100	0.110000	0.071500	1.475400	-0.715100	-0.146300
1627302131.141873	1.069500	0.073400	0.043300	1.549700	-0.672600	-0.150300
1627302131.142776	1.073900	0.076800	0.057000	1.680100	-0.631100	-0.121600
1627302131.166802	1.068000	0.096600	0.052700	1.797700	-0.569400	-0.101100
1627302131.168329	1.055100	0.120100	0.026000	1.910700	-0.528200	-0.094700
1627302131.177503	1.046600	0.128400	0.033100	2.012400	-0.482000	-0.099300
1627302131.184543	1.036600	0.133500	0.037500	2.078700	-0.410300	-0.109100
1627302131.207624	1.026000	0.128800	0.005900	2.136700	-0.342800	-0.116400
1627302131.210094	1.016000	0.121300	-0.012000	2.211200	-0.287800	-0.109400
1627302131.224308	1.008200	0.121900	-0.014300	2.259200	-0.227600	-0.101400
1627302131.225203	1.000500	0.130400	-0.033200	2.298900	-0.158600	-0.092600
1627302131.247509	0.996300	0.137600	-0.064300	2.352900	-0.100600	-0.090100
1627302131.248510	0.994600	0.139200	-0.077300	2.399100	-0.053200	-0.086800
1627302131.264200	0.991100	0.129000	-0.100800	2.439700	0.001200	-0.083700
1627302131.267896	0.983600	0.117800	-0.129200	2.478800	0.044800	-0.070000
1627302131.290424	0.979200	0.108000	-0.130900	2.501100	0.086100	-0.053500
1627302131.291256	0.975700	0.094200	-0.131800	2.498000	0.145900	-0.032700
1627302131.309487	0.973400	0.101000	-0.143400	2.502600	0.220500	-0.000600
1627302131.310432	0.979100	0.118200	-0.139600	2.517900	0.286100	0.027200
1627302131.311253	0.980300	0.128400	-0.135700	2.534100	0.372000	0.043400
1627302131.338702	0.987100	0.112800	-0.141600	2.528300	0.488600	0.049200
1627302131.346962	0.996100	0.126300	-0.136800	2.531900	0.589700	0.052800
1627302131.347861	1.002400	0.142200	-0.125600	2.543800	0.695700	0.046700
1627302131.355010	1.018400	0.142100	-0.122800	2.539600	0.836200	0.023200
1627302131.378401	1.036600	0.125000	-0.127200	2.513000	0.961700	-0.000300
1627302131.379294	1.051100	0.126700	-0.140600	2.490100	1.067100	-0.020200
1627302131.392569	1.068400	0.133200	-0.152500	2.457100	1.166100	-0.048900
1627302131.406438	1.082600	0.148600	-0.174900	2.412500	1.249500	-0.089200
1627302131.407690	1.091200	0.155500	-0.204200	2.365800	1.289500	-0.132600
1627302131.423147	1.100200	0.154500	-0.221700	2.310200	1.298000	-0.183900
1627302131.427961	1.100300	0.140700	-0.215100	2.248200	1.290100	-0.231200
1627302131.447589	1.099900	0.146400	-0.212400	2.216100	1.276000	-0.260900
1627302131.448572	1.093100	0.161000	-0.209000	2.199600	1.240900	-0.292000
1627302131.459593	1.090700	0.158100	-0.203000	2.180100	1.205200	-0.324400
1627302131.466477	1.087800	0.144900	-0.206500	2.142800	1.174900	-0.349400
1627302131.487863	1.082900	0.137500	-0.212800	2.094600	1.125800	-0.368100
1627302131.488681	1.074000	0.134300	-0.203100	2.029500	1.065000	-0.382700
1627302131.498777	1.065600	0.150500	-0.194300	1.967800	1.026500	-0.397400
1627302131.511835	1.061800	0.172400	-0.191400	1.907600	0.979200	-0.419100
1627302131.526981	1.054700	0.190100	-0.168600	1.855100	0.923300	-0.449300
1627302131.527806	1.047000	0.205400	-0.140100	1.816000	0.900700	-0.478900
1627302131.538722	1.043900	0.222200	-0.123000	1.788800	0.891500	-0.511900
1627302131.548074	1.042600	0.235700	-0.106900	1.753700	0.882000	-0.561400
1627302131.569137	1.043200	0.253700	-0.095300	1.724100	0.885400	-0.604500
1627302131.569983	1.039200	0.274000	-0.097300	1.694100	0.891800	-0.654200
1627302131.578845	1.036000	0.293600	-0.100200	1.652600	0.884200	-0.722400
1627302131.584921	1.031600	0.296600	-0.101600	1.615900	0.879000	-0.779200
1627302131.607076	1.031600	0.300300	-0.111100	1.566200	0.870100	-0.835400
1627302131.607995	1.031600	0.300300	-0.111100	1.566200	0.870100	-0.835400
1627302131.617655	1.031200	0.315900	-0.112700	1.502900	0.836800	-0.906200
1627302131.627407	1.028300	0.331300	-0.105300	1.461400	0.810900	-0.962400
1627302131.643536	1.020100	0.349500	-0.108900	1.415900	0.790400	-1.022000
1627302131.655461	1.009600	0.353800	-0.103000	1.375600	0.751000	-1.091000
1627302131.656365	1.001500	0.360000	-0.081100	1.347500	0.725300	-1.140500
1627302131.678845	0.991500	0.373300	-0.063100	1.332500	0.722300	-1.179900
1627302131.680055	0.984000	0.400500	-0.060100	1.316000	0.715600	-1.227500
1627302131.695599	0.977800	0.428800	-0.052900	1.310200	0.709200	-1.273700
1627302131.696493	0.969600	0.451700	-0.048800	1.301700	0.712200	-1.321000
1627302131.700047	0.953700	0.478600	-0.059700	1.291600	0.706100	-1.385800
1627302131.726343	0.940400	0.490700	-0.067600	1.282400	0.682000	-1.441300
1627302131.727822	0.918500	0.480600	-0.063100	1.270200	0.661800	-1.484100
1627302131.740545	0.897100	0.462600	-0.056600	1.274200	0.648100	-1.497500
1627302131.741449	0.872300	0.458500	-0.050700	1.301700	0.626700	-1.483800
1627302131.767473	0.850700	0.467000	-0.027500	1.334000	0.615100	-1.454800
1627302131.778149	0.825100	0.484400	-0.007800	1.361800	0.635200	-1.417500
1627302131.778847	0.802700	0.510000	-0.017800	1.395400	0.661500	-1.373800
1627302131.786145	0.788100	0.527300	-0.017100	1.429600	0.674600	-1.336000
1627302131.805286	0.772800	0.538300	-0.005500	1.445800	0.709200	-1.294100
1627302131.806469	0.756300	0.537600	-0.012700	1.433000	0.755600	-1.251700
1627302131.817354	0.747100	0.543900	-0.019500	1.422000	0.792500	-1.206500
1627302131.826808	0.739900	0.561600	-0.019400	1.406700	0.829500	-1.157000
1627302131.847532	0.733800	0.595000	-0.026400	1.378300	0.884500	-1.117000
1627302131.848554	0.726400	0.635700	-0.043600	1.351400	0.919600	-1.095900
1627302131.864438	0.721300	0.676600	-0.056000	1.325200	0.943700	-1.095000
1627302131.865344	0.713900	0.710100	-0.065200	1.283900	0.966000	-1.112700
1627302131.867356	0.710200	0.716400	-0.086900	1.225900	0.975500	-1.140800
1627302131.894759	0.704700	0.697000	-0.100200	1.155000	0.967900	-1.158200
1627302131.908227	0.685900	0.676800	-0.078700	1.044200	0.951400	-1.157600
1627302131.909128	0.673100	0.684100	-0.050200	0.963200	0.973000	-1.149400
1627302131.912389	0.658600	0.653900	-0.074600	0.906700	0.976700	-1.121300
1627302131.926763	0.644300	0.668800	-0.058800	0.914400	0.973000	-1.059300
1627302131.936408	0.638900	0.670800	-0.047600	0.904300	0.989500	-1.000000
1627302131.941076	0.630400	0.693000	-0.048100	0.956500	1.000800	-0.948100
1627302131.964698	0.626500	0.708700	-0.056300	0.936400	0.999300	-0.890700
1627302131.965595	0.629200	0.710000	-0.065600	0.980600	0.999900	-0.852200
1627302131.977359	0.621700	0.720000	-0.069800	0.932400	0.997800	-0.812500
1627302131.992520	0.616700	0.711400	-0.069200	0.915300	0.988000	-0.769700
1627302131.994975	0.612800	0.728800	-0.069300	0.868500	0.983400	-0.730600
1627302132.008008	0.607100	0.728500	-0.082000	0.810800	0.980400	-0.694900
1627302132.030654	0.601600	0.738800	-0.083900	0.764400	0.958400	-0.652700
1627302132.031537	0.597000	0.754300	-0.089500	0.701200	0.938200	-0.617300
1627302132.035012	0.587900	0.767200	-0.091900	0.662700	0.909800	-0.591000
1627302132.046919	0.580400	0.788300	-0.106700	0.608000	0.875900	-0.567500
1627302132.047816	0.571900	0.787700	-0.104400	0.543900	0.836800	-0.544000
1627302132.071648	0.559100	0.781400	-0.103300	0.508100	0.793500	-0.520200
1627302132.075014	0.550300	0.776900	-0.093900	0.435700	0.761700	-0.482900
1627302132.090088	0.538500	0.754300	-0.093300	0.356000	0.727800	-0.436200
1627302132.094431	0.535900	0.752900	-0.093000	0.324000	0.688400	-0.383600
1627302132.117781	0.530300	0.745600	-0.094600	0.252500	0.642900	-0.312800
1627302132.118832	0.530600	0.746600	-0.103500	0.223800	0.588500	-0.246200
1627302132.133926	0.530000	0.767900	-0.102300	0.130000	0.532300	-0.187900
1627302132.136762	0.535500	0.781900	-0.112100	0.075300	0.445900	-0.139900
1627302132.159051	0.536900	0.824100	-0.119300	-0.026700	0.349400	-0.108400
1627302132.159870	0.533600	0.820800	-0.130400	-0.125000	0.237300	-0.095300
1627302132.164932	0.533900	0.839400	-0.139900	-0.203800	0.108700	-0.092300
1627302132.174489	0.539900	0.829000	-0.162700	-0.304900	-0.054700	-0.085500
1627302132.197993	0.536700	0.806600	-0.177700	-0.303100	-0.216900	-0.072100
1627302132.198817	0.533800	0.795000	-0.189100	-0.330600	-0.393800	-0.042800
1627302132.208963	0.532300	0.747300	-0.192300	-0.291500	-0.588000	0.009800
1627302132.216782	0.551500	0.711900	-0.188100	-0.275000	-0.748400	0.080900
1627302132.236944	0.569100	0.670500	-0.203700	-0.234400	-0.906300	0.185400
1627302132.237841	0.589700	0.633100	-0.204000	-0.194100	-1.093800	0.326800
1627302132.245069	0.597300	0.625900	-0.184100	-0.206300	-1.224200	0.450800
1627302132.269981	0.614700	0.632400	-0.194700	-0.204100	-1.342100	0.563800
1627302132.274529	0.639900	0.666400	-0.199300	-0.271300	-1.486000	0.687800
1627302132.286828	0.653600	0.679800	-0.196000	-0.334900	-1.593800	0.766900
1627302132.287759	0.667100	0.711400	-0.191700	-0.432300	-1.683000	0.817900
1627302132.307764	0.685900	0.722000	-0.197000	-0.590200	-1.787100	0.854300
1627302132.308902	0.700200	0.733800	-0.184200	-0.700500	-1.858900	0.861000
1627302132.326701	0.708400	0.734300	-0.168500	-0.855000	-1.913900	0.859800
1627302132.338156	0.718300	0.708700	-0.160500	-0.998300	-1.966100	0.851500
1627302132.339060	0.726800	0.705600	-0.144300	-1.118000	-2.002500	0.847900
1627302132.346353	0.740200	0.684100	-0.137100	-1.183700	-2.023900	0.849100
1627302132.356032	0.743900	0.690800	-0.103800	-1.272800	-2.016800	0.850000
1627302132.378164	0.734100	0.659900	-0.105800	-1.359000	-2.019900	0.857000
1627302132.379077	0.742700	0.676000	-0.081800	-1.359300	-2.013800	0.861000
1627302132.384893	0.747100	0.641400	-0.080300	-1.438400	-1.971900	0.882700
1627302132.406341	0.751100	0.612800	-0.080600	-1.390700	-1.944400	0.906800
1627302132.407709	0.753300	0.605700	-0.068200	-1.466200	-1.897400	0.948000
1627302132.422560	0.757700	0.559100	-0.066300	-1.427100	-1.848800	1.003600
1627302132.430532	0.766500	0.548800	-0.056900	-1.403600	-1.792300	1.067500
1627302132.447842	0.774300	0.528800	-0.060500	-1.465600	-1.712000	1.127300
1627302132.448670	0.777600	0.517200	-0.037200	-1.434400	-1.641200	1.193600
1627302132.456292	0.784100	0.520400	-0.037500	-1.464000	-1.551400	1.255300
1627302132.469045	0.795200	0.515900	-0.031200	-1.474700	-1.463100	1.303900
1627302132.469743	0.811400	0.517900	-0.020900	-1.496400	-1.366600	1.345700
1627302132.490920	0.822500	0.529100	-0.025100	-1.534000	-1.255100	1.370800
1627302132.505694	0.832900	0.532300	-0.034500	-1.560900	-1.176900	1.378400
1627302132.506383	0.847700	0.538200	-0.031700	-1.584400	-1.093800	1.370500
1627302132.512074	0.854700	0.522600	-0.047500	-1.598100	-0.994600	1.355500
1627302132.534032	0.864300	0.505900	-0.061200	-1.595700	-0.933200	1.338700
1627302132.536097	0.883200	0.486900	-0.059700	-1.595700	-0.875100	1.323100
1627302132.546164	0.903000	0.471800	-0.074500	-1.597200	-0.809200	1.304200
1627302132.550206	0.918800	0.469000	-0.096700	-1.601500	-0.776800	1.277600
1627302132.573889	0.940300	0.474600	-0.101200	-1.609700	-0.757500	1.236100
1627302132.574921	0.958900	0.490200	-0.106600	-1.621300	-0.737400	1.165800
1627302132.584798	0.975100	0.501500	-0.118900	-1.638400	-0.733400	1.083400
1627302132.593139	0.987300	0.508100	-0.118500	-1.651600	-0.738900	0.991100
1627302132.612056	0.996900	0.507700	-0.110400	-1.653400	-0.746800	0.868600
1627302132.613984	1.004200	0.502400	-0.098800	-1.650100	-0.750800	0.769400
1627302132.625156	1.005900	0.497700	-0.086200	-1.644600	-0.752300	0.672500
1627302132.630603	1.008200	0.488900	-0.073600	-1.637800	-0.747500	0.556200
1627302132.655324	1.013200	0.480100	-0.067400	-1.632000	-0.742900	0.471300
1627302132.656300	1.014600	0.465700	-0.069200	-1.623500	-0.742900	0.394300
1627302132.666168	1.009000	0.445700	-0.059800	-1.598400	-0.749300	0.319200
1627302132.682373	1.003700	0.432400	-0.052900	-1.571200	-0.749300	0.267500
1627302132.684825	1.000000	0.422500	-0.050500	-1.533100	-0.748400	0.229700
1627302132.697972	0.995400	0.412800	-0.050700	-1.483000	-0.752300	0.194900
1627302132.698879	0.994500	0.407100	-0.042000	-1.435300	-0.750500	0.168600
1627302132.720478	0.991500	0.401400	-0.043600	-1.399000	-0.743500	0.146300
1627302132.725100	0.990400	0.400100	-0.050200	-1.371200	-0.735200	0.120300
1627302132.735017	0.989000	0.400400	-0.051800	-1.358700	-0.729700	0.091300
1627302132.742998	0.985500	0.408200	-0.055400	-1.347700	-0.722700	0.062000
1627302132.764932	0.980100	0.409700	-0.058600	-1.334200	-0.714500	0.022600
1627302132.769908	0.973000	0.404400	-0.059600	-1.311000	-0.706200	-0.011600
1627302132.783239	0.968400	0.399900	-0.058300	-1.288400	-0.696100	-0.043400
1627302132.784191	0.968800	0.397600	-0.060700	-1.259400	-0.682100	-0.075500
1627302132.806753	0.965800	0.398200	-0.068400	-1.233100	-0.670200	-0.104200
1627302132.807686	0.963400	0.395000	-0.077900	-1.216000	-0.663800	-0.132300
1627302132.813756	0.964100	0.387500	-0.094600	-1.202900	-0.660700	-0.158800
1627302132.826888	0.964000	0.380900	-0.118300	-1.201700	-0.668700	-0.184200
1627302132.827787	0.966300	0.373900	-0.136200	-1.206600	-0.688800	-0.203100
1627302132.849307	0.968100	0.367600	-0.149200	-1.227600	-0.716300	-0.220800
1627302132.858862	0.967700	0.372700	-0.155300	-1.261200	-0.750200	-0.241600
1627302132.867300	0.967300	0.375600	-0.156100	-1.294800	-0.779500	-0.261200
1627302132.891925	0.966300	0.371200	-0.157500	-1.334500	-0.806700	-0.282800
1627302132.892822	0.969600	0.367700	-0.168300	-1.383100	-0.836900	-0.304200
1627302132.893954	0.971600	0.364700	-0.168600	-1.431400	-0.868100	-0.321900
1627302132.906780	0.970700	0.367100	-0.159100	-1.490900	-0.893500	-0.341800
1627302132.912936	0.975200	0.365000	-0.151700	-1.568500	-0.908100	-0.369600
1627302132.934114	0.979400	0.365000	-0.147200	-1.628100	-0.921600	-0.394000
1627302132.936386	0.979600	0.373500	-0.130000	-1.682400	-0.928300	-0.421500
1627302132.951698	0.981600	0.384500	-0.100100	-1.736500	-0.913300	-0.460300
1627302132.959317	0.980800	0.390500	-0.089600	-1.774400	-0.886700	-0.498800
1627302132.974290	0.980700	0.392600	-0.076900	-1.809800	-0.856800	-0.540000
1627302132.975139	0.986800	0.390600	-0.054800	-1.846400	-0.806700	-0.596200
1627302132.984964	0.980200	0.401200	-0.046100	-1.866900	-0.762100	-0.642300
1627302132.994530	0.972700	0.416700	-0.027600	-1.865100	-0.721500	-0.693300
1627302133.015584	0.957000	0.424100	0.007300	-1.809800	-0.657400	-0.747400
1627302133.016473	0.947400	0.421100	0.029400	-1.720600	-0.597500	-0.776400
1627302133.025020	0.935900	0.402300	0.045200	-1.605200	-0.547100	-0.783800
1627302133.048552	0.934900	0.388500	0.065100	-1.430700	-0.482600	-0.756600
1627302133.053165	0.925800	0.414200	0.076000	-1.250200	-0.417900	-0.711700
1627302133.054074	0.937000	0.420500	0.104200	-1.094200	-0.373600	-0.675300
1627302133.063942	0.958900	0.461800	0.126800	-0.953400	-0.280500	-0.648800
1627302133.067497	0.963700	0.499500	0.098900	-0.888600	-0.212000	-0.649400
1627302133.093081	0.970200	0.539200	0.110800	-0.870300	-0.161000	-0.683300
1627302133.094016	0.972700	0.570100	0.099400	-0.905100	-0.081600	-0.755000
1627302133.102634	0.963300	0.574800	0.062400	-0.965000	-0.039500	-0.835400
1627302133.111103	0.958100	0.560700	0.049100	-1.027000	-0.028800	-0.903200
1627302133.122545	0.941900	0.549100	0.050400	-1.085900	-0.015900	-0.967000
1627302133.132636	0.926300	0.540300	0.035900	-1.128700	-0.020200	-1.020500
1627302133.139320	0.919200	0.536400	0.040600	-1.149800	-0.041000	-1.059300
1627302133.162996	0.908600	0.534200	0.047500	-1.161400	-0.058700	-1.095600
1627302133.165097	0.893600	0.538900	0.051400	-1.171400	-0.085000	-1.130100
1627302133.175045	0.879800	0.553300	0.069700	-1.177200	-0.114600	-1.165500
1627302133.180684	0.856200	0.576900	0.098100	-1.178200	-0.131700	-1.208000
1627302133.201320	0.831300	0.594800	0.113000	-1.170800	-0.141500	-1.257800
1627302133.202565	0.814300	0.599100	0.125500	-1.148200	-0.150000	-1.297800
1627302133.218209	0.796100	0.606900	0.143400	-1.116200	-0.154000	-1.335400
1627302133.224385	0.777200	0.617300	0.160600	-1.062400	-0.157400	-1.369000
1627302133.246693	0.763300	0.617700	0.168700	-1.008900	-0.159200	-1.387600
1627302133.247519	0.751700	0.616800	0.175000	-0.943900	-0.158300	-1.391600
1627302133.254956	0.736600	0.631600	0.176300	-0.866900	-0.166800	-1.389400
1627302133.266712	0.725500	0.641200	0.183300	-0.802500	-0.176300	-1.383900
1627302133.267611	0.713600	0.638800	0.187100	-0.742900	-0.179400	-1.376600
1627302133.289746	0.704800	0.647500	0.180100	-0.680000	-0.193400	-1.364100
1627302133.305119	0.691200	0.664400	0.183700	-0.640300	-0.211100	-1.358000
1627302133.311778	0.676600	0.682400	0.186900	-0.603000	-0.221500	-1.357100
1627302133.312688	0.659800	0.690300	0.183800	-0.552600	-0.238600	-1.357100
1627302133.322962	0.647100	0.694100	0.184000	-0.507400	-0.260000	-1.351900
1627302133.345624	0.634500	0.695400	0.190900	-0.460400	-0.280500	-1.341500
1627302133.354698	0.619400	0.693200	0.188000	-0.394700	-0.298800	-1.320100
1627302133.355596	0.614000	0.699200	0.181800	-0.344600	-0.322000	-1.297800
1627302133.362633	0.609900	0.709600	0.183500	-0.295500	-0.345500	-1.274000
1627302133.373690	0.603500	0.728800	0.179000	-0.243200	-0.371200	-1.249500
1627302133.393197	0.595200	0.742200	0.174300	-0.198300	-0.396500	-1.231500
1627302133.394108	0.589700	0.746000	0.180800	-0.161100	-0.419100	-1.215900
1627302133.404018	0.578400	0.748800	0.181400	-0.123200	-0.435000	-1.193900
1627302133.414871	0.565900	0.757800	0.177500	-0.092600	-0.450900	-1.176500
1627302133.427538	0.555400	0.766800	0.187100	-0.069400	-0.463400	-1.162800
1627302133.440814	0.545900	0.777200	0.189800	-0.040400	-0.461600	-1.150300
1627302133.441717	0.536900	0.785900	0.189000	-0.007400	-0.464600	-1.134400
1627302133.443699	0.530500	0.791600	0.200800	0.020700	-0.464900	-1.120000
1627302133.468521	0.515700	0.796100	0.206300	0.047200	-0.445100	-1.097400
1627302133.480693	0.507700	0.790900	0.199800	0.068000	-0.425800	-1.073000
1627302133.488087	0.500100	0.795300	0.198900	0.080500	-0.412100	-1.045200
1627302133.489019	0.493000	0.805900	0.193200	0.092400	-0.394700	-1.015000
1627302133.510124	0.484300	0.818600	0.183100	0.103400	-0.375700	-0.985900
1627302133.512541	0.477300	0.837000	0.173300	0.117200	-0.367800	-0.964600
1627302133.527872	0.470600	0.849400	0.170300	0.139200	-0.362600	-0.937700
1627302133.530470	0.463100	0.849900	0.170500	0.154100	-0.356500	-0.910800
1627302133.551154	0.453100	0.843100	0.165400	0.156300	-0.348900	-0.880900
1627302133.554981	0.449600	0.839200	0.154400	0.155100	-0.343400	-0.846700
1627302133.569765	0.445300	0.831100	0.147700	0.159300	-0.341800	-0.796600
1627302133.571911	0.440100	0.825400	0.136000	0.159900	-0.346400	-0.747400
1627302133.591556	0.431600	0.828500	0.127600	0.162700	-0.355000	-0.697300
1627302133.592375	0.422900	0.833400	0.120700	0.157500	-0.369300	-0.643900
1627302133.605312	0.417700	0.840300	0.113300	0.157800	-0.380600	-0.605400
1627302133.612970	0.413900	0.847200	0.106300	0.155100	-0.396500	-0.571500
1627302133.634129	0.407100	0.854600	0.103900	0.151700	-0.416100	-0.542500
1627302133.635181	0.401100	0.862700	0.101800	0.149600	-0.431000	-0.526300
1627302133.642570	0.396600	0.872900	0.097200	0.147400	-0.443600	-0.518900
1627302133.649325	0.388500	0.879500	0.093100	0.149900	-0.459400	-0.519200
1627302133.670327	0.383200	0.888100	0.095500	0.159000	-0.471300	-0.524700
1627302133.672563	0.373400	0.888900	0.097500	0.167900	-0.480500	-0.532400
1627302133.685013	0.364700	0.884300	0.098300	0.186500	-0.486300	-0.540000
1627302133.697333	0.358800	0.877300	0.095000	0.203900	-0.490000	-0.540000
1627302133.712047	0.352300	0.871100	0.090800	0.225000	-0.493300	-0.536000
1627302133.712950	0.342500	0.870000	0.087500	0.246100	-0.493900	-0.530500
1627302133.714906	0.337300	0.874400	0.085400	0.273600	-0.495800	-0.522000
1627302133.740690	0.330400	0.879900	0.085300	0.298600	-0.494600	-0.518000
1627302133.741589	0.328100	0.884600	0.081100	0.335000	-0.492700	-0.510100
1627302133.755150	0.323600	0.897200	0.079600	0.363400	-0.487500	-0.509500
1627302133.763713	0.323000	0.906700	0.083900	0.397000	-0.483900	-0.506700
1627302133.782504	0.321400	0.904900	0.084500	0.432100	-0.470100	-0.502400
1627302133.793229	0.319100	0.907700	0.079100	0.458700	-0.458500	-0.494200
1627302133.794125	0.315600	0.901100	0.076700	0.487400	-0.446300	-0.482600
1627302133.802356	0.315200	0.909800	0.068800	0.517600	-0.428300	-0.467600
1627302133.822982	0.317000	0.911000	0.063700	0.567400	-0.411200	-0.444400
1627302133.823820	0.316400	0.901600	0.056500	0.605300	-0.402600	-0.418800
1627302133.832560	0.316400	0.898900	0.045000	0.638300	-0.391000	-0.387900
1627302133.841812	0.315100	0.909100	0.026400	0.667600	-0.379100	-0.357700
1627302133.863899	0.318000	0.914300	0.019300	0.698700	-0.379400	-0.331700
1627302133.864793	0.328400	0.919600	0.019500	0.726500	-0.374500	-0.302700
1627302133.880204	0.328500	0.925900	0.011400	0.753400	-0.364700	-0.271800
1627302133.881971	0.329000	0.925500	-0.001300	0.774800	-0.358600	-0.247400
1627302133.901546	0.335300	0.923600	-0.011100	0.797700	-0.352800	-0.219600
1627302133.903017	0.335000	0.927200	-0.023400	0.822100	-0.341500	-0.191500
1627302133.912498	0.335200	0.931900	-0.041900	0.840400	-0.339100	-0.172900
1627302133.923024	0.332900	0.938500	-0.052100	0.853600	-0.337900	-0.162800
1627302133.944056	0.332900	0.940600	-0.074200	0.864000	-0.335400	-0.159400
1627302133.946269	0.332200	0.940200	-0.095700	0.869800	-0.337900	-0.159800
1627302133.953750	0.330600	0.933600	-0.122600	0.869800	-0.346400	-0.162800
1627302133.967995	0.329100	0.925500	-0.148200	0.848400	-0.355300	-0.166200
1627302133.987878	0.329200	0.915900	-0.180100	0.804400	-0.362900	-0.168600
1627302133.990045	0.321500	0.911100	-0.219800	0.731700	-0.376400	-0.171700
1627302133.991097	0.312900	0.918700	-0.249100	0.592700	-0.406900	-0.183900
1627302134.006127	0.312500	0.918700	-0.255200	0.453500	-0.425800	-0.195800
1627302134.007967	0.314100	0.922000	-0.265700	0.311400	-0.445400	-0.203100
1627302134.034169	0.320100	0.917700	-0.278400	0.168800	-0.481700	-0.185700
1627302134.035086	0.315400	0.887700	-0.266400	0.090900	-0.517800	-0.150000
1627302134.058669	0.304400	0.872300	-0.245800	0.023400	-0.538500	-0.099600
1627302134.059851	0.285800	0.880500	-0.240200	-0.006800	-0.545900	-0.027800
1627302134.073231	0.286900	0.884900	-0.258900	0.051800	-0.569700	0.035100
1627302134.074132	0.288500	0.886600	-0.215000	0.075900	-0.590500	0.100800
1627302134.079985	0.290500	0.875200	-0.188200	0.160900	-0.572100	0.168900
1627302134.099851	0.294700	0.878100	-0.164600	0.152900	-0.549800	0.226000
1627302134.111898	0.294900	0.866300	-0.131300	0.182900	-0.514400	0.272700
1627302134.112785	0.285600	0.891800	-0.097200	0.172500	-0.439300	0.313700
1627302134.123708	0.285300	0.902800	-0.085600	0.179800	-0.356500	0.334400
1627302134.143584	0.282700	0.909100	-0.063600	0.218900	-0.279800	0.346700
1627302134.151899	0.279700	0.907300	-0.060400	0.283600	-0.176900	0.355800
1627302134.152890	0.281900	0.902600	-0.059100	0.366700	-0.079200	0.363800
1627302134.161316	0.289200	0.893700	-0.062300	0.450700	0.008500	0.372900
1627302134.185111	0.297500	0.882000	-0.069300	0.546600	0.102300	0.390300
1627302134.195960	0.308700	0.874300	-0.081700	0.636100	0.193300	0.409300
1627302134.204523	0.317100	0.874900	-0.097500	0.706400	0.269000	0.426100
1627302134.205453	0.330100	0.879400	-0.112200	0.774500	0.350600	0.442300
1627302134.206294	0.344400	0.887700	-0.134000	0.826400	0.423900	0.449300
1627302134.232099	0.358200	0.897100	-0.151600	0.861200	0.479500	0.447400
1627302134.233121	0.370700	0.901700	-0.168800	0.888400	0.531700	0.438600
1627302134.242570	0.383100	0.901100	-0.188600	0.909500	0.582400	0.424200
1627302134.250966	0.390400	0.899400	-0.204000	0.921400	0.615700	0.409000
1627302134.275760	0.401500	0.892200	-0.219000	0.934800	0.645000	0.394000
1627302134.276654	0.411600	0.881500	-0.240500	0.941500	0.672500	0.377800
1627302134.280011	0.419100	0.873200	-0.254800	0.950100	0.683800	0.369600
1627302134.284734	0.429600	0.867400	-0.260900	0.954700	0.693000	0.363100
1627302134.311383	0.438100	0.862400	-0.275800	0.961100	0.699100	0.358600
1627302134.320718	0.444200	0.858300	-0.284200	0.968100	0.697500	0.357300
1627302134.321618	0.452800	0.853900	-0.284500	0.976100	0.692700	0.356400
1627302134.327556	0.460200	0.844700	-0.291100	0.987100	0.693600	0.357600
1627302134.349848	0.465800	0.838300	-0.299300	0.997100	0.691100	0.360700
1627302134.350980	0.470800	0.833600	-0.304100	1.005700	0.683200	0.365600
1627302134.362874	0.479500	0.829600	-0.307300	1.020300	0.681700	0.368900
1627302134.363771	0.482200	0.822100	-0.315200	1.031300	0.677400	0.375400
1627302134.391418	0.486900	0.814100	-0.322500	1.038100	0.672500	0.381500
1627302134.393462	0.493900	0.805700	-0.331900	1.042300	0.669800	0.393100
1627302134.403664	0.500600	0.798700	-0.348800	1.043600	0.665800	0.403800
1627302134.405640	0.504400	0.792500	-0.356400	1.036800	0.656300	0.416900
1627302134.430280	0.511000	0.783100	-0.369300	1.030700	0.645300	0.435500
1627302134.431085	0.512800	0.770000	-0.383100	1.025200	0.633400	0.455700
1627302134.441278	0.514900	0.756200	-0.395300	1.026800	0.619700	0.479200
1627302134.446835	0.517600	0.740800	-0.397300	1.030700	0.605600	0.512800
1627302134.470913	0.519400	0.732200	-0.404900	1.036200	0.600400	0.546100
1627302134.471814	0.523700	0.725300	-0.420000	1.041100	0.595500	0.578500
1627302134.481295	0.529500	0.719100	-0.427700	1.044200	0.589400	0.617900
1627302134.483701	0.533900	0.717300	-0.432300	1.043300	0.588200	0.648700
1627302134.510883	0.536000	0.714000	-0.440600	1.036800	0.592200	0.674100
1627302134.511786	0.539900	0.709100	-0.450600	1.020700	0.599500	0.698200
1627302134.521370	0.544300	0.699300	-0.454500	0.996500	0.612900	0.718400
1627302134.526145	0.548700	0.695100	-0.461900	0.974500	0.628500	0.734900
1627302134.549113	0.552000	0.690400	-0.474600	0.954400	0.647100	0.750100
1627302134.549937	0.559600	0.685100	-0.482100	0.945800	0.666100	0.762700
1627302134.563879	0.564100	0.679700	-0.494300	0.949200	0.683500	0.768800
1627302134.569311	0.570200	0.679400	-0.508200	0.952200	0.699400	0.770900
1627302134.590399	0.580000	0.678600	-0.519000	0.956800	0.717100	0.765700
1627302134.591218	0.589100	0.679800	-0.528900	0.957100	0.732100	0.752000
1627302134.602677	0.601000	0.677700	-0.542200	0.957700	0.745500	0.734600
1627302134.611851	0.613600	0.668700	-0.553500	0.956200	0.759900	0.711000
1627302134.622490	0.624000	0.657800	-0.568200	0.948600	0.774500	0.687500
1627302134.637197	0.636400	0.647800	-0.580400	0.928400	0.787600	0.660000
1627302134.640526	0.654100	0.644200	-0.589400	0.896600	0.802000	0.622500
1627302134.663154	0.665900	0.653400	-0.600700	0.859100	0.813300	0.577900
1627302134.664047	0.680300	0.672100	-0.605700	0.814500	0.822500	0.518600
1627302134.677538	0.695800	0.694700	-0.604500	0.757400	0.831900	0.422100
1627302134.693773	0.705000	0.708100	-0.605200	0.714000	0.840500	0.332000
1627302134.698353	0.710300	0.712400	-0.601000	0.674000	0.849000	0.234600
1627302134.699246	0.717200	0.715500	-0.592000	0.635800	0.858500	0.112100
1627302134.711326	0.719200	0.712200	-0.584600	0.611700	0.868900	0.014000
1627302134.727821	0.719000	0.707200	-0.582600	0.595800	0.877100	-0.078200
1627302134.728637	0.715800	0.702500	-0.573900	0.584800	0.885700	-0.186600
1627302134.740551	0.715700	0.690900	-0.568700	0.583600	0.895200	-0.263600
1627302134.741447	0.712900	0.680700	-0.561600	0.583600	0.904300	-0.331700
1627302134.764917	0.708100	0.669400	-0.552400	0.585100	0.914400	-0.402600
1627302134.768728	0.703000	0.669200	-0.541400	0.580800	0.926000	-0.460900
1627302134.784019	0.700100	0.671300	-0.537500	0.578700	0.938200	-0.512200
1627302134.788156	0.695700	0.674400	-0.530500	0.571400	0.952900	-0.573000
1627302134.813035	0.692700	0.671900	-0.527100	0.571100	0.959900	-0.622800
1627302134.814178	0.690400	0.670900	-0.521600	0.569200	0.968500	-0.666800
1627302134.818671	0.683300	0.668500	-0.517500	0.566200	0.974000	-0.712300
1627302134.831858	0.678800	0.667700	-0.510000	0.560700	0.978500	-0.751700
1627302134.832952	0.675000	0.666300	-0.506500	0.550000	0.986800	-0.783100
1627302134.857922	0.665500	0.666000	-0.501500	0.532600	0.992000	-0.814900
1627302134.858745	0.662600	0.658000	-0.494000	0.513000	0.998100	-0.842700
1627302134.868790	0.656000	0.657300	-0.488400	0.486100	1.006600	-0.862600
1627302134.873292	0.647200	0.659200	-0.482500	0.462000	1.011800	-0.881800
1627302134.895450	0.641600	0.659500	-0.475600	0.440900	1.016100	-0.897100
1627302134.899018	0.636400	0.666300	-0.466800	0.430600	1.019800	-0.908400
1627302134.910132	0.632400	0.671600	-0.458700	0.422000	1.022500	-0.920600
1627302134.915563	0.626800	0.679000	-0.450400	0.416800	1.026800	-0.930700
1627302134.938007	0.619300	0.688200	-0.444500	0.417400	1.028600	-0.941400
1627302134.938829	0.615500	0.692600	-0.433200	0.417100	1.032900	-0.953600
1627302134.952550	0.612200	0.696900	-0.427900	0.419600	1.039900	-0.962400
1627302134.954328	0.607500	0.700700	-0.425500	0.423200	1.043000	-0.968500
1627302134.977589	0.606100	0.703000	-0.419200	0.426900	1.047900	-0.974300
1627302134.978680	0.604600	0.701200	-0.417200	0.432100	1.053700	-0.973400
1627302134.994015	0.599500	0.704000	-0.418500	0.431500	1.055200	-0.973100
1627302135.006775	0.596800	0.716100	-0.415600	0.426300	1.054900	-0.972800
1627302135.008872	0.591900	0.729400	-0.414900	0.409200	1.056100	-0.980800
1627302135.024696	0.588300	0.734000	-0.415600	0.391500	1.054000	-0.990200
1627302135.034174	0.584700	0.733500	-0.413800	0.365800	1.045400	-1.000300
1627302135.048972	0.576800	0.737800	-0.405200	0.331600	1.039900	-1.011900
1627302135.059338	0.568100	0.742800	-0.402000	0.299200	1.034100	-1.020200
1627302135.060257	0.561300	0.737700	-0.402000	0.273300	1.027100	-1.026600
1627302135.082227	0.552500	0.736000	-0.399400	0.241800	1.013100	-1.024400
1627302135.083125	0.543200	0.735800	-0.397900	0.218600	0.998400	-1.018900
1627302135.092685	0.531700	0.745700	-0.391100	0.194800	0.980400	-1.012800
1627302135.101441	0.522100	0.755100	-0.385600	0.168200	0.959300	-1.008200
1627302135.106775	0.513900	0.766800	-0.379300	0.147100	0.934600	-1.004900
1627302135.127027	0.504600	0.780400	-0.375000	0.132500	0.913200	-1.004900
1627302135.128895	0.491500	0.794400	-0.362200	0.118400	0.887800	-1.004900
1627302135.138884	0.481100	0.802900	-0.347700	0.106500	0.871600	-1.004900
1627302135.145550	0.468300	0.806900	-0.332400	0.098600	0.860000	-0.995700
1627302135.171575	0.455700	0.803000	-0.319500	0.093700	0.852400	-0.977100
1627302135.172417	0.442100	0.800400	-0.312400	0.097000	0.849000	-0.949000
1627302135.183841	0.432600	0.803800	-0.305800	0.107400	0.845700	-0.917500
1627302135.190714	0.423800	0.811200	-0.301600	0.125700	0.838300	-0.879000
1627302135.210562	0.414700	0.816800	-0.294600	0.146500	0.832900	-0.837800
1627302135.211482	0.405800	0.825900	-0.289200	0.166100	0.829800	-0.799900
1627302135.219960	0.402000	0.838400	-0.282800	0.186500	0.824900	-0.763600
1627302135.234418	0.396200	0.855000	-0.282200	0.202400	0.823100	-0.730600
1627302135.235317	0.391600	0.863600	-0.279400	0.217700	0.819400	-0.705600
1627302135.254900	0.385700	0.869400	-0.277300	0.224400	0.814800	-0.682000
1627302135.257403	0.377900	0.872900	-0.273400	0.230800	0.812700	-0.660100
1627302135.272056	0.369800	0.877200	-0.273400	0.229000	0.813300	-0.644200
1627302135.291673	0.360500	0.876100	-0.271600	0.224100	0.809300	-0.628000
1627302135.292478	0.354100	0.875200	-0.267300	0.213700	0.809900	-0.609400
1627302135.305310	0.345600	0.872600	-0.267000	0.204500	0.811200	-0.591600
1627302135.314304	0.340100	0.874100	-0.265600	0.198700	0.808100	-0.568400
1627302135.315200	0.332000	0.877000	-0.261200	0.200000	0.804100	-0.541500
1627302135.336870	0.328600	0.877100	-0.255400	0.205500	0.803800	-0.518600
1627302135.337690	0.325800	0.873500	-0.255000	0.212800	0.803500	-0.493300
1627302135.348714	0.321900	0.868800	-0.254000	0.223800	0.799900	-0.457600
1627302135.357086	0.319200	0.864100	-0.256500	0.236900	0.795600	-0.424300
1627302135.376601	0.318200	0.858200	-0.255900	0.243600	0.790700	-0.386400
1627302135.377443	0.321500	0.852500	-0.260600	0.247600	0.782500	-0.333200
1627302135.398095	0.322400	0.845900	-0.266600	0.243600	0.774500	-0.284400
1627302135.399006	0.324800	0.845200	-0.269500	0.238700	0.759500	-0.232800
1627302135.421751	0.327600	0.846100	-0.270400	0.225900	0.741200	-0.170100
1627302135.422596	0.330300	0.847500	-0.274300	0.212800	0.726300	-0.120700
1627302135.430136	0.333500	0.849000	-0.278200	0.198700	0.705800	-0.075800
1627302135.441757	0.336400	0.852500	-0.278600	0.181300	0.676500	-0.027200
1627302135.442654	0.341300	0.861200	-0.277300	0.160600	0.652300	0.007000
1627302135.465309	0.344000	0.866800	-0.283000	0.143800	0.625800	0.035100
1627302135.467568	0.347800	0.872300	-0.280400	0.117800	0.590000	0.060200
1627302135.481273	0.351200	0.879800	-0.273300	0.088200	0.558300	0.075700
1627302135.500829	0.351300	0.882700	-0.274500	0.056400	0.532000	0.084900
1627302135.501826	0.352100	0.882000	-0.273400	0.023400	0.491700	0.092500
1627302135.507689	0.351400	0.881700	-0.268200	-0.003500	0.457800	0.098000
1627302135.517607	0.350800	0.882300	-0.260600	-0.024800	0.427500	0.102600
1627302135.522947	0.348300	0.882800	-0.255100	-0.050200	0.393300	0.102600
1627302135.545334	0.347900	0.884500	-0.247100	-0.068500	0.358800	0.103800
1627302135.547642	0.345300	0.883400	-0.239400	-0.083500	0.330100	0.104400
1627302135.559860	0.341200	0.877800	-0.233500	-0.096300	0.299000	0.106600
1627302135.580718	0.337800	0.873200	-0.226600	-0.108200	0.269300	0.108700
1627302135.581620	0.337000	0.871300	-0.220100	-0.114600	0.244600	0.111800
1627302135.591473	0.336900	0.873000	-0.215500	-0.119800	0.217100	0.117000
1627302135.600040	0.337200	0.873800	-0.210900	-0.123200	0.189000	0.121900
1627302135.619311	0.339000	0.872300	-0.206700	-0.125900	0.163600	0.127400
1627302135.621547	0.340300	0.875700	-0.206300	-0.128400	0.135500	0.131900
1627302135.629934	0.347300	0.881700	-0.203200	-0.136000	0.101600	0.131000
1627302135.654461	0.350700	0.891600	-0.202800	-0.145800	0.072600	0.123100
1627302135.655376	0.361700	0.901100	-0.203000	-0.160500	0.039000	0.104400
1627302135.658878	0.372600	0.915600	-0.198900	-0.178500	-0.001900	0.070500
1627302135.671279	0.382000	0.924400	-0.194600	-0.189500	-0.037600	0.035700
1627302135.679382	0.392100	0.919200	-0.197600	-0.189200	-0.078600	-0.000300
1627302135.696773	0.401900	0.905500	-0.202000	-0.176600	-0.130800	-0.032400
1627302135.697758	0.410800	0.896700	-0.200400	-0.159200	-0.180300	-0.048000
1627302135.712475	0.417000	0.894000	-0.202600	-0.140900	-0.230400	-0.058000
1627302135.726430	0.420800	0.886600	-0.203600	-0.114600	-0.294500	-0.061700
1627302135.738365	0.426400	0.876600	-0.211200	-0.085600	-0.345500	-0.055000
1627302135.739264	0.431500	0.870200	-0.215500	-0.052900	-0.400500	-0.039400
1627302135.742448	0.437900	0.857800	-0.219200	-0.010800	-0.464300	-0.007600
1627302135.764882	0.437900	0.857800	-0.219200	-0.010800	-0.464300	-0.007600
1627302135.774352	0.442500	0.849700	-0.232200	0.021300	-0.515600	0.025900
1627302135.775263	0.445900	0.847200	-0.242100	0.046900	-0.570600	0.066300
1627302135.794115	0.449700	0.846400	-0.252000	0.066800	-0.632000	0.118500
1627302135.796699	0.449700	0.847900	-0.263500	0.071700	-0.682400	0.164600
1627302135.807606	0.453700	0.842400	-0.279800	0.066200	-0.732800	0.209200
1627302135.815557	0.456100	0.830400	-0.292000	0.047800	-0.789300	0.269400
1627302135.839473	0.458500	0.815900	-0.303700	0.018500	-0.836900	0.332300
1627302135.840369	0.459500	0.804700	-0.315400	-0.015700	-0.880000	0.398000
1627302135.847708	0.463300	0.795900	-0.321800	-0.071000	-0.928300	0.480100
1627302135.857452	0.464700	0.797500	-0.325000	-0.130500	-0.965500	0.551300
1627302135.877956	0.465700	0.801900	-0.325100	-0.191900	-0.995800	0.611200
1627302135.878778	0.471400	0.801100	-0.321300	-0.261600	-1.020500	0.672500
1627302135.888817	0.474200	0.796000	-0.315900	-0.322900	-1.040100	0.732700
1627302135.899508	0.476000	0.791100	-0.310800	-0.372100	-1.050800	0.786500
1627302135.900481	0.480000	0.784800	-0.295000	-0.421300	-1.052600	0.845100
1627302135.923070	0.483000	0.782800	-0.283600	-0.463700	-1.045300	0.901600
1627302135.926596	0.487800	0.781900	-0.276900	-0.495500	-1.034000	0.947700
1627302135.937556	0.493200	0.781900	-0.267200	-0.519300	-1.016200	0.995100
1627302135.943053	0.498200	0.788000	-0.261500	-0.532200	-0.995800	1.035100
1627302135.965475	0.504200	0.789600	-0.257400	-0.534900	-0.975300	1.065600
1627302135.966578	0.510300	0.787400	-0.254200	-0.524800	-0.952700	1.095300
1627302135.976448	0.517200	0.781500	-0.250000	-0.508300	-0.924000	1.126100
1627302135.982008	0.523700	0.780500	-0.248900	-0.491500	-0.897400	1.150200
1627302136.003121	0.533000	0.783900	-0.248500	-0.479600	-0.866600	1.170400
1627302136.006717	0.540500	0.784400	-0.251000	-0.467700	-0.832400	1.189000
1627302136.016403	0.549700	0.778900	-0.259600	-0.462200	-0.804600	1.200000
1627302136.028133	0.557000	0.773800	-0.265700	-0.457300	-0.780400	1.212600
1627302136.046770	0.566500	0.770400	-0.274200	-0.458900	-0.753300	1.222000
1627302136.047588	0.575700	0.765500	-0.280000	-0.463400	-0.734900	1.228700
1627302136.065536	0.583400	0.760100	-0.288600	-0.473200	-0.720000	1.234500
1627302136.075693	0.592000	0.756800	-0.292700	-0.485700	-0.704100	1.240300
1627302136.076515	0.599400	0.752000	-0.296000	-0.506800	-0.691600	1.241300
1627302136.082372	0.608400	0.747100	-0.300700	-0.529100	-0.680600	1.242800
1627302136.105618	0.617600	0.740800	-0.311500	-0.560000	-0.674500	1.244000
1627302136.106535	0.623400	0.736100	-0.311300	-0.585600	-0.673500	1.243400
1627302136.115020	0.631300	0.729100	-0.314500	-0.608500	-0.672600	1.243700
1627302136.126881	0.638400	0.711700	-0.329300	-0.633300	-0.678400	1.249500
1627302136.144906	0.645300	0.698600	-0.332400	-0.651900	-0.691300	1.259600
1627302136.146396	0.652700	0.689600	-0.332900	-0.669000	-0.701900	1.273300
1627302136.162003	0.659700	0.683700	-0.336700	-0.695600	-0.714800	1.292600
1627302136.166861	0.664600	0.674700	-0.339700	-0.717900	-0.728800	1.310900
1627302136.187304	0.672700	0.660000	-0.338300	-0.739300	-0.742000	1.332900
1627302136.188700	0.680100	0.645900	-0.339200	-0.769200	-0.752300	1.363100
1627302136.198933	0.683600	0.630200	-0.342700	-0.798800	-0.763600	1.395200
1627302136.208205	0.692600	0.617100	-0.344200	-0.825400	-0.772500	1.428200
1627302136.224593	0.700600	0.600300	-0.348900	-0.860800	-0.780100	1.465800
1627302136.225507	0.708100	0.585700	-0.348800	-0.899000	-0.789000	1.502100
1627302136.235244	0.718000	0.577300	-0.348400	-0.940200	-0.793600	1.533000
1627302136.241201	0.725500	0.565200	-0.345600	-0.985400	-0.796600	1.567200
1627302136.266003	0.734400	0.550400	-0.345200	-1.033700	-0.795400	1.600500
1627302136.266996	0.740100	0.535200	-0.344200	-1.075200	-0.794200	1.629500
1627302136.276437	0.752300	0.518600	-0.340700	-1.122300	-0.786900	1.660900
1627302136.280061	0.764400	0.507600	-0.341300	-1.176300	-0.779200	1.684100
1627302136.304783	0.776000	0.505500	-0.341300	-1.230700	-0.773400	1.695700
1627302136.316986	0.791100	0.500900	-0.336100	-1.282600	-0.765200	1.700000
1627302136.317928	0.807600	0.494400	-0.332500	-1.337300	-0.755700	1.694800
1627302136.321237	0.821500	0.486300	-0.329100	-1.382800	-0.749000	1.684800
1627302136.344844	0.838000	0.475100	-0.321000	-1.429800	-0.741700	1.671300
1627302136.355786	0.856700	0.465000	-0.320300	-1.476600	-0.733400	1.652700
1627302136.356688	0.874400	0.460600	-0.321900	-1.523900	-0.731300	1.626400
1627302136.361272	0.894700	0.466300	-0.324200	-1.572800	-0.735900	1.586400
1627302136.381639	0.913700	0.467700	-0.325400	-1.624100	-0.748100	1.528100
1627302136.384974	0.923800	0.458400	-0.325000	-1.654900	-0.765800	1.475800
1627302136.391316	0.936300	0.442700	-0.319000	-1.675100	-0.784700	1.426700
1627302136.408864	0.947100	0.424600	-0.317100	-1.683000	-0.804900	1.374700
1627302136.419347	0.962300	0.418500	-0.321200	-1.682100	-0.824100	1.334100
1627302136.420232	0.978400	0.425500	-0.327600	-1.684600	-0.844600	1.283700
1627302136.442738	0.992600	0.435900	-0.332000	-1.690100	-0.872700	1.204300
1627302136.444940	0.999300	0.429400	-0.337300	-1.690100	-0.894100	1.131300
1627302136.458480	1.005900	0.408200	-0.339000	-1.694300	-0.914200	1.059200
1627302136.461495	1.017200	0.387800	-0.343500	-1.709600	-0.932900	0.966100
1627302136.485287	1.026600	0.386200	-0.347300	-1.739200	-0.948400	0.882400
1627302136.488859	1.035500	0.385900	-0.347900	-1.773100	-0.963400	0.791100
1627302136.499061	1.035600	0.385600	-0.348100	-1.814700	-0.976200	0.675000
1627302136.506838	1.032300	0.380700	-0.343000	-1.839100	-0.986000	0.571500
1627302136.518308	1.026400	0.369400	-0.324800	-1.848300	-0.986900	0.481700
1627302136.526609	1.019700	0.350200	-0.306300	-1.843100	-0.969800	0.393400
1627302136.537496	1.012100	0.335900	-0.295700	-1.833000	-0.943200	0.328300
1627302136.562033	1.006100	0.332800	-0.292400	-1.827800	-0.911500	0.275500
1627302136.562930	1.002300	0.334400	-0.283800	-1.825100	-0.869600	0.214700
1627302136.565162	0.997300	0.339700	-0.278600	-1.835100	-0.824400	0.158800
1627302136.580150	0.992200	0.345900	-0.270400	-1.846400	-0.783500	0.107200
1627302136.604976	0.988900	0.341200	-0.254400	-1.849200	-0.728800	0.054400
1627302136.605893	0.990600	0.347700	-0.251800	-1.848900	-0.661000	0.000600
1627302136.606721	0.996500	0.368500	-0.267100	-1.862900	-0.610000	-0.066000
1627302136.615052	1.008500	0.405800	-0.269700	-1.892600	-0.566900	-0.170400
1627302136.625657	1.020800	0.432100	-0.264600	-1.920100	-0.519300	-0.295400
1627302136.647157	1.032600	0.452900	-0.283800	-1.944800	-0.475300	-0.427900
1627302136.648076	1.049600	0.487800	-0.307400	-1.996400	-0.447200	-0.602900
1627302136.655122	1.063600	0.516000	-0.304600	-2.069400	-0.433500	-0.836300
1627302136.662504	1.072300	0.518100	-0.294900	-2.123200	-0.411800	-1.043100
1627302136.684357	1.070300	0.517500	-0.305500	-2.182700	-0.393200	-1.263600
1627302136.685450	1.078000	0.520800	-0.298100	-2.240100	-0.383400	-1.513400
1627302136.700474	1.085300	0.525900	-0.293900	-2.280800	-0.373300	-1.724500
1627302136.702458	1.088100	0.537500	-0.294900	-2.322600	-0.369600	-1.957500
1627302136.726756	1.081900	0.557500	-0.267700	-2.345500	-0.385500	-2.215600
1627302136.730618	1.069200	0.553700	-0.220200	-2.322000	-0.382200	-2.410500
1627302136.731535	1.049100	0.537600	-0.194800	-2.251800	-0.370200	-2.572700
1627302136.755025	1.025000	0.528800	-0.157700	-2.123500	-0.367800	-2.727200
1627302136.756333	1.006500	0.526100	-0.103000	-1.989400	-0.355300	-2.814900
1627302136.772221	0.980300	0.523700	-0.063700	-1.847400	-0.320200	-2.873200
1627302136.777033	0.941700	0.534100	-0.030400	-1.661700	-0.276200	-2.917200
1627302136.800716	0.911300	0.549200	0.007600	-1.506200	-0.238300	-2.929400
1627302136.801633	0.876600	0.556400	0.047200	-1.349800	-0.183300	-2.919600
1627302136.804007	0.825000	0.563000	0.080900	-1.147900	-0.106700	-2.874100
1627302136.819129	0.787200	0.576300	0.105700	-0.987000	-0.048900	-2.815800
1627302136.820514	0.752600	0.586800	0.127900	-0.836100	0.022200	-2.741300
1627302136.844090	0.717500	0.596200	0.125700	-0.677900	0.105900	-2.642300
1627302136.844908	0.685200	0.615800	0.117400	-0.564200	0.160000	-2.548200
1627302136.858874	0.660300	0.635700	0.136100	-0.465000	0.210100	-2.454500
1627302136.861793	0.628400	0.652300	0.138200	-0.370300	0.279700	-2.340500
1627302136.885028	0.602100	0.662000	0.128800	-0.301900	0.329800	-2.236100
1627302136.886392	0.576300	0.672000	0.126500	-0.239900	0.368900	-2.133800
1627302136.902088	0.546400	0.693100	0.117100	-0.173300	0.411000	-2.010700
1627302136.906890	0.519000	0.707300	0.103400	-0.121700	0.441600	-1.906500
1627302136.927166	0.503800	0.719800	0.094000	-0.085600	0.460500	-1.816400
1627302136.928068	0.489600	0.743900	0.073600	-0.064500	0.475800	-1.727800
1627302136.936379	0.477100	0.770800	0.056300	-0.063000	0.476100	-1.658500
1627302136.946279	0.465100	0.795300	0.045800	-0.071900	0.467600	-1.613600
1627302136.948259	0.446000	0.817700	0.036500	-0.083200	0.450800	-1.573600
1627302136.972877	0.430300	0.835800	0.029100	-0.091700	0.426300	-1.544600
1627302136.974089	0.417600	0.841300	0.025500	-0.102400	0.401300	-1.522000
1627302136.978588	0.400400	0.848800	0.017200	-0.119500	0.367100	-1.499400
1627302137.003870	0.383500	0.863200	0.019000	-0.136000	0.324600	-1.480100
1627302137.013157	0.366600	0.870700	0.026400	-0.151000	0.290100	-1.464000
1627302137.014170	0.344700	0.875600	0.028900	-0.158000	0.257400	-1.445000
1627302137.023718	0.327300	0.882900	0.028200	-0.165000	0.217400	-1.422100
1627302137.046430	0.314800	0.895300	0.042200	-0.170500	0.182900	-1.405000
1627302137.054482	0.300400	0.907100	0.054800	-0.174500	0.157800	-1.386400
1627302137.055385	0.287100	0.917700	0.057100	-0.171500	0.133100	-1.367100
1627302137.061329	0.273600	0.923100	0.059300	-0.160100	0.106800	-1.346700
1627302137.082548	0.259400	0.935200	0.073600	-0.142100	0.087000	-1.329600
1627302137.094680	0.241000	0.946400	0.078500	-0.114300	0.068400	-1.308500
1627302137.095589	0.231600	0.948500	0.080700	-0.093900	0.053400	-1.294700
1627302137.100202	0.220000	0.950000	0.085200	-0.063000	0.036600	-1.274600
1627302137.121309	0.203600	0.948400	0.089500	-0.027000	0.019200	-1.248600
1627302137.123798	0.190400	0.950000	0.090600	0.003600	0.004800	-1.225400
1627302137.139593	0.175400	0.944800	0.095000	0.029200	-0.003700	-1.204600
1627302137.144313	0.162800	0.942000	0.092400	0.060400	-0.014100	-1.176800
1627302137.163823	0.147900	0.945200	0.094700	0.082400	-0.025100	-1.156700
1627302137.164946	0.133800	0.949100	0.096600	0.097000	-0.031200	-1.142900
1627302137.180387	0.116100	0.953000	0.092300	0.109200	-0.036700	-1.135600
1627302137.184355	0.108300	0.951800	0.088400	0.112900	-0.041300	-1.134100
1627302137.185379	0.095900	0.951700	0.092000	0.110200	-0.047700	-1.132900
1627302137.210675	0.081400	0.943700	0.093300	0.109500	-0.048300	-1.130100
1627302137.216525	0.064800	0.936000	0.089700	0.110500	-0.048900	-1.122200
1627302137.222512	0.049600	0.932000	0.089800	0.117800	-0.051700	-1.113900
1627302137.228217	0.035600	0.927600	0.094200	0.135200	-0.048600	-1.097400
