1627302127.229246	-0.386800	-0.292000	-0.879300	0.038300	0.003200	-0.006800
1627302127.230196	-0.384600	-0.292600	-0.882700	0.038900	0.004100	-0.009800
1627302127.231037	-0.384800	-0.293500	-0.874600	0.034900	0.001000	-0.009200
1627302127.231957	-0.382300	-0.296300	-0.872400	0.029100	-0.003900	-0.004700
1627302127.232668	-0.383900	-0.298300	-0.874600	0.018400	-0.009000	0.004500
1627302127.236417	-0.388100	-0.299200	-0.870100	0.003100	-0.008400	0.016100
1627302127.236975	-0.391700	-0.303800	-0.872400	-0.012100	-0.012400	0.022800
1627302127.237531	-0.395400	-0.307400	-0.881600	-0.025900	-0.006300	0.022200
1627302127.238097	-0.397700	-0.311300	-0.880100	-0.039000	-0.000200	0.020400
1627302127.238660	-0.395800	-0.307900	-0.875600	-0.050300	0.007100	0.018900
1627302127.239178	-0.398400	-0.305900	-0.876100	-0.061300	0.009300	0.017300
1627302127.239675	-0.398800	-0.300000	-0.884000	-0.071400	0.017200	0.022200
1627302127.240172	-0.398400	-0.298000	-0.881300	-0.084800	0.026100	0.029600
1627302127.240674	-0.398600	-0.292100	-0.881200	-0.091500	0.027900	0.036000
1627302127.241174	-0.401500	-0.283300	-0.879600	-0.098600	0.027600	0.045100
1627302127.241639	-0.404900	-0.282100	-0.887500	-0.103500	0.031600	0.053700
1627302127.242093	-0.407200	-0.283600	-0.891200	-0.099800	0.035900	0.050600
1627302127.242543	-0.408700	-0.279500	-0.891400	-0.092800	0.040100	0.044200
1627302127.242976	-0.409200	-0.277800	-0.893400	-0.088500	0.042900	0.035100
1627302127.243424	-0.408700	-0.275000	-0.891600	-0.077800	0.041700	0.021900
1627302127.243831	-0.409100	-0.270800	-0.897700	-0.065300	0.040100	0.009400
1627302127.244234	-0.403400	-0.269400	-0.901000	-0.050600	0.042600	-0.002200
1627302127.244683	-0.399400	-0.268400	-0.896500	-0.036600	0.039800	-0.012900
1627302127.245088	-0.400600	-0.263800	-0.892600	-0.022500	0.033100	-0.018100
1627302127.245490	-0.400000	-0.259300	-0.892500	-0.010900	0.025800	-0.019300
1627302127.245936	-0.400100	-0.266600	-0.895500	0.005300	0.024500	-0.023000
1627302127.246339	-0.398100	-0.270800	-0.897800	0.021200	0.026100	-0.032800
1627302127.246741	-0.396700	-0.267900	-0.889500	0.030300	0.031600	-0.039500
1627302127.247175	-0.391100	-0.275300	-0.884500	0.034900	0.030700	-0.042800
1627302127.247579	-0.384400	-0.278300	-0.887900	0.040400	0.034600	-0.050200
1627302127.248028	-0.379900	-0.278800	-0.884600	0.041300	0.038000	-0.050800
1627302127.248437	-0.373500	-0.275100	-0.876100	0.037700	0.040100	-0.041600
1627302127.248843	-0.369400	-0.277800	-0.871500	0.032800	0.029700	-0.029400
1627302127.249290	-0.364500	-0.288600	-0.878700	0.027600	0.027000	-0.018700
1627302127.249696	-0.361000	-0.291000	-0.870000	0.017800	0.025200	-0.007100
1627302127.250099	-0.361500	-0.295500	-0.860000	0.002200	0.013600	0.004800
1627302127.250537	-0.364100	-0.297200	-0.864100	-0.015200	-0.001400	0.012400
1627302127.250938	-0.370800	-0.293300	-0.869800	-0.035000	-0.008700	0.021600
1627302127.251338	-0.378100	-0.295300	-0.875200	-0.052700	-0.016100	0.027100
1627302127.251784	-0.392200	-0.283400	-0.881500	-0.064400	-0.017600	0.025900
1627302127.252194	-0.399900	-0.280200	-0.892000	-0.068600	-0.011500	0.021300
1627302127.252641	-0.402000	-0.283000	-0.897000	-0.073200	0.001600	0.016100
1627302127.253132	-0.400100	-0.282200	-0.893200	-0.080500	0.013600	0.006600
1627302127.253537	-0.399300	-0.273700	-0.879500	-0.090600	0.015400	0.002700
1627302127.253987	-0.398400	-0.267200	-0.885700	-0.102200	0.011400	0.009100
1627302127.254398	-0.395800	-0.270500	-0.894400	-0.115400	0.020900	0.020700
1627302127.254805	-0.396900	-0.263500	-0.883300	-0.134300	0.021200	0.033800
1627302127.255255	-0.397900	-0.265700	-0.902700	-0.148300	0.022100	0.046700
1627302127.255663	-0.402200	-0.268200	-0.921800	-0.166700	0.042300	0.060700
1627302127.256074	-0.396500	-0.273800	-0.922600	-0.191100	0.070700	0.076000
1627302127.256526	-0.384600	-0.267800	-0.920300	-0.222300	0.089900	0.090000
1627302127.256938	-0.383500	-0.242100	-0.909100	-0.257400	0.106400	0.120000
1627302127.257369	-0.380100	-0.228000	-0.920500	-0.298600	0.115600	0.172800
1627302127.257796	-0.388500	-0.214800	-0.944000	-0.342900	0.136300	0.240000
1627302127.258209	-0.402700	-0.203000	-0.961300	-0.367300	0.161100	0.289200
1627302127.258661	-0.416000	-0.199200	-0.981600	-0.386600	0.190100	0.326100
1627302127.259070	-0.433700	-0.191300	-0.997600	-0.397300	0.216700	0.345700
1627302127.259476	-0.456900	-0.190300	-1.020600	-0.394800	0.246900	0.342600
1627302127.259925	-0.479000	-0.177900	-1.045900	-0.382600	0.286600	0.323400
1627302127.260333	-0.498400	-0.171500	-1.072900	-0.361800	0.328100	0.295000
1627302127.260739	-0.530500	-0.156900	-1.114600	-0.334100	0.375200	0.256800
1627302127.261177	-0.553200	-0.168900	-1.172200	-0.308700	0.438400	0.205500
1627302127.261582	-0.576300	-0.183100	-1.231400	-0.286400	0.519400	0.117200
1627302127.261988	-0.588900	-0.175700	-1.290300	-0.266600	0.633300	-0.008000
1627302127.262437	-0.585800	-0.141500	-1.296000	-0.239400	0.759100	-0.152800
1627302127.262912	-0.573900	-0.081800	-1.263400	-0.183800	0.855000	-0.292100
1627302127.263406	-0.558800	-0.010000	-1.263400	-0.096100	0.930200	-0.392600
1627302127.263953	-0.540500	0.026100	-1.268700	0.006500	1.021200	-0.425500
1627302127.264447	-0.524000	0.042400	-1.249400	0.100600	1.094500	-0.419700
1627302127.264921	-0.505600	0.049200	-1.246300	0.197400	1.166300	-0.398700
1627302127.265389	-0.481400	0.050300	-1.231100	0.289600	1.251500	-0.364800
1627302127.265843	-0.461300	0.057300	-1.181800	0.381000	1.317400	-0.314700
1627302127.266316	-0.442600	0.055300	-1.171600	0.465600	1.369700	-0.242600
1627302127.266782	-0.409700	0.022700	-1.152600	0.546500	1.464100	-0.138100
1627302127.267246	-0.384500	0.006700	-1.107400	0.602100	1.539200	-0.044100
1627302127.267710	-0.360500	0.005200	-1.061400	0.641800	1.591700	0.059800
1627302127.268176	-0.339100	-0.014600	-1.026500	0.664400	1.636600	0.175900
1627302127.268642	-0.324800	-0.030000	-1.007100	0.669600	1.676600	0.286700
1627302127.269103	-0.313800	-0.040900	-1.006600	0.667200	1.724900	0.390300
1627302127.269564	-0.294800	-0.047000	-0.989000	0.678200	1.785700	0.482800
1627302127.270027	-0.272300	-0.027800	-0.945200	0.720900	1.837900	0.606500
1627302127.270487	-0.251700	-0.027600	-0.913800	0.772500	1.862900	0.726200
1627302127.270946	-0.228300	-0.049300	-0.880900	0.828700	1.874600	0.848400
1627302127.271407	-0.207400	-0.081100	-0.852700	0.879700	1.871500	0.958700
1627302127.271869	-0.188500	-0.115000	-0.830700	0.918500	1.862000	1.050900
1627302127.272334	-0.169900	-0.143200	-0.798600	0.951500	1.845200	1.134300
1627302127.272797	-0.142900	-0.175500	-0.750600	0.984200	1.808000	1.196300
1627302127.273259	-0.113800	-0.224100	-0.723100	1.020800	1.717900	1.249800
1627302127.273920	-0.095000	-0.266000	-0.710900	1.051700	1.646700	1.260100
1627302127.274381	-0.070400	-0.302600	-0.672200	1.075800	1.566400	1.246100
1627302127.274807	-0.051600	-0.333400	-0.648800	1.093800	1.462200	1.212200
1627302127.275253	-0.029100	-0.373200	-0.634000	1.105100	1.362300	1.160900
1627302127.275673	-0.007700	-0.407500	-0.613300	1.111300	1.254800	1.092800
1627302127.276099	0.019400	-0.436200	-0.588100	1.113400	1.125600	1.011500
1627302127.276544	0.041400	-0.460900	-0.568500	1.106100	0.977500	0.919600
1627302127.276964	0.062100	-0.487400	-0.548300	1.088700	0.845600	0.849900
1627302127.277420	0.076000	-0.512500	-0.546900	1.060600	0.710600	0.778200
1627302127.277873	0.086100	-0.536400	-0.548100	1.022700	0.593600	0.714000
1627302127.278284	0.094000	-0.561600	-0.539100	0.968000	0.483000	0.660300
1627302127.278690	0.104100	-0.589700	-0.550700	0.897100	0.380400	0.620300
1627302127.279199	0.107900	-0.606800	-0.548500	0.808900	0.287800	0.586400
1627302127.279661	0.113500	-0.628200	-0.537400	0.705300	0.198000	0.568600
1627302127.280149	0.118400	-0.644300	-0.549600	0.605800	0.123500	0.563100
1627302127.280597	0.119600	-0.654400	-0.545200	0.509600	0.065500	0.565900
1627302127.281052	0.122800	-0.668700	-0.529800	0.408800	-0.001100	0.577800
1627302127.281498	0.124000	-0.691200	-0.530500	0.316800	-0.069800	0.587000
1627302127.282003	0.121200	-0.695900	-0.521000	0.230100	-0.134000	0.601000
1627302127.282472	0.108600	-0.707800	-0.514900	0.122600	-0.225900	0.632500
1627302127.282936	0.098800	-0.732900	-0.531200	0.027000	-0.294300	0.648700
1627302127.283523	0.091600	-0.750200	-0.532200	-0.063400	-0.346200	0.646500
1627302127.284312	0.080200	-0.762000	-0.529800	-0.156600	-0.404600	0.632800
1627302127.285289	0.069300	-0.765600	-0.537600	-0.251300	-0.460500	0.609900
1627302127.285944	0.056800	-0.771400	-0.546800	-0.349900	-0.514500	0.576000
1627302127.286497	0.044600	-0.766000	-0.557400	-0.443400	-0.563700	0.535700
1627302127.287070	0.027500	-0.751300	-0.567700	-0.544200	-0.615600	0.492300
1627302127.287512	0.014900	-0.748500	-0.578700	-0.630300	-0.661100	0.463300
1627302127.287996	0.002400	-0.748000	-0.593600	-0.708200	-0.702100	0.429100
1627302127.288420	-0.009600	-0.741100	-0.597700	-0.782100	-0.738100	0.390600
1627302127.288842	-0.020900	-0.723900	-0.604200	-0.856600	-0.785500	0.357600
1627302127.289289	-0.037200	-0.700400	-0.614400	-0.935800	-0.830700	0.336800
1627302127.289707	-0.061000	-0.668000	-0.611300	-1.010900	-0.882900	0.337700
1627302127.290223	-0.092300	-0.654400	-0.630100	-1.094900	-0.964100	0.354500
1627302127.290717	-0.130000	-0.646900	-0.658400	-1.150500	-1.012100	0.353300
1627302127.291143	-0.174900	-0.633700	-0.675500	-1.203900	-1.053000	0.346900
1627302127.291563	-0.222000	-0.634800	-0.706900	-1.252800	-1.080200	0.314500
1627302127.292023	-0.263900	-0.635300	-0.738200	-1.295200	-1.082900	0.255000
1627302127.292449	-0.307900	-0.629600	-0.773300	-1.349000	-1.077100	0.184400
1627302127.292904	-0.354600	-0.627600	-0.820600	-1.413800	-1.038400	0.096100
1627302127.293321	-0.387300	-0.616500	-0.835700	-1.485200	-0.966600	-0.030000
1627302127.293737	-0.417600	-0.576800	-0.843000	-1.547200	-0.923800	-0.134500
1627302127.294185	-0.437300	-0.562100	-0.884600	-1.605000	-0.869100	-0.242300
1627302127.294599	-0.448000	-0.547100	-0.907300	-1.650200	-0.798600	-0.366900
1627302127.295021	-0.461100	-0.512900	-0.918500	-1.693500	-0.744800	-0.483600
1627302127.295472	-0.480600	-0.459200	-0.940700	-1.750000	-0.695700	-0.573700
1627302127.295888	-0.510900	-0.406000	-0.979500	-1.827300	-0.637000	-0.650300
1627302127.296309	-0.536700	-0.368800	-1.038900	-1.886600	-0.554600	-0.747200
1627302127.296776	-0.562300	-0.316000	-1.089800	-1.912500	-0.440900	-0.852500
1627302127.297190	-0.577100	-0.241300	-1.094100	-1.925400	-0.317800	-0.941100
1627302127.297638	-0.567400	-0.200900	-1.107400	-1.928700	-0.214000	-1.026000
1627302127.298057	-0.550700	-0.163100	-1.118700	-1.905500	-0.110500	-1.137200
1627302127.298473	-0.532300	-0.100000	-1.095000	-1.863400	-0.036500	-1.253900
1627302127.298921	-0.513400	-0.054000	-1.091300	-1.798000	0.004100	-1.381900
1627302127.299343	-0.483600	-0.051600	-1.114300	-1.730800	0.046500	-1.530900
1627302127.299742	-0.454000	-0.017900	-1.100500	-1.669700	0.072800	-1.701300
1627302127.300195	-0.425000	0.033600	-1.086300	-1.622100	0.064600	-1.854400
1627302127.300596	-0.390500	0.073900	-1.093600	-1.567700	0.048400	-1.984200
1627302127.301026	-0.359700	0.129300	-1.091200	-1.502300	0.020300	-2.074300
1627302127.301557	-0.338700	0.183600	-1.090600	-1.421100	-0.022200	-2.119500
1627302127.301959	-0.311400	0.203700	-1.122900	-1.306900	-0.061300	-2.148200
1627302127.302376	-0.290200	0.216400	-1.132600	-1.192600	-0.071100	-2.182700
1627302127.302803	-0.283000	0.253200	-1.126600	-1.097600	-0.086900	-2.198900
1627302127.303209	-0.275800	0.272100	-1.150400	-1.012400	-0.082700	-2.174800
1627302127.303667	-0.256500	0.271200	-1.164900	-0.935100	-0.045100	-2.136000
1627302127.304155	-0.231900	0.281600	-1.161300	-0.863100	-0.008700	-2.095000
1627302127.304557	-0.212000	0.307300	-1.174900	-0.794300	0.031300	-2.040400
1627302127.305012	-0.181500	0.342400	-1.169100	-0.729900	0.093600	-1.909300
1627302127.305421	-0.162600	0.352900	-1.179000	-0.701800	0.129300	-1.753900
1627302127.305841	-0.149500	0.352100	-1.200200	-0.668800	0.178800	-1.589900
1627302127.306318	-0.155300	0.371200	-1.209600	-0.639200	0.236800	-1.404800
1627302127.306788	-0.169400	0.368400	-1.231300	-0.608300	0.313200	-1.210800
1627302127.307187	-0.183300	0.349500	-1.251700	-0.569200	0.417300	-1.039200
1627302127.307620	-0.193200	0.331400	-1.270400	-0.544200	0.541300	-0.869300
1627302127.308022	-0.191800	0.284500	-1.290300	-0.526500	0.690100	-0.709900
1627302127.308456	-0.179300	0.255900	-1.279200	-0.491400	0.814400	-0.620400
1627302127.308859	-0.162000	0.242600	-1.251800	-0.453200	0.907900	-0.551400
1627302127.309260	-0.138300	0.216200	-1.228100	-0.418400	0.974400	-0.491200
1627302127.309702	-0.111000	0.182100	-1.207800	-0.382000	1.017800	-0.451200
1627302127.310114	-0.093600	0.160200	-1.196700	-0.345700	1.041900	-0.432000
1627302127.310524	-0.083000	0.141500	-1.181200	-0.315400	1.068200	-0.400200
1627302127.310965	-0.072300	0.105500	-1.154400	-0.306300	1.093600	-0.370000
1627302127.311378	-0.069600	0.083900	-1.134300	-0.304400	1.105500	-0.378500
1627302127.311792	-0.067100	0.077900	-1.136400	-0.297700	1.123200	-0.415800
1627302127.312226	-0.057000	0.081700	-1.120500	-0.286400	1.155600	-0.448400
1627302127.312639	-0.037700	0.077300	-1.089600	-0.276300	1.171400	-0.468000
1627302127.313077	-0.021500	0.075900	-1.057600	-0.265000	1.164700	-0.488200
1627302127.313497	-0.011600	0.073100	-1.053100	-0.245500	1.151000	-0.522400
1627302127.313912	-0.002800	0.100500	-1.038300	-0.229000	1.145500	-0.540400
1627302127.314356	0.006700	0.131200	-1.012700	-0.213100	1.129600	-0.531500
1627302127.314774	0.018200	0.152200	-0.998900	-0.176800	1.108200	-0.516600
1627302127.315309	0.024200	0.180500	-0.989700	-0.131600	1.091400	-0.481100
1627302127.315788	0.038700	0.182300	-0.991900	-0.087900	1.084400	-0.428900
1627302127.316216	0.066200	0.178600	-0.985000	-0.036000	1.088400	-0.390700
1627302127.316639	0.091300	0.219000	-0.943600	0.013500	1.078000	-0.319300
1627302127.317091	0.111000	0.242700	-0.907100	0.047400	1.053200	-0.214500
1627302127.317513	0.121200	0.251100	-0.884300	0.079200	1.010800	-0.100900
1627302127.317962	0.124000	0.246700	-0.894000	0.112500	0.981200	0.015200
1627302127.318384	0.123400	0.232200	-0.886500	0.140300	0.983300	0.123000
1627302127.318804	0.133400	0.214100	-0.855300	0.162000	0.980200	0.217400
1627302127.319253	0.136000	0.214000	-0.845500	0.174200	0.958300	0.302900
1627302127.319672	0.142700	0.191300	-0.848100	0.180000	0.959800	0.411000
1627302127.320079	0.157100	0.159200	-0.819900	0.186700	0.957300	0.469100
1627302127.320529	0.170400	0.141600	-0.788100	0.194300	0.927400	0.502100
1627302127.320938	0.189200	0.119000	-0.775300	0.196500	0.889800	0.520400
1627302127.321352	0.214800	0.086100	-0.752200	0.190100	0.845900	0.519800
1627302127.321794	0.237700	0.064300	-0.721800	0.177900	0.777700	0.499600
1627302127.322276	0.257100	0.055400	-0.699300	0.159800	0.685800	0.474000
1627302127.322696	0.278300	0.054000	-0.676500	0.134500	0.565200	0.434900
1627302127.323136	0.289200	0.059300	-0.665800	0.122600	0.439000	0.402800
1627302127.323549	0.295500	0.059900	-0.680400	0.118900	0.314700	0.374100
1627302127.324001	0.308300	0.053700	-0.687400	0.125300	0.205400	0.345100
1627302127.324408	0.315300	0.054600	-0.674300	0.143600	0.080700	0.309300
1627302127.324815	0.319600	0.054200	-0.688200	0.165600	-0.050300	0.281800
1627302127.325276	0.319000	0.047000	-0.705100	0.186400	-0.175200	0.264700
1627302127.325686	0.316000	0.040600	-0.703700	0.200100	-0.307800	0.265000
1627302127.326092	0.307600	0.020000	-0.746200	0.207500	-0.426300	0.276300
1627302127.326544	0.288700	0.002900	-0.792500	0.206900	-0.503800	0.291000
1627302127.327382	0.267100	-0.002800	-0.797400	0.201400	-0.568900	0.312700
1627302127.327866	0.243300	-0.008300	-0.817400	0.194700	-0.635200	0.340200
1627302127.328306	0.219100	-0.017100	-0.869100	0.185800	-0.671800	0.367100
1627302127.330050	0.196500	-0.017000	-0.881800	0.175100	-0.672400	0.397900
1627302127.330456	0.180100	-0.010300	-0.871700	0.165000	-0.680100	0.435800
1627302127.331718	0.178300	-0.021900	-0.889300	0.156500	-0.684100	0.469100
1627302127.332123	0.184100	-0.036500	-0.897700	0.137800	-0.678300	0.501800
1627302127.332572	0.191300	-0.035000	-0.886400	0.108500	-0.689900	0.536900
1627302127.335100	0.194800	-0.027000	-0.890700	0.075200	-0.727400	0.583900
1627302127.335509	0.186500	-0.007400	-0.909300	0.047700	-0.760700	0.646500
1627302127.335960	0.172400	0.010700	-0.906400	0.021500	-0.801000	0.735400
1627302127.336366	0.158400	0.013800	-0.910900	0.016300	-0.839200	0.802900
1627302127.336775	0.141100	0.026500	-0.901000	0.017500	-0.868800	0.853000
1627302127.338985	0.127400	0.033000	-0.875400	0.016000	-0.905500	0.903100
1627302127.339436	0.118400	0.017800	-0.862700	0.008600	-0.969000	0.938200
1627302127.339844	0.099700	-0.002600	-0.892100	-0.005700	-1.049000	0.965700
1627302127.340252	0.062000	-0.025900	-0.951000	-0.032000	-1.104600	0.984000
1627302127.342440	0.017200	-0.058300	-1.006500	-0.078100	-1.137300	0.985300
1627302127.342860	-0.019200	-0.077900	-1.052700	-0.126700	-1.133300	0.955300
1627302127.343299	-0.052600	-0.070600	-1.075100	-0.173400	-1.097000	0.905800
1627302127.343705	-0.078200	-0.059100	-1.076900	-0.212200	-1.056700	0.848100
1627302127.345833	-0.095200	-0.053100	-1.089200	-0.242700	-1.016700	0.785200
1627302127.346242	-0.108800	-0.048800	-1.117100	-0.276600	-0.971800	0.730500
1627302127.346681	-0.114600	-0.063800	-1.161600	-0.327000	-0.914400	0.684100
1627302127.347089	-0.120800	-0.080800	-1.227800	-0.395100	-0.834600	0.631300
1627302127.349291	-0.131600	-0.062500	-1.257400	-0.452300	-0.734800	0.598600
1627302127.349698	-0.134600	-0.022800	-1.248400	-0.505400	-0.637600	0.591500
1627302127.350150	-0.143600	0.025300	-1.244900	-0.552700	-0.563400	0.626100
1627302127.350558	-0.152800	0.057000	-1.264600	-0.587900	-0.479700	0.697800
1627302127.352694	-0.160000	0.073500	-1.262200	-0.609200	-0.386900	0.784300
1627302127.353101	-0.181300	0.098000	-1.265000	-0.615400	-0.305300	0.882300
1627302127.353542	-0.214800	0.121100	-1.299000	-0.599800	-0.199900	0.980400
1627302127.353949	-0.244100	0.131100	-1.309800	-0.575600	-0.081700	1.072600
1627302127.356130	-0.274500	0.137200	-1.322600	-0.537800	0.043500	1.164200
1627302127.356537	-0.297200	0.138400	-1.330600	-0.493500	0.191900	1.243000
1627302127.356943	-0.313500	0.139600	-1.316900	-0.449500	0.344300	1.318200
1627302127.357391	-0.329000	0.141100	-1.311900	-0.409200	0.493700	1.386000
1627302127.359048	-0.332000	0.126500	-1.306500	-0.363700	0.681200	1.459000
1627302127.359497	-0.440300	-0.029500	-1.152300	-0.329200	0.817800	1.416500
1627302127.359910	-0.389600	0.130600	-1.564800	-0.135200	0.874600	1.078100
1627302127.362027	-0.412600	0.069800	-1.219700	-0.134900	1.284500	1.127900
1627302127.362433	-0.260900	0.109000	-1.064100	0.029400	1.178500	0.936100
1627302127.362837	-0.267000	0.153600	-1.270900	0.136000	1.149500	0.839900
1627302127.363275	-0.192000	0.219600	-1.280300	0.215400	1.350400	0.821800
1627302127.364987	-0.081500	0.241600	-1.107200	0.378800	1.345500	0.817300
1627302127.365462	-0.068600	0.268600	-1.179200	0.497300	1.303400	0.803500
1627302127.365869	-0.033700	0.231900	-1.211400	0.575500	1.406600	0.843200
1627302127.368016	0.011400	0.172400	-1.097700	0.641800	1.449100	0.849000
1627302127.368422	0.020400	0.141000	-1.080700	0.700400	1.424700	0.824300
1627302127.368876	0.028100	0.079600	-1.130600	0.720600	1.496100	0.823700
1627302127.369284	0.051300	0.011000	-1.072300	0.721800	1.576500	0.794700
1627302127.371465	0.085300	-0.007100	-1.057700	0.731300	1.616500	0.716500
1627302127.371872	0.118400	-0.015400	-1.084400	0.738300	1.679400	0.658700
1627302127.372278	0.161700	-0.029500	-1.050400	0.744700	1.731300	0.598300
1627302127.372728	0.195800	-0.038600	-1.004500	0.764600	1.725500	0.526800
1627302127.374398	0.231700	-0.074500	-0.994400	0.786900	1.693400	0.449200
1627302127.374848	0.273900	-0.132000	-1.012600	0.798800	1.661100	0.361300
1627302127.375261	0.309800	-0.168800	-0.998700	0.804900	1.627800	0.249500
1627302127.377796	0.343100	-0.177000	-0.945400	0.800300	1.557200	0.127300
1627302127.378219	0.360400	-0.181500	-0.940200	0.795400	1.477200	0.031400
1627302127.378656	0.371700	-0.202000	-0.957000	0.775000	1.416400	-0.039500
1627302127.379065	0.384600	-0.232800	-0.957900	0.747200	1.370300	-0.099300
1627302127.379514	0.390400	-0.254400	-0.951300	0.714200	1.316200	-0.164100
1627302127.381588	0.392600	-0.266100	-0.952400	0.680000	1.274700	-0.234600
1627302127.382038	0.387100	-0.269700	-0.955900	0.642100	1.251800	-0.302500
1627302127.382444	0.392200	-0.279500	-0.963900	0.605200	1.246000	-0.378500
1627302127.382927	0.404200	-0.265100	-0.963900	0.582900	1.249000	-0.437500
1627302127.385037	0.424900	-0.235400	-0.937600	0.562400	1.247200	-0.474100
1627302127.385480	0.451000	-0.214200	-0.920800	0.559600	1.220000	-0.504600
1627302127.385889	0.462900	-0.198400	-0.910200	0.570600	1.186700	-0.538200
1627302127.387617	0.468800	-0.179700	-0.901900	0.582900	1.156500	-0.565400
1627302127.388068	0.475600	-0.167100	-0.885400	0.600000	1.119800	-0.579200
1627302127.388524	0.472700	-0.164800	-0.880100	0.614900	1.080700	-0.578300
1627302127.388977	0.473100	-0.169700	-0.878400	0.626800	1.060900	-0.573700
1627302127.391076	0.481700	-0.170000	-0.861600	0.632000	1.036800	-0.569700
1627302127.391516	0.489100	-0.168700	-0.837400	0.627800	0.997400	-0.551100
1627302127.391926	0.491800	-0.173000	-0.822600	0.619200	0.949400	-0.534000
1627302127.392334	0.496800	-0.180100	-0.814000	0.609100	0.899600	-0.521400
1627302127.394409	0.495000	-0.171300	-0.824800	0.583500	0.850700	-0.492700
1627302127.394814	0.487800	-0.171300	-0.821700	0.560300	0.825700	-0.465600
1627302127.395222	0.485600	-0.173500	-0.814700	0.541600	0.812000	-0.448400
1627302127.395633	0.485200	-0.167000	-0.806800	0.528200	0.803400	-0.442000
1627302129.260327	0.598400	-0.231800	-0.595100	0.105800	0.081100	0.135200
1627302129.282882	0.598400	-0.231800	-0.595100	0.105800	0.081100	0.135200
1627302129.284841	-0.124000	0.808000	-0.538500	-0.189300	-1.643100	-0.781700
1627302129.303095	-0.144900	0.784700	-0.522000	-0.210400	-1.650100	-0.764600
1627302129.317897	-0.171400	0.777100	-0.460600	-0.234200	-1.712800	-0.766100
1627302129.318800	-0.205200	0.787700	-0.476000	-0.259800	-1.776000	-0.754500
1627302129.327418	-0.236300	0.819700	-0.500100	-0.278800	-1.801600	-0.740700
1627302129.337577	-0.271000	0.865000	-0.514500	-0.274500	-1.821500	-0.714800
1627302129.361420	-0.312600	0.894700	-0.538500	-0.254000	-1.823000	-0.655800
1627302129.362240	-0.353800	0.904200	-0.548600	-0.225000	-1.793400	-0.555700
1627302129.364762	-0.372900	0.930800	-0.552000	-0.180400	-1.754600	-0.392900
1627302129.380039	-0.366300	0.938500	-0.579600	-0.105900	-1.714900	-0.216300
1627302129.383203	-0.355700	0.905500	-0.589500	-0.013700	-1.685900	-0.110600
1627302129.404130	-0.348600	0.844800	-0.570400	0.082600	-1.687700	-0.093800
1627302129.405033	-0.349900	0.786400	-0.540800	0.157400	-1.723400	-0.169600
1627302129.424318	-0.368900	0.761000	-0.515300	0.212700	-1.791900	-0.295100
1627302129.441008	-0.420000	0.759000	-0.528000	0.271900	-1.861800	-0.416400
1627302129.442079	-0.515100	0.741500	-0.572800	0.362600	-1.865800	-0.533700
1627302129.450570	-0.590300	0.730700	-0.566900	0.461000	-1.800400	-0.625900
1627302129.451468	-0.646400	0.742400	-0.552900	0.529400	-1.729600	-0.646700
1627302129.473804	-0.681200	0.798000	-0.571200	0.581000	-1.648600	-0.595100
1627302129.474782	-0.705600	0.843800	-0.598000	0.625000	-1.547200	-0.463100
1627302129.486020	-0.722200	0.871600	-0.605500	0.679100	-1.438800	-0.312800
1627302129.493179	-0.726200	0.905000	-0.611000	0.737400	-1.339200	-0.140900
1627302129.511460	-0.727800	0.918800	-0.617700	0.797300	-1.222500	0.086700
1627302129.514817	-0.715900	0.901500	-0.601000	0.849200	-1.123300	0.274200
1627302129.524768	-0.697500	0.872900	-0.578900	0.903600	-1.060000	0.408900
1627302129.532144	-0.678300	0.845600	-0.563800	0.966200	-1.025500	0.503300
1627302129.554056	-0.664400	0.838000	-0.568400	1.046800	-1.015400	0.554600
1627302129.554986	-0.648600	0.820100	-0.648300	1.151600	-1.034100	0.583000
1627302129.568574	-0.690600	0.723800	-0.618800	1.211700	-0.966000	0.576600
1627302129.571137	-0.682000	0.784300	-0.544200	1.267000	-0.970500	0.536000
1627302129.595768	-0.692100	0.802400	-0.671300	1.315000	-0.982500	0.552500
1627302129.596672	-0.694600	0.836200	-0.742300	1.388900	-0.868800	0.608700
1627302129.603590	-0.688400	0.845000	-0.660800	1.478700	-0.816600	0.710400
1627302129.612484	-0.704000	0.841800	-0.692600	1.551100	-0.828200	0.883500
1627302129.635327	-0.725200	0.826800	-0.757100	1.600900	-0.750900	1.084500
1627302129.636222	-0.722700	0.811600	-0.738000	1.650000	-0.657200	1.293100
1627302129.648789	-0.712400	0.773700	-0.753200	1.695200	-0.598500	1.514300
1627302129.662251	-0.698500	0.713900	-0.777000	1.730100	-0.519100	1.648000
1627302129.664799	-0.677600	0.668600	-0.756600	1.773400	-0.458000	1.710700
1627302129.679518	-0.670500	0.634400	-0.782000	1.819900	-0.434500	1.735100
1627302129.684421	-0.673200	0.592500	-0.835800	1.851900	-0.364000	1.741500
1627302129.704251	-0.669300	0.543600	-0.825800	1.874200	-0.268100	1.719500
1627302129.705147	-0.657200	0.499100	-0.817100	1.884000	-0.200200	1.689000
1627302129.713770	-0.639600	0.453500	-0.820800	1.873000	-0.123300	1.667600
1627302129.735494	-0.613300	0.427900	-0.801900	1.852500	-0.075600	1.649300
1627302129.736287	-0.563500	0.421300	-0.794300	1.817400	-0.056100	1.644400
1627302129.745599	-0.532600	0.396900	-0.787800	1.782300	-0.097000	1.629700
1627302129.754410	-0.522100	0.358400	-0.845900	1.755100	-0.133400	1.570500
1627302129.756928	-0.516200	0.351300	-0.814000	1.705300	-0.145300	1.554900
1627302129.780390	-0.516600	0.332300	-0.834200	1.636300	-0.232900	1.585400
1627302129.783793	-0.517300	0.304400	-0.889800	1.538900	-0.254300	1.651700
1627302129.794887	-0.506700	0.283600	-0.859900	1.440200	-0.280600	1.703600
1627302129.801853	-0.494800	0.271000	-0.884300	1.316200	-0.344100	1.767800
1627302129.825697	-0.501500	0.226800	-0.931600	1.182400	-0.362400	1.811100
1627302129.826633	-0.524400	0.199000	-0.954500	1.076700	-0.362400	1.784000
1627302129.837317	-0.547600	0.215100	-1.013700	0.966500	-0.312300	1.767200
1627302129.842529	-0.579000	0.202300	-1.077400	0.858400	-0.168800	1.720400
1627302129.864202	-0.577900	0.231700	-1.104500	0.773800	0.013200	1.674900
1627302129.865115	-0.576200	0.245100	-1.097700	0.705000	0.182200	1.644400
1627302129.875077	-0.567500	0.270400	-1.126300	0.646700	0.357200	1.625400
1627302129.884979	-0.553700	0.292600	-1.150100	0.602400	0.554200	1.634000
1627302129.914011	-0.533200	0.313800	-1.146400	0.557500	0.741100	1.672200
1627302129.914833	-0.498300	0.320600	-1.141100	0.497000	0.923100	1.747300
1627302129.917394	-0.455100	0.288200	-1.125400	0.422200	1.126900	1.809900
1627302129.927105	-0.409800	0.289300	-1.112800	0.373600	1.276200	1.845700
1627302129.942217	-0.368700	0.293100	-1.095200	0.329000	1.404800	1.887500
1627302129.948163	-0.324800	0.283900	-1.097700	0.294200	1.525800	1.927800
1627302129.949187	-0.278300	0.274800	-1.098400	0.268900	1.647300	1.952600
1627302129.972554	-0.230800	0.248400	-1.074800	0.235300	1.757300	1.969400
1627302129.973520	-0.180700	0.219500	-1.056200	0.186400	1.849800	1.966000
1627302129.986319	-0.123700	0.193100	-1.051300	0.120400	1.948200	1.936400
1627302130.003931	-0.076200	0.178000	-1.041900	0.057500	2.029100	1.892400
1627302130.004659	-0.032300	0.178800	-1.023800	-0.019200	2.109400	1.855100
1627302130.012462	0.024200	0.165200	-1.019800	-0.104700	2.190400	1.814500
1627302130.022263	0.074800	0.142700	-1.001300	-0.165800	2.261200	1.741200
1627302130.026054	0.123900	0.128800	-1.003300	-0.221700	2.331500	1.636100
1627302130.052735	0.184200	0.128500	-0.955200	-0.289200	2.411500	1.514000
1627302130.053692	0.235500	0.133500	-0.923300	-0.364300	2.449700	1.367300
1627302130.064781	0.276500	0.123700	-0.927600	-0.418400	2.493400	1.225600
1627302130.069412	0.308600	0.175000	-0.876000	-0.471500	2.541900	1.085700
1627302130.092870	0.353000	0.207400	-0.848600	-0.562500	2.559300	1.044500
1627302130.093695	0.389000	0.143900	-0.860800	-0.606500	2.580700	0.904300
1627302130.104805	0.431900	0.190700	-0.783400	-0.650800	2.618900	0.737200
1627302130.108485	0.483400	0.225600	-0.713400	-0.716500	2.548600	0.628200
1627302130.131614	0.497800	0.250400	-0.776200	-0.775100	2.510200	0.534700
1627302130.132516	0.523900	0.253900	-0.712600	-0.811400	2.521500	0.432700
1627302130.142443	0.556800	0.301500	-0.640500	-0.835600	2.439000	0.340200
1627302130.148783	0.576500	0.335200	-0.673200	-0.867900	2.354400	0.295300
1627302130.171834	0.595000	0.368000	-0.658800	-0.891500	2.321100	0.255000
1627302130.172739	0.623700	0.392100	-0.588900	-0.905500	2.245400	0.222000
1627302130.183676	0.645900	0.429300	-0.582500	-0.926000	2.120700	0.214300
1627302130.187318	0.659800	0.456200	-0.563100	-0.933000	2.047100	0.210700
1627302130.211707	0.679600	0.483000	-0.510900	-0.934800	1.949700	0.204000
1627302130.212599	0.688700	0.519800	-0.503900	-0.924500	1.831800	0.204000
1627302130.223686	0.698900	0.558500	-0.503700	-0.911000	1.745400	0.222000
1627302130.231469	0.709700	0.609600	-0.464600	-0.894500	1.662900	0.277600
1627302130.254196	0.716100	0.585700	-0.380500	-0.892700	1.533400	0.376800
1627302130.255106	0.730500	0.588300	-0.457200	-0.867300	1.368800	0.482500
1627302130.264872	0.745700	0.554700	-0.443500	-0.823700	1.305200	0.517900
1627302130.271203	0.768100	0.557000	-0.377100	-0.779400	1.178200	0.536000
1627302130.292400	0.785500	0.556500	-0.385300	-0.746100	1.027000	0.558300
1627302130.305448	0.791300	0.553300	-0.401200	-0.724700	0.922500	0.589400
1627302130.306353	0.797500	0.538900	-0.364500	-0.696000	0.807700	0.600100
1627302130.311357	0.808700	0.531500	-0.372400	-0.666100	0.663200	0.617200
1627302130.329642	0.809800	0.513200	-0.379500	-0.629700	0.538000	0.633400
1627302130.334428	0.822900	0.501700	-0.364400	-0.601600	0.432600	0.639800
1627302130.335560	0.836800	0.501300	-0.369400	-0.573500	0.319900	0.645000
1627302130.361491	0.849700	0.498000	-0.382600	-0.548500	0.223100	0.643500
1627302130.364827	0.861000	0.495000	-0.372900	-0.522800	0.125600	0.640100
1627302130.376461	0.871800	0.485800	-0.379300	-0.502000	0.021800	0.629700
1627302130.394969	0.880200	0.470100	-0.391100	-0.482800	-0.072900	0.607100
1627302130.402976	0.888300	0.456700	-0.383100	-0.469700	-0.174300	0.556700
1627302130.403872	0.887100	0.441000	-0.380500	-0.467500	-0.260400	0.495900
1627302130.412683	0.883900	0.426800	-0.384900	-0.471800	-0.336500	0.415900
1627302130.433322	0.879400	0.432100	-0.381600	-0.481600	-0.401500	0.324600
1627302130.442948	0.875200	0.451300	-0.386000	-0.491400	-0.468400	0.237200
1627302130.443848	0.871100	0.486300	-0.396900	-0.502300	-0.517000	0.178300
1627302130.456414	0.861700	0.512500	-0.395800	-0.512400	-0.568600	0.142300
1627302130.473420	0.852700	0.530200	-0.402300	-0.509700	-0.616900	0.121500
1627302130.475229	0.845000	0.540600	-0.410300	-0.497800	-0.641600	0.103200
1627302130.490397	0.831200	0.542700	-0.391400	-0.483400	-0.665700	0.083900
1627302130.491834	0.812700	0.538100	-0.383900	-0.458100	-0.701200	0.051800
1627302130.515221	0.793200	0.536000	-0.397000	-0.429000	-0.718000	0.008200
1627302130.516149	0.778300	0.538200	-0.392500	-0.386000	-0.725300	-0.049900
1627302130.523648	0.755700	0.542700	-0.387600	-0.326700	-0.745100	-0.125600
1627302130.530933	0.737700	0.552400	-0.395300	-0.274200	-0.752200	-0.192800
1627302130.551393	0.713100	0.559000	-0.388300	-0.229600	-0.749100	-0.246600
1627302130.552212	0.688800	0.566500	-0.391500	-0.184700	-0.751200	-0.290800
1627302130.563473	0.667700	0.573600	-0.402300	-0.147400	-0.740600	-0.321700
1627302130.574500	0.647300	0.584600	-0.404500	-0.113200	-0.720100	-0.334500
1627302130.597699	0.634500	0.599000	-0.400400	-0.083600	-0.703000	-0.325700
1627302130.598636	0.622700	0.611300	-0.398600	-0.061000	-0.684100	-0.290200
1627302130.602070	0.619100	0.619900	-0.395900	-0.043300	-0.667600	-0.253000
1627302130.613206	0.618200	0.619500	-0.388700	-0.018800	-0.658400	-0.220000
1627302130.614117	0.617400	0.623300	-0.388100	0.018700	-0.651100	-0.201000
1627302130.637616	0.619300	0.625400	-0.388800	0.074900	-0.650500	-0.196800
1627302130.642406	0.617300	0.628500	-0.398700	0.157100	-0.655000	-0.211100
1627302130.654952	0.614000	0.639200	-0.412500	0.254500	-0.656000	-0.232500
1627302130.668601	0.612200	0.663500	-0.425200	0.394400	-0.660800	-0.245600
1627302130.681943	0.612300	0.669800	-0.443100	0.516300	-0.671800	-0.237400
1627302130.682951	0.612300	0.676800	-0.461500	0.639400	-0.679500	-0.215700
1627302130.688490	0.611600	0.667400	-0.471200	0.767900	-0.690500	-0.202900
1627302130.712168	0.619400	0.664600	-0.488200	0.894100	-0.709100	-0.192800
1627302130.720448	0.622700	0.649000	-0.496000	1.016900	-0.735700	-0.188200
1627302130.721357	0.618000	0.607400	-0.509000	1.139700	-0.768400	-0.198300
1627302130.731337	0.610000	0.565200	-0.527800	1.271300	-0.808100	-0.239800
1627302130.733866	0.603600	0.539100	-0.547200	1.373000	-0.832800	-0.289600
1627302130.758840	0.589800	0.516000	-0.558500	1.464900	-0.860600	-0.351000
1627302130.762374	0.573200	0.497300	-0.579200	1.544100	-0.881700	-0.412100
1627302130.771245	0.550400	0.488200	-0.598500	1.609400	-0.886600	-0.475300
1627302130.780714	0.544600	0.506500	-0.561900	1.661900	-0.875600	-0.525700
1627302130.793486	0.542700	0.497900	-0.597400	1.715100	-0.927200	-0.527900
1627302130.808181	0.508900	0.438700	-0.697900	1.796300	-0.945200	-0.584100
1627302130.809103	0.492400	0.437400	-0.699100	1.886100	-0.900600	-0.668400
1627302130.830057	0.491200	0.442600	-0.652700	1.965900	-0.917700	-0.705900
1627302130.833520	0.471300	0.431000	-0.695700	2.016300	-0.942500	-0.671400
1627302130.843593	0.452400	0.379500	-0.730800	2.056600	-0.911300	-0.641200
1627302130.851833	0.449500	0.338600	-0.737700	2.095100	-0.900900	-0.649700
1627302130.873560	0.435100	0.291000	-0.785000	2.132600	-0.909500	-0.685200
1627302130.874790	0.425800	0.250000	-0.806400	2.140300	-0.893600	-0.721500
1627302130.890608	0.420300	0.215200	-0.806600	2.118900	-0.898200	-0.743500
1627302130.891509	0.410000	0.182300	-0.836500	2.072800	-0.911000	-0.768200
1627302130.893744	0.397800	0.148400	-0.867700	2.012300	-0.903700	-0.802800
1627302130.924799	0.384300	0.120700	-0.872300	1.950300	-0.904600	-0.851600
1627302130.931814	0.370800	0.102300	-0.895100	1.892200	-0.916500	-0.905700
1627302130.932717	0.352100	0.095800	-0.928300	1.822600	-0.914400	-0.953300
1627302130.935138	0.340300	0.080800	-0.930400	1.761200	-0.914000	-0.981100
1627302130.959701	0.328900	0.063500	-0.949600	1.693400	-0.925300	-1.003400
1627302130.974693	0.315400	0.042500	-0.955300	1.625000	-0.929000	-1.036400
1627302130.976923	0.302500	0.022600	-0.950700	1.555400	-0.942100	-1.072100
1627302130.990602	0.291700	0.010000	-0.965900	1.491800	-0.969900	-1.110000
1627302130.991501	0.283600	-0.009300	-0.994800	1.425500	-0.975700	-1.145100
1627302131.001271	0.271100	-0.042800	-0.993800	1.337900	-0.993800	-1.204100
1627302131.004700	0.256200	-0.062100	-1.021900	1.263700	-1.021300	-1.268800
1627302131.030410	0.240000	-0.078900	-1.045700	1.180600	-1.018500	-1.332100
1627302131.031319	0.227900	-0.105000	-1.038700	1.089900	-1.030700	-1.398300
1627302131.045961	0.213100	-0.118200	-1.061800	0.992100	-1.055800	-1.472000
1627302131.047524	0.192900	-0.132900	-1.070700	0.883400	-1.062800	-1.552300
1627302131.071893	0.157300	-0.138500	-1.063600	0.769200	-1.090300	-1.647000
1627302131.072811	0.112200	-0.110700	-1.092500	0.633600	-1.114700	-1.732500
1627302131.084854	0.069600	-0.081700	-1.106900	0.517500	-1.104600	-1.765200
1627302131.091121	0.019500	-0.047100	-1.122800	0.403300	-1.098500	-1.765800
1627302131.099440	-0.035300	-0.006200	-1.177700	0.283200	-1.066200	-1.734000
1627302131.116621	-0.060300	0.046100	-1.214400	0.151000	-0.959600	-1.639600
1627302131.122691	-0.058500	0.042800	-1.150900	0.018400	-0.849300	-1.501000
1627302131.143598	-0.037400	-0.019900	-1.110800	-0.069200	-0.798600	-1.436800
1627302131.144717	-0.017900	-0.062500	-1.124400	-0.083300	-0.736300	-1.506200
1627302131.160522	-0.014300	-0.061900	-1.084200	-0.056100	-0.697200	-1.646100
1627302131.165903	-0.032000	-0.047200	-1.089400	-0.033500	-0.694400	-1.777400
1627302131.186174	-0.064100	-0.032100	-1.128100	-0.028600	-0.652900	-1.887000
1627302131.187119	-0.083900	-0.025600	-1.111100	-0.033800	-0.578100	-1.983200
1627302131.191018	-0.098900	-0.000200	-1.082800	-0.046900	-0.534100	-2.057800
1627302131.205894	-0.121000	0.017900	-1.099000	-0.062800	-0.475700	-2.125600
1627302131.206799	-0.137700	0.031200	-1.089000	-0.061300	-0.396900	-2.191900
1627302131.226018	-0.150400	0.046600	-1.057700	-0.055800	-0.346900	-2.247800
1627302131.232370	-0.165900	0.059100	-1.064500	-0.054000	-0.306200	-2.289600
1627302131.245791	-0.182900	0.057000	-1.073000	-0.054600	-0.242100	-2.330500
1627302131.246692	-0.194700	0.055900	-1.043700	-0.055500	-0.184100	-2.379400
1627302131.268955	-0.210100	0.062000	-1.032600	-0.057300	-0.153800	-2.424600
1627302131.271266	-0.235500	0.088300	-1.047200	-0.049100	-0.103400	-2.475000
1627302131.282598	-0.255400	0.107800	-1.030900	-0.036300	-0.045700	-2.500300
1627302131.289515	-0.274900	0.114900	-1.024700	-0.018500	-0.011200	-2.506100
1627302131.313493	-0.300500	0.118300	-1.058500	0.003100	0.039500	-2.512000
1627302131.321772	-0.323500	0.121700	-1.074800	0.026400	0.126300	-2.528400
1627302131.322672	-0.344700	0.120600	-1.066900	0.038900	0.206600	-2.541000
1627302131.336500	-0.369300	0.101400	-1.081900	0.036700	0.284200	-2.541900
1627302131.355912	-0.389800	0.096600	-1.121500	0.032200	0.413100	-2.553200
1627302131.360458	-0.405900	0.099500	-1.135700	0.018100	0.539800	-2.562000
1627302131.361368	-0.413200	0.106000	-1.135100	-0.012100	0.663800	-2.552900
1627302131.370017	-0.409900	0.109400	-1.145900	-0.046600	0.782000	-2.528400
1627302131.376641	-0.399000	0.119100	-1.159100	-0.076600	0.907600	-2.501000
1627302131.393734	-0.376500	0.123900	-1.146100	-0.108900	1.026400	-2.464600
1627302131.404397	-0.339000	0.125600	-1.113800	-0.154200	1.113700	-2.418800
1627302131.405362	-0.297700	0.129200	-1.093900	-0.207900	1.173000	-2.364100
1627302131.428873	-0.257700	0.136700	-1.064600	-0.256800	1.195300	-2.314300
1627302131.431085	-0.221100	0.136700	-1.039400	-0.302600	1.184000	-2.264600
1627302131.441113	-0.198600	0.132600	-1.034900	-0.331000	1.152200	-2.232200
1627302131.446889	-0.182900	0.137600	-1.041700	-0.357000	1.131100	-2.219000
1627302131.467009	-0.165500	0.149300	-1.019700	-0.384100	1.107000	-2.201300
1627302131.469632	-0.152600	0.164400	-1.010500	-0.412200	1.051100	-2.165000
1627302131.481306	-0.141500	0.183800	-1.019900	-0.430300	1.007700	-2.113400
1627302131.486962	-0.130100	0.189600	-1.002600	-0.439400	0.974100	-2.055300
1627302131.512815	-0.118400	0.189900	-0.985000	-0.449800	0.920100	-1.991800
1627302131.513701	-0.112300	0.184400	-0.996800	-0.466600	0.864500	-1.936800
1627302131.521151	-0.112400	0.176900	-0.999000	-0.489500	0.830000	-1.890400
1627302131.526071	-0.114600	0.171800	-0.992300	-0.516100	0.791800	-1.857400
1627302131.549066	-0.123900	0.176600	-1.018300	-0.556400	0.765500	-1.816800
1627302131.549910	-0.128400	0.176300	-1.028100	-0.599200	0.775000	-1.780400
1627302131.559917	-0.126600	0.183100	-1.019200	-0.644700	0.783900	-1.747500
1627302131.568133	-0.124000	0.191200	-1.017900	-0.695100	0.785400	-1.714800
1627302131.590556	-0.112200	0.207400	-1.015300	-0.751900	0.798200	-1.677200
1627302131.591472	-0.100000	0.211700	-0.983000	-0.811400	0.796100	-1.636300
1627302131.601006	-0.092300	0.223300	-0.976100	-0.868900	0.768600	-1.594700
1627302131.603689	-0.076400	0.243500	-0.985800	-0.936400	0.755100	-1.534300
1627302131.629497	-0.068100	0.244600	-0.958000	-0.998400	0.732500	-1.482900
1627302131.630396	-0.063500	0.250900	-0.950400	-1.056700	0.693100	-1.442000
1627302131.642526	-0.060400	0.261600	-0.956800	-1.116600	0.668400	-1.406300
1627302131.657186	-0.063000	0.272600	-0.940200	-1.164800	0.645800	-1.386100
1627302131.659803	-0.065700	0.294900	-0.940800	-1.205100	0.624100	-1.368700
1627302131.677108	-0.074000	0.306500	-0.947400	-1.248500	0.620100	-1.350100
1627302131.678012	-0.070700	0.325200	-0.934000	-1.303500	0.631400	-1.338500
1627302131.702347	-0.068000	0.339000	-0.910200	-1.352400	0.627800	-1.326300
1627302131.711861	-0.063200	0.355000	-0.901700	-1.407600	0.624100	-1.317700
1627302131.724563	-0.050400	0.384500	-0.877200	-1.462600	0.625000	-1.304900
1627302131.725500	-0.035800	0.408200	-0.830000	-1.508700	0.602700	-1.295100
1627302131.743633	-0.038800	0.428100	-0.804600	-1.526500	0.556900	-1.303400
1627302131.744615	-0.053600	0.461300	-0.822300	-1.514900	0.528800	-1.337600
1627302131.760553	-0.064000	0.505500	-0.815600	-1.481300	0.543200	-1.369900
1627302131.761459	-0.072100	0.522800	-0.778900	-1.446400	0.542000	-1.391300
1627302131.765024	-0.090000	0.541600	-0.785300	-1.408300	0.542900	-1.421600
1627302131.787467	-0.105600	0.570100	-0.789700	-1.367900	0.578300	-1.460300
1627302131.802435	-0.111300	0.608300	-0.765000	-1.331900	0.614600	-1.477500
1627302131.804370	-0.120500	0.630000	-0.752600	-1.297700	0.635400	-1.468000
1627302131.827709	-0.137500	0.653400	-0.766400	-1.248800	0.680000	-1.453900
1627302131.828722	-0.140600	0.671900	-0.760400	-1.199600	0.738700	-1.432200
1627302131.831006	-0.141200	0.677000	-0.742700	-1.164800	0.779600	-1.402900
1627302131.845804	-0.142500	0.674400	-0.738200	-1.145300	0.816200	-1.374500
1627302131.846712	-0.138500	0.683500	-0.726100	-1.141900	0.856200	-1.351600
1627302131.868348	-0.128300	0.703200	-0.701500	-1.157500	0.884600	-1.317100
1627302131.877976	-0.116700	0.725500	-0.680800	-1.185900	0.894100	-1.258500
1627302131.878887	-0.102200	0.747600	-0.663100	-1.211900	0.895600	-1.179000
1627302131.888665	-0.095200	0.777100	-0.646400	-1.210300	0.881900	-1.110600
1627302131.893704	-0.094700	0.819000	-0.656600	-1.207600	0.879800	-1.003100
1627302131.913365	-0.099700	0.769700	-0.657300	-1.184400	0.892300	-0.925500
1627302131.925860	-0.100300	0.775100	-0.644200	-1.132800	0.917900	-0.917300
1627302131.945468	-0.079700	0.758200	-0.621200	-1.073500	0.931400	-0.935300
1627302131.946366	-0.074300	0.780800	-0.617100	-1.017600	0.922500	-0.955200
1627302131.951023	-0.069800	0.784500	-0.619800	-0.957700	0.929900	-0.979300
1627302131.962530	-0.065900	0.797200	-0.605000	-0.918300	0.928300	-0.973200
1627302131.978582	-0.071000	0.817900	-0.608900	-0.869800	0.917900	-0.981400
1627302131.989422	-0.066300	0.838600	-0.618000	-0.838900	0.925000	-0.939600
1627302131.990328	-0.067700	0.860000	-0.599200	-0.797100	0.922200	-0.895600
1627302132.008907	-0.058600	0.858600	-0.601100	-0.762600	0.914000	-0.837900
1627302132.010031	-0.055100	0.873200	-0.594500	-0.724100	0.909400	-0.783500
1627302132.021102	-0.039900	0.865200	-0.576200	-0.677700	0.893200	-0.721500
1627302132.029565	-0.029500	0.868500	-0.569700	-0.648300	0.865400	-0.672000
1627302132.048735	-0.025500	0.875600	-0.556300	-0.627000	0.837600	-0.619800
1627302132.050996	-0.020800	0.883500	-0.550300	-0.599500	0.801000	-0.576700
1627302132.061144	-0.019300	0.905800	-0.546900	-0.577200	0.769200	-0.518400
1627302132.070739	-0.014600	0.924000	-0.534700	-0.541100	0.741700	-0.456400
1627302132.095336	-0.010500	0.921100	-0.530000	-0.497200	0.704700	-0.382500
1627302132.097210	-0.000700	0.934000	-0.524800	-0.433300	0.669600	-0.306400
1627302132.101192	0.013100	0.924800	-0.515000	-0.361500	0.634500	-0.262400
1627302132.115814	0.031500	0.935700	-0.509300	-0.299500	0.591100	-0.201400
1627302132.116726	0.052700	0.946000	-0.499100	-0.229000	0.538600	-0.147600
1627302132.137676	0.079000	0.949600	-0.495100	-0.183500	0.475700	-0.063000
1627302132.138531	0.107100	0.964700	-0.468100	-0.138600	0.397200	0.019500
1627302132.148528	0.149400	0.945600	-0.450000	-0.116600	0.282900	0.132800
1627302132.158159	0.172100	0.939100	-0.422500	-0.105900	0.136900	0.244600
1627302132.175385	0.188500	0.911000	-0.413900	-0.085100	-0.009400	0.306900
1627302132.178462	0.200600	0.896500	-0.408200	-0.068000	-0.170300	0.355400
1627302132.190982	0.193500	0.871000	-0.383400	-0.025600	-0.340100	0.357000
1627302132.197083	0.187700	0.870500	-0.391200	0.030900	-0.517600	0.336500
1627302132.217764	0.173500	0.884000	-0.391700	0.111300	-0.690200	0.310900
1627302132.218924	0.151400	0.898200	-0.431600	0.234700	-0.881400	0.280300
1627302132.225023	0.122100	0.901500	-0.451700	0.383400	-1.044800	0.248200
1627302132.248660	0.095600	0.911400	-0.460600	0.527900	-1.185300	0.237600
1627302132.259332	0.067500	0.910800	-0.476700	0.654000	-1.318100	0.271500
1627302132.260234	0.040900	0.916600	-0.505200	0.773100	-1.427500	0.308400
1627302132.267586	0.017200	0.910000	-0.515900	0.864500	-1.525800	0.379900
1627302132.288578	-0.016200	0.915300	-0.522000	0.933800	-1.628500	0.474300
1627302132.290130	-0.052900	0.893800	-0.556200	0.978100	-1.724400	0.620300
1627302132.305626	-0.079600	0.892000	-0.575800	0.994000	-1.787000	0.766900
1627302132.306893	-0.101700	0.874600	-0.590200	0.998200	-1.835800	0.907100
1627302132.327610	-0.122900	0.846300	-0.605300	0.987200	-1.880100	1.051800
1627302132.329827	-0.143400	0.825900	-0.623700	0.988800	-1.907900	1.160600
1627302132.336192	-0.153000	0.802100	-0.644200	0.984500	-1.916800	1.263800
1627302132.358049	-0.172400	0.798600	-0.653300	0.995200	-1.923800	1.337400
1627302132.358961	-0.182900	0.736600	-0.681200	0.994300	-1.916800	1.419000
1627302132.371350	-0.199800	0.757800	-0.681400	0.995800	-1.893000	1.463900
1627302132.376314	-0.205100	0.716600	-0.687300	1.015700	-1.870000	1.482500
1627302132.389811	-0.215000	0.725800	-0.707300	1.026600	-1.845300	1.515500
1627302132.404487	-0.231100	0.713500	-0.716100	1.074300	-1.795200	1.507200
1627302132.405391	-0.237100	0.682900	-0.736200	1.106100	-1.753100	1.522500
1627302132.431445	-0.252300	0.694200	-0.748200	1.174200	-1.694400	1.507200
1627302132.434828	-0.262800	0.668500	-0.768100	1.244100	-1.605500	1.512100
1627302132.437320	-0.264500	0.656500	-0.785900	1.293000	-1.537100	1.532600
1627302132.446928	-0.280800	0.642800	-0.789600	1.349500	-1.458000	1.535300
1627302132.470766	-0.276000	0.624500	-0.819900	1.392300	-1.360300	1.554000
1627302132.472453	-0.273900	0.612500	-0.819100	1.428000	-1.270500	1.573200
1627302132.487826	-0.276400	0.587600	-0.835800	1.448500	-1.191100	1.602200
1627302132.488529	-0.273300	0.556200	-0.871200	1.450600	-1.076200	1.641000
1627302132.489656	-0.264800	0.525900	-0.859400	1.437200	-0.967200	1.670300
1627302132.513266	-0.257900	0.486100	-0.861500	1.416700	-0.901200	1.681000
1627302132.528224	-0.245200	0.463900	-0.887600	1.395000	-0.826700	1.682600
1627302132.533011	-0.227200	0.447300	-0.879800	1.373900	-0.752800	1.679200
1627302132.550907	-0.210800	0.424700	-0.875000	1.353500	-0.715200	1.678600
1627302132.552090	-0.199800	0.400500	-0.903600	1.326600	-0.681000	1.680700
1627302132.564586	-0.184400	0.367700	-0.909800	1.283500	-0.645300	1.682200
1627302132.572880	-0.168500	0.344000	-0.918000	1.217500	-0.630300	1.693200
1627302132.594034	-0.155400	0.319500	-0.932500	1.133600	-0.624200	1.709700
1627302132.594924	-0.140600	0.296900	-0.943000	1.038600	-0.626000	1.716200
1627302132.604891	-0.133200	0.285200	-0.957800	0.939900	-0.639200	1.712200
1627302132.611143	-0.126000	0.281900	-0.979400	0.834800	-0.643400	1.705800
1627302132.631508	-0.118900	0.280600	-0.995600	0.734400	-0.639800	1.701800
1627302132.632635	-0.106300	0.284500	-1.001700	0.618600	-0.630600	1.695700
1627302132.641182	-0.091100	0.296300	-1.005400	0.519900	-0.624500	1.692300
1627302132.654424	-0.074800	0.298500	-1.007800	0.441400	-0.625700	1.684100
1627302132.669387	-0.064300	0.297500	-1.003400	0.374900	-0.629700	1.662700
1627302132.680621	-0.055200	0.302200	-0.996300	0.321100	-0.635800	1.632800
1627302132.681554	-0.048000	0.302500	-0.995400	0.278600	-0.644300	1.596100
1627302132.699846	-0.048200	0.302700	-0.998200	0.246300	-0.651700	1.549100
1627302132.701345	-0.048800	0.311900	-1.000100	0.215400	-0.652600	1.485900
1627302132.716169	-0.052700	0.319100	-0.998800	0.192200	-0.653800	1.448300
1627302132.719576	-0.056000	0.325800	-1.004500	0.168400	-0.646800	1.422300
1627302132.743893	-0.057100	0.325600	-1.002700	0.140600	-0.637000	1.408600
1627302132.744712	-0.058800	0.321900	-0.991500	0.111600	-0.634300	1.397900
1627302132.749804	-0.061900	0.314100	-0.992400	0.076400	-0.628800	1.386300
1627302132.763210	-0.066300	0.304200	-0.987900	0.038900	-0.621700	1.364900
1627302132.764112	-0.070600	0.301000	-0.985000	-0.000200	-0.612600	1.330400
1627302132.785378	-0.071700	0.306000	-0.988300	-0.029200	-0.601300	1.307200
1627302132.787503	-0.070700	0.310500	-0.985100	-0.059500	-0.591500	1.280600
1627302132.803011	-0.069900	0.319000	-0.979100	-0.088200	-0.579600	1.262000
1627302132.805847	-0.066400	0.322500	-0.964000	-0.114400	-0.577500	1.254600
1627302132.828605	-0.066000	0.331400	-0.961400	-0.137000	-0.588800	1.248800
1627302132.831035	-0.062400	0.341700	-0.951900	-0.157200	-0.601600	1.252500
1627302132.845815	-0.063000	0.353600	-0.940300	-0.175800	-0.636400	1.268100
1627302132.848409	-0.068200	0.365100	-0.944000	-0.190500	-0.671800	1.292800
1627302132.871958	-0.075100	0.373700	-0.949600	-0.210000	-0.694400	1.328900
1627302132.872880	-0.083300	0.375100	-0.940700	-0.230200	-0.721900	1.371000
1627302132.879805	-0.087900	0.378900	-0.947900	-0.247300	-0.751200	1.413500
1627302132.890042	-0.093600	0.383400	-0.950800	-0.263500	-0.773500	1.458400
1627302132.913832	-0.099200	0.394500	-0.950200	-0.282700	-0.799800	1.519500
1627302132.914761	-0.106600	0.391200	-0.956900	-0.307800	-0.824600	1.594600
1627302132.917260	-0.116900	0.378200	-0.976300	-0.334100	-0.836500	1.659300
1627302132.932215	-0.124600	0.367300	-0.988500	-0.360900	-0.834300	1.708800
1627302132.933254	-0.131300	0.361600	-0.996200	-0.392700	-0.823000	1.754900
1627302132.960224	-0.141600	0.349700	-1.010300	-0.433300	-0.809000	1.796800
1627302132.961063	-0.145900	0.344800	-1.035800	-0.479100	-0.764400	1.836500
1627302132.971314	-0.136800	0.328200	-1.032100	-0.539300	-0.702700	1.879300
1627302132.973359	-0.125400	0.305500	-1.038000	-0.592800	-0.659300	1.904900
1627302132.995430	-0.113500	0.282500	-1.032000	-0.650200	-0.603700	1.902500
1627302132.998653	-0.095200	0.267100	-1.016800	-0.700000	-0.554200	1.856700
1627302133.009829	-0.072300	0.266000	-1.017900	-0.737500	-0.505400	1.773600
1627302133.027489	-0.040000	0.275300	-1.013900	-0.756500	-0.439400	1.663600
1627302133.041835	-0.013200	0.270100	-0.971600	-0.744600	-0.396600	1.517600
1627302133.042736	0.003700	0.296500	-0.994000	-0.690800	-0.372200	1.275100
1627302133.047580	0.012100	0.326200	-1.012600	-0.653200	-0.313600	1.103800
1627302133.070721	0.009300	0.375000	-1.019800	-0.631200	-0.270500	0.982500
1627302133.071618	0.000400	0.385300	-1.065400	-0.630900	-0.204800	0.907400
1627302133.077467	0.003400	0.421000	-1.061300	-0.665100	-0.108000	0.881100
1627302133.087362	0.016700	0.447500	-1.029200	-0.731100	-0.048100	0.915000
1627302133.089473	0.031700	0.460800	-1.026500	-0.816900	0.005300	0.983100
1627302133.118090	0.060500	0.464400	-0.986000	-0.907000	0.060300	1.057000
1627302133.119127	0.085300	0.465500	-0.942600	-0.969700	0.060900	1.109000
1627302133.140246	0.104100	0.460000	-0.930800	-1.022200	0.049600	1.146800
1627302133.141251	0.125600	0.462500	-0.910500	-1.061300	0.046200	1.167300
1627302133.153552	0.140600	0.462300	-0.880700	-1.094900	0.017800	1.177100
1627302133.162087	0.150600	0.463900	-0.881500	-1.124800	-0.014500	1.181300
1627302133.181578	0.160000	0.466800	-0.868200	-1.159000	-0.029200	1.184400
1627302133.182395	0.169800	0.475700	-0.840500	-1.204500	-0.053600	1.185000
1627302133.187162	0.176400	0.478600	-0.831900	-1.249100	-0.070700	1.181000
1627302133.199485	0.183800	0.479600	-0.812900	-1.291300	-0.075300	1.160600
1627302133.200400	0.196200	0.486500	-0.792400	-1.327000	-0.080800	1.126400
1627302133.225288	0.208400	0.504000	-0.776600	-1.360600	-0.086900	1.084800
1627302133.227367	0.218800	0.521200	-0.757900	-1.381700	-0.091200	1.030800
1627302133.236125	0.233500	0.544200	-0.737900	-1.387500	-0.103400	0.956500
1627302133.245782	0.240100	0.565600	-0.730500	-1.383800	-0.113800	0.880500
1627302133.269938	0.244500	0.584500	-0.709700	-1.377400	-0.124500	0.811200
1627302133.271129	0.247400	0.602200	-0.698400	-1.369500	-0.141300	0.747300
1627302133.285522	0.250100	0.619800	-0.697800	-1.356000	-0.153200	0.696900
1627302133.286423	0.254500	0.631700	-0.682100	-1.348400	-0.159000	0.652900
1627302133.288798	0.258100	0.639000	-0.652500	-1.345300	-0.177000	0.615100
1627302133.313511	0.261000	0.649400	-0.637000	-1.342300	-0.207000	0.565300
1627302133.316100	0.266400	0.664100	-0.628200	-1.336200	-0.222900	0.516400
1627302133.322058	0.269300	0.674900	-0.602500	-1.323700	-0.243600	0.466000
1627302133.346535	0.270400	0.688100	-0.589000	-1.305000	-0.275700	0.412900
1627302133.347356	0.269200	0.699100	-0.589600	-1.278100	-0.301000	0.357300
1627302133.352395	0.269000	0.713500	-0.579700	-1.251000	-0.325200	0.303500
1627302133.379345	0.264200	0.723500	-0.572600	-1.225600	-0.359700	0.255900
1627302133.380250	0.253400	0.739000	-0.576300	-1.199600	-0.390800	0.199700
1627302133.388658	0.246900	0.754500	-0.567900	-1.181300	-0.410400	0.159400
1627302133.391202	0.238400	0.766000	-0.564900	-1.160900	-0.434500	0.127000
1627302133.416779	0.230600	0.768700	-0.565800	-1.141000	-0.444300	0.100400
1627302133.417679	0.223900	0.768700	-0.544700	-1.126300	-0.450100	0.074500
1627302133.426640	0.219100	0.772900	-0.532300	-1.110200	-0.469900	0.047000
1627302133.444651	0.209700	0.786700	-0.549800	-1.098900	-0.476700	0.011200
1627302133.456897	0.198400	0.804000	-0.543900	-1.078700	-0.459600	-0.023000
1627302133.457801	0.188400	0.820400	-0.535000	-1.061000	-0.454100	-0.046800
1627302133.467599	0.184300	0.833000	-0.538100	-1.039600	-0.437900	-0.060900
1627302133.489840	0.180200	0.844400	-0.532000	-1.012100	-0.414700	-0.074000
1627302133.491452	0.180100	0.853300	-0.517700	-0.984300	-0.396600	-0.083800
1627302133.505887	0.178200	0.854600	-0.509200	-0.958400	-0.386900	-0.092900
1627302133.506815	0.176400	0.862100	-0.501800	-0.933300	-0.375900	-0.109400
1627302133.531371	0.174000	0.881800	-0.492900	-0.905200	-0.367000	-0.136000
1627302133.533598	0.172700	0.900400	-0.486300	-0.881400	-0.362400	-0.149100
1627302133.536097	0.167200	0.914400	-0.481100	-0.851500	-0.357500	-0.150000
1627302133.549356	0.165800	0.919300	-0.473500	-0.819700	-0.349900	-0.145200
1627302133.550250	0.166500	0.929100	-0.466900	-0.777500	-0.347800	-0.145800
1627302133.572819	0.167100	0.934800	-0.461400	-0.728700	-0.349600	-0.145200
1627302133.578683	0.165400	0.933300	-0.447800	-0.671600	-0.356000	-0.144500
1627302133.588573	0.163800	0.928600	-0.436000	-0.616600	-0.370700	-0.143600
1627302133.590657	0.161300	0.921800	-0.429100	-0.574100	-0.385000	-0.139700
1627302133.613863	0.158600	0.914100	-0.423700	-0.540500	-0.402800	-0.138100
1627302133.616161	0.153000	0.905200	-0.422500	-0.510900	-0.415600	-0.136300
1627302133.633237	0.147100	0.895000	-0.413700	-0.492300	-0.431500	-0.133500
1627302133.650225	0.140300	0.883900	-0.410300	-0.480700	-0.446700	-0.130800
1627302133.651061	0.134900	0.871800	-0.404900	-0.478800	-0.460500	-0.131400
1627302133.661238	0.131100	0.865400	-0.398100	-0.481900	-0.470300	-0.140000
1627302133.669420	0.126200	0.861500	-0.390700	-0.490400	-0.478200	-0.151600
1627302133.687121	0.120700	0.861600	-0.385700	-0.496500	-0.489800	-0.166800
1627302133.687886	0.115600	0.866300	-0.385300	-0.497800	-0.494700	-0.183900
1627302133.696392	0.110600	0.863200	-0.377600	-0.493200	-0.497700	-0.202000
1627302133.715944	0.105200	0.862200	-0.369600	-0.487700	-0.501700	-0.224000
1627302133.725591	0.095700	0.860800	-0.364000	-0.477900	-0.503500	-0.254500
1627302133.726501	0.093500	0.862100	-0.358900	-0.470900	-0.504200	-0.282900
1627302133.736263	0.087900	0.860800	-0.355800	-0.465400	-0.506900	-0.314700
1627302133.738772	0.080300	0.857700	-0.353100	-0.462300	-0.507500	-0.346400
1627302133.765706	0.076400	0.876200	-0.355700	-0.458100	-0.503800	-0.384900
1627302133.775449	0.070300	0.887900	-0.358500	-0.456500	-0.498700	-0.413600
1627302133.776376	0.059900	0.894800	-0.362300	-0.448900	-0.488600	-0.438100
1627302133.780003	0.050800	0.902000	-0.364700	-0.437300	-0.469600	-0.473500
1627302133.803397	0.048600	0.898100	-0.353800	-0.425100	-0.453800	-0.500100
1627302133.819167	0.040400	0.913900	-0.360500	-0.404000	-0.449500	-0.546800
1627302133.822054	0.038900	0.926100	-0.371100	-0.378000	-0.429300	-0.582200
1627302133.842725	0.034900	0.923700	-0.349400	-0.351500	-0.417100	-0.608800
1627302133.844963	0.026500	0.920500	-0.346700	-0.322100	-0.423500	-0.643900
1627302133.845942	0.022000	0.934800	-0.363900	-0.293400	-0.419200	-0.679400
1627302133.860828	0.012900	0.946500	-0.362100	-0.260100	-0.414700	-0.713600
1627302133.861748	0.002600	0.953000	-0.372200	-0.233300	-0.417400	-0.735900
1627302133.882881	-0.012800	0.952800	-0.384000	-0.207300	-0.406700	-0.755100
1627302133.885017	-0.019500	0.951500	-0.379200	-0.181600	-0.395100	-0.776800
1627302133.896195	-0.029100	0.946400	-0.376300	-0.155100	-0.391400	-0.795700
1627302133.900641	-0.039200	0.937100	-0.379900	-0.135800	-0.386000	-0.815000
1627302133.923947	-0.051900	0.930800	-0.372200	-0.121500	-0.380100	-0.831500
1627302133.927426	-0.063700	0.925900	-0.364900	-0.118100	-0.386300	-0.844000
1627302133.937341	-0.077000	0.919900	-0.367900	-0.118400	-0.393600	-0.851900
1627302133.943153	-0.099500	0.921900	-0.359700	-0.120200	-0.402400	-0.856500
1627302133.968886	-0.119800	0.938600	-0.361700	-0.121500	-0.408600	-0.844000
1627302133.969883	-0.142600	0.959500	-0.355200	-0.125700	-0.418300	-0.803400
1627302133.974907	-0.171800	0.976900	-0.351600	-0.127600	-0.431200	-0.735900
1627302133.986978	-0.202100	1.014200	-0.345700	-0.138600	-0.441800	-0.614300
1627302134.008672	-0.206700	1.045500	-0.338700	-0.152300	-0.444900	-0.456400
1627302134.011157	-0.204200	1.054300	-0.331400	-0.164200	-0.459300	-0.295700
1627302134.012357	-0.208000	1.068800	-0.336800	-0.149600	-0.491300	-0.177800
1627302134.035910	-0.198500	1.069800	-0.355000	-0.119000	-0.495000	-0.075200
1627302134.037352	-0.200200	1.037800	-0.314200	-0.068300	-0.513300	0.001100
1627302134.052903	-0.206200	1.004300	-0.319700	-0.006300	-0.548700	0.034700
1627302134.056942	-0.207400	0.952400	-0.329700	0.066400	-0.542600	0.016700
1627302134.057847	-0.198600	0.940600	-0.304400	0.148500	-0.557000	-0.071200
1627302134.081169	-0.203600	0.954300	-0.328500	0.203800	-0.584800	-0.119800
1627302134.095601	-0.220000	0.966900	-0.375000	0.268000	-0.564000	-0.151900
1627302134.096506	-0.227300	0.949800	-0.391000	0.307100	-0.511200	-0.140000
1627302134.098798	-0.242900	0.934300	-0.386400	0.348000	-0.464400	-0.146100
1627302134.124704	-0.244400	0.898700	-0.418700	0.360200	-0.386900	-0.142100
1627302134.135511	-0.243700	0.864100	-0.417500	0.370000	-0.272000	-0.180900
1627302134.136429	-0.239700	0.831900	-0.408700	0.372100	-0.187100	-0.237100
1627302134.142592	-0.239700	0.831900	-0.408700	0.372100	-0.187100	-0.237100
1627302134.162276	-0.229200	0.808100	-0.414200	0.379400	-0.020000	-0.407800
1627302134.177164	-0.231800	0.813000	-0.419800	0.388000	0.055400	-0.501000
1627302134.178067	-0.231800	0.813000	-0.419800	0.388000	0.055400	-0.501000
1627302134.183892	-0.236100	0.819900	-0.428300	0.400200	0.132100	-0.586500
1627302134.207308	-0.241200	0.824300	-0.436900	0.414900	0.214800	-0.668700
1627302134.216742	-0.246200	0.834000	-0.437900	0.426200	0.297900	-0.745900
1627302134.217657	-0.252700	0.841200	-0.445400	0.428900	0.360500	-0.795400
1627302134.227418	-0.254500	0.845500	-0.454200	0.424600	0.420700	-0.834200
1627302134.230129	-0.255500	0.850100	-0.455600	0.412700	0.472900	-0.863500
1627302134.255487	-0.258800	0.849200	-0.456400	0.399000	0.513200	-0.884900
1627302134.256383	-0.261200	0.855200	-0.464000	0.379400	0.552000	-0.902300
1627302134.268820	-0.263700	0.853500	-0.458900	0.358700	0.587800	-0.912100
1627302134.272475	-0.266100	0.848800	-0.459800	0.341600	0.607900	-0.923400
1627302134.296905	-0.266200	0.851900	-0.467400	0.330900	0.623500	-0.934100
1627302134.297798	-0.267800	0.857800	-0.469400	0.324500	0.636300	-0.937800
1627302134.308839	-0.267000	0.853100	-0.470300	0.319900	0.637900	-0.942300
1627302134.328464	-0.270100	0.846300	-0.476800	0.318000	0.636000	-0.953600
1627302134.339465	-0.271200	0.846800	-0.481100	0.317100	0.635100	-0.964300
1627302134.340356	-0.275900	0.847200	-0.488300	0.316200	0.628700	-0.972900
1627302134.348815	-0.280500	0.838900	-0.498300	0.321100	0.625600	-0.980800
1627302134.364729	-0.284500	0.831700	-0.500700	0.325400	0.625000	-0.991800
1627302134.366205	-0.288600	0.828000	-0.500400	0.330000	0.618000	-1.005900
1627302134.381577	-0.295500	0.825700	-0.511700	0.335800	0.608500	-1.017200
1627302134.390511	-0.302700	0.827400	-0.519800	0.343100	0.609800	-1.025700
1627302134.406309	-0.309600	0.827600	-0.518300	0.351300	0.604600	-1.031800
1627302134.407271	-0.320300	0.830300	-0.528100	0.366300	0.596600	-1.030000
1627302134.414559	-0.325400	0.831700	-0.535600	0.379700	0.594500	-1.022700
1627302134.429516	-0.330800	0.829800	-0.530400	0.396200	0.584400	-1.013500
1627302134.447747	-0.338600	0.818000	-0.533200	0.414600	0.571900	-1.007700
1627302134.448571	-0.350000	0.809400	-0.536600	0.439000	0.557500	-1.011100
1627302134.458724	-0.359900	0.805100	-0.539900	0.469200	0.546800	-1.015000
1627302134.468864	-0.370500	0.797500	-0.544900	0.500100	0.533400	-1.018400
1627302134.485772	-0.390100	0.787400	-0.551800	0.544100	0.525200	-1.027500
1627302134.486657	-0.402800	0.782000	-0.560500	0.580100	0.520900	-1.030600
1627302134.497469	-0.413700	0.778200	-0.566900	0.610300	0.519400	-1.030000
1627302134.506389	-0.431300	0.769000	-0.572000	0.637800	0.522100	-1.023600
1627302134.528107	-0.448600	0.763500	-0.581400	0.658300	0.528500	-1.011700
1627302134.529019	-0.459500	0.760500	-0.590700	0.678200	0.543200	-0.988800
1627302134.536152	-0.477400	0.747800	-0.595900	0.691900	0.561200	-0.958800
1627302134.544849	-0.488500	0.722900	-0.600500	0.708400	0.586900	-0.932900
1627302134.548205	-0.497200	0.699600	-0.599400	0.718800	0.603600	-0.924900
1627302134.570094	-0.505100	0.678700	-0.602300	0.723700	0.619800	-0.926100
1627302134.574845	-0.512700	0.661300	-0.606200	0.725500	0.634800	-0.934100
1627302134.584879	-0.521500	0.651700	-0.613400	0.721500	0.647300	-0.941100
1627302134.589495	-0.532800	0.642100	-0.622100	0.709900	0.658300	-0.943200
1627302134.614213	-0.548700	0.626600	-0.633800	0.688200	0.673900	-0.943900
1627302134.615139	-0.562500	0.619300	-0.646700	0.664400	0.686700	-0.943900
1627302134.620062	-0.575700	0.610500	-0.657800	0.639400	0.699900	-0.937400
1627302134.641425	-0.588300	0.601000	-0.671100	0.612200	0.717600	-0.919700
1627302134.644875	-0.593400	0.588700	-0.680400	0.578900	0.733500	-0.894100
1627302134.660080	-0.601700	0.570900	-0.691900	0.535800	0.743200	-0.858000
1627302134.678585	-0.609700	0.555200	-0.705400	0.475000	0.755100	-0.818000
1627302134.684184	-0.610800	0.541700	-0.720800	0.388000	0.772200	-0.761500
1627302134.685273	-0.611900	0.527100	-0.729600	0.284100	0.783900	-0.713000
1627302134.691290	-0.610800	0.514900	-0.742200	0.181800	0.798800	-0.673200
1627302134.712242	-0.606600	0.508200	-0.744300	0.077400	0.817100	-0.639300
1627302134.726084	-0.599500	0.503700	-0.740100	-0.025000	0.827800	-0.612200
1627302134.726996	-0.592900	0.502100	-0.742400	-0.123900	0.836700	-0.595700
1627302134.742260	-0.585100	0.500100	-0.737900	-0.216800	0.847100	-0.588600
1627302134.744880	-0.580700	0.507700	-0.732400	-0.314500	0.853200	-0.587400
1627302134.763155	-0.576700	0.516500	-0.731100	-0.393300	0.860500	-0.588600
1627302134.764084	-0.572100	0.525900	-0.728900	-0.455600	0.872400	-0.589900
1627302134.789057	-0.566800	0.531600	-0.722700	-0.513000	0.885000	-0.588900
1627302134.791367	-0.560900	0.536600	-0.713400	-0.570200	0.897800	-0.581900
1627302134.794834	-0.552600	0.541300	-0.709500	-0.623300	0.907900	-0.578000
1627302134.810055	-0.542700	0.549800	-0.703500	-0.674000	0.919800	-0.575800
1627302134.812130	-0.534800	0.555800	-0.690800	-0.732600	0.925600	-0.578000
1627302134.833824	-0.525900	0.565400	-0.690900	-0.774200	0.930800	-0.578000
1627302134.836112	-0.520000	0.579100	-0.679200	-0.812700	0.938100	-0.573100
1627302134.850875	-0.515900	0.587500	-0.670300	-0.846900	0.937500	-0.564800
1627302134.857018	-0.515600	0.600700	-0.675400	-0.876800	0.944200	-0.550800
1627302134.874193	-0.512200	0.611500	-0.666100	-0.904300	0.959200	-0.529100
1627302134.875013	-0.501000	0.617400	-0.654100	-0.928700	0.964100	-0.501900
1627302134.884728	-0.493300	0.621500	-0.645800	-0.950100	0.975400	-0.474400
1627302134.894546	-0.483200	0.622700	-0.634900	-0.965100	0.980600	-0.457300
1627302134.916464	-0.473600	0.627000	-0.632300	-0.976700	0.982700	-0.443900
1627302134.918755	-0.463300	0.629800	-0.626200	-0.989800	0.988800	-0.434100
1627302134.927494	-0.456900	0.632000	-0.616500	-1.000200	0.987600	-0.431300
1627302134.937094	-0.448200	0.638500	-0.612900	-1.010000	0.988200	-0.434400
1627302134.955229	-0.442000	0.648200	-0.608500	-1.022200	0.993400	-0.435300
1627302134.956055	-0.437900	0.654100	-0.603500	-1.032600	0.995200	-0.435300
1627302134.966453	-0.433300	0.659100	-0.601200	-1.039900	0.999200	-0.438700
1627302134.975875	-0.430300	0.669200	-0.594600	-1.044500	1.004400	-0.442600
1627302134.976769	-0.425700	0.675800	-0.592500	-1.046000	1.005900	-0.447200
1627302135.004295	-0.423600	0.686200	-0.596900	-1.043300	1.008300	-0.451800
1627302135.005218	-0.418800	0.696300	-0.591700	-1.043600	1.015100	-0.444800
1627302135.035089	-0.411900	0.705800	-0.579700	-1.050300	1.014200	-0.427700
1627302135.047535	-0.409500	0.709600	-0.574000	-1.062500	1.011400	-0.408100
1627302135.061083	-0.403900	0.717400	-0.567400	-1.071700	1.011700	-0.385200
1627302135.063628	-0.395600	0.727400	-0.561300	-1.081100	1.006800	-0.355900
1627302135.066255	-0.389600	0.734900	-0.557000	-1.090000	1.004100	-0.320800
1627302135.067157	-0.382000	0.738500	-0.542800	-1.097600	1.000700	-0.289600
1627302135.077454	-0.371000	0.746100	-0.535400	-1.097900	0.992800	-0.262700
1627302135.079974	-0.358400	0.752200	-0.522000	-1.091800	0.979600	-0.233700
1627302135.107671	-0.345900	0.757400	-0.506800	-1.081100	0.961300	-0.209600
1627302135.109935	-0.335400	0.764800	-0.499800	-1.076600	0.940800	-0.186100
1627302135.116113	-0.325000	0.767100	-0.492200	-1.072000	0.921600	-0.161600
1627302135.126122	-0.317600	0.767300	-0.478800	-1.068900	0.896900	-0.149400
1627302135.146459	-0.315900	0.777800	-0.473100	-1.066800	0.873000	-0.140300
1627302135.147288	-0.312700	0.799300	-0.473400	-1.066800	0.855900	-0.130200
1627302135.157519	-0.308600	0.822800	-0.466700	-1.057900	0.844000	-0.113700
1627302135.168135	-0.302700	0.833500	-0.458700	-1.041700	0.841300	-0.104800
1627302135.170634	-0.295900	0.835800	-0.445400	-1.014600	0.837600	-0.104800
1627302135.191616	-0.288200	0.842900	-0.434900	-0.982500	0.831800	-0.115200
1627302135.194935	-0.279700	0.850000	-0.427400	-0.945500	0.825100	-0.131400
1627302135.207495	-0.276500	0.856200	-0.418100	-0.906100	0.815300	-0.152200
1627302135.209666	-0.275300	0.867100	-0.418200	-0.864900	0.805500	-0.173600
1627302135.240035	-0.272600	0.876500	-0.415000	-0.822400	0.804900	-0.193700
1627302135.243610	-0.269800	0.882600	-0.407700	-0.791300	0.798500	-0.209600
1627302135.253165	-0.268900	0.888700	-0.407100	-0.762600	0.793600	-0.224600
1627302135.254065	-0.266200	0.894300	-0.402200	-0.742100	0.792400	-0.233100
1627302135.272957	-0.265500	0.898800	-0.394400	-0.721600	0.789400	-0.235900
1627302135.275111	-0.268100	0.899700	-0.390400	-0.703900	0.784800	-0.236200
1627302135.288608	-0.269800	0.905500	-0.385100	-0.683500	0.787800	-0.231900
1627302135.290765	-0.266000	0.912200	-0.376000	-0.667000	0.789000	-0.219400
1627302135.316025	-0.261100	0.912700	-0.369600	-0.649600	0.790000	-0.206200
1627302135.317463	-0.257200	0.910600	-0.362400	-0.627900	0.790300	-0.200700
1627302135.324911	-0.252600	0.910200	-0.353100	-0.604400	0.786900	-0.203200
1627302135.335965	-0.248800	0.915400	-0.353400	-0.579300	0.783200	-0.206900
1627302135.358008	-0.244300	0.917200	-0.350300	-0.553400	0.781700	-0.210200
1627302135.358833	-0.241600	0.914800	-0.346300	-0.519100	0.779600	-0.220900
1627302135.363725	-0.238500	0.921600	-0.341300	-0.481000	0.773800	-0.236500
1627302135.374870	-0.236500	0.933000	-0.341300	-0.441900	0.767700	-0.244700
1627302135.375784	-0.234400	0.947300	-0.338600	-0.398200	0.759400	-0.246600
1627302135.399938	-0.232200	0.957600	-0.344000	-0.348400	0.749600	-0.241700
1627302135.402324	-0.231100	0.961200	-0.345300	-0.295300	0.739300	-0.234000
1627302135.417892	-0.229100	0.964100	-0.345500	-0.239700	0.727300	-0.223700
1627302135.420829	-0.224700	0.961500	-0.345600	-0.178300	0.709000	-0.205600
1627302135.443471	-0.220200	0.956800	-0.348800	-0.125400	0.688600	-0.186700
1627302135.445977	-0.215300	0.948600	-0.351400	-0.081500	0.667500	-0.170500
1627302135.460936	-0.212200	0.939600	-0.348800	-0.044500	0.644000	-0.149700
1627302135.464402	-0.208900	0.934700	-0.349600	-0.012400	0.613100	-0.133900
1627302135.484351	-0.206800	0.935300	-0.361500	0.012000	0.586200	-0.113100
1627302135.485361	-0.200800	0.937300	-0.360700	0.029700	0.565500	-0.082200
1627302135.492546	-0.196300	0.927500	-0.357200	0.045300	0.527600	-0.037900
1627302135.498772	-0.189800	0.920300	-0.360800	0.054800	0.498900	-0.008600
1627302135.523840	-0.185100	0.913300	-0.357800	0.064500	0.469900	0.018300
1627302135.527462	-0.179200	0.906600	-0.357900	0.069400	0.436600	0.042700
1627302135.534865	-0.176500	0.901100	-0.359500	0.072800	0.406300	0.065000
1627302135.544442	-0.171400	0.898300	-0.358800	0.075800	0.378200	0.083900
1627302135.563198	-0.165300	0.897600	-0.356100	0.078300	0.346200	0.101000
1627302135.564111	-0.159900	0.889600	-0.355700	0.080700	0.313800	0.120300
1627302135.573805	-0.154700	0.884600	-0.351400	0.086500	0.287200	0.129700
1627302135.578779	-0.150900	0.881500	-0.349100	0.092300	0.259400	0.137100
1627302135.601850	-0.147300	0.881600	-0.352500	0.099400	0.235600	0.143500
1627302135.616581	-0.140900	0.882000	-0.351400	0.106100	0.210900	0.146500
1627302135.618268	-0.135500	0.883300	-0.350000	0.112500	0.185200	0.149900
1627302135.633097	-0.129900	0.882100	-0.353000	0.119800	0.154400	0.153600
1627302135.634002	-0.123900	0.879200	-0.355100	0.124400	0.120800	0.160300
1627302135.646107	-0.119000	0.873800	-0.358900	0.118900	0.087800	0.171900
1627302135.652511	-0.113200	0.865000	-0.366800	0.103900	0.054500	0.185000
1627302135.680289	-0.106400	0.855800	-0.374800	0.079200	0.022100	0.199400
1627302135.681286	-0.098400	0.850500	-0.380600	0.046200	-0.013900	0.213700
1627302135.682715	-0.092500	0.842900	-0.386400	0.011400	-0.056400	0.219500
1627302135.695874	-0.083700	0.844200	-0.394200	-0.016700	-0.106200	0.206100
1627302135.715535	-0.074800	0.852400	-0.400000	-0.033200	-0.159300	0.185600
1627302135.716441	-0.072000	0.859700	-0.397800	-0.041100	-0.211900	0.169100
1627302135.725216	-0.072300	0.863600	-0.400800	-0.040800	-0.272000	0.147500
1627302135.744861	-0.074800	0.869000	-0.407600	-0.030500	-0.330100	0.119000
1627302135.750689	-0.080400	0.876800	-0.413900	-0.010900	-0.384700	0.085400
1627302135.760709	-0.087800	0.886800	-0.414700	0.016300	-0.441500	0.051800
1627302135.761636	-0.101100	0.899500	-0.423500	0.063600	-0.509300	0.013700
1627302135.763859	-0.114400	0.912600	-0.431000	0.111900	-0.566800	-0.015700
1627302135.781239	-0.126200	0.924800	-0.428800	0.161100	-0.618100	-0.033100
1627302135.791288	-0.140700	0.938200	-0.429900	0.209900	-0.674000	-0.035200
1627302135.793216	-0.157700	0.949700	-0.435300	0.260000	-0.724100	-0.029400
1627302135.816449	-0.173800	0.964200	-0.439500	0.314700	-0.769600	-0.014700
1627302135.826247	-0.193800	0.977100	-0.439800	0.377900	-0.817200	0.014000
1627302135.836355	-0.213400	0.988500	-0.448900	0.463400	-0.868500	0.062800
1627302135.859336	-0.228100	0.990700	-0.448900	0.538900	-0.903000	0.112900
1627302135.860245	-0.245100	0.986100	-0.447900	0.612200	-0.938200	0.169100
1627302135.862586	-0.260600	0.981200	-0.453400	0.676600	-0.966600	0.234800
1627302135.873883	-0.275600	0.972500	-0.459800	0.735000	-0.990100	0.300500
1627302135.877045	-0.288200	0.961300	-0.468400	0.791800	-1.003800	0.362500
1627302135.901311	-0.298800	0.946800	-0.478900	0.851300	-1.008400	0.419900
1627302135.902286	-0.307700	0.927000	-0.485200	0.915500	-1.006900	0.476400
1627302135.916109	-0.311800	0.913100	-0.493900	0.966500	-0.998300	0.519500
1627302135.922148	-0.314300	0.895600	-0.501700	1.015000	-0.981900	0.555200
1627302135.943958	-0.312600	0.873900	-0.507300	1.057200	-0.963200	0.581500
1627302135.944775	-0.313500	0.851700	-0.511500	1.094800	-0.944900	0.598300
1627302135.956098	-0.310800	0.834800	-0.515400	1.124700	-0.924700	0.601300
1627302135.964575	-0.309300	0.815900	-0.518600	1.156500	-0.901500	0.594000
1627302135.982903	-0.312500	0.802400	-0.533400	1.187000	-0.876200	0.575100
1627302135.985160	-0.315800	0.794300	-0.542700	1.209900	-0.846500	0.558300
1627302135.993739	-0.314900	0.792000	-0.548700	1.228500	-0.817500	0.545400
1627302136.002045	-0.317500	0.787600	-0.555500	1.242300	-0.788500	0.537800
1627302136.029038	-0.317700	0.778200	-0.563800	1.253000	-0.761300	0.530800
1627302136.030117	-0.317600	0.773800	-0.570300	1.263100	-0.733500	0.525000
1627302136.036181	-0.315900	0.769700	-0.574600	1.271000	-0.707900	0.525300
1627302136.045873	-0.320100	0.764000	-0.577500	1.277700	-0.688000	0.529500
1627302136.066544	-0.320700	0.761800	-0.588400	1.281700	-0.671200	0.535700
1627302136.067411	-0.320800	0.758700	-0.594100	1.288100	-0.654700	0.547300
1627302136.071277	-0.321200	0.759900	-0.596700	1.286900	-0.641300	0.565300
1627302136.074781	-0.320800	0.757300	-0.604700	1.287200	-0.628200	0.591900
1627302136.098071	-0.319300	0.750200	-0.607500	1.288100	-0.620500	0.618400
1627302136.104691	-0.316700	0.744400	-0.612200	1.287800	-0.612000	0.647400
1627302136.127822	-0.314100	0.738200	-0.612200	1.286300	-0.609800	0.677400
1627302136.128645	-0.312600	0.730000	-0.612300	1.290200	-0.616900	0.697800
1627302136.132388	-0.311300	0.727700	-0.618300	1.301800	-0.625400	0.712500
1627302136.143190	-0.311200	0.729900	-0.620100	1.315900	-0.634600	0.731400
1627302136.144089	-0.314600	0.726300	-0.621900	1.331200	-0.649800	0.754700
1627302136.167783	-0.318600	0.723000	-0.629300	1.351000	-0.663300	0.776900
1627302136.171341	-0.327100	0.723000	-0.635500	1.378500	-0.673100	0.806300
1627302136.181119	-0.330000	0.720500	-0.639200	1.406000	-0.682800	0.833800
1627302136.186222	-0.335900	0.714700	-0.645000	1.437200	-0.692300	0.864000
1627302136.209106	-0.338600	0.705100	-0.645800	1.470400	-0.698100	0.894800
1627302136.211191	-0.344200	0.691700	-0.650900	1.506500	-0.709100	0.924800
1627302136.216309	-0.352900	0.680700	-0.660200	1.541600	-0.716100	0.958400
1627302136.243176	-0.360100	0.673100	-0.669400	1.574000	-0.716400	1.000500
1627302136.244082	-0.369100	0.660200	-0.675900	1.613100	-0.718300	1.053700
1627302136.253725	-0.376500	0.647300	-0.683000	1.642400	-0.714300	1.100700
1627302136.263896	-0.383400	0.629500	-0.689000	1.674200	-0.707600	1.145000
1627302136.284577	-0.386500	0.608000	-0.693600	1.702900	-0.701800	1.189600
1627302136.285721	-0.392500	0.585300	-0.705800	1.727000	-0.692000	1.240300
1627302136.292640	-0.393100	0.561300	-0.715700	1.738600	-0.681600	1.292500
1627302136.302667	-0.394400	0.537600	-0.728000	1.745000	-0.672800	1.348400
1627302136.322154	-0.395100	0.510300	-0.744600	1.738900	-0.660500	1.406400
1627302136.334275	-0.391600	0.493200	-0.758300	1.728800	-0.647700	1.452900
1627302136.335208	-0.385900	0.478000	-0.770100	1.714800	-0.637600	1.498100
1627302136.343922	-0.381700	0.456700	-0.782800	1.698300	-0.632100	1.542100
1627302136.362170	-0.374800	0.434800	-0.801900	1.673600	-0.625700	1.589400
1627302136.377543	-0.366500	0.410600	-0.814300	1.637500	-0.621100	1.638000
1627302136.380738	-0.352200	0.385100	-0.828500	1.583100	-0.630600	1.689300
1627302136.395636	-0.339600	0.366100	-0.842800	1.523600	-0.645600	1.728400
1627302136.396540	-0.333900	0.347500	-0.848000	1.474100	-0.663900	1.747300
1627302136.397670	-0.327400	0.334500	-0.858000	1.432000	-0.689600	1.753400
1627302136.421055	-0.330800	0.317400	-0.877200	1.390700	-0.712800	1.752500
1627302136.422676	-0.330900	0.301900	-0.897900	1.344300	-0.732300	1.752500
1627302136.437467	-0.333600	0.285900	-0.913200	1.283500	-0.754900	1.757400
1627302136.441836	-0.338000	0.264000	-0.928800	1.197700	-0.781800	1.758600
1627302136.461948	-0.343600	0.250400	-0.939600	1.118300	-0.804700	1.757400
1627302136.463340	-0.351600	0.237300	-0.957500	1.041900	-0.823900	1.769300
1627302136.473646	-0.357700	0.230500	-0.976700	0.961000	-0.837100	1.795900
1627302136.484375	-0.362400	0.218500	-0.988400	0.867800	-0.845600	1.832800
1627302136.507738	-0.366800	0.202100	-0.993500	0.768300	-0.857800	1.868000
1627302136.508562	-0.370700	0.187600	-1.006100	0.666900	-0.866400	1.890600
1627302136.511126	-0.374300	0.187700	-1.014600	0.547400	-0.863000	1.897900
1627302136.517405	-0.377300	0.195300	-1.018600	0.468300	-0.851700	1.895100
1627302136.540544	-0.383700	0.200300	-1.025900	0.399900	-0.831300	1.888100
1627302136.541461	-0.387300	0.205200	-1.032500	0.343400	-0.799800	1.876500
1627302136.556240	-0.388200	0.218900	-1.038600	0.285700	-0.761300	1.874400
1627302136.558852	-0.387800	0.226600	-1.038700	0.228600	-0.718300	1.882900
1627302136.583332	-0.385000	0.231300	-1.041700	0.172700	-0.675500	1.891500
1627302136.590611	-0.377300	0.237200	-1.039100	0.101800	-0.609500	1.896700
1627302136.591556	-0.374300	0.223600	-1.039400	0.050500	-0.565900	1.900600
1627302136.601214	-0.375000	0.203100	-1.058100	-0.017600	-0.515500	1.911300
1627302136.602392	-0.364300	0.189900	-1.066400	-0.112600	-0.457400	1.932400
1627302136.626558	-0.348300	0.183100	-1.061400	-0.228400	-0.413700	1.958400
1627302136.629949	-0.345700	0.152200	-1.063700	-0.365200	-0.389000	1.984600
1627302136.645063	-0.346300	0.125900	-1.087600	-0.539000	-0.363700	2.021600
1627302136.664507	-0.331500	0.125400	-1.107700	-0.780000	-0.312300	2.091200
1627302136.665414	-0.312300	0.111900	-1.087000	-0.999300	-0.284900	2.159000
1627302136.670053	-0.296400	0.095000	-1.080700	-1.217700	-0.276900	2.210300
1627302136.680175	-0.276100	0.097300	-1.084500	-1.435700	-0.261300	2.250700
1627302136.704429	-0.254800	0.096800	-1.072100	-1.657500	-0.251600	2.294300
1627302136.705332	-0.235000	0.083900	-1.074500	-1.885600	-0.250300	2.336500
1627302136.711496	-0.191200	0.087900	-1.054300	-2.141000	-0.225900	2.360000
1627302136.732382	-0.142600	0.106800	-1.005600	-2.377700	-0.225600	2.336200
1627302136.733639	-0.110600	0.123000	-0.983300	-2.550300	-0.243600	2.262600
1627302136.743561	-0.084200	0.154400	-0.973800	-2.681600	-0.242700	2.141000
1627302136.753176	-0.056800	0.212600	-0.942400	-2.782100	-0.226500	2.003300
1627302136.754089	-0.034500	0.257700	-0.907500	-2.851100	-0.218300	1.854500
1627302136.777941	-0.020400	0.297200	-0.892800	-2.893300	-0.196000	1.696900
1627302136.779726	-0.004300	0.362700	-0.853100	-2.916800	-0.145600	1.500500
1627302136.791091	0.011700	0.425000	-0.816700	-2.911600	-0.103700	1.324600
1627302136.799815	0.022700	0.477200	-0.792100	-2.879800	-0.054600	1.158400
1627302136.821248	0.036600	0.527800	-0.758200	-2.826700	0.010500	0.989500
1627302136.822696	0.049300	0.583100	-0.713000	-2.756100	0.066400	0.828000
1627302136.829880	0.057400	0.631100	-0.689000	-2.676100	0.111300	0.690200
1627302136.843191	0.057400	0.668000	-0.672900	-2.586600	0.169300	0.569300
1627302136.862693	0.063500	0.725000	-0.629000	-2.469900	0.236800	0.432400
1627302136.864219	0.067400	0.766700	-0.609500	-2.373100	0.277800	0.353000
1627302136.869910	0.069800	0.795200	-0.595900	-2.276300	0.328500	0.289800
1627302136.883182	0.073900	0.814500	-0.561900	-2.171500	0.377300	0.228700
1627302136.884080	0.080100	0.834100	-0.531700	-2.065200	0.405700	0.166100
1627302136.907797	0.081700	0.849200	-0.510900	-1.964100	0.432300	0.115400
1627302136.909956	0.081700	0.860600	-0.486700	-1.867600	0.451200	0.075100
1627302136.925131	0.084800	0.873200	-0.467800	-1.763200	0.461600	0.046400
1627302136.949174	0.085800	0.881500	-0.457200	-1.698400	0.468600	0.047000
1627302136.949998	0.093400	0.882000	-0.434400	-1.648300	0.469000	0.056100
1627302136.950950	0.096600	0.882800	-0.411100	-1.610100	0.451500	0.067100
1627302136.966926	0.101800	0.886000	-0.397800	-1.579600	0.431400	0.073800
1627302136.971966	0.106000	0.892300	-0.377100	-1.554600	0.409400	0.085100
1627302136.990563	0.112100	0.901500	-0.360500	-1.528300	0.374900	0.100400
1627302136.991458	0.116100	0.910300	-0.344600	-1.504500	0.338500	0.120000
1627302137.002522	0.123800	0.920200	-0.321000	-1.485800	0.304600	0.133400
1627302137.024681	0.123800	0.922000	-0.304900	-1.463800	0.261900	0.143200
1627302137.029234	0.121600	0.929600	-0.299400	-1.440000	0.224900	0.146200
1627302137.030133	0.123400	0.937500	-0.292600	-1.419900	0.200800	0.152300
1627302137.045230	0.126300	0.946700	-0.270100	-1.401500	0.168700	0.158400
1627302137.063635	0.125000	0.953700	-0.271700	-1.378300	0.135400	0.159100
1627302137.070614	0.127300	0.954700	-0.264000	-1.355100	0.118600	0.149000
1627302137.071513	0.128500	0.957800	-0.245600	-1.332800	0.097900	0.130700
1627302137.080233	0.129300	0.959100	-0.232900	-1.316000	0.074300	0.110200
1627302137.103745	0.131100	0.964700	-0.224700	-1.299200	0.056900	0.086400
1627302137.111869	0.132400	0.971400	-0.214100	-1.277200	0.041700	0.058600
1627302137.119414	0.131600	0.974400	-0.205100	-1.253700	0.025200	0.027100
1627302137.120344	0.129900	0.972700	-0.189600	-1.226200	0.007100	-0.008600
1627302137.145224	0.127600	0.974700	-0.176300	-1.200000	-0.008400	-0.036700
1627302137.147459	0.122100	0.975100	-0.171600	-1.174600	-0.019400	-0.062400
1627302137.151043	0.120100	0.971300	-0.160500	-1.153200	-0.024900	-0.085900
1627302137.162090	0.118900	0.967400	-0.141400	-1.136100	-0.032000	-0.102400
1627302137.162999	0.114000	0.962400	-0.128800	-1.127300	-0.042300	-0.112800
1627302137.188618	0.108800	0.961200	-0.121800	-1.123000	-0.050000	-0.119800
1627302137.189848	0.107900	0.968900	-0.111900	-1.123300	-0.051800	-0.120400
1627302137.205366	0.103800	0.968500	-0.094100	-1.121500	-0.054900	-0.116100
1627302137.209771	0.098300	0.962800	-0.084400	-1.114400	-0.059100	-0.116400
