1627302394.664853	-0.968400	-0.045500	-0.251200	-0.042200	0.009200	0.002100
1627302394.665677	-0.968900	-0.043800	-0.252100	-0.040700	0.011000	0.004300
1627302394.666582	-0.969000	-0.041700	-0.253400	-0.037300	0.010100	0.003000
1627302394.667269	-0.966900	-0.040300	-0.251800	-0.037000	0.010100	0.003700
1627302394.667903	-0.964400	-0.036700	-0.249900	-0.037900	0.005500	0.000300
1627302394.670961	-0.962900	-0.032700	-0.251700	-0.033700	-0.000900	-0.001800
1627302394.671511	-0.964100	-0.030000	-0.247300	-0.031200	-0.003900	-0.003700
1627302394.672058	-0.964800	-0.031700	-0.247900	-0.031800	-0.005500	-0.003400
1627302394.672603	-0.965500	-0.029100	-0.248400	-0.033400	-0.008200	-0.005800
1627302394.673154	-0.966100	-0.027100	-0.249900	-0.033700	-0.007300	-0.004600
1627302394.673671	-0.966400	-0.025100	-0.248900	-0.028800	-0.007300	-0.004000
1627302394.674160	-0.966300	-0.024500	-0.249800	-0.023300	-0.008800	-0.005200
1627302394.674648	-0.964600	-0.026200	-0.251200	-0.017200	-0.007600	-0.003400
1627302394.675140	-0.965900	-0.026500	-0.250700	-0.012300	-0.000900	-0.002500
1627302394.675630	-0.963500	-0.026700	-0.254300	-0.005900	0.000300	-0.002100
1627302394.676093	-0.963900	-0.030300	-0.252400	0.002100	0.003700	-0.001800
1627302394.676538	-0.965000	-0.029500	-0.251100	0.007300	0.003700	-0.000300
1627302394.676982	-0.967700	-0.030200	-0.252300	0.013400	0.004900	0.000300
1627302394.677422	-0.965800	-0.031700	-0.254800	0.019200	0.005800	0.002100
1627302394.677856	-0.964500	-0.033700	-0.254000	0.020700	0.007000	0.004000
1627302394.678253	-0.965000	-0.034300	-0.252900	0.018900	0.007000	0.004300
1627302394.678652	-0.962800	-0.034100	-0.250900	0.015200	0.006400	0.003700
1627302394.679093	-0.964000	-0.036700	-0.250900	0.009100	0.006100	0.000300
1627302394.679490	-0.966600	-0.036900	-0.250700	0.006600	0.008300	-0.000900
1627302394.679888	-0.965600	-0.039800	-0.250900	0.003900	0.006400	-0.002500
1627302394.680324	-0.965700	-0.041000	-0.249900	0.001500	0.006100	-0.001500
1627302394.680720	-0.966400	-0.039600	-0.248800	-0.003400	0.004300	-0.001500
1627302394.681115	-0.966700	-0.040400	-0.246500	-0.006500	0.004300	-0.001800
1627302394.681555	-0.963500	-0.043500	-0.248400	-0.006800	0.004900	-0.000300
1627302394.681955	-0.966800	-0.044900	-0.245800	-0.013200	0.005500	0.000300
1627302394.682397	-0.968000	-0.043500	-0.248000	-0.015300	0.006100	-0.000600
1627302394.682801	-0.967300	-0.045400	-0.247800	-0.015700	0.009800	-0.000900
1627302394.683203	-0.966800	-0.044200	-0.248000	-0.019300	0.009800	-0.001500
1627302394.683636	-0.967400	-0.042700	-0.250200	-0.018700	0.009200	-0.000600
1627302394.684036	-0.965800	-0.041300	-0.250600	-0.019600	0.006400	-0.000900
1627302394.684436	-0.965500	-0.040600	-0.251500	-0.022400	0.005500	0.000600
1627302394.684876	-0.966800	-0.037600	-0.247900	-0.026300	0.007400	-0.000300
1627302394.685284	-0.966100	-0.036700	-0.248800	-0.029700	0.009500	0.000900
1627302394.685683	-0.966300	-0.035300	-0.247100	-0.030300	0.010100	0.000600
1627302394.686126	-0.967000	-0.037000	-0.248000	-0.027600	0.009800	0.001500
1627302394.686522	-0.967000	-0.034100	-0.245000	-0.026000	0.011300	-0.000000
1627302394.686947	-0.966600	-0.036900	-0.245600	-0.023300	0.012200	0.000900
1627302394.687367	-0.965700	-0.033800	-0.248200	-0.023000	0.008600	-0.000300
1627302394.687766	-0.964600	-0.031500	-0.248500	-0.018700	0.007400	-0.000300
1627302394.688207	-0.965300	-0.028100	-0.245500	-0.016000	0.005200	-0.000000
1627302394.688609	-0.964500	-0.029100	-0.247400	-0.010800	0.004000	-0.000300
1627302394.689027	-0.966600	-0.029500	-0.247600	-0.001600	0.005200	0.000300
1627302394.689471	-0.966100	-0.031200	-0.245600	0.002700	0.009500	0.001200
1627302394.689871	-0.965600	-0.033600	-0.245700	0.005700	0.011000	0.001500
1627302394.690274	-0.965700	-0.036700	-0.248800	0.006600	0.009200	0.003400
1627302394.690718	-0.968500	-0.036600	-0.250500	0.006300	0.007400	0.003400
1627302394.691116	-0.965200	-0.033900	-0.254400	0.008200	0.007400	0.003400
1627302394.691515	-0.965200	-0.035800	-0.253700	0.006300	0.006100	0.004000
1627302394.691954	-0.964600	-0.033600	-0.252300	0.005400	0.007400	0.005200
1627302394.692351	-0.964800	-0.034400	-0.253300	0.003000	0.008900	0.005200
1627302394.692793	-0.964000	-0.036000	-0.249900	0.000200	0.006400	0.003000
1627302394.693196	-0.966200	-0.037100	-0.252400	0.002400	0.009500	0.004600
1627302394.693595	-0.965000	-0.038800	-0.252700	0.002700	0.011600	0.005200
1627302394.694037	-0.964500	-0.040500	-0.253500	0.002400	0.010400	0.004900
1627302394.694437	-0.964600	-0.038800	-0.251600	0.003600	0.009200	0.006400
1627302394.694835	-0.963900	-0.036700	-0.252300	0.005400	0.008600	0.007300
1627302394.695278	-0.963900	-0.034300	-0.252000	0.008200	0.011300	0.007600
1627302394.695677	-0.966300	-0.033900	-0.251000	0.010300	0.015900	0.008800
1627302394.696074	-0.965200	-0.033900	-0.251600	0.016100	0.016800	0.007900
1627302394.696515	-0.965200	-0.033800	-0.250900	0.019500	0.017100	0.006700
1627302394.696915	-0.967900	-0.034900	-0.251300	0.021900	0.017100	0.007600
1627302394.697369	-0.965000	-0.038700	-0.251100	0.018300	0.018000	0.011300
1627302394.697843	-0.965000	-0.038800	-0.252400	0.012400	0.016800	0.011300
1627302394.698327	-0.964500	-0.040800	-0.254200	0.004800	0.018000	0.011600
1627302394.698847	-0.965900	-0.040800	-0.260300	0.011500	0.020200	0.011000
1627302394.699342	-0.976100	-0.044600	-0.255100	0.016700	0.027800	0.004000
1627302394.699803	-0.978000	-0.056800	-0.247600	0.003300	0.041600	-0.002100
1627302394.700240	-0.977400	-0.076700	-0.239000	-0.024800	0.066300	-0.006700
1627302394.700674	-0.971100	-0.088500	-0.231200	-0.068200	0.107200	-0.009800
1627302394.701125	-0.961300	-0.099900	-0.233800	-0.117400	0.146900	-0.009500
1627302394.701576	-0.960900	-0.110700	-0.252400	-0.148500	0.176000	-0.018300
1627302394.702025	-0.947400	-0.118400	-0.289300	-0.158600	0.195200	-0.039700
1627302394.702478	-0.914800	-0.117800	-0.328900	-0.158300	0.176300	-0.061700
1627302394.702933	-0.890000	-0.101600	-0.361200	-0.194600	0.128300	-0.090100
1627302394.703385	-0.879300	-0.065900	-0.373700	-0.271300	0.052600	-0.129200
1627302394.703836	-0.896000	-0.009900	-0.364000	-0.367800	-0.034200	-0.175600
1627302394.704285	-0.928100	0.058000	-0.331200	-0.451200	-0.092200	-0.215600
1627302394.704735	-0.961200	0.115600	-0.291100	-0.497600	-0.120900	-0.236400
1627302394.705185	-0.996700	0.155300	-0.251000	-0.492700	-0.119700	-0.226300
1627302394.705634	-1.009900	0.164300	-0.228600	-0.432000	-0.096200	-0.194300
1627302394.706090	-1.009200	0.158100	-0.232400	-0.316500	-0.075100	-0.157600
1627302394.706542	-1.006700	0.146900	-0.248000	-0.164700	-0.054300	-0.129500
1627302394.706992	-1.002000	0.132400	-0.264200	-0.016300	-0.022600	-0.115200
1627302394.707619	-0.993400	0.104500	-0.273400	0.091300	0.021700	-0.103900
1627302394.708085	-0.976300	0.078600	-0.279200	0.142300	0.064500	-0.092900
1627302394.708540	-0.962900	0.071500	-0.286600	0.166400	0.110900	-0.079400
1627302394.709013	-0.953000	0.073100	-0.288700	0.195700	0.124900	-0.076700
1627302394.709424	-0.945700	0.074300	-0.295700	0.241200	0.116400	-0.083400
1627302394.709834	-0.940900	0.072400	-0.293000	0.277600	0.101400	-0.092600
1627302394.710268	-0.937500	0.059300	-0.295400	0.294400	0.082800	-0.099600
1627302394.710678	-0.939800	0.043500	-0.297100	0.289200	0.070000	-0.109400
1627302394.711087	-0.948100	0.020600	-0.290600	0.263500	0.060500	-0.120300
1627302394.711519	-0.959200	-0.003700	-0.287000	0.221700	0.050100	-0.138700
1627302394.711941	-0.967700	-0.017100	-0.278700	0.180100	0.045200	-0.156700
1627302394.712374	-0.964700	-0.027600	-0.275800	0.142000	0.037600	-0.171000
1627302394.712806	-0.962000	-0.030400	-0.275000	0.099500	0.031800	-0.179900
1627302394.713206	-0.957600	-0.034800	-0.270900	0.048800	0.024500	-0.185400
1627302394.713617	-0.958600	-0.038500	-0.257600	-0.004700	0.017100	-0.192100
1627302394.714042	-0.960400	-0.039600	-0.245100	-0.057200	0.013800	-0.203400
1627302394.714442	-0.972400	-0.032100	-0.238600	-0.079200	0.011600	-0.216300
1627302394.714883	-0.976000	-0.026100	-0.237900	-0.073700	0.017700	-0.224500
1627302394.715281	-0.974000	-0.022100	-0.237800	-0.059600	0.021100	-0.229100
1627302394.715694	-0.967500	-0.018300	-0.238200	-0.045000	0.014100	-0.235200
1627302394.716155	-0.959500	-0.014900	-0.238800	-0.027900	0.000000	-0.237900
1627302394.716574	-0.949300	-0.013900	-0.240000	-0.012300	-0.024100	-0.241900
1627302394.716972	-0.949800	-0.016400	-0.246600	0.021000	-0.061700	-0.252600
1627302394.717561	-0.952400	-0.022800	-0.252000	0.069600	-0.100500	-0.264200
1627302394.718050	-0.948200	-0.035000	-0.256200	0.117500	-0.129800	-0.269400
1627302394.718631	-0.943200	-0.049200	-0.260600	0.157500	-0.157600	-0.272500
1627302394.719535	-0.945200	-0.061400	-0.263100	0.184700	-0.182000	-0.272500
1627302394.720279	-0.949000	-0.076500	-0.266600	0.211900	-0.198500	-0.268500
1627302394.720860	-0.959100	-0.091300	-0.276000	0.241200	-0.206100	-0.266300
1627302394.721477	-0.977100	-0.108600	-0.286300	0.287000	-0.199700	-0.258700
1627302394.722010	-0.981900	-0.119500	-0.296900	0.332800	-0.186600	-0.252000
1627302394.722598	-0.982800	-0.138500	-0.306300	0.375300	-0.171000	-0.237300
1627302394.723007	-0.975000	-0.147700	-0.315200	0.396100	-0.149900	-0.221800
1627302394.723431	-0.972500	-0.149200	-0.321400	0.412300	-0.127300	-0.205300
1627302394.723886	-0.975300	-0.151400	-0.323700	0.423600	-0.103800	-0.192400
1627302394.724290	-0.986100	-0.153200	-0.324200	0.429700	-0.077200	-0.183900
1627302394.724741	-1.001100	-0.154900	-0.322600	0.439100	-0.028700	-0.171700
1627302394.725180	-1.009400	-0.150500	-0.320800	0.451400	0.017700	-0.155500
1627302394.725736	-1.012000	-0.142300	-0.328100	0.476700	0.062600	-0.128000
1627302394.726167	-1.010000	-0.130100	-0.330900	0.511800	0.106000	-0.092600
1627302394.726624	-1.010100	-0.114000	-0.336700	0.555800	0.145400	-0.055600
1627302394.727032	-1.005400	-0.106400	-0.336400	0.601300	0.185100	-0.022300
1627302394.727484	-0.995000	-0.104400	-0.332300	0.644700	0.223900	0.009500
1627302394.727912	-0.986600	-0.104600	-0.324200	0.686200	0.261500	0.047000
1627302394.728338	-0.975500	-0.105800	-0.309000	0.704900	0.289900	0.077000
1627302394.728788	-0.965600	-0.115100	-0.293100	0.707600	0.303000	0.103800
1627302394.729201	-0.960000	-0.122800	-0.272700	0.700300	0.306100	0.130700
1627302394.729613	-0.965300	-0.129600	-0.251000	0.700000	0.311300	0.158500
1627302394.730054	-0.970900	-0.140300	-0.232200	0.707300	0.323200	0.181700
1627302394.730464	-0.978500	-0.148200	-0.213400	0.719200	0.351900	0.209800
1627302394.730874	-0.969100	-0.158400	-0.200200	0.732000	0.392500	0.241900
1627302394.731324	-0.950700	-0.167200	-0.196800	0.725900	0.419100	0.253800
1627302394.731736	-0.944700	-0.164800	-0.196400	0.715200	0.437400	0.267900
1627302394.732175	-0.937600	-0.154800	-0.199100	0.700600	0.455100	0.283700
1627302394.732587	-0.946300	-0.151600	-0.196700	0.684700	0.460000	0.292900
1627302394.732996	-0.959600	-0.149800	-0.193100	0.661800	0.466700	0.320100
1627302394.733439	-0.965900	-0.150500	-0.188000	0.635200	0.478600	0.367700
1627302394.733928	-0.958300	-0.152100	-0.184000	0.607400	0.463700	0.396100
1627302394.734389	-0.959100	-0.151700	-0.185100	0.602800	0.428900	0.411400
1627302394.734844	-0.963100	-0.158900	-0.188200	0.622100	0.391600	0.419000
1627302394.735297	-0.960400	-0.174400	-0.191000	0.648700	0.363200	0.421800
1627302394.735734	-0.948400	-0.184200	-0.195300	0.680400	0.340900	0.420600
1627302394.736179	-0.935100	-0.204800	-0.210600	0.714600	0.313700	0.411400
1627302394.736596	-0.939600	-0.216200	-0.226600	0.749200	0.273400	0.395200
1627302394.737043	-0.936400	-0.224000	-0.239300	0.772400	0.241900	0.383000
1627302394.737462	-0.925500	-0.224600	-0.252300	0.784000	0.213200	0.369900
1627302394.737879	-0.908400	-0.226400	-0.261400	0.781200	0.177500	0.357300
1627302394.738329	-0.892600	-0.225500	-0.271600	0.759500	0.136600	0.341800
1627302394.738801	-0.880200	-0.213700	-0.281100	0.727800	0.087400	0.331400
1627302394.739232	-0.884500	-0.204600	-0.284700	0.697200	0.034200	0.311200
1627302394.739717	-0.903700	-0.195300	-0.277200	0.676500	-0.020400	0.279500
1627302394.740155	-0.919600	-0.196300	-0.272000	0.664200	-0.050400	0.252900
1627302394.740556	-0.932500	-0.193400	-0.261000	0.648100	-0.067200	0.229100
1627302394.741146	-0.936000	-0.200000	-0.257100	0.627900	-0.069600	0.206800
1627302394.741573	-0.926600	-0.204500	-0.257300	0.589100	-0.073600	0.185700
1627302394.741991	-0.914300	-0.204200	-0.262800	0.536300	-0.073000	0.164000
1627302394.742424	-0.910200	-0.206900	-0.267300	0.475500	-0.072100	0.138000
1627302394.742826	-0.909500	-0.209600	-0.271600	0.404300	-0.054600	0.111800
1627302394.743271	-0.911400	-0.211400	-0.277600	0.348400	-0.031400	0.086400
1627302394.743674	-0.915400	-0.208000	-0.282700	0.310900	-0.001800	0.061100
1627302394.744074	-0.922500	-0.206100	-0.292400	0.282100	0.026600	0.035400
1627302394.744517	-0.931200	-0.203600	-0.301500	0.264700	0.055900	0.017100
1627302394.744918	-0.944100	-0.200400	-0.309200	0.253100	0.078500	0.005500
1627302394.745319	-0.950400	-0.203100	-0.313400	0.234500	0.098400	-0.000300
1627302394.745771	-0.953600	-0.202400	-0.311900	0.202700	0.110300	0.001800
1627302394.746184	-0.956200	-0.203400	-0.308800	0.162400	0.116400	0.007300
1627302394.746642	-0.958100	-0.203700	-0.300000	0.113200	0.120700	0.009500
1627302394.747083	-0.956100	-0.208500	-0.293300	0.062800	0.130100	0.011300
1627302394.747482	-0.954000	-0.212400	-0.289400	0.014000	0.138700	0.003000
1627302394.747967	-0.956900	-0.215800	-0.284900	-0.034000	0.151200	-0.013100
1627302394.748365	-0.960000	-0.219600	-0.285500	-0.084700	0.166800	-0.033000
1627302394.748778	-0.957800	-0.217400	-0.285200	-0.130800	0.179900	-0.049200
1627302394.749215	-0.950700	-0.219000	-0.289900	-0.165000	0.183900	-0.060800
1627302394.749625	-0.940400	-0.210300	-0.290300	-0.197700	0.172300	-0.067800
1627302394.750035	-0.935100	-0.203900	-0.288300	-0.232800	0.151500	-0.077300
1627302394.750532	-0.934800	-0.194500	-0.288900	-0.264300	0.125600	-0.090100
1627302394.750972	-0.934900	-0.185300	-0.288300	-0.295700	0.105100	-0.104500
1627302394.751387	-0.926600	-0.180400	-0.286900	-0.322000	0.087100	-0.117300
1627302394.751830	-0.919700	-0.182100	-0.285400	-0.352800	0.068100	-0.128300
1627302394.752242	-0.916600	-0.175400	-0.280900	-0.382200	0.045800	-0.142600
1627302394.752680	-0.916400	-0.168500	-0.278200	-0.400200	0.023500	-0.159400
1627302394.753087	-0.915300	-0.157600	-0.275800	-0.400200	0.009200	-0.180500
1627302394.753496	-0.912400	-0.152000	-0.270800	-0.391000	0.000600	-0.196400
1627302394.753936	-0.909200	-0.155200	-0.268700	-0.381900	-0.003300	-0.208900
1627302394.754347	-0.909300	-0.158700	-0.262800	-0.369000	-0.007300	-0.217200
1627302394.754766	-0.912500	-0.163000	-0.259800	-0.360800	-0.013100	-0.223900
1627302394.755203	-0.918300	-0.169900	-0.257900	-0.347400	-0.020700	-0.231200
1627302394.755612	-0.923200	-0.178200	-0.257700	-0.328700	-0.029000	-0.242200
1627302394.756022	-0.928000	-0.188100	-0.258900	-0.314100	-0.037800	-0.251100
1627302394.756459	-0.932300	-0.198100	-0.259600	-0.307600	-0.046100	-0.255700
1627302394.756870	-0.933100	-0.205600	-0.261500	-0.311000	-0.062900	-0.258700
1627302394.757292	-0.930800	-0.214100	-0.264200	-0.327200	-0.083400	-0.263000
1627302394.757713	-0.924000	-0.217400	-0.261700	-0.356800	-0.103200	-0.263600
1627302394.758121	-0.915400	-0.220500	-0.262700	-0.387700	-0.121800	-0.260500
1627302394.758553	-0.906200	-0.223500	-0.264200	-0.427700	-0.144400	-0.265400
1627302394.758963	-0.905200	-0.219000	-0.262700	-0.471700	-0.172900	-0.276400
1627302394.759360	-0.899300	-0.221900	-0.262300	-0.511700	-0.200300	-0.289600
1627302394.759800	-0.907700	-0.224400	-0.258300	-0.561500	-0.226600	-0.310600
1627302394.760198	-0.918000	-0.229700	-0.256100	-0.622200	-0.243700	-0.332300
1627302394.761909	-0.918600	-0.228800	-0.259400	-0.673200	-0.254400	-0.350900
1627302394.762360	-0.923300	-0.231200	-0.265300	-0.720900	-0.260500	-0.365600
1627302394.762791	-0.920500	-0.228900	-0.271500	-0.765800	-0.269700	-0.370500
1627302394.763250	-0.923500	-0.216700	-0.272200	-0.809500	-0.287400	-0.363200
1627302394.764946	-0.913300	-0.202000	-0.269500	-0.834200	-0.292000	-0.363500
1627302394.765341	-0.905500	-0.187600	-0.265600	-0.854400	-0.320700	-0.356800
1627302394.765780	-0.913900	-0.175800	-0.260900	-0.876100	-0.346300	-0.347000
1627302394.767851	-0.920900	-0.168000	-0.256200	-0.885500	-0.355200	-0.333500
1627302394.768248	-0.928500	-0.162100	-0.254600	-0.891000	-0.357900	-0.320100
1627302394.768643	-0.939800	-0.154700	-0.254500	-0.881200	-0.359800	-0.307300
1627302394.769084	-0.950900	-0.146500	-0.254000	-0.857700	-0.354300	-0.288300
1627302394.771117	-0.954600	-0.133300	-0.254400	-0.824400	-0.340800	-0.256600
1627302394.771558	-0.945100	-0.115000	-0.264500	-0.767600	-0.321600	-0.205900
1627302394.771956	-0.944000	-0.103900	-0.277700	-0.704700	-0.311200	-0.150300
1627302394.773660	-0.944100	-0.092200	-0.294100	-0.644500	-0.306000	-0.095900
1627302394.774103	-0.941500	-0.081900	-0.297900	-0.576400	-0.297800	-0.043100
1627302394.774501	-0.943200	-0.064800	-0.291600	-0.497000	-0.296600	0.009200
1627302394.774942	-0.941800	-0.052900	-0.284400	-0.464000	-0.293500	0.063800
1627302394.776644	-0.933700	-0.044700	-0.274400	-0.461600	-0.281300	0.129500
1627302394.777050	-0.908800	-0.051800	-0.254900	-0.415800	-0.281300	0.221700
1627302394.777484	-0.896700	-0.060100	-0.231100	-0.337600	-0.303600	0.294400
1627302394.779542	-0.888400	-0.063500	-0.209800	-0.223300	-0.341100	0.360400
1627302394.779938	-0.899400	-0.067600	-0.191400	-0.082200	-0.369900	0.421500
1627302394.780335	-0.916300	-0.078600	-0.175200	0.067400	-0.374100	0.482000
1627302394.781992	-0.939800	-0.100200	-0.150800	0.191400	-0.348800	0.520400
1627302394.782388	-0.956100	-0.131500	-0.105000	0.281800	-0.312400	0.526300
1627302394.782826	-0.959000	-0.182600	-0.054400	0.341100	-0.292300	0.518000
1627302394.783222	-0.962300	-0.236300	-0.028400	0.382600	-0.319800	0.491700
1627302394.785296	-0.992300	-0.275600	-0.014300	0.373800	-0.376600	0.435500
1627302394.785695	-1.049900	-0.292400	-0.004200	0.300800	-0.436400	0.350900
1627302394.786095	-1.111300	-0.295800	-0.023700	0.243100	-0.459000	0.266900
1627302394.787775	-1.180500	-0.289700	-0.113300	0.273900	-0.409600	0.206800
1627302394.788172	-1.250400	-0.263700	-0.262000	0.431200	-0.275500	0.191500
1627302394.788603	-1.266100	-0.233900	-0.382900	0.662400	-0.045500	0.213500
1627302394.789004	-1.225000	-0.157700	-0.430400	0.776900	0.211400	0.257800
1627302394.789405	-1.106700	-0.092200	-0.389200	0.806000	0.412700	0.317900
1627302394.791979	-0.941500	-0.131300	-0.281600	0.650800	0.376300	0.390600
1627302394.792400	-0.907300	-0.217000	-0.166100	0.209500	0.133800	0.397700
1627302394.792796	-0.947500	-0.279800	-0.135400	-0.232800	-0.007600	0.343000
1627302394.794866	-0.949600	-0.263800	-0.199200	-0.465200	-0.109000	0.303300
1627302394.795262	-0.964200	-0.177000	-0.209500	-0.644500	-0.233300	0.318600
1627302394.795703	-0.997800	-0.075900	-0.103800	-0.989400	-0.291700	0.388200
1627302394.796101	-1.038500	0.051600	-0.019800	-1.343700	-0.276100	0.492700
1627302394.796503	-1.044900	0.178000	-0.009900	-1.438700	-0.191500	0.611800
1627302394.798572	-1.025100	0.264400	-0.040800	-1.215400	-0.100800	0.702200
1627302394.799013	-1.003900	0.291900	-0.079500	-0.733700	-0.007000	0.722000
1627302394.799410	-0.970300	0.243500	-0.161600	0.031700	0.110600	0.672900
1627302394.799811	-0.940600	0.185900	-0.235200	0.684700	0.241000	0.633200
1627302394.801888	-0.911600	0.137700	-0.278200	1.094600	0.343600	0.609300
1627302394.802330	-0.892100	0.119100	-0.330200	1.354500	0.422400	0.580900
1627302394.802729	-0.901900	0.084200	-0.381800	1.531100	0.500300	0.547900
1627302394.803128	-0.895800	0.052400	-0.395900	1.574400	0.574500	0.516800
1627302394.805182	-0.914400	0.024400	-0.373400	1.492900	0.570000	0.463000
1627302394.805576	-0.937900	-0.004400	-0.333600	1.319100	0.569000	0.394000
1627302394.806015	-0.948200	-0.003900	-0.315600	1.211300	0.572400	0.371100
1627302394.807796	-0.967000	0.003400	-0.323600	1.180400	0.565700	0.358900
1627302394.808227	-0.969500	0.008100	-0.302500	1.211300	0.552900	0.336300
1627302394.808624	-0.960600	0.004200	-0.253400	1.244300	0.509200	0.297200
1627302394.809019	-0.969000	-0.005400	-0.217200	1.205500	0.426400	0.276100
1627302394.811092	-0.973900	0.000600	-0.207600	1.111700	0.315200	0.275500
1627302394.811512	-0.989600	-0.022900	-0.224500	0.871900	0.212300	0.303900
1627302394.811929	-1.014300	-0.046100	-0.246500	0.649900	0.139900	0.306600
1627302394.812325	-1.040900	-0.055900	-0.267600	0.402200	0.099000	0.278500
1627302394.814415	-1.045700	-0.049700	-0.287400	0.156000	0.095300	0.248600
1627302394.814816	-1.020400	-0.048300	-0.296800	-0.045000	0.106300	0.238500
1627302394.815255	-0.977700	-0.043700	-0.296600	-0.193400	0.085200	0.234900
1627302394.815654	-0.936200	-0.035600	-0.290300	-0.327500	0.035800	0.210100
1627302394.816055	-0.909800	-0.019400	-0.282100	-0.467100	-0.036600	0.155800
1627302394.818634	-0.898200	0.014800	-0.278100	-0.561500	-0.081800	0.105100
1627302394.819028	-0.889800	0.048000	-0.267100	-0.632900	-0.135300	0.058600
1627302394.819443	-0.892300	0.067300	-0.277300	-0.685800	-0.191500	0.024400
1627302394.819872	-0.901100	0.096200	-0.283300	-0.726700	-0.259900	-0.000300
1627302394.821947	-0.915300	0.117700	-0.265100	-0.742300	-0.322800	-0.022300
1627302394.822361	-0.915500	0.122400	-0.242600	-0.780100	-0.399200	-0.027200
1627302394.822762	-0.918200	0.149300	-0.261500	-0.776500	-0.492900	-0.023500
1627302394.823204	-0.936600	0.198200	-0.290900	-0.707500	-0.565900	-0.033900
1627302394.825232	-0.955300	0.246500	-0.318000	-0.574900	-0.596500	-0.041900
1627302394.825672	-0.962400	0.273400	-0.326900	-0.421600	-0.598900	-0.047300
1627302394.826073	-0.971700	0.277100	-0.322400	-0.262700	-0.571400	-0.062000
1627302394.826468	-0.964100	0.266500	-0.325700	-0.129300	-0.510400	-0.083400
1627302396.694979	-0.806800	-0.101100	-0.315100	-0.505000	0.183600	-0.044000
1627302396.712815	-1.008500	0.070100	-0.150800	0.419000	0.002800	-0.030900
1627302396.723197	-1.010900	0.071000	-0.163900	0.404900	0.048600	-0.040300
1627302396.724097	-1.008300	0.061800	-0.150900	0.370400	0.076400	-0.048300
1627302396.731076	-1.005100	0.038800	-0.135600	0.333800	0.096200	-0.045800
1627302396.741086	-0.975700	0.022100	-0.116800	0.276000	0.109400	-0.037000
1627302396.764945	-0.924200	0.024200	-0.124800	0.218000	0.092300	-0.025100
1627302396.765792	-0.915400	0.050200	-0.137900	0.147400	0.049200	-0.032700
1627302396.773438	-0.945300	0.099700	-0.137600	0.080300	0.032700	-0.078200
1627302396.786408	-0.973000	0.143300	-0.120500	0.069000	0.043400	-0.125200
1627302396.787107	-0.993200	0.172500	-0.095800	0.103800	0.046800	-0.159100
1627302396.808978	-1.018600	0.179000	-0.081800	0.166400	0.051300	-0.182700
1627302396.811007	-1.035300	0.165600	-0.077800	0.258900	0.055600	-0.188200
1627302396.822258	-1.041400	0.137200	-0.073100	0.352700	0.057100	-0.176200
1627302396.829351	-1.023200	0.099900	-0.072300	0.403100	0.049800	-0.150600
1627302396.850187	-0.986500	0.061400	-0.087300	0.403400	0.028400	-0.122200
1627302396.851132	-0.944600	0.037700	-0.111700	0.380200	0.002200	-0.103200
1627302396.869105	-0.941800	0.034300	-0.135300	0.353000	-0.028400	-0.108400
1627302396.884365	-0.966600	0.055900	-0.143600	0.325800	-0.042400	-0.148400
1627302396.885277	-0.989600	0.080800	-0.139400	0.319400	-0.045800	-0.189400
1627302396.893448	-0.992200	0.090900	-0.134600	0.322200	-0.047900	-0.215000
1627302396.912763	-0.996100	0.088000	-0.121300	0.304100	-0.056200	-0.236400
1627302396.913764	-1.002400	0.081200	-0.109300	0.277300	-0.073900	-0.252300
1627302396.922217	-1.009500	0.070700	-0.105000	0.268100	-0.085800	-0.259600
1627302396.931991	-0.990700	0.055200	-0.101100	0.256200	-0.091000	-0.252900
1627302396.952637	-0.959600	0.036000	-0.108300	0.247300	-0.103800	-0.231200
1627302396.953588	-0.948900	0.029500	-0.123300	0.242700	-0.128000	-0.221800
1627302396.960991	-0.958000	0.036400	-0.132900	0.241200	-0.140500	-0.238200
1627302396.971649	-0.972800	0.046500	-0.140500	0.245200	-0.149000	-0.276700
1627302396.972535	-0.989300	0.050400	-0.137200	0.236300	-0.143800	-0.318600
1627302396.994557	-0.997800	0.051900	-0.127200	0.205500	-0.129800	-0.353700
1627302397.007279	-0.999600	0.047400	-0.121100	0.162400	-0.115100	-0.376600
1627302397.015487	-0.996700	0.044700	-0.121300	0.117200	-0.102900	-0.386100
1627302397.016392	-0.992800	0.038000	-0.123500	0.077500	-0.092200	-0.392500
1627302397.040002	-0.990200	0.033600	-0.131800	0.053400	-0.088200	-0.397700
1627302397.040826	-0.980300	0.034700	-0.142700	0.050900	-0.078200	-0.394000
1627302397.052343	-0.974100	0.039700	-0.148700	0.054600	-0.058600	-0.387300
1627302397.059139	-0.977900	0.045800	-0.153300	0.054000	-0.036000	-0.391300
1627302397.079851	-0.985100	0.064900	-0.159900	0.062800	-0.008500	-0.404700
1627302397.080872	-0.984700	0.081200	-0.165300	0.097700	0.017400	-0.418800
1627302397.096580	-0.987100	0.090100	-0.157600	0.139500	0.033600	-0.434000
1627302397.100674	-0.989100	0.086800	-0.140400	0.179200	0.069100	-0.439800
1627302397.101577	-0.981700	0.084800	-0.124000	0.196600	0.098700	-0.438000
1627302397.131675	-0.972400	0.078100	-0.120400	0.209500	0.109100	-0.440400
1627302397.132499	-0.973000	0.073100	-0.126100	0.234200	0.106000	-0.445600
1627302397.141062	-0.986500	0.072100	-0.133300	0.262000	0.100800	-0.462100
1627302397.163783	-1.002600	0.070100	-0.136100	0.279100	0.114000	-0.480800
1627302397.164596	-1.006200	0.061400	-0.132900	0.280600	0.138100	-0.489300
1627302397.172270	-1.011000	0.042700	-0.125400	0.258600	0.151500	-0.493300
1627302397.185446	-1.009400	0.030300	-0.116100	0.219500	0.166800	-0.491100
1627302397.207520	-0.999400	0.017800	-0.110100	0.192700	0.175300	-0.486000
1627302397.209862	-0.992400	0.004000	-0.111500	0.173700	0.174700	-0.474300
1627302397.211033	-0.999600	-0.005500	-0.123400	0.163900	0.186000	-0.472200
1627302397.220326	-1.012500	-0.008400	-0.135400	0.156900	0.215000	-0.472200
1627302397.240130	-1.034300	-0.017700	-0.142200	0.137100	0.273700	-0.466100
1627302397.241094	-1.037700	-0.040500	-0.147200	0.082700	0.372000	-0.431300
1627302397.252297	-1.031600	-0.059400	-0.159500	0.025600	0.468900	-0.378700
1627302397.264099	-1.027200	-0.077500	-0.179600	0.007300	0.549200	-0.319500
1627302397.282217	-1.029900	-0.114100	-0.211900	0.010900	0.615200	-0.252900
1627302397.283365	-1.034500	-0.106000	-0.243900	0.036000	0.701600	-0.190900
1627302397.298504	-1.047600	-0.122600	-0.277700	0.101600	0.797800	-0.162200
1627302397.306572	-1.094000	-0.139900	-0.291700	0.127600	0.891900	-0.151800
1627302397.307477	-1.097300	-0.149700	-0.302100	0.140700	1.056800	-0.141700
1627302397.327265	-1.078100	-0.172700	-0.308200	0.135200	1.182700	-0.117000
1627302397.330949	-1.057700	-0.207200	-0.312700	0.102600	1.247400	-0.115800
1627302397.346285	-1.076800	-0.234100	-0.326500	0.064100	1.248600	-0.122200
1627302397.351598	-1.112800	-0.254900	-0.358500	0.061900	1.233100	-0.125200
1627302397.371291	-1.130000	-0.254800	-0.378500	0.103200	1.201000	-0.107500
1627302397.372106	-1.118400	-0.253800	-0.375000	0.173700	1.149100	-0.049500
1627302397.382263	-1.090800	-0.246000	-0.375200	0.261400	1.079700	0.066900
1627302397.391749	-1.078700	-0.231600	-0.386600	0.342300	1.026900	0.178100
1627302397.414753	-1.063200	-0.202900	-0.404200	0.474600	1.004600	0.285900
1627302397.416272	-1.060800	-0.172900	-0.412200	0.664900	0.990500	0.378400
1627302397.431191	-1.068000	-0.156200	-0.396400	0.868300	1.000300	0.453900
1627302397.436755	-1.071500	-0.154500	-0.377100	1.067400	1.040600	0.502100
1627302397.437655	-1.067900	-0.173000	-0.358900	1.242100	1.105400	0.529300
1627302397.458480	-1.062600	-0.199300	-0.354100	1.363100	1.178100	0.549500
1627302397.459875	-1.065300	-0.231100	-0.370800	1.399400	1.224200	0.584600
1627302397.474947	-1.095000	-0.263200	-0.378300	1.405200	1.252300	0.662200
1627302397.479150	-1.098400	-0.306000	-0.373200	1.474200	1.346100	0.764800
1627302397.502042	-1.077000	-0.328100	-0.375500	1.647700	1.510400	0.836900
1627302397.503888	-1.074500	-0.318500	-0.377700	1.804700	1.703100	0.859200
1627302397.518942	-1.074100	-0.279700	-0.390900	1.757400	1.886100	0.823400
1627302397.522811	-1.043500	-0.215800	-0.425300	1.510000	1.995400	0.748000
1627302397.523705	-1.019300	-0.169600	-0.468800	1.265900	1.971300	0.702200
1627302397.546813	-0.986300	-0.126500	-0.506100	1.045400	1.918800	0.667700
1627302397.549221	-0.942100	-0.101700	-0.514800	0.934200	1.843000	0.650000
1627302397.561869	-0.920400	-0.087900	-0.474600	0.878300	1.758700	0.633500
1627302397.575932	-0.911300	-0.125700	-0.424100	0.823100	1.731500	0.629500
1627302397.591547	-0.919800	-0.183000	-0.408800	0.695700	1.704300	0.564400
1627302397.596339	-0.931900	-0.202800	-0.426600	0.560700	1.746800	0.491700
1627302397.596852	-0.922500	-0.193400	-0.467000	0.556700	1.818900	0.419700
1627302397.620766	-0.926300	-0.221600	-0.513800	0.616300	1.887000	0.365600
1627302397.622112	-0.940200	-0.259900	-0.539700	0.638900	1.953000	0.316400
1627302397.629231	-0.939300	-0.257000	-0.546500	0.657500	2.013100	0.247700
1627302397.639111	-0.905600	-0.255900	-0.543800	0.636100	2.047300	0.191800
1627302397.659423	-0.869000	-0.271600	-0.521200	0.492300	2.054400	0.166500
1627302397.660767	-0.830100	-0.234600	-0.517500	0.304700	2.028700	0.164900
1627302397.668084	-0.816700	-0.245800	-0.547400	0.186900	1.970700	0.165800
1627302397.677731	-0.792100	-0.220100	-0.574600	0.106200	1.921500	0.164300
1627302397.701244	-0.777700	-0.202500	-0.573500	0.086100	1.920600	0.152100
1627302397.702642	-0.792700	-0.204800	-0.620200	0.146500	1.904700	0.148100
1627302397.709816	-0.780600	-0.217000	-0.611700	0.231700	1.911700	0.180800
1627302397.719117	-0.753300	-0.234700	-0.599400	0.376800	1.996300	0.193300
1627302397.740119	-0.725800	-0.200700	-0.623400	0.499900	1.979500	0.168600
1627302397.740927	-0.713300	-0.166300	-0.639400	0.585400	1.957200	0.117900
1627302397.748573	-0.677100	-0.153200	-0.648300	0.571400	1.903800	0.072400
1627302397.760540	-0.656900	-0.146600	-0.678000	0.504200	1.824700	0.036600
1627302397.761448	-0.645600	-0.137700	-0.712800	0.452300	1.743700	0.026300
1627302397.785265	-0.627600	-0.124900	-0.716400	0.501100	1.715600	-0.032100
1627302397.788489	-0.610200	-0.199700	-0.684200	0.590000	1.711400	-0.073300
1627302397.799917	-0.577600	-0.252300	-0.639400	0.510300	1.713200	-0.103500
1627302397.806631	-0.558500	-0.248900	-0.659100	0.414700	1.681400	-0.147200
1627302397.829106	-0.531700	-0.222300	-0.731600	0.370400	1.618500	-0.194600
1627302397.830007	-0.542000	-0.205700	-0.796000	0.304100	1.521700	-0.250500
1627302397.834939	-0.546400	-0.226100	-0.763800	0.217400	1.511300	-0.290200
1627302397.858285	-0.479000	-0.280900	-0.709500	0.216500	1.482600	-0.333800
1627302397.869110	-0.463300	-0.242600	-0.634200	0.259200	1.387600	-0.325000
1627302397.870001	-0.460000	-0.238900	-0.656900	0.223200	1.448100	-0.357700
1627302397.877356	-0.413300	-0.218600	-0.692700	0.160900	1.405600	-0.358000
1627302397.897484	-0.383200	-0.218300	-0.740400	0.125800	1.389400	-0.385500
1627302397.898841	-0.362700	-0.204800	-0.770100	0.109300	1.358900	-0.409000
1627302397.914257	-0.331500	-0.212200	-0.777700	0.087900	1.324100	-0.420300
1627302397.919026	-0.310700	-0.206500	-0.772200	0.111100	1.233100	-0.398300
1627302397.941953	-0.287600	-0.203100	-0.750600	0.121500	1.196700	-0.378400
1627302397.950479	-0.262900	-0.197500	-0.740100	0.145600	1.116700	-0.360400
1627302397.951375	-0.263700	-0.208600	-0.765100	0.142600	1.048300	-0.363500
1627302397.959857	-0.264200	-0.207000	-0.799600	0.124800	0.974700	-0.372000
1627302397.964658	-0.275100	-0.222000	-0.826700	0.112600	0.935600	-0.371400
1627302397.988168	-0.294300	-0.237700	-0.827300	0.133700	0.924600	-0.343300
1627302397.989006	-0.310500	-0.258700	-0.797000	0.238800	0.929800	-0.302400
1627302397.998767	-0.315800	-0.255600	-0.768800	0.286700	0.925200	-0.299300
1627302398.003394	-0.293300	-0.251700	-0.758800	0.267500	0.898000	-0.326500
1627302398.019751	-0.231400	-0.258200	-0.741600	0.167900	0.857400	-0.372600
1627302398.033221	-0.171400	-0.271600	-0.717400	0.076300	0.782200	-0.430400
1627302398.034202	-0.130900	-0.267900	-0.700300	0.025900	0.675000	-0.475900
1627302398.056282	-0.100600	-0.264600	-0.727200	-0.030000	0.567500	-0.497600
1627302398.058476	-0.057700	-0.265400	-0.773300	-0.137500	0.446000	-0.497300
1627302398.068535	-0.032100	-0.267200	-0.762000	-0.176300	0.350400	-0.472200
1627302398.078014	0.002600	-0.280000	-0.739000	-0.153700	0.235800	-0.442900
1627302398.102488	0.037800	-0.293800	-0.748900	-0.100600	0.070900	-0.422700
1627302398.103900	0.059200	-0.301100	-0.763900	-0.037000	-0.106300	-0.419100
1627302398.117939	0.071500	-0.309600	-0.772600	0.003600	-0.300500	-0.417800
1627302398.118826	0.055800	-0.312700	-0.759400	-0.020800	-0.496600	-0.422700
1627302398.122247	0.014000	-0.310300	-0.712000	-0.087100	-0.697300	-0.436800
1627302398.145747	-0.007900	-0.317000	-0.663700	-0.133500	-0.844500	-0.444400
1627302398.156654	-0.036300	-0.297700	-0.649200	-0.217800	-0.974300	-0.452000
1627302398.157548	-0.061300	-0.269300	-0.661300	-0.277100	-1.088800	-0.455400
1627302398.166112	-0.092900	-0.265700	-0.669800	-0.330600	-1.215600	-0.470700
1627302398.184632	-0.139900	-0.248000	-0.665900	-0.377300	-1.335300	-0.469500
1627302398.199909	-0.200600	-0.237100	-0.612200	-0.365100	-1.421800	-0.465500
1627302398.205356	-0.250000	-0.255000	-0.570900	-0.313100	-1.500000	-0.464600
1627302398.223969	-0.276200	-0.249500	-0.563000	-0.265200	-1.548200	-0.457900
1627302398.225005	-0.283100	-0.246100	-0.601900	-0.219100	-1.625500	-0.462100
1627302398.228396	-0.314200	-0.183000	-0.656600	-0.180600	-1.715600	-0.470100
1627302398.236576	-0.328900	-0.256600	-0.725700	-0.116100	-1.772400	-0.495400
1627302398.256666	-0.360800	-0.269200	-0.734100	-0.187300	-1.833200	-0.446900
1627302398.257559	-0.427900	-0.287600	-0.745100	-0.092600	-1.867100	-0.367100
1627302398.268628	-0.466100	-0.278400	-0.722700	0.001800	-1.881400	-0.304800
1627302398.273463	-0.470100	-0.315900	-0.671000	-0.063000	-1.895200	-0.250800
1627302398.296799	-0.471400	-0.333600	-0.664100	-0.199200	-1.980700	-0.242200
1627302398.297699	-0.450100	-0.315200	-0.698400	-0.197400	-2.068400	-0.265400
1627302398.308686	-0.450900	-0.257600	-0.788100	-0.123200	-2.171300	-0.296300
1627302398.316018	-0.490600	-0.180300	-0.859700	-0.017800	-2.258600	-0.372900
1627302398.338277	-0.506000	-0.213900	-0.811600	-0.166800	-2.346600	-0.379000
1627302398.346709	-0.517200	-0.252800	-0.759900	-0.394100	-2.422400	-0.342100
1627302398.347599	-0.542200	-0.302200	-0.697100	-0.572800	-2.558900	-0.296300
1627302398.357690	-0.584600	-0.372400	-0.604200	-0.751100	-2.623600	-0.234600
1627302398.377035	-0.578500	-0.436900	-0.540000	-0.768800	-2.642900	-0.214700
1627302398.387973	-0.606700	-0.481400	-0.515500	-0.697700	-2.694500	-0.225100
1627302398.388873	-0.679900	-0.461300	-0.557900	-0.623500	-2.753100	-0.259900
1627302398.397426	-0.757100	-0.365200	-0.640700	-0.421300	-2.755000	-0.369900
1627302398.398494	-0.814500	-0.272000	-0.665300	-0.385800	-2.718000	-0.485600
1627302398.429111	-0.845100	-0.158800	-0.675500	-0.404800	-2.672800	-0.606600
1627302398.429921	-0.901100	-0.149900	-0.652200	-0.466800	-2.652400	-0.669500
1627302398.437185	-0.939500	-0.184600	-0.576800	-0.636000	-2.554600	-0.644800
1627302398.445795	-0.947600	-0.257300	-0.499400	-0.708100	-2.414700	-0.570600
1627302398.467700	-0.942300	-0.338700	-0.467200	-0.725500	-2.332900	-0.489000
1627302398.468523	-0.944300	-0.354600	-0.471200	-0.739800	-2.321900	-0.432500
1627302398.478667	-0.947100	-0.320200	-0.514500	-0.698900	-2.344200	-0.427600
1627302398.487424	-0.985800	-0.244000	-0.583100	-0.574900	-2.376200	-0.481100
1627302398.512708	-0.998800	-0.173100	-0.629200	-0.442600	-2.376500	-0.581900
1627302398.513868	-1.001000	-0.174900	-0.604100	-0.434100	-2.336800	-0.658200
1627302398.516124	-1.001600	-0.236000	-0.531900	-0.566000	-2.275800	-0.642900
1627302398.531405	-1.008100	-0.315100	-0.457300	-0.789600	-2.217700	-0.552500
1627302398.533069	-1.016800	-0.382600	-0.427500	-0.965900	-2.127900	-0.459400
1627302398.551375	-1.033700	-0.404400	-0.434000	-1.033400	-2.071400	-0.410800
1627302398.561035	-1.062700	-0.390700	-0.453900	-1.049200	-1.982200	-0.370500
1627302398.569643	-1.078700	-0.345500	-0.485100	-0.996100	-1.863400	-0.325300
1627302398.576693	-1.065300	-0.288800	-0.524000	-0.877000	-1.742800	-0.292600
1627302398.597537	-1.033700	-0.245600	-0.531000	-0.790200	-1.646000	-0.263600
1627302398.598489	-0.980100	-0.246300	-0.492400	-0.823200	-1.591000	-0.218400
1627302398.608475	-0.943200	-0.264400	-0.447600	-0.959700	-1.589100	-0.156700
1627302398.615407	-0.938100	-0.263700	-0.422700	-1.081300	-1.580000	-0.089200
1627302398.638717	-0.947300	-0.243900	-0.408700	-1.162600	-1.568400	-0.023200
1627302398.639623	-0.958100	-0.204600	-0.392300	-1.179300	-1.515800	0.012500
1627302398.648432	-0.973100	-0.167400	-0.383700	-1.108800	-1.432100	0.085800
1627302398.659225	-0.999900	-0.128100	-0.387200	-0.969800	-1.294700	0.184200
1627302398.660113	-1.013800	-0.105500	-0.385500	-0.738900	-1.094300	0.282500
1627302398.683308	-1.005900	-0.117400	-0.373000	-0.562400	-0.962700	0.349700
1627302398.685933	-0.995800	-0.152200	-0.366800	-0.423700	-0.865900	0.352200
1627302398.704199	-1.002600	-0.206500	-0.364500	-0.352500	-0.811800	0.306300
1627302398.705111	-1.021600	-0.281400	-0.350300	-0.330600	-0.770900	0.244300
1627302398.728944	-1.042000	-0.349400	-0.314600	-0.336100	-0.701900	0.193600
1627302398.732318	-1.088300	-0.379900	-0.301800	-0.372400	-0.595900	0.151800
1627302398.737166	-1.108800	-0.443600	-0.307100	-0.387700	-0.444100	0.147500
1627302398.758300	-1.103600	-0.500400	-0.357200	-0.303400	-0.255300	0.202800
1627302398.766700	-1.082400	-0.528600	-0.392700	-0.266400	-0.131300	0.262700
1627302398.767599	-1.020400	-0.476900	-0.440400	-0.296300	-0.040000	0.359200
1627302398.779861	-0.995700	-0.315600	-0.530000	-0.368400	-0.013700	0.482300
1627302398.804575	-1.062000	-0.108600	-0.590900	-0.443600	-0.073300	0.547600
1627302398.805462	-1.204300	0.053800	-0.465800	-0.545900	-0.102000	0.549500
1627302398.806276	-1.296300	0.080400	-0.132300	-0.825700	-0.084900	0.556200
1627302398.818587	-1.204500	0.053500	0.079300	-1.072100	-0.078200	0.596800
1627302398.821844	-1.103000	0.028200	0.142700	-1.168400	-0.247400	0.675600
1627302398.845180	-1.048300	0.085800	0.055300	-1.041300	-0.360100	0.708900
1627302398.846177	-1.017600	0.177700	-0.017000	-0.709600	-0.336000	0.743400
1627302398.864105	-1.010500	0.225700	-0.047100	-0.302800	-0.193000	0.751100
1627302398.878228	-0.981900	0.180500	-0.022200	0.050600	-0.017400	0.741600
1627302398.879123	-0.961400	0.064500	-0.009300	0.354200	0.068100	0.723900
1627302398.888518	-0.986100	0.008900	-0.023100	0.548500	0.080000	0.721400
1627302398.892218	-0.999900	-0.008200	-0.033100	0.641900	0.079400	0.709200
1627302398.915777	-1.009600	0.006300	-0.062300	0.642300	0.048600	0.685400
1627302398.916669	-1.025600	0.043500	-0.098000	0.611700	0.000000	0.650000
1627302398.927381	-1.037600	0.069700	-0.110000	0.583900	-0.017100	0.600800
1627302398.936085	-1.023200	0.075800	-0.105000	0.547900	-0.019500	0.550400
1627302398.958195	-1.023200	0.075800	-0.105000	0.547900	-0.019500	0.550400
1627302398.959092	-1.014600	0.080300	-0.106000	0.490100	-0.036900	0.516200
1627302398.966121	-1.009300	0.081500	-0.133900	0.437000	-0.047600	0.497500
1627302398.978515	-1.005200	0.089100	-0.153100	0.349600	-0.080900	0.487500
1627302398.999668	-1.005900	0.089000	-0.169600	0.232400	-0.125500	0.482300
1627302399.005200	-1.000900	0.073100	-0.179600	0.102200	-0.160300	0.471300
1627302399.005917	-1.000700	0.036600	-0.187500	-0.051400	-0.184500	0.457200
1627302399.016007	-1.000600	0.009800	-0.187300	-0.275600	-0.202200	0.420000
1627302399.017021	-0.992900	0.001200	-0.180800	-0.457000	-0.191200	0.360400
1627302399.041287	-0.981000	-0.000500	-0.175800	-0.591700	-0.162800	0.292600
1627302399.051169	-0.970200	-0.003700	-0.175200	-0.712000	-0.144800	0.231800
1627302399.059796	-0.963700	-0.010400	-0.191900	-0.827200	-0.142900	0.175600
1627302399.065509	-0.960900	-0.011100	-0.216900	-0.935600	-0.150600	0.136800
1627302399.088789	-0.963500	-0.003800	-0.241900	-1.017800	-0.136200	0.117300
1627302399.089471	-0.953600	0.018600	-0.256200	-1.082200	-0.132800	0.104800
1627302399.102320	-0.948600	0.053700	-0.256800	-1.092600	-0.124300	0.093800
1627302399.108023	-0.943700	0.098400	-0.252800	-1.068800	-0.109000	0.085800
1627302399.126745	-0.942400	0.156900	-0.250200	-0.975300	-0.091900	0.076700
1627302399.127653	-0.942300	0.199600	-0.244500	-0.833600	-0.072400	0.061700
1627302399.138677	-0.955700	0.237400	-0.226900	-0.665000	-0.053400	0.042800
1627302399.157045	-0.967300	0.257000	-0.214400	-0.470400	-0.028100	0.037900
1627302399.158329	-0.970500	0.273400	-0.225500	-0.202000	0.011600	0.047900
1627302399.173846	-0.962400	0.269400	-0.246000	0.016100	0.030900	0.076400
1627302399.177884	-0.953100	0.243200	-0.251700	0.185300	0.027200	0.113000
1627302399.200784	-0.963300	0.201200	-0.259400	0.294700	0.008000	0.136500
1627302399.204335	-0.979100	0.168500	-0.264500	0.353300	-0.010100	0.145400
1627302399.205234	-0.988200	0.135500	-0.266100	0.375000	-0.033900	0.145400
1627302399.216044	-0.993400	0.097200	-0.253700	0.361900	-0.064400	0.151200
1627302399.222177	-0.959600	0.055800	-0.272100	0.302600	-0.062000	0.146300
1627302399.246661	-0.951000	0.026900	-0.276200	0.198200	-0.082700	0.107800
1627302399.247562	-0.976300	0.018700	-0.290600	0.099800	-0.084300	0.070200
1627302399.254712	-0.976700	-0.004600	-0.300200	0.045700	-0.075700	0.030200
1627302399.266032	-0.978800	-0.015600	-0.295300	-0.027000	-0.107500	-0.015600
1627302399.290107	-1.000600	-0.011400	-0.288900	-0.104500	-0.139300	-0.065700
1627302399.292293	-1.007800	0.012100	-0.252100	-0.182700	-0.117000	-0.105700
1627302399.294873	-0.986800	0.025900	-0.202000	-0.319300	-0.128300	-0.136500
1627302399.307913	-0.991900	0.037700	-0.128300	-0.445400	-0.148100	-0.144500
1627302399.308812	-0.966400	0.058500	-0.048300	-0.470400	-0.130400	-0.139600
1627302399.333866	-0.951200	0.079300	-0.020800	-0.469800	-0.126100	-0.144800
1627302399.334788	-0.949200	0.118500	-0.021000	-0.429200	-0.126100	-0.152700
1627302399.346036	-0.962500	0.158100	-0.012000	-0.363500	-0.110500	-0.155500
1627302399.352906	-0.990100	0.214500	0.020500	-0.250500	-0.076600	-0.157900
1627302399.374994	-1.001200	0.237300	0.024200	-0.120700	-0.060100	-0.132900
1627302399.375810	-0.994500	0.238500	-0.004500	-0.014100	-0.062600	-0.104500
1627302399.385868	-0.981800	0.228300	-0.028900	0.093700	-0.076300	-0.058000
1627302399.391774	-0.984900	0.200400	-0.044600	0.205800	-0.093100	-0.011000
1627302399.414126	-0.988000	0.157600	-0.063000	0.311500	-0.101100	0.029000
1627302399.416210	-0.992400	0.110800	-0.097000	0.410700	-0.098900	0.048300
1627302399.424747	-1.023400	0.086500	-0.128200	0.485300	-0.088600	0.056800
1627302399.429506	-1.031600	0.067900	-0.128100	0.522200	-0.062900	0.061100
1627302399.452691	-1.018100	0.072900	-0.136100	0.508800	-0.058600	0.072400
1627302399.454597	-1.003400	0.066500	-0.141500	0.503300	-0.067800	0.093100
1627302399.467251	-0.990100	0.062700	-0.140700	0.502700	-0.082100	0.111800
1627302399.471719	-0.973300	0.050400	-0.135700	0.496300	-0.093400	0.116700
1627302399.495467	-0.968900	0.037700	-0.128800	0.474300	-0.109600	0.113300
1627302399.496359	-0.980500	0.026400	-0.118500	0.440100	-0.111500	0.088000
1627302399.514459	-0.969600	0.014300	-0.121200	0.426600	-0.111500	0.060500
1627302399.530149	-0.963900	-0.002600	-0.135500	0.401300	-0.123100	0.035100
1627302399.530975	-0.962200	-0.011000	-0.153200	0.365800	-0.125500	0.006700
1627302399.538408	-0.948900	-0.014000	-0.169400	0.326100	-0.142600	-0.021400
1627302399.550580	-0.948900	-0.020900	-0.180300	0.285200	-0.164300	-0.046700
1627302399.564169	-0.955200	-0.028400	-0.180900	0.229900	-0.182300	-0.073900
1627302399.565054	-0.966900	-0.033100	-0.180100	0.163900	-0.183200	-0.105700
1627302399.574794	-0.962200	-0.035300	-0.175500	0.120000	-0.178300	-0.124300
1627302399.582285	-0.955000	-0.031200	-0.179200	0.079000	-0.191500	-0.148400
1627302399.605619	-0.965600	-0.015900	-0.176600	0.044500	-0.203400	-0.180800
1627302399.606522	-0.986500	0.000000	-0.174300	0.025000	-0.186600	-0.214700
1627302399.613690	-0.986000	0.009800	-0.169600	0.015800	-0.157600	-0.240700
1627302399.620956	-0.988900	0.021400	-0.173700	0.014600	-0.137700	-0.245000
1627302399.645417	-0.994000	0.044800	-0.180500	0.020700	-0.114800	-0.240700
1627302399.656574	-0.997800	0.068700	-0.184000	0.039900	-0.087000	-0.235500
1627302399.657505	-0.998800	0.092300	-0.184800	0.074100	-0.054000	-0.224200
1627302399.662373	-1.010900	0.113400	-0.175700	0.091900	-0.014000	-0.214100
1627302399.683312	-1.022800	0.127200	-0.157600	0.087300	0.033600	-0.209200
1627302399.696851	-1.021600	0.131000	-0.150100	0.069600	0.088900	-0.205900
1627302399.697747	-0.995100	0.126800	-0.148600	0.059500	0.132600	-0.196400
1627302399.703601	-0.985400	0.119900	-0.146700	0.065900	0.147200	-0.192400
1627302399.716158	-0.987800	0.118300	-0.145400	0.090600	0.169200	-0.201000
1627302399.726090	-0.986200	0.112200	-0.144200	0.134000	0.194900	-0.218100
1627302399.732083	-0.983000	0.113400	-0.139200	0.179800	0.200100	-0.239500
1627302399.754000	-0.979200	0.111300	-0.131300	0.211600	0.193700	-0.266300
1627302399.754836	-0.983400	0.109600	-0.115400	0.211300	0.185400	-0.292900
1627302399.764817	-0.986800	0.100300	-0.089600	0.192000	0.168300	-0.326800
1627302399.772948	-0.984000	0.090600	-0.078400	0.174300	0.143000	-0.360100
1627302399.790915	-0.979500	0.079000	-0.066200	0.148100	0.116100	-0.389700
1627302399.793165	-0.967200	0.069200	-0.059000	0.110800	0.079400	-0.417500
1627302399.805029	-0.965700	0.058100	-0.060200	0.091300	0.030900	-0.453600
1627302399.811055	-0.970900	0.048800	-0.065700	0.095500	-0.011900	-0.499400
1627302399.833173	-0.974500	0.041400	-0.073100	0.120300	-0.046700	-0.544000
1627302399.834076	-0.977900	0.039200	-0.094700	0.167600	-0.077200	-0.584300
1627302399.844835	-0.980300	0.045500	-0.107500	0.189900	-0.088900	-0.611200
1627302399.852151	-0.987500	0.051600	-0.113800	0.201500	-0.100500	-0.640500
1627302399.869543	-0.986500	0.049900	-0.124500	0.203300	-0.101100	-0.663400
1627302399.880485	-0.982700	0.044900	-0.131600	0.183500	-0.093700	-0.670100
1627302399.881380	-0.979700	0.039100	-0.138400	0.139200	-0.080300	-0.668600
1627302399.899808	-0.979600	0.032800	-0.148100	0.084800	-0.066900	-0.668000
1627302399.903644	-0.981100	0.028200	-0.159800	0.044200	-0.049800	-0.661000
1627302399.918031	-0.982500	0.017200	-0.172200	0.037800	-0.029300	-0.652700
1627302399.918915	-0.983000	0.005600	-0.186400	0.033200	-0.001800	-0.643200
1627302399.940878	-0.987200	0.004000	-0.198100	0.025900	0.042800	-0.631300
1627302399.943484	-0.984900	-0.008700	-0.218100	0.038700	0.109100	-0.622200
1627302399.959340	-0.986900	-0.015100	-0.237900	0.058300	0.174700	-0.608100
1627302399.961759	-0.997900	-0.016600	-0.260100	0.106800	0.251400	-0.584900
1627302399.985326	-1.008700	-0.007800	-0.271700	0.170400	0.342100	-0.553500
1627302399.986312	-1.025400	-0.015000	-0.264500	0.212800	0.430700	-0.515000
1627302399.996324	-1.056500	-0.023600	-0.248300	0.231700	0.545500	-0.471600
1627302400.006707	-1.086900	-0.044200	-0.229100	0.253100	0.678700	-0.414800
1627302400.022833	-1.108800	-0.067400	-0.215500	0.288900	0.829900	-0.344500
1627302400.023539	-1.121300	-0.098800	-0.202500	0.341100	0.976200	-0.257800
1627302400.033677	-1.104500	-0.156600	-0.200700	0.422900	1.115800	-0.148100
1627302400.034784	-1.091100	-0.211200	-0.225300	0.502100	1.194900	-0.048600
1627302400.058849	-1.100700	-0.256600	-0.259000	0.579600	1.202200	0.011300
1627302400.068737	-1.105300	-0.287100	-0.286100	0.660000	1.177200	0.033000
1627302400.079861	-1.087200	-0.324300	-0.307400	0.697500	1.126200	0.051000
1627302400.103341	-1.066000	-0.330900	-0.324700	0.700300	1.053800	0.063200
1627302400.105704	-1.029700	-0.340000	-0.353800	0.677400	0.975900	0.076700
1627302400.106606	-0.986100	-0.326200	-0.395400	0.639500	0.860100	0.115400
1627302400.115015	-0.957000	-0.300900	-0.429700	0.610500	0.758400	0.174100
1627302400.123507	-0.969000	-0.283200	-0.448400	0.620900	0.684500	0.253800
1627302400.144585	-1.008800	-0.286000	-0.452100	0.687500	0.665600	0.373200
1627302400.154082	-1.047000	-0.300000	-0.428800	0.809000	0.721800	0.487800
1627302400.154965	-1.094200	-0.316700	-0.401600	0.984600	0.829900	0.560800
1627302400.163525	-1.142500	-0.340600	-0.384400	1.137400	0.981100	0.610200
1627302400.187791	-1.188400	-0.346200	-0.381100	1.130300	1.167100	0.620300
1627302400.188648	-1.200300	-0.350000	-0.389600	1.018800	1.309100	0.628900
1627302400.192438	-1.154200	-0.365200	-0.392500	0.892400	1.463000	0.667700
1627302400.207389	-1.105800	-0.381700	-0.383900	0.778500	1.573000	0.738500
1627302400.228237	-1.084500	-0.350800	-0.377600	0.688400	1.655800	0.823400
1627302400.229122	-1.067700	-0.283100	-0.367400	0.679500	1.766300	0.907700
1627302400.232293	-1.059800	-0.220300	-0.344400	0.673400	1.851600	1.001500
1627302400.237232	-1.049800	-0.173100	-0.318600	0.571400	1.861300	1.092800
1627302400.259725	-1.025000	-0.142200	-0.310500	0.433900	1.809700	1.171300
1627302400.274734	-1.010000	-0.131100	-0.321800	0.345400	1.739800	1.241600
1627302400.279109	-0.988600	-0.095600	-0.369100	0.388700	1.654900	1.274000
1627302400.302492	-0.976400	-0.043000	-0.425000	0.601000	1.578800	1.250700
1627302400.303546	-0.985700	0.008900	-0.433200	0.868300	1.605100	1.207100
1627302400.304835	-0.971200	0.004600	-0.389800	1.079000	1.748000	1.122800
1627302400.320469	-0.929400	-0.025000	-0.330400	1.117500	1.850000	1.023800
1627302400.323101	-0.875000	-0.044100	-0.297100	1.092800	1.864400	0.949300
1627302400.343925	-0.842000	-0.071900	-0.277000	1.114100	1.834500	0.895500
1627302400.344910	-0.804600	-0.128100	-0.284700	1.167600	1.807300	0.846700
1627302400.352251	-0.764300	-0.178000	-0.339200	1.234200	1.779200	0.822500
1627302400.363068	-0.744800	-0.205800	-0.417500	1.290700	1.720800	0.831100
1627302400.385209	-0.760000	-0.224200	-0.502800	1.393600	1.667700	0.850600
1627302400.386137	-0.761800	-0.232200	-0.534100	1.508500	1.658200	0.876000
1627302400.396264	-0.764300	-0.278300	-0.533400	1.563100	1.663700	0.878400
1627302400.404222	-0.761500	-0.287700	-0.521700	1.507200	1.680200	0.839300
1627302400.422924	-0.738000	-0.290900	-0.530800	1.357600	1.682700	0.766300
1627302400.423824	-0.726700	-0.302400	-0.547400	1.105000	1.635300	0.667400
1627302400.433923	-0.698600	-0.278700	-0.563200	0.784900	1.588300	0.586700
1627302400.459238	-0.669100	-0.287400	-0.593300	0.421700	1.526600	0.540000
1627302400.462801	-0.669200	-0.270600	-0.609600	0.145300	1.461500	0.516500
1627302400.463722	-0.670000	-0.245400	-0.611800	-0.024800	1.441100	0.496900
1627302400.473572	-0.662200	-0.233300	-0.600700	-0.118600	1.462700	0.487500
1627302400.479692	-0.643300	-0.210800	-0.583400	-0.171700	1.501200	0.474300
1627302400.501610	-0.624300	-0.169600	-0.578500	-0.193400	1.517100	0.454200
1627302400.502506	-0.597000	-0.116800	-0.564800	-0.195600	1.540000	0.463600
1627302400.513566	-0.573400	-0.091800	-0.546300	-0.198000	1.568400	0.459700
1627302400.521051	-0.537400	-0.100600	-0.556600	-0.216600	1.543100	0.454500
1627302400.541349	-0.510400	-0.101000	-0.590600	-0.207200	1.469200	0.468500
1627302400.542164	-0.502800	-0.088600	-0.637900	-0.142400	1.401300	0.485000
1627302400.553519	-0.532000	-0.075900	-0.669100	-0.009200	1.398900	0.516800
1627302400.571669	-0.543500	-0.046900	-0.684900	0.120900	1.428800	0.573300
1627302400.572560	-0.531100	-0.012900	-0.701400	0.280900	1.474300	0.577900
1627302400.582459	-0.511200	-0.010500	-0.715900	0.375000	1.470700	0.589500
1627302400.588542	-0.487200	-0.016600	-0.725100	0.411300	1.408700	0.574200
1627302400.610341	-0.477700	-0.042100	-0.719700	0.420500	1.284400	0.567500
1627302400.612525	-0.473000	-0.069900	-0.724700	0.389700	1.159400	0.540300
1627302400.622299	-0.483500	-0.108800	-0.736000	0.392400	1.037000	0.517400
1627302400.624557	-0.504900	-0.139600	-0.764600	0.423900	0.919100	0.476800
1627302400.647219	-0.504600	-0.169800	-0.797700	0.446200	0.814900	0.422700
1627302400.650943	-0.472800	-0.183500	-0.836900	0.458100	0.685700	0.373800
1627302400.665884	-0.494600	-0.235700	-0.853400	0.434300	0.550700	0.344800
1627302400.669179	-0.484500	-0.255000	-0.845300	0.387500	0.431300	0.317000
1627302400.691361	-0.477900	-0.266000	-0.832200	0.340500	0.292300	0.275200
1627302400.692294	-0.472400	-0.265500	-0.807500	0.272100	0.151200	0.235800
1627302400.702181	-0.462000	-0.271000	-0.790200	0.186900	0.011000	0.192700
1627302400.712909	-0.449600	-0.272500	-0.781900	0.102600	-0.163100	0.140500
1627302400.736189	-0.450100	-0.271000	-0.778400	0.078700	-0.332900	0.090400
1627302400.737436	-0.450700	-0.270000	-0.777700	0.092800	-0.465500	0.042800
1627302400.752585	-0.450100	-0.265400	-0.782500	0.100700	-0.585200	-0.009200
1627302400.756596	-0.454500	-0.261400	-0.776600	0.084500	-0.674400	-0.066900
1627302400.757502	-0.448100	-0.258500	-0.773200	0.056100	-0.764500	-0.146900
1627302400.780068	-0.479400	-0.264400	-0.752800	0.053700	-0.859800	-0.276100
1627302400.781183	-0.473500	-0.277200	-0.722800	0.018300	-0.964500	-0.345500
1627302400.792499	-0.487200	-0.270800	-0.677500	-0.045000	-1.030800	-0.438600
1627302400.801619	-0.474200	-0.263400	-0.656000	-0.129000	-1.126400	-0.549200
1627302400.821727	-0.481900	-0.274900	-0.628200	-0.194000	-1.237600	-0.629800
1627302400.822622	-0.489300	-0.314000	-0.615200	-0.275600	-1.338700	-0.657000
1627302400.831325	-0.493500	-0.324000	-0.606800	-0.323200	-1.428500	-0.675000
1627302400.852193	-0.513700	-0.337900	-0.597700	-0.318900	-1.464800	-0.694900
1627302400.863098	-0.515700	-0.335000	-0.590800	-0.367500	-1.498100	-0.741000
1627302400.863983	-0.516800	-0.315300	-0.596800	-0.402000	-1.558000	-0.786800
1627302400.872370	-0.516100	-0.294300	-0.588100	-0.435000	-1.627000	-0.842700
1627302400.888592	-0.511700	-0.287400	-0.566200	-0.478400	-1.681100	-0.912300
1627302400.891166	-0.512300	-0.277600	-0.540200	-0.555700	-1.760500	-0.993600
1627302400.901830	-0.522100	-0.271900	-0.527800	-0.637500	-1.846000	-1.088600
1627302400.913201	-0.536100	-0.247400	-0.528600	-0.689400	-1.930000	-1.177500
1627302400.921803	-0.573400	-0.243400	-0.553700	-0.729400	-2.039000	-1.263000
1627302400.940438	-0.628300	-0.260700	-0.563500	-0.759100	-2.124000	-1.298400
1627302400.941339	-0.703200	-0.296300	-0.541000	-0.712300	-2.153300	-1.304500
1627302400.951210	-0.727700	-0.330800	-0.506500	-0.612200	-2.138300	-1.294100
1627302400.957182	-0.761700	-0.341200	-0.469600	-0.535200	-2.138900	-1.310900
1627302400.982007	-0.803300	-0.330300	-0.449600	-0.545300	-2.160900	-1.365900
1627302400.982896	-0.845100	-0.307900	-0.444000	-0.641500	-2.172500	-1.446500
1627302400.992360	-0.907200	-0.281700	-0.433000	-0.819900	-2.177700	-1.509500
1627302401.001193	-0.953200	-0.271000	-0.420500	-1.035500	-2.180800	-1.538800
1627302401.010934	-1.012500	-0.269800	-0.397200	-1.281400	-2.179200	-1.535400
1627302401.026279	-1.073100	-0.262600	-0.392000	-1.505600	-2.150800	-1.515300
1627302401.032036	-1.113800	-0.232100	-0.412500	-1.593800	-2.119400	-1.478000
1627302401.052700	-1.136500	-0.226000	-0.427500	-1.636600	-2.054300	-1.423900
1627302401.053949	-1.116700	-0.216700	-0.439100	-1.732800	-1.988300	-1.357700
1627302401.062352	-1.073100	-0.182500	-0.454100	-1.799700	-1.931800	-1.291100
1627302401.073011	-1.055200	-0.161700	-0.469000	-1.821700	-1.903100	-1.258400
1627302401.073906	-1.030200	-0.122100	-0.469700	-1.867800	-1.862500	-1.251400
1627302401.097296	-1.012200	-0.110400	-0.474100	-1.906600	-1.839600	-1.236100
1627302401.101265	-1.012800	-0.039600	-0.457800	-1.919400	-1.789200	-1.219900
1627302401.116252	-1.005600	-0.040000	-0.462500	-1.818000	-1.737000	-1.217800
1627302401.119205	-1.021500	-0.057100	-0.438100	-1.705000	-1.671900	-1.195500
1627302401.142764	-0.977300	-0.030400	-0.425000	-1.606600	-1.643200	-1.147200
1627302401.143851	-0.989900	-0.041400	-0.418500	-1.516500	-1.653000	-1.095000
1627302401.151058	-1.012800	-0.047700	-0.420500	-1.406000	-1.633100	-1.014000
1627302401.163033	-1.014000	-0.053100	-0.420000	-1.231600	-1.560700	-0.892800
1627302401.185076	-1.002700	-0.062300	-0.402100	-1.074600	-1.454100	-0.770600
1627302401.186292	-0.999500	-0.078900	-0.377700	-0.947800	-1.346300	-0.652400
1627302401.189919	-0.973100	-0.082500	-0.354100	-0.765500	-1.219600	-0.524700
1627302401.202919	-0.939700	-0.100100	-0.344500	-0.612200	-1.141100	-0.440100
1627302401.203906	-0.923500	-0.117100	-0.340600	-0.453900	-1.098900	-0.359800
1627302401.228918	-0.915600	-0.132900	-0.330200	-0.299100	-1.072300	-0.267600
1627302401.231039	-0.914800	-0.166500	-0.331800	-0.161000	-1.030800	-0.179600
1627302401.242257	-0.904400	-0.189100	-0.325100	-0.066000	-0.977100	-0.110000
1627302401.260465	-0.895500	-0.199300	-0.317300	0.024700	-0.930300	-0.044000
1627302401.261354	-0.893400	-0.217300	-0.305400	0.160900	-0.896400	0.045800
1627302401.269730	-0.889800	-0.234400	-0.297900	0.295000	-0.851200	0.131900
1627302401.278475	-0.892700	-0.247700	-0.288800	0.420500	-0.790100	0.220800
1627302401.299369	-0.905300	-0.250700	-0.278600	0.506600	-0.723200	0.303600
1627302401.300268	-0.903900	-0.261700	-0.265000	0.555800	-0.642300	0.383300
1627302401.309916	-0.904400	-0.285200	-0.255400	0.587000	-0.556200	0.452600
1627302401.316093	-0.937400	-0.323200	-0.235500	0.574100	-0.479200	0.506100
1627302401.340482	-0.971600	-0.370700	-0.217400	0.459000	-0.398300	0.514000
1627302401.341372	-0.978500	-0.412000	-0.230600	0.334700	-0.322800	0.511000
1627302401.351093	-0.986200	-0.461800	-0.267900	0.235100	-0.274900	0.510100
1627302401.358532	-1.003200	-0.512600	-0.317600	0.141600	-0.246800	0.471600
1627302401.377072	-1.028300	-0.545200	-0.371500	0.014600	-0.239400	0.387600
1627302401.393016	-1.056900	-0.559400	-0.403900	-0.149700	-0.235200	0.309100
1627302401.399091	-1.105300	-0.532500	-0.413100	-0.281700	-0.100800	0.313100
1627302401.399990	-1.089600	-0.486600	-0.388700	-0.356800	0.152400	0.411700
1627302401.422866	-1.052900	-0.403700	-0.403600	-0.433800	0.308500	0.502400
1627302401.426100	-1.121000	-0.310700	-0.391000	-0.695800	0.281900	0.504300
1627302401.431089	-1.248400	-0.243200	-0.333500	-1.096300	0.145400	0.405000
1627302401.452944	-1.319500	-0.200400	-0.330100	-1.313100	0.009500	0.320700
1627302401.453669	-1.262100	-0.115400	-0.334200	-1.363500	-0.004300	0.298100
1627302401.460545	-1.134500	0.055200	-0.275900	-1.246500	-0.023500	0.389100
1627302401.470907	-1.054200	0.241500	-0.143700	-1.188800	0.052900	0.504900
1627302401.474190	-0.953600	0.365000	0.082200	-0.935300	0.221200	0.746800
1627302401.499215	-0.853500	0.303300	0.254500	-0.534300	0.279500	0.969700
1627302401.500111	-0.792700	0.170300	0.161100	0.107100	0.240700	1.059200
1627302401.511110	-0.765000	0.112500	-0.005400	0.682300	0.188200	1.023500
1627302401.518681	-0.796800	0.106300	-0.033200	1.029500	0.112400	0.921200
1627302401.542588	-0.940200	0.155400	-0.005500	0.927500	0.188800	0.836000
1627302401.543425	-1.000900	0.224700	-0.057500	0.646500	0.259300	0.791400
1627302401.551190	-1.057400	0.304600	-0.126100	0.510600	0.297200	0.746200
1627302401.560646	-1.119400	0.342300	-0.172200	0.708800	0.368400	0.728100
1627302401.583914	-1.123900	0.329000	-0.192400	1.078700	0.440800	0.751400
1627302401.584738	-1.067700	0.266800	-0.202400	1.430600	0.459400	0.834100
1627302401.588486	-1.006500	0.154200	-0.218000	1.670000	0.418200	0.948700
1627302401.599851	-0.980600	0.002800	-0.249500	1.803200	0.344900	1.003900
1627302401.614678	-0.984500	-0.080000	-0.280400	1.667600	0.292600	0.943200
1627302401.618094	-1.001500	-0.127700	-0.294300	1.318500	0.241600	0.835400
1627302401.641409	-1.005000	-0.145900	-0.281700	0.843800	0.210200	0.711300
1627302401.643687	-0.987100	-0.132300	-0.263100	0.314200	0.180500	0.586400
1627302401.657270	-0.970700	-0.106700	-0.241900	-0.174800	0.143300	0.471600
1627302401.677958	-0.959100	-0.080800	-0.218300	-0.577300	0.101100	0.351200
1627302401.678848	-0.953500	-0.025900	-0.209800	-0.905700	0.038800	0.230900
1627302401.679660	-0.965000	0.026100	-0.200700	-1.094400	-0.017400	0.155500
1627302401.689926	-0.965800	0.059400	-0.188000	-1.251400	-0.049800	0.099900
1627302401.699361	-0.966700	0.074500	-0.173100	-1.371200	-0.074200	0.072400
1627302401.719119	-0.979600	0.083700	-0.174100	-1.449700	-0.108100	0.064700
1627302401.720153	-0.995100	0.096600	-0.191400	-1.466500	-0.150200	0.058600
1627302401.728863	-1.012700	0.110000	-0.209100	-1.423400	-0.196700	0.056800
1627302401.749673	-1.011200	0.126300	-0.212500	-1.369900	-0.228400	0.071500
1627302401.761795	-0.993200	0.140700	-0.217200	-1.308200	-0.245200	0.105100
1627302401.768017	-0.971300	0.153800	-0.234500	-1.210500	-0.257500	0.142000
1627302401.768945	-0.949100	0.174100	-0.260700	-1.067300	-0.265700	0.156700
1627302401.790069	-0.956900	0.196700	-0.287200	-0.878200	-0.250100	0.137100
1627302401.791493	-0.934600	0.216700	-0.288600	-0.665300	-0.211900	0.101100
1627302401.801121	-0.917500	0.223300	-0.290300	-0.388900	-0.198500	0.063500
1627302401.811695	-0.914600	0.228300	-0.292500	-0.143300	-0.188100	0.048600
1627302401.832707	-0.918700	0.226700	-0.291300	0.075400	-0.181700	0.062300
1627302401.833518	-0.937400	0.217400	-0.282200	0.291900	-0.164300	0.099300
1627302401.838525	-0.949100	0.202800	-0.285500	0.505700	-0.109000	0.160600
1627302401.852900	-0.962000	0.176400	-0.291900	0.694800	-0.077200	0.220500
1627302401.870842	-0.977100	0.138700	-0.315700	0.858200	-0.004300	0.276100
1627302401.872282	-0.957500	0.082800	-0.333400	0.959600	0.121600	0.319200
1627302401.887398	-0.952300	0.029400	-0.343900	0.936400	0.190900	0.324400
1627302401.893022	-0.950400	-0.021100	-0.383800	0.880200	0.259300	0.304800
1627302401.910838	-0.952800	-0.068800	-0.420200	0.759200	0.326800	0.271200
1627302401.911735	-0.951000	-0.116500	-0.446200	0.563100	0.391600	0.220500
1627302401.918563	-0.947400	-0.158100	-0.474000	0.333500	0.447800	0.158200
1627302401.929824	-0.932000	-0.184800	-0.492200	0.047600	0.475000	0.090100
1627302401.931932	-0.929600	-0.178800	-0.502200	-0.332100	0.453900	0.007600
1627302401.955018	-0.943400	-0.160400	-0.490600	-0.625300	0.463100	-0.042800
1627302401.959883	-0.943400	-0.116100	-0.435700	-0.906900	0.474400	-0.071800
1627302401.975317	-0.950100	-0.045300	-0.380400	-1.144500	0.450500	-0.106000
1627302401.977927	-0.953400	0.043500	-0.335900	-1.292100	0.423400	-0.133200
1627302401.997882	-0.939700	0.132700	-0.304400	-1.322000	0.389100	-0.170100
1627302401.998707	-0.936600	0.219800	-0.267000	-1.211700	0.361000	-0.217500
1627302402.008528	-0.916000	0.306500	-0.212200	-0.944800	0.340300	-0.259900
1627302402.016986	-0.882900	0.384400	-0.144200	-0.754800	0.294500	-0.288600
1627302402.038826	-0.873800	0.448700	-0.085400	-0.635400	0.213200	-0.297200
1627302402.039639	-0.902800	0.500600	-0.056900	-0.459100	0.180800	-0.282800
1627302402.051082	-0.892600	0.535500	-0.022900	-0.137200	0.181500	-0.242800
1627302402.061907	-0.887900	0.501100	-0.021600	0.278500	0.176600	-0.169200
1627302402.078966	-0.932700	0.429200	-0.101700	0.762600	0.157000	-0.108100
1627302402.082368	-0.993000	0.322500	-0.162000	1.111100	0.167400	-0.065700
1627302402.088694	-1.024800	0.186900	-0.191300	1.244900	0.164300	-0.010400
1627302402.096834	-1.060300	0.053300	-0.219000	1.337100	0.135300	0.043700
1627302402.122881	-1.056500	-0.099000	-0.253500	1.342300	0.107500	0.090700
1627302402.123806	-1.024700	-0.173700	-0.275300	1.121200	0.055600	0.090700
1627302402.129881	-1.021000	-0.177500	-0.269900	0.829800	-0.019200	0.092800
1627302402.153854	-1.029100	-0.118400	-0.274700	0.466300	-0.162800	0.080900
1627302402.156041	-1.051600	-0.040900	-0.222900	0.376500	-0.196400	0.013100
1627302402.170843	-1.038500	0.004600	-0.192500	0.090300	-0.281000	-0.024100
1627302402.172927	-1.051900	0.041600	-0.146000	0.008800	-0.308800	-0.065100
1627302402.197632	-1.036100	0.065700	-0.120200	-0.069400	-0.351200	-0.089200
1627302402.198524	-1.015700	0.088700	-0.123900	-0.067900	-0.404700	-0.093800
1627302402.199996	-1.005100	0.105500	-0.133100	-0.014100	-0.461500	-0.083700
1627302402.215002	-0.988200	0.119900	-0.131500	0.065900	-0.517700	-0.048600
1627302402.219275	-0.982100	0.117800	-0.143600	0.144400	-0.553400	-0.014100
1627302402.240537	-0.976100	0.098000	-0.157100	0.227800	-0.562300	0.017100
1627302402.241436	-0.960600	0.074800	-0.174000	0.298300	-0.554000	0.044300
1627302402.247436	-0.941900	0.047600	-0.203000	0.363700	-0.524100	0.073000
1627302402.269597	-0.921400	0.020000	-0.225600	0.422000	-0.513400	0.082500
1627302402.280579	-0.915400	-0.011500	-0.253800	0.470000	-0.494500	0.069900
1627302402.281469	-0.906500	-0.044200	-0.275800	0.487700	-0.456900	0.043100
1627302402.287474	-0.898400	-0.065800	-0.287700	0.446800	-0.432200	0.014000
1627302402.308606	-0.891100	-0.078100	-0.301500	0.362200	-0.427600	-0.036400
1627302402.319171	-0.887500	-0.089000	-0.317000	0.266600	-0.425100	-0.086800
1627302402.320164	-0.901700	-0.079800	-0.316300	0.147100	-0.423600	-0.137100
1627302402.325026	-0.924400	-0.053300	-0.292600	0.025300	-0.419600	-0.186900
1627302402.347096	-0.942600	-0.022800	-0.288900	-0.089600	-0.423000	-0.229700
1627302402.361889	-0.970600	0.012200	-0.290300	-0.182400	-0.416300	-0.256300
1627302402.366564	-0.992700	0.037800	-0.281100	-0.219400	-0.390600	-0.276400
1627302402.367494	-0.997400	0.039800	-0.256800	-0.268900	-0.377200	-0.287400
1627302402.388758	-0.995100	0.031900	-0.233000	-0.319900	-0.363400	-0.289900
1627302402.390242	-0.960000	0.020500	-0.233600	-0.341900	-0.337500	-0.279200
1627302402.399924	-0.938600	0.023100	-0.254800	-0.361400	-0.338700	-0.279200
1627302402.406817	-0.953000	0.044700	-0.263300	-0.372400	-0.362800	-0.318900
1627302402.431411	-0.966900	0.080200	-0.257100	-0.347000	-0.361600	-0.378700
1627302402.432231	-0.986600	0.105800	-0.231400	-0.337000	-0.349700	-0.422700
1627302402.439787	-0.998800	0.126100	-0.199800	-0.339700	-0.325000	-0.449600
1627302402.450394	-0.997700	0.139200	-0.178200	-0.323800	-0.300200	-0.458500
1627302402.451552	-0.986900	0.151400	-0.156100	-0.291500	-0.292900	-0.456600
1627302402.474488	-0.976100	0.156400	-0.140000	-0.214500	-0.300500	-0.445300
1627302402.487981	-0.974600	0.150600	-0.130000	-0.073700	-0.310900	-0.427600
1627302402.488703	-0.978800	0.154200	-0.131300	0.083300	-0.298400	-0.409000
1627302402.494561	-0.991800	0.151400	-0.136500	0.236600	-0.273300	-0.394000
1627302402.507063	-1.004400	0.145600	-0.124500	0.346300	-0.250400	-0.388500
1627302402.517024	-1.016200	0.127800	-0.112200	0.424200	-0.223600	-0.392500
1627302402.524319	-1.018700	0.102500	-0.099400	0.474000	-0.172500	-0.398000
1627302402.548961	-0.997400	0.063800	-0.085300	0.506600	-0.126400	-0.397100
1627302402.549635	-0.970200	0.022700	-0.095200	0.501400	-0.102900	-0.386700
1627302402.559831	-0.937500	0.000100	-0.123700	0.499600	-0.114200	-0.392200
1627302402.565743	-0.916500	-0.016500	-0.141800	0.463000	-0.152100	-0.418100
1627302402.584681	-0.915800	-0.026100	-0.151200	0.389700	-0.201600	-0.469500
1627302402.596786	-0.939000	-0.026900	-0.151100	0.307800	-0.236100	-0.536000
1627302402.597685	-0.960400	-0.026900	-0.129500	0.221100	-0.245200	-0.598000
1627302402.614156	-0.967000	-0.026200	-0.104700	0.137400	-0.249800	-0.649700
1627302402.632601	-0.962400	-0.023400	-0.073000	0.020100	-0.266900	-0.702500
1627302402.633413	-0.948700	-0.022900	-0.060500	-0.067600	-0.294100	-0.740100
1627302402.637278	-0.931600	-0.021200	-0.051900	-0.136000	-0.339000	-0.774600
1627302402.652461	-0.930100	-0.017700	-0.048800	-0.190100	-0.399200	-0.812200
1627302402.655438	-0.942300	-0.008400	-0.047000	-0.212300	-0.447100	-0.850600
1627302402.677716	-0.959200	0.005400	-0.047500	-0.198000	-0.476100	-0.878400
1627302402.678529	-0.972300	0.016000	-0.044200	-0.149700	-0.495100	-0.889400
1627302402.688659	-0.971900	0.029700	-0.035800	-0.055700	-0.502700	-0.892200
1627302402.698174	-0.952100	0.016600	-0.025100	0.016400	-0.505500	-0.883000
1627302402.718072	-0.930400	-0.009800	-0.017100	0.062200	-0.538100	-0.867100
1627302402.718974	-0.941300	-0.032000	-0.012600	0.088200	-0.602300	-0.851900
1627302402.726427	-0.982700	-0.060300	-0.011800	0.093100	-0.662800	-0.857700
1627302402.748356	-1.026200	-0.089800	-0.027300	0.081200	-0.703700	-0.876600
1627302402.760610	-1.106600	-0.120600	-0.054400	0.089100	-0.688400	-0.875100
1627302402.761507	-1.206100	-0.159900	-0.073700	0.125200	-0.565900	-0.821900
1627302402.768751	-1.277700	-0.194000	-0.092700	0.212500	-0.381500	-0.737600
1627302402.789803	-1.294800	-0.219400	-0.113800	0.349600	-0.185100	-0.630100
1627302402.795726	-1.268100	-0.246300	-0.157200	0.515200	-0.012200	-0.501500
1627302402.802814	-1.214400	-0.247100	-0.218600	0.652900	0.148800	-0.343300
1627302402.803741	-1.149900	-0.238400	-0.294100	0.767800	0.289000	-0.156700
1627302402.826365	-1.101800	-0.237700	-0.391800	0.824900	0.407800	-0.015600
1627302402.827179	-1.104000	-0.219500	-0.470200	0.831900	0.527800	0.058300
1627302402.838592	-1.129900	-0.216600	-0.528000	0.829200	0.686600	0.115400
1627302402.846800	-1.149400	-0.234700	-0.564200	0.818200	0.916000	0.163400
1627302402.865201	-1.162500	-0.247600	-0.577600	0.777600	1.198500	0.200400
1627302402.867308	-1.170500	-0.267300	-0.578600	0.718600	1.513400	0.229700
1627302402.876119	-1.154800	-0.271500	-0.568100	0.656300	1.802700	0.249800
1627302402.886748	-1.108400	-0.285200	-0.536900	0.598300	2.061400	0.274900
1627302402.910471	-1.070200	-0.311300	-0.515600	0.569300	2.197900	0.309400
1627302402.911285	-1.032200	-0.321900	-0.491600	0.541500	2.263600	0.354600
1627302402.918664	-0.985800	-0.298700	-0.451200	0.519500	2.278900	0.414200
1627302402.925669	-0.951900	-0.255400	-0.397600	0.509700	2.209500	0.492300
1627302402.946418	-0.958400	-0.231200	-0.323000	0.530800	2.070600	0.571200
1627302402.947230	-0.990800	-0.226100	-0.232500	0.506300	1.941400	0.643800
1627302402.961166	-1.018400	-0.268700	-0.094600	0.396400	1.773100	0.756200
1627302402.966723	-1.028300	-0.319000	0.028400	0.232100	1.639600	0.843900
1627302402.988452	-1.001800	-0.377100	0.087300	-0.016900	1.526000	0.909300
1627302402.989537	-1.011200	-0.377200	0.072300	-0.235000	1.411700	0.958100
1627302402.998705	-0.997300	-0.316700	0.029900	-0.277100	1.367400	1.020700
1627302403.007269	-1.001800	-0.264500	-0.026400	-0.182400	1.302700	1.062600
1627302403.026677	-1.020100	-0.179400	-0.082400	0.017600	1.254100	1.100200
1627302403.027376	-1.015000	-0.125700	-0.123200	0.276000	1.205900	1.155100
1627302403.041143	-0.992400	-0.088500	-0.170400	0.471800	1.114900	1.178000
1627302403.046074	-0.976000	-0.045200	-0.236300	0.729900	1.020500	1.183800
1627302403.067968	-0.934200	0.025300	-0.292400	1.079600	0.992400	1.194500
1627302403.069024	-0.935800	0.018400	-0.332600	1.455600	1.007600	1.187800
1627302403.078683	-0.920800	0.021700	-0.349200	1.734200	1.104500	1.172500
1627302403.087421	-0.901500	0.025000	-0.353500	1.879900	1.166500	1.191800
1627302403.107089	-0.874900	-0.012100	-0.379400	1.844700	1.211400	1.142300
1627302403.107980	-0.829000	-0.024800	-0.403600	1.759200	1.221800	1.061700
1627302403.118752	-0.802100	-0.074800	-0.443500	1.712800	1.192400	1.022600
1627302403.125021	-0.768400	-0.139500	-0.473400	1.633100	1.167100	0.971600
1627302403.148411	-0.739600	-0.179000	-0.489600	1.541400	1.132300	0.885700
1627302403.157946	-0.746600	-0.223600	-0.485800	1.477300	1.089800	0.793800
1627302403.158847	-0.742900	-0.273700	-0.451800	1.419600	1.079400	0.719300
1627302403.167428	-0.733400	-0.299600	-0.418000	1.348700	1.071500	0.669800
1627302403.191916	-0.726100	-0.316400	-0.392500	1.240600	1.052500	0.630700
1627302403.192804	-0.748400	-0.392900	-0.371100	1.067100	1.039700	0.580000
1627302403.196306	-0.709100	-0.426300	-0.372600	0.780900	1.044000	0.561400
1627302403.207406	-0.674600	-0.430800	-0.374500	0.427500	1.000300	0.525600
1627302403.214553	-0.674400	-0.439600	-0.378700	0.018900	0.963100	0.491100
1627302403.235512	-0.652000	-0.422600	-0.388300	-0.468300	0.916900	0.474600
1627302403.236370	-0.630100	-0.377600	-0.385900	-0.887400	0.881500	0.452300
1627302403.246082	-0.608000	-0.334800	-0.389400	-1.223000	0.822900	0.434300
1627302403.252946	-0.588600	-0.278000	-0.393400	-1.499100	0.742200	0.421500
1627302403.275484	-0.576700	-0.227900	-0.399300	-1.680900	0.645400	0.415100
1627302403.280496	-0.568700	-0.171000	-0.404800	-1.774600	0.549500	0.410500
1627302403.281436	-0.566500	-0.105200	-0.406700	-1.777100	0.456300	0.411100
1627302403.304043	-0.562500	-0.016100	-0.412500	-1.677200	0.336600	0.408400
1627302403.306270	-0.568800	0.047200	-0.421100	-1.505600	0.234900	0.406200
1627302403.316094	-0.592700	0.092300	-0.425700	-1.309200	0.137500	0.404400
1627302403.324396	-0.621100	0.121700	-0.423800	-1.097800	0.049800	0.413200
1627302403.346435	-0.657800	0.130000	-0.419100	-0.898000	-0.017400	0.427900
1627302403.347437	-0.657800	0.130000	-0.419100	-0.898000	-0.017400	0.427900
1627302403.354667	-0.694300	0.143200	-0.414700	-0.701300	-0.092800	0.441600
1627302403.367901	-0.746800	0.135600	-0.417200	-0.476500	-0.173800	0.449900
1627302403.387772	-0.800500	0.126200	-0.406700	-0.253000	-0.230900	0.452300
1627302403.389969	-0.839000	0.112400	-0.393900	-0.068200	-0.263000	0.453900
1627302403.394939	-0.880400	0.090000	-0.397300	0.113200	-0.301700	0.458400
1627302403.404250	-0.929200	0.071400	-0.422100	0.291600	-0.332600	0.452900
1627302403.425169	-0.973800	0.046800	-0.453100	0.444600	-0.355500	0.437100
1627302403.425980	-1.046900	0.005700	-0.458900	0.518200	-0.372900	0.421500
1627302403.437310	-1.065700	-0.053100	-0.468100	0.559200	-0.350600	0.402900
1627302403.446853	-1.068200	-0.109900	-0.500600	0.578700	-0.367700	0.383900
1627302403.470937	-1.078000	-0.138200	-0.529400	0.573500	-0.404400	0.358000
1627302403.472336	-1.093800	-0.169100	-0.548100	0.560100	-0.442900	0.318900
1627302403.487627	-1.100300	-0.183300	-0.558000	0.502400	-0.476800	0.270600
1627302403.494174	-1.097400	-0.182300	-0.558300	0.427800	-0.498100	0.220800
1627302403.514094	-1.083000	-0.176400	-0.555400	0.355800	-0.512200	0.169500
1627302403.515054	-1.070100	-0.172500	-0.549100	0.313000	-0.537800	0.095600
1627302403.518552	-1.057600	-0.165400	-0.542400	0.301700	-0.566600	0.005500
1627302403.525493	-1.042200	-0.165400	-0.533400	0.320000	-0.587600	-0.085500
1627302403.545457	-1.019800	-0.157800	-0.521000	0.341700	-0.606300	-0.176500
1627302403.546349	-0.995100	-0.156200	-0.509200	0.376800	-0.622800	-0.265100
1627302403.557405	-0.965600	-0.154200	-0.496100	0.420500	-0.638000	-0.346700
1627302403.566048	-0.945600	-0.152700	-0.480000	0.462700	-0.657000	-0.423000
1627302403.590117	-0.923800	-0.154800	-0.466400	0.500800	-0.687500	-0.508200
1627302403.591585	-0.908400	-0.166500	-0.454600	0.526800	-0.707700	-0.576100
1627302403.594805	-0.888200	-0.178100	-0.440400	0.529200	-0.717100	-0.632300
1627302403.606076	-0.867100	-0.180900	-0.428300	0.526800	-0.730000	-0.683900
1627302403.615842	-0.853900	-0.191700	-0.415900	0.511200	-0.742500	-0.735200
1627302403.634460	-0.844700	-0.199100	-0.403100	0.482800	-0.742800	-0.782800
1627302403.635360	-0.838500	-0.211500	-0.392700	0.441600	-0.743400	-0.834100
1627302403.646223	-0.835700	-0.221300	-0.385400	0.377700	-0.744600	-0.905300
1627302403.653465	-0.846200	-0.232100	-0.375200	0.310900	-0.750400	-0.952300
1627302403.674225	-0.833500	-0.240200	-0.371200	0.213100	-0.745800	-0.995700
1627302403.675110	-0.838500	-0.251500	-0.367900	0.114200	-0.767500	-1.041800
1627302403.692983	-0.851000	-0.256100	-0.367100	0.005100	-0.781300	-1.073000
1627302403.693893	-0.860100	-0.256700	-0.372800	-0.084700	-0.799000	-1.097700
1627302403.705282	-0.881000	-0.262000	-0.366100	-0.183000	-0.819800	-1.120300
1627302403.716273	-0.903000	-0.264900	-0.361300	-0.311900	-0.840800	-1.144500
1627302403.724987	-0.926000	-0.260000	-0.361500	-0.415500	-0.855500	-1.156100
1627302403.747992	-0.944900	-0.258800	-0.364000	-0.517500	-0.863100	-1.148400
1627302403.748897	-0.939800	-0.249800	-0.359100	-0.607000	-0.869800	-1.150000
1627302403.758654	-0.968300	-0.241600	-0.358500	-0.668400	-0.889100	-1.124900
1627302403.766147	-0.942600	-0.236600	-0.355200	-0.733400	-0.858900	-1.083700
1627302403.785687	-0.934700	-0.244000	-0.335900	-0.834200	-0.880800	-1.061400
1627302403.786601	-0.952600	-0.242300	-0.324000	-0.948100	-0.893400	-1.033300
1627302403.796277	-0.955000	-0.231200	-0.311600	-1.023300	-0.889100	-0.993300
1627302403.803662	-0.955900	-0.220700	-0.299400	-1.075200	-0.882100	-0.943200
1627302403.826759	-0.955600	-0.206900	-0.298800	-1.084400	-0.870500	-0.898300
1627302403.834263	-0.955800	-0.197300	-0.301400	-1.054100	-0.836900	-0.850300
1627302403.835330	-0.958000	-0.172000	-0.299200	-0.998800	-0.787700	-0.779800
1627302403.843681	-0.947900	-0.161900	-0.289100	-0.940800	-0.719900	-0.707100
1627302403.846005	-0.936400	-0.161700	-0.277500	-0.901400	-0.669200	-0.636200
1627302403.873895	-0.920800	-0.163700	-0.272000	-0.884000	-0.640200	-0.581200
1627302403.875027	-0.914800	-0.164200	-0.266000	-0.852800	-0.614200	-0.522300
1627302403.887517	-0.909500	-0.172600	-0.257000	-0.810100	-0.588500	-0.467000
1627302403.894362	-0.901200	-0.177200	-0.243200	-0.770700	-0.566200	-0.414200
1627302403.914388	-0.897300	-0.185100	-0.233400	-0.733400	-0.552800	-0.354300
1627302403.915275	-0.895600	-0.190100	-0.221700	-0.692500	-0.549100	-0.280400
1627302403.923791	-0.895100	-0.197800	-0.211900	-0.659500	-0.551900	-0.216300
1627302403.945051	-0.894500	-0.208100	-0.210800	-0.639000	-0.551600	-0.150900
1627302403.945992	-0.886800	-0.226400	-0.209400	-0.629600	-0.542400	-0.080000
1627302403.961747	-0.859600	-0.244000	-0.206100	-0.629000	-0.548800	-0.009800
1627302403.965467	-0.840700	-0.263900	-0.211500	-0.641500	-0.574800	0.065700
1627302403.966369	-0.839000	-0.275000	-0.210400	-0.690700	-0.590700	0.132200
1627302403.990291	-0.841600	-0.296400	-0.191300	-0.799100	-0.637100	0.173200
1627302403.993712	-0.879200	-0.311900	-0.198200	-0.867800	-0.697600	0.173500
1627302404.008543	-0.943000	-0.319200	-0.202500	-0.906900	-0.704900	0.155800
1627302404.013151	-1.002700	-0.331300	-0.189800	-0.888900	-0.607200	0.181700
1627302404.033893	-1.024700	-0.358400	-0.206100	-0.776800	-0.549800	0.229100
1627302404.034724	-1.072100	-0.351200	-0.257300	-0.680600	-0.519200	0.228500
1627302404.044776	-1.083700	-0.288700	-0.355100	-0.645100	-0.379300	0.223300
1627302404.054267	-1.063400	-0.210900	-0.436400	-0.652500	-0.269700	0.299900
1627302404.072989	-1.107700	-0.184200	-0.399700	-0.817700	-0.179900	0.361000
1627302404.073886	-1.137600	-0.125100	-0.389400	-1.070000	0.015900	0.427600
1627302404.091966	-1.169600	-0.029800	-0.404300	-1.264900	0.002500	0.457500
1627302404.092868	-1.244100	0.018800	-0.399800	-1.376700	-0.090700	0.426400
1627302404.116025	-1.252200	0.042500	-0.363400	-1.460300	-0.058900	0.387300
1627302404.129287	-1.206200	0.083900	-0.226700	-1.489700	-0.031400	0.387300
1627302404.130191	-1.107200	0.119600	-0.067900	-1.537600	0.026900	0.508800
1627302404.146550	-0.985600	0.157200	-0.023800	-1.443500	0.019900	0.630100
1627302404.147366	-0.903000	0.176100	-0.082800	-1.064800	-0.014000	0.663400
1627302404.156054	-0.867900	0.187400	-0.188200	-0.549900	-0.052800	0.646900
1627302404.169269	-0.859900	0.196300	-0.203500	-0.234300	-0.145700	0.619100
1627302404.186512	-0.886200	0.207900	-0.145300	-0.262100	-0.272100	0.594100
1627302404.188591	-0.967200	0.255100	-0.066500	-0.466500	-0.372300	0.631900
1627302404.193798	-1.009000	0.302100	0.002700	-0.538900	-0.390300	0.700700
1627302404.206836	-1.031500	0.327900	0.033400	-0.339400	-0.376300	0.700300
1627302404.207728	-1.033600	0.325200	-0.001000	0.060100	-0.317300	0.646300
1627302404.230972	-1.011700	0.272700	-0.076700	0.512400	-0.232400	0.575400
1627302404.233562	-0.981900	0.224000	-0.163900	0.882000	-0.162200	0.512200
1627302404.248467	-0.958500	0.184400	-0.229500	1.104400	-0.126700	0.474000
1627302404.251809	-0.946900	0.138900	-0.273600	1.144700	-0.134700	0.458100
1627302404.273737	-0.952100	0.089500	-0.289200	1.014300	-0.159700	0.456300
1627302404.274747	-0.965200	0.044300	-0.294900	0.782100	-0.175300	0.462400
1627302404.290291	-0.961100	0.021000	-0.277800	0.536600	-0.156100	0.466700
1627302404.295595	-0.958500	0.009800	-0.263400	0.328300	-0.117600	0.462400
1627302404.316828	-0.958600	0.012900	-0.256000	0.158100	-0.101700	0.443500
1627302404.317735	-0.970700	0.011700	-0.240600	-0.002200	-0.106000	0.410500
1627302404.323819	-0.978900	-0.001000	-0.241700	-0.196500	-0.098000	0.361600
1627302404.354198	-0.981300	0.000600	-0.238300	-0.369000	-0.093400	0.314600
1627302404.355079	-0.978800	-0.001800	-0.233800	-0.560800	-0.090100	0.277000
1627302404.356305	-0.968300	0.003200	-0.226800	-0.745900	-0.093100	0.244300
1627302404.366243	-0.955100	0.017300	-0.213400	-0.893800	-0.107500	0.215900
1627302404.370521	-0.956100	0.040800	-0.200200	-0.965200	-0.115700	0.184200
1627302404.393354	-0.958600	0.079500	-0.192300	-0.958500	-0.114200	0.149700
1627302404.394282	-0.966400	0.138300	-0.177500	-0.873300	-0.108700	0.121600
1627302404.403642	-0.987500	0.188400	-0.147700	-0.775300	-0.093400	0.101400
1627302404.414853	-1.004000	0.221800	-0.112400	-0.644500	-0.060800	0.097400
1627302404.438844	-0.996100	0.235700	-0.104100	-0.482400	-0.043300	0.106600
1627302404.439672	-0.978300	0.234400	-0.128500	-0.296000	-0.036900	0.118200
1627302404.442249	-0.957600	0.221400	-0.154900	-0.120700	-0.054300	0.120000
1627302404.457128	-0.948700	0.186800	-0.179200	0.021000	-0.087900	0.119700
1627302404.460440	-0.954200	0.150800	-0.191200	0.101900	-0.134700	0.121200
1627302404.482825	-0.958700	0.129800	-0.186300	0.113900	-0.168600	0.125500
1627302404.483632	-0.966600	0.120000	-0.183300	0.104100	-0.207100	0.126100
1627302404.493572	-0.976800	0.121700	-0.181900	0.103500	-0.238500	0.123100
1627302404.501914	-0.985100	0.112400	-0.176500	0.110800	-0.250100	0.117300
1627302404.522633	-0.992100	0.099700	-0.184800	0.113200	-0.248900	0.112400
1627302404.523341	-0.992400	0.081400	-0.206400	0.111400	-0.229400	0.100200
1627302404.533668	-0.979600	0.068000	-0.243000	0.096400	-0.201900	0.085800
1627302404.543116	-0.972000	0.059900	-0.283700	0.075400	-0.182000	0.067800
1627302404.566427	-0.963300	0.061300	-0.326300	0.029600	-0.171900	0.045500
1627302404.568774	-0.970000	0.080900	-0.354600	-0.016300	-0.157600	0.032100
1627302404.572385	-0.983300	0.094400	-0.360500	-0.034300	-0.131300	0.023500
1627302404.583136	-0.982400	0.108800	-0.363400	-0.022700	-0.092200	0.023200
1627302404.602117	-0.936500	0.143800	-0.334400	-0.019000	-0.080000	0.023200
1627302404.607909	-0.899900	0.179000	-0.309100	-0.028200	-0.099200	0.020200
1627302404.608829	-0.879500	0.229500	-0.280500	-0.046500	-0.129500	0.002100
1627302404.632588	-0.877400	0.276900	-0.235000	-0.029400	-0.137700	-0.049800
1627302404.633408	-0.893800	0.299600	-0.162000	-0.012600	-0.149600	-0.106900
1627302404.644743	-0.947800	0.283400	-0.101100	-0.006500	-0.135600	-0.172300
1627302404.650652	-0.962500	0.275800	-0.072300	0.009100	-0.088600	-0.218400
