1627302424.418184	-1.011400	-0.109000	0.018400	0.016800	-0.010600	0.001500
1627302424.419130	-1.007700	-0.113200	0.014200	0.015500	-0.007300	0.002100
1627302424.419972	-1.003400	-0.111900	0.015500	0.015200	-0.006400	0.002700
1627302424.420894	-1.004500	-0.108800	0.017500	0.015800	-0.008500	0.003300
1627302424.424765	-1.005500	-0.108900	0.016200	0.018900	-0.006100	0.002700
1627302424.515347	-0.986600	0.075400	0.088700	0.123400	0.239800	0.280000
1627302424.518155	-0.960900	0.044300	0.045700	0.106600	0.169000	0.261700
1627302424.518572	-0.941700	0.034900	-0.018800	-0.025700	0.094700	0.237900
1627302424.519015	-0.942600	0.051600	-0.004900	-0.121300	0.015000	0.217400
1627302424.519441	-0.947900	0.082300	0.019400	-0.176300	-0.062000	0.196000
1627302424.519859	-0.936000	0.137800	0.058100	-0.172900	-0.151400	0.168200
1627302424.522021	-0.917800	0.178000	0.115000	-0.075200	-0.201200	0.153000
1627302424.522445	-0.899200	0.200300	0.163500	0.079100	-0.238800	0.145600
1627302424.522895	-0.892500	0.215800	0.175200	0.284600	-0.250100	0.141400
1627302424.523317	-0.891700	0.187100	0.225300	0.580600	-0.265700	0.132500
1627302424.525085	-0.920700	0.107500	0.226300	0.855800	-0.291000	0.114200
1627302424.525505	-0.972300	0.026900	0.205900	0.890000	-0.326200	0.074800
1627302424.525923	-1.005000	0.018100	0.197800	0.790100	-0.355800	0.037800
1627302424.526374	-1.017600	0.050700	0.245600	0.722600	-0.368900	0.009400
1627302424.529079	-0.997700	0.131500	0.293700	0.698500	-0.371100	-0.020500
1627302424.529487	-0.959100	0.202900	0.344500	0.786800	-0.363700	-0.051100
1627302424.529963	-0.918300	0.234700	0.366600	0.984400	-0.346600	-0.066900
1627302424.530371	-0.897200	0.211200	0.375500	1.237900	-0.320300	-0.066300
1627302424.532909	-0.891600	0.147800	0.368700	1.415600	-0.284000	-0.046500
1627302424.533360	-0.902700	0.100700	0.339000	1.371400	-0.245200	-0.034900
1627302424.533770	-0.943100	0.077000	0.337200	1.233300	-0.193900	-0.045000
1627302424.534180	-1.010400	0.039100	0.350600	1.165800	-0.136200	-0.063000
1627302424.535895	-1.072800	-0.015700	0.357500	1.031400	-0.091900	-0.078600
1627302424.536373	-1.130200	-0.070700	0.356700	0.765700	-0.077200	-0.089900
1627302424.536848	-1.147600	-0.101800	0.343800	0.392100	-0.067500	-0.091400
1627302424.537304	-1.124100	-0.080300	0.319900	0.041800	-0.074500	-0.082800
1627302424.539729	-1.087600	-0.002100	0.325100	-0.235200	-0.075100	-0.071200
1627302424.540153	-1.045300	0.088300	0.321900	-0.399200	-0.043300	-0.071500
1627302424.540624	-1.009600	0.147900	0.326700	-0.436500	0.001600	-0.089200
1627302424.541125	-0.982500	0.181600	0.335600	-0.346400	0.047400	-0.119200
1627302424.543490	-0.960800	0.164300	0.325900	-0.196700	0.101800	-0.147900
1627302424.544008	-0.955000	0.121800	0.304600	-0.127400	0.124400	-0.158900
1627302424.544432	-0.967200	0.079600	0.275000	-0.151200	0.130500	-0.165000
1627302424.546173	-0.980800	0.052400	0.266800	-0.206200	0.128000	-0.178100
1627302424.546593	-0.977700	0.054400	0.282600	-0.216000	0.143600	-0.189100
1627302424.547012	-0.960300	0.072000	0.290000	-0.209000	0.184200	-0.203800
1627302424.547462	-0.946500	0.085000	0.273100	-0.179600	0.224500	-0.221200
1627302424.550047	-0.953500	0.087400	0.258500	-0.134100	0.242900	-0.231600
1627302424.550466	-0.966600	0.080000	0.254900	-0.020200	0.247100	-0.238600
1627302424.550921	-0.991700	0.073500	0.232100	0.069600	0.237700	-0.241700
1627302424.551365	-1.000700	0.075400	0.230800	0.130700	0.233700	-0.240700
1627302424.551786	-0.998900	0.072100	0.212200	0.185100	0.242300	-0.243200
1627302424.554023	-0.998900	0.072100	0.212200	0.185100	0.242300	-0.243200
1627302424.554476	-0.974600	0.053200	0.199200	0.327100	0.256600	-0.259400
1627302424.554897	-0.954500	0.047000	0.184000	0.318800	0.242600	-0.263000
1627302424.555316	-0.954500	0.047000	0.184000	0.318800	0.242600	-0.263000
1627302424.557478	-0.947600	0.054700	0.174000	0.270300	0.213900	-0.267300
1627302424.557896	-0.955700	0.064600	0.193100	0.348500	0.183600	-0.272500
1627302424.558345	-0.969800	0.054700	0.185700	0.402500	0.174100	-0.282900
1627302424.558765	-0.975800	0.034400	0.191800	0.405900	0.175100	-0.285000
1627302424.560944	-0.976400	0.004000	0.192100	0.403700	0.165300	-0.280700
1627302424.561366	-0.978100	-0.010100	0.186400	0.341100	0.143300	-0.277700
1627302424.561815	-0.990200	-0.005000	0.174700	0.227800	0.127100	-0.277100
1627302424.563948	-0.998300	0.009800	0.174300	0.152700	0.112400	-0.281700
1627302424.564395	-0.999100	0.015500	0.192300	0.151800	0.097500	-0.288100
1627302424.564815	-0.991200	0.013300	0.206400	0.102600	0.089200	-0.298200
1627302424.565264	-0.984100	0.010500	0.203400	-0.015900	0.095000	-0.311600
1627302424.567111	-0.973100	0.031200	0.205200	-0.063600	0.096600	-0.313700
1627302424.567525	-0.983600	0.038300	0.204100	-0.041600	0.079200	-0.331800
1627302424.567966	-1.000400	0.039200	0.203000	-0.023600	0.063600	-0.354700
1627302424.570105	-1.014800	0.032500	0.191500	-0.030600	0.053200	-0.364400
1627302424.570514	-1.016700	0.032100	0.200400	-0.040700	0.045900	-0.375700
1627302424.570923	-1.005700	0.042100	0.214800	-0.033300	0.046500	-0.390100
1627302424.571376	-0.986700	0.048500	0.229400	-0.027800	0.062100	-0.415400
1627302424.571786	-0.976400	0.040500	0.229600	-0.025700	0.069400	-0.442300
1627302424.573917	-0.987400	0.015300	0.231400	-0.008900	0.076400	-0.465500
1627302424.574330	-0.995600	-0.001800	0.225000	-0.016800	0.085900	-0.481700
1627302424.574779	-0.998800	-0.007800	0.220900	-0.036400	0.094400	-0.492100
1627302424.575191	-0.991300	0.001800	0.216800	-0.087400	0.100800	-0.509800
1627302424.577319	-0.982500	0.026000	0.223300	-0.090400	0.107600	-0.531500
1627302424.577754	-0.977200	0.034900	0.236700	-0.011300	0.120400	-0.554100
1627302424.578237	-0.970800	0.012500	0.268700	0.107800	0.148800	-0.567200
1627302424.578682	-0.962600	-0.016200	0.270500	0.124600	0.172300	-0.572700
1627302424.580811	-0.968900	-0.036300	0.249800	0.103500	0.181500	-0.582200
1627302424.581221	-0.987500	-0.045900	0.232100	0.068100	0.183900	-0.598400
1627302424.581627	-0.989600	-0.029400	0.225000	0.045200	0.195800	-0.615500
1627302424.582076	-0.981900	-0.020900	0.211100	0.047000	0.217200	-0.633200
1627302424.584636	-0.971800	-0.031900	0.195200	0.060400	0.227000	-0.656700
1627302424.585070	-0.982100	-0.051900	0.187700	0.046400	0.228500	-0.673800
1627302424.585481	-0.988900	-0.079200	0.162200	-0.015900	0.225500	-0.684500
1627302424.585895	-1.008200	-0.106200	0.120000	-0.138100	0.195800	-0.685800
1627302424.586313	-1.022900	-0.118200	0.076200	-0.283200	0.160100	-0.693400
1627302424.588489	-0.869100	-0.123300	0.371000	1.360700	-0.691100	-0.842400
1627302424.588898	-0.920500	-0.140300	0.445200	1.121200	-1.012500	-0.684500
1627302424.589305	-0.978600	-0.155800	0.403200	0.897600	-1.203700	-0.597200
1627302424.589714	-1.017300	-0.160200	0.401700	0.728400	-1.334400	-0.577300
1627302424.590125	-1.041100	-0.190600	0.392100	0.658500	-1.432400	-0.582800
1627302424.590535	-1.028900	-0.194300	0.390000	0.607800	-1.457200	-0.607600
1627302424.590944	-0.989700	-0.173000	0.411000	0.618500	-1.450500	-0.642700
1627302424.591351	-0.951200	-0.175500	0.395800	0.670700	-1.469400	-0.663200
1627302424.591760	-0.955400	-0.197800	0.376500	0.696700	-1.488900	-0.664400
1627302424.592168	-0.992900	-0.240400	0.397600	0.769000	-1.507000	-0.651200
1627302424.592576	-1.030500	-0.281500	0.419700	0.753800	-1.494400	-0.640200
1627302424.605554	-1.021100	-0.306900	0.461800	0.770000	-1.451700	-0.624100
1627302424.606263	-0.999800	-0.322100	0.458900	0.762300	-1.377500	-0.596000
1627302424.608740	-0.937600	-0.355500	0.476100	0.741900	-1.310600	-0.530300
1627302424.620015	-0.872800	-0.380700	0.491000	0.723500	-1.282800	-0.447800
1627302424.644237	-0.836500	-0.404100	0.537400	0.721700	-1.276000	-0.366300
1627302424.645134	-0.824700	-0.432700	0.555500	0.679900	-1.277000	-0.286200
1627302424.647620	-0.814700	-0.456300	0.517000	0.540300	-1.253400	-0.222400
1627302424.658945	-0.795200	-0.490200	0.533700	0.554300	-1.215900	-0.169600
1627302424.685697	-0.772800	-0.513400	0.524500	0.504200	-1.166100	-0.135400
1627302424.686609	-0.750600	-0.526500	0.531700	0.478000	-1.105000	-0.114900
1627302424.687445	-0.732400	-0.536400	0.509300	0.419000	-1.048500	-0.116700
1627302424.708197	-0.707200	-0.532600	0.532700	0.422100	-0.958700	-0.125300
1627302424.709099	-0.703400	-0.529400	0.521400	0.400100	-0.870400	-0.145400
1627302424.736738	-0.673000	-0.497900	0.512300	0.391500	-0.782200	-0.158000
1627302424.737448	-0.640000	-0.518900	0.488300	0.473700	-0.686900	-0.153100
1627302424.738450	-0.600300	-0.530000	0.496800	0.588200	-0.551600	-0.149700
1627302424.765929	-0.564000	-0.513900	0.497600	0.625800	-0.413200	-0.167100
1627302424.766841	-0.527700	-0.479100	0.512300	0.679900	-0.307200	-0.209300
1627302424.768912	-0.489400	-0.460600	0.525600	0.883300	-0.234200	-0.237400
1627302424.783784	-0.476900	-0.458600	0.521400	1.091000	-0.189300	-0.241300
1627302424.796972	-0.465500	-0.480500	0.509300	1.278800	-0.126700	-0.228800
1627302424.797879	-0.462000	-0.524000	0.507600	1.439200	-0.043600	-0.201900
1627302424.827905	-0.450400	-0.570400	0.513500	1.495400	0.039800	-0.171400
1627302424.829632	-0.443000	-0.611300	0.506100	1.424800	0.118300	-0.137200
1627302424.830534	-0.441000	-0.657700	0.476300	1.207000	0.218100	-0.087400
1627302424.840075	-0.434400	-0.685800	0.465800	0.980700	0.283800	-0.046800
1627302424.867092	-0.424100	-0.704700	0.464700	0.735400	0.343700	-0.010700
1627302424.868009	-0.408100	-0.690400	0.478600	0.418100	0.403500	0.019800
1627302424.868852	-0.392100	-0.664700	0.451800	0.154500	0.450600	0.043000
1627302424.899482	-0.375000	-0.631700	0.439100	-0.035500	0.490900	0.065000
1627302424.900387	-0.358800	-0.602800	0.449700	-0.109700	0.537600	0.098000
1627302424.901213	-0.355600	-0.588400	0.490700	-0.097200	0.580100	0.129800
1627302424.908783	-0.355000	-0.581800	0.489700	-0.148500	0.624700	0.155400
1627302424.938099	-0.361300	-0.575800	0.468000	-0.215700	0.672000	0.176500
1627302424.939006	-0.371700	-0.574700	0.460700	-0.223900	0.704400	0.184400
1627302424.940259	-0.389600	-0.576000	0.461900	-0.197700	0.729400	0.178900
1627302424.950432	-0.423500	-0.585300	0.495200	-0.125000	0.752300	0.160900
1627302424.974411	-0.456200	-0.604500	0.494300	-0.124400	0.778600	0.139500
1627302424.975127	-0.474600	-0.611500	0.480300	-0.193400	0.804300	0.121500
1627302424.977238	-0.497200	-0.623500	0.529300	-0.170800	0.822900	0.107200
1627302424.987294	-0.525100	-0.627800	0.540300	-0.228200	0.842100	0.096800
1627302425.016945	-0.551100	-0.618800	0.546400	-0.325900	0.847600	0.091000
1627302425.017852	-0.590600	-0.601800	0.528000	-0.426400	0.850400	0.079100
1627302425.019954	-0.628200	-0.565300	0.509500	-0.494200	0.842100	0.063200
1627302425.040633	-0.662000	-0.530400	0.517700	-0.439900	0.829300	0.047300
1627302425.041565	-0.703500	-0.504500	0.555900	-0.276200	0.822900	0.036000
1627302425.068417	-0.736800	-0.500600	0.573700	-0.143600	0.825300	0.029900
1627302425.069361	-0.777000	-0.530800	0.576700	-0.063000	0.816800	0.045800
1627302425.070204	-0.799400	-0.556600	0.514500	-0.194300	0.829000	0.076600
1627302425.077518	-0.809100	-0.567400	0.520500	-0.267000	0.847000	0.102600
1627302425.105655	-0.802100	-0.549900	0.498300	-0.409900	0.864700	0.097400
1627302425.106583	-0.793800	-0.513500	0.511500	-0.446600	0.861100	0.077500
1627302425.107439	-0.812700	-0.481400	0.526900	-0.352500	0.855900	0.044800
1627302425.121183	-0.814300	-0.456200	0.505500	-0.308200	0.845500	0.023500
1627302425.146942	-0.824200	-0.462500	0.557500	-0.143600	0.804900	0.029900
1627302425.147853	-0.844000	-0.471300	0.523600	-0.188200	0.770400	0.056800
1627302425.149109	-0.850100	-0.486500	0.547100	-0.220600	0.748700	0.094900
1627302425.158686	-0.879300	-0.495700	0.548100	-0.316500	0.740100	0.128500
1627302425.173537	-0.887800	-0.477300	0.499100	-0.575500	0.751700	0.143500
1627302425.203221	-0.886200	-0.460100	0.499500	-0.716900	0.752600	0.136800
1627302425.204263	-0.878500	-0.424800	0.489700	-0.853100	0.738900	0.127900
1627302425.205131	-0.867700	-0.377400	0.457400	-0.988100	0.709300	0.124600
1627302425.207412	-0.879400	-0.346800	0.466400	-0.963100	0.680900	0.131300
1627302425.233154	-0.896600	-0.317600	0.484600	-0.910800	0.664700	0.142000
1627302425.234070	-0.917000	-0.282700	0.470200	-0.839700	0.654900	0.159700
1627302425.236252	-0.914800	-0.260100	0.474900	-0.764200	0.640200	0.167900
1627302425.251462	-0.916000	-0.239500	0.470100	-0.661300	0.611800	0.180800
1627302425.266021	-0.894900	-0.217200	0.403100	-0.616100	0.583700	0.203100
1627302425.266950	-0.884000	-0.212400	0.397000	-0.475900	0.523900	0.227800
1627302425.277669	-0.875900	-0.201500	0.413000	-0.361700	0.456100	0.249200
1627302425.306903	-0.886500	-0.185400	0.402700	-0.259400	0.393800	0.271800
1627302425.307817	-0.902500	-0.181000	0.372100	-0.168000	0.360800	0.284600
1627302425.308648	-0.909200	-0.175800	0.370800	-0.040400	0.356200	0.292500
1627302425.318802	-0.900900	-0.173000	0.371100	0.033300	0.361400	0.316700
1627302425.349429	-0.879800	-0.170500	0.370600	0.055500	0.348900	0.354200
1627302425.350343	-0.861800	-0.174200	0.360100	0.031700	0.321100	0.391200
1627302425.351581	-0.857900	-0.168000	0.359700	-0.023900	0.280700	0.429100
1627302425.357318	-0.862400	-0.154100	0.362900	-0.114000	0.221200	0.454400
1627302425.377042	-0.876800	-0.145000	0.315900	-0.194900	0.171100	0.478900
1627302425.377954	-0.922200	-0.130500	0.230200	-0.287800	0.175400	0.523800
1627302425.404464	-0.959500	-0.108500	0.182700	-0.393700	0.244400	0.578700
1627302425.405370	-0.965800	-0.088000	0.164100	-0.463400	0.306400	0.644700
1627302425.406207	-0.936000	-0.074600	0.208000	-0.495500	0.306700	0.726000
1627302425.433132	-0.877200	-0.037700	0.288700	-0.530900	0.174500	0.827700
1627302425.433846	-0.852500	0.012300	0.247700	-0.719600	-0.002100	0.943100
1627302425.436055	-0.865100	0.060700	0.197100	-0.840000	-0.169800	1.051500
1627302425.467170	-0.948900	0.113500	0.104100	-0.694300	-0.268700	1.151100
1627302425.468088	-1.015300	0.138800	0.100100	-0.348500	-0.197000	1.219800
1627302425.470125	-1.072600	0.103400	0.099700	0.106600	-0.196300	1.292500
1627302425.476139	-1.162200	0.009400	0.009900	0.569300	-0.153000	1.349000
1627302425.491183	-1.204700	-0.161000	-0.057400	0.688400	-0.101700	1.364000
1627302425.515691	-1.219200	-0.354400	-0.102200	0.291000	-0.052200	1.327000
1627302425.516596	-1.162200	-0.461200	-0.075300	-0.418500	-0.022600	1.235700
1627302425.517416	-1.089000	-0.419800	0.010600	-0.893700	-0.034500	1.182000
1627302425.550636	-1.009000	-0.332000	0.129600	-1.154900	-0.077200	1.135500
1627302425.551552	-0.952600	-0.233800	0.297400	-1.030000	-0.262600	1.057000
1627302425.555161	-1.022100	-0.226300	0.292800	-0.915100	-0.364900	0.944300
1627302425.556302	-1.108600	-0.230700	0.283300	-0.759000	-0.379900	0.833500
1627302425.572173	-1.147800	-0.167400	0.365100	-0.410800	-0.370100	0.735100
1627302425.593142	-1.134400	-0.072100	0.399200	-0.106600	-0.342300	0.692100
1627302425.594058	-1.092300	0.046100	0.334700	0.076600	-0.263200	0.669800
1627302425.596272	-1.061000	0.151000	0.369900	0.578100	-0.215900	0.639800
1627302425.621827	-1.081900	0.174100	0.386100	1.101000	-0.169200	0.628800
1627302425.622743	-1.118800	0.098100	0.373500	1.456300	-0.087900	0.661500
1627302425.626259	-1.131100	-0.109700	0.355700	1.631300	-0.019200	0.759600
1627302425.667126	-1.127300	-0.338000	0.323200	1.443100	-0.017100	0.832200
1627302425.668046	-1.106000	-0.478400	0.281200	0.888200	-0.013400	0.850600
1627302425.668891	-1.049100	-0.464600	0.243700	0.061400	-0.014000	0.803200
1627302425.670355	-0.994900	-0.310500	0.232300	-0.521100	-0.035400	0.736300
1627302425.696949	-0.966600	-0.094000	0.241000	-0.782600	-0.061300	0.676800
1627302425.697882	-0.954100	0.127000	0.293800	-0.612400	-0.085500	0.635500
1627302425.712522	-0.950900	0.239500	0.338600	-0.176900	-0.076900	0.619700
1627302425.713518	-0.934200	0.233500	0.342900	0.219300	-0.047600	0.619400
1627302425.725679	-0.917500	0.153400	0.316200	0.516800	-0.028100	0.609600
1627302425.726583	-0.931600	0.064600	0.305200	0.636800	-0.031700	0.575400
1627302425.752205	-0.957200	0.018300	0.304200	0.562900	-0.026500	0.529900
1627302425.753116	-0.964700	0.000900	0.323500	0.466700	-0.003000	0.483100
1627302425.758814	-0.952900	-0.004600	0.345500	0.374100	0.028500	0.449500
1627302425.768735	-0.948600	-0.007900	0.348400	0.296500	0.048300	0.439800
1627302425.794439	-0.955700	-0.002000	0.352700	0.197900	0.060200	0.440700
1627302425.795342	-0.975300	0.006100	0.352200	0.116600	0.075800	0.434000
1627302425.796411	-0.993400	0.014300	0.345000	0.032000	0.088900	0.417800
1627302425.823045	-1.002800	0.029700	0.339200	-0.037600	0.107300	0.401600
1627302425.824100	-0.995000	0.037600	0.331200	-0.081300	0.131400	0.387200
1627302425.826290	-0.984100	0.034400	0.328100	-0.092600	0.148500	0.375600
1627302425.841220	-0.977700	0.021500	0.316000	-0.125000	0.159200	0.362800
1627302425.855951	-0.983300	-0.002800	0.292500	-0.185700	0.157300	0.352400
1627302425.865792	-1.001100	-0.016500	0.263800	-0.284700	0.138700	0.348400
1627302425.866715	-1.020900	-0.011700	0.243400	-0.392200	0.109700	0.352400
1627302425.877600	-1.025800	0.009300	0.225600	-0.494200	0.090800	0.353600
1627302425.907177	-1.007900	0.027300	0.225000	-0.546200	0.085300	0.339600
1627302425.908107	-0.977500	0.047500	0.219700	-0.599600	0.078500	0.315500
1627302425.908933	-0.943200	0.073900	0.217800	-0.643600	0.057200	0.283400
1627302425.916273	-0.935700	0.092900	0.229600	-0.602700	0.029100	0.258300
1627302425.944404	-0.935500	0.114300	0.224100	-0.560500	0.003700	0.240000
1627302425.945311	-0.939000	0.135600	0.206500	-0.492700	-0.021300	0.224100
1627302425.946276	-0.935300	0.137300	0.220200	-0.352200	-0.049700	0.207600
1627302425.956212	-0.931400	0.134200	0.223300	-0.233700	-0.074200	0.183500
1627302425.984576	-0.924300	0.126600	0.226600	-0.117900	-0.089100	0.155100
1627302425.985477	-0.919800	0.106000	0.236500	0.005800	-0.106500	0.134300
1627302425.986305	-0.916500	0.092500	0.224100	0.083600	-0.125800	0.115100
1627302426.013049	-0.919600	0.091300	0.232900	0.155100	-0.152100	0.091600
1627302426.013955	-0.926000	0.096300	0.237700	0.211600	-0.175000	0.073200
1627302426.034274	-0.937100	0.107200	0.240700	0.254100	-0.193000	0.057100
1627302426.035181	-0.949100	0.106700	0.248800	0.337800	-0.209500	0.044500
1627302426.036518	-0.948500	0.085800	0.255900	0.431500	-0.225100	0.037500
1627302426.046476	-0.942900	0.061300	0.251300	0.462100	-0.235700	0.028000
1627302426.072297	-0.944900	0.063100	0.242800	0.417800	-0.248900	0.008500
1627302426.073203	-0.952600	0.093600	0.240500	0.393700	-0.260800	-0.022000
1627302426.075022	-0.955000	0.139400	0.241700	0.410500	-0.269600	-0.058700
1627302426.084976	-0.940700	0.176900	0.266100	0.521300	-0.281300	-0.090800
1627302426.111963	-0.907300	0.190300	0.297400	0.652400	-0.278200	-0.109400
1627302426.112891	-0.883500	0.177400	0.323100	0.764800	-0.280000	-0.117300
1627302426.115037	-0.893100	0.146600	0.361900	0.862800	-0.281600	-0.125600
1627302426.141856	-0.916600	0.103400	0.410000	0.968200	-0.264200	-0.132900
1627302426.142838	-0.935100	0.059000	0.444500	1.010900	-0.221700	-0.125900
1627302426.146402	-0.946000	0.007200	0.426300	0.947400	-0.164900	-0.107600
1627302426.157620	-0.967900	-0.034300	0.374000	0.746700	-0.118500	-0.094400
1627302426.186803	-0.992200	-0.022700	0.353100	0.582100	-0.093400	-0.092600
1627302426.187708	-1.014600	0.012500	0.360700	0.474600	-0.076000	-0.099000
1627302426.188895	-1.029900	0.050300	0.378700	0.343300	-0.053400	-0.105100
1627302426.215911	-1.034900	0.063500	0.404100	0.297500	-0.033900	-0.107000
1627302426.216823	-1.031900	0.062400	0.428500	0.292000	-0.009700	-0.107300
1627302426.217646	-1.020500	0.047000	0.449000	0.265700	0.027200	-0.104200
1627302426.228793	-1.011200	0.033100	0.454500	0.210100	0.058400	-0.103300
1627302426.262068	-1.002900	0.025100	0.450400	0.165200	0.091700	-0.108500
1627302426.262982	-0.991200	0.022000	0.468000	0.159400	0.145700	-0.110600
1627302426.263813	-0.971700	0.016400	0.465200	0.117200	0.201900	-0.105700
1627302426.265331	-0.959700	0.011800	0.444700	0.050100	0.251400	-0.099000
1627302426.280559	-0.953600	0.025500	0.407500	-0.013800	0.301800	-0.098100
1627302426.296612	-0.959500	0.048600	0.393100	0.001500	0.338500	-0.100200
1627302426.314336	-0.960600	0.066800	0.376500	0.020400	0.373600	-0.099000
1627302426.315251	-0.954700	0.070300	0.353800	0.076000	0.401100	-0.096000
1627302426.316116	-0.955000	0.071400	0.328100	0.128900	0.420000	-0.089900
1627302426.343247	-0.954100	0.063400	0.301600	0.160000	0.430100	-0.085600
1627302426.344155	-0.957300	0.061600	0.288600	0.209500	0.429500	-0.083400
1627302426.345402	-0.957400	0.059900	0.273200	0.236100	0.424600	-0.085300
1627302426.364374	-0.953500	0.064700	0.246000	0.213800	0.413900	-0.088300
1627302426.365284	-0.952100	0.077500	0.236300	0.229600	0.397100	-0.089200
1627302426.384325	-0.951300	0.081700	0.231200	0.278200	0.383100	-0.091100
1627302426.385229	-0.944300	0.075200	0.241200	0.305400	0.375700	-0.089200
1627302426.396352	-0.943500	0.055700	0.243300	0.325200	0.369900	-0.089200
1627302426.421823	-0.944200	0.036300	0.224600	0.282200	0.362600	-0.090200
1627302426.422730	-0.952800	0.036300	0.215900	0.238800	0.345200	-0.096900
1627302426.425026	-0.964200	0.052000	0.208900	0.204000	0.329300	-0.110300
1627302426.435076	-0.968800	0.073100	0.208400	0.176800	0.316200	-0.123100
1627302426.457951	-0.965600	0.082800	0.219500	0.219900	0.303300	-0.130800
1627302426.461035	-0.957300	0.074000	0.211800	0.259900	0.290800	-0.133200
1627302426.473374	-0.953600	0.064700	0.188000	0.222000	0.267900	-0.137800
1627302426.474602	-0.960400	0.064200	0.166500	0.173100	0.243200	-0.149100
1627302426.482662	-0.976100	0.077600	0.170700	0.163700	0.212000	-0.169600
1627302426.503979	-0.988200	0.081200	0.189000	0.195700	0.189700	-0.188800
1627302426.505192	-0.983400	0.072300	0.183000	0.157000	0.186100	-0.195500
1627302426.511180	-0.976300	0.061800	0.162600	0.082400	0.169900	-0.200700
1627302426.532731	-0.988900	0.050300	0.158200	0.029000	0.137500	-0.218100
1627302426.533940	-1.004400	0.047700	0.173500	-0.004300	0.117600	-0.238000
1627302426.540083	-1.005700	0.049700	0.184200	-0.054700	0.110600	-0.256600
1627302426.563491	-0.994300	0.054200	0.192600	-0.132600	0.099000	-0.274900
1627302426.564398	-0.994800	0.065100	0.189900	-0.188800	0.070300	-0.303700
1627302426.575057	-1.003500	0.084100	0.178200	-0.232500	0.013500	-0.348900
1627302426.582499	-1.010000	0.094000	0.180800	-0.159500	-0.013100	-0.386700
1627302426.605402	-0.989500	0.087300	0.172700	-0.100800	0.008300	-0.381800
1627302426.606233	-0.967500	0.079700	0.187000	-0.067500	0.014700	-0.370900
1627302426.612623	-0.958100	0.069200	0.207600	-0.005500	0.019900	-0.376700
1627302426.634463	-0.954600	0.054300	0.217200	0.024400	0.027800	-0.396800
1627302426.635366	-0.960300	0.043200	0.211300	0.009400	0.027500	-0.430400
1627302426.641270	-0.981900	0.044600	0.215300	0.007300	0.020500	-0.466500
1627302426.663118	-1.000600	0.046100	0.230700	0.023500	0.020200	-0.490600
1627302426.663954	-1.004900	0.043900	0.236200	0.038400	0.030600	-0.499100
1627302426.674993	-0.994900	0.032100	0.254400	0.033900	0.053200	-0.504000
1627302426.684508	-0.984300	0.000400	0.280300	0.070800	0.066000	-0.506800
1627302426.706531	-0.975700	-0.029700	0.288300	0.041200	0.087700	-0.514100
1627302426.707374	-0.971100	-0.048600	0.284300	-0.044900	0.118900	-0.527500
1627302426.712376	-0.980100	-0.044400	0.275000	-0.130800	0.144800	-0.550800
1627302426.727521	-0.998900	-0.024800	0.269900	-0.176900	0.167100	-0.573000
1627302426.736296	-1.016600	-0.004000	0.270900	-0.165900	0.191200	-0.588300
1627302426.740836	-1.019400	-0.001800	0.274000	-0.116700	0.214500	-0.595000
1627302426.762546	-1.017300	-0.010000	0.268200	-0.095300	0.229400	-0.596000
1627302426.764112	-1.017500	-0.028100	0.245800	-0.105100	0.235800	-0.596600
1627302426.779029	-1.024700	-0.044600	0.218900	-0.125000	0.233400	-0.592600
1627302426.783144	-1.035800	-0.061800	0.186800	-0.184500	0.219700	-0.586200
1627302426.807349	-1.038600	-0.076300	0.155500	-0.292300	0.190300	-0.592000
1627302426.809044	-1.040400	-0.096300	0.135600	-0.424300	0.147000	-0.625000
1627302426.823842	-1.042400	-0.124600	0.123200	-0.547400	0.129200	-0.661000
1627302426.826812	-1.038500	-0.140900	0.100600	-0.738000	0.121000	-0.698000
1627302426.827727	-1.039200	-0.140100	0.070700	-0.951500	0.109700	-0.739500
1627302426.851839	-1.050500	-0.127100	0.044100	-1.091000	0.085600	-0.773700
1627302426.853773	-1.069900	-0.107800	0.055900	-1.126200	0.046500	-0.802100
1627302426.864851	-1.100800	-0.089400	0.081100	-1.090100	0.005500	-0.825300
1627302426.873137	-1.126000	-0.090200	0.097200	-1.024500	-0.007900	-0.840300
1627302426.895483	-1.152800	-0.113300	0.099600	-0.929800	-0.021900	-0.854700
1627302426.896311	-1.181200	-0.149500	0.105000	-0.793600	-0.032300	-0.868400
1627302426.903656	-1.194500	-0.166400	0.049400	-0.709300	-0.013700	-0.877900
1627302426.915730	-1.189600	-0.178300	-0.008200	-0.612100	0.031800	-0.895900
1627302426.916641	-1.195400	-0.181200	-0.004600	-0.534500	0.045300	-0.924600
1627302426.942812	-1.215100	-0.121100	0.017000	-0.528400	0.117300	-0.954200
1627302426.946450	-1.182700	-0.059000	0.062900	-0.394400	0.191900	-0.963100
1627302426.952537	-1.090800	-0.024500	0.169700	-0.196400	0.144800	-0.927700
1627302426.955838	-1.057400	-0.002300	0.107200	0.033900	0.100500	-0.892500
1627302426.978525	-1.022700	-0.034200	0.082900	0.374100	0.016800	-0.868100
1627302426.984537	-0.990700	-0.048700	0.190600	0.522600	-0.086100	-0.839700
1627302427.006370	-0.919200	-0.008400	0.267300	0.605000	-0.275500	-0.811900
1627302427.008625	-0.864000	0.026000	0.330000	0.559200	-0.500900	-0.751700
1627302427.012480	-0.847900	0.050200	0.278700	0.473100	-0.736700	-0.614300
1627302427.023205	-0.904700	0.033100	0.277300	0.591900	-0.897600	-0.498200
1627302427.042099	-0.987500	-0.020000	0.314200	0.815500	-0.995700	-0.442900
1627302427.043007	-1.055700	-0.091200	0.326700	0.959900	-1.048500	-0.440500
1627302427.050271	-1.090300	-0.175200	0.311400	1.040900	-1.047000	-0.449000
1627302427.064966	-1.081300	-0.267200	0.284500	1.034800	-1.007300	-0.422800
1627302427.076327	-1.028900	-0.350000	0.237700	0.857600	-0.953800	-0.338200
1627302427.082058	-0.977400	-0.412500	0.218900	0.595600	-0.929100	-0.233700
1627302427.103019	-0.948100	-0.439000	0.220700	0.264800	-0.935800	-0.151200
1627302427.103838	-0.935900	-0.430100	0.222900	-0.225800	-0.954400	-0.083100
1627302427.113751	-0.909500	-0.377800	0.232100	-0.701000	-0.970600	-0.070600
1627302427.123242	-0.897000	-0.322500	0.256100	-0.965200	-0.989900	-0.082800
1627302427.149510	-0.920200	-0.269300	0.263800	-1.181500	-1.023200	-0.090500
1627302427.150416	-0.947500	-0.231300	0.262500	-1.326800	-1.042100	-0.095700
1627302427.152587	-0.913800	-0.187500	0.257600	-1.308800	-1.041500	-0.130500
1627302427.163876	-0.826800	-0.105800	0.261600	-1.095600	-1.054000	-0.228500
1627302427.168159	-0.747200	-0.023800	0.321700	-0.574300	-1.077500	-0.387000
1627302427.191374	-0.717700	-0.013300	0.366300	0.051600	-1.069300	-0.504300
1627302427.192359	-0.709800	-0.065400	0.360000	0.622100	-1.047600	-0.577900
1627302427.202654	-0.737400	-0.168100	0.391700	1.178600	-1.034100	-0.613100
1627302427.212236	-0.775600	-0.268200	0.430500	1.458700	-1.020100	-0.620700
1627302427.235466	-0.794900	-0.340600	0.399900	1.448600	-0.994100	-0.624400
1627302427.236296	-0.791700	-0.405000	0.371200	1.321600	-0.954700	-0.625900
1627302427.242498	-0.763500	-0.430900	0.350800	1.130400	-0.923000	-0.614000
1627302427.263731	-0.729700	-0.438200	0.368500	0.945600	-0.901000	-0.581300
1627302427.273281	-0.704000	-0.424200	0.391700	0.691200	-0.883900	-0.530600
1627302427.274177	-0.705900	-0.412000	0.412200	0.515800	-0.852400	-0.490000
1627302427.283809	-0.713700	-0.403700	0.425300	0.362800	-0.798700	-0.453900
1627302427.308385	-0.725600	-0.389300	0.455900	0.231200	-0.729000	-0.402900
1627302427.309280	-0.735100	-0.400100	0.454000	0.141400	-0.668200	-0.350100
1627302427.312613	-0.738600	-0.396700	0.429900	0.027100	-0.608400	-0.301800
1627302427.325043	-0.718000	-0.427500	0.440700	0.066800	-0.526200	-0.241300
1627302427.329713	-0.714200	-0.442100	0.448200	0.073600	-0.461500	-0.201600
1627302427.352205	-0.712900	-0.476000	0.436900	0.062600	-0.397300	-0.162900
1627302427.353116	-0.701500	-0.496800	0.404400	-0.036400	-0.316100	-0.124400
1627302427.365167	-0.679400	-0.506200	0.415600	-0.051400	-0.251900	-0.083700
1627302427.371396	-0.663500	-0.511400	0.404500	-0.098100	-0.208000	-0.038500
1627302427.389798	-0.650100	-0.494900	0.406700	-0.108800	-0.155700	0.024400
1627302427.399587	-0.654100	-0.492200	0.430400	-0.010700	-0.100400	0.086100
1627302427.400489	-0.657100	-0.493800	0.449200	0.072300	-0.031400	0.151700
1627302427.418728	-0.659700	-0.523700	0.490100	0.236400	0.058700	0.247700
1627302427.423784	-0.656200	-0.567600	0.486700	0.310900	0.166800	0.350900
1627302427.437156	-0.643600	-0.605700	0.498300	0.331000	0.265200	0.430000
1627302427.438159	-0.642100	-0.631600	0.507400	0.303300	0.374500	0.491700
1627302427.458816	-0.647800	-0.645500	0.494900	0.217700	0.479000	0.534100
1627302427.462693	-0.662200	-0.651100	0.494000	0.162100	0.565700	0.557700
1627302427.477737	-0.689200	-0.663500	0.518900	0.107200	0.644800	0.575700
1627302427.479388	-0.714200	-0.657600	0.518100	-0.018700	0.711400	0.576600
1627302427.500459	-0.726900	-0.645500	0.507200	-0.082800	0.739500	0.562200
1627302427.502646	-0.746500	-0.630600	0.486300	-0.103000	0.751400	0.532000
1627302427.512583	-0.769800	-0.607400	0.501100	-0.046800	0.741900	0.473400
1627302427.518263	-0.806500	-0.589400	0.493400	0.011900	0.731900	0.405900
1627302427.539083	-0.833000	-0.576700	0.472900	0.050700	0.714200	0.325500
1627302427.542744	-0.852400	-0.567100	0.456900	0.110500	0.689100	0.229900
1627302427.553821	-0.857400	-0.556500	0.429000	0.127300	0.670500	0.152700
1627302427.560727	-0.848300	-0.548500	0.415500	0.177700	0.646700	0.083900
1627302427.581600	-0.833900	-0.535900	0.402500	0.220200	0.615800	0.011200
1627302427.582422	-0.822100	-0.530600	0.390900	0.264800	0.591700	-0.032400
1627302427.593758	-0.824700	-0.535200	0.402300	0.308100	0.565400	-0.060200
1627302427.599632	-0.839800	-0.550200	0.409100	0.267800	0.534300	-0.065400
1627302427.621847	-0.842700	-0.556500	0.381700	0.124600	0.508000	-0.063900
1627302427.622774	-0.830400	-0.553700	0.394500	0.016100	0.487800	-0.073700
1627302427.632642	-0.816900	-0.530600	0.386000	-0.143900	0.466100	-0.106300
1627302427.641460	-0.809000	-0.512300	0.379300	-0.232500	0.446600	-0.135400
1627302427.662298	-0.814000	-0.496000	0.381700	-0.289300	0.428900	-0.166200
1627302427.663214	-0.818000	-0.479100	0.358000	-0.392500	0.424300	-0.182400
1627302427.673878	-0.829700	-0.468500	0.373800	-0.418800	0.422800	-0.184500
1627302427.680110	-0.842200	-0.450300	0.354100	-0.492100	0.439300	-0.180600
1627302427.704522	-0.842400	-0.429900	0.332800	-0.550100	0.464300	-0.161000
1627302427.705418	-0.850700	-0.420500	0.342300	-0.551700	0.481700	-0.121900
1627302427.721919	-0.872100	-0.413600	0.383700	-0.555900	0.496100	-0.079200
1627302427.734474	-0.926900	-0.430700	0.373500	-0.681200	0.505200	-0.015600
1627302427.735392	-0.940700	-0.421400	0.335600	-0.907500	0.521100	0.029300
1627302427.745304	-0.907800	-0.391800	0.339500	-1.036400	0.525400	0.049100
1627302427.752685	-0.866200	-0.325000	0.361800	-1.102000	0.512600	0.048200
1627302427.762501	-0.849600	-0.264200	0.361200	-1.057800	0.495800	0.037800
1627302427.778260	-0.865500	-0.236000	0.365600	-0.911500	0.480500	0.027700
1627302427.781937	-0.884900	-0.211300	0.362400	-0.749300	0.483900	0.020400
1627302427.804192	-0.897600	-0.199500	0.359600	-0.567800	0.485400	0.016400
1627302427.805185	-0.920700	-0.206300	0.387700	-0.378500	0.483900	0.009100
1627302427.814982	-0.923300	-0.203700	0.339400	-0.333000	0.505500	-0.002500
1627302427.823282	-0.902800	-0.215000	0.309900	-0.181800	0.530000	-0.021400
1627302427.841594	-0.877600	-0.219100	0.288900	-0.024500	0.523600	-0.038500
1627302427.842563	-0.866600	-0.220600	0.307100	0.168300	0.498500	-0.044600
1627302427.853708	-0.880200	-0.227800	0.286400	0.332600	0.461600	-0.043700
1627302427.862062	-0.876000	-0.243700	0.323700	0.439800	0.426700	-0.064800
1627302427.884144	-0.868400	-0.202300	0.345300	0.394900	0.347600	-0.078900
1627302427.885219	-0.864700	-0.123400	0.305300	0.253800	0.296900	-0.114900
1627302427.892516	-0.836100	-0.037200	0.295000	0.282200	0.277700	-0.149700
1627302427.900827	-0.801800	0.063100	0.312300	0.471500	0.252300	-0.186700
1627302427.920612	-0.777200	0.152300	0.305700	0.882400	0.257200	-0.230700
1627302427.921545	-0.780400	0.203000	0.299800	1.394900	0.279200	-0.251400
1627302427.938280	-0.777300	0.222900	0.328900	1.940400	0.282900	-0.277700
1627302427.939183	-0.790300	0.195200	0.409300	2.686900	0.232500	-0.309800
1627302427.964253	-0.812300	0.136000	0.409900	3.216500	0.174500	-0.336600
1627302427.965086	-0.842900	0.046900	0.399400	3.605900	0.128900	-0.359200
1627302427.972430	-0.861700	-0.079000	0.390400	3.821200	0.101500	-0.362000
1627302427.981966	-0.834000	-0.175200	0.471900	3.764100	0.080400	-0.336300
1627302428.002931	-0.815600	-0.215700	0.473400	3.503000	0.009200	-0.252300
1627302428.003877	-0.804200	-0.293500	0.328500	3.240000	0.001300	-0.129300
1627302428.011171	-0.739300	-0.357300	0.504500	3.251000	-0.152700	-0.053500
1627302428.023057	-0.791500	-0.415200	0.415000	3.018900	-0.327100	0.054300
1627302428.040319	-1.006100	-0.486300	0.073000	2.244300	-0.149300	0.266000
1627302428.041285	-1.117300	-0.511200	0.010600	1.436400	0.109100	0.513100
1627302428.059470	-1.124400	-0.484300	0.085100	0.797800	0.271600	0.734500
1627302428.072035	-1.092700	-0.300900	0.212800	0.078200	0.399200	0.945300
1627302428.072935	-1.058800	-0.127800	0.314100	-0.243800	0.577900	1.116300
1627302428.086369	-0.999800	-0.032200	0.351800	-0.226700	0.639300	1.245500
1627302428.087261	-0.994100	-0.142100	0.295000	-0.209300	0.554700	1.391500
1627302428.111974	-1.022700	-0.385500	0.292400	-0.318300	0.367800	1.479800
1627302428.112891	-1.181900	-0.531400	0.354200	-0.647900	0.164100	1.430300
1627302428.123917	-1.345100	-0.584500	0.124100	-1.321600	0.250500	1.210700
1627302428.131384	-1.387000	-0.539600	-0.024700	-1.485400	0.406900	0.900700
1627302428.150996	-1.335000	-0.368800	0.008800	-1.169200	0.435900	0.644100
1627302428.151899	-1.292500	0.056900	0.206400	-0.234900	0.325300	0.410800
1627302428.162716	-1.187400	0.377900	0.340600	1.137400	0.198000	0.310900
1627302428.171567	-1.084700	0.453200	0.357100	2.326400	0.109700	0.344200
1627302428.194298	-1.052700	0.366500	0.479700	3.318500	0.124400	0.383300
1627302428.195042	-1.036500	0.095300	0.408300	3.523700	0.390700	0.440400
1627302428.205200	-0.958900	-0.118800	0.303200	2.903400	0.636000	0.514900
1627302428.213777	-0.874100	-0.224900	0.410600	2.004200	0.693400	0.564700
1627302428.238167	-0.890900	-0.171900	0.357200	0.878100	0.721500	0.562200
1627302428.239073	-0.911400	-0.042500	0.350700	0.133100	0.742300	0.536600
1627302428.241454	-0.939600	0.029500	0.434400	0.224100	0.719600	0.541200
1627302428.251499	-1.000900	-0.071800	0.291100	0.497800	0.701300	0.564400
1627302428.258209	-1.071400	-0.148400	0.212500	0.468200	0.662500	0.542700
1627302428.279051	-1.134800	-0.125600	0.246100	0.498400	0.656400	0.490800
1627302428.281318	-1.103300	0.041900	0.308700	0.579100	0.668000	0.416600
1627302428.291141	-1.024200	0.130000	0.334500	0.976700	0.676300	0.370400
1627302428.298386	-0.971700	0.059600	0.299100	1.411100	0.637500	0.350900
1627302428.317874	-0.991700	-0.098900	0.250500	1.667900	0.548900	0.352400
1627302428.321309	-1.014900	-0.175400	0.219800	1.498100	0.503700	0.346600
1627302428.331469	-1.009900	-0.179000	0.194500	1.134600	0.486300	0.331900
1627302428.337178	-0.975300	-0.147700	0.160800	0.710400	0.480500	0.320000
1627302428.360599	-0.948600	-0.132200	0.116200	0.379600	0.464000	0.325200
1627302428.361293	-0.949200	-0.117400	0.083900	0.067200	0.423700	0.329200
1627302428.371546	-0.976800	-0.061400	0.062000	-0.259000	0.353400	0.311500
1627302428.377630	-0.990500	0.002900	0.037700	-0.453900	0.294500	0.288300
1627302428.399082	-0.983300	0.059200	0.049300	-0.525400	0.259400	0.269000
1627302428.400211	-0.945100	0.112100	0.073200	-0.400500	0.176600	0.244600
1627302428.406127	-0.929700	0.141500	0.051600	-0.218400	0.073700	0.209200
1627302428.419870	-0.954500	0.154200	0.026400	-0.103000	-0.032300	0.157500
1627302428.435096	-0.999900	0.194800	0.048500	0.040900	-0.125500	0.093700
1627302428.437244	-1.007100	0.220500	0.072500	0.256200	-0.192100	0.048800
1627302428.460543	-0.987900	0.228000	0.092500	0.443800	-0.229900	0.018000
1627302428.462735	-0.965800	0.210100	0.155500	0.686300	-0.250700	-0.012900
1627302428.471341	-0.939700	0.165600	0.204100	0.858200	-0.259000	-0.039200
1627302428.481970	-0.924300	0.109400	0.227300	0.900400	-0.265100	-0.040700
1627302428.505217	-0.940700	0.055200	0.244900	0.841100	-0.281900	-0.041000
1627302428.507582	-0.988000	0.020500	0.305700	0.793800	-0.299900	-0.055000
1627302428.522983	-1.029700	-0.008700	0.346400	0.809100	-0.302300	-0.074900
1627302428.526900	-1.036700	-0.026900	0.358300	0.794100	-0.268100	-0.072100
1627302428.527827	-1.014900	-0.037200	0.357100	0.707600	-0.216500	-0.050800
1627302428.551741	-0.995500	-0.032700	0.346600	0.601400	-0.188700	-0.032700
1627302428.552574	-1.005200	-0.001100	0.350700	0.536900	-0.177100	-0.028500
1627302428.561230	-1.018200	0.029200	0.358200	0.558000	-0.148700	-0.037300
1627302428.571918	-1.015400	0.037700	0.343400	0.581500	-0.110800	-0.037600
1627302428.594993	-1.004800	0.017300	0.320100	0.601400	-0.064100	-0.022000
1627302428.596587	-0.991300	-0.042800	0.293200	0.594900	-0.029900	0.002400
1627302428.610741	-0.989600	-0.080600	0.242900	0.468200	-0.014300	0.021900
1627302428.611638	-1.008200	-0.085300	0.195200	0.233300	0.077900	0.040600
1627302428.618975	-0.986600	-0.061000	0.209000	-0.031200	0.132600	0.047600
1627302428.637362	-0.977200	-0.002600	0.195900	-0.231300	0.097200	0.031700
1627302428.650847	-0.976900	0.062400	0.186200	-0.319800	0.067200	0.016700
1627302428.651754	-0.972300	0.103000	0.167200	-0.296900	0.052900	0.013100
1627302428.657621	-0.960300	0.083000	0.155400	-0.230300	0.041300	0.020400
1627302428.678597	-0.947600	0.052100	0.143700	-0.216600	0.011400	0.020400
1627302428.679878	-0.940700	0.043500	0.134000	-0.289900	-0.050700	0.012500
1627302428.695784	-0.945100	0.058500	0.125900	-0.360500	-0.104400	-0.008000
1627302428.700673	-0.951900	0.077000	0.148200	-0.364700	-0.153000	-0.033300
1627302428.722823	-0.951900	0.077000	0.148200	-0.364700	-0.153000	-0.033300
1627302428.724049	-0.965300	0.109600	0.180900	-0.307900	-0.206700	-0.071500
1627302428.738902	-0.965300	0.109600	0.180900	-0.307900	-0.206700	-0.071500
1627302428.750148	-0.981600	0.094200	0.196700	-0.256000	-0.213800	-0.084400
1627302428.759502	-0.987300	0.063200	0.202800	-0.260900	-0.217700	-0.103600
1627302428.760404	-0.992700	0.036100	0.212900	-0.292900	-0.226600	-0.115200
1627302428.769998	-0.995100	0.016800	0.226600	-0.332000	-0.229300	-0.122800
1627302428.789971	-0.983000	0.012800	0.247700	-0.390100	-0.218900	-0.130500
1627302428.799634	-0.964100	0.020400	0.251300	-0.474100	-0.208900	-0.139900
1627302428.800541	-0.954200	0.043000	0.249400	-0.538200	-0.205200	-0.154300
1627302428.808936	-0.966800	0.071300	0.254800	-0.553200	-0.201800	-0.177500
1627302428.832548	-1.001700	0.086100	0.282800	-0.470700	-0.194800	-0.203500
1627302428.843307	-1.024400	0.081400	0.304100	-0.376900	-0.169800	-0.218700
1627302428.844212	-1.019200	0.061900	0.320200	-0.301500	-0.124900	-0.224900
1627302428.852804	-0.993500	0.037700	0.315200	-0.285000	-0.094300	-0.228500
1627302428.855018	-0.973300	0.032700	0.291500	-0.331700	-0.092500	-0.243800
1627302428.879476	-0.962500	0.053200	0.261800	-0.337500	-0.108400	-0.266400
1627302428.880376	-0.961100	0.086300	0.224900	-0.303900	-0.118500	-0.295400
1627302428.889967	-0.964500	0.105000	0.192900	-0.238000	-0.128200	-0.319200
1627302428.898906	-0.978500	0.110000	0.171100	-0.143000	-0.156900	-0.342400
1627302428.923209	-0.991000	0.099100	0.143100	-0.065100	-0.204300	-0.369000
1627302428.924106	-0.988600	0.088900	0.106700	-0.074900	-0.260800	-0.402000
1627302428.933919	-0.978100	0.095300	0.051400	-0.110900	-0.350300	-0.443200
1627302428.936446	-0.964400	0.108900	-0.022100	-0.153700	-0.478600	-0.495500
1627302428.961060	-0.965800	0.121200	-0.086300	-0.182100	-0.613900	-0.543400
1627302428.961955	-0.986600	0.123800	-0.093800	-0.116400	-0.766300	-0.595600
1627302428.968982	-1.017000	0.079600	-0.080200	-0.007100	-0.942500	-0.649700
1627302428.978650	-1.045800	0.012300	-0.017300	0.030800	-1.069900	-0.677800
1627302429.003774	-1.090200	-0.089200	0.084600	0.073300	-1.205500	-0.687600
1627302429.010456	-1.133500	-0.189700	0.138500	-0.180900	-1.357000	-0.691900
1627302429.011080	-1.129800	-0.204500	0.127800	-0.630100	-1.474300	-0.733400
1627302429.019571	-1.137900	-0.195200	0.170300	-0.896800	-1.590600	-0.829300
1627302429.043544	-1.186000	-0.181200	0.215600	-1.036100	-1.657200	-0.988400
1627302429.048372	-1.237100	-0.183800	0.283400	-1.084900	-1.639800	-1.087100
1627302429.049271	-1.302500	-0.182500	0.429600	-1.010400	-1.542100	-1.110600
1627302429.058866	-1.364900	-0.138400	0.506300	-1.030900	-1.419000	-1.070600
1627302429.065044	-1.411400	-0.128100	0.477500	-1.016800	-1.346900	-1.009800
1627302429.088087	-1.441400	-0.159100	0.448000	-0.843600	-1.309000	-0.977100
1627302429.091132	-1.431300	-0.233000	0.382200	-0.546200	-1.238200	-0.975600
1627302429.095001	-1.396100	-0.301100	0.355800	-0.413000	-1.047900	-0.982000
1627302429.116227	-1.275300	-0.309800	0.339800	-0.429200	-0.805100	-0.942300
1627302429.124304	-1.071200	-0.287000	0.598100	-0.687300	-0.752200	-0.830500
1627302429.125215	-0.973500	-0.214100	0.612800	-0.934700	-0.760800	-0.696700
1627302429.146331	-0.954300	-0.151700	0.563500	-0.890100	-0.760500	-0.533300
1627302429.148768	-0.992200	-0.175200	0.725200	-0.479000	-0.804500	-0.340900
1627302429.164293	-1.027100	-0.195400	0.804800	-0.274000	-0.870700	-0.168300
1627302429.166955	-1.018600	-0.236000	0.807600	-0.201000	-0.996600	-0.024800
1627302429.187855	-1.020100	-0.315800	0.795300	-0.283500	-1.156900	0.114200
1627302429.188704	-1.031400	-0.409200	0.790200	-0.530600	-1.309300	0.226000
1627302429.200087	-1.030300	-0.457800	0.726700	-0.882100	-1.393900	0.296500
1627302429.208210	-0.993500	-0.484000	0.701700	-1.218400	-1.416900	0.334700
1627302429.226669	-0.941200	-0.465000	0.701900	-1.590100	-1.395200	0.348700
1627302429.228869	-0.891500	-0.416900	0.689800	-1.876300	-1.338700	0.347800
1627302429.233861	-0.868500	-0.360000	0.692400	-2.030300	-1.291600	0.344800
1627302429.255079	-0.845500	-0.302200	0.683100	-2.029600	-1.216500	0.350900
1627302429.257447	-0.788600	-0.273200	0.693100	-1.887300	-1.164000	0.370700
1627302429.272769	-0.716400	-0.249800	0.713500	-1.687600	-1.147800	0.385700
1627302429.278270	-0.640600	-0.243800	0.693600	-1.471300	-1.146500	0.394900
1627302429.298011	-0.574100	-0.250200	0.648800	-1.268200	-1.146200	0.397900
1627302429.300091	-0.518600	-0.263900	0.639800	-1.048900	-1.128500	0.394300
1627302429.310059	-0.490000	-0.266400	0.634000	-0.801800	-1.101600	0.356700
1627302429.315581	-0.477300	-0.281000	0.615700	-0.602700	-1.057400	0.321300
1627302429.336905	-0.452100	-0.298700	0.559900	-0.468900	-0.987100	0.287700
1627302429.338906	-0.419900	-0.302100	0.516500	-0.276500	-0.884800	0.277300
1627302429.351422	-0.394300	-0.331300	0.491000	-0.136000	-0.783400	0.283400
1627302429.356965	-0.370700	-0.341600	0.473800	-0.047100	-0.683800	0.294400
1627302429.380570	-0.325700	-0.356800	0.464000	0.047000	-0.554600	0.319400
1627302429.381408	-0.307600	-0.376200	0.446300	0.077200	-0.464500	0.344800
1627302429.388684	-0.285600	-0.394900	0.433600	0.062900	-0.368600	0.382300
1627302429.395849	-0.272300	-0.413300	0.400500	-0.022900	-0.253200	0.425400
1627302429.418307	-0.266000	-0.411600	0.382200	-0.141500	-0.149000	0.452000
1627302429.423059	-0.254500	-0.407200	0.388400	-0.236400	-0.045200	0.474900
1627302429.423996	-0.233200	-0.385600	0.374100	-0.399200	0.048000	0.500200
1627302429.439314	-0.202000	-0.350600	0.352800	-0.522900	0.123700	0.528600
1627302429.450082	-0.178100	-0.319000	0.363300	-0.516500	0.179300	0.559800
1627302429.454989	-0.169900	-0.294400	0.360600	-0.430400	0.255700	0.590300
1627302429.478115	-0.181900	-0.292100	0.358200	-0.338800	0.329000	0.610200
1627302429.478830	-0.209600	-0.311000	0.367100	-0.221800	0.406300	0.618800
1627302429.492432	-0.253200	-0.338400	0.401900	-0.146600	0.497600	0.607400
1627302429.493635	-0.285400	-0.363300	0.442700	-0.128600	0.597800	0.581800
1627302429.518196	-0.294400	-0.381600	0.437500	-0.238900	0.687900	0.554600
1627302429.519120	-0.307300	-0.390700	0.424700	-0.399900	0.757200	0.532000
1627302429.531501	-0.337900	-0.389500	0.447300	-0.506100	0.818000	0.519800
1627302429.540155	-0.372100	-0.374000	0.464100	-0.614000	0.884300	0.523800
1627302429.560942	-0.411700	-0.342800	0.473300	-0.752600	0.937100	0.539000
1627302429.561647	-0.459000	-0.320100	0.484400	-0.790200	0.986900	0.564400
1627302429.568979	-0.490800	-0.307100	0.491600	-0.807000	1.025700	0.589700
1627302429.578862	-0.520600	-0.299400	0.533800	-0.739800	1.035200	0.618100
1627302429.599883	-0.560300	-0.299200	0.569900	-0.622200	1.045200	0.639200
1627302429.608175	-0.601400	-0.297600	0.586700	-0.563000	1.077600	0.645600
1627302429.609086	-0.625500	-0.287600	0.581900	-0.558100	1.084900	0.629400
1627302429.617648	-0.656700	-0.283200	0.596100	-0.511900	1.084600	0.601300
1627302429.619982	-0.674600	-0.270400	0.595100	-0.478300	1.073600	0.575400
1627302429.643046	-0.715300	-0.255200	0.656900	-0.361700	1.052900	0.534500
1627302429.647576	-0.762100	-0.241200	0.650100	-0.315200	1.026000	0.480700
1627302429.660015	-0.793300	-0.220800	0.634200	-0.322600	0.974700	0.444300
1627302429.665887	-0.828700	-0.218000	0.628200	-0.228200	0.925500	0.412600
1627302429.686732	-0.865400	-0.189200	0.631000	-0.114600	0.881200	0.376500
1627302429.688829	-0.895800	-0.166500	0.625600	0.008500	0.859800	0.345100
1627302429.698931	-0.925000	-0.152700	0.618800	0.131900	0.842100	0.313300
1627302429.708311	-0.944000	-0.149700	0.584100	0.259300	0.815600	0.277600
1627302429.728108	-0.960600	-0.163500	0.559300	0.390300	0.789000	0.254400
1627302429.729038	-0.972400	-0.176000	0.518600	0.481300	0.764900	0.237300
1627302429.737739	-0.986100	-0.195600	0.541100	0.651100	0.748700	0.230900
1627302429.747668	-0.989100	-0.198000	0.515300	0.668600	0.741000	0.228100
1627302429.757571	-0.989700	-0.186900	0.494300	0.590400	0.738300	0.237000
1627302429.772463	-1.012500	-0.171500	0.489300	0.491100	0.728500	0.269600
1627302429.777042	-1.042100	-0.153100	0.482900	0.378100	0.706800	0.317300
1627302429.797896	-1.064200	-0.128800	0.435100	0.212200	0.688500	0.378700
1627302429.798724	-1.079700	-0.118300	0.418300	0.173400	0.679600	0.473400
1627302429.810090	-1.078600	-0.115500	0.405500	0.181100	0.679600	0.557400
1627302429.815684	-1.058300	-0.113800	0.396600	0.196700	0.690600	0.631600
1627302429.836735	-1.023800	-0.131700	0.384500	0.228700	0.730000	0.711900
1627302429.838012	-0.972700	-0.137500	0.439700	0.212200	0.768200	0.784900
1627302429.847628	-0.889500	-0.116500	0.539700	0.095900	0.659200	0.834400
1627302429.856976	-0.768400	-0.044900	0.598600	-0.126800	0.366900	0.941300
1627302429.879178	-0.896000	0.070600	0.389400	-0.819800	0.037300	1.135200
1627302429.880029	-1.076900	0.039900	0.262200	-1.020500	0.158000	1.218300
1627302429.887643	-1.345200	0.099400	0.110200	-1.020200	0.301500	1.253400
1627302429.898371	-1.442500	0.156700	0.020000	-0.807900	0.479000	1.229600
1627302429.926829	-1.503500	0.209400	0.034200	-0.601100	0.498800	1.114800
1627302429.927758	-1.477100	0.187900	0.012000	-0.306400	0.640800	0.959000
1627302429.928601	-1.358300	0.075300	0.053200	-0.067200	0.713500	0.860300
1627302429.936486	-1.179200	0.014400	0.143600	0.041200	0.717500	0.858200
1627302429.957302	-1.025400	-0.037000	0.151000	0.062300	0.649100	0.848100
1627302429.958211	-1.020500	-0.121300	0.080700	-0.184800	0.528400	0.779100
1627302429.968939	-1.112900	-0.196300	0.064900	-0.319500	0.374800	0.653900
1627302429.976250	-1.228800	-0.259000	0.032200	-0.202500	0.153400	0.450200
1627302429.999136	-1.351400	-0.189300	0.071000	0.000900	-0.028700	0.207000
1627302429.999632	-1.348100	-0.049400	0.153900	0.211300	-0.001800	0.126700
1627302430.007243	-1.175400	0.065400	0.214700	0.473400	0.097800	0.186000
1627302430.017602	-0.992800	0.146900	0.246600	1.003300	0.104800	0.350600
1627302430.043418	-0.913700	0.094500	0.244600	1.413800	0.038500	0.488300
1627302430.044320	-0.882400	-0.031400	0.235000	1.561900	-0.048200	0.546400
1627302430.047786	-0.914600	-0.198200	0.275300	1.393600	-0.145900	0.507300
1627302430.058829	-0.924000	-0.251200	0.293500	0.907400	-0.093700	0.453500
1627302430.081048	-0.882000	-0.210100	0.290800	0.310900	0.034600	0.425100
1627302430.085650	-0.829700	-0.068500	0.318700	-0.140800	0.123400	0.430000
1627302430.086627	-0.867300	0.036000	0.335700	-0.246200	0.113400	0.441900
1627302430.100213	-0.949200	0.121600	0.330900	-0.205900	0.082200	0.450200
1627302430.111231	-1.048600	0.196400	0.327000	0.035100	0.053500	0.431200
1627302430.121254	-1.095300	0.225600	0.297700	0.328300	0.050400	0.390900
1627302430.129635	-1.098000	0.215000	0.281600	0.596800	0.056200	0.342000
1627302430.147976	-1.048700	0.176100	0.264200	0.828900	0.065700	0.294700
1627302430.148817	-0.996100	0.132000	0.257000	0.948000	0.057200	0.269600
1627302430.157578	-0.953500	0.089700	0.257400	0.993800	0.036700	0.252200
1627302430.169609	-0.937900	0.049100	0.265000	0.981900	0.011000	0.237300
1627302430.192890	-0.947400	0.025400	0.258700	0.864900	-0.002400	0.221700
1627302430.194020	-0.969100	0.018900	0.234300	0.688400	-0.010000	0.201500
1627302430.196317	-1.002100	0.020500	0.229400	0.512200	-0.017100	0.175600
1627302430.211308	-1.020500	0.024000	0.244900	0.370100	-0.018900	0.153000
1627302430.214454	-1.012000	0.038900	0.257100	0.209800	-0.012500	0.144100
1627302430.235086	-0.985000	0.069800	0.263800	0.037200	-0.018600	0.140400
1627302430.237742	-0.969700	0.095600	0.274900	-0.016200	-0.035700	0.128800
1627302430.247857	-0.968500	0.095200	0.290000	0.031100	-0.043900	0.117200
1627302430.256836	-0.974200	0.075300	0.283600	0.021000	-0.040600	0.105600
1627302430.277881	-0.978800	0.055700	0.260500	-0.071800	-0.043300	0.088500
1627302430.278973	-0.980800	0.059300	0.259300	-0.128900	-0.052200	0.072300
1627302430.286369	-0.970700	0.085600	0.275800	-0.167700	-0.054300	0.058000
1627302430.298278	-0.952300	0.120800	0.288600	-0.217500	-0.049700	0.040900
1627302430.299190	-0.951400	0.138900	0.300300	-0.193100	-0.052800	0.021000
1627302430.326526	-0.962400	0.135400	0.308600	-0.088300	-0.047600	0.003300
1627302430.327351	-0.961700	0.109100	0.303700	0.012200	-0.031400	-0.011700
1627302430.340186	-0.950700	0.089400	0.284800	0.022600	-0.021600	-0.017200
1627302430.344683	-0.953900	0.083600	0.289700	0.039400	-0.026500	-0.026600
1627302430.362952	-0.959700	0.082900	0.301600	0.084300	-0.024100	-0.035800
1627302430.370711	-0.957800	0.080700	0.307400	0.076300	-0.012500	-0.038500
1627302430.371739	-0.960300	0.081100	0.316500	0.058900	0.001300	-0.041300
1627302430.394838	-0.969700	0.072800	0.328000	0.093400	0.023000	-0.048600
1627302430.405613	-0.977100	0.061800	0.334400	0.113000	0.043700	-0.053800
1627302430.406522	-0.976900	0.054800	0.346300	0.120000	0.062400	-0.055300
1627302430.416449	-0.971700	0.028800	0.346200	0.088200	0.085000	-0.048600
1627302430.439187	-0.970100	0.027500	0.342200	0.014600	0.100500	-0.039500
1627302430.440008	-0.976600	0.042000	0.344600	-0.036100	0.118300	-0.037300
1627302430.446367	-0.989300	0.062300	0.362500	-0.006100	0.149100	-0.039800
1627302430.448513	-0.986800	0.068200	0.364400	0.010700	0.188800	-0.041600
1627302430.478117	-0.985000	0.054400	0.356600	0.029000	0.216000	-0.039500
1627302430.478835	-0.988300	0.041100	0.333900	0.003600	0.237100	-0.037000
1627302430.502522	-0.996500	0.038100	0.321700	-0.018400	0.253900	-0.033700
1627302430.506837	-0.999800	0.043000	0.304900	-0.052300	0.271000	-0.036700
1627302430.507760	-0.994000	0.047500	0.287700	-0.085000	0.286200	-0.045600
1627302430.517603	-0.986600	0.058200	0.270000	-0.109700	0.293000	-0.050800
1627302430.522573	-0.976900	0.070200	0.256100	-0.108800	0.295100	-0.055600
1627302430.545758	-0.967700	0.075600	0.252300	-0.087100	0.292700	-0.061400
1627302430.546672	-0.961100	0.077100	0.237300	-0.073000	0.295400	-0.067300
1627302430.560101	-0.956900	0.075900	0.213600	-0.076400	0.296300	-0.074600
1627302430.563801	-0.963600	0.066700	0.185800	-0.051000	0.279800	-0.087100
1627302430.587014	-0.975800	0.055200	0.147900	-0.099300	0.246200	-0.103900
1627302430.587921	-0.982500	0.065900	0.134900	-0.184500	0.216900	-0.121300
1627302430.601454	-0.980100	0.089100	0.137700	-0.215700	0.176600	-0.136600
1627302430.611353	-0.966700	0.111300	0.137300	-0.216000	0.131400	-0.152800
1627302430.627288	-0.950200	0.120000	0.139900	-0.190000	0.099900	-0.165300
1627302430.634546	-0.939800	0.112300	0.136800	-0.168300	0.069400	-0.185800
1627302430.635460	-0.944900	0.105100	0.131500	-0.154900	0.017800	-0.217800
1627302430.656758	-0.960800	0.091300	0.141600	-0.154900	-0.019800	-0.243800
1627302430.657927	-0.966800	0.077000	0.144800	-0.212300	-0.050700	-0.264900
1627302430.665125	-0.968400	0.069200	0.148800	-0.290200	-0.086700	-0.282600
1627302430.676962	-0.976200	0.056000	0.178200	-0.293300	-0.127300	-0.301500
1627302430.677863	-0.984300	0.038200	0.217500	-0.308800	-0.153600	-0.315900
1627302430.702386	-0.974500	0.020900	0.243400	-0.417300	-0.159700	-0.325300
1627302430.704970	-0.974700	0.019400	0.252600	-0.539400	-0.157200	-0.334200
1627302430.720334	-0.985700	0.025800	0.272500	-0.568800	-0.153900	-0.349800
1627302430.722122	-0.999400	0.019300	0.295500	-0.593800	-0.136500	-0.374500
1627302430.747910	-1.009200	0.020400	0.315700	-0.613000	-0.121200	-0.385200
1627302430.748825	-1.013900	0.016100	0.322800	-0.614300	-0.108100	-0.384000
1627302430.757546	-1.009500	-0.003100	0.345500	-0.566900	-0.079700	-0.384000
1627302430.763622	-0.990700	-0.012500	0.348900	-0.573300	-0.042100	-0.389800
1627302430.786685	-0.966900	-0.013200	0.340600	-0.605700	-0.003300	-0.397400
1627302430.787519	-0.950300	-0.012900	0.327400	-0.622800	0.034300	-0.409300
1627302430.791224	-0.952400	-0.008500	0.309900	-0.633800	0.062100	-0.422800
1627302430.808577	-0.964700	0.000400	0.288900	-0.647300	0.080100	-0.433200
1627302430.820964	-0.986100	0.011500	0.263900	-0.629200	0.088600	-0.441400
1627302430.844237	-0.996500	0.016800	0.235400	-0.602000	0.082200	-0.450300
1627302430.846505	-1.000000	0.023100	0.201700	-0.591700	0.068800	-0.465800
1627302430.847632	-0.990100	0.038900	0.158800	-0.573300	0.048600	-0.506200
1627302430.863305	-0.985700	0.046600	0.120600	-0.543400	0.015600	-0.551700
1627302430.864201	-0.988300	0.056000	0.090300	-0.501300	-0.027100	-0.594400
1627302430.885370	-0.994000	0.053500	0.050700	-0.448700	-0.105000	-0.633200
1627302430.887561	-1.017200	0.047500	0.022800	-0.397100	-0.213400	-0.670800
1627302430.897628	-1.044200	0.050500	0.015000	-0.320100	-0.311500	-0.719700
1627302430.901964	-1.074200	0.036300	0.031600	-0.180900	-0.410800	-0.795700
1627302430.926539	-1.098600	0.006300	0.027000	-0.113700	-0.500600	-0.875100
1627302430.928844	-1.112700	-0.022100	0.007400	-0.138700	-0.578100	-0.937700
1627302430.938921	-1.144300	-0.068000	0.021500	-0.144500	-0.683500	-0.997900
1627302430.946089	-1.184100	-0.112800	0.054100	-0.205300	-0.784300	-1.044000
1627302430.959052	-1.206300	-0.146700	0.025100	-0.339400	-0.831300	-1.075200
1627302430.968961	-1.249000	-0.164700	-0.011200	-0.471000	-0.868000	-1.103600
1627302430.976229	-1.338300	-0.120500	-0.056500	-0.263300	-0.781600	-1.106300
1627302430.978161	-1.339400	-0.109400	0.038800	0.165500	-0.618800	-1.103300
1627302431.001357	-1.247300	-0.152100	0.368200	0.366500	-0.544800	-1.108200
1627302431.005109	-1.143900	-0.182600	0.493700	0.297800	-0.600100	-1.101800
1627302431.020112	-1.109600	-0.182900	0.417600	0.243400	-0.613000	-1.113100
1627302431.023338	-1.079300	-0.208100	0.434200	0.350000	-0.618800	-1.112100
1627302431.047722	-1.050000	-0.202800	0.430700	0.259300	-0.577500	-1.041600
1627302431.048990	-0.958600	-0.191700	0.478800	0.167900	-0.574200	-0.977400
1627302431.058780	-0.900000	-0.162700	0.509000	0.009400	-0.637100	-0.917600
1627302431.065853	-0.897200	-0.097700	0.497100	-0.101400	-0.696900	-0.846700
1627302431.066767	-0.913900	-0.076400	0.524000	0.024700	-0.758600	-0.778900
1627302431.090213	-0.931400	-0.099100	0.558500	0.228700	-0.864600	-0.704400
1627302431.100077	-0.975000	-0.199600	0.559200	0.407100	-1.033500	-0.604800
1627302431.110806	-1.010100	-0.291400	0.518400	0.341400	-1.138600	-0.533300
1627302431.126914	-1.010100	-0.377400	0.500200	0.175600	-1.226300	-0.471900
1627302431.127623	-0.962400	-0.466100	0.467300	-0.161300	-1.275700	-0.395900
1627302431.133978	-0.914400	-0.503100	0.439600	-0.540400	-1.266600	-0.313700
1627302431.150569	-0.878400	-0.514900	0.425500	-0.878800	-1.247600	-0.234300
1627302431.155112	-0.866000	-0.502300	0.430900	-1.216300	-1.211000	-0.140600
1627302431.160038	-0.860700	-0.459700	0.455400	-1.429500	-1.181700	-0.068800
1627302431.185777	-0.852800	-0.403800	0.477300	-1.538800	-1.133700	-0.020200
1627302431.186676	-0.811900	-0.344000	0.517200	-1.542200	-1.106800	0.014900
1627302431.196543	-0.783700	-0.307000	0.499500	-1.490200	-1.081800	0.026500
1627302431.200049	-0.766400	-0.285500	0.485000	-1.376000	-1.056400	0.025900
1627302431.224371	-0.753100	-0.268200	0.479000	-1.185100	-1.032600	0.008500
1627302431.235924	-0.738900	-0.270300	0.471600	-0.950900	-0.996300	-0.009500
1627302431.236860	-0.718500	-0.283000	0.469700	-0.746500	-0.958400	-0.032400
1627302431.251883	-0.686500	-0.295900	0.473500	-0.529000	-0.903400	-0.045600
1627302431.255101	-0.646600	-0.312100	0.476300	-0.349500	-0.850600	-0.052900
1627302431.265099	-0.606900	-0.323600	0.475700	-0.211700	-0.806300	-0.056900
1627302431.271974	-0.563000	-0.342800	0.446300	-0.079800	-0.757100	-0.052900
1627302431.294196	-0.530500	-0.362100	0.420800	0.058600	-0.714100	-0.044300
1627302431.295202	-0.506100	-0.386000	0.426000	0.167600	-0.661800	-0.027900
1627302431.305207	-0.484300	-0.405200	0.429700	0.235800	-0.602000	-0.003400
1627302431.313411	-0.446200	-0.425000	0.455600	0.265400	-0.547900	0.034800
1627302431.331726	-0.426300	-0.434200	0.460800	0.228400	-0.521600	0.071700
1627302431.335255	-0.408700	-0.439500	0.419700	0.111100	-0.482500	0.118800
1627302431.346572	-0.399400	-0.451200	0.416100	0.024700	-0.419600	0.174300
1627302431.352120	-0.394800	-0.461700	0.414400	-0.034200	-0.351500	0.218600
1627302431.374181	-0.374000	-0.464700	0.443100	-0.143300	-0.273600	0.259300
1627302431.375269	-0.350700	-0.470700	0.463900	-0.255100	-0.213400	0.300800
1627302431.386447	-0.345000	-0.474600	0.456400	-0.378200	-0.161200	0.328000
1627302431.393812	-0.359600	-0.470200	0.449000	-0.488700	-0.105000	0.346300
1627302431.414394	-0.408400	-0.462000	0.466600	-0.584900	-0.018000	0.355200
1627302431.415297	-0.454700	-0.450400	0.467400	-0.664700	0.062400	0.351200
1627302431.423931	-0.496000	-0.439300	0.473500	-0.720900	0.131400	0.343900
1627302431.432828	-0.532800	-0.429000	0.479000	-0.745600	0.211100	0.330700
1627302431.453022	-0.553300	-0.426500	0.492200	-0.723000	0.269700	0.322800
1627302431.453519	-0.572800	-0.419900	0.513400	-0.679900	0.312500	0.315500
1627302431.471939	-0.597300	-0.419400	0.516700	-0.588000	0.362600	0.311500
1627302431.473053	-0.614000	-0.423100	0.495000	-0.500900	0.410600	0.313900
1627302431.496535	-0.631200	-0.428500	0.496700	-0.415100	0.447200	0.318500
1627302431.497384	-0.660200	-0.434700	0.499900	-0.323800	0.487800	0.322800
1627302431.507535	-0.676600	-0.431300	0.486100	-0.285600	0.519600	0.327400
1627302431.518326	-0.689100	-0.428000	0.483000	-0.225100	0.550100	0.332300
1627302431.541264	-0.702300	-0.426600	0.512000	-0.102100	0.598100	0.339900
1627302431.542750	-0.702000	-0.419200	0.554600	-0.014700	0.640500	0.345700
1627302431.555755	-0.701400	-0.414600	0.549000	0.024700	0.676900	0.352400
1627302431.556651	-0.705900	-0.427700	0.546000	0.090100	0.705600	0.360700
1627302431.561361	-0.727500	-0.447900	0.575300	0.161800	0.741900	0.363700
1627302431.585029	-0.754600	-0.454800	0.573900	0.113300	0.767000	0.362200
1627302431.586105	-0.786300	-0.448700	0.511000	-0.053500	0.814300	0.343900
1627302431.601364	-0.794100	-0.434800	0.513400	-0.141100	0.855300	0.322200
1627302431.604454	-0.796800	-0.401600	0.528200	-0.209600	0.877300	0.306000
1627302431.622913	-0.802700	-0.344200	0.511600	-0.257200	0.875100	0.300500
1627302431.623755	-0.846100	-0.311500	0.520900	-0.159200	0.866900	0.302000
1627302431.630094	-0.877800	-0.286500	0.488800	-0.062000	0.869900	0.313900
1627302431.652713	-0.912000	-0.269200	0.520600	0.114800	0.877900	0.322500
1627302431.665798	-0.936200	-0.253700	0.490000	0.266000	0.887900	0.338700
1627302431.666701	-0.941200	-0.260000	0.483800	0.435800	0.885200	0.363400
1627302431.672717	-0.973400	-0.269400	0.472800	0.580000	0.873600	0.382700
1627302431.694922	-1.012500	-0.272600	0.413500	0.632800	0.875100	0.402500
1627302431.701989	-1.016800	-0.261100	0.382700	0.681100	0.884300	0.431800
1627302431.702901	-1.023600	-0.249000	0.377700	0.749200	0.889800	0.452900
1627302431.710156	-1.016800	-0.228100	0.373200	0.805400	0.894700	0.479800
1627302431.733870	-1.022000	-0.211700	0.359100	0.855200	0.903200	0.511500
1627302431.743247	-1.001500	-0.204000	0.385500	0.869800	0.913000	0.551600
1627302431.750755	-0.919300	-0.180900	0.531400	0.917800	0.668300	0.586400
1627302431.751696	-0.960600	-0.164900	0.270600	0.715000	0.555300	0.652700
1627302431.772869	-1.020500	-0.130000	0.169300	0.648100	0.567200	0.692400
1627302431.774140	-1.097700	-0.164400	0.278300	1.010600	0.484800	0.728700
1627302431.788908	-1.150600	-0.231200	0.135000	0.731200	0.485700	0.752200
1627302431.801284	-1.185800	-0.240000	0.088900	0.370400	0.527500	0.749200
1627302431.811945	-1.217700	-0.290400	0.159500	0.081800	0.519600	0.729000
1627302431.812852	-1.196000	-0.279100	0.163500	-0.296600	0.500300	0.736600
1627302431.818987	-1.146200	-0.172000	0.099400	-0.702200	0.519300	0.764400
1627302431.838845	-1.129000	-0.126800	0.019300	-0.818600	0.546500	0.800200
1627302431.853436	-1.137900	-0.142000	-0.027000	-0.764800	0.557500	0.780600
1627302431.854339	-1.149700	-0.145000	-0.014300	-0.600800	0.435900	0.698800
1627302431.860195	-1.189500	-0.141200	-0.008100	-0.395600	0.221800	0.515800
1627302431.882926	-1.221700	-0.149200	-0.012900	-0.190300	0.039400	0.340500
1627302431.884011	-1.232300	-0.180400	-0.004300	-0.020200	-0.085200	0.238500
1627302431.893897	-1.165400	-0.202000	0.074200	0.161500	-0.170100	0.239100
1627302431.901944	-1.068500	-0.197600	0.170000	0.382700	-0.233900	0.337400
1627302431.921331	-0.974000	-0.178600	0.235700	0.585500	-0.250400	0.477000
1627302431.922322	-0.881600	-0.168200	0.316900	0.814500	-0.236400	0.626400
1627302431.933273	-0.825300	-0.196200	0.388400	1.012800	-0.209800	0.719800
1627302431.952195	-0.801600	-0.229700	0.459500	1.052500	-0.187800	0.730500
1627302431.953110	-0.788100	-0.200700	0.510600	0.805400	-0.147500	0.660600
1627302431.962685	-0.774900	-0.136200	0.486500	0.392100	-0.116300	0.551600
1627302431.969984	-0.801800	-0.089700	0.483900	0.204000	-0.102300	0.480400
1627302431.994778	-0.843800	-0.069900	0.420800	0.053700	-0.037800	0.458700
1627302431.995679	-0.887800	-0.052100	0.369000	-0.040700	0.030900	0.490500
1627302432.006253	-0.950700	-0.047900	0.330700	-0.048600	0.057800	0.550000
1627302432.013962	-1.018100	-0.049000	0.311600	-0.023900	0.098400	0.610500
1627302432.032307	-1.069800	-0.049800	0.299800	-0.010100	0.148200	0.630400
1627302432.044452	-1.090700	-0.054200	0.296900	0.002400	0.162200	0.590000
1627302432.045393	-1.083300	-0.049000	0.314900	0.068700	0.159200	0.523200
1627302432.051460	-1.042800	-0.035400	0.336500	0.255300	0.154900	0.470900
1627302432.078603	-1.006200	-0.029500	0.340100	0.442500	0.150000	0.460200
1627302432.083254	-0.979200	-0.027200	0.339800	0.607800	0.144200	0.474900
1627302432.084156	-0.960800	-0.036300	0.343100	0.795900	0.136600	0.504800
1627302432.093948	-0.954600	-0.048700	0.346800	0.941000	0.133200	0.519200
1627302432.096315	-0.947400	-0.071800	0.346300	1.056800	0.141500	0.526500
1627302432.122028	-0.930400	-0.102800	0.325800	1.092500	0.174100	0.536900
1627302432.122922	-0.910000	-0.111100	0.301100	0.986800	0.206500	0.547900
1627302432.139767	-0.892800	-0.093000	0.279500	0.790100	0.228200	0.548800
1627302432.141018	-0.891700	-0.027800	0.251500	0.479200	0.237400	0.536600
1627302432.163843	-0.907200	0.040500	0.245200	0.318500	0.236800	0.516400
1627302432.171982	-0.926600	0.107800	0.252700	0.274200	0.250500	0.499000
1627302432.172886	-0.924300	0.174000	0.239600	0.302000	0.277100	0.486800
1627302432.183008	-0.924800	0.212300	0.210800	0.370400	0.271900	0.469400
1627302432.185066	-0.947400	0.217300	0.196700	0.514000	0.237700	0.433000
1627302432.209090	-0.999800	0.210200	0.182500	0.693000	0.193100	0.369500
1627302432.212481	-1.034900	0.200700	0.177200	0.848800	0.152200	0.307800
1627302432.221444	-1.043900	0.182700	0.171500	0.981000	0.116100	0.258300
1627302432.229835	-1.034900	0.139000	0.164600	1.076000	0.059000	0.224700
1627302432.248231	-1.029400	0.100500	0.166900	1.057400	0.001600	0.210400
1627302432.252734	-1.041500	0.058500	0.192900	0.986200	-0.047600	0.202400
1627302432.262691	-1.049300	0.007400	0.231400	0.834100	-0.076900	0.197900
1627302432.269620	-1.044300	-0.032300	0.247100	0.529900	-0.083000	0.193300
1627302432.290329	-1.029500	-0.046800	0.264600	0.174700	-0.085200	0.187500
1627302432.292666	-1.005500	-0.027300	0.299300	-0.201000	-0.083000	0.175000
1627302432.301252	-0.981600	0.022900	0.333100	-0.495100	-0.069000	0.157500
1627302432.310751	-0.957200	0.074700	0.353500	-0.631400	-0.046100	0.142600
1627302432.337868	-0.938500	0.114500	0.368300	-0.652400	-0.013400	0.125500
1627302432.338844	-0.931200	0.134600	0.381100	-0.573000	0.028800	0.112300
1627302432.341267	-0.926800	0.137600	0.384300	-0.444400	0.061700	0.102000
1627302432.354558	-0.929700	0.136500	0.372600	-0.310400	0.096300	0.088500
1627302432.355606	-0.942100	0.134400	0.353500	-0.172300	0.128300	0.071400
1627302432.377412	-0.959500	0.127000	0.340600	-0.049200	0.149400	0.058300
1627302432.381249	-0.972800	0.125000	0.314800	0.058900	0.166200	0.047300
1627302432.396490	-0.981200	0.115600	0.290600	0.174700	0.177500	0.041200
1627302432.399476	-0.981600	0.100600	0.267600	0.252200	0.178700	0.040600
1627302432.422771	-0.980800	0.084600	0.243700	0.270600	0.173200	0.040600
1627302432.426271	-0.982500	0.070800	0.221900	0.250100	0.160400	0.033800
1627302432.441280	-0.974500	0.068700	0.210000	0.198800	0.151200	0.026500
1627302432.443611	-0.962200	0.071000	0.194700	0.123700	0.143900	0.021300
1627302432.444540	-0.949700	0.086300	0.199300	0.029300	0.126800	0.010000
1627302432.466382	-0.938800	0.098900	0.213500	-0.002500	0.113400	0.002400
1627302432.473817	-0.935500	0.104000	0.228000	-0.003700	0.104500	-0.004900
1627302432.497204	-0.944000	0.095900	0.227700	-0.017400	0.097200	-0.012900
1627302432.501758	-0.961800	0.086100	0.219200	-0.060200	0.088600	-0.025400
1627302432.502437	-0.981400	0.080600	0.219700	-0.105700	0.073700	-0.041300
1627302432.512428	-0.992300	0.094100	0.215200	-0.152500	0.056200	-0.059600
1627302432.519847	-0.982900	0.115600	0.216900	-0.164100	0.043700	-0.068500
1627302432.542612	-0.968500	0.134500	0.226800	-0.117000	0.028800	-0.069400
1627302432.546427	-0.955100	0.133300	0.240200	-0.042500	0.018400	-0.072700
1627302432.553524	-0.956800	0.115700	0.235000	0.002700	0.013800	-0.080100
1627302432.561891	-0.965700	0.091200	0.228800	0.007600	0.012000	-0.094100
1627302432.584240	-0.979600	0.063400	0.224000	-0.032700	0.002500	-0.114900
1627302432.585284	-0.988300	0.056500	0.215500	-0.112400	-0.008200	-0.128900
1627302432.592577	-0.993300	0.069600	0.203700	-0.198900	-0.018900	-0.137200
1627302432.600818	-0.992400	0.093900	0.216400	-0.216600	-0.031100	-0.147000
1627302432.620716	-0.979200	0.107700	0.237900	-0.176300	-0.037500	-0.151900
1627302432.621777	-0.959400	0.114100	0.252300	-0.136600	-0.034500	-0.154600
1627302432.634128	-0.947400	0.098000	0.263900	-0.106300	-0.023800	-0.159800
1627302432.647689	-0.958700	0.074100	0.270500	-0.091100	-0.017700	-0.175400
1627302432.651350	-0.983800	0.052600	0.271400	-0.090800	-0.007300	-0.196400
1627302432.667152	-0.996800	0.045200	0.262500	-0.111200	0.004900	-0.211700
1627302432.669458	-0.991900	0.045700	0.272300	-0.100500	0.008300	-0.214500
1627302432.691636	-0.986000	0.045300	0.289700	-0.093200	0.011400	-0.201300
1627302432.692570	-0.985800	0.030900	0.315100	-0.077300	0.029100	-0.188500
1627302432.702645	-0.983600	0.003100	0.325400	-0.103600	0.061100	-0.179000
1627302432.714595	-0.974600	-0.012500	0.309200	-0.198000	0.084300	-0.180600
1627302432.715508	-0.973400	-0.009200	0.296000	-0.302400	0.091100	-0.190300
1627302432.738863	-0.984900	0.013900	0.286000	-0.390100	0.096900	-0.206800
1627302432.752084	-0.995500	0.050400	0.270100	-0.440800	0.103300	-0.219400
1627302432.752989	-1.000100	0.084800	0.250600	-0.432200	0.110300	-0.234300
1627302432.758880	-0.994800	0.107900	0.221900	-0.377900	0.110900	-0.249000
1627302432.779916	-0.981600	0.127300	0.209400	-0.315600	0.099300	-0.268200
1627302432.794893	-0.971700	0.131700	0.187300	-0.253500	0.083100	-0.284700
1627302432.798222	-0.970900	0.130000	0.179600	-0.168600	0.049500	-0.329300
1627302432.801363	-0.990100	0.130600	0.183500	-0.119200	0.034600	-0.367800
1627302432.816374	-1.004300	0.122200	0.194900	-0.044000	0.033000	-0.399000
1627302432.820814	-1.008100	0.092300	0.202600	0.010000	0.028100	-0.428600
1627302432.844290	-0.998800	0.059400	0.192900	-0.002800	0.013500	-0.442300
1627302432.845211	-0.991500	0.028200	0.179100	-0.061700	-0.017700	-0.457300
1627302432.853908	-0.987400	0.006100	0.162500	-0.159200	-0.065600	-0.476800
1627302432.862098	-0.981900	0.010700	0.137500	-0.253200	-0.110200	-0.490900
1627302432.884231	-0.979400	0.025600	0.093400	-0.333900	-0.159700	-0.494600
1627302432.885061	-0.980200	0.042600	0.052200	-0.369300	-0.241500	-0.494200
1627302432.892566	-0.975600	0.053300	0.026100	-0.352500	-0.342000	-0.510400
1627302432.903158	-0.989500	0.055700	0.006200	-0.333900	-0.445900	-0.541000
1627302432.904063	-1.021500	0.025900	0.007900	-0.298800	-0.581200	-0.558700
1627302432.926663	-1.056000	-0.027000	0.022900	-0.308200	-0.709200	-0.559000
1627302432.932721	-1.084600	-0.091600	0.034100	-0.402900	-0.824000	-0.569400
1627302432.955313	-1.101800	-0.159500	0.024200	-0.679600	-0.951100	-0.601500
1627302432.956494	-1.097000	-0.185100	0.037000	-1.046500	-1.075700	-0.662200
1627302432.969375	-1.094100	-0.173600	0.075200	-1.327800	-1.187200	-0.739200
1627302432.970283	-1.111700	-0.123500	0.123400	-1.559600	-1.263500	-0.843400
1627302432.975517	-1.126800	-0.067300	0.147300	-1.660100	-1.274800	-0.942600
1627302433.000305	-1.144000	-0.017200	0.228300	-1.586500	-1.246400	-1.015900
1627302433.001225	-1.195400	0.019900	0.319300	-1.355900	-1.165500	-1.074000
1627302433.011095	-1.249900	0.038100	0.362800	-1.221500	-1.053700	-1.115800
1627302433.017995	-1.280000	0.015000	0.337300	-0.971600	-0.955600	-1.119800
1627302433.037664	-1.280600	-0.044700	0.330600	-0.619800	-0.928200	-1.122800
1627302433.041482	-1.262200	-0.089800	0.364000	-0.373300	-0.903100	-1.151200
1627302433.056681	-1.202800	-0.073600	0.366700	-0.330200	-0.844800	-1.188500
1627302433.059483	-1.139500	-0.053100	0.386200	-0.172600	-0.783100	-1.209300
1627302433.081722	-1.079000	-0.048300	0.418700	0.177100	-0.727800	-1.205900
1627302433.083907	-1.040000	-0.071400	0.515500	0.567100	-0.740300	-1.178700
1627302433.091243	-1.008100	-0.090000	0.557300	0.732400	-0.713400	-1.111800
1627302433.100783	-0.978800	-0.096700	0.553800	0.844200	-0.677400	-1.019600
1627302433.120424	-0.988600	-0.127600	0.605200	1.038100	-0.679500	-0.948700
1627302433.125087	-0.990000	-0.172000	0.668000	1.172500	-0.715300	-0.880900
1627302433.126350	-0.977500	-0.238900	0.713600	1.261400	-0.790100	-0.804900
1627302433.152317	-0.961100	-0.317400	0.724100	1.201200	-0.853600	-0.743500
1627302433.153231	-0.930700	-0.385500	0.759000	1.017700	-0.917800	-0.681200
1627302433.160216	-0.868800	-0.440700	0.745500	0.656000	-1.013700	-0.618600
1627302433.170006	-0.826700	-0.464600	0.720100	0.375900	-1.073200	-0.591400
1627302433.194179	-0.803100	-0.484600	0.684600	0.098600	-1.112600	-0.589800
1627302433.196437	-0.787200	-0.480200	0.647900	-0.211700	-1.134300	-0.617900
1627302433.200083	-0.786700	-0.479400	0.643200	-0.412400	-1.133700	-0.649100
1627302433.214607	-0.767500	-0.441900	0.624100	-0.621900	-1.124900	-0.681800
1627302433.215528	-0.739400	-0.396700	0.622400	-0.722400	-1.113600	-0.694900
1627302433.239282	-0.700100	-0.366500	0.618400	-0.749900	-1.094000	-0.686400
1627302433.240186	-0.651600	-0.332000	0.614700	-0.710500	-1.094000	-0.662500
1627302433.252656	-0.613400	-0.307100	0.602200	-0.533300	-1.113300	-0.627700
1627302433.259468	-0.571300	-0.289300	0.600300	-0.327500	-1.129400	-0.593200
1627302433.282561	-0.548700	-0.298700	0.642100	-0.044300	-1.146900	-0.567500
1627302433.283676	-0.521500	-0.304000	0.625000	0.131900	-1.165500	-0.557200
1627302433.299370	-0.504200	-0.326500	0.617800	0.340200	-1.199100	-0.549500
1627302433.303181	-0.495700	-0.358900	0.612700	0.498400	-1.215300	-0.560200
1627302433.304077	-0.490400	-0.389600	0.610200	0.605900	-1.231100	-0.576400
1627302433.330099	-0.486200	-0.425500	0.604500	0.648100	-1.233600	-0.592600
1627302433.331312	-0.477500	-0.425700	0.577400	0.577200	-1.231100	-0.595600
1627302433.346386	-0.450300	-0.453600	0.559600	0.542700	-1.213700	-0.570600
1627302433.348254	-0.433500	-0.466400	0.543700	0.442800	-1.189600	-0.541600
1627302433.370345	-0.414900	-0.467000	0.539100	0.341100	-1.143800	-0.499100
1627302433.371172	-0.406400	-0.456300	0.513700	0.203400	-1.087600	-0.453600
1627302433.385128	-0.377000	-0.449700	0.502400	0.056200	-1.010900	-0.386700
1627302433.388161	-0.358200	-0.440300	0.492900	-0.031800	-0.952300	-0.325000
1627302433.412924	-0.350100	-0.426800	0.476000	-0.122200	-0.877500	-0.259400
1627302433.415112	-0.334700	-0.415200	0.466100	-0.194000	-0.780600	-0.193100
1627302433.426313	-0.341600	-0.415800	0.466600	-0.224800	-0.684400	-0.132600
1627302433.431158	-0.338300	-0.409400	0.448000	-0.300300	-0.548500	-0.075500
1627302433.449863	-0.330000	-0.402700	0.424200	-0.359500	-0.377800	-0.009500
1627302433.450781	-0.327900	-0.390000	0.388400	-0.410800	-0.225700	0.055800
1627302433.458874	-0.340000	-0.392700	0.392900	-0.394700	-0.088800	0.133400
1627302433.481180	-0.360200	-0.411900	0.412000	-0.354300	0.091100	0.244300
1627302433.489448	-0.367300	-0.414200	0.401900	-0.470100	0.238000	0.334700
1627302433.499493	-0.368000	-0.410200	0.395800	-0.577600	0.381200	0.423300
1627302433.500457	-0.380100	-0.399300	0.396900	-0.649400	0.563000	0.529300
1627302433.501292	-0.407000	-0.387000	0.405900	-0.648800	0.705600	0.603500
1627302433.529735	-0.439200	-0.385700	0.419900	-0.607900	0.848200	0.674600
1627302433.530645	-0.469200	-0.392900	0.456700	-0.505800	1.011000	0.735700
1627302433.540103	-0.492900	-0.403600	0.477700	-0.421500	1.142100	0.763200
1627302433.546423	-0.506300	-0.411000	0.489900	-0.362300	1.262700	0.767200
1627302433.570718	-0.525500	-0.415900	0.495000	-0.236400	1.379400	0.749200
1627302433.571618	-0.541600	-0.431300	0.533400	-0.103600	1.468000	0.723500
1627302433.582808	-0.554100	-0.433600	0.607500	-0.095900	1.530000	0.698200
1627302433.590127	-0.566800	-0.429400	0.641700	-0.187300	1.564200	0.680100
1627302433.609529	-0.593400	-0.411300	0.649500	-0.294200	1.556200	0.669800
1627302433.610457	-0.622200	-0.395400	0.636500	-0.391000	1.534500	0.660900
1627302433.620261	-0.667600	-0.356200	0.655300	-0.340600	1.492700	0.649600
1627302433.629095	-0.699300	-0.325100	0.659100	-0.217200	1.458200	0.638600
1627302433.648791	-0.736800	-0.313200	0.690900	-0.002500	1.420900	0.628500
1627302433.660835	-0.774000	-0.337300	0.714600	0.195400	1.392200	0.614200
1627302433.661735	-0.774000	-0.337300	0.714600	0.195400	1.392200	0.614200
1627302433.667635	-0.795900	-0.362200	0.732700	0.273000	1.360100	0.609000
1627302433.692609	-0.816700	-0.370500	0.683800	0.159100	1.317400	0.603500
1627302433.700708	-0.813200	-0.363300	0.645900	-0.004900	1.262700	0.602300
1627302433.701623	-0.800800	-0.364700	0.643800	-0.037300	1.206500	0.607400
1627302433.708876	-0.773800	-0.349000	0.652600	-0.092600	1.148500	0.615700
1627302433.727390	-0.776700	-0.328500	0.693500	-0.096600	1.064200	0.613600
1627302433.740844	-0.786100	-0.319000	0.672600	-0.182700	0.981700	0.606500
1627302433.741908	-0.799900	-0.301800	0.652500	-0.289000	0.897700	0.593700
1627302433.747723	-0.841400	-0.300900	0.640700	-0.264800	0.810100	0.587300
1627302433.767900	-0.896400	-0.298100	0.589800	-0.392200	0.702800	0.583300
1627302433.770091	-0.914300	-0.285400	0.533300	-0.489600	0.638100	0.589400
1627302433.776298	-0.928200	-0.270300	0.503900	-0.493000	0.577900	0.592800
1627302433.799472	-0.924100	-0.240500	0.518100	-0.510700	0.507700	0.590000
1627302433.800377	-0.906100	-0.198700	0.502300	-0.551700	0.444800	0.581800
1627302433.818199	-0.910500	-0.173000	0.481900	-0.502500	0.380300	0.570800
1627302433.819105	-0.916700	-0.147800	0.455600	-0.419700	0.339100	0.564400
1627302433.845112	-0.925300	-0.133700	0.448900	-0.304900	0.322300	0.570500
1627302433.846414	-0.908900	-0.127100	0.480600	-0.194000	0.293300	0.590300
1627302433.859469	-0.908900	-0.138900	0.481100	-0.068800	0.186700	0.625800
1627302433.860376	-0.936400	-0.166300	0.374800	-0.054700	0.174800	0.679200
1627302433.863943	-0.982200	-0.177000	0.343300	-0.168600	0.223000	0.730800
1627302433.887966	-0.974000	-0.158600	0.410200	-0.215700	0.279500	0.793200
1627302433.888797	-0.938400	-0.084500	0.443500	-0.347000	0.218400	0.847800
1627302433.898857	-0.941200	-0.013800	0.395000	-0.499700	0.211400	0.937000
1627302433.902008	-1.035200	0.041600	0.328100	-0.280700	0.273700	0.995700
1627302433.924198	-1.128700	0.041500	0.307900	0.105900	0.295400	1.021600
1627302433.930226	-1.187400	-0.017300	0.280500	0.306900	0.340000	1.016400
1627302433.953102	-1.214200	-0.075200	0.207500	0.211600	0.445400	0.965400
1627302433.955387	-1.215900	-0.128100	0.140700	0.015200	0.533300	0.925400
1627302433.958816	-1.203600	-0.154100	0.141200	-0.212600	0.576700	0.906200
1627302433.970697	-1.149400	-0.119800	0.221100	-0.490900	0.584300	0.902800
1627302433.971602	-1.080200	-0.060500	0.261500	-0.605100	0.548300	0.927800
1627302433.996516	-1.048700	-0.034200	0.214500	-0.618800	0.537900	0.955900
1627302433.998795	-1.069800	-0.074100	0.149700	-0.514100	0.531200	0.965700
1627302434.013745	-1.120800	-0.145600	0.129900	-0.353100	0.504900	0.918700
1627302434.018394	-1.150000	-0.232100	0.137800	-0.118500	0.447500	0.795000
1627302434.040495	-1.202300	-0.290800	0.103900	0.039700	0.315000	0.570500
1627302434.042808	-1.273100	-0.281200	0.097200	0.173100	0.190300	0.324900
1627302434.050148	-1.275100	-0.177000	0.159100	0.397300	0.122500	0.191100
1627302434.060865	-1.157200	-0.045800	0.222400	0.876600	0.093200	0.229000
1627302434.061771	-1.016400	-0.009400	0.285500	1.558300	0.077900	0.434900
1627302434.085470	-0.918500	-0.073900	0.324300	2.051900	0.049800	0.687500
1627302434.099018	-0.850600	-0.114100	0.423000	2.255000	-0.002700	0.861000
1627302434.099929	-0.845000	-0.114500	0.458100	2.045100	-0.057700	0.855200
1627302434.103239	-0.877100	-0.117800	0.480300	1.636800	0.001000	0.717700
1627302434.128943	-0.882900	-0.077300	0.475200	1.185300	0.155200	0.581200
1627302434.130541	-0.864700	-0.061000	0.428600	0.724100	0.307600	0.521600
1627302434.145734	-0.823100	-0.104400	0.344800	0.338400	0.434100	0.607100
1627302434.148241	-0.841400	-0.141500	0.267600	-0.063000	0.436800	0.691700
1627302434.169128	-0.906000	-0.121700	0.174300	-0.561100	0.373300	0.739400
1627302434.170003	-0.954500	-0.021700	0.158400	-0.802700	0.321700	0.678000
1627302434.183921	-0.986700	0.154200	0.189300	-0.770000	0.268800	0.567400
1627302434.190776	-0.970300	0.385100	0.235800	-0.328700	0.226100	0.427900
1627302434.212922	-0.956300	0.506200	0.281500	0.309700	0.178400	0.348100
1627302434.214107	-0.952100	0.521200	0.294900	1.102900	0.117000	0.310900
1627302434.226353	-0.973900	0.428300	0.269000	1.894900	0.041300	0.297100
1627302434.228601	-1.000900	0.292600	0.236600	2.306600	-0.013400	0.293500
1627302434.254460	-1.030200	0.132000	0.193200	2.474900	-0.054300	0.288900
1627302434.255348	-1.054000	-0.045700	0.102500	2.189900	-0.080600	0.284600
1627302434.258858	-1.063100	-0.140700	0.080700	1.671900	-0.127000	0.253500
1627302434.270809	-1.068800	-0.186800	0.148700	1.214700	-0.186000	0.208900
1627302434.291304	-1.037000	-0.187600	0.261000	0.591600	-0.199700	0.178900
1627302434.292599	-0.997900	-0.155600	0.339200	-0.016500	-0.203400	0.177100
1627302434.300050	-0.984900	-0.092400	0.357800	-0.495500	-0.217700	0.180100
1627302434.311983	-0.990400	0.008800	0.359700	-0.780700	-0.217400	0.172800
1627302434.312890	-0.985400	0.093300	0.376800	-0.803000	-0.189300	0.162400
1627302434.335181	-0.951700	0.152800	0.395300	-0.736100	-0.148700	0.156000
1627302434.339035	-0.907700	0.194000	0.405600	-0.582800	-0.102300	0.145600
1627302434.354595	-0.887600	0.191400	0.408800	-0.347000	-0.064100	0.125500
1627302434.357017	-0.895300	0.156400	0.419300	-0.147900	-0.029300	0.104400
1627302434.379321	-0.919800	0.100200	0.436300	0.003300	0.009500	0.078700
1627302434.381359	-0.943500	0.065300	0.434700	0.047600	0.052600	0.058600
1627302434.388824	-0.966800	0.042100	0.414300	0.051600	0.082200	0.054300
1627302434.400855	-0.982300	0.036100	0.393900	0.060700	0.116400	0.072600
