1627302487.776588	-0.984700	-0.053000	0.021200	0.133700	-0.513400	-0.054400
1627302487.777619	-0.983200	-0.045800	0.017500	0.151500	-0.536000	-0.048600
1627302487.780639	-0.991700	-0.044900	0.006700	0.170700	-0.559500	-0.043400
1627302487.873442	-0.915400	-0.411100	0.533700	1.885700	0.528800	0.367700
1627302487.873849	-0.915400	-0.411100	0.533700	1.885700	0.528800	0.367700
1627302487.874255	-0.861700	-0.436200	0.606100	1.503000	0.500000	0.439800
1627302487.876012	-0.850200	-0.447000	0.520000	0.957200	0.469800	0.565000
1627302487.876449	-0.876700	-0.417200	0.441000	0.517100	0.497900	0.668200
1627302487.876927	-0.907200	-0.382200	0.470500	0.154500	0.519900	0.791300
1627302487.877340	-0.920700	-0.269300	0.488900	-0.311300	0.476200	0.942200
1627302487.879463	-0.969100	-0.162400	0.417400	-0.556800	0.460300	1.057000
1627302487.879870	-1.071300	-0.054100	0.385900	-0.638100	0.501600	1.088500
1627302487.880277	-1.268400	-0.027800	0.286500	-0.468900	0.546200	1.075700
1627302487.882001	-1.352900	-0.023400	0.174800	-0.614300	0.668600	1.050600
1627302487.882412	-1.380500	0.035800	0.059400	-0.719900	0.799700	1.019800
1627302487.882863	-1.373800	0.081400	0.068100	-0.375700	0.864100	1.014000
1627302487.883677	-1.315900	0.120000	0.234700	0.052500	0.911500	1.041200
1627302487.884130	-1.156200	0.131600	0.307500	0.488700	0.989000	1.122700
1627302487.886672	-1.035300	0.024700	0.256300	0.786800	0.911800	1.203000
1627302487.887080	-1.135100	-0.191700	0.114700	0.718900	0.756000	1.167000
1627302487.887531	-1.322100	-0.420700	0.099500	0.776400	0.553500	0.985000
1627302487.887943	-1.458600	-0.514000	0.213500	0.796800	0.342400	0.668500
1627302487.888349	-1.422200	-0.419900	0.361500	0.555200	0.340900	0.400100
1627302487.890959	-1.217300	-0.267300	0.487500	0.342400	0.417300	0.316700
1627302487.891410	-0.996100	-0.113300	0.569500	0.319100	0.430700	0.402800
1627302487.891818	-0.857500	0.020500	0.610000	0.487100	0.421500	0.594600
1627302487.892273	-0.806000	0.069500	0.619100	0.708600	0.431000	0.788000
1627302487.892688	-0.801400	0.032000	0.628900	0.896700	0.470700	0.917500
1627302487.894815	-0.837000	-0.051600	0.624400	0.923600	0.548600	0.901000
1627302487.895220	-0.876800	-0.087200	0.565900	0.683800	0.657000	0.748900
1627302487.895626	-0.885000	-0.078200	0.493400	0.340500	0.808500	0.568700
1627302487.896076	-0.832600	-0.015900	0.364000	-0.073300	0.957000	0.431800
1627302487.898278	-0.787600	0.087500	0.252400	-0.242200	0.976200	0.387200
1627302487.898686	-0.790600	0.214100	0.151600	-0.191500	0.916300	0.382300
1627302487.899155	-0.860700	0.339200	0.110700	0.291300	0.788400	0.394900
1627302487.899620	-0.944500	0.389400	0.064800	0.804800	0.698900	0.391500
1627302487.901721	-1.018600	0.396400	0.017600	1.337100	0.584300	0.353900
1627302487.902148	-1.104200	0.339700	0.020400	2.026500	0.414500	0.270600
1627302487.902553	-1.135500	0.256100	0.062000	2.408900	0.320800	0.207600
1627302487.903002	-1.108600	0.155900	0.106400	2.524400	0.256600	0.177100
1627302487.905063	-1.024500	0.035600	0.088100	2.306600	0.183300	0.178300
1627302487.905501	-0.957000	-0.030500	0.045300	1.904600	0.089200	0.180100
1627302487.905911	-0.926300	-0.070800	0.023200	1.463900	-0.028700	0.165500
1627302487.906319	-0.946800	-0.084600	0.009600	0.880500	-0.156600	0.112000
1627302487.908420	-0.979500	-0.056500	0.041900	0.412600	-0.235100	0.047600
1627302487.908872	-0.997800	-0.017600	0.162200	0.152100	-0.266000	0.008200
1627302487.909355	-0.991800	0.008300	0.369400	0.079700	-0.226300	0.009400
1627302487.911027	-0.956800	0.008300	0.497700	-0.006500	-0.144400	0.042400
1627302487.911476	-0.912200	-0.018600	0.519400	-0.187300	-0.089400	0.074200
1627302487.911883	-0.918100	-0.039200	0.476100	-0.438300	-0.071400	0.069300
1627302487.912335	-0.971700	0.006600	0.439800	-0.552000	-0.068100	0.025600
1627302487.914444	-1.023700	0.079200	0.421300	-0.481400	-0.030500	-0.013200
1627302487.914914	-1.020900	0.146200	0.404500	-0.303900	0.052300	-0.020800
1627302487.915331	-0.982800	0.157300	0.395900	-0.062300	0.115800	0.001500
1627302487.915743	-0.954700	0.127300	0.383700	0.133100	0.134100	0.028000
1627302487.917460	-0.954600	0.070800	0.334400	0.222900	0.140500	0.045800
1627302487.917866	-0.984400	0.016700	0.298200	0.226300	0.132900	0.047000
1627302487.918315	-1.021500	-0.008500	0.280300	0.156600	0.125300	0.027100
1627302487.920393	-1.041000	-0.004900	0.276000	0.038800	0.141500	0.007000
1627302487.920833	-1.023600	0.012000	0.283000	-0.074000	0.172300	0.009100
1627302487.921237	-0.979600	0.025900	0.274900	-0.165300	0.197100	0.025300
1627302487.921667	-0.934000	0.050000	0.286600	-0.184800	0.194900	0.037800
1627302487.923753	-0.918000	0.074800	0.313700	-0.120100	0.187600	0.040300
1627302487.924256	-0.922700	0.092300	0.312400	-0.055600	0.191200	0.035400
1627302487.924683	-0.944600	0.111800	0.301600	0.031100	0.202900	0.022500
1627302487.925088	-0.971300	0.124600	0.294700	0.186300	0.219300	0.007600
1627302487.927204	-0.981600	0.126700	0.305100	0.359100	0.228800	-0.002500
1627302487.927651	-0.981400	0.111500	0.306300	0.540900	0.241600	-0.001300
1627302487.928055	-0.979600	0.072600	0.295000	0.658500	0.248700	0.003600
1627302487.928457	-0.985500	0.031000	0.272800	0.659700	0.237700	0.012500
1627302487.930568	-0.988500	-0.000500	0.265000	0.605000	0.226700	0.014600
1627302487.930978	-0.976000	0.003300	0.258300	0.500900	0.234600	0.021000
1627302487.931414	-0.961200	0.019400	0.258700	0.403400	0.234300	0.024700
1627302487.931820	-0.951300	0.028700	0.259600	0.346000	0.234000	0.030800
1627302487.934476	-0.945600	0.035000	0.251800	0.285500	0.242000	0.046100
1627302487.934926	-0.948100	0.016600	0.232400	0.227500	0.246200	0.058900
1627302487.935331	-0.957300	-0.008800	0.215500	0.135900	0.240400	0.067400
1627302487.935735	-0.973100	-0.004000	0.202100	-0.002800	0.228800	0.066200
1627302487.936174	-0.979700	0.018300	0.196400	-0.118500	0.215100	0.061600
1627302487.938285	-0.979000	0.062400	0.196500	-0.212900	0.201900	0.057700
1627302487.938708	-0.978300	0.107200	0.187700	-0.262700	0.181200	0.054900
1627302487.939112	-0.979600	0.130200	0.181800	-0.263300	0.160400	0.051000
1627302487.939561	-0.974900	0.133100	0.167700	-0.242200	0.136600	0.047000
1627302487.941660	-0.973400	0.117100	0.170400	-0.198600	0.105100	0.035400
1627302487.942062	-0.970500	0.092000	0.170700	-0.210200	0.079200	0.026800
1627302487.942465	-0.968600	0.071800	0.179300	-0.242900	0.060800	0.019200
1627302487.944074	-0.971300	0.052500	0.197400	-0.281600	0.046200	0.011600
1627302487.944478	-0.969700	0.054800	0.200400	-0.367800	0.036700	0.000000
1627302487.945198	-0.984400	0.079500	0.185800	-0.280700	-0.098000	-0.407800
1627302487.945604	-0.988300	0.070200	0.177700	-0.318600	-0.119400	-0.427400
1627302487.946006	-0.991000	0.072900	0.163600	-0.360800	-0.164600	-0.448700
1627302487.946412	-1.005400	0.076900	0.149700	-0.370200	-0.214400	-0.460300
1627302487.946814	-1.018200	0.069800	0.134400	-0.349100	-0.266900	-0.463700
1627302487.947217	-1.027800	0.045500	0.124600	-0.336000	-0.332600	-0.463400
1627302487.947621	-1.026000	0.014200	0.103600	-0.401700	-0.397000	-0.466800
1627302487.952974	-1.029300	-0.034400	0.077100	-0.527500	-0.480700	-0.488400
1627302487.953877	-1.046800	-0.052700	0.058000	-0.762100	-0.598300	-0.542800
1627302487.954698	-1.056200	-0.055400	0.013200	-0.997000	-0.698200	-0.617900
1627302487.957161	-1.074000	-0.060800	-0.041600	-1.234600	-0.834100	-0.704100
1627302487.984392	-1.109300	-0.041900	-0.082800	-1.434700	-0.992900	-0.813100
1627302487.985610	-1.170000	-0.025800	-0.083400	-1.609100	-1.170400	-0.927300
1627302487.987490	-1.231100	0.020000	-0.063000	-1.690000	-1.286400	-1.024800
1627302488.017958	-1.283200	0.053000	-0.051100	-1.646300	-1.355800	-1.140500
1627302488.019089	-1.340100	0.050800	-0.155600	-1.660700	-1.427500	-1.283800
1627302488.023550	-1.454000	0.068200	-0.140700	-1.409600	-1.523100	-1.424300
1627302488.027204	-1.624900	0.112700	-0.054300	-0.835400	-1.627300	-1.559600
1627302488.042540	-1.745400	0.104000	0.081100	-0.227900	-1.569600	-1.654300
1627302488.068048	-1.717500	0.047900	0.159800	0.228700	-1.397600	-1.693400
1627302488.068956	-1.554400	-0.023700	0.293900	0.667300	-1.236000	-1.704400
1627302488.069870	-1.334700	-0.067300	0.543700	0.886600	-1.100700	-1.652100
1627302488.096710	-1.096900	-0.039900	0.731000	0.704000	-0.983100	-1.525700
1627302488.097615	-0.891700	0.014000	0.746800	0.705800	-1.007900	-1.320400
1627302488.098526	-0.862700	-0.037400	0.811200	1.081800	-1.114200	-1.110900
1627302488.108609	-0.934600	-0.102300	0.850500	1.211600	-1.189900	-0.959100
1627302488.141719	-1.007000	-0.187000	0.859600	1.209200	-1.299900	-0.840600
1627302488.142638	-1.059600	-0.315900	0.848900	1.016700	-1.375000	-0.721500
1627302488.143463	-1.028400	-0.393100	0.821500	0.583600	-1.366500	-0.616700
1627302488.147176	-0.890900	-0.435900	0.810900	0.087900	-1.352100	-0.497300
1627302488.166623	-0.737700	-0.451200	0.723500	-0.501900	-1.336800	-0.341200
1627302488.167529	-0.659900	-0.430500	0.669900	-0.925500	-1.290100	-0.235200
1627302488.195422	-0.622900	-0.396400	0.647000	-1.214100	-1.208500	-0.141500
1627302488.196340	-0.587400	-0.329100	0.621500	-1.432200	-1.058900	-0.068800
1627302488.197220	-0.559200	-0.271600	0.618500	-1.449300	-0.922100	-0.037900
1627302488.224087	-0.517700	-0.212600	0.620700	-1.367800	-0.803800	-0.031800
1627302488.224983	-0.453900	-0.163100	0.607300	-1.153400	-0.701200	-0.018400
1627302488.225797	-0.402100	-0.149000	0.582400	-0.926700	-0.654200	-0.001600
1627302488.254222	-0.360400	-0.125200	0.549900	-0.661000	-0.627600	-0.004900
1627302488.255155	-0.331700	-0.135100	0.531700	-0.226100	-0.601300	-0.019000
1627302488.257290	-0.328600	-0.164600	0.544600	0.181100	-0.578400	-0.044600
1627302488.282873	-0.319300	-0.195300	0.522300	0.497200	-0.530800	-0.084000
1627302488.283789	-0.298300	-0.234100	0.473800	0.784000	-0.482500	-0.139000
1627302488.287257	-0.290900	-0.286500	0.465600	1.064700	-0.431200	-0.198300
1627302488.296201	-0.280200	-0.334800	0.516700	1.328300	-0.368300	-0.252000
1627302488.317899	-0.272500	-0.379300	0.536700	1.461100	-0.267200	-0.315600
1627302488.318819	-0.258500	-0.400400	0.496600	1.387200	-0.175300	-0.369600
1627302488.325961	-0.243000	-0.423800	0.476700	1.340200	-0.092200	-0.412100
1627302488.335913	-0.220700	-0.443400	0.465900	1.248600	0.000400	-0.446900
1627302488.365382	-0.204100	-0.442400	0.479400	1.124300	0.073400	-0.463400
1627302488.366301	-0.196800	-0.439600	0.496600	1.014600	0.125600	-0.458200
1627302488.368543	-0.194200	-0.426600	0.504000	0.856100	0.173500	-0.424600
1627302488.378612	-0.197300	-0.403900	0.510500	0.686300	0.225500	-0.372700
1627302488.404368	-0.207800	-0.379000	0.520300	0.579100	0.275900	-0.314300
1627302488.405277	-0.241100	-0.361700	0.545500	0.527100	0.331700	-0.242000
1627302488.406120	-0.280000	-0.358500	0.571500	0.479500	0.402900	-0.144500
1627302488.418480	-0.317400	-0.355500	0.597000	0.428200	0.460900	-0.056900
1627302488.446552	-0.363600	-0.371500	0.623500	0.387600	0.530900	0.030200
1627302488.447454	-0.416500	-0.378100	0.621100	0.226600	0.606600	0.120600
1627302488.448576	-0.468900	-0.391200	0.640000	0.132800	0.654900	0.196300
1627302488.476755	-0.519500	-0.401600	0.622400	-0.022300	0.696400	0.269900
1627302488.477677	-0.577400	-0.399000	0.623000	-0.185700	0.726700	0.333500
1627302488.478694	-0.629900	-0.392200	0.645400	-0.253200	0.758400	0.360700
1627302488.488335	-0.675200	-0.361700	0.647800	-0.386400	0.779500	0.362200
1627302488.519665	-0.721800	-0.326900	0.661100	-0.447500	0.788700	0.339000
1627302488.522045	-0.751100	-0.298300	0.693000	-0.375100	0.796900	0.310000
1627302488.522951	-0.757300	-0.263200	0.669800	-0.320100	0.811300	0.282800
1627302488.526035	-0.759900	-0.227900	0.624400	-0.146600	0.821700	0.254400
1627302488.548225	-0.752000	-0.207000	0.609700	0.022900	0.807900	0.234200
1627302488.549141	-0.747400	-0.184000	0.657600	0.255900	0.745900	0.228700
1627302488.577941	-0.771600	-0.157000	0.659100	0.555200	0.663800	0.230900
1627302488.578843	-0.811500	-0.147300	0.662200	0.850900	0.621300	0.240900
1627302488.579669	-0.873800	-0.175300	0.666000	1.182900	0.610300	0.259000
1627302488.606884	-0.919300	-0.211400	0.608800	1.378700	0.626800	0.282500
1627302488.607797	-0.925900	-0.264900	0.573400	1.547000	0.668900	0.307800
1627302488.608652	-0.910300	-0.303100	0.587000	1.641700	0.718100	0.326800
1627302488.619737	-0.873800	-0.330300	0.630500	1.499900	0.752300	0.342300
1627302488.635351	-0.854700	-0.327300	0.615000	1.242200	0.769400	0.343300
1627302488.651292	-0.868500	-0.320700	0.579300	0.974300	0.803900	0.345400
1627302488.655371	-0.909100	-0.286700	0.548800	0.664900	0.869300	0.360400
1627302488.656290	-0.956500	-0.241700	0.520900	0.401300	0.952700	0.386600
1627302488.687324	-0.993200	-0.180800	0.522600	0.188700	1.041000	0.415300
1627302488.699158	-0.972700	-0.093800	0.688200	0.062900	1.032100	0.446200
1627302488.700069	-0.904300	0.020100	0.736800	-0.004000	0.918500	0.514600
1627302488.701023	-0.905300	0.117100	0.654400	-0.127700	0.753200	0.602000
1627302488.706022	-0.991700	0.133300	0.550300	0.045500	0.610900	0.717400
1627302488.736636	-1.170700	0.082300	0.356600	0.108400	0.552000	0.847500
1627302488.737544	-1.309000	0.010000	0.305800	0.160000	0.557200	0.898200
1627302488.738371	-1.384000	-0.094400	0.208400	0.132200	0.598400	0.908300
1627302488.746059	-1.364300	-0.158100	0.114100	-0.308500	0.712600	0.926300
1627302488.777151	-1.303000	-0.229200	0.036700	-0.706200	0.899200	1.000200
1627302488.780289	-1.185500	-0.308600	-0.004900	-1.059000	1.128300	1.129400
1627302488.781292	-1.069700	-0.292200	0.065800	-1.421800	1.241900	1.279100
1627302488.808002	-0.928300	-0.212900	0.171900	-1.537600	1.265800	1.379900
1627302488.808915	-0.803000	-0.169200	0.270500	-1.381800	1.121600	1.412300
1627302488.809809	-0.899800	-0.232300	0.152000	-1.547700	0.881500	1.334400
1627302488.826802	-1.070800	-0.295800	0.295300	-1.344600	0.593200	1.044800
1627302488.827727	-1.285800	-0.212200	0.210400	-1.077900	0.348900	0.636200
1627302488.838472	-1.401100	0.173100	0.223900	-0.620100	0.187300	0.151400
1627302488.868958	-1.299400	0.492200	0.257600	0.203400	0.295100	0.017400
1627302488.883188	-1.128100	0.666400	0.336700	1.246100	0.400200	0.076300
1627302488.884225	-0.976900	0.676400	0.421500	2.730800	0.453300	0.360000
1627302488.885092	-0.902700	0.461900	0.418300	3.533800	0.413000	0.627600
1627302488.885842	-0.852900	0.077900	0.340300	3.758600	0.334200	0.777300
1627302488.901092	-0.899800	-0.341300	0.293900	3.050000	0.239200	0.728700
1627302488.915245	-0.968800	-0.525800	0.359100	2.017600	0.300600	0.602300
1627302488.916160	-0.960400	-0.558500	0.417700	0.705500	0.463100	0.466000
1627302488.946860	-0.888100	-0.409900	0.422100	-0.771900	0.629500	0.389100
1627302488.949423	-0.866600	-0.205200	0.380100	-1.680500	0.668900	0.382000
1627302488.950330	-0.905200	0.060100	0.340700	-2.000300	0.629200	0.390000
1627302488.976726	-0.994900	0.376800	0.288500	-1.703100	0.549800	0.373800
1627302488.977659	-1.079800	0.557400	0.299100	-0.976200	0.503400	0.357300
1627302488.978489	-1.135400	0.570100	0.322000	-0.114300	0.486900	0.347500
1627302488.993540	-1.151500	0.398600	0.304400	0.725700	0.483900	0.330700
1627302489.006721	-1.115200	0.198700	0.264200	1.133700	0.476800	0.317900
1627302489.007429	-1.069900	0.048100	0.241000	1.221100	0.450900	0.305400
1627302489.034343	-1.028800	-0.030000	0.233000	1.080600	0.409300	0.277900
1627302489.035254	-0.999000	-0.039900	0.222000	0.800800	0.382500	0.241500
1627302489.037277	-0.970700	-0.013800	0.218000	0.560100	0.358900	0.219200
1627302489.044699	-0.952800	0.021100	0.197100	0.300200	0.344300	0.200300
1627302489.059912	-0.948100	0.046800	0.175800	0.057700	0.329300	0.179200
1627302489.080235	-0.957800	0.065300	0.181200	-0.096300	0.307900	0.156300
1627302489.081240	-0.966200	0.083100	0.188000	-0.238900	0.284700	0.132200
1627302489.084716	-0.960400	0.105500	0.194600	-0.311300	0.259400	0.116000
1627302489.096251	-0.949200	0.116100	0.184200	-0.333600	0.236800	0.112000
1627302489.111841	-0.929300	0.132000	0.159100	-0.360100	0.203500	0.099800
1627302489.134415	-0.921800	0.162100	0.141000	-0.347000	0.155500	0.071100
1627302489.135333	-0.931000	0.176400	0.147300	-0.247100	0.117000	0.043900
1627302489.136162	-0.933800	0.176400	0.147200	-0.155800	0.093500	0.024100
1627302489.164139	-0.926600	0.166400	0.160200	-0.066600	0.070300	0.015500
1627302489.165051	-0.922400	0.152800	0.167600	-0.015600	0.052600	0.011900
1627302489.165882	-0.925900	0.134500	0.170400	0.002400	0.033300	0.005100
1627302489.176038	-0.931400	0.115800	0.178100	0.016100	0.008000	-0.005600
1627302489.191811	-0.936500	0.114700	0.175300	-0.001000	-0.010300	-0.015600
1627302489.207671	-0.940300	0.129400	0.172400	-0.015000	-0.030200	-0.027200
1627302489.212895	-0.953700	0.153000	0.176600	0.034800	-0.059500	-0.044300
1627302489.213802	-0.971800	0.166900	0.186800	0.118200	-0.078100	-0.060800
1627302489.224720	-0.992200	0.167600	0.208900	0.237900	-0.093100	-0.079800
1627302489.235952	-1.004400	0.137700	0.253900	0.441000	-0.098300	-0.091700
1627302489.296619	-0.993500	0.092000	0.278800	0.545800	-0.087900	-0.085900
1627302489.297523	-0.973600	0.042700	0.273600	0.535700	-0.084600	-0.069400
1627302489.298339	-0.968400	0.002100	0.260100	0.411400	-0.087000	-0.060500
1627302489.299963	-0.982300	-0.002900	0.266000	0.281000	-0.086700	-0.062100
1627302489.301904	-0.996300	0.002000	0.276100	0.164600	-0.072600	-0.063000
1627302489.302815	-0.990700	0.017700	0.290900	0.029300	-0.040900	-0.052300
1627302489.304955	-0.973300	0.030200	0.289600	-0.096600	-0.011900	-0.037000
1627302489.339146	-0.966200	0.031700	0.292500	-0.166500	-0.001800	-0.028200
1627302489.340064	-0.967300	0.038900	0.287700	-0.219600	-0.000900	-0.026600
1627302489.342268	-0.967700	0.043900	0.279300	-0.234600	0.007100	-0.023600
1627302489.344705	-0.956500	0.052500	0.266000	-0.257200	0.013500	-0.016500
1627302489.359655	-0.940100	0.072300	0.231900	-0.276800	0.004300	-0.009200
1627302489.375632	-0.933800	0.094800	0.199800	-0.286500	-0.020400	-0.008000
1627302489.390501	-0.945200	0.136400	0.173600	-0.313100	-0.047600	-0.025400
1627302489.391412	-0.978900	0.180800	0.184700	-0.219000	-0.079400	-0.056600
1627302489.393660	-1.008500	0.188700	0.197500	-0.046200	-0.092500	-0.088300
1627302489.408415	-1.015300	0.157100	0.188500	0.070200	-0.106900	-0.101500
1627302489.423530	-1.014600	0.107900	0.171500	0.062900	-0.124300	-0.107900
1627302489.439281	-1.012700	0.062700	0.164700	-0.014400	-0.150800	-0.111800
1627302489.452919	-1.012300	0.049700	0.174000	-0.130500	-0.165800	-0.119200
1627302489.453827	-1.002400	0.052600	0.195600	-0.239800	-0.175900	-0.125600
1627302489.454972	-0.986100	0.061800	0.231100	-0.322000	-0.186900	-0.132000
1627302489.481808	-0.980800	0.057400	0.262500	-0.341200	-0.185300	-0.138400
1627302489.483012	-0.970100	0.046400	0.288900	-0.366300	-0.166100	-0.141500
1627302489.483953	-0.967500	0.036000	0.310300	-0.391600	-0.139200	-0.147900
1627302489.495055	-0.964100	0.043500	0.324600	-0.418500	-0.116900	-0.154900
1627302489.515312	-0.967800	0.056000	0.333000	-0.423100	-0.091000	-0.162200
1627302489.516235	-0.979200	0.052600	0.352200	-0.347300	-0.049700	-0.157000
1627302489.523644	-0.986600	0.034300	0.357700	-0.291400	-0.015800	-0.146400
1627302489.551666	-0.982800	0.022200	0.346600	-0.317100	0.015600	-0.135100
1627302489.552570	-0.973400	0.013900	0.329500	-0.407800	0.050400	-0.126800
1627302489.553439	-0.975700	0.024400	0.319300	-0.449000	0.068200	-0.126800
1627302489.580328	-0.986900	0.044800	0.300900	-0.450200	0.074600	-0.134800
1627302489.581343	-0.995600	0.062700	0.279700	-0.402000	0.082200	-0.146400
1627302489.583519	-0.992900	0.084200	0.271900	-0.345800	0.093800	-0.150900
1627302489.609459	-0.984900	0.101200	0.260400	-0.274900	0.103900	-0.150600
1627302489.610367	-0.977200	0.120000	0.235100	-0.198600	0.094700	-0.168300
1627302489.629206	-0.988200	0.120400	0.222300	-0.102700	0.069100	-0.202900
1627302489.630127	-1.001800	0.118400	0.203100	-0.055000	0.046200	-0.238300
1627302489.633511	-1.001300	0.117700	0.188400	-0.030000	0.025400	-0.280400
1627302489.644808	-0.992100	0.126000	0.185900	-0.019000	0.001900	-0.311000
1627302489.669241	-0.980500	0.139400	0.170300	-0.016200	-0.025600	-0.342800
1627302489.670178	-0.976600	0.145400	0.150600	0.009400	-0.070800	-0.380900
1627302489.676093	-0.988300	0.142500	0.139300	0.061400	-0.124300	-0.415700
1627302489.684659	-0.993800	0.125700	0.109900	0.091600	-0.168200	-0.446900
1627302489.711933	-0.985500	0.094200	0.092000	0.075400	-0.227200	-0.477800
1627302489.712840	-0.977200	0.069500	0.060400	0.008200	-0.294700	-0.505900
1627302489.713730	-0.971800	0.056300	0.029500	-0.074000	-0.368000	-0.538500
1627302489.741639	-0.964500	0.045500	0.008100	-0.152800	-0.462700	-0.579200
1627302489.742553	-0.954100	0.059300	-0.010500	-0.231600	-0.569300	-0.620400
1627302489.743688	-0.954000	0.078500	-0.019500	-0.265800	-0.682900	-0.643600
1627302489.756098	-0.963600	0.092200	-0.027200	-0.253900	-0.835900	-0.642100
1627302489.782947	-0.970700	0.087500	-0.045400	-0.226400	-1.004800	-0.637800
1627302489.783849	-0.987400	0.058500	-0.053700	-0.196700	-1.169800	-0.661000
1627302489.786034	-1.017200	0.001800	-0.085700	-0.234900	-1.339300	-0.716000
1627302489.813196	-1.026100	-0.026900	-0.119600	-0.424900	-1.541800	-0.840600
1627302489.814096	-1.064600	-0.045800	-0.107200	-0.540400	-1.734500	-0.990600
1627302489.815196	-1.151700	-0.065400	-0.055500	-0.671700	-1.932100	-1.142700
1627302489.817349	-1.257000	-0.062500	0.016600	-0.746800	-2.105300	-1.308800
1627302489.833590	-1.340600	-0.060500	0.113200	-0.830800	-2.234200	-1.431300
1627302489.846744	-1.466700	-0.017100	0.282100	-0.821300	-2.331300	-1.520800
1627302489.847660	-1.575700	0.049600	0.384300	-0.759700	-2.325800	-1.586200
1627302489.876817	-1.613800	0.055500	0.340800	-0.478000	-2.227800	-1.580700
1627302489.877740	-1.606700	-0.042100	0.365100	0.198800	-2.028000	-1.540000
1627302489.897587	-1.566700	-0.180500	0.545300	0.410200	-1.714600	-1.487800
1627302489.905165	-1.341400	-0.098800	0.745200	-0.272500	-1.492300	-1.458200
1627302489.923649	-1.139300	0.050500	0.753700	-0.298400	-1.434900	-1.435300
1627302489.924803	-0.966400	0.087400	0.965200	0.373200	-1.370100	-1.379100
1627302489.925929	-0.864400	0.073000	1.220700	0.940700	-1.497200	-1.250500
1627302489.941575	-0.877600	-0.025100	1.170000	1.472500	-1.674900	-1.087400
1627302489.942280	-0.935200	-0.262800	1.218800	1.873200	-1.864000	-0.854700
1627302489.966310	-0.997400	-0.459400	1.242600	1.673400	-2.015200	-0.669300
1627302489.967154	-1.012200	-0.581800	1.150400	1.065600	-2.107100	-0.531800
1627302489.974820	-0.908400	-0.667100	1.089800	0.189300	-2.126100	-0.423100
1627302489.985375	-0.788000	-0.669400	1.019300	-0.663700	-2.090300	-0.346400
1627302489.986277	-0.662200	-0.633400	0.982400	-1.400800	-2.029200	-0.300900
1627302490.009774	-0.585600	-0.550300	0.898300	-2.088600	-1.924200	-0.285000
1627302490.022914	-0.544700	-0.453500	0.858900	-2.471600	-1.813000	-0.310100
1627302490.023821	-0.485400	-0.360000	0.844600	-2.567800	-1.684400	-0.356500
1627302490.031086	-0.364300	-0.221700	0.798700	-2.409600	-1.561600	-0.385800
1627302490.055948	-0.278000	-0.179000	0.734500	-1.931900	-1.460800	-0.376700
1627302490.066659	-0.206500	-0.146000	0.659200	-1.450500	-1.369200	-0.362900
1627302490.067568	-0.169400	-0.149400	0.589700	-0.793900	-1.272100	-0.358000
1627302490.072399	-0.158200	-0.186200	0.535000	-0.155800	-1.162400	-0.371200
1627302490.093385	-0.142200	-0.248400	0.460700	0.248300	-1.041500	-0.405400
1627302490.103068	-0.109700	-0.327000	0.434000	0.584300	-0.890000	-0.452700
1627302490.104259	-0.086400	-0.383900	0.411300	0.734800	-0.739100	-0.497000
1627302490.125107	-0.072400	-0.389800	0.381800	0.759000	-0.618100	-0.521700
1627302490.126155	-0.073000	-0.413900	0.350000	0.740000	-0.487400	-0.541600
1627302490.133521	-0.053700	-0.421500	0.311900	0.642900	-0.335600	-0.520200
1627302490.146793	-0.035900	-0.425900	0.290500	0.556800	-0.232100	-0.463100
1627302490.168819	-0.016700	-0.422400	0.296000	0.451400	-0.135900	-0.381200
1627302490.172284	-0.006700	-0.408100	0.316800	0.307500	-0.038400	-0.262400
1627302490.173357	-0.005600	-0.386200	0.340000	0.172200	0.040400	-0.154900
1627302490.184157	-0.007900	-0.354200	0.383400	0.075400	0.121300	-0.048000
1627302490.201481	-0.026700	-0.314600	0.424200	0.060100	0.202600	0.042100
1627302490.203614	-0.058100	-0.294300	0.448500	0.144400	0.265500	0.103500
1627302490.217314	-0.090200	-0.311800	0.467800	0.271800	0.301200	0.165800
1627302490.228615	-0.117600	-0.353600	0.491500	0.363100	0.329600	0.245200
1627302490.241724	-0.148200	-0.387100	0.531400	0.375900	0.347300	0.306900
1627302490.242621	-0.182600	-0.409800	0.612300	0.361600	0.389500	0.356100
1627302490.247336	-0.200600	-0.424600	0.633400	0.169500	0.467100	0.412000
1627302490.272128	-0.198900	-0.413200	0.627900	-0.029400	0.533900	0.455600
1627302490.273582	-0.210900	-0.389900	0.661300	-0.165900	0.603000	0.499900
1627302490.288695	-0.241900	-0.354100	0.726700	-0.207700	0.672600	0.552200
1627302490.290643	-0.278000	-0.328100	0.754600	-0.213200	0.716900	0.584200
1627302490.311650	-0.315700	-0.315700	0.791300	-0.155200	0.759400	0.595200
1627302490.312480	-0.367700	-0.312300	0.794400	-0.093800	0.815900	0.588500
1627302490.326056	-0.409400	-0.317100	0.794100	-0.036700	0.858300	0.574500
1627302490.331756	-0.452800	-0.343100	0.810800	0.037200	0.887600	0.549700
1627302490.355138	-0.501200	-0.375500	0.838100	0.067800	0.927000	0.518600
1627302490.356214	-0.530000	-0.395500	0.818000	-0.027500	0.974100	0.491100
1627302490.363437	-0.543200	-0.405400	0.819900	-0.132900	1.010400	0.468800
1627302490.373092	-0.569100	-0.399500	0.826700	-0.248400	1.040400	0.440100
1627302490.373999	-0.610000	-0.371000	0.842900	-0.335400	1.072400	0.417500
1627302490.397670	-0.659100	-0.349900	0.844200	-0.370200	1.103300	0.405600
1627302490.404923	-0.702800	-0.330400	0.831300	-0.411500	1.136000	0.398800
1627302490.405839	-0.726300	-0.296600	0.828500	-0.398600	1.163100	0.391800
1627302490.431622	-0.744900	-0.269300	0.801000	-0.348200	1.168300	0.386900
1627302490.432548	-0.768100	-0.246900	0.779800	-0.204700	1.167400	0.393000
1627302490.446133	-0.802700	-0.246100	0.771900	-0.014100	1.171400	0.412600
1627302490.449817	-0.820600	-0.239900	0.750900	0.102900	1.175400	0.435800
1627302490.474220	-0.834000	-0.241600	0.736100	0.293200	1.156700	0.489200
1627302490.475116	-0.853100	-0.256300	0.707000	0.481900	1.123400	0.551900
1627302490.484796	-0.867800	-0.274900	0.708100	0.602300	1.096900	0.605900
1627302490.494942	-0.897200	-0.297500	0.705700	0.616300	1.078500	0.654200
1627302490.515731	-0.922500	-0.311900	0.677200	0.496000	1.070900	0.704000
1627302490.516632	-0.939300	-0.297500	0.642600	0.339900	1.099900	0.735400
1627302490.523763	-0.950900	-0.269900	0.609500	0.143800	1.151800	0.753400
1627302490.530012	-0.964400	-0.243700	0.558100	-0.079500	1.207700	0.784000
1627302490.551364	-0.950000	-0.232400	0.601000	-0.209600	1.233400	0.815800
1627302490.552452	-0.925500	-0.184700	0.656900	-0.287800	1.166200	0.851500
1627302490.558712	-0.931600	-0.135400	0.554100	-0.364700	1.162800	0.934000
1627302490.582936	-0.911900	-0.131100	0.649700	-0.351300	1.139600	0.981600
1627302490.583840	-0.870100	-0.119300	0.785900	-0.265500	0.929200	1.030800
1627302490.593946	-0.940100	-0.002800	0.483500	-0.638100	0.741900	1.048200
1627302490.602571	-1.087800	0.018600	0.287500	-0.779800	0.725800	1.028600
1627302490.612318	-1.280400	-0.016000	0.310500	-0.722100	0.708300	0.999900
1627302490.627690	-1.369100	0.072500	0.213400	-1.053500	0.808800	0.961400
1627302490.631725	-1.321500	0.184600	0.123000	-1.059300	0.941100	0.958700
1627302490.652587	-1.245700	0.248700	0.137700	-0.714800	1.076400	1.010600
1627302490.653427	-1.129900	0.285200	0.290200	-0.107900	1.205900	1.083600
1627302490.663376	-0.991800	0.250100	0.408100	0.463900	1.204100	1.126700
1627302490.673150	-0.953700	0.117400	0.439600	0.786400	1.057800	1.125500
1627302490.674072	-1.101400	-0.129600	0.291700	0.756500	0.887000	1.040200
1627302490.698680	-1.226300	-0.332600	0.200000	0.612700	0.749000	0.886000
1627302490.711786	-1.280200	-0.477100	0.189500	0.553700	0.611200	0.675900
1627302490.712681	-1.224700	-0.507000	0.183600	0.216800	0.539100	0.427500
1627302490.718607	-1.136800	-0.399700	0.219200	-0.162800	0.518100	0.309300
1627302490.739581	-1.053200	-0.187000	0.324000	-0.222700	0.502800	0.309000
1627302490.752966	-0.936000	0.037000	0.384500	0.205200	0.509500	0.421400
1627302490.753868	-0.869500	0.159300	0.420400	0.824600	0.482600	0.600400
1627302490.757422	-0.858800	0.132900	0.455200	1.334700	0.446900	0.755000
1627302490.783520	-0.881200	0.035600	0.465700	1.631300	0.403500	0.825800
1627302490.786012	-0.903900	-0.080300	0.452100	1.610500	0.384000	0.778800
1627302490.800872	-0.892900	-0.163800	0.429100	1.238800	0.438000	0.700300
1627302490.803086	-0.826800	-0.134900	0.403000	0.552800	0.569100	0.618100
1627302490.822988	-0.799400	-0.078000	0.374300	-0.033300	0.695200	0.574200
1627302490.823888	-0.751700	-0.015700	0.315600	-0.333900	0.763900	0.620900
1627302490.831027	-0.832800	0.051100	0.270100	-0.491800	0.723300	0.622100
1627302490.854511	-0.931300	0.124300	0.297700	-0.413900	0.690900	0.591600
1627302490.855407	-0.998900	0.189600	0.324500	-0.194600	0.676600	0.547300
1627302490.876765	-1.032300	0.258400	0.322900	0.095300	0.665600	0.493200
1627302490.877678	-1.050000	0.299900	0.323700	0.572600	0.641800	0.458400
1627302490.906709	-1.068000	0.270900	0.298000	1.026800	0.620400	0.455300
1627302490.911267	-1.087900	0.189700	0.275600	1.407400	0.611200	0.461800
1627302490.912328	-1.094800	0.065800	0.314000	1.704000	0.650600	0.478600
1627302490.916758	-1.064700	-0.031700	0.317300	1.613900	0.689100	0.481300
1627302490.917705	-1.039200	-0.114600	0.280300	1.350000	0.722100	0.467600
1627302490.942507	-1.022200	-0.160300	0.275600	0.903100	0.764500	0.440400
1627302490.943383	-1.025300	-0.154700	0.239500	0.490500	0.749600	0.419600
1627302490.950931	-1.042000	-0.117200	0.182100	0.072300	0.796300	0.412000
1627302490.960562	-1.021500	-0.021600	0.251700	-0.361100	0.805500	0.397000
1627302490.981030	-0.994400	0.067400	0.257300	-0.608500	0.752000	0.386000
1627302490.982767	-0.970200	0.145900	0.234100	-0.719300	0.684200	0.363400
1627302490.992542	-0.966200	0.189200	0.193400	-0.645700	0.620100	0.330700
1627302490.998196	-0.965600	0.178800	0.162100	-0.523600	0.588600	0.310000
1627302491.019118	-0.955800	0.159500	0.132400	-0.461900	0.557500	0.292500
1627302491.022347	-0.945700	0.144500	0.130500	-0.425500	0.506200	0.268100
1627302491.032275	-0.934100	0.144800	0.116000	-0.445100	0.452100	0.245500
1627302491.040539	-0.919800	0.152200	0.112500	-0.467000	0.406600	0.219900
1627302491.062761	-0.899700	0.165600	0.108900	-0.476200	0.351600	0.197900
1627302491.063597	-0.897600	0.165300	0.082500	-0.500900	0.293000	0.175300
1627302491.073502	-0.907300	0.177200	0.100500	-0.507100	0.245900	0.148700
1627302491.081779	-0.919600	0.191400	0.108900	-0.500000	0.191600	0.123900
1627302491.100621	-0.922400	0.201500	0.134400	-0.418500	0.147000	0.106200
1627302491.101529	-0.918900	0.205700	0.134800	-0.305800	0.108800	0.096200
1627302491.109904	-0.925800	0.202100	0.132100	-0.167100	0.057200	0.080300
1627302491.118549	-0.958400	0.190100	0.103600	-0.037900	0.014400	0.058900
1627302491.140746	-0.985600	0.175400	0.105800	0.068700	-0.004800	0.035100
1627302491.141644	-0.994400	0.167100	0.108900	0.156600	-0.045800	0.012200
1627302491.156176	-0.981300	0.164200	0.103100	0.222900	-0.097100	-0.007100
1627302491.157179	-0.969200	0.155300	0.093800	0.259600	-0.148400	-0.018100
1627302491.197447	-0.975200	0.135300	0.109000	0.291600	-0.196300	-0.027900
1627302491.203324	-0.988400	0.116500	0.128200	0.282500	-0.227800	-0.043100
1627302491.227830	-0.988300	0.103500	0.140100	0.252900	-0.240900	-0.053200
1627302491.228675	-0.979500	0.095500	0.144200	0.186000	-0.263800	-0.060800
1627302491.231151	-0.979900	0.079100	0.181000	0.155700	-0.280000	-0.067300
1627302491.234265	-0.970200	0.061800	0.200700	0.124300	-0.280600	-0.059300
1627302491.235170	-0.950800	0.062300	0.217400	0.039400	-0.259000	-0.042200
1627302491.242413	-0.936600	0.062000	0.239500	-0.070000	-0.244600	-0.024200
1627302491.247295	-0.943100	0.063100	0.270600	-0.121000	-0.222300	-0.013500
1627302491.270474	-0.943100	0.063100	0.270600	-0.121000	-0.222300	-0.013500
1627302491.271389	-0.976200	0.030600	0.288300	-0.188200	-0.127600	0.008200
1627302491.283595	-0.991800	0.029800	0.292400	-0.248100	-0.110200	0.008200
1627302491.284645	-0.991800	0.029800	0.292400	-0.248100	-0.110200	0.008200
1627302491.309582	-1.009500	0.056000	0.289800	-0.305800	-0.097700	0.000200
1627302491.310480	-1.023200	0.095600	0.289400	-0.279500	-0.080600	-0.006500
1627302491.321115	-1.008700	0.116900	0.258100	-0.244400	-0.075700	0.001500
1627302491.328770	-0.986100	0.135600	0.240000	-0.226400	-0.083900	0.013100
1627302491.354280	-0.980500	0.149900	0.238500	-0.157000	-0.087000	0.027400
1627302491.361730	-0.988000	0.144800	0.230500	-0.106300	-0.084600	0.023800
1627302491.362761	-1.001500	0.131000	0.208500	-0.083400	-0.078800	0.004500
1627302491.367349	-1.017600	0.109500	0.210600	-0.058100	-0.069300	-0.029100
1627302491.389788	-1.020000	0.091800	0.233400	-0.032400	-0.067500	-0.054700
1627302491.399273	-1.014400	0.079700	0.246300	-0.025100	-0.073300	-0.064500
1627302491.400172	-0.998400	0.076700	0.262800	-0.062000	-0.079700	-0.062400
1627302491.420947	-0.981300	0.082500	0.273600	-0.082800	-0.082100	-0.053200
1627302491.422583	-0.972000	0.096200	0.276600	-0.089500	-0.077200	-0.054400
1627302491.437151	-0.970200	0.109100	0.267700	-0.101400	-0.059200	-0.064800
1627302491.441559	-0.973800	0.111700	0.271500	-0.080700	-0.031400	-0.076400
1627302491.442179	-0.979900	0.099400	0.274300	-0.040100	-0.000300	-0.081900
1627302491.470067	-0.976600	0.090000	0.279300	-0.024200	0.041900	-0.078200
1627302491.474824	-0.967500	0.067000	0.283600	-0.036400	0.065700	-0.068500
1627302491.479832	-0.967300	0.065600	0.282600	-0.060500	0.076400	-0.067900
1627302491.488072	-0.974900	0.074200	0.255900	-0.082500	0.104200	-0.070300
1627302491.507342	-0.973800	0.100100	0.247600	-0.079500	0.134400	-0.074000
1627302491.511259	-0.976800	0.120200	0.227400	-0.046800	0.163800	-0.078900
1627302491.526242	-0.970900	0.134000	0.229500	0.003600	0.176900	-0.086500
1627302491.538378	-0.972300	0.139000	0.230500	0.079400	0.169000	-0.099300
1627302491.553960	-0.980700	0.126700	0.214500	0.117600	0.155800	-0.112100
1627302491.555493	-0.989600	0.110600	0.205700	0.132800	0.139900	-0.130200
1627302491.578892	-0.998200	0.096800	0.203200	0.141100	0.120700	-0.147600
1627302491.579707	-1.002300	0.092300	0.196300	0.114800	0.104200	-0.161300
1627302491.581148	-1.001700	0.094600	0.190700	0.062900	0.090200	-0.173200
1627302491.597014	-0.992800	0.114900	0.171900	-0.012300	0.074600	-0.185800
1627302491.599436	-0.987800	0.134400	0.167400	-0.047400	0.052300	-0.192500
1627302491.619129	-0.993700	0.145000	0.156400	-0.042800	0.019600	-0.193400
1627302491.620022	-1.002800	0.131500	0.147500	-0.012300	-0.032000	-0.196100
1627302491.627471	-0.994600	0.132400	0.132300	-0.045200	-0.073600	-0.220000
1627302491.650883	-0.972900	0.144800	0.127000	-0.067500	-0.116000	-0.270400
1627302491.661769	-0.955400	0.161900	0.109300	-0.055300	-0.178900	-0.340600
1627302491.662764	-0.954100	0.171400	0.090000	-0.028400	-0.242800	-0.386100
1627302491.669915	-0.958500	0.170700	0.055400	-0.019900	-0.314500	-0.415700
1627302491.689579	-0.953900	0.178600	0.031600	-0.020500	-0.394900	-0.456700
1627302491.699222	-0.949800	0.183100	0.009500	-0.028100	-0.464200	-0.495500
1627302491.700134	-0.953000	0.185200	-0.021600	-0.055300	-0.538100	-0.536100
1627302491.723660	-0.974000	0.168700	-0.050000	-0.066600	-0.648700	-0.588300
1627302491.724597	-0.986000	0.146900	-0.062900	-0.060800	-0.742500	-0.635700
1627302491.739259	-0.993200	0.114000	-0.074500	-0.062300	-0.830100	-0.680900
1627302491.741703	-1.006200	0.072800	-0.068500	-0.106000	-0.964500	-0.732800
1627302491.742636	-1.031000	0.066000	-0.044200	-0.198900	-1.097400	-0.776800
1627302491.766363	-1.038200	0.089600	-0.112800	-0.406300	-1.211300	-0.847000
1627302491.769813	-1.065600	0.042000	-0.186500	-0.617900	-1.423300	-0.964600
1627302491.780923	-1.131100	-0.011200	-0.176600	-0.711700	-1.672800	-1.059900
1627302491.788116	-1.171400	-0.031900	-0.135300	-0.749300	-1.839000	-1.140200
1627302491.807394	-1.197600	-0.098600	-0.132000	-0.793200	-1.969100	-1.221500
1627302491.809973	-1.246700	-0.171600	-0.089000	-0.946300	-2.105900	-1.301800
1627302491.825720	-1.380400	-0.152000	0.050400	-0.994500	-2.243700	-1.362900
1627302491.829260	-1.572100	-0.083300	0.174400	-0.980500	-2.328000	-1.442900
1627302491.852146	-1.749600	-0.086500	0.310400	-0.908100	-2.356700	-1.523600
1627302491.853550	-1.886000	-0.115600	0.428300	-0.937400	-2.342600	-1.631100
1627302491.871774	-1.868800	-0.145500	0.534400	-0.899200	-2.198500	-1.785900
1627302491.879616	-1.581700	-0.113800	0.621300	-0.915700	-1.847200	-1.913300
1627302491.890760	-1.246600	-0.056500	0.675200	-0.993000	-1.416900	-1.910500
1627302491.891669	-0.890100	0.003500	0.720200	-0.801500	-0.984100	-1.793300
1627302491.900055	-0.630400	0.013700	0.743900	-0.333900	-0.706400	-1.602700
1627302491.909773	-0.565400	-0.005700	0.823100	0.131600	-0.545800	-1.413300
1627302491.921050	-0.624100	-0.023100	0.951700	0.431800	-0.467900	-1.221500
1627302491.929499	-0.753700	-0.058000	0.983200	0.749500	-0.441900	-1.023900
1627302491.952153	-0.832200	-0.147600	1.001500	1.022500	-0.452000	-0.889800
1627302491.953710	-0.873000	-0.259000	1.031000	1.150200	-0.490200	-0.755400
1627302491.968607	-0.852300	-0.342500	0.987100	0.997500	-0.540600	-0.589800
1627302491.974360	-0.783600	-0.380700	0.933100	0.701800	-0.562900	-0.446300
1627302491.991566	-0.701500	-0.398400	0.915900	0.377500	-0.591300	-0.314700
1627302491.992404	-0.597000	-0.383500	0.904700	-0.058400	-0.619100	-0.189400
1627302491.998574	-0.531000	-0.360200	0.867200	-0.343300	-0.620300	-0.123500
1627302492.011731	-0.496500	-0.325700	0.817000	-0.581000	-0.601300	-0.085900
1627302492.012638	-0.492300	-0.268300	0.759800	-0.711400	-0.549400	-0.088300
1627302492.036324	-0.495100	-0.209600	0.721400	-0.667100	-0.503600	-0.131100
1627302492.039855	-0.499300	-0.175200	0.710400	-0.427600	-0.471200	-0.187600
1627302492.048497	-0.498500	-0.164300	0.684000	-0.046800	-0.436400	-0.245000
1627302492.056846	-0.484300	-0.168800	0.676300	0.298700	-0.434900	-0.277400
1627302492.078952	-0.456500	-0.205700	0.677200	0.611100	-0.460500	-0.290200
1627302492.079953	-0.445800	-0.246900	0.641400	0.795000	-0.510000	-0.321100
1627302492.092596	-0.444000	-0.290300	0.599500	0.925700	-0.548800	-0.343100
1627302492.094607	-0.424100	-0.335300	0.554700	0.996000	-0.553100	-0.374500
1627302492.119126	-0.414400	-0.383400	0.520600	1.024100	-0.540300	-0.421600
1627302492.119955	-0.402300	-0.411700	0.504900	0.990800	-0.486500	-0.462200
1627302492.130951	-0.376300	-0.434200	0.514400	0.910100	-0.417800	-0.494600
1627302492.137180	-0.348900	-0.441200	0.510400	0.745200	-0.364600	-0.506800
1627302492.157737	-0.356000	-0.444300	0.492300	0.537500	-0.310000	-0.511000
1627302492.158569	-0.347500	-0.440300	0.459700	0.355500	-0.242800	-0.491800
1627302492.168569	-0.354700	-0.429800	0.436600	0.211900	-0.172800	-0.449300
1627302492.178158	-0.359500	-0.420700	0.420400	0.090700	-0.093400	-0.388900
1627302492.200284	-0.360800	-0.407700	0.439800	0.046700	-0.021000	-0.318600
1627302492.201245	-0.355200	-0.388800	0.441900	-0.029400	0.077900	-0.237100
1627302492.208685	-0.330000	-0.368500	0.435500	-0.128300	0.180600	-0.151600
1627302492.219756	-0.298200	-0.351200	0.452800	-0.166500	0.260300	-0.075200
1627302492.235515	-0.261700	-0.339200	0.476700	-0.154300	0.340300	0.001200
1627302492.237990	-0.241100	-0.319000	0.488300	-0.147300	0.434700	0.071400
1627302492.261059	-0.232300	-0.310700	0.512600	-0.069700	0.517100	0.117500
1627302492.263525	-0.234900	-0.305100	0.500200	-0.032100	0.585000	0.140100
1627302492.278463	-0.258500	-0.307900	0.506200	0.071700	0.645100	0.158200
1627302492.285686	-0.296100	-0.325400	0.531100	0.211300	0.688500	0.174700
1627302492.300302	-0.341700	-0.349400	0.561200	0.343900	0.730300	0.194200
1627302492.301133	-0.387000	-0.383100	0.581300	0.440400	0.786200	0.215900
1627302492.309865	-0.424600	-0.411900	0.598500	0.480400	0.826500	0.223800
1627302492.321765	-0.464100	-0.440100	0.611800	0.451400	0.859800	0.215300
1627302492.322663	-0.511100	-0.453100	0.622400	0.311500	0.889500	0.181700
1627302492.346370	-0.562000	-0.444300	0.600100	0.154200	0.895900	0.146200
1627302492.348675	-0.618700	-0.437100	0.592000	0.036300	0.914500	0.112600
1627302492.363556	-0.668900	-0.395300	0.577100	-0.102700	0.924300	0.084500
1627302492.388011	-0.703500	-0.362500	0.619400	-0.061400	0.920300	0.072600
1627302492.388912	-0.733900	-0.330600	0.631300	0.005800	0.928000	0.079400
1627302492.389925	-0.759600	-0.288300	0.668600	0.102300	0.933100	0.115700
1627302492.402682	-0.779700	-0.275600	0.711300	0.208900	0.938300	0.163000
1627302492.420449	-0.796100	-0.250400	0.680700	0.179900	0.923700	0.205200
1627302492.427989	-0.804800	-0.213000	0.622300	0.182300	0.909900	0.258000
1627302492.428919	-0.817600	-0.208000	0.623700	0.342400	0.884000	0.307200
1627302492.438706	-0.828500	-0.187300	0.616500	0.400700	0.849800	0.352100
1627302492.442311	-0.840800	-0.173300	0.615400	0.545500	0.801800	0.413800
1627302492.467768	-0.863600	-0.155500	0.591700	0.659400	0.772800	0.461500
1627302492.468466	-0.884400	-0.137300	0.583100	0.756500	0.780400	0.514600
1627302492.483320	-0.906000	-0.125600	0.595900	0.836500	0.789600	0.601600
1627302492.485810	-0.925500	-0.132900	0.601300	0.848500	0.793300	0.722600
1627302492.515636	-0.939700	-0.149400	0.587200	0.784900	0.797800	0.835600
1627302492.516645	-0.940800	-0.156000	0.575100	0.640800	0.822900	0.933000
1627302492.518469	-0.936600	-0.165000	0.565400	0.469700	0.879100	1.022200
1627302492.530272	-0.916300	-0.158200	0.559300	0.305400	0.932800	1.079600
1627302492.546925	-0.916400	-0.165600	0.553700	0.123700	0.995500	1.119700
1627302492.548396	-0.903800	-0.174300	0.583500	-0.084300	1.041900	1.161500
1627302492.557805	-0.841100	-0.158200	0.761400	-0.288400	0.926100	1.190800
1627302492.580221	-0.762000	-0.083900	0.763700	-0.612100	0.646300	1.287300
1627302492.581106	-0.830000	-0.020900	0.494500	-1.110900	0.453300	1.443700
1627302492.591302	-1.019400	-0.012500	0.405600	-1.292300	0.467100	1.557300
1627302492.600714	-1.276200	-0.083900	0.209600	-1.360700	0.535500	1.636800
1627302492.617852	-1.460200	-0.161400	0.112100	-1.732500	0.686400	1.593100
1627302492.618769	-1.507200	-0.090000	0.097000	-2.216600	0.844300	1.443400
1627302492.628749	-1.521000	0.057100	-0.018200	-2.639900	1.083400	1.324600
1627302492.649552	-1.326000	0.309200	0.031200	-2.458800	1.420000	1.292800
1627302492.660622	-1.133800	0.514900	0.181500	-1.550400	1.415700	1.245200
1627302492.661530	-1.017600	0.661900	0.269000	-0.571200	1.348800	1.159400
1627302492.669986	-1.011500	0.447400	0.232200	0.623300	1.118500	0.970900
1627302492.670958	-1.250900	0.107800	0.173000	1.361300	0.650900	0.657800
1627302492.696849	-1.512300	-0.125000	0.055700	1.748900	0.276200	0.234500
1627302492.697713	-1.543200	-0.094000	0.091200	1.842900	0.160400	-0.126500
1627302492.706123	-1.253700	0.026100	0.196500	2.025900	0.325000	-0.075800
1627302492.717170	-0.929400	0.101800	0.275500	2.376500	0.442900	0.174300
1627302492.741412	-0.666700	0.060500	0.370500	2.634300	0.383400	0.492600
1627302492.742235	-0.627400	-0.054100	0.393200	2.525000	0.291100	0.680800
1627302492.746011	-0.713300	-0.195200	0.359600	2.069600	0.279500	0.704900
1627302492.761789	-0.891100	-0.264200	0.320900	1.052500	0.353100	0.573900
1627302492.765554	-1.027200	-0.247700	0.294100	0.144100	0.483500	0.470900
1627302492.785197	-1.066800	-0.199300	0.267500	-0.593200	0.621000	0.454400
1627302492.787513	-1.069300	-0.123800	0.257800	-1.295100	0.650000	0.470900
1627302492.797452	-1.083900	0.007000	0.290000	-1.649400	0.589500	0.449200
1627302492.799482	-1.086800	0.175800	0.327100	-1.640800	0.529700	0.403400
1627302492.824004	-1.057600	0.352100	0.346100	-1.247700	0.471000	0.368600
1627302492.826117	-1.033600	0.439700	0.348900	-0.603300	0.429800	0.360000
1627302492.836024	-1.018700	0.441400	0.357700	0.113000	0.420900	0.363700
1627302492.844405	-1.005200	0.387200	0.372200	0.850900	0.447200	0.354200
1627302492.866753	-1.001800	0.269000	0.369800	1.363700	0.497900	0.324900
1627302492.867576	-1.007800	0.127200	0.342900	1.539600	0.561100	0.290400
1627302492.872351	-1.031400	-0.033200	0.308800	1.432400	0.611800	0.272400
1627302492.895789	-1.087500	-0.146400	0.257400	1.055800	0.670500	0.269000
1627302492.896834	-1.126200	-0.191300	0.161400	0.622400	0.807300	0.290400
1627302492.908599	-1.136200	-0.184900	0.117200	0.136200	0.998500	0.315200
1627302492.916100	-1.085600	-0.137100	0.245800	-0.478700	1.101100	0.293500
1627302492.939298	-1.043900	-0.023200	0.252800	-0.928900	1.066000	0.262600
1627302492.940195	-0.960000	0.123700	0.216600	-1.160400	1.013500	0.230500
1627302492.947480	-0.874400	0.242700	0.144900	-1.022000	0.889500	0.197900
1627302492.957389	-0.851400	0.309000	0.063000	-0.785600	0.789000	0.172500
1627302492.960624	-0.844600	0.344700	0.053000	-0.425800	0.682400	0.151700
1627302492.985180	-0.851100	0.345800	-0.012100	-0.006100	0.571200	0.131300
1627302492.988799	-0.868400	0.308800	-0.041000	0.264200	0.488400	0.100700
1627302492.996124	-0.891800	0.265700	-0.041500	0.463000	0.400500	0.061600
1627302493.005608	-0.912200	0.194300	-0.038900	0.606500	0.298800	0.028000
1627302493.027711	-0.919200	0.150300	-0.038900	0.570800	0.224800	0.009700
1627302493.029980	-0.919800	0.115800	-0.030600	0.459900	0.158600	-0.002800
1627302493.039763	-0.929000	0.084100	-0.010700	0.263900	0.073000	-0.012300
1627302493.045657	-0.949000	0.082600	0.005100	0.088500	0.011000	-0.020200
1627302493.067710	-0.974100	0.114700	0.019700	-0.073600	-0.043600	-0.037000
1627302493.068543	-0.995100	0.177400	0.047700	-0.163400	-0.100400	-0.069400
1627302493.079863	-0.999900	0.201400	0.056500	-0.057200	-0.150200	-0.101500
1627302493.083229	-1.004800	0.183800	0.051500	0.075700	-0.197600	-0.128300
1627302493.107945	-1.006000	0.152200	0.043100	0.132500	-0.247700	-0.153700
1627302493.111232	-1.003700	0.145600	0.061200	0.098900	-0.285200	-0.176300
1627302493.116030	-1.002900	0.149500	0.103400	0.052800	-0.311800	-0.201000
1627302493.126993	-1.004500	0.150000	0.155800	0.059500	-0.325800	-0.224200
1627302493.153193	-1.012300	0.120000	0.206900	0.115100	-0.318500	-0.226100
1627302493.154102	-1.020400	0.066000	0.255600	0.149300	-0.298400	-0.222100
1627302493.156098	-1.023100	0.008200	0.275100	0.103500	-0.273300	-0.212600
1627302493.167356	-1.028800	-0.007400	0.232500	-0.023600	-0.251300	-0.207400
1627302493.187634	-1.039600	-0.000900	0.219100	-0.150300	-0.158800	-0.193400
1627302493.188673	-1.016600	0.046900	0.235000	-0.205300	-0.115400	-0.194600
1627302493.196420	-0.996200	0.094100	0.241600	-0.168300	-0.098300	-0.202900
1627302493.208525	-0.990500	0.115800	0.249400	-0.075800	-0.077800	-0.206500
1627302493.224451	-0.992900	0.109500	0.255200	0.046100	-0.044800	-0.197700
1627302493.225350	-0.991100	0.078600	0.246200	0.139500	-0.005100	-0.187000
1627302493.248665	-0.997400	0.041500	0.216700	0.154200	0.013200	-0.185100
1627302493.249566	-1.016500	0.001800	0.174000	0.103800	0.045300	-0.175100
1627302493.265233	-1.008400	-0.020100	0.167500	0.013100	0.079500	-0.159200
1627302493.270638	-0.985600	-0.007300	0.136500	-0.133800	0.071800	-0.158600
1627302493.293991	-0.959500	0.040600	0.116700	-0.288400	0.044300	-0.167700
1627302493.295148	-0.944900	0.126500	0.109900	-0.381800	0.009800	-0.187900
1627302493.296158	-0.953400	0.173500	0.115200	-0.339700	-0.015200	-0.209600
1627302493.311239	-0.976800	0.175800	0.116900	-0.227300	-0.038400	-0.227000
1627302493.313002	-1.006300	0.123500	0.119800	-0.111200	-0.066500	-0.242300
1627302493.335389	-1.014000	0.061900	0.115100	-0.104200	-0.100400	-0.255100
1627302493.336221	-1.005000	0.019800	0.128400	-0.165300	-0.145900	-0.274000
1627302493.347315	-0.986600	0.017000	0.123700	-0.308500	-0.201500	-0.294200
1627302493.351775	-0.979100	0.049800	0.113900	-0.418500	-0.225700	-0.308500
1627302493.373876	-0.978000	0.082500	0.139000	-0.460000	-0.239400	-0.330200
1627302493.376174	-0.990200	0.102800	0.165500	-0.416600	-0.237600	-0.350400
1627302493.391325	-0.996500	0.087500	0.179300	-0.371800	-0.229300	-0.358000
1627302493.396949	-0.994900	0.063700	0.193100	-0.370500	-0.215300	-0.360500
1627302493.415424	-0.997700	0.029100	0.211400	-0.416000	-0.200000	-0.374800
1627302493.416324	-1.002800	0.010500	0.238200	-0.444400	-0.186300	-0.391300
1627302493.425116	-1.002700	0.011400	0.248900	-0.493000	-0.170700	-0.401700
1627302493.447350	-0.990500	0.023100	0.233400	-0.545200	-0.146600	-0.402000
1627302493.455600	-0.983000	0.035800	0.224100	-0.546200	-0.130400	-0.405100
1627302493.465287	-0.982700	0.044600	0.215300	-0.513800	-0.119100	-0.414800
1627302493.466618	-0.985700	0.045400	0.199600	-0.487200	-0.108400	-0.428900
1627302493.467440	-0.987200	0.041300	0.183600	-0.482300	-0.102900	-0.441100
1627302493.495600	-0.996300	0.036500	0.171100	-0.493300	-0.105300	-0.455800
1627302493.496601	-1.004800	0.045300	0.144700	-0.523900	-0.116600	-0.479000
1627302493.506067	-1.010300	0.055100	0.116700	-0.543700	-0.142000	-0.505200
1627302493.512497	-1.012500	0.057300	0.089000	-0.517400	-0.169500	-0.531200
1627302493.533844	-1.014200	0.040800	0.056200	-0.438600	-0.200300	-0.549200
1627302493.536072	-1.015000	0.016100	0.027100	-0.351600	-0.230600	-0.561400
1627302493.542403	-1.018800	-0.002000	0.026000	-0.292000	-0.267500	-0.577600
1627302493.565352	-1.024000	-0.017300	0.049600	-0.241300	-0.329200	-0.600200
1627302493.566339	-1.032700	-0.030800	0.074100	-0.203500	-0.402200	-0.622200
1627302493.574877	-1.042800	-0.048700	0.095500	-0.156100	-0.460200	-0.635700
1627302493.583643	-1.052100	-0.066200	0.137200	-0.106900	-0.520100	-0.651500
1627302493.609221	-1.060800	-0.063800	0.153400	-0.134700	-0.591900	-0.680600
1627302493.610065	-1.067400	-0.039300	0.096900	-0.283500	-0.659400	-0.726400
1627302493.617323	-1.110200	-0.016500	0.024300	-0.403800	-0.711000	-0.795400
1627302493.628180	-1.178600	-0.021900	-0.034200	-0.398600	-0.726000	-0.864700
1627302493.629073	-1.177700	-0.052200	-0.008500	-0.384000	-0.729300	-0.898600
1627302493.652201	-1.136200	-0.113600	0.085600	-0.396500	-0.798700	-0.902000
1627302493.654860	-1.082800	-0.127300	0.148300	-0.508300	-0.836800	-0.857400
1627302493.670015	-1.050800	-0.115600	0.190200	-0.555900	-0.870700	-0.827800
1627302493.675465	-1.106000	-0.138300	0.174300	-0.556200	-0.923000	-0.815300
1627302493.698826	-1.202800	-0.167500	0.193400	-0.489000	-0.966300	-0.826300
1627302493.701224	-1.263800	-0.172200	0.253900	-0.418500	-1.001800	-0.837200
1627302493.715440	-1.273800	-0.148800	0.262500	-0.363200	-1.018900	-0.829300
1627302493.716342	-1.222000	-0.139000	0.350300	-0.273100	-1.020400	-0.779200
1627302493.717260	-1.127600	-0.139800	0.509800	-0.187000	-1.091300	-0.692500
1627302493.744857	-1.013100	-0.110800	0.546300	-0.233100	-1.224700	-0.579500
1627302493.745884	-0.985400	-0.094500	0.459200	-0.229700	-1.356100	-0.460300
1627302493.761717	-1.035000	-0.141800	0.467300	-0.058400	-1.403400	-0.389200
1627302493.764201	-1.087900	-0.208000	0.490800	0.053400	-1.430600	-0.362600
1627302493.783980	-1.110000	-0.299700	0.480200	0.047300	-1.425400	-0.374200
1627302493.786284	-1.068200	-0.376500	0.476900	-0.121000	-1.394900	-0.375700
1627302493.794940	-1.006200	-0.429800	0.483500	-0.428900	-1.352100	-0.355600
1627302493.816776	-0.944200	-0.439600	0.469400	-0.916300	-1.297700	-0.327500
1627302493.817699	-0.927900	-0.412400	0.459200	-1.307000	-1.244600	-0.315600
1627302493.824977	-0.912400	-0.354600	0.486300	-1.525700	-1.224100	-0.320500
1627302493.836036	-0.885600	-0.281000	0.528800	-1.569000	-1.242500	-0.344900
1627302493.843167	-0.862500	-0.218300	0.553000	-1.444400	-1.270900	-0.362300
1627302493.870638	-0.849000	-0.182100	0.574600	-1.195800	-1.291300	-0.369900
1627302493.871538	-0.845000	-0.158900	0.565600	-0.881500	-1.295000	-0.361100
1627302493.888492	-0.837400	-0.166300	0.550200	-0.558400	-1.307500	-0.333600
1627302493.890040	-0.819500	-0.190700	0.549200	-0.255100	-1.310000	-0.301200
1627302493.905394	-0.788900	-0.218300	0.564100	0.040000	-1.308400	-0.269400
1627302493.909258	-0.748500	-0.245600	0.576700	0.268400	-1.296800	-0.230000
1627302493.910178	-0.712200	-0.273800	0.594800	0.429700	-1.273600	-0.192800
1627302493.935376	-0.673700	-0.300300	0.613900	0.510300	-1.240600	-0.167400
1627302493.936200	-0.651700	-0.318100	0.574500	0.494800	-1.205500	-0.150600
1627302493.946120	-0.631600	-0.334600	0.551100	0.439800	-1.146900	-0.142400
1627302493.951782	-0.603300	-0.345000	0.574300	0.424800	-1.101000	-0.139000
1627302493.972751	-0.578400	-0.338700	0.564900	0.360100	-1.047300	-0.140600
1627302493.974891	-0.550900	-0.330200	0.564100	0.300200	-0.990800	-0.139000
1627302493.990099	-0.526400	-0.320100	0.560700	0.267200	-0.926900	-0.134800
1627302494.009574	-0.500500	-0.314000	0.543200	0.246700	-0.852100	-0.128300
1627302494.010468	-0.487300	-0.314600	0.537600	0.257700	-0.781900	-0.123500
1627302494.017410	-0.465700	-0.322000	0.532700	0.288000	-0.696300	-0.114600
1627302494.027420	-0.442700	-0.330600	0.510900	0.287400	-0.578100	-0.094700
1627302494.030558	-0.420000	-0.347900	0.490800	0.263500	-0.480400	-0.079800
1627302494.052717	-0.399000	-0.354200	0.466400	0.211900	-0.380800	-0.062400
1627302494.054936	-0.376800	-0.363300	0.441200	0.166700	-0.262300	-0.038200
1627302494.069931	-0.366500	-0.365600	0.434100	0.144400	-0.167900	-0.019900
1627302494.074371	-0.365700	-0.372200	0.429700	0.167300	-0.054600	0.002700
1627302494.097010	-0.353900	-0.380400	0.446000	0.147800	0.089200	0.029300
1627302494.097917	-0.338500	-0.386400	0.426800	0.103500	0.192200	0.051900
1627302494.106250	-0.323600	-0.391600	0.448600	0.090400	0.286900	0.068400
1627302494.114862	-0.317500	-0.399000	0.476100	0.107800	0.402600	0.077800
1627302494.136845	-0.320200	-0.397800	0.467800	0.082400	0.492700	0.077200
1627302494.137685	-0.334000	-0.413300	0.479600	0.070800	0.589500	0.071100
1627302494.144890	-0.344100	-0.413700	0.469800	-0.027500	0.687900	0.060100
1627302494.156911	-0.366900	-0.409100	0.515100	-0.034200	0.759000	0.054000
1627302494.157820	-0.391200	-0.394200	0.540500	-0.032400	0.815900	0.047900
1627302494.183533	-0.423500	-0.378400	0.547000	-0.023600	0.872700	0.052500
1627302494.184882	-0.446800	-0.384800	0.568700	0.079100	0.919100	0.058900
1627302494.194665	-0.468900	-0.397200	0.600100	0.103500	0.954800	0.061300
1627302494.212370	-0.504200	-0.409700	0.609500	0.028100	0.968300	0.057100
1627302494.218046	-0.552700	-0.427100	0.606400	-0.075800	0.970100	0.047300
1627302494.218961	-0.601800	-0.431500	0.568000	-0.226100	0.964300	0.032900
1627302494.245240	-0.679600	-0.431600	0.566300	-0.271600	0.958500	0.037500
1627302494.247392	-0.731300	-0.420500	0.590900	-0.316800	0.954200	0.053100
1627302494.257352	-0.771000	-0.383900	0.630200	-0.347900	0.946900	0.088500
1627302494.263167	-0.779100	-0.329200	0.630400	-0.372100	0.941700	0.129400
1627302494.285143	-0.786000	-0.282500	0.600500	-0.275800	0.912100	0.166400
1627302494.286169	-0.809000	-0.252000	0.642800	-0.041000	0.881800	0.194500
1627302494.293706	-0.848800	-0.232500	0.638400	0.226000	0.866600	0.216800
1627302494.318045	-0.876800	-0.216600	0.577800	0.419000	0.851000	0.242800
1627302494.318978	-0.908100	-0.232300	0.560200	0.678600	0.863800	0.271500
1627302494.326281	-0.922000	-0.234100	0.552700	0.860700	0.882700	0.316100
1627302494.336079	-0.943200	-0.247800	0.541700	0.999300	0.901700	0.376500
1627302494.338090	-0.959800	-0.263900	0.514800	1.029000	0.913000	0.440400
1627302494.364036	-0.974200	-0.285900	0.491000	1.007300	0.936500	0.511500
1627302494.364860	-0.977500	-0.287600	0.480700	0.939800	0.970100	0.605000
1627302494.374829	-0.972200	-0.284700	0.498900	0.855500	1.009500	0.667000
1627302494.382428	-0.967900	-0.269000	0.497200	0.697900	1.066600	0.716200
1627302494.403363	-0.962000	-0.250600	0.440400	0.433700	1.154600	0.763200
1627302494.404261	-0.955800	-0.226600	0.413900	0.240300	1.214400	0.793200
1627302494.414787	-0.964200	-0.205800	0.402300	0.083000	1.266700	0.820600
1627302494.422527	-0.956100	-0.142500	0.438000	-0.053500	1.312200	0.846900
1627302494.445823	-0.865700	-0.060100	0.713300	-0.084000	1.139900	0.820600
1627302494.446733	-0.707400	0.060400	0.860100	-0.033000	0.682100	0.861900
1627302494.453639	-0.889300	0.028300	0.378100	-0.303300	0.470100	0.924500
1627302494.463697	-1.063200	0.030500	0.326000	-0.270700	0.312800	0.933000
1627302494.488202	-1.269800	-0.123700	0.201300	-0.093200	0.248700	0.920800
1627302494.489103	-1.402300	-0.203200	0.148600	-0.644200	0.269700	0.835900
1627302494.493805	-1.400300	-0.163300	0.135900	-1.011300	0.351900	0.755600
1627302494.498674	-1.366000	-0.093900	0.081800	-1.371700	0.508300	0.772400
1627302494.520910	-1.264300	0.028800	-0.074700	-1.685400	0.894700	0.902800
1627302494.536712	-1.127400	0.174600	-0.145400	-1.681100	1.152100	0.992300
1627302494.539306	-1.096900	0.292200	-0.137100	-1.124300	1.058400	0.990800
1627302494.552994	-1.160900	0.346900	-0.042500	-0.161300	0.765800	0.823400
1627302494.553905	-1.283400	0.294600	0.008200	0.920800	0.433500	0.535700
1627302494.567451	-1.397100	0.143400	0.131200	1.804500	0.151500	0.267500
1627302494.587161	-1.387300	-0.071400	0.212300	2.256800	-0.044500	0.061900
1627302494.593069	-1.250400	-0.188500	0.312300	2.459900	-0.124900	0.008200
1627302494.593970	-1.082000	-0.230600	0.362100	2.575400	-0.125200	0.104700
1627302494.603800	-0.934000	-0.244800	0.418000	2.502100	-0.091600	0.259600
1627302494.607382	-0.824800	-0.262900	0.477700	2.196300	-0.022200	0.396700
1627302494.632983	-0.755500	-0.265400	0.500100	1.730500	0.021400	0.478900
1627302494.633682	-0.725500	-0.254900	0.505000	1.228100	0.048300	0.515500
1627302494.650532	-0.752400	-0.246300	0.470900	0.659100	0.110600	0.502700
1627302494.651443	-0.801800	-0.249800	0.417600	0.122100	0.193700	0.476400
1627302494.675096	-0.863500	-0.244600	0.401900	-0.377600	0.284700	0.465100
1627302494.675927	-0.913200	-0.194500	0.380900	-0.872400	0.369900	0.482200
1627302494.688807	-0.930300	-0.102900	0.319300	-1.270900	0.413900	0.503900
1627302494.693379	-0.961200	0.014400	0.286100	-1.459700	0.406300	0.514000
1627302494.713196	-1.015300	0.129000	0.287700	-1.289300	0.375100	0.502400
1627302494.714141	-1.045300	0.205100	0.313700	-0.880000	0.366000	0.472800
1627302494.721250	-1.026500	0.269200	0.312000	-0.430700	0.369300	0.440700
1627302494.743407	-0.976300	0.315800	0.291500	0.137700	0.356800	0.412000
1627302494.754255	-0.953700	0.312100	0.307500	0.611700	0.318300	0.392100
1627302494.755154	-0.968600	0.265300	0.329300	1.097400	0.285900	0.370700
1627302494.763823	-0.991800	0.156900	0.323500	1.517700	0.297800	0.360000
1627302494.789437	-0.982900	0.060900	0.269900	1.549100	0.313100	0.361900
1627302494.790727	-0.970900	-0.009400	0.200800	1.329500	0.304300	0.352700
1627302494.796142	-0.995200	-0.039200	0.156900	0.944700	0.253600	0.313600
1627302494.805835	-1.034500	-0.016200	0.164300	0.620900	0.211400	0.263800
1627302494.809150	-1.070700	0.017100	0.190200	0.400100	0.197100	0.214700
1627302494.832819	-1.075000	0.037600	0.216700	0.229300	0.191200	0.171600
1627302494.833501	-1.046900	0.039800	0.230000	0.087900	0.173500	0.143500
1627302494.844670	-1.019200	0.047900	0.229700	-0.063300	0.138400	0.125200
1627302494.850877	-0.996600	0.093100	0.241900	-0.184500	0.093800	0.101700
1627302494.872790	-0.983300	0.144300	0.263100	-0.194300	0.074600	0.077500
1627302494.873466	-0.970600	0.181600	0.292500	-0.093200	0.076400	0.058000
1627302494.888687	-0.957000	0.193500	0.325600	0.119100	0.095300	0.040600
1627302494.900319	-0.944500	0.167800	0.328400	0.313600	0.127400	0.026200
1627302494.903668	-0.941200	0.114700	0.305800	0.427900	0.161300	0.008500
1627302494.912419	-0.959200	0.052900	0.261600	0.501800	0.200700	-0.000100
1627302494.921835	-0.997900	0.002800	0.215200	0.562000	0.264200	-0.001600
1627302494.942691	-1.016400	-0.014800	0.191000	0.574800	0.351300	0.002100
1627302494.943643	-0.975800	-0.021200	0.276400	0.449300	0.366900	0.009700
1627302494.958617	-0.943600	-0.014800	0.328200	0.226300	0.293000	0.007600
1627302494.964289	-0.947600	0.018600	0.266000	-0.041900	0.255100	0.001200
1627302494.985193	-0.968800	0.036900	0.251500	-0.138400	0.224500	-0.008900
1627302494.986095	-0.981600	0.044100	0.237200	-0.151500	0.213500	-0.010100
1627302494.992409	-0.977400	0.048600	0.246100	-0.132900	0.210200	-0.007100
1627302494.998253	-0.971900	0.040600	0.252900	-0.114900	0.202900	-0.000400
1627302495.021721	-0.964600	0.037200	0.240100	-0.171400	0.190300	0.005400
1627302495.022625	-0.961300	0.054200	0.226900	-0.227900	0.178700	0.004200
1627302495.033575	-0.965100	0.074600	0.227400	-0.187900	0.166800	-0.001600
1627302495.038569	-0.968400	0.092700	0.224500	-0.112700	0.151500	-0.008300
1627302495.060150	-0.975300	0.116800	0.224100	-0.056500	0.134100	-0.017200
1627302495.075715	-0.985100	0.131100	0.237300	0.080300	0.122200	-0.026600
1627302495.080637	-0.995800	0.113200	0.240600	0.262600	0.122200	-0.039800
1627302495.081545	-0.999500	0.086800	0.250100	0.364300	0.126500	-0.042800
1627302495.105473	-0.995800	0.058200	0.231800	0.395500	0.140200	-0.037300
1627302495.106301	-0.992400	0.024200	0.207400	0.371400	0.173200	-0.024800
1627302495.112376	-0.985700	0.007800	0.189500	0.291600	0.208000	-0.023000
1627302495.124475	-0.981400	0.006300	0.187100	0.200300	0.236800	-0.023000
1627302495.125375	-0.976100	0.008400	0.210800	0.122400	0.253900	-0.021400
1627302495.147228	-0.982100	0.013800	0.185900	0.031100	0.259100	-0.019000
1627302495.158657	-1.002100	0.019800	0.167700	-0.029700	0.285300	-0.015000
1627302495.168084	-1.020500	0.011700	0.143600	-0.088600	0.373600	-0.000700
1627302495.168995	-0.999500	-0.003500	0.201300	-0.152100	0.397700	0.006100
1627302495.194084	-0.975700	0.002300	0.214100	-0.300900	0.346700	-0.000400
1627302495.194925	-0.964000	0.039400	0.186000	-0.529000	0.275900	-0.015900
1627302495.211793	-0.984100	0.078700	0.159900	-0.641400	0.241300	-0.034900
1627302495.223036	-1.008200	0.099700	0.141700	-0.670200	0.263300	-0.053500
1627302495.223947	-1.008200	0.105500	0.194000	-0.608200	0.289900	-0.071200
1627302495.234884	-0.988200	0.108800	0.188600	-0.581300	0.274300	-0.084400
1627302495.239979	-0.976700	0.117400	0.175400	-0.587100	0.243500	-0.103600
1627302495.261903	-0.986700	0.118000	0.171500	-0.546500	0.203500	-0.128900
1627302495.262806	-0.997200	0.109700	0.153900	-0.480800	0.173800	-0.153100
1627302495.272490	-0.997300	0.101600	0.127400	-0.464000	0.170200	-0.169900
1627302495.277443	-0.987100	0.094100	0.103800	-0.441400	0.151200	-0.184800
1627302495.302013	-0.974600	0.099700	0.074300	-0.435900	0.127400	-0.206500
1627302495.302918	-0.966600	0.111700	0.050000	-0.418500	0.085900	-0.233700
1627302495.312504	-0.963100	0.136600	0.050700	-0.385800	0.028800	-0.270400
1627302495.318694	-0.971200	0.149700	0.058100	-0.309400	-0.040300	-0.308800
1627302495.341869	-0.970900	0.143800	0.040800	-0.244400	-0.100400	-0.342400
1627302495.342769	-0.967300	0.124600	0.017900	-0.211400	-0.177100	-0.374800
1627302495.360590	-0.963600	0.107400	-0.013400	-0.215100	-0.273900	-0.411200
1627302495.376732	-0.966800	0.102300	-0.036300	-0.245300	-0.365200	-0.444800
1627302495.377627	-0.973500	0.112400	-0.065200	-0.300900	-0.479200	-0.486000
1627302495.387726	-0.994800	0.117700	-0.083500	-0.293600	-0.622700	-0.530300
1627302495.391284	-1.010600	0.106800	-0.097000	-0.228800	-0.762300	-0.563000
1627302495.415529	-1.027000	0.095600	-0.115800	-0.172600	-0.934900	-0.584000
1627302495.416428	-1.081300	0.067300	-0.143800	-0.124000	-1.226900	-0.556900
1627302495.422406	-1.120700	-0.011400	-0.189700	-0.228800	-1.502100	-0.532700
1627302495.432458	-1.134200	-0.087900	-0.158900	-0.487200	-1.805700	-0.625000
1627302495.434349	-1.209500	-0.095500	-0.082200	-0.943800	-2.214600	-0.933800
1627302495.459923	-1.238200	-0.050000	-0.143100	-1.358900	-2.348700	-1.193100
1627302495.462364	-1.138800	-0.050200	-0.095300	-1.515000	-2.350600	-1.345500
1627302495.478040	-1.051000	-0.087400	0.040000	-1.548600	-2.294400	-1.442300
1627302495.502137	-1.033000	-0.104200	-0.070900	-1.728800	-2.236000	-1.496100
1627302495.503048	-1.138100	-0.092000	0.097300	-1.636500	-2.294100	-1.511600
1627302495.503962	-1.455900	-0.029300	0.301000	-1.516800	-2.210700	-1.405000
1627302495.511225	-1.663700	0.075700	0.375200	-1.493000	-2.027700	-1.295100
1627302495.523287	-1.798700	0.102300	0.517300	-1.155800	-1.933300	-1.239200
1627302495.543941	-1.746500	0.121900	0.657300	-0.591400	-1.748200	-1.257800
1627302495.544765	-1.379200	0.071500	0.881200	-0.004900	-1.698200	-1.233400
1627302495.556241	-1.026400	0.011800	0.903100	0.329800	-1.833200	-1.163100
1627302495.567084	-0.842200	-0.060400	0.889900	0.660000	-1.988000	-0.995200
1627302495.582675	-0.861100	-0.186500	0.964600	1.062600	-2.106200	-0.813100
1627302495.587025	-0.946400	-0.294600	0.960800	1.155700	-2.138600	-0.651500
1627302495.610565	-1.004400	-0.402600	0.866100	0.981000	-2.058900	-0.528500
1627302495.611398	-0.976400	-0.499500	0.802700	0.662100	-1.887500	-0.442900
1627302495.613613	-0.894300	-0.530500	0.834400	0.247700	-1.716800	-0.388300
1627302495.628669	-0.819100	-0.517000	0.805800	-0.290800	-1.555200	-0.379400
1627302495.630511	-0.761700	-0.502600	0.733400	-0.801800	-1.376800	-0.397400
1627302495.653493	-0.706200	-0.473800	0.758200	-1.019600	-1.237300	-0.422500
1627302495.654906	-0.659800	-0.427200	0.773200	-1.134400	-1.129100	-0.471300
1627302495.670577	-0.615100	-0.395500	0.830600	-1.042500	-1.036900	-0.529100
1627302495.674333	-0.585800	-0.372900	0.769500	-0.975600	-0.965700	-0.571800
1627302495.675242	-0.550700	-0.345100	0.715900	-0.856800	-0.872900	-0.612400
1627302495.701645	-0.527300	-0.343600	0.760700	-0.484200	-0.751900	-0.650000
1627302495.702555	-0.499100	-0.306400	0.705400	-0.259700	-0.636800	-0.679900
1627302495.714818	-0.453700	-0.332400	0.637000	0.040900	-0.538100	-0.698300
1627302495.719321	-0.383900	-0.386600	0.585000	0.383600	-0.443400	-0.727000
1627302495.741410	-0.322500	-0.420300	0.572900	0.618500	-0.386900	-0.746800
1627302495.742247	-0.304000	-0.448600	0.561900	0.827400	-0.345700	-0.763900
1627302495.749805	-0.294700	-0.470100	0.524000	0.910800	-0.273300	-0.780400
1627302495.763239	-0.298700	-0.493300	0.512200	0.963600	-0.219300	-0.772500
1627302495.782731	-0.295500	-0.513700	0.506600	0.927600	-0.150800	-0.751100
1627302495.783699	-0.302700	-0.528600	0.486200	0.742200	-0.079400	-0.723300
1627302495.789972	-0.308200	-0.535300	0.455100	0.529000	-0.017100	-0.701600
1627302495.803046	-0.312100	-0.526600	0.462500	0.316700	0.054400	-0.680600
1627302495.803939	-0.317000	-0.507900	0.469700	0.093700	0.166800	-0.642700
1627302495.827283	-0.307400	-0.483400	0.442600	-0.113000	0.249900	-0.601100
1627302495.842315	-0.300200	-0.465500	0.443400	-0.230300	0.331700	-0.550400
1627302495.845588	-0.299300	-0.439100	0.428600	-0.346100	0.425800	-0.481400
1627302495.869010	-0.304800	-0.413900	0.434300	-0.411500	0.508300	-0.419700
1627302495.869893	-0.313500	-0.393200	0.457400	-0.413000	0.590800	-0.364100
1627302495.870816	-0.317500	-0.362400	0.425000	-0.503100	0.697000	-0.308200
1627302495.889652	-0.313200	-0.335300	0.417200	-0.538200	0.781300	-0.261200
1627302495.890440	-0.312300	-0.315100	0.417100	-0.509800	0.867800	-0.227000
1627302495.913829	-0.302200	-0.294200	0.466300	-0.390700	0.967000	-0.186700
1627302495.916054	-0.302500	-0.287800	0.489000	-0.225800	1.022000	-0.148200
1627302495.930899	-0.302000	-0.295400	0.482800	-0.132300	1.072100	-0.101500
1627302495.935554	-0.297100	-0.309000	0.498200	-0.013200	1.101100	-0.030000
1627302495.936476	-0.306600	-0.334000	0.488000	0.072700	1.108800	0.054000
1627302495.959007	-0.328700	-0.351100	0.469100	0.075700	1.104200	0.134600
1627302495.959836	-0.370100	-0.364500	0.562400	0.221700	1.119200	0.212200
1627302495.972476	-0.402500	-0.362500	0.537600	0.174400	1.153700	0.270300
1627302495.980726	-0.429400	-0.345200	0.545700	0.099500	1.159800	0.315500
1627302495.999341	-0.462500	-0.350500	0.549400	0.140200	1.140800	0.372600
1627302496.000214	-0.492200	-0.340300	0.573100	0.133400	1.125300	0.433700
1627302496.012292	-0.533100	-0.322400	0.641200	0.217400	1.116100	0.475800
1627302496.020612	-0.593400	-0.291900	0.588000	0.188700	1.158900	0.496300
1627302496.042792	-0.623900	-0.267600	0.578100	0.189900	1.217200	0.513700
1627302496.043616	-0.643200	-0.285000	0.615100	0.312400	1.223300	0.541500
1627302496.052327	-0.643600	-0.276000	0.581400	0.224800	1.221200	0.579300
1627302496.061949	-0.653800	-0.268400	0.623200	0.264200	1.187600	0.622400
1627302496.087462	-0.671500	-0.256600	0.612500	0.249200	1.182100	0.653000
1627302496.088666	-0.687600	-0.224000	0.643600	0.247700	1.212600	0.680100
1627302496.101847	-0.691500	-0.199700	0.691200	0.284600	1.222700	0.731500
1627302496.106826	-0.705700	-0.168300	0.740100	0.312100	1.177800	0.777000
1627302496.107755	-0.756000	-0.134000	0.737400	0.237300	1.121300	0.823700
1627302496.128919	-0.855300	-0.095000	0.649500	0.110500	1.053800	0.896700
1627302496.129745	-0.937100	-0.080400	0.593800	0.147500	1.041000	0.971500
1627302496.143698	-0.974400	-0.065800	0.590700	0.266300	1.041300	1.047000
1627302496.146870	-1.003200	-0.062100	0.613500	0.489600	1.007700	1.134000
1627302496.171706	-1.008800	-0.089100	0.595100	0.632800	1.005500	1.199700
1627302496.172622	-1.007000	-0.129000	0.569100	0.710700	1.001600	1.258900
1627302496.183819	-1.020400	-0.189300	0.520900	0.659100	1.023900	1.330400
1627302496.191347	-1.015500	-0.215200	0.527300	0.445300	1.054400	1.401000
1627302496.216120	-1.015500	-0.215200	0.527300	0.445300	1.054400	1.401000
1627302496.219288	-0.886100	-0.167400	0.659500	-0.117600	0.883700	1.471800
1627302496.220194	-0.826900	0.063000	0.567300	-0.832600	0.151500	1.642300
1627302496.243516	-1.123800	0.069300	0.307100	-0.527200	0.218700	1.770500
1627302496.245120	-1.470800	-0.014200	-0.104700	-0.734300	0.161600	1.813300
1627302496.260453	-1.830300	-0.200400	-0.426900	-1.164300	0.734300	1.640100
1627302496.264231	-1.780600	-0.345700	-0.210200	-1.692700	0.728500	1.291300
1627302496.265146	-1.788000	-0.262000	-0.063100	-2.377800	0.685100	0.985300
1627302496.290353	-1.322100	0.156600	-0.103000	-2.840300	1.052000	0.931500
1627302496.291494	-0.897500	0.618500	-0.055100	-2.237600	1.067800	0.968500
1627302496.301046	-0.835200	0.700100	0.064000	-0.943200	0.801800	1.008500
1627302496.309318	-1.094000	0.434200	0.079500	0.665800	0.384300	0.933000
1627302496.331860	-1.439900	0.044700	0.093800	2.045400	-0.117200	0.645300
1627302496.332856	-1.623800	-0.219500	0.129600	2.742100	-0.363700	0.279100
1627302496.340003	-1.536500	-0.281400	0.254900	2.901000	-0.330100	0.023800
1627302496.348098	-1.206900	-0.244900	0.254400	2.733000	-0.144700	0.042100
1627302496.366589	-0.912200	-0.198700	0.272900	2.613500	-0.082100	0.228700
1627302496.369932	-0.704000	-0.194100	0.280300	2.376500	-0.121500	0.490500
1627302496.380239	-0.636600	-0.237300	0.250700	1.760200	-0.198500	0.730200
1627302496.385936	-0.696000	-0.275600	0.289200	1.056800	-0.227500	0.823700
1627302496.409382	-0.805100	-0.250500	0.311400	0.204300	-0.177400	0.788600
1627302496.414212	-0.918000	-0.151500	0.315800	-0.661900	-0.089400	0.655100
1627302496.415118	-0.989400	-0.076000	0.311300	-1.169200	-0.033900	0.547000
1627302496.437256	-1.055500	0.011700	0.294200	-1.494500	-0.034200	0.457200
1627302496.439563	-1.126200	0.178200	0.285200	-1.535400	-0.091600	0.375900
1627302496.448229	-1.144500	0.338900	0.276600	-1.256900	-0.159700	0.316400
1627302496.458015	-1.113800	0.459000	0.339400	-0.645400	-0.217400	0.273300
1627302496.476618	-1.021400	0.473400	0.452400	0.430300	-0.238800	0.262300
1627302496.481287	-0.938200	0.360100	0.496500	1.101700	-0.229300	0.270900
1627302496.493733	-0.887000	0.212900	0.501500	1.428800	-0.203400	0.268700
1627302496.497095	-0.892800	0.081200	0.451200	1.524400	-0.173100	0.226900
1627302496.518982	-0.942900	0.015600	0.421600	1.438900	-0.131600	0.171300
1627302496.520141	-1.000100	-0.035900	0.408700	1.257700	-0.078800	0.126100
1627302496.539338	-1.043800	-0.084200	0.381300	0.887900	-0.020100	0.098600
1627302496.547982	-1.050900	-0.105800	0.363600	0.489900	0.009800	0.094600
1627302496.548842	-1.040900	-0.092200	0.376100	0.163100	0.024500	0.098600
1627302496.558737	-1.015300	-0.046100	0.423200	-0.131700	0.050400	0.102900
1627302496.567393	-0.988300	0.001300	0.448500	-0.366600	0.084000	0.096200
1627302496.592041	-0.976700	0.044100	0.461200	-0.467700	0.120100	0.080600
1627302496.592945	-0.962300	0.084500	0.471900	-0.368700	0.180300	0.065900
1627302496.601123	-0.933800	0.095200	0.465200	-0.257800	0.238900	0.064100
1627302496.611264	-0.913500	0.090300	0.435400	-0.185400	0.273100	0.063800
1627302496.613402	-0.920300	0.093400	0.381100	-0.110600	0.292300	0.058900
1627302496.636467	-0.943500	0.109000	0.344100	-0.004600	0.311900	0.042400
1627302496.638671	-0.967400	0.104100	0.332900	0.094900	0.332700	0.026500
1627302496.655562	-0.975500	0.086100	0.339100	0.165500	0.353400	0.012500
1627302496.656470	-0.965200	0.067300	0.336700	0.185100	0.364400	0.007900
1627302496.680414	-0.951900	0.053100	0.327300	0.165800	0.362000	0.004500
1627302496.681466	-0.939900	0.055900	0.300700	0.129500	0.355000	-0.004900
1627302496.689886	-0.944200	0.085600	0.272700	0.126400	0.339700	-0.020200
1627302496.711822	-0.960600	0.106000	0.249000	0.178300	0.333900	-0.036700
1627302496.712731	-0.967200	0.102100	0.261200	0.314900	0.336000	-0.045900
1627302496.719927	-0.955100	0.085200	0.275600	0.408600	0.339100	-0.043400
1627302496.728679	-0.933100	0.061900	0.279300	0.403700	0.333600	-0.041900
1627302496.733159	-0.920800	0.051900	0.282000	0.393100	0.313700	-0.044300
1627302496.759684	-0.928200	0.057500	0.267200	0.361600	0.295400	-0.056900
1627302496.760588	-0.947600	0.070900	0.254000	0.375000	0.277100	-0.063600
1627302496.770019	-0.970600	0.054900	0.237500	0.422400	0.262700	-0.059000
1627302496.787439	-0.977200	0.016100	0.239400	0.460200	0.255100	-0.038800
1627302496.802565	-0.963900	-0.010400	0.237700	0.398900	0.252600	-0.014100
1627302496.806899	-0.947500	-0.019400	0.229600	0.248300	0.243500	0.002700
1627302496.807808	-0.945700	-0.000100	0.234700	0.072700	0.214200	-0.002800
1627302496.830172	-0.956700	0.035500	0.240500	-0.021100	0.194600	-0.014700
1627302496.831287	-0.965100	0.072400	0.245800	-0.086800	0.182700	-0.018100
1627302496.838597	-0.971100	0.092400	0.272300	-0.069700	0.180600	-0.015000
1627302496.846986	-0.962900	0.074200	0.275100	-0.022900	0.194900	-0.006500
1627302496.871742	-0.950200	0.049100	0.271100	-0.035800	0.204100	0.002400
1627302496.872649	-0.960600	0.019300	0.234600	-0.142400	0.193400	-0.000400
1627302496.874996	-0.988800	0.017200	0.217900	-0.252300	0.169900	-0.015600
1627302496.898870	-1.017100	0.038800	0.221400	-0.327500	0.149100	-0.035800
1627302496.910648	-1.030500	0.065700	0.238800	-0.377600	0.130500	-0.051700
1627302496.911557	-1.024200	0.092300	0.264200	-0.392500	0.123400	-0.053800
1627302496.918879	-1.007900	0.104500	0.272200	-0.376600	0.133200	-0.048300
1627302496.944398	-0.976000	0.102700	0.273200	-0.317400	0.154600	-0.053200
1627302496.945300	-0.956200	0.079300	0.262300	-0.274600	0.165000	-0.067900
1627302496.948724	-0.960000	0.065300	0.250600	-0.294500	0.168600	-0.088000
1627302496.966773	-0.967800	0.058600	0.234600	-0.315600	0.178100	-0.107900
1627302496.982939	-0.975500	0.073100	0.230800	-0.301500	0.184800	-0.125600
1627302496.984376	-0.981900	0.089200	0.221300	-0.260300	0.186100	-0.144500
1627302496.988575	-0.982500	0.100800	0.231900	-0.216300	0.184500	-0.165900
1627302497.002974	-0.977500	0.108000	0.246300	-0.173800	0.187000	-0.185100
1627302497.003728	-0.969400	0.109900	0.233500	-0.162200	0.188800	-0.201900
1627302497.026465	-0.971900	0.096900	0.216200	-0.132000	0.176900	-0.227000
1627302497.028635	-0.982900	0.067000	0.194800	-0.136900	0.160700	-0.250500
1627302497.043754	-0.988000	0.044800	0.174200	-0.214500	0.141200	-0.263000
1627302497.048014	-0.986900	0.047600	0.163100	-0.296600	0.121600	-0.272800
1627302497.070184	-0.970600	0.059800	0.147000	-0.367200	0.103900	-0.287500
1627302497.071024	-0.954700	0.073400	0.138300	-0.405300	0.081300	-0.312800
1627302497.083794	-0.952400	0.079700	0.146600	-0.399200	0.051400	-0.343100
1627302497.089656	-0.962600	0.062100	0.168600	-0.375700	0.028500	-0.373900
1627302497.109358	-0.959800	0.044800	0.180100	-0.403800	0.016500	-0.390400
1627302497.110268	-0.954200	0.046000	0.175500	-0.456100	-0.001500	-0.402600
1627302497.117550	-0.959100	0.057000	0.156000	-0.490900	-0.034500	-0.423700
1627302497.141825	-0.976400	0.075800	0.136600	-0.483500	-0.075700	-0.450300
1627302497.142728	-1.002100	0.093900	0.117300	-0.422800	-0.122700	-0.467100
1627302497.152567	-1.011800	0.108600	0.089000	-0.301200	-0.187500	-0.475000
1627302497.162601	-1.002600	0.119500	0.052500	-0.273100	-0.248000	-0.497600
1627302497.184635	-0.996600	0.122800	0.023200	-0.238900	-0.326500	-0.549800
1627302497.189437	-1.020400	0.092300	-0.022700	-0.161600	-0.458700	-0.627700
1627302497.190353	-1.066400	0.036500	-0.061600	-0.166500	-0.601300	-0.669000
1627302497.201189	-1.096100	-0.003500	-0.077900	-0.257500	-0.748300	-0.699500
1627302497.215182	-1.078700	-0.004800	-0.056200	-0.352200	-0.891200	-0.771900
1627302497.217397	-1.065200	-0.037600	-0.028800	-0.379700	-1.018000	-0.840600
1627302497.228777	-1.079800	-0.063000	-0.001700	-0.429200	-1.165800	-0.890700
1627302497.255568	-1.100500	-0.070100	-0.046500	-0.687600	-1.308700	-0.960600
1627302497.256479	-1.130700	-0.081700	-0.034500	-0.918800	-1.422000	-1.035200
1627302497.257306	-1.215900	-0.107700	0.000400	-0.985700	-1.521600	-1.107900
1627302497.267433	-1.373200	-0.132600	-0.053600	-1.030000	-1.576900	-1.184500
1627302497.269416	-1.507300	-0.092700	-0.116500	-1.142400	-1.600700	-1.265800
1627302497.293912	-1.640700	-0.012100	-0.030400	-1.033000	-1.532600	-1.324400
1627302497.297472	-1.613400	0.075100	0.259000	-0.844000	-1.358500	-1.376900
1627302497.312662	-1.480600	0.146200	0.425400	-0.547400	-1.282200	-1.379100
1627302497.314304	-1.337900	0.104100	0.403300	-0.099300	-1.250400	-1.364700
1627302497.336454	-1.187400	-0.007800	0.671100	0.491100	-1.318200	-1.332700
1627302497.339904	-1.042700	-0.064800	0.840600	0.735100	-1.414100	-1.230900
1627302497.349926	-0.928200	-0.053300	0.864100	0.648400	-1.551200	-1.106600
1627302497.358504	-0.940100	-0.060900	0.805300	0.811500	-1.695400	-0.925500
1627302497.376503	-1.042500	-0.153400	0.853100	1.117200	-1.811500	-0.746200
1627302497.378857	-1.132100	-0.266100	0.857900	1.144700	-1.879600	-0.619500
1627302497.391251	-1.154100	-0.415900	0.864300	1.015500	-1.953200	-0.531800
1627302497.393343	-1.081900	-0.524900	0.853800	0.496300	-1.975500	-0.456400
1627302497.417722	-0.972500	-0.565800	0.802700	-0.170500	-1.948300	-0.395600
1627302497.418553	-0.873200	-0.567500	0.757800	-0.842700	-1.896700	-0.330800
1627302497.436855	-0.825100	-0.522900	0.759300	-1.435600	-1.822800	-0.274000
1627302497.448339	-0.799200	-0.456500	0.790300	-1.785900	-1.752500	-0.238000
1627302497.449245	-0.745600	-0.388700	0.807900	-1.990200	-1.658800	-0.213900
1627302497.458698	-0.647000	-0.323000	0.847500	-2.059300	-1.587000	-0.214500
1627302497.464782	-0.558700	-0.257600	0.833600	-1.997600	-1.581800	-0.242600
1627302497.488241	-0.507600	-0.218300	0.790400	-1.773100	-1.572300	-0.282900
1627302497.489163	-0.471700	-0.203400	0.760900	-1.278000	-1.541500	-0.320500
1627302497.498664	-0.450700	-0.178000	0.726100	-0.849800	-1.523100	-0.347600
1627302497.506202	-0.435700	-0.174200	0.690700	-0.351300	-1.486500	-0.344600
1627302497.528085	-0.382400	-0.205800	0.661300	0.200300	-1.399700	-0.346700
1627302497.528983	-0.334700	-0.239900	0.630200	0.578400	-1.328900	-0.352500
1627302497.541239	-0.303800	-0.281200	0.595800	0.863400	-1.251900	-0.351300
1627302497.556110	-0.290000	-0.329800	0.572000	1.152100	-1.122100	-0.364400
1627302497.557324	-0.273100	-0.378100	0.524200	1.218600	-1.017300	-0.365400
1627302497.571900	-0.257100	-0.422600	0.498900	1.214400	-0.914700	-0.363500
1627302497.573094	-0.228500	-0.468400	0.425200	1.047900	-0.792900	-0.354100
1627302497.594281	-0.205800	-0.492900	0.398900	0.843000	-0.715600	-0.343100
1627302497.597525	-0.217500	-0.487500	0.396700	0.652700	-0.638600	-0.349200
1627302497.607426	-0.206100	-0.479600	0.394700	0.416300	-0.526200	-0.327800
1627302497.614431	-0.184600	-0.468500	0.359100	0.219900	-0.428200	-0.278600
1627302497.637747	-0.161700	-0.447100	0.344500	0.080600	-0.321300	-0.227600
1627302497.638850	-0.142600	-0.429300	0.347700	-0.049800	-0.175600	-0.158300
1627302497.649883	-0.133300	-0.398300	0.335300	-0.161300	-0.059200	-0.085900
1627302497.656897	-0.117300	-0.372800	0.320300	-0.234000	0.047700	-0.020500
1627302497.676637	-0.108900	-0.347000	0.338500	-0.227900	0.151800	0.040300
1627302497.677466	-0.116100	-0.331500	0.364700	-0.127700	0.258800	0.093700
1627302497.686199	-0.130700	-0.322500	0.383100	-0.059000	0.350100	0.122100
1627302497.707267	-0.155500	-0.314100	0.425800	0.074500	0.457300	0.142000
1627302497.719418	-0.179900	-0.333600	0.456200	0.215000	0.565700	0.157900
1627302497.720316	-0.203500	-0.341900	0.458600	0.246700	0.647900	0.167900
1627302497.727630	-0.245700	-0.363500	0.504300	0.347200	0.720900	0.169500
1627302497.750196	-0.302100	-0.376800	0.542700	0.425100	0.791400	0.160900
1627302497.751095	-0.343900	-0.374600	0.577800	0.449300	0.853700	0.144700
1627302497.761179	-0.377300	-0.389300	0.600100	0.471200	0.927600	0.131900
1627302497.766839	-0.384200	-0.398300	0.636800	0.437300	0.982000	0.133700
