1627302487.778464	-0.914900	-0.099600	-0.443200	0.366400	0.401100	0.320400
1627302487.779299	-0.909200	-0.106400	-0.429200	0.333800	0.417200	0.347600
1627302487.779995	-0.906500	-0.104400	-0.408200	0.317900	0.445300	0.375400
1627302487.781280	-0.904200	-0.114100	-0.383300	0.326400	0.450800	0.394300
1627302487.781915	-0.914600	-0.108800	-0.359100	0.342300	0.460600	0.401300
1627302487.782562	-0.923200	-0.097500	-0.351000	0.387800	0.488400	0.422400
1627302487.783189	-0.914800	-0.090600	-0.358400	0.461100	0.509500	0.450500
1627302487.783753	-0.894500	-0.090800	-0.380700	0.516400	0.508900	0.476800
1627302487.784316	-0.872700	-0.105700	-0.386200	0.502100	0.476200	0.496300
1627302487.784877	-0.867900	-0.105600	-0.377700	0.453800	0.441700	0.505200
1627302487.785442	-0.878500	-0.101700	-0.388800	0.441000	0.435900	0.509500
1627302487.786017	-0.887500	-0.087200	-0.401000	0.413200	0.444100	0.499400
1627302487.786516	-0.885700	-0.092800	-0.399500	0.397900	0.432500	0.485600
1627302487.787016	-0.891800	-0.099400	-0.407500	0.408300	0.398000	0.473400
1627302487.787516	-0.890900	-0.115800	-0.421800	0.455300	0.365300	0.479800
1627302487.788019	-0.898600	-0.137000	-0.408000	0.471200	0.374200	0.500900
1627302487.788544	-0.884500	-0.155900	-0.401500	0.484000	0.389100	0.526300
1627302487.788996	-0.881600	-0.175300	-0.417000	0.499300	0.346100	0.549800
1627302487.789453	-0.894500	-0.166700	-0.447300	0.529900	0.314600	0.566900
1627302487.789902	-0.887500	-0.156600	-0.460800	0.550000	0.282200	0.574500
1627302487.790332	-0.882300	-0.157000	-0.421800	0.467200	0.207100	0.559900
1627302487.790786	-0.889000	-0.155800	-0.374900	0.330400	0.102300	0.529600
1627302487.791196	-0.908400	-0.144800	-0.363400	0.205500	0.044900	0.497500
1627302487.791602	-0.906600	-0.099000	-0.410800	0.101600	0.035500	0.457800
1627302487.792051	-0.899300	-0.065700	-0.418500	0.056700	0.014400	0.419400
1627302487.792458	-0.909900	-0.023900	-0.379800	0.002700	-0.031400	0.374100
1627302487.792863	-0.929600	0.012900	-0.341700	-0.042500	-0.045500	0.339300
1627302487.793313	-0.926000	0.038000	-0.322800	-0.092300	-0.072100	0.310900
1627302487.793723	-0.929000	0.072100	-0.330600	-0.129000	-0.105300	0.277000
1627302487.794131	-0.928600	0.097700	-0.326200	-0.179100	-0.125800	0.254400
1627302487.794572	-0.925800	0.111200	-0.324600	-0.190100	-0.175000	0.238500
1627302487.794977	-0.929900	0.153900	-0.332500	-0.176900	-0.208300	0.218100
1627302487.795431	-0.929200	0.190100	-0.331900	-0.167100	-0.232400	0.203400
1627302487.795841	-0.936600	0.233600	-0.368500	-0.101200	-0.270000	0.183600
1627302487.796247	-0.964400	0.269800	-0.398800	-0.019000	-0.276100	0.168000
1627302487.796700	-0.972500	0.296400	-0.388400	0.021300	-0.262300	0.158800
1627302487.797108	-0.971700	0.302200	-0.364700	0.030200	-0.267800	0.151800
1627302487.797511	-0.956100	0.301400	-0.360600	0.052200	-0.274300	0.150300
1627302487.797961	-0.932500	0.287000	-0.365600	0.115400	-0.269700	0.151200
1627302487.798368	-0.927700	0.273400	-0.367400	0.171900	-0.272700	0.145700
1627302487.798773	-0.920700	0.289300	-0.349000	0.177100	-0.267800	0.129800
1627302487.799223	-0.903000	0.277500	-0.342800	0.241500	-0.298700	0.125800
1627302487.799628	-0.935900	0.245100	-0.323200	0.269900	-0.340200	0.104100
1627302487.800078	-0.960200	0.216800	-0.308700	0.274800	-0.381500	0.071200
1627302487.800484	-0.972500	0.196200	-0.292700	0.247000	-0.422700	0.057700
1627302487.800889	-0.978000	0.169200	-0.263300	0.212800	-0.471900	0.055900
1627302487.801329	-0.986800	0.153800	-0.262300	0.235700	-0.503900	0.043100
1627302487.801737	-0.996800	0.137900	-0.266600	0.277000	-0.521000	0.015300
1627302487.802142	-0.993200	0.115000	-0.265500	0.317900	-0.552500	-0.018300
1627302487.802596	-0.987700	0.099400	-0.258500	0.325500	-0.586700	-0.041500
1627302487.803005	-0.973100	0.088900	-0.260900	0.298300	-0.618800	-0.056200
1627302487.803416	-0.964500	0.095800	-0.252800	0.261400	-0.640500	-0.058700
1627302487.803869	-0.948200	0.109300	-0.254600	0.211900	-0.644400	-0.048000
1627302487.804276	-0.937600	0.132200	-0.261000	0.219500	-0.638600	-0.042200
1627302487.804708	-0.939100	0.158900	-0.272200	0.247300	-0.638900	-0.051600
1627302487.805135	-0.936600	0.182000	-0.271700	0.301100	-0.626400	-0.058000
1627302487.805545	-0.928700	0.189500	-0.261400	0.337400	-0.611800	-0.055900
1627302487.806001	-0.927000	0.180300	-0.253300	0.365200	-0.585500	-0.043400
1627302487.806410	-0.934000	0.154300	-0.265600	0.422900	-0.552800	-0.028400
1627302487.806817	-0.952300	0.130400	-0.283900	0.488300	-0.495100	-0.024700
1627302487.807259	-0.959700	0.111300	-0.269500	0.513700	-0.454200	-0.028400
1627302487.807669	-0.958600	0.075300	-0.251700	0.507200	-0.422700	-0.027800
1627302487.808075	-0.954100	0.049800	-0.266800	0.475500	-0.412600	-0.015300
1627302487.808530	-0.949500	0.032300	-0.278100	0.429400	-0.409300	-0.009200
1627302487.808937	-0.957600	0.022500	-0.288300	0.374100	-0.392200	-0.005200
1627302487.809344	-0.973300	0.025800	-0.299700	0.304700	-0.364400	-0.014400
1627302487.809798	-0.979400	0.023900	-0.294700	0.251000	-0.334700	-0.025700
1627302487.810205	-0.978300	0.022000	-0.292000	0.228400	-0.334700	-0.035700
1627302487.810705	-0.982500	0.030900	-0.291300	0.210100	-0.326500	-0.038500
1627302487.811201	-0.978400	0.019900	-0.272300	0.186200	-0.307200	-0.038500
1627302487.811757	-0.958900	0.002400	-0.248700	0.130700	-0.294100	-0.039400
1627302487.812370	-0.942100	0.012000	-0.233900	0.069600	-0.304500	-0.055000
1627302487.812948	-0.946000	0.026000	-0.234100	0.027100	-0.293500	-0.064500
1627302487.813379	-0.946400	0.039400	-0.222000	0.022200	-0.249500	-0.054700
1627302487.813840	-0.959800	0.074500	-0.230800	0.034400	-0.209500	-0.047700
1627302487.814306	-0.954200	0.105200	-0.253700	0.075700	-0.158800	-0.054100
1627302487.814769	-0.955600	0.112800	-0.269500	0.136500	-0.114800	-0.062300
1627302487.815233	-0.961800	0.114000	-0.275300	0.182300	-0.048500	-0.071500
1627302487.815700	-0.961700	0.110000	-0.279800	0.224700	0.039100	-0.072400
1627302487.816165	-0.955200	0.099200	-0.256500	0.270200	0.098700	-0.050400
1627302487.816625	-0.977700	0.081300	-0.230200	0.265700	0.187600	-0.020800
1627302487.817088	-0.967200	0.038500	-0.210400	0.289200	0.285900	0.015600
1627302487.817550	-0.967400	-0.037400	-0.182000	0.397600	0.324400	0.034200
1627302487.818012	-0.961700	-0.110000	-0.143800	0.447700	0.355500	0.021100
1627302487.818473	-0.946000	-0.167800	-0.143100	0.379900	0.329600	-0.026000
1627302487.818936	-0.950600	-0.196500	-0.169900	0.263200	0.281900	-0.095600
1627302487.819397	-0.974400	-0.209400	-0.179100	0.007300	0.218400	-0.189400
1627302487.819867	-0.999100	-0.194100	-0.160500	-0.289600	0.191500	-0.246200
1627302487.820331	-1.018900	-0.154200	-0.138700	-0.592000	0.161000	-0.283800
1627302487.820796	-1.043500	-0.108900	-0.117200	-0.839100	0.123100	-0.303600
1627302487.821471	-1.048000	-0.073400	-0.110100	-0.999100	0.076100	-0.315200
1627302487.821951	-1.040900	-0.042700	-0.122100	-1.041600	0.025400	-0.332300
1627302487.822375	-1.027200	-0.017500	-0.147500	-1.008000	-0.034800	-0.351600
1627302487.822822	-0.997400	0.009900	-0.166000	-0.988500	-0.108100	-0.363200
1627302487.823243	-0.983800	0.050200	-0.190900	-0.991800	-0.170100	-0.356100
1627302487.823663	-0.998400	0.096100	-0.192300	-0.983900	-0.231800	-0.363500
1627302487.824107	-0.995000	0.131700	-0.170500	-0.977200	-0.264800	-0.375100
1627302487.824527	-0.985000	0.172400	-0.169300	-0.959100	-0.295900	-0.375100
1627302487.824962	-0.992600	0.219400	-0.175800	-0.862300	-0.316400	-0.380900
1627302487.825465	-1.005100	0.237700	-0.181500	-0.682100	-0.308800	-0.396200
1627302487.825888	-1.001500	0.232300	-0.176900	-0.491200	-0.293800	-0.403500
1627302487.826310	-0.983500	0.213500	-0.173500	-0.346400	-0.286200	-0.409300
1627302487.826752	-0.969100	0.177000	-0.179100	-0.193100	-0.277600	-0.413000
1627302487.827159	-0.957900	0.143900	-0.188400	-0.076400	-0.295000	-0.423000
1627302487.827591	-0.961800	0.111100	-0.207500	0.011200	-0.319800	-0.442300
1627302487.828025	-0.966300	0.082000	-0.213300	0.033800	-0.338400	-0.473700
1627302487.828447	-0.979000	0.048000	-0.212600	-0.037900	-0.347600	-0.513700
1627302487.828918	-0.978900	0.022900	-0.218500	-0.154000	-0.345400	-0.542500
1627302487.829377	-0.986100	0.002100	-0.223900	-0.278900	-0.344500	-0.569000
1627302487.829841	-0.990500	-0.007800	-0.235200	-0.403900	-0.338700	-0.593200
1627302487.830425	-0.994000	-0.003200	-0.237400	-0.509200	-0.325900	-0.612400
1627302487.831069	-0.995800	0.004300	-0.236700	-0.581600	-0.306300	-0.614200
1627302487.831946	-1.000900	0.016200	-0.239700	-0.621000	-0.269400	-0.600500
1627302487.832720	-1.022100	0.044800	-0.262700	-0.625900	-0.193300	-0.565400
1627302487.833317	-1.054200	0.077900	-0.280300	-0.587700	-0.089800	-0.526900
1627302487.833811	-1.084700	0.090200	-0.293200	-0.508300	0.050100	-0.466700
1627302487.834412	-1.089800	0.085800	-0.294400	-0.425500	0.220200	-0.367700
1627302487.835038	-1.063600	0.073700	-0.292200	-0.381600	0.400800	-0.238600
1627302487.835600	-1.037600	0.056900	-0.301900	-0.354100	0.583100	-0.089800
1627302487.836031	-1.012300	0.049300	-0.327100	-0.318300	0.774900	0.069000
1627302487.836454	-0.991300	0.049200	-0.344700	-0.234300	1.044000	0.247400
1627302487.836909	-0.970500	0.058300	-0.343000	-0.148500	1.282500	0.362800
1627302487.837328	-0.950300	0.058300	-0.333600	-0.037600	1.525400	0.447100
1627302487.837870	-0.929400	0.033400	-0.326000	0.074800	1.754400	0.504600
1627302487.838354	-0.907800	0.003900	-0.337300	0.184100	1.939500	0.527500
1627302487.838785	-0.901000	-0.023800	-0.366100	0.297100	2.050100	0.517400
1627302487.839214	-0.893200	-0.061500	-0.411900	0.399700	2.084600	0.470100
1627302487.839685	-0.899400	-0.098900	-0.446000	0.444300	2.005200	0.375100
1627302487.840107	-0.947900	-0.129200	-0.462600	0.411600	1.843900	0.283100
1627302487.840562	-1.006300	-0.169100	-0.491700	0.324000	1.661000	0.210400
1627302487.840984	-1.052200	-0.200900	-0.531400	0.204900	1.434300	0.153300
1627302487.841404	-1.080700	-0.254600	-0.584700	0.053400	1.179300	0.144200
1627302487.841857	-1.107300	-0.315800	-0.649300	-0.158600	0.926400	0.188700
1627302487.842284	-1.135600	-0.319100	-0.689200	-0.302500	0.762400	0.307600
1627302487.842705	-1.171500	-0.318400	-0.647500	-0.279500	0.836600	0.472200
1627302487.843158	-1.190700	-0.295200	-0.563700	-0.273700	1.059300	0.604700
1627302487.843579	-1.186400	-0.222800	-0.495500	-0.380000	1.332000	0.665200
1627302487.844012	-1.157100	-0.108600	-0.453400	-0.596300	1.534500	0.649600
1627302487.844447	-1.112400	-0.006500	-0.461300	-0.791100	1.637800	0.605400
1627302487.844881	-1.035600	0.063400	-0.520100	-0.852200	1.683000	0.560500
1627302487.845341	-0.985500	0.080300	-0.612700	-0.731600	1.696700	0.529300
1627302487.845782	-0.991600	0.072100	-0.660900	-0.515300	1.722700	0.530800
1627302487.846251	-0.978500	0.052700	-0.673100	-0.260600	1.788600	0.540600
1627302487.846715	-0.965300	0.049700	-0.661600	0.023100	1.837500	0.526600
1627302487.847178	-0.947800	0.042800	-0.624300	0.280600	1.884800	0.497800
1627302487.847630	-0.910900	0.058300	-0.584600	0.464500	1.891900	0.487200
1627302487.848083	-0.858300	0.069000	-0.576300	0.572900	1.842700	0.487800
1627302487.848587	-0.816300	0.074800	-0.544200	0.688400	1.796600	0.491100
1627302487.849010	-0.748200	0.041900	-0.482800	0.868600	1.796000	0.500900
1627302487.849467	-0.687400	-0.025100	-0.444200	0.979800	1.727600	0.484400
1627302487.849891	-0.632100	-0.065800	-0.449200	0.940700	1.640800	0.414200
1627302487.850312	-0.595700	-0.087500	-0.481200	0.857900	1.565700	0.340900
1627302487.850787	-0.572000	-0.102700	-0.533800	0.806300	1.515300	0.268800
1627302487.851196	-0.547000	-0.119500	-0.602300	0.760500	1.477100	0.182900
1627302487.851648	-0.558500	-0.131300	-0.661600	0.725300	1.398600	0.094100
1627302487.852056	-0.554600	-0.156600	-0.674700	0.714900	1.358900	0.059200
1627302487.852462	-0.567100	-0.160200	-0.664600	0.684400	1.321900	0.062300
1627302487.852935	-0.568400	-0.182300	-0.634600	0.616300	1.309700	0.079400
1627302487.853422	-0.565800	-0.188700	-0.601400	0.455000	1.264800	0.043700
1627302487.853834	-0.570800	-0.177100	-0.568400	0.277300	1.168600	0.018600
1627302487.854275	-0.559800	-0.177000	-0.548000	0.082100	1.037900	-0.004000
1627302487.854682	-0.554900	-0.172900	-0.527000	-0.099300	0.861300	-0.018300
1627302487.855160	-0.547200	-0.126200	-0.507000	-0.198900	0.714100	-0.044600
1627302487.855613	-0.548200	-0.121100	-0.495600	-0.242900	0.591300	-0.063500
1627302487.856021	-0.538500	-0.116900	-0.496800	-0.257200	0.486600	-0.064500
1627302487.856466	-0.516500	-0.115100	-0.513400	-0.263700	0.376000	-0.080000
1627302487.856878	-0.497600	-0.109600	-0.535900	-0.278600	0.259000	-0.113300
1627302487.857286	-0.490100	-0.100800	-0.562300	-0.296300	0.113300	-0.151500
1627302487.857779	-0.486600	-0.095100	-0.575600	-0.288400	-0.026900	-0.186300
1627302487.858189	-0.480600	-0.104000	-0.569900	-0.260900	-0.142900	-0.224500
1627302487.858598	-0.474500	-0.097000	-0.558600	-0.222400	-0.255900	-0.264800
1627302487.859040	-0.475500	-0.084200	-0.542600	-0.189400	-0.374700	-0.301200
1627302487.859456	-0.478600	-0.074500	-0.523700	-0.203200	-0.502100	-0.340900
1627302487.859865	-0.500600	-0.072100	-0.509200	-0.253900	-0.637700	-0.383600
1627302487.860312	-0.540500	-0.068800	-0.505600	-0.297900	-0.768100	-0.431000
1627302487.860747	-0.570100	-0.068000	-0.511500	-0.265500	-0.870200	-0.462100
1627302487.861196	-0.579600	-0.083300	-0.512100	-0.194000	-0.936100	-0.484700
1627302487.861621	-0.585800	-0.096200	-0.507000	-0.126500	-0.996300	-0.504900
1627302487.862042	-0.590500	-0.111600	-0.508300	-0.081300	-1.048200	-0.536000
1627302487.862625	-0.592700	-0.130500	-0.508200	-0.036700	-1.097700	-0.586100
1627302487.863062	-0.602700	-0.156500	-0.510900	-0.046200	-1.161800	-0.651200
1627302487.863488	-0.628900	-0.159100	-0.514900	-0.142700	-1.255300	-0.740700
1627302487.863940	-0.654900	-0.149700	-0.531500	-0.249300	-1.347200	-0.816400
1627302487.864364	-0.698500	-0.138500	-0.554700	-0.339400	-1.451400	-0.860700
1627302487.864785	-0.739000	-0.145000	-0.570800	-0.445700	-1.557400	-0.869900
1627302487.865235	-0.799100	-0.138300	-0.583500	-0.530600	-1.635300	-0.857700
1627302487.865655	-0.841200	-0.130700	-0.598400	-0.594800	-1.656900	-0.818900
1627302487.866076	-0.874000	-0.111900	-0.605200	-0.675700	-1.663700	-0.766300
1627302487.866521	-0.897600	-0.099100	-0.594800	-0.816500	-1.644400	-0.677800
1627302487.866940	-0.900800	-0.102200	-0.585300	-0.934700	-1.618800	-0.601400
1627302487.867385	-0.908100	-0.091100	-0.569800	-1.064500	-1.620300	-0.532100
1627302487.867806	-0.918000	-0.064000	-0.551900	-1.181800	-1.648100	-0.473700
1627302487.868229	-0.916600	-0.018800	-0.559200	-1.240700	-1.671600	-0.433100
1627302487.868679	-0.923700	0.007400	-0.571700	-1.205600	-1.694200	-0.397700
1627302487.869102	-0.928800	0.075400	-0.557900	-1.141200	-1.675900	-0.356100
1627302487.869532	-0.918000	0.136600	-0.549100	-0.946000	-1.629200	-0.312200
1627302487.869990	-0.931300	0.160900	-0.538100	-0.767000	-1.570800	-0.270300
1627302487.870413	-0.948000	0.188000	-0.519500	-0.597200	-1.509700	-0.241300
1627302487.870830	-0.965500	0.203200	-0.499000	-0.454300	-1.470300	-0.221400
1627302487.871281	-0.968600	0.208400	-0.475800	-0.338800	-1.444100	-0.197900
1627302487.871689	-0.953400	0.194500	-0.457200	-0.232200	-1.436700	-0.180800
1627302487.872134	-0.933500	0.178000	-0.433100	-0.096300	-1.446500	-0.163400
1627302487.872544	-0.911300	0.128800	-0.417200	0.063200	-1.478900	-0.144500
1627302487.872952	-0.901400	0.061200	-0.400100	0.204600	-1.509400	-0.135600
1627302487.874695	-0.904100	-0.005200	-0.387900	0.320600	-1.547300	-0.139900
1627302487.875104	-0.930300	-0.059800	-0.364900	0.396400	-1.550000	-0.143900
1627302487.875537	-0.968000	-0.130400	-0.355200	0.426300	-1.536000	-0.127700
1627302487.877747	-1.010000	-0.203100	-0.356000	0.425400	-1.486500	-0.111500
1627302487.878191	-1.020600	-0.299100	-0.357400	0.408300	-1.384200	-0.106000
1627302487.878599	-1.029500	-0.377100	-0.382700	0.385100	-1.311200	-0.095600
1627302487.879010	-1.037600	-0.407100	-0.420400	0.428400	-1.234800	-0.101400
1627302487.880731	-1.066300	-0.415400	-0.449800	0.476700	-1.157300	-0.114900
1627302487.881139	-1.121500	-0.389500	-0.507400	0.479100	-1.044200	-0.097400
1627302487.881582	-1.129200	-0.318600	-0.596400	0.413800	-0.902200	-0.047000
1627302487.883270	-1.110700	-0.226600	-0.653300	0.237200	-0.858200	0.008500
1627302487.884538	-1.097800	-0.144000	-0.581900	-0.132000	-0.865300	0.080900
1627302487.884951	-1.129800	-0.139200	-0.458400	-0.559000	-0.814300	0.143200
1627302487.885404	-1.164700	-0.117700	-0.406900	-0.822300	-0.662500	0.212300
1627302487.885813	-1.186900	-0.031600	-0.373300	-0.969500	-0.500000	0.221100
1627302487.886233	-1.186000	0.071700	-0.378400	-1.019900	-0.438900	0.176800
1627302487.888798	-1.198100	0.112700	-0.371600	-0.820500	-0.361900	0.109000
1627302487.889205	-1.148700	0.078500	-0.272500	-0.574000	-0.193000	0.067500
1627302487.889689	-1.055800	0.088100	-0.131600	-0.498800	-0.124600	0.083400
1627302487.890143	-1.013200	0.078700	-0.069300	-0.523000	-0.132500	0.102600
1627302487.890551	-0.973500	0.028700	-0.088000	-0.379400	-0.130100	0.093500
1627302487.893094	-0.930400	-0.020500	-0.122300	-0.153700	-0.167700	0.049200
1627302487.893548	-0.892500	-0.013200	-0.133800	-0.039200	-0.314900	-0.006400
1627302487.893957	-0.907100	0.052700	-0.137500	-0.118600	-0.509700	-0.047700
1627302487.894363	-0.908800	0.169900	-0.119500	-0.376100	-0.671300	-0.022300
1627302487.896484	-0.879000	0.318400	-0.091900	-0.664700	-0.819100	0.090100
1627302487.896938	-0.856400	0.459700	-0.073500	-0.684200	-0.911400	0.199700
1627302487.897346	-0.863500	0.544300	-0.060900	-0.412100	-0.952000	0.312100
1627302487.897824	-0.882900	0.558500	-0.089800	0.050000	-0.918700	0.431300
1627302487.900029	-0.925400	0.549000	-0.166700	0.616300	-0.821600	0.526300
1627302487.900441	-0.980100	0.526400	-0.241200	1.222900	-0.678000	0.577000
1627302487.900883	-1.043600	0.470500	-0.304400	1.866400	-0.484400	0.605400
1627302487.901289	-1.054600	0.374100	-0.321000	2.477300	-0.241000	0.633500
1627302487.903407	-1.023900	0.262600	-0.320300	2.831000	-0.089500	0.660900
1627302487.903812	-0.995200	0.144000	-0.340500	3.003200	0.005500	0.671600
1627302487.904253	-0.964800	0.064500	-0.386600	3.011500	0.098400	0.667400
1627302487.904658	-0.945700	-0.015900	-0.390500	2.799800	0.194900	0.655500
1627302487.906758	-0.946000	-0.051400	-0.371100	2.393600	0.289300	0.615100
1627302487.907163	-0.945600	-0.103000	-0.353000	1.947100	0.396500	0.566000
1627302487.907603	-0.926800	-0.151200	-0.339000	1.578700	0.476800	0.503000
1627302487.908014	-0.895100	-0.171800	-0.348800	1.250100	0.460300	0.389700
1627302487.909762	-0.905900	-0.177400	-0.353500	0.887200	0.381800	0.257200
1627302487.910214	-0.924300	-0.170800	-0.325100	0.509100	0.294200	0.147800
1627302487.910621	-0.949000	-0.143100	-0.264500	0.064400	0.197300	0.074200
1627302487.912742	-0.993800	-0.113800	-0.186600	-0.421900	0.124600	0.039700
1627302487.913147	-1.033600	-0.072900	-0.145500	-0.891900	0.057100	0.005200
1627302487.913599	-1.055200	-0.026000	-0.132300	-1.149100	0.024800	-0.022600
1627302487.914025	-1.047100	0.017300	-0.149900	-1.240700	0.018400	-0.028700
1627302487.916193	-1.016500	0.063000	-0.164900	-1.240700	-0.007300	-0.017400
1627302487.916600	-0.996100	0.118700	-0.173000	-1.208400	-0.069300	-0.007300
1627302487.917053	-0.982100	0.168600	-0.173600	-1.159200	-0.142600	-0.008300
1627302487.918721	-0.979900	0.211300	-0.189200	-1.042500	-0.196400	-0.005500
1627302487.919127	-0.986500	0.229600	-0.212300	-0.750800	-0.196100	0.011300
1627302487.919576	-0.993400	0.234700	-0.219600	-0.502800	-0.192700	0.016800
1627302487.919985	-0.999400	0.236100	-0.211700	-0.251400	-0.179600	0.000300
1627302487.922083	-0.973500	0.199700	-0.201400	-0.054400	-0.154800	-0.002100
1627302487.922493	-0.953900	0.161400	-0.185800	0.060100	-0.169200	0.012500
1627302487.922933	-0.945200	0.151700	-0.192900	0.161800	-0.197300	0.017400
1627302487.923344	-0.951900	0.142300	-0.196800	0.271500	-0.225700	0.011000
1627302487.925539	-0.966600	0.154300	-0.184000	0.408000	-0.250100	0.005200
1627302487.925944	-0.975700	0.167600	-0.165200	0.562500	-0.270600	0.003700
1627302487.926349	-0.977300	0.165900	-0.156700	0.725000	-0.292000	0.009500
1627302487.926798	-0.978300	0.149000	-0.155200	0.891800	-0.316400	0.027800
1627302487.928906	-0.988200	0.128400	-0.158200	1.032000	-0.345400	0.039400
1627302487.929311	-1.004300	0.094100	-0.159400	1.119000	-0.350900	0.053100
1627302487.929716	-1.000200	0.038200	-0.158700	1.122100	-0.341100	0.059900
1627302487.930164	-0.983900	-0.030600	-0.166500	1.020400	-0.321300	0.056800
1627302487.932364	-0.960900	-0.087000	-0.190200	0.848700	-0.302700	0.040900
1627302487.932798	-0.946900	-0.126300	-0.211500	0.634900	-0.311200	0.011900
1627302487.933209	-0.943400	-0.144800	-0.233000	0.426300	-0.315800	-0.031500
1627302487.933663	-0.937600	-0.142000	-0.245700	0.216500	-0.320100	-0.078200
1627302487.934071	-0.937100	-0.130700	-0.243300	0.006600	-0.335600	-0.121300
1627302487.936578	-0.944200	-0.102700	-0.236100	-0.203500	-0.345700	-0.167100
1627302487.937019	-0.943600	-0.075300	-0.222500	-0.383700	-0.361600	-0.203400
1627302487.937433	-0.955200	-0.044800	-0.207300	-0.518100	-0.377500	-0.226900
1627302487.937837	-0.968600	-0.010600	-0.190600	-0.629900	-0.376600	-0.241900
1627302487.939965	-0.978000	0.024300	-0.167800	-0.698900	-0.353400	-0.241000
1627302487.940445	-0.989900	0.057500	-0.147100	-0.728200	-0.317900	-0.221800
1627302487.940848	-0.989900	0.057500	-0.147100	-0.728200	-0.317900	-0.221800
1627302487.941251	-1.007900	0.107900	-0.120000	-0.669900	-0.232100	-0.169800
1627302487.942868	-1.013400	0.123200	-0.113900	-0.615800	-0.185400	-0.152100
1627302487.943272	-1.013400	0.123200	-0.113900	-0.615800	-0.185400	-0.152100
1627302487.943673	-1.012100	0.130200	-0.118400	-0.540400	-0.155100	-0.143300
1627302489.821705	-1.006100	0.150300	-0.132400	-0.506500	-0.143500	-0.441100
1627302489.822611	-0.930400	0.004900	-0.337400	0.866400	1.842100	0.529900
1627302489.827327	-0.964200	-0.004800	-0.362900	0.930600	2.017700	0.558900
1627302489.848799	-1.018900	-0.027100	-0.406200	0.922300	2.170700	0.565000
1627302489.852324	-1.136200	-0.064500	-0.462400	0.826100	2.299000	0.529000
1627302489.867096	-1.284100	-0.086500	-0.507700	0.626100	2.411700	0.455100
1627302489.878577	-1.367800	-0.112700	-0.573000	0.517300	2.454500	0.442300
1627302489.882264	-1.411500	-0.194800	-0.662000	0.478200	2.482000	0.542700
1627302489.896670	-1.379300	-0.322500	-0.737800	0.468800	2.523200	0.732100
1627302489.906083	-1.309900	-0.350000	-0.725000	0.555200	2.469100	0.910800
1627302489.920855	-1.279300	-0.386700	-0.587500	0.635800	2.479800	0.978900
1627302489.922951	-1.263700	-0.329700	-0.333100	0.479100	2.666100	0.911700
1627302489.943416	-1.196700	-0.196500	-0.181800	0.031100	2.633800	0.663100
1627302489.944983	-1.179800	-0.076300	-0.170000	-0.378800	2.428500	0.533000
1627302489.959944	-1.185400	-0.015500	-0.263800	-0.554400	2.239200	0.573600
1627302489.965381	-1.193100	0.046000	-0.352300	-0.550200	2.086400	0.686600
1627302489.986998	-1.194700	0.135100	-0.393200	-0.406300	1.996300	0.822200
1627302489.988595	-1.152300	0.177900	-0.430700	-0.174800	2.007000	0.894600
1627302490.001706	-1.148900	0.226900	-0.451700	0.068300	2.039400	0.910200
1627302490.002654	-1.115500	0.218900	-0.488600	0.352400	2.133200	0.866800
1627302490.008735	-1.012300	0.167000	-0.504500	0.630300	2.191500	0.813700
1627302490.032127	-0.874800	0.121000	-0.499400	0.915300	2.158800	0.720800
1627302490.046836	-0.775400	0.034700	-0.471700	1.196000	2.016500	0.632800
1627302490.047735	-0.705600	-0.032300	-0.417500	1.364000	1.817300	0.564400
1627302490.055032	-0.663600	-0.064500	-0.381600	1.409800	1.621600	0.512800
1627302490.073500	-0.650800	-0.088100	-0.375000	1.432400	1.447500	0.471300
1627302490.084309	-0.653400	-0.150000	-0.385900	1.462300	1.358000	0.448400
1627302490.085203	-0.632400	-0.172100	-0.404100	1.431200	1.292600	0.427300
1627302490.092478	-0.598000	-0.189800	-0.414400	1.385700	1.221100	0.404100
1627302490.105155	-0.549400	-0.234000	-0.430500	1.278500	1.124900	0.379600
1627302490.112427	-0.530300	-0.268400	-0.447100	1.047600	0.980800	0.373200
1627302490.122370	-0.497700	-0.250100	-0.451300	0.760500	0.854000	0.362500
1627302490.124197	-0.453100	-0.229600	-0.449300	0.468500	0.675300	0.318300
1627302490.147691	-0.432100	-0.222000	-0.436200	0.243700	0.522900	0.265100
1627302490.150888	-0.423600	-0.202600	-0.408800	0.063200	0.376000	0.202200
1627302490.167900	-0.428800	-0.190700	-0.377400	-0.059000	0.223300	0.124900
1627302490.185066	-0.441500	-0.175000	-0.370100	-0.147900	0.062000	0.053100
1627302490.186575	-0.458600	-0.173500	-0.395900	-0.220300	-0.102900	0.011000
1627302490.191176	-0.480300	-0.169400	-0.424000	-0.254200	-0.254700	0.005500
1627302490.200582	-0.500100	-0.152600	-0.402000	-0.159800	-0.361900	0.008200
1627302490.220432	-0.511000	-0.132300	-0.362300	-0.057500	-0.398600	-0.020800
1627302490.221338	-0.517600	-0.099400	-0.343400	-0.037600	-0.430900	-0.091900
1627302490.226139	-0.528600	-0.063700	-0.334700	-0.104200	-0.500900	-0.194300
1627302490.248494	-0.548200	-0.052000	-0.353600	-0.216600	-0.605300	-0.314300
1627302490.263789	-0.573500	-0.040900	-0.393400	-0.370600	-0.733300	-0.418100
1627302490.270386	-0.626100	-0.027600	-0.448900	-0.499500	-0.876300	-0.488400
1627302490.271298	-0.683600	-0.003500	-0.509500	-0.501600	-0.992300	-0.520200
1627302490.291550	-0.735800	0.020600	-0.550000	-0.396500	-1.050400	-0.533000
1627302490.292375	-0.776700	0.019900	-0.567700	-0.297600	-1.084300	-0.543700
1627302490.301185	-0.789900	0.002300	-0.565700	-0.261200	-1.113600	-0.564100
1627302490.310742	-0.787400	-0.023200	-0.554900	-0.263700	-1.176200	-0.598400
1627302490.332663	-0.781900	-0.043700	-0.547900	-0.275900	-1.273300	-0.626400
1627302490.333809	-0.796000	-0.064900	-0.543100	-0.289300	-1.399500	-0.650300
1627302490.341013	-0.819200	-0.073200	-0.539200	-0.305500	-1.501500	-0.666800
1627302490.354231	-0.852400	-0.067400	-0.535300	-0.359600	-1.570200	-0.670700
1627302490.374838	-0.885300	-0.061600	-0.540000	-0.451200	-1.628500	-0.657600
1627302490.376364	-0.913800	-0.072800	-0.533300	-0.530000	-1.676200	-0.631600
1627302490.391803	-0.925700	-0.084800	-0.509600	-0.583100	-1.700900	-0.600800
1627302490.396759	-0.934400	-0.098300	-0.480300	-0.643600	-1.708600	-0.597100
1627302490.410469	-0.938400	-0.069800	-0.461300	-0.729800	-1.724800	-0.604200
1627302490.411382	-0.945600	-0.049900	-0.459000	-0.770100	-1.739400	-0.598400
1627302490.421088	-0.946700	-0.038600	-0.459600	-0.775300	-1.753500	-0.593500
1627302490.428578	-0.971400	-0.036000	-0.462000	-0.763000	-1.781300	-0.584000
1627302490.451762	-0.965200	-0.021400	-0.460800	-0.704700	-1.791900	-0.562000
1627302490.452659	-0.981800	-0.036100	-0.444000	-0.593500	-1.808700	-0.551300
1627302490.462367	-0.981700	-0.066200	-0.411400	-0.486300	-1.761700	-0.557700
1627302490.471020	-0.970300	-0.053800	-0.374900	-0.420300	-1.719600	-0.568700
1627302490.496889	-0.950300	-0.081500	-0.353600	-0.413900	-1.717100	-0.605700
1627302490.497784	-0.967900	-0.101300	-0.353400	-0.463100	-1.737000	-0.644200
1627302490.501222	-0.996800	-0.111600	-0.357800	-0.507100	-1.721700	-0.661900
1627302490.511368	-1.012000	-0.114000	-0.357500	-0.530600	-1.696700	-0.672600
1627302490.531821	-1.028200	-0.121900	-0.351000	-0.549900	-1.661800	-0.683300
1627302490.547369	-1.029700	-0.135700	-0.338500	-0.573100	-1.607200	-0.676800
1627302490.550444	-1.024400	-0.164800	-0.315400	-0.597500	-1.570200	-0.636200
1627302490.560595	-1.019300	-0.181600	-0.301100	-0.636900	-1.557700	-0.587000
1627302490.561509	-1.041900	-0.212200	-0.291700	-0.691900	-1.540900	-0.544600
1627302490.571212	-1.068200	-0.236500	-0.278900	-0.716000	-1.487700	-0.493900
1627302490.579741	-1.079300	-0.263500	-0.271400	-0.676000	-1.412000	-0.434900
1627302490.604616	-1.098000	-0.271500	-0.256300	-0.636600	-1.343900	-0.377500
1627302490.605520	-1.123300	-0.263300	-0.244600	-0.627100	-1.236100	-0.332300
1627302490.611152	-1.165500	-0.202800	-0.259900	-0.580700	-1.098900	-0.291400
1627302490.632636	-1.167700	-0.141000	-0.307700	-0.471700	-0.970900	-0.237300
1627302490.633767	-1.161000	-0.087400	-0.333500	-0.369600	-0.895500	-0.185400
1627302490.640986	-1.150800	-0.041500	-0.315700	-0.370900	-0.848200	-0.125200
1627302490.651674	-1.139600	0.006500	-0.289600	-0.446600	-0.812700	-0.030900
1627302490.674905	-1.141700	0.036600	-0.302200	-0.573700	-0.776100	0.096500
1627302490.675866	-1.115100	0.057000	-0.312400	-0.727900	-0.674700	0.243400
1627302490.690709	-1.086900	0.078400	-0.310800	-0.796300	-0.575100	0.350300
1627302490.691620	-1.097000	0.110000	-0.316900	-0.725200	-0.483800	0.412900
1627302490.696227	-1.090100	0.124500	-0.286000	-0.634500	-0.369200	0.461200
1627302490.719653	-1.078900	0.110600	-0.268600	-0.533100	-0.278800	0.482900
1627302490.731763	-1.064800	0.068400	-0.231900	-0.397700	-0.239100	0.476500
1627302490.732672	-1.069500	-0.007600	-0.195100	-0.199200	-0.216200	0.460000
1627302490.738692	-1.060200	-0.096200	-0.176900	0.064700	-0.102900	0.440700
1627302490.758349	-1.000000	-0.146600	-0.147700	0.213700	-0.016200	0.424200
1627302490.769277	-0.931300	-0.166900	-0.147600	0.279100	0.003700	0.378100
1627302490.779286	-0.885900	-0.170900	-0.185700	0.317900	-0.033900	0.309400
1627302490.780215	-0.863600	-0.153700	-0.218600	0.257400	-0.063800	0.246800
1627302490.803989	-0.844800	-0.110700	-0.186400	0.033500	-0.109900	0.216800
1627302490.805022	-0.832000	-0.057100	-0.128100	-0.300300	-0.182300	0.199400
1627302490.811099	-0.850700	0.044100	-0.048300	-0.708700	-0.277900	0.209500
1627302490.832197	-0.883300	0.173200	-0.005100	-0.979600	-0.344200	0.216500
1627302490.840552	-0.934400	0.328000	0.004800	-1.007100	-0.384500	0.212900
1627302490.841467	-0.998700	0.449500	0.009300	-0.819500	-0.376000	0.220200
1627302490.851144	-1.039600	0.520000	-0.002200	-0.462200	-0.332900	0.242800
1627302490.852053	-1.056800	0.526900	-0.064000	0.050900	-0.260800	0.296300
1627302490.878505	-1.060200	0.489600	-0.122600	0.580600	-0.162800	0.372300
1627302490.881150	-1.049100	0.426600	-0.157100	1.145600	-0.080300	0.462700
1627302490.896630	-1.028600	0.335800	-0.182600	1.452300	-0.060100	0.502700
1627302490.905798	-1.019300	0.227900	-0.209100	1.606200	-0.080300	0.498500
1627302490.918606	-1.004500	0.112500	-0.246800	1.603400	-0.092500	0.458800
1627302490.920928	-0.978900	0.011800	-0.276500	1.468100	-0.121500	0.389100
1627302490.936762	-0.964600	-0.083300	-0.301400	1.202100	-0.167000	0.293800
1627302490.941595	-0.954000	-0.129500	-0.317000	0.806900	-0.224500	0.155500
1627302490.961468	-0.948700	-0.134800	-0.330200	0.328600	-0.288600	-0.008600
1627302490.962652	-0.951400	-0.100600	-0.328000	-0.046200	-0.344500	-0.110000
1627302490.972267	-0.949700	-0.064200	-0.306400	-0.367800	-0.393700	-0.167400
1627302490.980334	-0.945800	-0.015700	-0.272600	-0.636300	-0.445900	-0.192700
1627302490.999100	-0.963500	0.037800	-0.230000	-0.830900	-0.510700	-0.198500
1627302491.001374	-0.987700	0.082500	-0.188500	-0.933500	-0.547600	-0.175600
1627302491.011239	-1.008500	0.115700	-0.152300	-0.934100	-0.542400	-0.115800
1627302491.018094	-1.013500	0.135900	-0.124100	-0.856500	-0.489300	-0.039400
1627302491.041441	-1.010700	0.155500	-0.102500	-0.749900	-0.408600	0.029000
1627302491.042268	-0.992200	0.171600	-0.083900	-0.621000	-0.336000	0.078200
1627302491.049862	-0.972300	0.192300	-0.079100	-0.482700	-0.274600	0.105400
1627302491.061816	-0.958900	0.207800	-0.079200	-0.345200	-0.207400	0.110600
1627302491.082905	-0.947800	0.218800	-0.082500	-0.234600	-0.124900	0.097100
1627302491.083740	-0.935800	0.215500	-0.099700	-0.165900	-0.032000	0.074200
1627302491.089865	-0.933600	0.202100	-0.131600	-0.142400	0.021400	0.046700
1627302491.098482	-0.939000	0.196900	-0.173000	-0.115500	0.036100	0.018600
1627302491.120813	-0.957300	0.190600	-0.211200	-0.071500	0.042200	-0.006400
1627302491.121722	-0.978300	0.174900	-0.225100	-0.031500	0.053500	-0.021400
1627302491.132405	-1.002800	0.143700	-0.221400	-0.011100	0.063900	-0.022600
1627302491.138529	-1.013800	0.105300	-0.205700	-0.008900	0.070000	-0.015300
1627302491.159343	-1.017200	0.075800	-0.201000	0.009100	0.077000	0.009200
1627302491.160248	-1.014300	0.064200	-0.195100	0.066800	0.094100	0.058000
1627302491.169978	-1.006500	0.056600	-0.181600	0.115700	0.117600	0.108700
1627302491.182359	-0.999900	0.053500	-0.180900	0.131300	0.127100	0.150600
1627302491.204234	-0.999400	0.047000	-0.183100	0.158800	0.135900	0.175300
1627302491.205053	-0.996800	0.033100	-0.175400	0.181400	0.151200	0.189400
1627302491.208542	-0.997100	0.023400	-0.154700	0.157800	0.182100	0.192700
1627302491.223576	-0.976700	0.016100	-0.123500	0.032600	0.224200	0.180200
1627302491.226907	-0.943400	0.002400	-0.111100	-0.089000	0.235800	0.156100
1627302491.249546	-0.921800	-0.007300	-0.091800	-0.205300	0.223000	0.127700
1627302491.250445	-0.914700	-0.018400	-0.073500	-0.315000	0.180500	0.094100
1627302491.259927	-0.924300	-0.022100	-0.067700	-0.414900	0.131100	0.050100
1627302491.268565	-0.944700	-0.013700	-0.081300	-0.484800	0.083700	-0.002800
1627302491.288146	-0.972000	0.007600	-0.093600	-0.519000	0.042200	-0.050700
1627302491.289045	-1.006100	0.044800	-0.099200	-0.537000	0.001600	-0.089500
1627302491.299866	-1.019200	0.076400	-0.088600	-0.537600	-0.021400	-0.108400
1627302491.307452	-1.011000	0.093100	-0.080800	-0.535200	-0.038200	-0.105700
1627302491.330396	-0.980500	0.106800	-0.075000	-0.541600	-0.050400	-0.075400
1627302491.331257	-0.971600	0.122400	-0.078500	-0.549200	-0.080900	-0.059300
1627302491.342415	-0.991900	0.143300	-0.091800	-0.529400	-0.109000	-0.064500
1627302491.349792	-1.018600	0.167500	-0.099200	-0.454300	-0.120900	-0.085800
1627302491.368460	-1.051000	0.184200	-0.088900	-0.360500	-0.101100	-0.099300
1627302491.379428	-1.055800	0.177600	-0.071700	-0.291500	-0.044300	-0.089200
1627302491.380330	-1.038000	0.160900	-0.060400	-0.235600	0.012500	-0.062000
1627302491.387384	-1.014800	0.141500	-0.073900	-0.175400	0.029700	-0.038800
1627302491.401120	-0.990400	0.124400	-0.077900	-0.108200	0.022600	-0.031200
1627302491.408600	-0.971400	0.100600	-0.073500	-0.064500	-0.004900	-0.039100
1627302491.419205	-0.972700	0.083400	-0.061500	-0.041900	-0.046100	-0.057700
1627302491.420107	-0.973300	0.075900	-0.057700	-0.028200	-0.077900	-0.073600
1627302491.443235	-0.973100	0.082500	-0.059600	-0.021100	-0.104100	-0.089500
1627302491.453286	-0.978300	0.086200	-0.064900	-0.006500	-0.128600	-0.104200
1627302491.469166	-0.960300	0.080200	-0.069200	-0.003100	-0.151800	-0.129800
1627302491.488978	-0.958300	0.087900	-0.074100	-0.020800	-0.185100	-0.160100
1627302491.489861	-0.954500	0.086900	-0.073100	-0.054400	-0.216200	-0.188200
1627302491.491394	-0.963100	0.091400	-0.073500	-0.097800	-0.248000	-0.232100
1627302491.505496	-0.963500	0.096800	-0.079600	-0.114300	-0.263300	-0.259600
1627302491.506403	-0.968800	0.106300	-0.088100	-0.106400	-0.276400	-0.279200
1627302491.528009	-0.975800	0.119400	-0.095000	-0.076100	-0.283700	-0.292300
1627302491.528928	-0.993500	0.130900	-0.097300	-0.036400	-0.283100	-0.301800
1627302491.537462	-1.004900	0.141400	-0.099400	0.007600	-0.278800	-0.309100
1627302491.556408	-1.009000	0.154200	-0.099000	0.049100	-0.267200	-0.308200
1627302491.558609	-1.017600	0.164300	-0.089500	0.078100	-0.246200	-0.316700
1627302491.573521	-1.023200	0.168100	-0.081800	0.091900	-0.220200	-0.322800
1627302491.578000	-1.014000	0.163000	-0.079500	0.114800	-0.192400	-0.319200
1627302491.600353	-1.002800	0.158200	-0.084200	0.142900	-0.173500	-0.309400
1627302491.601371	-0.996100	0.151600	-0.093100	0.173400	-0.164600	-0.296900
1627302491.607326	-0.992900	0.150500	-0.104600	0.194800	-0.159400	-0.284100
1627302491.628368	-0.998000	0.155200	-0.115100	0.216800	-0.149000	-0.273700
1627302491.640430	-1.012900	0.168500	-0.128100	0.230800	-0.119400	-0.270000
1627302491.641334	-1.026100	0.180300	-0.135400	0.243100	-0.072400	-0.271800
1627302491.649828	-1.032700	0.191500	-0.140000	0.258600	-0.003300	-0.267900
1627302491.670931	-1.036300	0.190200	-0.140500	0.285200	0.078500	-0.248600
1627302491.683145	-1.035200	0.183100	-0.145300	0.327300	0.163700	-0.218700
1627302491.684046	-1.034400	0.178500	-0.157300	0.386300	0.245600	-0.181400
1627302491.688675	-1.040800	0.174100	-0.179200	0.463000	0.333300	-0.136500
1627302491.701129	-1.050200	0.173800	-0.205000	0.552500	0.445000	-0.085200
1627302491.708626	-1.057500	0.174200	-0.224600	0.625800	0.555600	-0.034500
1627302491.719259	-1.050000	0.171300	-0.234700	0.685600	0.683000	0.029300
1627302491.720150	-1.038600	0.168000	-0.250100	0.720400	0.817400	0.101400
1627302491.743464	-1.027000	0.162800	-0.275500	0.753700	0.962400	0.172000
1627302491.747205	-0.988600	0.155500	-0.303700	0.810800	1.123100	0.252600
1627302491.765447	-0.977800	0.132700	-0.346600	0.903400	1.335700	0.331100
1627302491.789027	-0.994900	0.120000	-0.379200	0.963600	1.639600	0.384500
1627302491.789858	-0.980500	0.112400	-0.392200	0.959000	1.984100	0.440400
1627302491.791387	-0.955400	0.072900	-0.389300	0.908000	2.300500	0.482600
1627302491.805661	-0.954800	0.006200	-0.353600	0.839300	2.532400	0.484100
1627302491.806566	-0.987900	-0.077000	-0.363900	0.791600	2.688700	0.465500
1627302491.830254	-1.060200	-0.183800	-0.414800	0.715200	2.780100	0.394900
1627302491.831246	-1.119500	-0.245500	-0.462400	0.634300	2.821300	0.230900
1627302491.838581	-1.133700	-0.272500	-0.496200	0.589700	2.806300	0.091300
1627302491.850422	-1.150800	-0.289300	-0.514600	0.442800	2.790800	0.044900
1627302491.851326	-1.164700	-0.295000	-0.537200	0.107100	2.799600	0.125500
1627302491.872694	-1.169300	-0.300800	-0.570800	-0.344900	2.779200	0.265400
1627302491.878716	-1.202100	-0.289700	-0.602200	-0.799400	2.732100	0.386400
1627302491.901089	-1.214700	-0.265600	-0.605600	-1.127100	2.648400	0.478900
1627302491.907909	-1.185700	-0.202900	-0.519700	-1.137200	2.498500	0.599900
1627302491.908815	-1.112100	-0.158400	-0.403600	-0.805200	2.391000	0.651500
1627302491.930402	-1.032000	-0.072600	-0.310100	-0.531800	2.147200	0.631900
1627302491.931227	-1.111900	0.066800	-0.227800	-0.355600	1.846400	0.634100
1627302491.938566	-1.185100	0.175800	-0.195900	-0.204400	1.653000	0.716800
1627302491.950429	-1.241000	0.292100	-0.182300	-0.038900	1.530200	0.855500
1627302491.951326	-1.218000	0.322800	-0.200900	0.204600	1.482600	1.007600
1627302491.975276	-1.119400	0.322900	-0.242300	0.575400	1.484700	1.071100
1627302491.977521	-1.067500	0.314000	-0.315700	0.924500	1.416000	1.045200
1627302491.988749	-1.013200	0.298600	-0.406100	1.318200	1.415100	0.983200
1627302491.990632	-0.940300	0.268200	-0.498800	1.636700	1.493300	0.932500
1627302492.013470	-0.833300	0.210100	-0.549300	1.871600	1.570300	0.886400
1627302492.017175	-0.782100	0.122200	-0.574100	2.061600	1.573300	0.845700
1627302492.032525	-0.701500	0.017600	-0.555200	2.251900	1.522000	0.811200
1627302492.035420	-0.648200	-0.053300	-0.512300	2.418000	1.368400	0.783100
1627302492.057769	-0.633500	-0.129900	-0.471400	2.469000	1.246800	0.776100
1627302492.058738	-0.624300	-0.172700	-0.437100	2.379900	1.172600	0.770600
1627302492.068668	-0.621700	-0.194200	-0.426000	2.201800	1.125200	0.750400
1627302492.078034	-0.628700	-0.231300	-0.440200	1.955600	1.086100	0.730900
1627302492.095518	-0.633700	-0.271700	-0.467500	1.623300	1.057700	0.717800
1627302492.097528	-0.611900	-0.301400	-0.509300	1.196000	1.029900	0.687500
1627302492.107369	-0.598600	-0.313100	-0.526700	0.766300	1.008000	0.655800
1627302492.118226	-0.579100	-0.299400	-0.541700	0.432400	0.984100	0.608700
1627302492.138109	-0.569200	-0.264200	-0.551300	0.167000	0.945000	0.565300
1627302492.138934	-0.549700	-0.220800	-0.557900	-0.018400	0.879100	0.520400
1627302492.152380	-0.548800	-0.182500	-0.549400	-0.137500	0.791400	0.478300
1627302492.156831	-0.549400	-0.145900	-0.535400	-0.180300	0.705600	0.437700
1627302492.179669	-0.554400	-0.112300	-0.506000	-0.167100	0.594700	0.388500
1627302492.180602	-0.553300	-0.083900	-0.481000	-0.163500	0.488100	0.333200
1627302492.199370	-0.548300	-0.068100	-0.464000	-0.191300	0.376600	0.273000
1627302492.210569	-0.542600	-0.058000	-0.460900	-0.243800	0.259600	0.218100
1627302492.211483	-0.532300	-0.043500	-0.485700	-0.305800	0.136200	0.167100
1627302492.217288	-0.532700	-0.031200	-0.522900	-0.320800	0.012900	0.129200
1627302492.238899	-0.537800	-0.036300	-0.544800	-0.273700	-0.102000	0.109000
1627302492.239738	-0.546600	-0.058500	-0.563100	-0.161600	-0.235800	0.086400
1627302492.247318	-0.549800	-0.058000	-0.585600	-0.055700	-0.347600	0.067200
1627302492.259306	-0.547100	-0.044200	-0.606400	0.049400	-0.482300	0.044000
1627302492.260229	-0.540500	-0.025300	-0.627600	0.149000	-0.638000	0.014700
1627302492.286589	-0.529700	-0.017600	-0.631700	0.236900	-0.798100	-0.021400
1627302492.287411	-0.526900	-0.022100	-0.607800	0.276000	-0.955400	-0.061400
1627302492.296177	-0.546900	-0.039800	-0.578100	0.264400	-1.102300	-0.108100
1627302492.299393	-0.587600	-0.055400	-0.556000	0.233900	-1.255000	-0.155200
1627302492.323494	-0.629600	-0.066700	-0.554100	0.207000	-1.342700	-0.192400
1627302492.326069	-0.668800	-0.076200	-0.560100	0.155100	-1.409900	-0.223300
1627302492.341298	-0.707400	-0.083000	-0.576200	0.087900	-1.461500	-0.244400
1627302492.345435	-0.745000	-0.077100	-0.586200	0.034100	-1.499600	-0.252300
1627302492.366745	-0.764200	-0.080400	-0.590200	-0.010200	-1.521300	-0.257800
1627302492.367640	-0.769800	-0.083500	-0.585300	-0.051700	-1.542400	-0.272100
1627302492.376427	-0.775800	-0.085800	-0.586500	-0.107300	-1.573000	-0.310600
1627302492.386093	-0.783100	-0.082200	-0.600200	-0.175100	-1.613600	-0.354900
1627302492.405665	-0.794700	-0.079100	-0.618400	-0.245600	-1.664600	-0.407500
1627302492.406571	-0.818500	-0.074500	-0.623000	-0.305800	-1.705500	-0.453900
1627302492.416234	-0.830000	-0.072000	-0.622300	-0.350400	-1.715000	-0.481700
1627302492.418537	-0.831200	-0.075600	-0.610000	-0.389200	-1.722300	-0.505800
1627302492.445419	-0.835300	-0.084200	-0.567700	-0.472600	-1.725700	-0.520200
1627302492.446328	-0.853000	-0.095300	-0.535300	-0.594400	-1.729600	-0.527500
1627302492.460875	-0.866000	-0.106600	-0.519800	-0.691300	-1.724800	-0.539400
1627302492.463200	-0.883500	-0.121600	-0.517500	-0.768800	-1.735700	-0.558000
1627302492.487983	-0.896400	-0.115400	-0.511100	-0.835100	-1.765700	-0.582800
1627302492.488652	-0.917500	-0.113900	-0.503800	-0.877000	-1.796500	-0.580300
1627302492.497077	-0.938100	-0.124000	-0.484500	-0.925200	-1.795600	-0.557400
1627302492.507138	-0.950100	-0.144800	-0.461200	-0.965500	-1.771500	-0.522300
1627302492.514336	-0.952500	-0.154800	-0.442900	-0.979300	-1.734500	-0.490500
1627302492.530941	-0.953100	-0.164700	-0.407600	-0.974700	-1.687800	-0.458500
1627302492.544481	-0.943700	-0.148900	-0.356300	-0.979000	-1.643800	-0.437700
1627302492.558851	-0.922400	-0.120000	-0.304300	-0.961900	-1.609300	-0.422400
1627302492.560027	-0.931200	-0.106800	-0.286300	-0.951800	-1.590400	-0.429800
1627302492.572100	-0.957500	-0.099700	-0.259200	-0.935300	-1.587900	-0.448400
1627302492.579306	-0.996800	-0.104200	-0.232500	-0.877000	-1.570500	-0.493900
1627302492.601617	-1.033600	-0.108400	-0.257700	-0.769800	-1.515500	-0.516800
1627302492.602534	-1.091200	-0.108600	-0.322300	-0.655200	-1.424500	-0.508900
1627302492.610049	-1.172100	-0.095000	-0.380100	-0.599600	-1.244000	-0.472500
1627302492.629837	-1.210800	-0.032000	-0.397500	-0.629000	-1.039400	-0.412600
1627302492.638113	-1.209000	-0.030200	-0.382300	-0.775300	-0.911100	-0.310600
1627302492.639015	-1.175500	-0.008700	-0.385100	-0.990900	-0.918700	-0.198200
1627302492.648467	-1.143600	0.030800	-0.433100	-1.119500	-0.970000	-0.064800
1627302492.673369	-1.132900	0.079300	-0.474600	-1.095700	-1.004200	0.026300
1627302492.674265	-1.194200	0.203900	-0.544800	-1.047100	-0.978600	0.146000
1627302492.677599	-1.226600	0.442900	-0.637600	-0.992400	-0.812700	0.350300
1627302492.687652	-1.197900	0.543900	-0.521500	-1.025400	-0.614800	0.533600
1627302492.695821	-1.178200	0.369000	-0.258500	-1.043100	-0.417200	0.643200
1627302492.719580	-1.025500	0.142600	-0.113900	-0.743500	-0.198800	0.639000
1627302492.720284	-0.840800	-0.002600	-0.092200	-0.272200	-0.172500	0.512500
1627302492.727502	-0.775800	-0.067300	-0.186200	0.062800	-0.174700	0.340500
1627302492.737460	-0.786700	-0.073500	-0.286400	0.332800	-0.187500	0.165500
1627302492.740503	-0.859400	-0.021900	-0.277500	0.323100	-0.206800	0.027800
1627302492.766461	-0.917200	0.040400	-0.220300	-0.070000	-0.261100	-0.103900
1627302492.767295	-0.996100	0.144900	-0.181000	-0.553500	-0.292300	-0.223000
1627302492.780076	-1.054000	0.293100	-0.113600	-0.877900	-0.272700	-0.278000
1627302492.784281	-1.096900	0.426000	-0.064100	-0.935300	-0.252900	-0.226600
1627302492.800380	-1.116600	0.485200	-0.052600	-0.788400	-0.219000	-0.119400
1627302492.807435	-1.079800	0.457000	-0.108000	-0.461000	-0.191800	-0.003400
1627302492.818594	-1.003100	0.363500	-0.190600	-0.069100	-0.204900	0.098000
1627302492.823096	-0.939500	0.267200	-0.251200	0.248900	-0.270000	0.163700
1627302492.845307	-0.897900	0.176900	-0.277100	0.399400	-0.356100	0.178100
1627302492.846226	-0.897800	0.097700	-0.287600	0.342900	-0.463600	0.110900
1627302492.865842	-0.912000	0.067700	-0.275300	0.171000	-0.545200	0.009200
1627302492.875670	-0.922700	0.078200	-0.245800	-0.052600	-0.604700	-0.089200
1627302492.876586	-0.953600	0.097500	-0.206400	-0.223000	-0.655700	-0.173800
1627302492.887583	-0.964600	0.108400	-0.168500	-0.334500	-0.692400	-0.224500
1627302492.893711	-0.971600	0.119400	-0.137700	-0.386800	-0.742500	-0.250200
1627302492.919326	-0.975700	0.121300	-0.124500	-0.406900	-0.791400	-0.255300
1627302492.920230	-0.980800	0.125700	-0.116100	-0.398700	-0.842700	-0.243100
1627302492.927516	-0.985100	0.132700	-0.109900	-0.336700	-0.860400	-0.217200
1627302492.937290	-0.976100	0.138100	-0.091600	-0.250200	-0.841100	-0.186000
1627302492.961525	-0.976100	0.138100	-0.091600	-0.250200	-0.841100	-0.186000
1627302492.962354	-0.977500	0.162800	-0.082400	-0.002500	-0.669800	-0.141700
1627302492.966113	-0.959700	0.180700	-0.089400	0.166400	-0.545800	-0.128300
1627302492.981758	-0.959700	0.180700	-0.089400	0.166400	-0.545800	-0.128300
1627302492.984139	-0.960100	0.190200	-0.114100	0.353600	-0.441600	-0.119100
1627302493.006319	-0.973900	0.186500	-0.161600	0.592200	-0.298400	-0.099600
1627302493.009532	-0.979500	0.163300	-0.189900	0.753400	-0.183800	-0.074500
1627302493.016014	-0.981000	0.128300	-0.215000	0.868600	-0.098300	-0.047000
1627302493.026791	-0.976100	0.094000	-0.228800	0.932400	-0.036600	-0.013800
1627302493.046724	-0.971600	0.060800	-0.241000	0.940000	0.003700	0.033600
1627302493.047603	-0.983800	0.043000	-0.255100	0.875600	0.023800	0.068100
1627302493.057440	-1.012500	0.036100	-0.258400	0.767800	0.054700	0.084300
1627302493.066799	-1.024400	0.035300	-0.251300	0.633400	0.112100	0.087000
1627302493.084132	-1.026100	0.034400	-0.241300	0.527400	0.155800	0.084300
1627302493.086264	-1.028100	0.032200	-0.225200	0.418400	0.183900	0.066300
1627302493.097354	-1.035000	0.033600	-0.211200	0.321200	0.223600	0.051600
1627302493.107051	-1.032200	0.023300	-0.194300	0.231700	0.284400	0.052500
1627302493.127896	-1.018900	0.017000	-0.163700	0.151400	0.329900	0.056500
1627302493.128719	-0.991200	0.012900	-0.136800	0.093700	0.343300	0.058000
1627302493.136319	-0.972300	0.030300	-0.139300	0.064100	0.317100	0.057100
1627302493.148545	-0.957600	0.056600	-0.139000	0.010300	0.278900	0.041500
1627302493.169296	-0.957400	0.077500	-0.139500	-0.069100	0.226000	0.002700
1627302493.170198	-0.979000	0.084600	-0.134600	-0.143000	0.177200	-0.047000
1627302493.186728	-0.999600	0.088100	-0.110400	-0.202600	0.129800	-0.095000
1627302493.198362	-1.012600	0.082000	-0.070200	-0.261200	0.095600	-0.120700
1627302493.199263	-1.014900	0.077300	-0.041300	-0.331500	0.092900	-0.111200
1627302493.206173	-0.997600	0.077600	-0.049800	-0.340600	0.097500	-0.089500
1627302493.226170	-0.974000	0.075900	-0.069700	-0.267300	0.063900	-0.092900
1627302493.227290	-0.952100	0.071000	-0.090000	-0.153100	0.011900	-0.115200
1627302493.242296	-0.944800	0.050200	-0.109300	-0.058100	-0.040900	-0.145400
1627302493.245466	-0.954000	0.026400	-0.126100	-0.023600	-0.092800	-0.172000
1627302493.246394	-0.971100	0.003700	-0.140700	-0.039800	-0.127000	-0.192100
1627302493.271556	-0.979200	-0.014400	-0.166300	-0.117100	-0.153300	-0.207700
1627302493.275036	-0.983000	-0.014400	-0.181200	-0.205600	-0.160000	-0.219900
1627302493.286333	-0.981300	-0.010300	-0.186200	-0.278000	-0.140500	-0.227200
1627302493.293083	-0.972000	0.007000	-0.195400	-0.342500	-0.112100	-0.226300
1627302493.313904	-0.975700	0.023700	-0.198600	-0.397700	-0.089500	-0.227900
1627302493.315130	-0.983900	0.039200	-0.205400	-0.436500	-0.065300	-0.234900
1627302493.326172	-0.999300	0.049900	-0.205700	-0.471700	-0.038800	-0.244700
1627302493.334470	-1.013800	0.054600	-0.189300	-0.536700	0.007400	-0.252900
1627302493.352675	-1.015000	0.061900	-0.175500	-0.597200	0.039700	-0.256600
1627302493.354997	-1.012900	0.068600	-0.160200	-0.644200	0.069700	-0.259900
1627302493.369952	-1.006100	0.062900	-0.136700	-0.673600	0.112700	-0.256600
1627302493.372979	-0.990600	0.058800	-0.117400	-0.697400	0.154900	-0.263000
1627302493.397844	-0.984300	0.064000	-0.113400	-0.706500	0.172900	-0.285900
1627302493.399063	-0.980100	0.073100	-0.108800	-0.703500	0.172300	-0.316400
1627302493.404932	-0.973400	0.082500	-0.105800	-0.682400	0.153000	-0.349400
1627302493.426027	-0.973300	0.095800	-0.106800	-0.656800	0.132900	-0.370500
1627302493.434418	-0.976200	0.104700	-0.112300	-0.634800	0.107800	-0.394300
1627302493.435317	-0.969700	0.111200	-0.118000	-0.618300	0.078200	-0.413000
1627302493.444859	-0.969100	0.112300	-0.118800	-0.605100	0.044600	-0.427300
1627302493.468463	-0.969800	0.114700	-0.120600	-0.587100	0.014700	-0.443800
1627302493.479382	-0.974500	0.112500	-0.130500	-0.551100	-0.012500	-0.463300
1627302493.480379	-0.981800	0.108800	-0.142000	-0.505300	-0.026900	-0.478600
1627302493.488842	-0.988200	0.109100	-0.163300	-0.449100	-0.027200	-0.490800
1627302493.489904	-0.997300	0.116100	-0.187000	-0.384600	-0.014000	-0.502400
1627302493.514205	-1.007100	0.117900	-0.208000	-0.330600	0.000600	-0.510700
1627302493.515070	-1.016200	0.112900	-0.220900	-0.298500	0.027200	-0.511000
1627302493.532935	-1.028300	0.099900	-0.220800	-0.304300	0.075800	-0.496000
1627302493.544339	-1.040000	0.080200	-0.220000	-0.338800	0.150900	-0.462100
1627302493.545236	-1.040900	0.061600	-0.227300	-0.360200	0.234000	-0.409300
1627302493.558761	-1.034800	0.046300	-0.238800	-0.347400	0.302400	-0.352500
1627302493.561064	-1.023400	0.039800	-0.250000	-0.297600	0.365600	-0.297200
1627302493.585794	-1.022600	0.037100	-0.260900	-0.223000	0.425200	-0.248300
1627302493.586699	-1.023800	0.039700	-0.264000	-0.136600	0.490900	-0.202500
1627302493.595076	-1.023600	0.052700	-0.263400	-0.042200	0.571800	-0.147500
1627302493.604946	-1.030600	0.059300	-0.252700	0.074100	0.699200	-0.061700
1627302493.608315	-1.042000	0.064500	-0.237700	0.185600	0.833600	0.030800
1627302493.629998	-1.052600	0.062700	-0.224600	0.300200	0.964300	0.127700
1627302493.640007	-1.060800	0.054000	-0.218000	0.416800	1.080600	0.226600
1627302493.650475	-1.066000	0.024000	-0.228300	0.544500	1.176200	0.326200
1627302493.651373	-1.067400	-0.027800	-0.260700	0.679500	1.241000	0.420000
1627302493.676366	-1.071800	-0.086500	-0.318200	0.793100	1.272500	0.471300
1627302493.677492	-1.082300	-0.165000	-0.380600	0.884500	1.267000	0.478000
1627302493.683616	-1.097800	-0.213400	-0.409700	0.904600	1.243100	0.452900
1627302493.695503	-1.107300	-0.249300	-0.419700	0.911000	1.226300	0.408700
1627302493.696530	-1.104400	-0.255700	-0.419800	0.920800	1.218400	0.351200
1627302493.718933	-1.113300	-0.246600	-0.425300	0.935200	1.221400	0.305400
1627302493.733772	-1.121300	-0.219800	-0.428800	0.955600	1.250200	0.277600
1627302493.740413	-1.126700	-0.209700	-0.427600	0.988900	1.303300	0.285300
1627302493.741328	-1.118000	-0.223000	-0.418700	0.992600	1.393400	0.325300
1627302493.765237	-1.102500	-0.242900	-0.414300	0.924500	1.446900	0.344200
1627302493.766372	-1.076700	-0.254300	-0.412800	0.800200	1.465800	0.350000
1627302493.778816	-1.037500	-0.251500	-0.408900	0.662700	1.450500	0.343000
1627302493.783062	-1.001100	-0.243300	-0.403800	0.531400	1.407800	0.328900
1627302493.803203	-0.972000	-0.241300	-0.402200	0.382900	1.355800	0.315500
1627302493.804108	-0.943100	-0.219800	-0.404900	0.182000	1.309100	0.313700
1627302493.813793	-0.932400	-0.198500	-0.409200	-0.035800	1.274300	0.317000
1627302493.814859	-0.940600	-0.180400	-0.400500	-0.180300	1.264200	0.344500
1627302493.844086	-0.940300	-0.154900	-0.379300	-0.196500	1.288000	0.382400
1627302493.844909	-0.917800	-0.133400	-0.351400	-0.081000	1.345800	0.407700
1627302493.858564	-0.900800	-0.107900	-0.322000	0.046000	1.398300	0.417500
1627302493.872363	-0.903400	-0.057600	-0.307900	0.114500	1.423000	0.411400
1627302493.873806	-0.903600	0.004900	-0.328900	0.156300	1.409900	0.406800
1627302493.886771	-0.890400	0.047100	-0.355800	0.301400	1.398600	0.407700
1627302493.887668	-0.874000	0.054600	-0.375400	0.491400	1.396800	0.403800
1627302493.911008	-0.852700	0.043200	-0.384200	0.660600	1.393700	0.402600
1627302493.913582	-0.836700	0.021600	-0.393200	0.794700	1.372300	0.407700
1627302493.929389	-0.820400	-0.006700	-0.413300	0.873200	1.349700	0.405900
1627302493.934467	-0.814700	-0.037600	-0.444100	0.888100	1.307000	0.411700
1627302493.952693	-0.813000	-0.080300	-0.474400	0.884800	1.270000	0.433100
1627302493.953530	-0.788500	-0.125200	-0.480700	0.863700	1.251700	0.456000
1627302493.963623	-0.763400	-0.156700	-0.474700	0.824600	1.207400	0.452300
1627302493.971840	-0.743900	-0.180900	-0.459600	0.729900	1.152400	0.429700
1627302493.993235	-0.739100	-0.197800	-0.452100	0.604700	1.085500	0.407700
1627302493.994132	-0.726000	-0.196200	-0.455400	0.466300	1.015600	0.383300
1627302494.003509	-0.703000	-0.202800	-0.462000	0.332500	0.938600	0.360400
1627302494.007510	-0.687600	-0.191800	-0.466800	0.149900	0.836300	0.339900
1627302494.031474	-0.674200	-0.177400	-0.466300	0.010900	0.759300	0.323800
1627302494.033839	-0.661400	-0.146700	-0.461700	-0.107000	0.671100	0.308500
1627302494.048651	-0.642600	-0.124600	-0.459700	-0.191000	0.581300	0.292900
1627302494.051794	-0.618900	-0.098600	-0.456100	-0.241100	0.494800	0.276700
1627302494.075942	-0.611600	-0.060100	-0.447400	-0.252100	0.401100	0.254700
1627302494.076869	-0.590000	-0.030800	-0.440100	-0.231000	0.311600	0.220200
1627302494.086181	-0.570600	-0.005200	-0.441200	-0.201000	0.189400	0.182900
1627302494.094964	-0.553100	-0.005500	-0.448100	-0.168400	0.069100	0.148400
1627302494.116947	-0.551000	-0.009900	-0.452300	-0.115500	-0.064700	0.113600
1627302494.117856	-0.546100	-0.028100	-0.463100	-0.037600	-0.193600	0.084600
1627302494.125026	-0.543900	-0.048800	-0.471100	0.049700	-0.307500	0.062600
1627302494.133774	-0.543700	-0.061600	-0.467200	0.103200	-0.423900	0.043700
1627302494.135915	-0.559800	-0.061800	-0.462300	0.141300	-0.557700	0.020500
1627302494.158652	-0.572400	-0.056400	-0.461200	0.205500	-0.701600	-0.005800
1627302494.171231	-0.583300	-0.062900	-0.454600	0.257700	-0.809100	-0.021400
1627302494.181751	-0.598900	-0.077900	-0.443000	0.267800	-0.908300	-0.041200
1627302494.182643	-0.610400	-0.091300	-0.434300	0.244300	-1.010700	-0.065100
1627302494.195565	-0.631600	-0.098800	-0.445100	0.223200	-1.125800	-0.102300
1627302494.210023	-0.668200	-0.102500	-0.460700	0.219800	-1.224100	-0.135000
1627302494.219743	-0.712300	-0.119900	-0.476600	0.213100	-1.300200	-0.147200
1627302494.223676	-0.757900	-0.125200	-0.487100	0.193600	-1.357900	-0.141400
1627302494.233590	-0.803200	-0.122700	-0.493400	0.186200	-1.404700	-0.128900
1627302494.244308	-0.848500	-0.117900	-0.493800	0.200000	-1.445900	-0.123700
1627302494.264064	-0.881500	-0.116500	-0.483300	0.210100	-1.470900	-0.123400
1627302494.265169	-0.902100	-0.137200	-0.469200	0.141000	-1.490200	-0.146000
1627302494.275081	-0.910500	-0.138300	-0.452900	0.016700	-1.518900	-0.196100
1627302494.284240	-0.929100	-0.136600	-0.444000	-0.140600	-1.573300	-0.264200
1627302494.301814	-0.941500	-0.137300	-0.440600	-0.279200	-1.605600	-0.314300
1627302494.302716	-0.948700	-0.136800	-0.431900	-0.395600	-1.614500	-0.348500
1627302494.312551	-0.967000	-0.157600	-0.421000	-0.479900	-1.612700	-0.377200
1627302494.316066	-0.982800	-0.158000	-0.415400	-0.530300	-1.603800	-0.410800
1627302494.338997	-0.996600	-0.159400	-0.410600	-0.553200	-1.587300	-0.436200
1627302494.342468	-1.002900	-0.169900	-0.404500	-0.588300	-1.566800	-0.440400
1627302494.357441	-0.998700	-0.169900	-0.402000	-0.655800	-1.541500	-0.442000
1627302494.363138	-0.991000	-0.177000	-0.399200	-0.717200	-1.545200	-0.439200
1627302494.384594	-0.970900	-0.192700	-0.392100	-0.816800	-1.555200	-0.433400
1627302494.385499	-0.950700	-0.221200	-0.384600	-0.949400	-1.584600	-0.444100
1627302494.393753	-0.938000	-0.228900	-0.360600	-1.079200	-1.617900	-0.454800
1627302494.401223	-0.920200	-0.231400	-0.338000	-1.182400	-1.657900	-0.456000
1627302494.424332	-0.919100	-0.239100	-0.312400	-1.248700	-1.698800	-0.455700
1627302494.425232	-0.927700	-0.236100	-0.264300	-1.305800	-1.683800	-0.428500
1627302494.432556	-0.940900	-0.242200	-0.220000	-1.325700	-1.653000	-0.395500
1627302494.443634	-0.974200	-0.217000	-0.199800	-1.304600	-1.578500	-0.378100
1627302494.465781	-1.059600	-0.170700	-0.193600	-1.198300	-1.462100	-0.386100
1627302494.466659	-1.143700	-0.140700	-0.165000	-1.096300	-1.308400	-0.424600
1627302494.476346	-1.181900	-0.085600	-0.175300	-0.976500	-1.143200	-0.452700
1627302494.484814	-1.202400	-0.013500	-0.246300	-0.713000	-0.958700	-0.436800
1627302494.501863	-1.199600	0.050300	-0.319100	-0.370000	-0.735200	-0.324400
1627302494.502762	-1.153300	0.104500	-0.325600	-0.212700	-0.597700	-0.186900
1627302494.512453	-1.116600	0.107900	-0.279200	-0.210200	-0.598000	-0.058700
1627302494.519879	-1.159800	0.078200	-0.243800	-0.329900	-0.629800	0.034200
1627302494.540218	-1.238900	0.039100	-0.272000	-0.474700	-0.597700	0.067800
1627302494.542446	-1.290000	0.018100	-0.368900	-0.489700	-0.520100	0.084300
1627302494.548637	-1.256200	0.034900	-0.497300	-0.220000	-0.408900	0.157000
1627302494.568417	-1.207800	0.091600	-0.575000	0.233300	-0.304200	0.308500
1627302494.583087	-1.214500	0.147000	-0.567100	0.542400	-0.155100	0.462400
1627302494.583981	-1.181400	0.174400	-0.452800	0.563100	0.092300	0.599600
1627302494.586118	-1.102500	0.153700	-0.300700	0.458100	0.337500	0.729100
1627302494.611894	-0.991700	0.067100	-0.177400	0.426300	0.483500	0.803600
1627302494.612801	-0.883300	-0.087200	-0.099600	0.489200	0.480800	0.787100
1627302494.627317	-0.822600	-0.302100	-0.038100	0.521600	0.354900	0.637700
1627302494.629804	-0.812700	-0.424900	-0.050700	0.435200	0.236100	0.422400
1627302494.652272	-0.813200	-0.500400	-0.120200	0.276300	0.140500	0.218400
1627302494.653654	-0.845200	-0.481800	-0.167400	0.027400	0.035800	0.092800
1627302494.668512	-0.892700	-0.398900	-0.176000	-0.342500	-0.081800	0.030800
1627302494.674183	-0.949800	-0.259600	-0.117600	-0.753900	-0.133400	0.022300
1627302494.694281	-0.969100	-0.093400	-0.031900	-1.151600	-0.153000	0.059200
1627302494.695122	-0.986800	0.149000	0.030400	-1.495500	-0.191800	0.140500
1627302494.701083	-1.032100	0.300300	0.030600	-1.457900	-0.227200	0.216500
1627302494.722259	-1.095600	0.381200	-0.005500	-1.127700	-0.219300	0.251100
1627302494.730591	-1.110000	0.435800	-0.050400	-0.535800	-0.095300	0.295700
1627302494.731487	-1.060500	0.447900	-0.075400	0.170400	0.061100	0.376300
1627302494.742352	-1.004500	0.420500	-0.106700	0.713700	0.166200	0.457500
1627302494.764788	-0.982700	0.356700	-0.178600	0.994400	0.211400	0.493900
1627302494.775676	-0.981900	0.256700	-0.271500	1.021300	0.189400	0.423000
1627302494.776591	-0.961800	0.190400	-0.301900	0.996900	0.198300	0.369900
1627302494.785153	-0.917700	0.154700	-0.300400	0.939100	0.210500	0.355200
1627302494.786243	-0.898100	0.135000	-0.325100	0.841700	0.179300	0.334100
1627302494.811563	-0.898200	0.130900	-0.345900	0.721400	0.132000	0.307300
1627302494.812445	-0.926500	0.160300	-0.357700	0.605900	0.103600	0.274300
1627302494.822165	-0.981000	0.203900	-0.359400	0.525600	0.084600	0.237600
1627302494.830794	-1.010300	0.229700	-0.343900	0.497200	0.094700	0.224200
1627302494.853098	-1.001300	0.226800	-0.315100	0.512700	0.110600	0.236100
1627302494.853774	-0.966600	0.200000	-0.295000	0.512700	0.099300	0.246500
1627302494.863408	-0.937900	0.173000	-0.284200	0.463900	0.069700	0.252000
1627302494.868318	-0.930300	0.123700	-0.264200	0.381100	0.029300	0.247700
1627302494.890141	-0.951300	0.105700	-0.251800	0.302000	-0.014300	0.224500
1627302494.892570	-0.975100	0.096900	-0.248500	0.206400	-0.040600	0.194200
1627302494.899417	-0.972800	0.092700	-0.238000	0.096100	-0.040300	0.166500
1627302494.922737	-0.962500	0.075400	-0.219400	0.005100	-0.040600	0.137700
1627302494.923562	-0.948900	0.048300	-0.203100	-0.083500	-0.054000	0.105700
1627302494.934876	-0.947600	0.034200	-0.201900	-0.146700	-0.082700	0.070900
1627302494.941792	-0.947300	0.026400	-0.208300	-0.200100	-0.097100	0.024100
1627302494.965295	-0.939600	0.022600	-0.213700	-0.240800	-0.115400	-0.023200
1627302494.966423	-0.952100	0.009300	-0.221600	-0.291800	-0.138900	-0.064500
1627302494.976378	-0.968400	-0.000200	-0.226800	-0.354400	-0.151800	-0.087100
1627302494.984326	-0.976800	0.006300	-0.232700	-0.414500	-0.158200	-0.104200
1627302495.001701	-0.967900	0.016600	-0.233600	-0.472000	-0.180800	-0.122800
1627302495.002759	-0.969400	0.038900	-0.246700	-0.502500	-0.219600	-0.137100
1627302495.012147	-0.969600	0.068200	-0.257400	-0.468300	-0.236100	-0.143600
1627302495.018457	-0.967400	0.091200	-0.260900	-0.395900	-0.226900	-0.147800
1627302495.041618	-0.964000	0.124900	-0.234100	-0.312800	-0.227500	-0.142300
1627302495.042436	-0.965900	0.133300	-0.202900	-0.201400	-0.251300	-0.136200
1627302495.057357	-0.975200	0.139900	-0.178500	-0.073100	-0.261100	-0.128600
1627302495.058563	-0.975500	0.141400	-0.166900	0.036000	-0.249500	-0.120000
1627302495.082757	-0.984500	0.140300	-0.157700	0.121800	-0.252000	-0.117000
1627302495.083623	-0.991900	0.121800	-0.150400	0.205500	-0.245500	-0.118500
1627302495.098609	-0.992700	0.089800	-0.142600	0.264700	-0.234500	-0.123700
1627302495.104559	-0.986800	0.050400	-0.143900	0.277000	-0.217700	-0.139000
1627302495.126318	-0.974600	0.014200	-0.152200	0.249500	-0.208900	-0.152400
1627302495.127343	-0.962500	-0.019700	-0.154800	0.176800	-0.206800	-0.165600
1627302495.142577	-0.958600	-0.042100	-0.155000	0.074500	-0.222900	-0.184500
1627302495.145474	-0.969200	-0.051600	-0.166600	-0.021500	-0.243400	-0.208600
1627302495.146389	-0.979700	-0.054700	-0.179700	-0.114000	-0.249200	-0.232700
1627302495.169820	-0.988000	-0.044600	-0.188000	-0.230100	-0.252600	-0.252600
1627302495.172538	-0.986300	-0.026900	-0.191900	-0.373300	-0.267200	-0.270900
1627302495.187509	-0.978400	-0.014600	-0.192400	-0.491500	-0.268800	-0.279200
1627302495.193161	-0.969800	-0.001500	-0.193100	-0.586500	-0.260200	-0.284700
1627302495.212735	-0.971200	0.019900	-0.206300	-0.657400	-0.242800	-0.290500
1627302495.213884	-0.970100	0.042700	-0.216300	-0.702600	-0.236100	-0.307300
1627302495.221071	-0.969200	0.064100	-0.205800	-0.751400	-0.244300	-0.328700
1627302495.241839	-0.965700	0.077300	-0.192600	-0.810100	-0.264800	-0.350000
1627302495.242744	-0.967800	0.102100	-0.181600	-0.857100	-0.289200	-0.375400
1627302495.252411	-0.981800	0.127200	-0.164800	-0.883700	-0.303300	-0.398000
1627302495.259973	-1.000700	0.149800	-0.159800	-0.890400	-0.304500	-0.418500
1627302495.280548	-1.006200	0.170700	-0.151200	-0.867500	-0.276700	-0.424600
1627302495.281443	-1.000200	0.183500	-0.153700	-0.811300	-0.247100	-0.425500
1627302495.292490	-0.993200	0.184000	-0.168600	-0.726400	-0.224200	-0.424600
1627302495.297592	-0.982700	0.184700	-0.184600	-0.618000	-0.190600	-0.422400
1627302495.320639	-0.992800	0.180500	-0.190400	-0.505300	-0.149000	-0.412300
1627302495.321527	-0.994800	0.178800	-0.207000	-0.387700	-0.098600	-0.391300
1627302495.331039	-1.004900	0.181000	-0.238800	-0.279500	-0.065300	-0.381500
1627302495.338812	-1.007200	0.184200	-0.275000	-0.155800	-0.023800	-0.368400
1627302495.361502	-1.005200	0.178600	-0.308800	-0.052900	0.027800	-0.347000
1627302495.362560	-1.007700	0.179900	-0.339000	0.023400	0.074200	-0.321300
1627302495.373674	-1.026200	0.184900	-0.364700	0.099800	0.128600	-0.284400
1627302495.393550	-1.045300	0.194700	-0.372300	0.141600	0.201000	-0.237000
1627302495.394469	-1.048300	0.205100	-0.384300	0.178300	0.291700	-0.179600
1627302495.401243	-1.046300	0.224200	-0.405000	0.229300	0.396200	-0.108700
1627302495.411170	-1.030900	0.253700	-0.425800	0.295000	0.519000	-0.030200
1627302495.435258	-1.029400	0.276000	-0.439200	0.382900	0.659500	0.057100
1627302495.436089	-1.034500	0.296300	-0.438400	0.471500	0.843900	0.164300
1627302495.443718	-1.035000	0.299100	-0.433100	0.583000	1.128000	0.337800
1627302495.456872	-1.039900	0.275800	-0.408700	0.702700	1.378400	0.517400
1627302495.457773	-1.047500	0.164400	-0.375000	0.808700	1.623100	0.741000
1627302495.480708	-1.050000	0.005200	-0.364100	0.787900	1.853100	0.969100
1627302495.481752	-1.038200	-0.139800	-0.372700	0.716500	2.160000	1.148100
1627302495.493681	-0.979700	-0.303200	-0.379300	0.686500	2.551600	1.248300
1627302495.499675	-0.962800	-0.515500	-0.410200	0.410700	2.814900	1.167700
1627302495.524185	-1.044200	-0.679800	-0.396400	-0.186700	2.862200	0.862200
1627302495.525092	-1.137500	-0.713700	-0.359500	-0.554400	2.855200	0.374100
1627302495.532521	-1.245800	-0.629600	-0.313100	-0.639000	2.793500	-0.145700
1627302495.543042	-1.315700	-0.416100	-0.294300	-0.567000	2.697900	-0.445000
1627302495.560701	-1.313600	-0.120600	-0.362900	-0.557200	2.609300	-0.331700
1627302495.561601	-1.292600	0.084600	-0.401400	-0.537900	2.440400	0.029600
1627302495.566209	-1.246700	0.260100	-0.390500	-0.484800	2.159100	0.409000
1627302495.587945	-1.255200	0.386000	-0.397900	-0.453000	1.971000	0.796600
1627302495.591240	-1.263100	0.463300	-0.406700	-0.398400	1.989600	1.080600
1627302495.601199	-1.238600	0.412600	-0.413200	-0.245000	2.070200	1.242200
1627302495.609647	-1.144900	0.339000	-0.422700	-0.050500	2.116700	1.240700
1627302495.631421	-1.054400	0.242100	-0.441400	0.249800	2.082500	1.152400
1627302495.632654	-1.003400	0.088300	-0.434300	0.619000	1.998800	1.038500
1627302495.642392	-0.955000	-0.040000	-0.394800	1.068900	1.899800	0.869900
1627302495.651760	-0.889400	-0.086400	-0.359000	1.524000	1.789900	0.762000
1627302495.652667	-0.878300	-0.087400	-0.327900	1.787600	1.668900	0.718700
1627302495.676516	-0.881100	-0.036300	-0.324500	1.881700	1.576400	0.727200
1627302495.680053	-0.906500	-0.020300	-0.342200	1.897300	1.550100	0.774600
1627302495.695570	-0.907000	-0.036600	-0.410800	1.901200	1.590700	0.835000
1627302495.700724	-0.900100	-0.045800	-0.492800	1.922000	1.625800	0.861900
1627302495.720224	-0.851300	-0.080000	-0.548300	1.909500	1.631300	0.828000
1627302495.721054	-0.794900	-0.156100	-0.581500	1.868900	1.583100	0.761400
1627302495.731095	-0.719000	-0.200200	-0.603400	1.767800	1.482300	0.683200
1627302495.740498	-0.644800	-0.230200	-0.606700	1.597900	1.337500	0.597400
1627302495.764164	-0.583900	-0.255400	-0.591400	1.337100	1.163700	0.501800
1627302495.765197	-0.545300	-0.264300	-0.570900	1.037800	0.988100	0.413200
1627302495.775141	-0.528000	-0.277000	-0.555800	0.780900	0.837800	0.344500
1627302495.781827	-0.536500	-0.279300	-0.532500	0.569300	0.697000	0.292600
1627302495.804844	-0.550300	-0.281500	-0.517100	0.467800	0.628000	0.247700
1627302495.806491	-0.557900	-0.275000	-0.513800	0.383900	0.577300	0.199400
1627302495.819349	-0.571300	-0.259000	-0.516400	0.302600	0.503100	0.150900
1627302495.820241	-0.580400	-0.243900	-0.516000	0.218300	0.414800	0.115400
1627302495.826385	-0.585100	-0.210300	-0.512100	0.138000	0.310000	0.086400
1627302495.846498	-0.575200	-0.162500	-0.518800	0.084200	0.195800	0.049200
1627302495.849943	-0.571200	-0.066000	-0.518600	0.063500	0.053200	0.018900
1627302495.864823	-0.558700	-0.008300	-0.509000	0.101300	-0.049800	-0.005200
1627302495.867991	-0.545500	0.019200	-0.503500	0.144400	-0.150900	-0.033900
1627302495.891210	-0.531200	0.024800	-0.502600	0.212800	-0.249200	-0.052500
1627302495.892547	-0.509000	0.007700	-0.499900	0.319400	-0.345100	-0.072400
1627302495.907910	-0.487800	-0.014300	-0.513700	0.432700	-0.431600	-0.098700
1627302495.911811	-0.490100	-0.027700	-0.545700	0.553100	-0.542400	-0.130400
1627302495.912544	-0.494300	-0.046000	-0.569000	0.663300	-0.645000	-0.176200
1627302495.937327	-0.496600	-0.072000	-0.562400	0.711900	-0.719300	-0.229400
1627302495.939879	-0.494400	-0.094400	-0.553200	0.717400	-0.803900	-0.284100
1627302495.954977	-0.494600	-0.123800	-0.547100	0.720400	-0.909200	-0.331700
1627302495.958098	-0.498700	-0.153000	-0.543300	0.710700	-1.030500	-0.364700
1627302495.981699	-0.522100	-0.175800	-0.543600	0.663300	-1.151800	-0.387600
1627302495.982912	-0.564000	-0.219700	-0.519900	0.566500	-1.264200	-0.421500
1627302495.991276	-0.588400	-0.238800	-0.492700	0.431500	-1.353000	-0.458500
1627302495.998189	-0.605800	-0.251500	-0.490000	0.344100	-1.424200	-0.488100
1627302496.021511	-0.616100	-0.276600	-0.469800	0.226900	-1.485000	-0.495100
1627302496.022351	-0.637800	-0.308300	-0.452800	0.029600	-1.554000	-0.490500
1627302496.030188	-0.673200	-0.308800	-0.456100	-0.173300	-1.639500	-0.498500
1627302496.041897	-0.710700	-0.269700	-0.470500	-0.305800	-1.725700	-0.525400
1627302496.062952	-0.749900	-0.206700	-0.480800	-0.380300	-1.791300	-0.536700
1627302496.063786	-0.759000	-0.190400	-0.478300	-0.473800	-1.818800	-0.522300
1627302496.073932	-0.761000	-0.177000	-0.471100	-0.607600	-1.850900	-0.495100
1627302496.084325	-0.760700	-0.180500	-0.475300	-0.737700	-1.902800	-0.467900
1627302496.085229	-0.777500	-0.174300	-0.481000	-0.855900	-1.971200	-0.456000
1627302496.108883	-0.795900	-0.139400	-0.487200	-0.941100	-2.045500	-0.469800
1627302496.111191	-0.817600	-0.106600	-0.493700	-0.993300	-2.121200	-0.481700
1627302496.126733	-0.852700	-0.090000	-0.487800	-1.053200	-2.211000	-0.496600
1627302496.128039	-0.896900	-0.080100	-0.477800	-1.055000	-2.274800	-0.503100
1627302496.147780	-0.937500	-0.074800	-0.472700	-0.997300	-2.312100	-0.501500
1627302496.149976	-1.000200	-0.097400	-0.447800	-0.928300	-2.312400	-0.474300
1627302496.164713	-1.019000	-0.080300	-0.400500	-0.889500	-2.244900	-0.426400
1627302496.169327	-1.037800	-0.097000	-0.355600	-0.823800	-2.169200	-0.380600
1627302496.193474	-1.037000	-0.112500	-0.313100	-0.788100	-2.089700	-0.326800
1627302496.194386	-1.012500	-0.124500	-0.295000	-0.748700	-2.021300	-0.261200
1627302496.201230	-0.993300	-0.134500	-0.291500	-0.720300	-1.962400	-0.190900
1627302496.221034	-0.968800	-0.171500	-0.273800	-0.699800	-1.877200	-0.117300
1627302496.222241	-0.962000	-0.186000	-0.251600	-0.755400	-1.844800	-0.090700
1627302496.237475	-1.039100	-0.198600	-0.252000	-0.731300	-1.852400	-0.105700
1627302496.241747	-1.215500	-0.208900	-0.288600	-0.536700	-1.723800	-0.137100
1627302496.242663	-1.369800	-0.166900	-0.377000	-0.286900	-1.344500	-0.117300
1627302496.266368	-1.332800	-0.127300	-0.482900	-0.085900	-0.890900	0.045800
1627302496.268777	-1.183200	-0.085600	-0.550300	0.006600	-0.775500	0.277000
1627302496.284390	-1.101100	-0.067700	-0.520500	-0.225200	-0.907700	0.469400
1627302496.289442	-1.170800	-0.073000	-0.480800	-0.682100	-0.917500	0.606000
1627302496.310220	-1.244600	-0.067400	-0.513700	-0.911800	-0.665200	0.699100
1627302496.311045	-1.260000	0.046300	-0.610600	-0.810700	-0.444700	0.761400
1627302496.318664	-1.277700	0.179600	-0.571800	-0.751400	-0.248600	0.831400
1627302496.330671	-1.284900	0.171500	-0.341400	-1.019600	0.009500	0.843000
1627302496.348999	-1.185200	0.050900	-0.231100	-0.933800	0.362000	0.783700
1627302496.349837	-0.979100	-0.092200	-0.226200	-0.467100	0.536700	0.675900
1627302496.360030	-0.817400	-0.200900	-0.228800	-0.024200	0.516200	0.527500
1627302496.365530	-0.733300	-0.265600	-0.268900	0.279400	0.449000	0.376300
1627302496.386855	-0.702600	-0.246100	-0.325700	0.348400	0.345500	0.230300
1627302496.388962	-0.770300	-0.154900	-0.273600	-0.107900	0.166800	0.102900
1627302496.393816	-0.868900	-0.011500	-0.220100	-0.844900	0.066600	0.082200
1627302496.416064	-0.974000	0.172700	-0.178200	-1.458800	0.044600	0.119100
1627302496.418648	-1.062900	0.393300	-0.135900	-1.731000	0.095000	0.168900
1627302496.433998	-1.123200	0.600300	-0.079200	-1.553200	0.147200	0.228500
1627302496.436564	-1.142100	0.731600	-0.040900	-0.973800	0.225700	0.332900
1627302496.458576	-1.118400	0.752400	-0.060900	-0.147300	0.314000	0.507900
1627302496.460123	-1.035600	0.580800	-0.140300	0.794400	0.417900	0.734900
1627302496.470084	-0.985100	0.398800	-0.230800	1.335900	0.457300	0.804800
1627302496.475694	-0.954500	0.270900	-0.299900	1.661500	0.454800	0.780700
1627302496.498009	-0.928100	0.164400	-0.347300	1.670300	0.417600	0.692700
1627302496.499220	-0.900000	0.077800	-0.361600	1.329800	0.352500	0.572700
1627302496.509930	-0.910600	0.034200	-0.347000	0.836800	0.265100	0.448700
1627302496.518082	-0.939300	0.019800	-0.341700	0.393300	0.188200	0.311500
1627302496.540245	-0.957400	0.037000	-0.333000	0.080900	0.120100	0.184200
1627302496.541071	-0.973500	0.076300	-0.308500	-0.072200	0.049500	0.118800
1627302496.546237	-0.982500	0.119300	-0.290300	-0.129300	-0.031400	0.083400
1627302496.569525	-0.990100	0.135700	-0.276600	-0.137200	-0.109000	0.061700
1627302496.570426	-0.994100	0.138300	-0.255100	-0.167100	-0.179300	0.045200
1627302496.580212	-0.996500	0.126100	-0.233200	-0.215400	-0.252600	0.022300
1627302496.589934	-0.999000	0.103100	-0.213700	-0.287200	-0.329500	0.000900
1627302496.614365	-0.991200	0.083900	-0.221900	-0.360200	-0.391500	-0.021700
1627302496.615236	-0.979000	0.089000	-0.243500	-0.367800	-0.428500	-0.043400
1627302496.618734	-0.979500	0.124000	-0.248800	-0.357400	-0.463300	-0.063500
1627302496.633848	-0.983800	0.159800	-0.241200	-0.336100	-0.474600	-0.086100
1627302496.635552	-0.989300	0.208900	-0.225800	-0.275900	-0.469400	-0.099000
1627302496.657369	-0.983200	0.246000	-0.221700	-0.162000	-0.450500	-0.101700
1627302496.658583	-0.954500	0.262300	-0.226300	0.014300	-0.429100	-0.093200
1627302496.673733	-0.913800	0.245700	-0.234100	0.205500	-0.430900	-0.092200
1627302496.679388	-0.898700	0.211200	-0.242900	0.350600	-0.462700	-0.095600
1627302496.698033	-0.909300	0.163100	-0.257000	0.467800	-0.498100	-0.093200
1627302496.699048	-0.919600	0.113400	-0.257400	0.528900	-0.521700	-0.093200
1627302496.708865	-0.940300	0.052900	-0.257400	0.535700	-0.547000	-0.100200
1627302496.709828	-0.951200	0.016200	-0.281500	0.530200	-0.564100	-0.107200
1627302496.734061	-0.951200	0.001800	-0.275000	0.473700	-0.567200	-0.107500
1627302496.743739	-0.955700	-0.015600	-0.243700	0.355400	-0.567500	-0.106300
1627302496.757488	-0.967300	-0.014300	-0.209700	0.244900	-0.554300	-0.106000
1627302496.771015	-0.980700	-0.010700	-0.175500	0.159700	-0.518900	-0.114500
1627302496.778228	-0.979500	-0.009600	-0.157700	0.113200	-0.464800	-0.123700
1627302496.779131	-0.970000	-0.007800	-0.159200	0.097400	-0.434000	-0.135000
1627302496.786175	-0.964100	0.005200	-0.161300	0.104100	-0.404100	-0.150600
1627302496.808640	-0.959200	-0.017800	-0.170800	0.149000	-0.362800	-0.164300
1627302496.809814	-0.973100	-0.016100	-0.160500	0.131300	-0.338400	-0.165600
1627302496.825389	-0.985000	-0.006700	-0.146700	0.086100	-0.297200	-0.166800
1627302496.829259	-0.982100	-0.003400	-0.131200	0.022800	-0.265400	-0.163700
1627302496.847886	-0.976400	0.007700	-0.140900	-0.050800	-0.249800	-0.164600
1627302496.848715	-0.979100	0.014200	-0.147500	-0.122600	-0.245200	-0.171000
1627302496.862447	-0.983900	0.017600	-0.148800	-0.194300	-0.245800	-0.181100
1627302496.876243	-1.000100	0.026900	-0.156000	-0.273400	-0.244000	-0.194900
1627302496.889300	-1.011000	0.041500	-0.162000	-0.324400	-0.238800	-0.203100
1627302496.890198	-1.017600	0.057500	-0.169300	-0.361100	-0.226300	-0.204600
1627302496.897746	-1.014400	0.071800	-0.176900	-0.380600	-0.209800	-0.194900
1627302496.919802	-0.996300	0.077900	-0.163800	-0.405400	-0.215000	-0.185400
1627302496.928069	-0.977700	0.084000	-0.159100	-0.415200	-0.247700	-0.189400
1627302496.928993	-0.964000	0.094000	-0.153800	-0.420700	-0.273300	-0.199800
1627302496.937538	-0.952300	0.106200	-0.151500	-0.437500	-0.299600	-0.215600
1627302496.939908	-0.951400	0.112900	-0.142800	-0.459100	-0.327100	-0.237600
1627302496.967737	-0.959800	0.121800	-0.140000	-0.471100	-0.345100	-0.270000
1627302496.969142	-0.977800	0.126600	-0.140400	-0.463700	-0.343000	-0.310900
1627302496.978776	-1.000200	0.124300	-0.133700	-0.430100	-0.316100	-0.350600
1627302496.981725	-1.001000	0.123700	-0.130500	-0.389800	-0.269700	-0.380000
1627302497.004667	-0.990400	0.122100	-0.130200	-0.350400	-0.234500	-0.403200
1627302497.007294	-0.985400	0.116100	-0.125000	-0.322300	-0.223600	-0.414800
1627302497.023167	-0.979600	0.112300	-0.119000	-0.316200	-0.230000	-0.421500
1627302497.025554	-0.987700	0.106200	-0.120000	-0.337600	-0.237900	-0.427900
1627302497.048919	-1.001100	0.101300	-0.126300	-0.368700	-0.242800	-0.432200
1627302497.049801	-1.011100	0.104400	-0.136700	-0.390100	-0.228400	-0.433700
1627302497.062543	-1.016400	0.107700	-0.148600	-0.394400	-0.201300	-0.429400
1627302497.069284	-1.020000	0.096200	-0.149800	-0.374500	-0.137400	-0.426700
1627302497.090570	-1.012600	0.084800	-0.149000	-0.351900	-0.066900	-0.421200
1627302497.091404	-0.989000	0.072000	-0.160000	-0.326600	-0.006400	-0.415100
1627302497.097501	-0.961300	0.061000	-0.180500	-0.315300	0.019000	-0.409600
1627302497.118533	-0.942700	0.053700	-0.199700	-0.317400	0.017700	-0.417200
1627302497.126958	-0.943500	0.051900	-0.211400	-0.335400	-0.004900	-0.437100
1627302497.127866	-0.962800	0.058200	-0.214400	-0.366600	-0.023800	-0.462400
1627302497.137531	-0.989400	0.063800	-0.217700	-0.404200	-0.019200	-0.485600
1627302497.138431	-1.018400	0.073500	-0.224000	-0.419100	0.013200	-0.487800
1627302497.167022	-1.047100	0.094800	-0.236900	-0.414900	0.078800	-0.473700
1627302497.178356	-1.069000	0.126700	-0.243700	-0.387700	0.178100	-0.442600
1627302497.179297	-1.081300	0.159800	-0.251100	-0.329900	0.300900	-0.387600
1627302497.183732	-1.098400	0.187000	-0.262200	-0.238900	0.443500	-0.314300
1627302497.202716	-1.111100	0.200400	-0.280500	-0.138400	0.614900	-0.221800
1627302497.214288	-1.107900	0.207200	-0.288100	-0.018400	0.869900	-0.083700
1627302497.230639	-1.106200	0.196700	-0.280500	0.086700	1.084300	0.039700
1627302497.231537	-1.092000	0.177000	-0.256100	0.189000	1.313700	0.175300
1627302497.240078	-1.066200	0.136800	-0.241700	0.249800	1.530200	0.317600
1627302497.252385	-1.040300	0.085100	-0.247800	0.251300	1.726600	0.441300
1627302497.270309	-1.035200	0.012900	-0.280500	0.245500	1.883900	0.521700
1627302497.271740	-1.073100	-0.047700	-0.364700	0.248200	1.985600	0.539100
1627302497.277564	-1.154700	-0.131200	-0.476100	0.291900	2.036300	0.540300
1627302497.290909	-1.215100	-0.176500	-0.581800	0.367100	2.064100	0.566000
1627302497.291811	-1.271700	-0.214600	-0.681400	0.508500	2.099300	0.616700
1627302497.315208	-1.291100	-0.248700	-0.724100	0.823700	2.213200	0.657600
1627302497.317414	-1.248400	-0.280500	-0.668100	1.221000	2.343600	0.651800
1627302497.326125	-1.202000	-0.281100	-0.555100	1.486800	2.434600	0.602000
1627302497.335553	-1.157200	-0.255600	-0.388500	1.579300	2.536000	0.527200
1627302497.359407	-1.109400	-0.247300	-0.266200	1.452000	2.582200	0.409000
1627302497.360235	-1.072000	-0.234400	-0.222400	1.117500	2.488400	0.301500
1627302497.372655	-1.078700	-0.226400	-0.245000	0.709100	2.296000	0.274600
1627302497.375584	-1.117300	-0.206500	-0.293200	0.347800	2.118200	0.324100
1627302497.394245	-1.134000	-0.169600	-0.349600	0.093100	1.993000	0.413500
1627302497.397531	-1.141400	-0.105300	-0.398100	-0.082500	1.894000	0.506700
1627302497.407517	-1.102200	-0.054100	-0.448700	-0.171100	1.913600	0.606000
1627302497.416809	-1.065900	-0.015900	-0.465900	-0.163200	1.991800	0.653900
1627302497.437776	-1.026600	0.019900	-0.478500	-0.076400	2.080600	0.669200
1627302497.438687	-0.972500	0.026200	-0.499800	0.106500	2.164300	0.656400
1627302497.446212	-0.896000	0.000700	-0.513500	0.330400	2.169500	0.609600
1627302497.467073	-0.850200	-0.019700	-0.503100	0.558900	2.092500	0.549200
1627302497.467758	-0.811800	-0.037500	-0.492900	0.782700	1.968200	0.489600
1627302497.477598	-0.797100	-0.025400	-0.475100	1.011500	1.814600	0.451100
1627302497.483948	-0.786100	-0.007900	-0.464000	1.222300	1.741600	0.417500
1627302497.508431	-0.772800	-0.009200	-0.430500	1.330700	1.723600	0.410200
1627302497.509328	-0.755900	-0.052100	-0.414100	1.313000	1.700700	0.409900
1627302497.516277	-0.726800	-0.091900	-0.422000	1.214000	1.634700	0.439500
1627302497.526294	-0.688500	-0.135100	-0.421000	1.073500	1.544300	0.444400
1627302497.542309	-0.662600	-0.165400	-0.416900	0.903100	1.434900	0.415400
1627302497.554346	-0.639200	-0.188800	-0.410300	0.702100	1.318900	0.364700
1627302497.555266	-0.605300	-0.207500	-0.391200	0.563100	1.242800	0.352200
1627302497.573975	-0.568700	-0.222500	-0.387900	0.498700	1.153300	0.354900
1627302497.576390	-0.535000	-0.246800	-0.401100	0.497200	1.043100	0.364700
1627302497.588728	-0.505200	-0.266800	-0.415200	0.499600	0.923300	0.374500
1627302497.593356	-0.480100	-0.285000	-0.426600	0.476400	0.801500	0.369000
1627302497.615337	-0.460700	-0.271400	-0.434400	0.437000	0.671100	0.350300
1627302497.616380	-0.446300	-0.261000	-0.456700	0.376500	0.515600	0.320100
1627302497.630066	-0.436600	-0.235100	-0.472700	0.297700	0.373000	0.277300
1627302497.636844	-0.426100	-0.201300	-0.480300	0.191700	0.227900	0.224200
1627302497.657798	-0.412700	-0.176500	-0.467200	0.038400	0.083700	0.181700
1627302497.658624	-0.410400	-0.160500	-0.448100	-0.115200	-0.067200	0.158800
1627302497.668857	-0.419100	-0.132300	-0.460900	-0.160700	-0.225100	0.135600
1627302497.675720	-0.450700	-0.105000	-0.483800	-0.097500	-0.390300	0.110600
1627302497.698131	-0.469000	-0.088700	-0.497400	-0.036700	-0.524100	0.100800
1627302497.699149	-0.491600	-0.073400	-0.513700	0.014600	-0.647500	0.089800
1627302497.706297	-0.516400	-0.064500	-0.516400	0.083000	-0.759000	0.071200
1627302497.728540	-0.527200	-0.062000	-0.496900	0.138300	-0.866800	0.045800
1627302497.730254	-0.531500	-0.064600	-0.479700	0.179800	-0.990500	0.025000
1627302497.744962	-0.563800	-0.082800	-0.450600	0.197500	-1.120900	0.005800
1627302497.749280	-0.607400	-0.106600	-0.417800	0.205200	-1.222900	-0.026900
1627302497.767732	-0.654500	-0.109300	-0.412200	0.256800	-1.290700	-0.062600
1627302497.770121	-0.685300	-0.123000	-0.446400	0.318800	-1.323100	-0.089200
