1627301071.671714	0.015300	-0.572000	-0.847700	0.024300	-0.004000	-0.002500
1627301071.672560	0.015900	-0.573500	-0.846700	0.027100	-0.004300	-0.003700
1627301071.673398	0.014800	-0.573200	-0.851300	0.022200	-0.004600	-0.002500
1627301071.674087	0.014500	-0.571300	-0.844700	0.026200	-0.003400	-0.003100
1627301071.674725	0.014500	-0.571300	-0.844700	0.026200	-0.003400	-0.003100
1627301071.768421	0.604000	0.025100	-0.062700	-2.192800	-2.251400	-1.471000
1627301071.770149	0.590800	0.137200	-0.100300	-2.150000	-2.296300	-1.411400
1627301071.770572	0.570400	0.175300	-0.153400	-1.351300	-2.310400	-1.296300
1627301071.771021	0.590300	0.116300	-0.256100	-0.970800	-2.299700	-1.066900
1627301071.772738	0.585000	0.118300	-0.286900	-1.337900	-2.278000	-0.894900
1627301071.773189	0.590200	0.160500	-0.288200	-1.673600	-2.252900	-0.724500
1627301071.773610	0.623000	0.225600	-0.307100	-1.554400	-2.222400	-0.507900
1627301071.775836	0.626100	0.255000	-0.345700	-0.877300	-2.204400	-0.308500
1627301071.776250	0.615500	0.231100	-0.405600	-0.093900	-2.196700	-0.110300
1627301071.776764	0.592700	0.172500	-0.483600	0.467800	-2.174100	0.154500
1627301071.778727	0.573700	0.119100	-0.543500	0.640100	-2.138700	0.409000
1627301071.779182	0.584600	0.059000	-0.577500	0.564900	-2.091400	0.645100
1627301071.779674	0.592700	-0.003700	-0.607200	0.550600	-2.030900	0.880500
1627301071.780131	0.594100	-0.086500	-0.640000	0.943700	-1.954200	1.063200
1627301071.782359	0.596400	-0.178600	-0.664400	1.462000	-1.866900	1.168600
1627301071.782770	0.602200	-0.262500	-0.685200	2.098200	-1.776800	1.267200
1627301071.783201	0.612300	-0.394500	-0.702500	2.743900	-1.675700	1.349400
1627301071.783620	0.620600	-0.531200	-0.720600	2.968400	-1.593500	1.398600
1627301071.785777	0.624600	-0.673700	-0.718600	2.934500	-1.501300	1.398000
1627301071.786200	0.654700	-0.802600	-0.684100	2.759500	-1.427000	1.343000
1627301071.786625	0.700400	-0.903900	-0.634600	2.440900	-1.406300	1.226300
1627301071.787123	0.736900	-0.948600	-0.584800	2.246700	-1.425500	1.070800
1627301071.787543	0.742100	-1.022700	-0.561400	2.256700	-1.480500	0.883300
1627301071.789716	0.734300	-1.091100	-0.574200	2.134900	-1.538500	0.714100
1627301071.790137	0.706800	-1.159900	-0.602200	1.797700	-1.594400	0.523500
1627301071.790586	0.691700	-1.197900	-0.626700	1.247900	-1.647300	0.289800
1627301071.791005	0.712600	-1.199800	-0.646700	0.819700	-1.691200	0.084900
1627301071.791423	0.715500	-1.185200	-0.689300	0.483400	-1.735800	-0.141100
1627301071.794022	0.707500	-1.145800	-0.756000	0.257100	-1.762700	-0.390400
1627301071.794443	0.701000	-1.105800	-0.825200	0.102500	-1.754200	-0.588900
1627301071.794866	0.672000	-1.045900	-0.908600	-0.063000	-1.714800	-0.770300
1627301071.795330	0.647800	-0.963100	-0.983900	-0.170800	-1.609100	-0.964300
1627301071.797415	0.642300	-0.893200	-1.022500	-0.099100	-1.494900	-1.086400
1627301071.797876	0.635000	-0.841600	-1.041600	0.073200	-1.369300	-1.181400
1627301071.798283	0.643300	-0.790600	-1.045400	0.218000	-1.213900	-1.270600
1627301071.800024	0.639800	-0.746700	-1.034300	0.296800	-1.100800	-1.317300
1627301071.800433	0.644900	-0.712200	-1.024000	0.397300	-1.001600	-1.348200
1627301071.800841	0.658900	-0.682300	-1.023200	0.488000	-0.894400	-1.368000
1627301071.801293	0.666700	-0.669700	-1.033900	0.594900	-0.814000	-1.374800
1627301071.803486	0.677900	-0.680500	-1.058600	0.750300	-0.734600	-1.382700
1627301071.803908	0.680700	-0.716200	-1.106100	0.872200	-0.629300	-1.408700
1627301071.804315	0.668300	-0.735600	-1.134600	0.957700	-0.512600	-1.449600
1627301071.804754	0.670400	-0.738500	-1.140400	1.038100	-0.392800	-1.499700
1627301071.806838	0.684900	-0.731100	-1.134800	1.139800	-0.260000	-1.555000
1627301071.807279	0.693000	-0.734600	-1.143300	1.274500	-0.156400	-1.601700
1627301071.807686	0.696000	-0.757300	-1.160600	1.457100	-0.056600	-1.657000
1627301071.808102	0.690600	-0.774300	-1.180900	1.597300	0.074200	-1.752600
1627301071.810659	0.681800	-0.770000	-1.187100	1.643100	0.197900	-1.851900
1627301071.811066	0.682000	-0.759600	-1.172700	1.439100	0.313600	-1.949900
1627301071.811478	0.678200	-0.694500	-1.135900	1.010900	0.443100	-2.052800
1627301071.811931	0.665400	-0.623500	-1.090000	0.700300	0.570500	-2.141400
1627301071.813608	0.660500	-0.553500	-1.042000	0.567400	0.676800	-2.210700
1627301071.814051	0.665400	-0.476300	-1.007400	0.505400	0.783700	-2.262700
1627301071.814493	0.664900	-0.426900	-0.986800	0.515800	0.882600	-2.292000
1627301071.814901	0.654500	-0.402100	-0.971300	0.428700	0.973700	-2.314600
1627301071.817107	0.649200	-0.358300	-0.946700	0.259800	1.090900	-2.334100
1627301071.817514	0.646700	-0.300900	-0.889500	0.145900	1.208800	-2.350000
1627301071.817958	0.655200	-0.232700	-0.830100	0.140400	1.301100	-2.354300
1627301071.818365	0.654900	-0.165900	-0.758300	0.227700	1.381700	-2.341800
1627301071.820894	0.649500	-0.095600	-0.684000	0.292800	1.445500	-2.308200
1627301071.821347	0.657700	-0.041500	-0.620700	0.281500	1.478500	-2.260200
1627301071.821756	0.673600	0.018700	-0.560500	0.221000	1.495900	-2.182600
1627301071.822165	0.681300	0.079000	-0.501200	0.242100	1.500200	-2.072400
1627301071.824291	0.683800	0.113500	-0.464800	0.315100	1.492900	-1.970700
1627301071.824742	0.690900	0.139800	-0.425300	0.372200	1.480100	-1.858600
1627301071.825150	0.701700	0.175800	-0.385000	0.418600	1.459300	-1.729100
1627301071.825557	0.701000	0.204800	-0.351200	0.485200	1.439100	-1.618200
1627301071.826829	0.710100	0.236200	-0.312400	0.576200	1.416200	-1.503700
1627301071.827284	0.714800	0.264900	-0.270900	0.748200	1.387800	-1.357100
1627301071.827690	0.720900	0.277700	-0.229500	0.860300	1.358500	-1.239200
1627301071.829403	0.726700	0.289100	-0.184300	0.935100	1.320000	-1.123700
1627301071.829852	0.736500	0.306500	-0.125600	0.973900	1.256800	-0.978600
1627301071.830270	0.742600	0.320100	-0.076700	0.988000	1.190500	-0.859200
1627301071.832459	0.760400	0.325900	-0.028400	1.001700	1.109300	-0.736100
1627301071.832874	0.764900	0.326700	0.025600	0.984000	0.995300	-0.585500
1627301071.833323	0.764900	0.326700	0.025600	0.984000	0.995300	-0.585500
1627301071.833727	0.763200	0.324700	0.069500	0.985200	0.895800	-0.468200
1627301071.836249	0.772800	0.325100	0.104100	1.023700	0.784600	-0.358600
1627301071.836700	0.782100	0.318000	0.133100	1.064000	0.638600	-0.231800
1627301071.837105	0.790600	0.305800	0.139200	1.044800	0.496900	-0.120400
1627301071.837512	0.788100	0.289700	0.129000	0.973900	0.368300	-0.023200
1627301071.837917	0.785400	0.265000	0.109600	0.877700	0.231800	0.078500
1627301071.839946	0.782700	0.245000	0.086200	0.825800	0.124200	0.153000
1627301071.840355	0.000000	734608031744.000000	12.269600	0.000000	0.000000	2418602191128757406793728.000000
1627301071.840988	0.820700	-0.035800	-0.377000	-0.788700	-1.150000	0.848200
1627301071.841396	0.804600	-0.039800	-0.404200	-0.797900	-1.170800	0.857600
1627301071.841807	0.785600	-0.056400	-0.427500	-0.710200	-1.188200	0.876000
1627301071.842213	0.776100	-0.090000	-0.456800	-0.650100	-1.198600	0.884200
1627301071.842619	0.777000	-0.131100	-0.495600	-0.718200	-1.214500	0.872000
1627301071.843024	0.796900	-0.159800	-0.557700	-1.009300	-1.227000	0.825600
1627301071.843429	0.807900	-0.147000	-0.616000	-1.403900	-1.224200	0.775500
1627301071.843834	0.798200	-0.101300	-0.671000	-1.752400	-1.198600	0.733900
1627301071.844241	0.782300	-0.036500	-0.718300	-1.880700	-1.136900	0.721700
1627301071.844648	0.776900	-0.001200	-0.734000	-1.817400	-1.069700	0.747100
1627301071.855956	0.778000	0.014800	-0.740400	-1.744100	-1.012900	0.800200
1627301071.856879	0.776500	0.007200	-0.748900	-1.689800	-0.965200	0.876000
1627301071.857717	0.767900	-0.015300	-0.759400	-1.596300	-0.933800	0.934300
1627301071.890910	0.761100	-0.051400	-0.774700	-1.487300	-0.912400	0.967000
1627301071.891832	0.794100	-0.061400	-0.802000	-1.531500	-0.892800	0.978900
1627301071.892669	0.818400	-0.025500	-0.840700	-1.679700	-0.884000	1.003600
1627301071.895203	0.810400	0.017000	-0.883800	-1.820500	-0.866600	1.062900
1627301071.910265	0.785900	0.061200	-0.930800	-1.870900	-0.817700	1.168900
1627301071.931992	0.762100	0.075700	-0.953500	-1.707200	-0.745300	1.303300
1627301071.932918	0.757800	0.050300	-0.964800	-1.483300	-0.676300	1.427600
1627301071.935092	0.754900	-0.004300	-0.977300	-1.277400	-0.608200	1.558900
1627301071.960805	0.741800	-0.080200	-0.999400	-1.136300	-0.540100	1.661200
1627301071.961731	0.737400	-0.136800	-1.023400	-1.072800	-0.474400	1.720200
1627301071.972636	0.740400	-0.174600	-1.054000	-0.990300	-0.391900	1.766600
1627301071.975162	0.727500	-0.209100	-1.090000	-0.869400	-0.295100	1.815800
1627301072.002065	0.706400	-0.254600	-1.120100	-0.740800	-0.193100	1.857300
1627301072.003208	0.692500	-0.311800	-1.133800	-0.640600	-0.070000	1.886300
1627301072.006328	0.688400	-0.376500	-1.128900	-0.571300	0.072000	1.895500
1627301072.042072	0.684600	-0.429000	-1.111000	-0.552900	0.186600	1.871400
1627301072.042995	0.682100	-0.482400	-1.082300	-0.529700	0.288300	1.819800
1627301072.043825	0.689000	-0.535800	-1.058800	-0.602100	0.386300	1.726000
1627301072.044810	0.694600	-0.553100	-1.042800	-0.757900	0.449500	1.631300
1627301072.068284	0.693200	-0.552000	-1.027100	-0.944800	0.504200	1.528700
1627301072.069213	0.690400	-0.539700	-1.019900	-1.154600	0.557400	1.425100
1627301072.095940	0.687500	-0.516500	-1.017600	-1.326300	0.599800	1.347900
1627301072.096854	0.686600	-0.483400	-1.022200	-1.453700	0.641700	1.292600
1627301072.097691	0.675800	-0.450700	-1.029300	-1.541000	0.702400	1.250700
1627301072.105127	0.669400	-0.424300	-1.034800	-1.524800	0.760200	1.241600
1627301072.130743	0.664400	-0.414400	-1.030200	-1.406300	0.827000	1.250700
1627301072.131664	0.664800	-0.425300	-1.025000	-1.234400	0.911700	1.271800
1627301072.135054	0.663800	-0.449600	-1.013800	-1.139400	0.977900	1.289200
1627301072.144911	0.664800	-0.475500	-1.002300	-1.082300	1.042400	1.297800
1627301072.170764	0.662200	-0.500100	-0.981200	-0.967100	1.120300	1.304800
1627301072.171676	0.651500	-0.521700	-0.962300	-0.827200	1.180400	1.302700
1627301072.176502	0.641200	-0.547200	-0.940900	-0.662900	1.239100	1.295300
1627301072.187555	0.644900	-0.593000	-0.911100	-0.535500	1.302600	1.280100
1627301072.202781	0.647800	-0.629600	-0.889600	-0.489400	1.351500	1.248900
1627301072.226938	0.657000	-0.661600	-0.868500	-0.472600	1.393000	1.203400
1627301072.227849	0.661300	-0.685900	-0.845100	-0.490600	1.438200	1.131300
1627301072.229120	0.657200	-0.697100	-0.824600	-0.507100	1.475500	1.062900
1627301072.259578	0.656700	-0.707800	-0.801400	-0.513200	1.508500	0.996000
1627301072.260496	0.666600	-0.715000	-0.773700	-0.543200	1.541500	0.916300
1627301072.261398	0.673100	-0.713500	-0.750700	-0.586200	1.565900	0.846300
1627301072.263940	0.684800	-0.708300	-0.725000	-0.644900	1.582100	0.786200
1627301072.303522	0.698200	-0.699500	-0.702500	-0.706900	1.595200	0.722600
1627301072.304453	0.705400	-0.690300	-0.682600	-0.711200	1.611400	0.664000
1627301072.305320	0.708300	-0.689600	-0.662800	-0.629600	1.623900	0.609900
1627301072.307581	0.723600	-0.689700	-0.643700	-0.553900	1.630000	0.545800
1627301072.322850	0.736700	-0.686000	-0.635600	-0.541900	1.630600	0.483800
1627301072.338872	0.740100	-0.684000	-0.634400	-0.599100	1.632500	0.434000
1627301072.359615	0.734900	-0.674400	-0.638500	-0.672100	1.644100	0.384500
1627301072.360540	0.730700	-0.662800	-0.632300	-0.677200	1.665800	0.340200
1627301072.361469	0.730100	-0.654400	-0.623500	-0.603600	1.689300	0.303000
1627301072.363601	0.717900	-0.658300	-0.617100	-0.481800	1.717700	0.267900
1627301072.387167	0.704300	-0.672200	-0.605100	-0.379500	1.755300	0.221400
1627301072.388089	0.700000	-0.675800	-0.583400	-0.360800	1.788200	0.177100
1627301072.402742	0.696800	-0.669600	-0.557100	-0.358400	1.818500	0.129500
1627301072.405064	0.700000	-0.661500	-0.523900	-0.344000	1.849300	0.077600
1627301072.420736	0.695200	-0.648700	-0.494300	-0.308300	1.874700	0.035400
1627301072.445750	0.693400	-0.637500	-0.454800	-0.257900	1.897600	-0.007000
1627301072.446670	0.691300	-0.627900	-0.401400	-0.226700	1.916200	-0.051000
1627301072.447507	0.693600	-0.613500	-0.352900	-0.198600	1.918100	-0.088300
1627301072.457621	0.686400	-0.600200	-0.301300	-0.168700	1.907400	-0.123100
1627301072.488361	0.675700	-0.582300	-0.247800	-0.111300	1.881400	-0.165900
1627301072.491022	0.665200	-0.566400	-0.205100	-0.046500	1.850200	-0.197600
1627301072.491937	0.657300	-0.556400	-0.162700	0.028300	1.810800	-0.230000
1627301072.494058	0.661100	-0.541600	-0.105200	0.073200	1.747600	-0.268500
1627301072.506216	0.667000	-0.521600	-0.066000	0.088500	1.683200	-0.293500
1627301072.521536	0.668700	-0.507300	-0.030200	0.145000	1.610200	-0.314600
1627301072.544380	0.674200	-0.497700	0.011700	0.236000	1.510000	-0.342700
1627301072.545314	0.678800	-0.487200	0.036700	0.287000	1.421100	-0.366500
1627301072.546221	0.682400	-0.477500	0.059900	0.292500	1.328900	-0.390700
1627301072.574506	0.686800	-0.457500	0.079300	0.255800	1.215900	-0.416000
1627301072.575429	0.685200	-0.439700	0.092500	0.203900	1.115700	-0.437400
1627301072.576565	0.684300	-0.418000	0.106000	0.146500	1.023100	-0.449900
1627301072.583834	0.692700	-0.394400	0.128300	0.094600	0.912600	-0.460000
1627301072.599438	0.702000	-0.378500	0.147700	0.061900	0.809000	-0.462400
1627301072.619454	0.708000	-0.368900	0.169100	0.010300	0.707300	-0.461500
1627301072.620367	0.727700	-0.353800	0.191300	-0.078600	0.577500	-0.458200
1627301072.623857	0.739500	-0.339600	0.199100	-0.140600	0.450800	-0.449900
1627301072.644354	0.746200	-0.333300	0.193500	-0.159800	0.327700	-0.439500
1627301072.645267	0.752200	-0.328600	0.168600	-0.185200	0.200900	-0.427600
1627301072.673381	0.755000	-0.324700	0.141500	-0.204100	0.085500	-0.412700
1627301072.674300	0.754000	-0.320400	0.112400	-0.180300	-0.002800	-0.399200
1627301072.675517	0.756700	-0.321400	0.080000	-0.129300	-0.088900	-0.386400
1627301072.703299	0.754200	-0.325300	0.051300	-0.087800	-0.163200	-0.377200
1627301072.704237	0.760900	-0.324800	0.032300	-0.078900	-0.220000	-0.373600
1627301072.705073	0.769800	-0.317500	0.015400	-0.089600	-0.277700	-0.373300
1627301072.720029	0.782100	-0.309800	-0.000200	-0.098100	-0.339100	-0.370800
1627301072.733222	0.790500	-0.299200	-0.012300	-0.105200	-0.387400	-0.366800
1627301072.734142	0.793700	-0.287700	-0.023800	-0.090800	-0.430400	-0.360400
1627301072.760801	0.800200	-0.270300	-0.032700	-0.063600	-0.473800	-0.345800
1627301072.761717	0.808200	-0.259200	-0.035300	-0.033700	-0.508900	-0.324700
1627301072.764161	0.815400	-0.250900	-0.037100	-0.009000	-0.545600	-0.296600
1627301072.775356	0.821900	-0.242100	-0.031900	0.040800	-0.584100	-0.264200
1627301072.802341	0.839600	-0.236200	-0.020300	0.115000	-0.621600	-0.231200
1627301072.803269	0.849600	-0.233600	-0.006600	0.196600	-0.665600	-0.197900
1627301072.804104	0.865200	-0.228600	0.001600	0.287300	-0.732800	-0.150600
1627301072.811270	0.876800	-0.226700	0.002300	0.354800	-0.792400	-0.105100
1627301072.838246	0.875900	-0.235200	-0.005600	0.420800	-0.853700	-0.057100
1627301072.839189	0.869800	-0.242900	-0.022900	0.513300	-0.924000	0.003700
1627301072.842591	0.870800	-0.256800	-0.043200	0.597300	-0.971000	0.054000
1627301072.875703	0.869900	-0.279900	-0.065400	0.697500	-1.010700	0.102600
1627301072.876700	0.852900	-0.319300	-0.096700	0.789700	-1.047700	0.146900
1627301072.877673	0.850100	-0.350100	-0.110800	0.827300	-1.066900	0.166800
1627301072.882687	0.852900	-0.370500	-0.112300	0.891100	-1.092300	0.169200
1627301072.909558	0.862100	-0.395300	-0.106300	1.032300	-1.128900	0.159100
1627301072.910584	0.856700	-0.427000	-0.091200	1.259500	-1.182400	0.128000
1627301072.913860	0.871500	-0.468900	-0.089800	1.440000	-1.251100	0.084000
1627301072.926350	0.860200	-0.498900	-0.125000	1.481600	-1.344900	0.031800
1627301072.952080	0.826300	-0.515400	-0.184100	1.320000	-1.414500	0.003700
1627301072.953020	0.818500	-0.516400	-0.222300	1.116900	-1.459100	-0.012500
1627301072.953874	0.821500	-0.523800	-0.292400	0.962000	-1.492100	-0.033900
1627301072.982128	0.812700	-0.528800	-0.346100	0.717100	-1.504300	-0.055600
1627301072.983060	0.776000	-0.512300	-0.395600	0.587200	-1.486900	-0.092300
1627301072.984003	0.790800	-0.489700	-0.415900	0.902100	-1.471000	-0.125900
1627301072.993934	0.767800	-0.519200	-0.468000	1.137300	-1.421200	-0.157300
1627301073.027004	0.761400	-0.507100	-0.483200	1.107400	-1.377900	-0.180800
1627301073.027934	0.752400	-0.516100	-0.491100	1.275400	-1.326600	-0.199200
1627301073.028942	0.755100	-0.535300	-0.483500	1.309600	-1.283200	-0.229400
1627301073.032518	0.757100	-0.524400	-0.463900	1.276900	-1.259400	-0.258400
1627301073.055685	0.759000	-0.517600	-0.452100	1.298000	-1.246500	-0.291100
1627301073.056603	0.756500	-0.509200	-0.438500	1.289100	-1.245000	-0.323800
1627301073.080891	0.759200	-0.499800	-0.426300	1.340700	-1.254200	-0.351600
1627301073.081818	0.743400	-0.506200	-0.415800	1.456500	-1.269400	-0.379700
1627301073.082657	0.736800	-0.505400	-0.397200	1.547200	-1.289600	-0.422100
1627301073.115746	0.762500	-0.488400	-0.391700	1.527400	-1.319500	-0.455700
1627301073.116662	0.774000	-0.469700	-0.376000	1.340100	-1.367500	-0.469200
1627301073.117497	0.774500	-0.446500	-0.366800	1.168800	-1.431300	-0.467600
1627301073.126382	0.777000	-0.437100	-0.378400	1.086000	-1.486600	-0.453600
1627301073.141776	0.778900	-0.429200	-0.391700	1.045700	-1.541000	-0.430100
1627301073.161798	0.765600	-0.432400	-0.422900	1.135800	-1.597500	-0.390400
1627301073.163023	0.760500	-0.451200	-0.460600	1.299500	-1.634100	-0.361300
1627301073.163917	0.758100	-0.482400	-0.510900	1.439700	-1.664400	-0.339000
1627301073.173961	0.752200	-0.514000	-0.566900	1.449500	-1.696400	-0.323800
1627301073.204623	0.750500	-0.539700	-0.620700	1.385000	-1.709600	-0.318000
1627301073.205558	0.745800	-0.571200	-0.672200	1.314200	-1.705900	-0.324400
1627301073.206394	0.736100	-0.599100	-0.718900	1.306200	-1.676600	-0.359500
1627301073.211267	0.773400	-0.616200	-0.747400	1.390500	-1.641500	-0.403200
1627301073.226650	0.908600	-0.624100	-0.688500	1.580500	-1.573700	-0.469800
1627301073.246940	0.750400	-0.620200	-0.709400	2.554200	-1.599000	-0.550700
1627301073.247858	0.700000	-0.712000	-0.772200	2.864200	-1.609700	-0.596800
1627301073.251341	0.696500	-0.746600	-0.842700	2.329700	-1.605700	-0.633200
1627301073.262680	0.726600	-0.749300	-0.899900	1.404000	-1.557800	-0.675900
1627301073.277336	0.736600	-0.721300	-0.929900	0.875900	-1.494900	-0.740400
1627301073.300986	0.748700	-0.701200	-0.965000	0.855400	-1.422200	-0.827700
1627301073.301910	0.774500	-0.697900	-1.017200	0.975800	-1.310700	-0.938000
1627301073.303920	0.782000	-0.687400	-1.050000	1.018500	-1.191300	-1.024100
1627301073.334465	0.780500	-0.686600	-1.067900	0.985500	-1.071200	-1.095600
1627301073.335389	0.771000	-0.677400	-1.064600	0.845300	-0.929500	-1.179600
1627301073.336424	0.767600	-0.657600	-1.047600	0.776300	-0.810100	-1.256300
1627301073.343989	0.766400	-0.636800	-1.024500	0.749100	-0.708700	-1.324100
1627301073.374364	0.771500	-0.601300	-0.999000	0.693500	-0.613700	-1.394300
1627301073.375284	0.775800	-0.556900	-0.978000	0.612900	-0.535200	-1.448700
1627301073.376444	0.770800	-0.521600	-0.960600	0.576600	-0.471700	-1.486600
1627301073.381361	0.763100	-0.483300	-0.948600	0.613500	-0.404500	-1.528700
1627301073.396360	0.765900	-0.442600	-0.941000	0.670300	-0.343700	-1.569300
1627301073.412323	0.768100	-0.405600	-0.940700	0.691700	-0.293600	-1.600200
1627301073.432016	0.769500	-0.371600	-0.940200	0.695400	-0.232500	-1.622500
1627301073.432949	0.761600	-0.339800	-0.937100	0.660900	-0.167400	-1.639600
1627301073.433787	0.758700	-0.310100	-0.931300	0.608900	-0.108500	-1.648400
1627301073.461937	0.761200	-0.281000	-0.922700	0.582100	-0.046800	-1.654200
1627301073.463095	0.762900	-0.261400	-0.920400	0.626900	0.020400	-1.658800
1627301073.463967	0.755100	-0.265600	-0.918300	0.704500	0.080900	-1.668300
1627301073.476563	0.755000	-0.261700	-0.914300	0.714600	0.152700	-1.688100
1627301073.494580	0.782000	-0.245000	-0.891500	0.708200	0.241800	-1.716900
1627301073.495611	0.855600	-0.217900	-0.814300	0.893300	0.331300	-1.755900
1627301073.502719	0.790800	-0.175200	-0.766800	1.661100	0.370700	-1.817900
1627301073.512522	0.742800	-0.190400	-0.742300	2.529500	0.396400	-1.880300
1627301073.538293	0.739000	-0.203700	-0.729000	2.649800	0.397900	-1.916600
1627301073.539224	0.727700	-0.193700	-0.707200	2.391700	0.386900	-1.938300
1627301073.541367	0.719800	-0.158000	-0.673200	2.033200	0.363400	-1.951700
1627301073.579712	0.724700	-0.134000	-0.651000	1.817500	0.337700	-1.953300
1627301073.580641	0.718900	-0.112700	-0.636200	1.643100	0.309000	-1.957800
1627301073.581483	0.714000	-0.086700	-0.628100	1.551500	0.290700	-1.946800
1627301073.583949	0.713600	-0.075200	-0.618700	1.462000	0.282500	-1.937100
1627301073.599071	0.694700	-0.042700	-0.599900	1.432700	0.267800	-1.917800
1627301073.614987	0.704300	-0.039300	-0.608800	1.264700	0.250700	-1.877200
1627301073.633209	0.712200	-0.007700	-0.608900	0.882900	0.249200	-1.835400
1627301073.634129	0.696900	0.027200	-0.607100	0.652300	0.258600	-1.778500
1627301073.635278	0.670300	0.057000	-0.615100	0.460800	0.274200	-1.708600
1627301073.668329	0.680400	0.092000	-0.618300	0.225000	0.295300	-1.639000
1627301073.669256	0.710000	0.126700	-0.615200	-0.077100	0.321900	-1.562900
1627301073.671361	0.728300	0.170700	-0.592300	-0.346200	0.363100	-1.457500
1627301073.672575	0.739500	0.212900	-0.567400	-0.361400	0.411400	-1.358900
1627301073.688181	0.739700	0.216800	-0.533900	-0.282900	0.450500	-1.259000
1627301073.710999	0.748400	0.235000	-0.496900	-0.296400	0.484400	-1.144500
1627301073.711913	0.759400	0.252800	-0.459400	-0.252400	0.511500	-1.033600
1627301073.712949	0.770900	0.260900	-0.429900	-0.140300	0.522200	-0.928500
1627301073.736749	0.786400	0.260700	-0.403800	0.028000	0.524400	-0.815200
1627301073.737585	0.796900	0.253100	-0.385100	0.229900	0.516700	-0.710400
1627301073.740396	0.800700	0.245800	-0.379200	0.396300	0.505700	-0.630700
1627301073.751084	0.802900	0.237400	-0.376600	0.519100	0.490500	-0.547300
1627301073.767041	0.809300	0.229200	-0.382300	0.584800	0.476400	-0.472200
1627301073.772447	0.810400	0.214000	-0.382600	0.564300	0.466900	-0.410200
1627301073.794317	0.816000	0.201000	-0.375700	0.398500	0.457500	-0.353700
1627301073.795395	0.828900	0.203700	-0.360700	0.203900	0.447700	-0.296900
1627301073.801397	0.840200	0.207900	-0.337200	0.152300	0.437600	-0.253500
1627301073.813790	0.842700	0.213100	-0.312700	0.214000	0.420800	-0.208600
1627301073.838064	0.853800	0.208100	-0.291100	0.284300	0.392400	-0.155800
1627301073.838893	0.860600	0.204700	-0.279800	0.293400	0.358800	-0.113300
1627301073.841301	0.866800	0.191700	-0.271200	0.316600	0.318500	-0.070000
1627301073.857193	0.868300	0.173000	-0.269800	0.316000	0.269900	-0.033600
1627301073.858523	0.868900	0.157200	-0.274000	0.243600	0.229600	-0.014400
1627301073.879265	0.872900	0.154200	-0.277600	0.118400	0.189300	-0.001200
1627301073.881435	0.874900	0.156700	-0.273600	-0.028800	0.146900	0.019200
1627301073.892784	0.874900	0.161900	-0.263800	-0.082000	0.112000	0.035400
1627301073.899961	0.881500	0.162500	-0.259800	-0.064200	0.074800	0.055300
1627301073.923634	0.887700	0.149000	-0.258500	-0.014800	0.023100	0.082500
1627301073.934555	0.882700	0.131300	-0.262100	-0.006800	-0.018100	0.098600
1627301073.935508	0.874600	0.116100	-0.270500	-0.025500	-0.058400	0.109900
1627301073.944548	0.871900	0.099600	-0.282200	-0.076200	-0.106400	0.117300
1627301073.968191	0.872600	0.091900	-0.294600	-0.137900	-0.144200	0.117300
1627301073.969021	0.874400	0.088500	-0.305300	-0.219700	-0.178700	0.109600
1627301073.971488	0.876200	0.095900	-0.318700	-0.326900	-0.218400	0.102300
1627301073.986945	0.876200	0.101000	-0.327800	-0.430800	-0.252000	0.101700
1627301073.993859	0.878800	0.108800	-0.335300	-0.521500	-0.281400	0.105400
1627301074.011421	0.871800	0.110200	-0.344700	-0.587800	-0.317700	0.113900
1627301074.013627	0.865100	0.115100	-0.357200	-0.630800	-0.346400	0.122500
1627301074.021456	0.858600	0.118200	-0.370800	-0.645200	-0.367200	0.133500
1627301074.032678	0.848600	0.122200	-0.386500	-0.662600	-0.385800	0.146300
1627301074.055416	0.842300	0.126100	-0.392700	-0.684300	-0.397100	0.154800
1627301074.056414	0.831900	0.138100	-0.397600	-0.690100	-0.409600	0.162800
1627301074.060116	0.827900	0.151600	-0.403300	-0.705700	-0.427700	0.176200
1627301074.073852	0.819600	0.167600	-0.407100	-0.773500	-0.452700	0.197900
1627301074.089525	0.806900	0.177700	-0.407700	-0.850700	-0.477500	0.226900
1627301074.090430	0.792600	0.185100	-0.407100	-0.891400	-0.511700	0.266600
1627301074.101937	0.772700	0.176900	-0.412100	-0.904800	-0.545600	0.298100
1627301074.125261	0.755400	0.168900	-0.419400	-0.925300	-0.577000	0.315500
1627301074.129448	0.762100	0.169200	-0.434200	-0.994600	-0.604800	0.321000
1627301074.133685	0.771100	0.186300	-0.444200	-1.143600	-0.625000	0.328000
1627301074.134630	0.765500	0.207800	-0.443400	-1.322900	-0.635700	0.348800
1627301074.156761	0.765000	0.229600	-0.424200	-1.388600	-0.636300	0.393700
1627301074.160086	0.764000	0.239500	-0.397000	-1.246300	-0.641800	0.456000
1627301074.176263	0.770400	0.237500	-0.371300	-1.052300	-0.665900	0.516800
1627301074.198875	0.766200	0.225600	-0.353000	-0.818400	-0.719700	0.590100
1627301074.200396	0.767600	0.190100	-0.350500	-0.818100	-0.810100	0.673800
1627301074.213256	0.781900	0.175000	-0.361500	-1.234700	-0.912400	0.733000
1627301074.214172	0.799700	0.188800	-0.390000	-1.784100	-1.025400	0.767200
1627301074.220569	0.826700	0.228400	-0.432400	-2.083800	-1.135700	0.771800
1627301074.243715	0.844400	0.262500	-0.477200	-1.941700	-1.201900	0.761100
1627301074.252094	0.841600	0.275600	-0.531900	-1.669600	-1.242000	0.763900
1627301074.253004	0.827900	0.282500	-0.593100	-1.615800	-1.274000	0.804800
1627301074.261417	0.807000	0.287200	-0.625900	-1.804300	-1.287500	0.876900
1627301074.264478	0.795500	0.285500	-0.643900	-1.998200	-1.296900	0.964200
1627301074.288499	0.776000	0.288600	-0.667200	-2.004700	-1.306700	1.058300
1627301074.289412	0.756600	0.289800	-0.693100	-1.836700	-1.317100	1.122500
1627301074.298926	0.759900	0.272100	-0.733500	-1.740500	-1.328400	1.179900
1627301074.303129	0.767900	0.272300	-0.807500	-1.881900	-1.340600	1.231500
1627301074.327873	0.771700	0.286600	-0.874400	-1.942000	-1.326900	1.270300
1627301074.335162	0.757000	0.292500	-0.935100	-1.914600	-1.288400	1.309100
1627301074.336077	0.726900	0.290400	-0.992200	-1.828700	-1.216600	1.365300
1627301074.358137	0.707400	0.268200	-1.012900	-1.824100	-1.139300	1.430000
1627301074.361445	0.692000	0.234100	-1.007700	-1.943000	-1.069400	1.498700
1627301074.370326	0.677200	0.182000	-0.976600	-2.116400	-1.006500	1.561700
1627301074.378640	0.687000	0.139000	-0.944000	-2.188800	-0.981400	1.590700
1627301074.393372	0.698700	0.106300	-0.928100	-2.244400	-0.980800	1.595000
1627301074.400183	0.707400	0.094100	-0.937000	-2.295100	-0.999700	1.581200
1627301074.413061	0.702500	0.090300	-0.975700	-2.252100	-1.009800	1.565300
1627301074.429128	0.694000	0.078000	-1.025100	-2.169600	-1.001300	1.547900
1627301074.433707	0.684000	0.069100	-1.088500	-2.109400	-0.960300	1.527800
1627301074.434616	0.676400	0.066900	-1.134300	-2.087700	-0.895300	1.507600
1627301074.458916	0.676000	0.070100	-1.165200	-2.107000	-0.823200	1.494800
1627301074.459836	0.671300	0.074000	-1.185400	-2.129000	-0.732500	1.485900
1627301074.483138	0.667800	0.080000	-1.193600	-2.125300	-0.636900	1.478300
1627301074.483995	0.671800	0.090200	-1.188100	-2.112200	-0.552900	1.474900
1627301074.490204	0.670900	0.107800	-1.193100	-2.079200	-0.465800	1.483200
1627301074.502522	0.669200	0.124400	-1.199000	-2.012600	-0.378800	1.502400
1627301074.503446	0.663200	0.133300	-1.207900	-1.937200	-0.296000	1.528100
1627301074.527958	0.662000	0.138200	-1.215500	-1.858700	-0.203500	1.562000
1627301074.530020	0.662000	0.127600	-1.218000	-1.770700	-0.091400	1.605000
1627301074.534247	0.675800	0.113300	-1.211700	-1.731300	0.003000	1.639200
1627301074.558800	0.706200	0.098600	-1.199800	-1.754200	0.092200	1.668300
1627301074.573502	0.764500	0.095200	-1.183200	-1.869400	0.170400	1.698500
1627301074.574411	0.793800	0.102300	-1.178700	-1.936500	0.224400	1.730600
1627301074.578096	0.810700	0.107300	-1.193100	-1.896200	0.283400	1.784000
1627301074.590072	0.824500	0.099600	-1.224100	-1.682100	0.376200	1.859200
1627301074.605062	0.822100	0.075900	-1.248900	-1.441700	0.474900	1.933100
1627301074.610063	0.811200	0.027500	-1.275800	-1.202000	0.587300	2.005800
1627301074.641804	0.787500	-0.054800	-1.305300	-0.987000	0.744000	2.081500
1627301074.642636	0.768600	-0.121500	-1.322000	-0.872700	0.882600	2.119400
1627301074.646647	0.749500	-0.181200	-1.332600	-0.738900	1.038700	2.134700
1627301074.655010	0.724100	-0.246100	-1.329500	-0.479600	1.249800	2.129200
1627301074.655928	0.703700	-0.299300	-1.317400	-0.272500	1.431200	2.102600
1627301074.679231	0.683500	-0.344700	-1.281900	-0.133000	1.612300	2.056200
1627301074.681512	0.665000	-0.388100	-1.209200	-0.044700	1.817000	1.970000
1627301074.688800	0.658000	-0.401100	-1.127400	0.001400	1.980700	1.889100
1627301074.697442	0.651900	-0.398200	-1.043600	0.061300	2.108900	1.805100
1627301074.718788	0.630200	-0.395100	-0.938200	0.195400	2.236900	1.714100
1627301074.719963	0.628700	-0.398100	-0.847700	0.332500	2.329500	1.629500
1627301074.732472	0.623200	-0.394300	-0.763500	0.411000	2.393900	1.547900
1627301074.748548	0.611300	-0.388800	-0.670200	0.510600	2.442500	1.459600
1627301074.749461	0.602100	-0.389500	-0.590600	0.568000	2.465400	1.384500
1627301074.769959	0.600100	-0.392800	-0.518300	0.544800	2.468100	1.317000
1627301074.778315	0.601900	-0.388700	-0.432900	0.480300	2.451600	1.248600
1627301074.779226	0.608600	-0.389200	-0.358600	0.448300	2.418700	1.192700
1627301074.785717	0.624500	-0.390500	-0.288800	0.491000	2.370700	1.144400
1627301074.809199	0.636700	-0.406200	-0.229500	0.628200	2.302600	1.083400
1627301074.810388	0.650000	-0.429400	-0.187500	0.751300	2.225300	1.018300
1627301074.817616	0.658600	-0.451000	-0.158600	0.841400	2.159300	0.952600
1627301074.832728	0.660200	-0.479500	-0.127400	0.918300	2.083900	0.874100
1627301074.848224	0.664200	-0.501200	-0.092800	0.942800	2.006600	0.786200
1627301074.849135	0.679800	-0.521200	-0.059600	0.898800	1.929700	0.698200
1627301074.858961	0.694600	-0.529700	-0.019500	0.805900	1.835600	0.597400
1627301074.865538	0.715900	-0.528200	0.011200	0.703600	1.717700	0.482900
1627301074.888445	0.734300	-0.522200	0.027300	0.621100	1.609600	0.388800
1627301074.889376	0.754800	-0.512500	0.041100	0.485500	1.493500	0.296900
1627301074.900206	0.759500	-0.496800	0.048500	0.358500	1.365500	0.200700
1627301074.906919	0.755500	-0.488900	0.045300	0.322100	1.265300	0.127400
1627301074.932950	0.750600	-0.486100	0.043800	0.273300	1.171000	0.048200
1627301074.933786	0.752700	-0.474400	0.049700	0.165400	1.074400	-0.037600
1627301074.937619	0.763800	-0.453500	0.061500	0.070100	0.994100	-0.099900
1627301074.950123	0.778800	-0.430900	0.073900	0.018800	0.913500	-0.156400
1627301074.951042	0.791700	-0.405800	0.080200	0.000200	0.809000	-0.217500
1627301074.976949	0.797500	-0.387500	0.082800	-0.003200	0.726300	-0.256900
1627301074.977935	0.801000	-0.372700	0.082900	-0.034900	0.645600	-0.291700
1627301074.990151	0.800400	-0.345200	0.082900	-0.105800	0.549100	-0.324400
1627301075.003661	0.796800	-0.325600	0.081300	-0.153100	0.476400	-0.343300
1627301075.019334	0.792000	-0.307000	0.079500	-0.199600	0.406200	-0.357400
1627301075.020169	0.790900	-0.276100	0.077100	-0.268300	0.321600	-0.366500
1627301075.030056	0.790600	-0.254000	0.073100	-0.319000	0.258600	-0.364400
1627301075.040262	0.792100	-0.232300	0.077900	-0.344000	0.203000	-0.355500
1627301075.058101	0.789300	-0.212000	0.093100	-0.268300	0.138300	-0.337800
1627301075.060260	0.794400	-0.206900	0.100600	-0.150100	0.072900	-0.316100
1627301075.070408	0.804000	-0.205800	0.101700	-0.081000	0.007900	-0.293800
1627301075.077610	0.802700	-0.201200	0.101800	-0.028500	-0.071500	-0.265100
1627301075.098131	0.811400	-0.200700	0.099900	0.035600	-0.140300	-0.234900
1627301075.098820	0.818000	-0.202500	0.093600	0.106500	-0.203800	-0.209200
1627301075.108117	0.821800	-0.205100	0.083400	0.194800	-0.276500	-0.184200
1627301075.132584	0.834700	-0.210900	0.075300	0.241200	-0.342500	-0.164300
1627301075.138397	0.849700	-0.218300	0.066700	0.222600	-0.404200	-0.151800
1627301075.139317	0.860400	-0.222700	0.055300	0.194200	-0.474100	-0.140200
1627301075.152021	0.870700	-0.226000	0.043600	0.201800	-0.539800	-0.130400
1627301075.176377	0.879900	-0.232200	0.027100	0.211900	-0.595700	-0.124300
1627301075.178298	0.892000	-0.238500	0.013100	0.202700	-0.651600	-0.115500
1627301075.179060	0.894900	-0.246800	0.002400	0.193200	-0.704400	-0.106600
1627301075.188939	0.901700	-0.243000	-0.002600	0.205800	-0.752300	-0.100800
1627301075.191793	0.911600	-0.243000	-0.014000	0.263500	-0.808200	-0.089200
1627301075.217322	0.913200	-0.249100	-0.030900	0.325200	-0.865700	-0.077300
1627301075.218250	0.909300	-0.255600	-0.051800	0.356000	-0.912700	-0.068400
1627301075.232690	0.907000	-0.272100	-0.076800	0.381400	-0.956400	-0.058400
1627301075.237075	0.905200	-0.286100	-0.096300	0.382300	-1.002800	-0.057700
1627301075.260502	0.902500	-0.293600	-0.113400	0.378600	-1.039500	-0.062900
1627301075.261342	0.898600	-0.300500	-0.138200	0.400900	-1.074900	-0.070300
1627301075.271658	0.886500	-0.314100	-0.156700	0.475800	-1.106600	-0.081300
1627301075.280566	0.879500	-0.335400	-0.168000	0.551500	-1.131700	-0.101400
1627301075.290112	0.873300	-0.354700	-0.181400	0.576600	-1.159200	-0.133800
1627301075.305280	0.863400	-0.368300	-0.192300	0.541100	-1.193100	-0.177500
1627301075.310034	0.862800	-0.365100	-0.206300	0.473000	-1.220000	-0.216900
1627301075.334214	0.865000	-0.344000	-0.222700	0.398500	-1.237400	-0.245900
1627301075.335045	0.862500	-0.307000	-0.233300	0.406400	-1.250500	-0.253200
1627301075.337600	0.859900	-0.292800	-0.233300	0.519700	-1.258800	-0.236700
1627301075.353276	0.855600	-0.287700	-0.235100	0.702100	-1.272800	-0.208300
1627301075.356184	0.852900	-0.299800	-0.242100	0.933900	-1.296300	-0.160700
1627301075.380367	0.846100	-0.308700	-0.254000	1.051200	-1.324100	-0.116400
1627301075.381450	0.835800	-0.315200	-0.272500	1.152600	-1.353100	-0.072400
1627301075.397134	0.836700	-0.327900	-0.304700	1.283900	-1.386100	-0.014700
1627301075.402560	0.835800	-0.336200	-0.332400	1.388100	-1.407500	0.025900
1627301075.424115	0.830800	-0.353000	-0.361800	1.484300	-1.424300	0.061700
1627301075.424953	0.818200	-0.373400	-0.400100	1.566500	-1.432200	0.093800
1627301075.427565	0.809600	-0.394200	-0.425000	1.612600	-1.432500	0.109600
1627301075.440857	0.799400	-0.414300	-0.440800	1.635800	-1.431600	0.117000
1627301075.451499	0.786700	-0.435300	-0.451000	1.608000	-1.431900	0.110600
1627301075.458252	0.778000	-0.452800	-0.452600	1.573200	-1.441100	0.098900
1627301075.477932	0.770900	-0.466600	-0.450100	1.577200	-1.453900	0.078200
1627301075.479013	0.774800	-0.491200	-0.447800	1.604000	-1.479600	0.047900
1627301075.494290	0.772100	-0.512000	-0.451900	1.648900	-1.513800	0.012200
1627301075.498731	0.764400	-0.529500	-0.463600	1.666600	-1.547700	-0.024400
1627301075.524183	0.749800	-0.538300	-0.486500	1.633700	-1.583400	-0.067500
1627301075.525025	0.736100	-0.543600	-0.507400	1.611400	-1.612100	-0.110000
1627301075.527495	0.734400	-0.547900	-0.528600	1.586300	-1.633200	-0.150300
1627301075.533803	0.740500	-0.551800	-0.550400	1.581100	-1.651800	-0.198800
1627301075.556124	0.739900	-0.556200	-0.577900	1.578400	-1.672000	-0.248000
1627301075.557029	0.739700	-0.563000	-0.606200	1.552100	-1.689400	-0.294800
1627301075.572733	0.737800	-0.569300	-0.640000	1.502000	-1.703800	-0.345800
1627301075.574766	0.735800	-0.573600	-0.680400	1.469600	-1.708000	-0.402300
1627301075.600714	0.727500	-0.580800	-0.713000	1.474500	-1.701900	-0.456600
1627301075.601542	0.726900	-0.587000	-0.755900	1.454700	-1.687600	-0.518900
1627301075.607649	0.719400	-0.587800	-0.795700	1.389300	-1.660400	-0.592200
1627301075.618798	0.719400	-0.580000	-0.825300	1.334000	-1.627400	-0.653000
1627301075.619707	0.727100	-0.565600	-0.857400	1.289100	-1.581300	-0.711400
1627301075.643657	0.729100	-0.552200	-0.892100	1.287000	-1.519300	-0.765700
1627301075.655842	0.730300	-0.545900	-0.917700	1.296800	-1.456400	-0.806700
1627301075.656751	0.733400	-0.533400	-0.943000	1.313900	-1.388300	-0.843300
1627301075.664280	0.737400	-0.525000	-0.965200	1.384100	-1.295100	-0.880600
1627301075.682601	0.740600	-0.522900	-0.982900	1.458300	-1.221200	-0.909000
1627301075.696909	0.746100	-0.530200	-1.002800	1.503500	-1.142100	-0.938300
1627301075.697815	0.744100	-0.535300	-1.020900	1.503800	-1.035800	-0.981100
1627301075.699447	0.739600	-0.533400	-1.028200	1.524600	-0.942900	-1.019500
1627301075.723911	0.743200	-0.532800	-1.023100	1.583600	-0.850100	-1.065100
1627301075.731259	0.748300	-0.532800	-1.017000	1.669400	-0.743200	-1.121300
1627301075.751151	0.746900	-0.534800	-1.006700	1.731100	-0.666200	-1.171000
1627301075.755783	0.754600	-0.543500	-1.003900	1.801600	-0.598400	-1.224800
1627301075.756709	0.753100	-0.561400	-1.006100	1.867600	-0.519900	-1.300200
1627301075.769420	0.746700	-0.566300	-1.008800	1.867900	-0.444500	-1.372300
1627301075.782702	0.742100	-0.557500	-1.004600	1.809900	-0.370900	-1.442600
1627301075.786395	0.741200	-0.532100	-0.992300	1.747900	-0.281400	-1.519200
1627301075.798738	0.739100	-0.512100	-0.980000	1.771100	-0.208100	-1.576400
1627301075.822903	0.739900	-0.502700	-0.972900	1.776000	-0.148500	-1.620600
1627301075.823739	0.741800	-0.497400	-0.976200	1.718900	-0.083800	-1.671600
1627301075.826380	0.734900	-0.495700	-0.997300	1.747600	-0.022700	-1.720800
1627301075.831454	0.719200	-0.509400	-1.017800	1.781800	0.049100	-1.777600
1627301075.855826	0.712500	-0.503900	-1.032600	1.692000	0.143200	-1.856100
1627301075.856735	0.714700	-0.483200	-1.026000	1.559100	0.244300	-1.935500
1627301075.865392	0.715100	-0.452000	-1.012200	1.423500	0.332900	-2.002100
1627301075.872028	0.716600	-0.416900	-0.993400	1.342900	0.428500	-2.071800
1627301075.891304	0.710800	-0.391700	-0.966400	1.255800	0.516700	-2.136800
1627301075.904648	0.696000	-0.362200	-0.932600	1.107700	0.590600	-2.192400
1627301075.905569	0.697900	-0.310500	-0.884800	0.868200	0.664300	-2.239800
1627301075.909470	0.705800	-0.247600	-0.835800	0.644100	0.720500	-2.264800
1627301075.932353	0.720200	-0.203200	-0.802400	0.521600	0.760200	-2.263000
1627301075.947745	0.712600	-0.159700	-0.767800	0.420500	0.799600	-2.258700
1627301075.951241	0.712600	-0.159700	-0.767800	0.420500	0.799600	-2.258700
1627301075.974344	0.702000	-0.110700	-0.736100	0.343200	0.848100	-2.247700
1627301075.975466	0.707300	-0.065700	-0.706500	0.313300	0.887200	-2.233900
1627301075.976483	0.716900	-0.016400	-0.674400	0.267200	0.930000	-2.210100
1627301075.991397	0.728100	0.036900	-0.636000	0.240900	0.977600	-2.166800
1627301075.992314	0.739700	0.079800	-0.604400	0.284600	1.017600	-2.114200
1627301076.015429	0.753800	0.113800	-0.562900	0.404300	1.058900	-2.043400
1627301076.016291	0.796400	0.142800	-0.504500	0.500500	1.096100	-1.959400
1627301076.030186	0.802500	0.158400	-0.460700	0.613500	1.109000	-1.872000
1627301076.036530	0.802900	0.153800	-0.417700	0.681900	1.110200	-1.780700
1627301076.057481	0.816200	0.141100	-0.371800	0.518500	1.088200	-1.668900
1627301076.058801	0.839000	0.142800	-0.333400	0.246700	1.054000	-1.583100
1627301076.074790	0.860700	0.149900	-0.288700	-0.027600	1.014600	-1.502400
1627301076.078794	0.882700	0.160600	-0.240800	-0.199600	0.956600	-1.421500
1627301076.096929	0.879800	0.174000	-0.208300	-0.131700	0.907700	-1.369600
1627301076.097844	0.881200	0.182600	-0.191000	0.009100	0.850600	-1.321300
1627301076.105751	0.883300	0.197000	-0.184600	0.136700	0.773000	-1.260800
1627301076.123890	0.887800	0.212300	-0.193000	0.213400	0.705800	-1.209200
1627301076.125419	0.887000	0.225700	-0.211900	0.265300	0.643500	-1.159100
1627301076.140677	0.873500	0.231000	-0.243300	0.298300	0.582400	-1.102000
1627301076.146705	0.865600	0.242600	-0.262900	0.269900	0.542700	-1.057400
1627301076.157001	0.854600	0.261600	-0.275600	0.207600	0.516400	-1.016500
1627301076.181042	0.839800	0.285000	-0.281700	0.122400	0.494400	-0.960300
1627301076.181950	0.836500	0.308100	-0.283200	0.040200	0.484400	-0.904400
1627301076.185234	0.831800	0.330600	-0.270400	-0.005900	0.477300	-0.848200
1627301076.195072	0.821300	0.342700	-0.245600	-0.017800	0.466300	-0.780100
1627301076.202694	0.821400	0.348900	-0.221400	-0.044700	0.446500	-0.721800
1627301076.225959	0.817500	0.358800	-0.199000	-0.080400	0.417200	-0.669500
1627301076.226661	0.805700	0.367200	-0.175500	-0.090500	0.380500	-0.610300
1627301076.231473	0.799200	0.376600	-0.157700	-0.056300	0.342600	-0.553500
1627301076.258222	0.797400	0.389500	-0.144700	0.003900	0.306300	-0.500900
1627301076.259028	0.794800	0.396600	-0.134300	0.049700	0.259200	-0.437400
1627301076.268965	0.789800	0.401200	-0.125700	0.046600	0.205800	-0.370800
1627301076.274199	0.792200	0.407100	-0.121300	0.035000	0.154200	-0.310600
1627301076.285180	0.800000	0.409300	-0.119300	0.010900	0.095200	-0.238600
1627301076.294934	0.800000	0.409500	-0.118400	-0.018700	0.039000	-0.171700
1627301076.302877	0.806000	0.417700	-0.115700	-0.019700	-0.008300	-0.113300
1627301076.326489	0.808200	0.423200	-0.112500	0.031100	-0.057800	-0.044600
1627301076.327578	0.816500	0.416100	-0.110800	0.089100	-0.114600	0.036600
1627301076.337466	0.821900	0.403900	-0.112800	0.123000	-0.163500	0.107200
1627301076.347325	0.820300	0.383200	-0.119600	0.166100	-0.218100	0.176500
1627301076.366639	0.829500	0.348000	-0.129000	0.186800	-0.276800	0.242200
1627301076.367728	0.834800	0.318000	-0.137700	0.151100	-0.326000	0.282800
1627301076.375251	0.843600	0.292700	-0.148700	0.128800	-0.377300	0.306600
1627301076.386355	0.851900	0.269800	-0.161900	0.114100	-0.434100	0.319200
1627301076.408798	0.864300	0.252600	-0.174400	0.071100	-0.477100	0.320400
1627301076.409946	0.879200	0.246300	-0.188600	-0.009000	-0.517200	0.322500
1627301076.423425	0.879900	0.246300	-0.202600	-0.069700	-0.554700	0.337500
1627301076.424337	0.875600	0.239900	-0.216700	-0.094800	-0.576400	0.358900
1627301076.429596	0.883200	0.235500	-0.226600	-0.100300	-0.592900	0.385700
1627301076.453742	0.887900	0.213100	-0.243800	-0.046800	-0.610900	0.423000
1627301076.466265	0.881300	0.187000	-0.257900	-0.006500	-0.618000	0.446200
1627301076.467184	0.872700	0.163800	-0.273600	-0.003200	-0.618300	0.456600
1627301076.487672	0.874100	0.154500	-0.285000	-0.027300	-0.616100	0.463600
1627301076.488848	0.874300	0.154900	-0.286300	-0.046800	-0.614300	0.467300
1627301076.496489	0.876100	0.155600	-0.282800	-0.056900	-0.621300	0.473700
1627301076.520808	0.876200	0.151700	-0.272500	-0.071300	-0.641200	0.481700
1627301076.521731	0.882600	0.150000	-0.264200	-0.111600	-0.669900	0.490500
1627301076.523937	0.895100	0.150400	-0.260100	-0.151600	-0.711400	0.498100
1627301076.528227	0.904900	0.147000	-0.263800	-0.195900	-0.775900	0.502700
1627301076.551193	0.904300	0.139300	-0.278800	-0.259400	-0.840000	0.504600
1627301076.563410	0.885400	0.141100	-0.297400	-0.358100	-0.900200	0.500900
1627301076.564321	0.871300	0.150000	-0.319900	-0.486000	-0.971600	0.497500
1627301076.569599	0.867800	0.161500	-0.349500	-0.610400	-1.030300	0.492000
1627301076.585313	0.865800	0.173700	-0.377200	-0.691000	-1.077300	0.488400
1627301076.595213	0.867700	0.193800	-0.418100	-0.704400	-1.117900	0.490200
1627301076.598802	0.865500	0.201500	-0.459500	-0.681500	-1.144500	0.503000
1627301076.623106	0.853400	0.195800	-0.496700	-0.693700	-1.158900	0.520400
1627301076.623941	0.839500	0.181300	-0.534700	-0.728900	-1.164400	0.548500
1627301076.629314	0.830000	0.157100	-0.570700	-0.786600	-1.158900	0.574500
1627301076.651659	0.809300	0.137800	-0.601400	-0.877600	-1.143900	0.587600
1627301076.653895	0.787000	0.121300	-0.632300	-0.935600	-1.117300	0.593700
1627301076.669135	0.777700	0.115500	-0.654100	-0.984500	-1.086800	0.588900
1627301076.671265	0.767300	0.118400	-0.678600	-0.979300	-1.048900	0.582100
1627301076.695334	0.774200	0.115200	-0.704200	-1.056600	-1.010100	0.574800
1627301076.696517	0.773900	0.135100	-0.721600	-1.177500	-0.958200	0.574500
1627301076.711894	0.774400	0.147700	-0.730000	-1.226700	-0.903800	0.582100
1627301076.715154	0.777200	0.171500	-0.727100	-1.292700	-0.839700	0.598300
1627301076.739262	0.780800	0.215700	-0.706200	-1.257000	-0.766700	0.631600
1627301076.740094	0.790300	0.244500	-0.686000	-1.082300	-0.711400	0.680200
1627301076.743923	0.798000	0.255500	-0.670400	-0.890700	-0.665600	0.739700
1627301076.758977	0.807900	0.253400	-0.649700	-0.724600	-0.618600	0.811800
1627301076.782649	0.830300	0.253700	-0.634300	-0.677900	-0.594400	0.858600
1627301076.784929	0.861000	0.260500	-0.621100	-0.681200	-0.587400	0.904100
1627301076.785925	0.878500	0.269000	-0.618400	-0.676600	-0.595000	0.962700
1627301076.802473	0.879800	0.269000	-0.631600	-0.665300	-0.603300	1.013700
1627301076.814482	0.894700	0.263500	-0.658200	-0.674800	-0.610000	1.062900
1627301076.815397	0.902600	0.246700	-0.696000	-0.749300	-0.608200	1.127300
1627301076.826620	0.896400	0.225600	-0.730600	-0.806400	-0.591400	1.175900
1627301076.830624	0.898800	0.192100	-0.761000	-0.854700	-0.563000	1.213200
1627301076.853598	0.909700	0.150900	-0.795400	-0.970500	-0.517800	1.236100
1627301076.854572	0.909700	0.128800	-0.822500	-1.095400	-0.476800	1.245500
1627301076.863988	0.907300	0.109400	-0.846400	-1.174500	-0.437400	1.245500
1627301076.872864	0.915900	0.091600	-0.887800	-1.207200	-0.385500	1.241000
1627301076.882643	0.921000	0.075900	-0.927000	-1.257300	-0.326900	1.244300
1627301076.897745	0.911300	0.062500	-0.960200	-1.314100	-0.255100	1.256500
1627301076.904925	0.902300	0.044700	-0.984900	-1.347700	-0.153400	1.284600
1627301076.929230	0.899300	0.019800	-0.996300	-1.301600	-0.051100	1.317300
1627301076.930361	0.893600	-0.013400	-1.002000	-1.202000	0.047900	1.343300
1627301076.933861	0.894700	-0.049300	-1.003200	-1.071900	0.157200	1.362500
1627301076.948669	0.892900	-0.082900	-1.003400	-0.950000	0.259600	1.377500
1627301076.949584	0.891800	-0.117700	-1.008500	-0.873000	0.345400	1.390900
1627301076.973235	0.892900	-0.158700	-1.013700	-0.848600	0.442200	1.398900
1627301076.977932	0.880700	-0.194900	-1.017300	-0.834200	0.540200	1.405600
1627301076.985182	0.865100	-0.232500	-1.015400	-0.745700	0.632800	1.410200
1627301076.988735	0.853900	-0.292700	-1.014800	-0.616800	0.744000	1.401300
1627301077.013072	0.852400	-0.351200	-0.999100	-0.559700	0.860600	1.369900
1627301077.015225	0.854700	-0.392600	-0.974500	-0.546200	0.957200	1.320100
1627301077.027789	0.861700	-0.433700	-0.942000	-0.514800	1.052200	1.252300
1627301077.031364	0.860100	-0.468500	-0.907100	-0.471700	1.156300	1.157300
1627301077.056747	0.852300	-0.489700	-0.868800	-0.445400	1.241500	1.065600
1627301077.057605	0.852100	-0.503200	-0.820900	-0.441800	1.323100	0.964200
1627301077.062823	0.855300	-0.506600	-0.762800	-0.492500	1.397600	0.850300
1627301077.075174	0.865200	-0.500600	-0.707800	-0.572200	1.442500	0.759600
1627301077.092163	0.879500	-0.486600	-0.652200	-0.627500	1.472700	0.670100
1627301077.093071	0.896000	-0.473600	-0.602900	-0.640900	1.493500	0.575100
1627301077.102000	0.905900	-0.466100	-0.567500	-0.622300	1.505700	0.493900
1627301077.123620	0.914300	-0.456900	-0.525900	-0.617100	1.514000	0.411100
1627301077.139371	0.926800	-0.435900	-0.477400	-0.658300	1.509700	0.314600
1627301077.146328	0.938200	-0.414100	-0.439300	-0.704700	1.489500	0.243400
1627301077.152565	0.940700	-0.395400	-0.407700	-0.746600	1.458400	0.179600
1627301077.163384	0.934200	-0.369500	-0.381600	-0.779000	1.408900	0.109300
1627301077.164298	0.931500	-0.356200	-0.367700	-0.822600	1.368900	0.057400
1627301077.170860	0.931300	-0.338700	-0.353900	-0.894700	1.329200	0.012200
1627301077.182957	0.932500	-0.316500	-0.338900	-0.970200	1.274500	-0.037000
1627301077.197073	0.935700	-0.307900	-0.335800	-1.024800	1.230200	-0.068700
1627301077.219803	0.924700	-0.303100	-0.341400	-1.085600	1.193000	-0.098100
1627301077.220723	0.897200	-0.303800	-0.341600	-1.128700	1.164900	-0.131700
1627301077.223205	0.877900	-0.305500	-0.336400	-1.140000	1.150200	-0.163100
1627301077.247892	0.864300	-0.298300	-0.329700	-1.133600	1.141300	-0.190300
1627301077.248741	0.844700	-0.289800	-0.320200	-1.052300	1.137100	-0.218100
1627301077.252585	0.830000	-0.284700	-0.316400	-0.949700	1.137400	-0.243700
1627301077.265054	0.812500	-0.285400	-0.311300	-0.878800	1.144700	-0.269700
1627301077.265802	0.795300	-0.276400	-0.293800	-0.848900	1.159700	-0.300900
1627301077.289277	0.788500	-0.261400	-0.269200	-0.846500	1.174000	-0.325300
1627301077.293929	0.779200	-0.246100	-0.234100	-0.841600	1.182300	-0.346400
1627301077.302628	0.775800	-0.222300	-0.185500	-0.815900	1.175500	-0.364100
1627301077.311160	0.774900	-0.197900	-0.144800	-0.762800	1.154500	-0.371700
1627301077.332596	0.777100	-0.180200	-0.109100	-0.691900	1.127600	-0.371100
1627301077.333788	0.782500	-0.167100	-0.069800	-0.597200	1.087600	-0.365600
1627301077.349040	0.786000	-0.153100	-0.031600	-0.515700	1.033800	-0.356100
1627301077.353890	0.790900	-0.136800	-0.002300	-0.420400	0.974300	-0.343900
1627301077.376943	0.800900	-0.125200	0.018800	-0.292700	0.897300	-0.328000
1627301077.379029	0.807100	-0.119500	0.029400	-0.197100	0.817000	-0.313700
1627301077.382626	0.810300	-0.111700	0.035400	-0.150400	0.744900	-0.301200
1627301077.397440	0.819000	-0.102200	0.043000	-0.138800	0.670700	-0.290200
1627301077.398352	0.829500	-0.090100	0.045800	-0.132100	0.587900	-0.274600
1627301077.421724	0.836100	-0.080600	0.048600	-0.125600	0.521600	-0.259600
1627301077.422565	0.836900	-0.076400	0.051100	-0.113100	0.454700	-0.241900
1627301077.429229	0.837000	-0.078200	0.057000	-0.078000	0.384200	-0.223000
1627301077.449932	0.843600	-0.080700	0.064800	-0.074000	0.324600	-0.209800
1627301077.465722	0.842800	-0.078500	0.075000	-0.076800	0.258900	-0.201300
1627301077.471339	0.849900	-0.073900	0.088900	-0.041300	0.181400	-0.190600
1627301077.483463	0.857900	-0.071200	0.100500	0.007200	0.110800	-0.181700
1627301077.484372	0.866700	-0.068000	0.102100	0.033200	0.034800	-0.173500
1627301077.491559	0.872300	-0.063500	0.094800	0.040200	-0.063600	-0.157900
1627301077.499368	0.874600	-0.060100	0.080900	0.025200	-0.135700	-0.144500
1627301077.523336	0.875400	-0.053600	0.061900	0.014300	-0.200400	-0.130100
1627301077.524257	0.876200	-0.050200	0.046800	0.037200	-0.269500	-0.108700
1627301077.535797	0.879600	-0.048300	0.037700	0.057300	-0.317400	-0.091000
1627301077.552464	0.886600	-0.044300	0.031700	0.087900	-0.362600	-0.069700
1627301077.563542	0.894200	-0.036700	0.022100	0.153200	-0.414200	-0.040000
1627301077.564457	0.893800	-0.035900	0.014900	0.241800	-0.459700	-0.012200
1627301077.573296	0.896600	-0.038500	0.005200	0.328200	-0.501600	0.015900
1627301077.582715	0.899400	-0.044300	-0.004900	0.410100	-0.551700	0.047600
1627301077.594011	0.902300	-0.048700	-0.012900	0.474500	-0.595400	0.072700
1627301077.606353	0.902300	-0.054400	-0.019400	0.523100	-0.637800	0.093100
1627301077.624813	0.908900	-0.060400	-0.025100	0.583300	-0.688500	0.118200
1627301077.625754	0.910200	-0.066300	-0.034700	0.626600	-0.737100	0.138700
1627301077.632719	0.913500	-0.072400	-0.043700	0.652600	-0.785300	0.155100
1627301077.645466	0.911700	-0.081700	-0.055300	0.674000	-0.841200	0.175600
1627301077.669941	0.909500	-0.092900	-0.067700	0.699900	-0.896200	0.191500
1627301077.670865	0.908700	-0.103400	-0.076400	0.737200	-0.945700	0.199100
1627301077.671693	0.908800	-0.116800	-0.089400	0.781200	-1.006200	0.201900
1627301077.681386	0.905000	-0.128900	-0.108800	0.799200	-1.066600	0.196700
1627301077.690124	0.900600	-0.136400	-0.127000	0.779400	-1.118600	0.184800
1627301077.715473	0.897200	-0.134500	-0.147100	0.726800	-1.172900	0.167700
1627301077.716518	0.893700	-0.122900	-0.160900	0.679200	-1.227600	0.148700
1627301077.724052	0.887500	-0.105000	-0.174800	0.661500	-1.278900	0.131900
1627301077.728912	0.867200	-0.080200	-0.199300	0.639200	-1.330800	0.124300
1627301077.751840	0.842900	-0.047100	-0.222000	0.594000	-1.383400	0.129200
1627301077.752670	0.815700	-0.017600	-0.235700	0.631500	-1.415700	0.150300
1627301077.766494	0.802400	0.000700	-0.243500	0.757700	-1.440800	0.183600
1627301077.771867	0.798000	0.008700	-0.241600	0.877100	-1.475000	0.227200
1627301077.792051	0.804700	0.018400	-0.237800	0.908300	-1.517500	0.270600
1627301077.792959	0.807000	0.024700	-0.230700	0.876200	-1.580400	0.323400
1627301077.804496	0.807900	0.025100	-0.231400	0.817200	-1.671700	0.389700
1627301077.821286	0.808000	0.013400	-0.248400	0.834000	-1.760600	0.446200
1627301077.822640	0.798500	-0.019200	-0.287600	0.907600	-1.847000	0.497200
1627301077.836417	0.786700	-0.069800	-0.349900	0.947000	-1.947800	0.539700
1627301077.850906	0.790900	-0.119100	-0.416900	0.893000	-2.017800	0.555000
1627301077.851818	0.798800	-0.172000	-0.484600	0.789400	-2.074300	0.552500
1627301077.864142	0.789800	-0.236200	-0.579200	0.591500	-2.122500	0.513100
1627301077.870805	0.789700	-0.271900	-0.655000	0.439100	-2.138100	0.457800
1627301077.890992	0.792100	-0.299400	-0.732800	0.329800	-2.129800	0.395500
1627301077.891905	0.786300	-0.330700	-0.823700	0.182200	-2.088600	0.312100
1627301077.905819	0.785300	-0.344200	-0.895000	0.102800	-2.028400	0.239800
1627301077.922528	0.795700	-0.365200	-0.957300	0.133400	-1.941700	0.169200
1627301077.923604	0.808000	-0.398700	-1.023400	0.174900	-1.818300	0.075400
1627301077.938957	0.816900	-0.415400	-1.066200	0.125400	-1.700700	-0.017700
1627301077.944912	0.837800	-0.408900	-1.100800	0.013600	-1.585300	-0.106300
1627301077.966778	0.855800	-0.389600	-1.132900	-0.067600	-1.446600	-0.205000
1627301077.969100	0.868000	-0.367800	-1.157600	-0.024200	-1.316500	-0.278900
1627301077.971551	0.881300	-0.354500	-1.175900	0.078700	-1.191300	-0.332300
1627301077.985025	0.886100	-0.346600	-1.202000	0.194800	-1.040100	-0.372000
1627301077.985941	0.885500	-0.347900	-1.233200	0.288200	-0.899900	-0.395200
1627301078.010547	0.894400	-0.343400	-1.261100	0.323700	-0.756000	-0.415100
1627301078.011535	0.896000	-0.332400	-1.284100	0.433600	-0.576400	-0.424000
1627301078.021517	0.878400	-0.348800	-1.296400	0.703600	-0.380000	-0.431600
1627301078.025275	0.864500	-0.372200	-1.298100	0.985500	-0.201300	-0.450800
1627301078.046685	0.853000	-0.403200	-1.297600	1.311400	-0.006500	-0.482900
1627301078.050209	0.844800	-0.449100	-1.282100	1.590000	0.185600	-0.539700
1627301078.062814	0.830800	-0.487300	-1.260500	1.663000	0.342600	-0.623400
1627301078.067542	0.826800	-0.501500	-1.217200	1.615300	0.503300	-0.738900
1627301078.090893	0.819800	-0.494400	-1.163200	1.556100	0.646800	-0.869600
1627301078.091803	0.807600	-0.467200	-1.109100	1.546600	0.756500	-0.991400
1627301078.098111	0.800900	-0.423000	-1.044600	1.581700	0.850300	-1.113300
1627301078.122429	0.792500	-0.368000	-0.991800	1.621100	0.926900	-1.230900
1627301078.128680	0.791600	-0.318100	-0.955100	1.626900	0.972100	-1.307300
1627301078.129584	0.784500	-0.269300	-0.931200	1.612300	1.008200	-1.372600
1627301078.150584	0.778200	-0.212400	-0.919400	1.590000	1.048200	-1.426700
1627301078.151452	0.769900	-0.173300	-0.913600	1.580800	1.089400	-1.457800
1627301078.161690	0.755400	-0.142100	-0.896100	1.512700	1.139500	-1.479800
1627301078.164286	0.767600	-0.102700	-0.870000	1.398500	1.191100	-1.487800
1627301078.189567	0.769300	-0.090100	-0.846300	1.345300	1.232400	-1.476800
1627301078.190476	0.763400	-0.088100	-0.821800	1.311400	1.272400	-1.471000
1627301078.200259	0.772600	-0.077500	-0.795800	1.317500	1.315400	-1.471000
1627301078.206993	0.783900	-0.082200	-0.783600	1.385600	1.341700	-1.475900
1627301078.232358	0.795000	-0.089700	-0.778700	1.402100	1.368300	-1.494800
1627301078.233267	0.801300	-0.079000	-0.770500	1.339200	1.403400	-1.533300
1627301078.242812	0.806400	-0.058500	-0.766400	1.241800	1.437900	-1.564700
1627301078.251849	0.806400	-0.029300	-0.759300	1.100100	1.478200	-1.589500
1627301078.275785	0.804100	0.016400	-0.731100	0.891100	1.538700	-1.612100
1627301078.276621	0.805500	0.058700	-0.691700	0.731400	1.588800	-1.620600
1627301078.280249	0.805400	0.096400	-0.653300	0.606500	1.632500	-1.613300
1627301078.292657	0.796500	0.133300	-0.601700	0.461400	1.675200	-1.592800
1627301078.293566	0.796900	0.170800	-0.558800	0.300100	1.708800	-1.558600
1627301078.316936	0.793700	0.217000	-0.512300	0.220700	1.737800	-1.510400
1627301078.320133	0.800800	0.270900	-0.454300	0.279100	1.764700	-1.429700
1627301078.324295	0.806200	0.307600	-0.397300	0.395700	1.778200	-1.345400
1627301078.346352	0.797000	0.342000	-0.347700	0.489200	1.774800	-1.257500
1627301078.362077	0.793700	0.379600	-0.296000	0.567100	1.750700	-1.138100
1627301078.363090	0.786300	0.400900	-0.249800	0.600100	1.716800	-1.016500
1627301078.365661	0.788900	0.412500	-0.211200	0.605900	1.673700	-0.896500
1627301078.381561	0.796100	0.423500	-0.166500	0.588200	1.615100	-0.764800
1627301078.391530	0.799200	0.430800	-0.131000	0.548800	1.547300	-0.630400
1627301078.395094	0.796500	0.428600	-0.104400	0.511800	1.483400	-0.515000
1627301078.420766	0.790400	0.418000	-0.078600	0.501700	1.415300	-0.392500
1627301078.421684	0.786400	0.402000	-0.053300	0.543000	1.350900	-0.285000
1627301078.426933	0.779100	0.380100	-0.035000	0.608600	1.298900	-0.202500
1627301078.449106	0.773800	0.354600	-0.016000	0.662400	1.243400	-0.123100
1627301078.451467	0.778300	0.328200	0.007400	0.668500	1.188700	-0.053800
1627301078.466921	0.781400	0.311000	0.034700	0.641600	1.134000	-0.002500
1627301078.470062	0.791500	0.296900	0.063500	0.636700	1.067400	0.040900
1627301078.491576	0.803300	0.278200	0.093000	0.648000	0.981900	0.079100
1627301078.496265	0.808700	0.256800	0.114000	0.653500	0.901000	0.102000
1627301078.497352	0.812000	0.227900	0.125000	0.616300	0.810200	0.120900
1627301078.520442	0.816500	0.198900	0.137600	0.496800	0.705800	0.126700
1627301078.521645	0.825200	0.178000	0.148900	0.391800	0.614200	0.124600
1627301078.526904	0.830200	0.158000	0.153000	0.322400	0.520400	0.111800
1627301078.550846	0.834400	0.138800	0.156600	0.288800	0.404300	0.085200
1627301078.551761	0.834800	0.122700	0.152700	0.257400	0.312100	0.057100
1627301078.562910	0.835200	0.109900	0.151500	0.187700	0.222300	0.022900
1627301078.569489	0.841300	0.108900	0.149300	0.047500	0.112900	-0.027200
1627301078.581528	0.848300	0.117400	0.143600	-0.070000	0.027700	-0.067500
1627301078.591476	0.846200	0.137600	0.138200	-0.154700	-0.051400	-0.105400
1627301078.596315	0.846800	0.158600	0.133900	-0.223100	-0.143300	-0.139900
1627301078.619725	0.853100	0.173500	0.130700	-0.285400	-0.214500	-0.158500
1627301078.621525	0.856300	0.192900	0.125600	-0.339400	-0.285900	-0.169800
1627301078.626962	0.864000	0.209000	0.109600	-0.397200	-0.366900	-0.173200
1627301078.649775	0.869000	0.219400	0.089800	-0.458600	-0.434700	-0.171400
1627301078.659815	0.870200	0.235700	0.065100	-0.506200	-0.489400	-0.164000
1627301078.660754	0.881200	0.259600	0.037400	-0.548700	-0.536100	-0.145100
1627301078.669569	0.880400	0.281700	0.020000	-0.550800	-0.565100	-0.114600
1627301078.680553	0.877800	0.296500	0.010500	-0.519000	-0.583100	-0.070900
1627301078.691620	0.880600	0.313400	0.005700	-0.479600	-0.604200	-0.008000
1627301078.698105	0.890300	0.321200	0.004500	-0.437200	-0.632000	0.062900
1627301078.721734	0.893700	0.317100	0.002000	-0.390400	-0.665300	0.133500
1627301078.722564	0.898300	0.304600	-0.010300	-0.350100	-0.711100	0.208900
1627301078.732664	0.913500	0.294700	-0.026400	-0.320800	-0.760000	0.281600
1627301078.743933	0.919200	0.276200	-0.051100	-0.304900	-0.800900	0.341500
1627301078.766835	0.915600	0.251200	-0.085100	-0.305800	-0.842100	0.403500
1627301078.768940	0.913600	0.218100	-0.116200	-0.341000	-0.875700	0.452000
1627301078.770322	0.906900	0.194700	-0.145000	-0.372700	-0.896800	0.485000
1627301078.781397	0.907000	0.162100	-0.170200	-0.415200	-0.912100	0.507000
1627301078.782314	0.900900	0.129500	-0.184200	-0.491500	-0.924600	0.513400
1627301078.804517	0.912000	0.117900	-0.190300	-0.577400	-0.935300	0.506400
1627301078.817715	0.924800	0.117100	-0.200300	-0.631400	-0.948400	0.498800
1627301078.819548	0.939200	0.122300	-0.211900	-0.657100	-0.963400	0.495700
1627301078.844532	0.943800	0.129400	-0.227400	-0.660100	-0.974100	0.506100
1627301078.845440	0.942000	0.134400	-0.244100	-0.662000	-0.979900	0.533000
1627301078.848957	0.933800	0.128100	-0.261400	-0.663500	-0.977400	0.571500
1627301078.864263	0.928200	0.114100	-0.272900	-0.655000	-0.968000	0.602300
1627301078.888692	0.922500	0.091600	-0.282200	-0.630800	-0.946000	0.624000
1627301078.889613	0.911400	0.066700	-0.283700	-0.569100	-0.911800	0.632200
1627301078.891555	0.902200	0.051300	-0.279800	-0.514800	-0.877300	0.623700
1627301078.901441	0.902200	0.049600	-0.261800	-0.441800	-0.846700	0.607500
1627301078.908904	0.910400	0.048300	-0.234400	-0.358400	-0.839400	0.586400
1627301078.933009	0.915600	0.047500	-0.211700	-0.381300	-0.865000	0.570200
1627301078.933785	0.925900	0.054400	-0.192600	-0.487300	-0.925500	0.554000
1627301078.944049	0.930400	0.062400	-0.195300	-0.648200	-1.029700	0.537900
1627301078.953888	0.918300	0.065900	-0.223800	-0.736500	-1.118900	0.527200
1627301078.977132	0.901100	0.067300	-0.271000	-0.758200	-1.190900	0.511000
1627301078.978078	0.883700	0.069300	-0.334700	-0.792700	-1.255700	0.484700
1627301078.979147	0.880200	0.089000	-0.385600	-0.876700	-1.293300	0.468200
1627301078.993922	0.887000	0.119400	-0.436800	-0.961600	-1.320800	0.465500
1627301078.994850	0.883700	0.144300	-0.489300	-1.046200	-1.340000	0.486500
1627301079.018012	0.885700	0.160800	-0.525800	-1.119800	-1.345800	0.514600
1627301079.020233	0.875100	0.169900	-0.556800	-1.154000	-1.345500	0.549800
1627301079.025657	0.875600	0.154800	-0.589600	-1.206900	-1.341200	0.594700
1627301079.049922	0.872300	0.149900	-0.620200	-1.318700	-1.336900	0.627000
1627301079.061104	0.864000	0.145900	-0.639000	-1.386200	-1.325900	0.649300
1627301079.062027	0.867400	0.142100	-0.664300	-1.404500	-1.318900	0.664900
1627301079.069524	0.869500	0.136000	-0.689000	-1.463700	-1.315900	0.676800
1627301079.081534	0.870500	0.125400	-0.713100	-1.592000	-1.314000	0.683900
1627301079.096955	0.863800	0.115100	-0.743400	-1.746900	-1.309100	0.678400
1627301079.100040	0.862200	0.111300	-0.771400	-1.838200	-1.299700	0.660300
1627301079.100957	0.854700	0.103500	-0.797900	-1.907200	-1.283800	0.642600
1627301079.128091	0.835600	0.095900	-0.827800	-2.088300	-1.259700	0.623400
1627301079.129093	0.828200	0.106600	-0.847500	-2.339700	-1.233700	0.605000
1627301079.141998	0.828400	0.122200	-0.858900	-2.541900	-1.206200	0.591000
1627301079.157867	0.829700	0.155500	-0.864700	-2.711100	-1.179000	0.580900
1627301079.169670	0.844100	0.202500	-0.875700	-2.755100	-1.151200	0.578800
1627301079.170586	0.849200	0.245000	-0.887500	-2.694300	-1.128300	0.593700
1627301079.171832	0.837600	0.283300	-0.917700	-2.588600	-1.095000	0.636200
1627301079.196382	0.829600	0.322800	-0.950000	-2.523600	-1.042800	0.712300
1627301079.208456	0.824800	0.349400	-0.975300	-2.485700	-0.987500	0.800500
1627301079.209374	0.816200	0.366700	-1.004400	-2.393500	-0.913000	0.905600
1627301079.217065	0.815400	0.372200	-1.029100	-2.224600	-0.817400	1.031100
1627301079.236295	0.819500	0.370500	-1.048600	-2.080700	-0.730000	1.137100
1627301079.249586	0.811500	0.360200	-1.066400	-1.875500	-0.631100	1.254100
1627301079.250503	0.800200	0.328700	-1.090800	-1.585900	-0.515900	1.385700
1627301079.257007	0.792200	0.285500	-1.117700	-1.417900	-0.414200	1.490500
1627301079.278940	0.783300	0.238500	-1.142000	-1.320200	-0.306700	1.586400
1627301079.287200	0.772900	0.180300	-1.164300	-1.196500	-0.159500	1.686300
1627301079.288112	0.764800	0.125100	-1.174700	-1.016300	-0.031800	1.748300
1627301079.298088	0.756000	0.070400	-1.184100	-0.803100	0.103800	1.790700
1627301079.321279	0.750100	-0.002300	-1.188400	-0.611300	0.277000	1.825600
1627301079.329623	0.746800	-0.057700	-1.188000	-0.541000	0.414400	1.838100
1627301079.330653	0.739600	-0.111700	-1.176900	-0.492200	0.552200	1.833800
1627301079.339077	0.728400	-0.171600	-1.155200	-0.435700	0.717100	1.801700
1627301079.341895	0.727700	-0.211500	-1.130600	-0.396200	0.846900	1.761700
1627301079.367368	0.726600	-0.245200	-1.101400	-0.369700	0.969700	1.717100
1627301079.368287	0.731100	-0.280600	-1.063500	-0.322600	1.109300	1.655400
1627301079.377900	0.746600	-0.314300	-1.038200	-0.249300	1.227500	1.593100
1627301079.384447	0.771100	-0.352100	-1.018200	-0.235900	1.331300	1.522300
1627301079.408680	0.784200	-0.390700	-0.995700	-0.343700	1.447100	1.417200
1627301079.409604	0.782200	-0.405800	-0.960300	-0.485100	1.543300	1.313700
1627301079.417914	0.775900	-0.408200	-0.911700	-0.549000	1.627300	1.219300
1627301079.425950	0.768700	-0.411000	-0.849000	-0.503200	1.715200	1.113300
1627301079.448711	0.761400	-0.419700	-0.785500	-0.337900	1.782700	1.023500
1627301079.459816	0.757000	-0.436600	-0.728300	-0.129900	1.836200	0.936700
1627301079.460733	0.758700	-0.457900	-0.670800	0.023700	1.885700	0.829500
1627301079.469625	0.776600	-0.472700	-0.614700	0.065000	1.923600	0.717800
1627301079.489372	0.778200	-0.481000	-0.562300	0.027400	1.944600	0.611800
1627301079.493879	0.784300	-0.476900	-0.499300	-0.059700	1.948000	0.488100
1627301079.494805	0.781100	-0.465700	-0.437900	-0.140000	1.930300	0.358300
1627301079.519270	0.776200	-0.449100	-0.386400	-0.221200	1.898200	0.250700
1627301079.522703	0.767700	-0.422200	-0.330300	-0.342500	1.852400	0.142000
1627301079.531353	0.759400	-0.384000	-0.277700	-0.501600	1.787600	0.054000
1627301079.542609	0.757700	-0.343300	-0.238000	-0.588700	1.725000	-0.000000
1627301079.561757	0.750400	-0.311600	-0.199300	-0.539500	1.661500	-0.037600
1627301079.564015	0.743200	-0.286500	-0.159500	-0.426800	1.592500	-0.063500
1627301079.567812	0.746800	-0.262100	-0.126600	-0.353800	1.529200	-0.074500
1627301079.571295	0.759300	-0.240000	-0.096400	-0.331500	1.453200	-0.070300
1627301079.595569	0.767200	-0.215600	-0.070900	-0.360500	1.363100	-0.050100
1627301079.598998	0.769900	-0.194100	-0.051300	-0.380100	1.287300	-0.020200
1627301079.608984	0.773300	-0.178300	-0.036100	-0.381600	1.214000	0.017700
1627301079.616576	0.783200	-0.166400	-0.015500	-0.370300	1.129400	0.073300
1627301079.635609	0.790300	-0.160000	0.006300	-0.326600	1.064100	0.121900
1627301079.637798	0.800700	-0.153700	0.039200	-0.243800	0.996300	0.173800
1627301079.647659	0.811800	-0.155300	0.080700	-0.110400	0.898500	0.240700
1627301079.658887	0.824200	-0.167600	0.108000	0.001700	0.808400	0.290100
1627301079.675849	0.839700	-0.185800	0.132900	0.084200	0.707600	0.339300
1627301079.676684	0.845900	-0.210100	0.143900	0.138300	0.572300	0.387000
1627301079.690286	0.846100	-0.228500	0.145100	0.185000	0.463600	0.419300
1627301079.696397	0.844400	-0.250600	0.138400	0.223800	0.358800	0.440100
1627301079.718305	0.847300	-0.280500	0.128100	0.261000	0.240900	0.451400
1627301079.719218	0.850100	-0.307500	0.116700	0.262600	0.136500	0.450500
1627301079.723215	0.850200	-0.332400	0.106800	0.205800	0.044200	0.438900
1627301079.749157	0.842900	-0.352900	0.098800	0.139200	-0.064500	0.415100
1627301079.751500	0.837800	-0.369600	0.090000	0.105300	-0.156700	0.383300
1627301079.765222	0.839700	-0.382700	0.078000	0.089100	-0.239200	0.344200
1627301079.767305	0.844800	-0.389800	0.064300	0.055500	-0.336300	0.287700
1627301079.767939	0.850800	-0.391200	0.053200	0.024600	-0.420300	0.235200
1627301079.790220	0.858400	-0.391700	0.044300	-0.017500	-0.498500	0.180800
1627301079.797589	0.870500	-0.388300	0.037400	-0.088400	-0.589500	0.113000
1627301079.801293	0.879500	-0.376300	0.030800	-0.142700	-0.685500	0.042100
1627301079.821805	0.887700	-0.361300	0.017700	-0.176900	-0.773400	-0.019300
1627301079.833151	0.890900	-0.341800	-0.011000	-0.227000	-0.870900	-0.084900
1627301079.857492	0.886400	-0.321500	-0.044400	-0.304900	-0.957300	-0.142000
1627301079.863486	0.879900	-0.301900	-0.074000	-0.396600	-1.024800	-0.186300
1627301079.864411	0.869500	-0.277700	-0.107300	-0.516900	-1.087100	-0.235200
1627301079.866431	0.860100	-0.251700	-0.134600	-0.629300	-1.136900	-0.280100
1627301079.876982	0.853300	-0.219100	-0.153400	-0.716600	-1.173500	-0.315500
1627301079.900456	0.850100	-0.174200	-0.164800	-0.720600	-1.207100	-0.339300
1627301079.901602	0.845100	-0.137300	-0.173800	-0.654300	-1.248100	-0.347000
1627301079.909023	0.843400	-0.112500	-0.183700	-0.616200	-1.286900	-0.336000
1627301079.920025	0.844600	-0.085100	-0.193700	-0.582900	-1.333900	-0.309100
1627301079.920958	0.850100	-0.064000	-0.211400	-0.554800	-1.393100	-0.264200
1627301079.945305	0.846700	-0.047000	-0.234600	-0.526400	-1.443800	-0.217200
1627301079.957295	0.842300	-0.032200	-0.261200	-0.430800	-1.494500	-0.160700
1627301079.958211	0.839000	-0.025500	-0.294200	-0.230700	-1.540400	-0.088900
1627301079.965760	0.834400	-0.031100	-0.325400	-0.001900	-1.570000	-0.021700
1627301079.977745	0.835400	-0.050000	-0.370100	0.213100	-1.594400	0.047300
1627301079.992937	0.843800	-0.085400	-0.424100	0.450100	-1.611200	0.138000
1627301080.003663	0.834200	-0.136000	-0.468900	0.588200	-1.611800	0.199400
1627301080.021804	0.827400	-0.187000	-0.504400	0.676100	-1.599300	0.243400
1627301080.023955	0.826300	-0.246600	-0.534700	0.766500	-1.572400	0.269100
1627301080.027750	0.829300	-0.287500	-0.548300	0.849900	-1.550400	0.269100
1627301080.040154	0.828000	-0.328200	-0.555800	1.031000	-1.530600	0.256600
1627301080.041085	0.824600	-0.407200	-0.556000	1.367900	-1.511300	0.223600
1627301080.065657	0.819100	-0.484500	-0.560100	1.571000	-1.506800	0.170700
1627301080.066395	0.824300	-0.552700	-0.579000	1.563400	-1.519900	0.094700
1627301080.076517	0.836200	-0.616500	-0.622800	1.266200	-1.550400	-0.029900
1627301080.086389	0.840300	-0.651100	-0.673600	0.865200	-1.574900	-0.174700
1627301080.106858	0.830600	-0.656900	-0.728500	0.490100	-1.586500	-0.340600
1627301080.107928	0.801600	-0.640900	-0.803600	0.114700	-1.570900	-0.559900
1627301080.117748	0.776700	-0.608200	-0.866500	-0.212400	-1.527500	-0.759600
1627301080.125230	0.753800	-0.554900	-0.912400	-0.475700	-1.462200	-0.937700
1627301080.148034	0.735500	-0.487900	-0.952500	-0.719400	-1.359500	-1.123100
1627301080.159103	0.727200	-0.417500	-0.966800	-0.900500	-1.253600	-1.258700
1627301080.160675	0.718500	-0.355100	-0.961700	-0.990900	-1.150300	-1.358300
1627301080.184945	0.716300	-0.272500	-0.943100	-1.035500	-1.045600	-1.439200
1627301080.185862	0.730500	-0.191800	-0.930500	-0.965900	-0.952100	-1.484100
1627301080.187875	0.732400	-0.137600	-0.926900	-0.815000	-0.879700	-1.490200
1627301080.200250	0.730500	-0.084000	-0.936500	-0.623200	-0.802400	-1.469100
1627301080.207737	0.729400	-0.045500	-0.958600	-0.364800	-0.726700	-1.422100
1627301080.225879	0.727100	-0.030900	-0.991000	-0.107300	-0.653100	-1.367400
1627301080.226802	0.730000	-0.031500	-1.036300	0.148600	-0.561100	-1.303300
1627301080.239080	0.734900	-0.037800	-1.088500	0.351400	-0.456400	-1.247100
1627301080.245594	0.743000	-0.036900	-1.132700	0.508700	-0.350700	-1.208900
1627301080.267147	0.746900	-0.040000	-1.171600	0.667300	-0.223300	-1.178400
1627301080.267837	0.756000	-0.044200	-1.199000	0.798300	-0.069400	-1.157900
1627301080.277969	0.763500	-0.046000	-1.203400	0.896000	0.059800	-1.146900
1627301080.286978	0.769900	-0.042400	-1.202400	1.003900	0.191100	-1.145100
1627301080.310583	0.762800	-0.029900	-1.204700	1.165400	0.328600	-1.149700
1627301080.311654	0.756300	-0.020100	-1.211400	1.342300	0.441900	-1.156100
1627301080.318918	0.746500	-0.017800	-1.222200	1.483100	0.567400	-1.163400
1627301080.330249	0.732400	-0.019200	-1.231200	1.547800	0.716500	-1.175300
1627301080.331212	0.716100	-0.024500	-1.222700	1.513000	0.852100	-1.192100
1627301080.354217	0.707200	-0.017500	-1.194600	1.436700	0.986200	-1.217800
1627301080.359142	0.701900	-0.006200	-1.143700	1.377100	1.144700	-1.251100
1627301080.368960	0.705600	0.005700	-1.091800	1.306500	1.254300	-1.281000
1627301080.376303	0.710700	0.030500	-1.042400	1.236600	1.345700	-1.308200
1627301080.400524	0.712600	0.058000	-0.977100	1.147100	1.445900	-1.330500
1627301080.402735	0.712600	0.058000	-0.977100	1.147100	1.445900	-1.330500
1627301080.406405	0.712300	0.087400	-0.919400	1.114400	1.514000	-1.343900
1627301080.417868	0.711800	0.118800	-0.859400	1.173700	1.570500	-1.349100
1627301080.436960	0.719600	0.150000	-0.794800	1.291300	1.616300	-1.348200
1627301080.437790	0.721800	0.170400	-0.752400	1.325200	1.638600	-1.339000
1627301080.450347	0.729100	0.192900	-0.716700	1.289700	1.650500	-1.323800
1627301080.458933	0.733400	0.218800	-0.678700	1.207300	1.660300	-1.293800
1627301080.477283	0.733900	0.244000	-0.655200	1.119600	1.667600	-1.256600
1627301080.478292	0.735600	0.266100	-0.625700	1.079900	1.679500	-1.215900
1627301080.485854	0.745600	0.293200	-0.589800	1.093300	1.690200	-1.159400
1627301080.501418	0.757300	0.316300	-0.552900	1.161200	1.700600	-1.106000
1627301080.506579	0.773800	0.327600	-0.517600	1.223800	1.700900	-1.050400
1627301080.517881	0.784800	0.339400	-0.470800	1.194700	1.684100	-0.990500
1627301080.541018	0.794900	0.357900	-0.433600	1.097900	1.655100	-0.924300
1627301080.541871	0.802400	0.377100	-0.400600	1.016700	1.621500	-0.856100
1627301080.545163	0.812000	0.392100	-0.371800	0.949800	1.579000	-0.774000
1627301080.555332	0.820100	0.403800	-0.340300	0.908600	1.533200	-0.688800
1627301080.560180	0.825600	0.405500	-0.313000	0.890200	1.490100	-0.612400
1627301080.585671	0.830000	0.403100	-0.285200	0.852700	1.437900	-0.529300
1627301080.588970	0.836700	0.400500	-0.259300	0.803500	1.380800	-0.448100
1627301080.595252	0.844000	0.402500	-0.234400	0.765000	1.328000	-0.376600
1627301080.605152	0.856600	0.402500	-0.208100	0.738400	1.269300	-0.301500
1627301080.626391	0.858800	0.406900	-0.182700	0.756800	1.195100	-0.217500
1627301080.627606	0.860800	0.398300	-0.168000	0.822400	1.135800	-0.146600
1627301080.642808	0.869900	0.382100	-0.160400	0.871900	1.069300	-0.077600
1627301080.647553	0.873700	0.355600	-0.157100	0.851400	0.996300	-0.007600
1627301080.667382	0.877700	0.334000	-0.157100	0.798000	0.939800	0.041200
1627301080.668308	0.876600	0.310100	-0.160800	0.785800	0.889700	0.084300
1627301080.676600	0.875600	0.277700	-0.159500	0.793100	0.842900	0.118500
1627301080.683246	0.882200	0.254900	-0.151600	0.769900	0.803200	0.138700
1627301080.708409	0.888200	0.232100	-0.141000	0.708800	0.760200	0.152400
1627301080.709319	0.891000	0.211200	-0.125200	0.598200	0.700600	0.163400
1627301080.717876	0.900500	0.193100	-0.115700	0.508400	0.650200	0.165500
1627301080.727140	0.900000	0.180400	-0.105800	0.418000	0.597400	0.162200
1627301080.751907	0.891200	0.174100	-0.100100	0.357900	0.535400	0.154500
1627301080.752743	0.885000	0.166900	-0.098100	0.327600	0.493800	0.147500
1627301080.756630	0.876300	0.165500	-0.098900	0.284900	0.455300	0.139000
1627301080.771347	0.863500	0.167800	-0.092500	0.244500	0.420200	0.132500
1627301080.772272	0.861900	0.173100	-0.077800	0.220700	0.392700	0.127700
1627301080.796769	0.862500	0.176800	-0.059300	0.211300	0.360700	0.129500
1627301080.797864	0.862900	0.186200	-0.034200	0.181600	0.310600	0.134700
1627301080.805144	0.868000	0.195600	-0.012700	0.147100	0.255600	0.145700
1627301080.815237	0.866300	0.201000	0.004300	0.107700	0.192100	0.160600
1627301080.830716	0.868300	0.209600	0.016600	0.063100	0.106800	0.183600
1627301080.840386	0.869900	0.210800	0.021500	0.043000	0.026500	0.208600
1627301080.846886	0.870400	0.208400	0.021500	0.005700	-0.053500	0.229100
1627301080.867421	0.869800	0.206100	0.013900	-0.071300	-0.147900	0.250400
1627301080.868331	0.872200	0.204600	0.001300	-0.149800	-0.229700	0.272400
1627301080.876979	0.871700	0.204000	-0.003200	-0.202600	-0.301200	0.292300
1627301080.888237	0.874500	0.195700	-0.012200	-0.207800	-0.379700	0.314000
1627301080.911283	0.884600	0.179900	-0.020500	-0.211800	-0.460000	0.329900
1627301080.912184	0.897000	0.165400	-0.028200	-0.231000	-0.532100	0.343000
1627301080.915296	0.905600	0.147800	-0.041100	-0.250300	-0.616400	0.351500
1627301080.919402	0.918200	0.129000	-0.059200	-0.306100	-0.703800	0.349100
1627301080.943936	0.929800	0.121600	-0.086700	-0.397800	-0.782300	0.339900
1627301080.946317	0.939000	0.117800	-0.117200	-0.532800	-0.866600	0.322800
1627301080.960199	0.951200	0.122200	-0.148900	-0.687900	-0.947200	0.306900
1627301080.961114	0.956300	0.129400	-0.177000	-0.815900	-1.013500	0.293800
1627301080.983176	0.955800	0.133700	-0.214500	-0.935900	-1.081000	0.281000
1627301080.985279	0.953500	0.138100	-0.255400	-1.057800	-1.147000	0.269700
1627301080.995223	0.947800	0.135700	-0.296800	-1.152800	-1.189700	0.262700
1627301081.000117	0.934400	0.140300	-0.343100	-1.213000	-1.220600	0.252300
1627301081.023162	0.919700	0.141600	-0.395100	-1.233100	-1.230000	0.241600
1627301081.025269	0.908000	0.143700	-0.438100	-1.273800	-1.220900	0.234600
1627301081.033941	0.896400	0.149400	-0.475100	-1.341300	-1.193400	0.229100
1627301081.043931	0.878900	0.161500	-0.508200	-1.404800	-1.150300	0.226600
1627301081.066690	0.869800	0.174600	-0.525500	-1.432600	-1.102100	0.229400
1627301081.067774	0.858500	0.186200	-0.535500	-1.433500	-1.048000	0.237900
1627301081.083376	0.846900	0.202400	-0.534300	-1.401100	-0.979900	0.254700
1627301081.086330	0.845800	0.217400	-0.526100	-1.362000	-0.930700	0.280100
1627301081.087260	0.848600	0.233000	-0.516400	-1.328700	-0.891900	0.311800
1627301081.110705	0.851400	0.256000	-0.506600	-1.247500	-0.852200	0.363800
1627301081.113997	0.851700	0.273700	-0.503300	-1.131400	-0.828100	0.414200
1627301081.118169	0.849500	0.286900	-0.506100	-1.011400	-0.807000	0.470000
1627301081.141156	0.841100	0.297900	-0.513500	-0.887100	-0.784100	0.553100
1627301081.156242	0.834100	0.308800	-0.517300	-0.805800	-0.767900	0.623700
1627301081.161396	0.831700	0.308700	-0.520500	-0.753600	-0.756300	0.698200
1627301081.174824	0.840200	0.316700	-0.520500	-0.757600	-0.752300	0.789500
1627301081.175739	0.849900	0.326200	-0.516400	-0.777400	-0.758500	0.879300
1627301081.186579	0.852800	0.330400	-0.508300	-0.805200	-0.777100	0.975200
1627301081.193225	0.855100	0.333000	-0.505200	-0.844000	-0.810100	1.103200
1627301081.214309	0.852800	0.323600	-0.511200	-0.836700	-0.849500	1.230300
1627301081.215142	0.846200	0.304600	-0.527000	-0.811000	-0.885500	1.342400
1627301081.225348	0.840300	0.275600	-0.560800	-0.733800	-0.921600	1.467000
1627301081.236454	0.840000	0.233000	-0.605700	-0.618900	-0.942000	1.569900
1627301081.259316	0.829300	0.172000	-0.658800	-0.523900	-0.942300	1.648100
1627301081.260216	0.816300	0.096800	-0.719700	-0.497000	-0.917600	1.707000
1627301081.265629	0.816000	0.029300	-0.771000	-0.586500	-0.868700	1.741300
1627301081.277628	0.814200	-0.016200	-0.808800	-0.740800	-0.811900	1.744600
1627301081.278602	0.822600	-0.046300	-0.840900	-0.820500	-0.736500	1.733300
1627301081.301757	0.826000	-0.079700	-0.870000	-0.793300	-0.657400	1.711000
1627301081.303980	0.836400	-0.106000	-0.893800	-0.790000	-0.588300	1.685700
1627301081.322771	0.849200	-0.142900	-0.926600	-0.863300	-0.508000	1.657300
1627301081.333340	0.849000	-0.171000	-0.965000	-0.915800	-0.425800	1.621200
1627301081.334256	0.854400	-0.208100	-1.007900	-0.937200	-0.344000	1.591000
1627301081.348933	0.848600	-0.252900	-1.052000	-1.009300	-0.240400	1.540900
1627301081.350696	0.849400	-0.292600	-1.092000	-1.093900	-0.103300	1.477100
1627301081.375719	0.850700	-0.312400	-1.108900	-1.161700	0.022200	1.408300
1627301081.376662	0.851800	-0.326200	-1.112500	-1.167800	0.162700	1.336900
1627301081.385299	0.848300	-0.329300	-1.103600	-1.112800	0.314500	1.259000
1627301081.397534	0.850100	-0.335100	-1.089800	-1.017500	0.437900	1.200000
1627301081.419414	0.846900	-0.347400	-1.073000	-0.949100	0.555500	1.149300
1627301081.421578	0.844500	-0.359500	-1.051300	-0.907500	0.696000	1.096500
1627301081.424005	0.842700	-0.369800	-1.028400	-0.866600	0.806300	1.052800
1627301081.437780	0.843500	-0.377300	-0.993700	-0.814400	0.910100	1.005800
1627301081.438706	0.848900	-0.382200	-0.949100	-0.755700	1.027700	0.946500
1627301081.461918	0.857800	-0.384400	-0.911100	-0.749000	1.106800	0.901000
1627301081.463961	0.864400	-0.385100	-0.874300	-0.760300	1.175900	0.860700
1627301081.479019	0.870000	-0.387900	-0.829500	-0.775300	1.255000	0.814000
1627301081.501073	0.870200	-0.389600	-0.791600	-0.775000	1.308100	0.778200
1627301081.502297	0.875600	-0.391600	-0.754300	-0.756400	1.353600	0.748300
1627301081.503829	0.878500	-0.397700	-0.719400	-0.749300	1.399400	0.713800
1627301081.509106	0.874500	-0.401900	-0.691300	-0.746300	1.437300	0.688400
1627301081.536955	0.867700	-0.411500	-0.667800	-0.713900	1.469400	0.665200
1627301081.539119	0.857200	-0.429300	-0.643600	-0.639400	1.510600	0.633100
1627301081.544027	0.843900	-0.453200	-0.617600	-0.573100	1.547900	0.595600
1627301081.555245	0.835100	-0.472300	-0.591700	-0.504100	1.584800	0.549500
1627301081.578163	0.831900	-0.496900	-0.561400	-0.414900	1.624200	0.482600
1627301081.579070	0.830600	-0.515400	-0.532000	-0.350400	1.660000	0.405300
1627301081.586610	0.827900	-0.522500	-0.503500	-0.311600	1.690200	0.323100
1627301081.597486	0.825100	-0.528300	-0.462000	-0.290300	1.717700	0.223900
1627301081.598398	0.823200	-0.532600	-0.419600	-0.299100	1.731700	0.122200
1627301081.617862	0.820200	-0.534700	-0.382200	-0.347100	1.732700	0.028100
1627301081.627791	0.817700	-0.534900	-0.337400	-0.463100	1.724100	-0.075800
1627301081.637665	0.812000	-0.522200	-0.290800	-0.598100	1.707600	-0.177800
1627301081.658161	0.796000	-0.502100	-0.252400	-0.665900	1.682300	-0.266400
1627301081.658994	0.789200	-0.471900	-0.211300	-0.645500	1.645300	-0.355200
1627301081.664156	0.785000	-0.444700	-0.173000	-0.589900	1.603200	-0.440100
