1627444686.959706	1.010900	0.080700	0.039700	0.023800	-0.001100	-0.002500
1627444686.960547	1.011400	0.080400	0.039200	0.021600	-0.002000	-0.003400
1627444686.961383	1.009500	0.079100	0.036700	0.021900	-0.003600	-0.002800
1627444686.962055	1.010500	0.074300	0.002200	0.064700	-0.002700	-0.004900
1627444686.963949	1.001300	0.075700	0.063000	-0.093500	0.017800	-0.007100
1627444686.964581	1.031700	0.084700	0.054800	-0.002200	-0.010000	-0.011900
1627444686.965197	0.995000	0.099700	0.035300	0.029600	-0.007800	0.002100
1627444686.965757	1.009000	0.086500	0.041100	0.032900	0.005900	-0.000600
1627444686.966312	1.018800	0.079000	0.053600	0.040000	0.006500	-0.002800
1627444686.966865	1.014400	0.071800	0.046800	0.038700	-0.010600	-0.004900
1627444686.967422	1.007000	0.077600	0.039800	0.014600	-0.008200	-0.004900
1627444686.967973	1.012000	0.085800	0.044200	0.003600	-0.008500	-0.003700
1627444686.968482	1.011700	0.093400	0.040600	0.013700	-0.010600	0.000300
1627444686.968978	1.009600	0.092700	0.042000	0.029300	-0.013000	0.001200
1627444686.969475	1.009000	0.082800	0.036900	0.047600	-0.011500	0.000300
1627444686.969974	1.011600	0.075200	0.031400	0.052200	-0.010000	0.000600
1627444686.970472	1.010300	0.079300	0.047900	-0.008000	-0.005100	0.002100
1627444686.970935	1.019400	0.093400	0.059400	0.001500	-0.011200	0.000600
1627444686.971393	1.010600	0.088100	0.043500	0.037200	-0.023100	0.006400
1627444686.971871	1.008500	0.085300	0.046600	0.028700	-0.018200	0.005800
1627444686.972345	1.013900	0.089100	0.042700	0.035100	-0.025300	0.009100
1627444686.972820	1.012000	0.087000	0.040500	0.033200	-0.030500	0.010700
1627444686.973285	1.011100	0.081400	0.045000	0.030200	-0.025600	0.009400
1627444686.973752	1.014800	0.082200	0.045500	0.045200	-0.029200	0.008800
1627444686.974213	1.010600	0.077300	0.035200	0.040300	-0.037500	0.008800
1627444686.974672	1.011600	0.075700	0.040600	0.021300	-0.029200	0.007300
1627444686.975129	1.015000	0.073900	0.033600	0.027400	-0.035600	0.007600
1627444686.975588	1.009300	0.071500	0.030300	0.009100	-0.034400	0.007600
1627444686.976048	1.009500	0.075000	0.038200	-0.008600	-0.033500	0.005500
1627444686.976508	1.012000	0.075400	0.030200	0.007000	-0.036300	0.002400
1627444686.976970	1.009400	0.074800	0.029900	-0.022000	-0.035000	0.000900
1627444686.977434	1.015000	0.084800	0.034900	-0.011700	-0.035300	0.000600
1627444686.977897	1.006200	0.087500	0.022800	0.003000	-0.035600	0.002700
1627444686.978406	1.010400	0.084000	0.028900	0.010900	-0.029500	0.001500
1627444686.978911	1.011800	0.076800	0.029100	0.025600	-0.027400	0.002700
1627444686.979415	1.012200	0.068500	0.021900	0.025000	-0.027700	0.002100
1627444686.979919	1.011800	0.066800	0.023200	0.008200	-0.026500	-0.000600
1627444686.980414	1.011000	0.070200	0.026900	-0.012600	-0.024300	-0.003100
1627444686.980917	1.009000	0.071300	0.018700	-0.023600	-0.025900	-0.003100
1627444686.981421	1.008700	0.080300	0.031000	-0.046500	-0.021300	-0.004000
1627444686.981913	1.012900	0.086300	0.029400	-0.036400	-0.022800	-0.002500
1627444686.982369	1.010900	0.088400	0.027000	-0.023600	-0.021600	-0.000300
1627444686.982779	1.012300	0.087800	0.027800	-0.010700	-0.017900	0.000900
1627444686.983186	1.011200	0.080600	0.030400	-0.001000	-0.016100	0.000900
1627444686.983640	1.012200	0.076400	0.030500	-0.007700	-0.014300	-0.000000
1627444686.984050	1.011400	0.082000	0.034500	-0.020800	-0.018500	0.001500
1627444686.984503	1.011800	0.086300	0.038700	-0.019000	-0.019800	0.004600
1627444686.984913	1.014800	0.088400	0.043300	-0.003100	-0.022500	0.006700
1627444686.985319	1.012300	0.085900	0.038300	0.013100	-0.028000	0.007300
1627444686.985760	1.011700	0.080800	0.028900	0.024400	-0.029200	0.011600
1627444686.986169	1.011000	0.076700	0.026500	0.021600	-0.027700	0.011000
1627444686.986580	1.011200	0.077500	0.026400	0.006100	-0.025600	0.010000
1627444686.987033	1.012900	0.081400	0.022300	0.002400	-0.028300	0.010400
1627444686.987441	1.009200	0.082400	0.021500	0.000300	-0.023400	0.014000
1627444686.987845	1.011600	0.078500	0.017900	0.012500	-0.023100	0.015200
1627444686.988283	1.010400	0.065300	0.006100	0.023800	-0.014900	0.012800
1627444686.988711	1.003100	0.066900	-0.002800	0.015500	-0.005400	0.012800
1627444686.989158	0.994600	0.059900	-0.020000	0.003300	0.001600	0.014600
1627444686.989577	1.000600	0.065400	-0.008800	-0.028800	0.025700	0.009100
1627444686.989997	1.013400	0.081200	0.001600	-0.035200	0.041900	0.005200
1627444686.990463	1.024400	0.100300	0.018400	-0.036700	0.056900	0.007000
1627444686.990885	1.023300	0.115200	0.028100	0.008200	0.056900	0.016500
1627444686.991304	1.013200	0.105700	0.026700	0.086100	0.060900	0.025000
1627444686.991745	1.009000	0.086100	0.034800	0.132500	0.062100	0.027500
1627444686.992164	1.011000	0.062500	0.043900	0.136200	0.056300	0.020700
1627444686.992590	1.017100	0.048200	0.045900	0.114800	0.044700	0.013400
1627444686.993034	1.019400	0.033600	0.021600	0.082100	0.035800	0.002700
1627444686.993454	1.018900	0.032300	0.028700	-0.004000	0.035500	-0.005800
1627444686.993905	1.014900	0.034800	0.027100	-0.061100	0.023600	-0.015300
1627444686.994333	1.008200	0.037100	-0.001800	-0.070000	0.016600	-0.022900
1627444686.994758	1.002200	0.041700	-0.000900	-0.124700	0.027000	-0.032100
1627444686.995214	1.010400	0.041500	0.000700	-0.138700	0.033700	-0.041600
1627444686.995639	1.004200	0.043500	-0.005000	-0.148200	0.042200	-0.043700
1627444686.996100	1.002800	0.057400	-0.013800	-0.150900	0.064500	-0.054100
1627444686.996568	1.009500	0.064800	-0.010600	-0.140200	0.078900	-0.067500
1627444686.997033	1.013400	0.068700	0.005200	-0.148200	0.093900	-0.080400
1627444686.997580	1.016100	0.070200	0.023400	-0.159500	0.094800	-0.086200
1627444686.998301	1.014600	0.078000	0.031700	-0.130500	0.092000	-0.082800
1627444686.998804	1.005700	0.080300	0.036400	-0.115500	0.093300	-0.074600
1627444686.999284	1.008400	0.067700	0.038300	-0.076400	0.099700	-0.076700
1627444686.999760	1.012600	0.054400	0.031500	-0.072400	0.107000	-0.085600
1627444687.000189	1.005000	0.052600	0.023100	-0.117000	0.105800	-0.092600
1627444687.000756	1.009600	0.060800	0.028300	-0.182400	0.110000	-0.101700
1627444687.001312	1.014500	0.078400	0.041400	-0.239800	0.108800	-0.102000
1627444687.001812	1.008200	0.095800	0.051800	-0.248700	0.109100	-0.094100
1627444687.002288	1.011600	0.107100	0.054000	-0.214200	0.114000	-0.085900
1627444687.002801	1.012200	0.104700	0.055500	-0.167100	0.114900	-0.083100
1627444687.003360	1.012300	0.091900	0.054900	-0.131400	0.115500	-0.086200
1627444687.003847	1.012600	0.082000	0.051600	-0.123100	0.108200	-0.091700
1627444687.004280	1.009500	0.078000	0.042000	-0.128300	0.099700	-0.094400
1627444687.004709	1.006100	0.081500	0.043900	-0.152800	0.095100	-0.095300
1627444687.005161	1.006500	0.089500	0.041300	-0.155500	0.094500	-0.094400
1627444687.005582	1.004900	0.095200	0.027800	-0.132300	0.096300	-0.092900
1627444687.006029	1.000900	0.097300	0.036500	-0.130200	0.110400	-0.090100
1627444687.006452	1.012300	0.096200	0.043800	-0.102700	0.117700	-0.093200
1627444687.006874	1.007100	0.086500	0.036500	-0.075800	0.111300	-0.093800
1627444687.007314	1.001200	0.077900	0.041700	-0.088000	0.117400	-0.093800
1627444687.007733	1.004300	0.075400	0.050800	-0.121000	0.121000	-0.095000
1627444687.008148	1.004400	0.082300	0.053200	-0.146700	0.112500	-0.094100
1627444687.008590	1.003400	0.101300	0.068600	-0.189100	0.107600	-0.092600
1627444687.009002	1.005200	0.127400	0.097800	-0.208100	0.098700	-0.088000
1627444687.009415	1.010300	0.137900	0.115700	-0.178100	0.080400	-0.079700
1627444687.009859	1.013400	0.130000	0.127000	-0.127400	0.058100	-0.071200
1627444687.010274	1.019000	0.117100	0.175000	-0.146700	0.036400	-0.071200
1627444687.010691	1.038500	0.110500	0.245600	-0.185100	-0.000500	-0.074300
1627444687.011141	1.047600	0.100700	0.235800	-0.138700	-0.076300	-0.081900
1627444687.011554	1.029800	0.118500	0.169400	-0.110300	-0.140100	-0.084300
1627444687.012002	1.015600	0.153600	0.152300	-0.160100	-0.143500	-0.073900
1627444687.012420	1.030300	0.166400	0.162700	-0.137500	-0.155700	-0.060200
1627444687.012927	1.034700	0.168500	0.152100	-0.081900	-0.200000	-0.046800
1627444687.013424	1.018400	0.169600	0.126200	-0.025100	-0.236600	-0.034500
1627444687.013892	1.007700	0.156000	0.102900	0.011900	-0.249800	-0.022600
1627444687.014447	1.007900	0.133700	0.089600	0.006700	-0.250700	-0.014100
1627444687.015036	1.010400	0.111200	0.076800	-0.054400	-0.256200	-0.008600
1627444687.015509	1.007600	0.097000	0.068000	-0.165900	-0.265300	0.005200
1627444687.015963	1.009000	0.099200	0.052600	-0.263300	-0.269300	0.018000
1627444687.016408	1.007400	0.111300	0.040500	-0.340600	-0.274500	0.031700
1627444687.016823	1.008300	0.125600	0.031400	-0.387300	-0.272400	0.041200
1627444687.017267	1.005400	0.134600	0.014500	-0.395600	-0.264700	0.050400
1627444687.017681	1.000400	0.131000	-0.002200	-0.382800	-0.247600	0.061700
1627444687.018095	0.997400	0.121100	-0.013500	-0.366600	-0.227500	0.077200
1627444687.018530	0.996700	0.108000	-0.009900	-0.356800	-0.202700	0.098000
1627444687.018957	1.000400	0.093000	-0.002900	-0.348600	-0.191700	0.109600
1627444687.019377	1.002100	0.074600	-0.000400	-0.346700	-0.186500	0.103800
1627444687.019817	1.006700	0.067100	-0.002900	-0.339400	-0.177400	0.090700
1627444687.020229	1.007600	0.056900	-0.006800	-0.319500	-0.169400	0.072400
1627444687.020645	1.008700	0.043700	-0.007200	-0.286200	-0.158400	0.053100
1627444687.021090	1.007900	0.032600	-0.014900	-0.256000	-0.146200	0.032300
1627444687.021514	1.003500	0.035000	-0.024400	-0.221500	-0.127000	0.013700
1627444687.021963	1.001000	0.052500	-0.034400	-0.182100	-0.111700	-0.001300
1627444687.022382	0.996500	0.064000	-0.043200	-0.110600	-0.090600	-0.015000
1627444687.022800	0.993300	0.070900	-0.048100	-0.028500	-0.067700	-0.030900
1627444687.023248	0.993200	0.080700	-0.043300	0.058600	-0.035900	-0.050400
1627444687.023665	1.001600	0.084800	-0.037600	0.136500	-0.004800	-0.066600
1627444687.024081	1.006500	0.085300	-0.031700	0.233300	0.024200	-0.078500
1627444687.024518	1.007900	0.083100	-0.033200	0.311800	0.042500	-0.085600
1627444687.024931	1.003500	0.083100	-0.029900	0.350000	0.063900	-0.090700
1627444687.025344	1.004000	0.086700	-0.019400	0.356100	0.082900	-0.094400
1627444687.025789	1.007300	0.087800	-0.013800	0.347200	0.092600	-0.099000
1627444687.026205	1.006700	0.090600	-0.002200	0.328900	0.104200	-0.099600
1627444687.026623	1.004400	0.087300	-0.004600	0.311800	0.107300	-0.097800
1627444687.027070	1.002400	0.086100	-0.000500	0.256800	0.118600	-0.095300
1627444687.027485	1.009400	0.084100	0.010600	0.193300	0.125900	-0.090400
1627444687.027928	1.012600	0.082900	0.020100	0.123300	0.123200	-0.087400
1627444687.028343	1.009600	0.085900	0.033900	0.055200	0.115500	-0.081600
1627444687.028797	1.007800	0.090300	0.043600	0.000300	0.112500	-0.077600
1627444687.029270	1.007600	0.095300	0.050900	-0.038200	0.105500	-0.072400
1627444687.029763	1.009300	0.106000	0.051400	-0.054400	0.098700	-0.068800
1627444687.030300	1.013700	0.107500	0.055400	-0.055000	0.087400	-0.061400
1627444687.030859	1.010700	0.103400	0.057400	-0.057500	0.077400	-0.058700
1627444687.031329	1.014500	0.101100	0.063000	-0.073100	0.068800	-0.058700
1627444687.031746	1.016500	0.100500	0.061800	-0.080100	0.055400	-0.061400
1627444687.032179	1.011200	0.099200	0.058700	-0.095700	0.041300	-0.061100
1627444687.032580	1.012100	0.102700	0.060500	-0.116400	0.035500	-0.061100
1627444687.033025	1.017100	0.107900	0.059100	-0.126800	0.025400	-0.062000
1627444687.033431	1.015600	0.113600	0.051000	-0.125300	0.014400	-0.062900
1627444687.033833	1.010300	0.113200	0.049100	-0.118300	0.009000	-0.063300
1627444687.034281	1.008300	0.111800	0.045400	-0.110300	0.006800	-0.064500
1627444687.034684	1.011000	0.109400	0.037700	-0.095000	0.003800	-0.065400
1627444687.035097	1.010600	0.108900	0.034900	-0.088600	0.001300	-0.067800
1627444687.035546	1.011000	0.110000	0.029800	-0.080400	0.003100	-0.071200
1627444687.035951	1.006700	0.114700	0.027700	-0.061100	0.008000	-0.071500
1627444687.036352	1.001700	0.117300	0.028400	-0.037600	0.010800	-0.071500
1627444687.036785	1.002100	0.112900	0.026700	-0.006800	0.013500	-0.072400
1627444687.037185	1.004200	0.109900	0.027800	0.010300	0.019300	-0.076700
1627444687.037629	1.007000	0.106700	0.028100	0.022200	0.021500	-0.080100
1627444687.038029	1.006500	0.104200	0.026600	0.025000	0.022400	-0.081000
1627444687.038442	1.003700	0.107900	0.023200	0.021300	0.026100	-0.080700
1627444687.038886	1.000400	0.107400	0.022100	0.021000	0.030300	-0.079700
1627444687.039303	1.003700	0.110000	0.026000	0.008500	0.036700	-0.082200
1627444687.039723	1.008400	0.116100	0.026600	0.008800	0.036400	-0.084300
1627444687.040164	1.007600	0.115000	0.025500	0.009700	0.035500	-0.084000
1627444687.040576	1.008400	0.113800	0.030800	-0.009200	0.038900	-0.084000
1627444687.040989	1.007100	0.114500	0.036300	-0.019900	0.042900	-0.083400
1627444687.041425	1.005100	0.111500	0.036600	-0.031200	0.036700	-0.079100
1627444687.041834	1.003700	0.116700	0.044900	-0.066000	0.041600	-0.080100
1627444687.042254	1.010600	0.131500	0.044900	-0.061400	0.038600	-0.079400
1627444687.042676	1.011400	0.139800	0.037000	-0.035200	0.029100	-0.075500
1627444687.043087	1.007600	0.139600	0.036400	-0.030300	0.033700	-0.072700
1627444687.043522	1.012800	0.140600	0.047200	-0.026300	0.040700	-0.070300
1627444687.043935	1.011500	0.134600	0.044700	-0.004000	0.030300	-0.068100
1627444687.044349	1.002600	0.128300	0.043100	-0.018400	0.025700	-0.062600
1627444687.044793	1.003100	0.127900	0.042500	-0.033700	0.029400	-0.062900
1627444687.045211	1.006200	0.133300	0.044900	-0.038800	0.030300	-0.059900
1627444687.045804	1.008500	0.137900	0.050300	-0.039800	0.025700	-0.058400
1627444687.046332	1.007900	0.141000	0.046000	-0.036100	0.019900	-0.054700
1627444687.046805	1.004800	0.144400	0.049400	-0.032700	0.019000	-0.051000
1627444687.047268	1.005500	0.142200	0.049700	-0.017800	0.020300	-0.046500
1627444687.047719	1.007100	0.141200	0.047700	-0.005900	0.016600	-0.043100
1627444687.048154	1.006100	0.138200	0.048600	-0.003700	0.015100	-0.040300
1627444687.048619	1.008700	0.135100	0.049100	-0.013500	0.014100	-0.035800
1627444687.049048	1.009800	0.140400	0.052500	-0.018400	0.007400	-0.033900
1627444687.049467	1.004500	0.141700	0.047600	-0.009800	0.001300	-0.026000
1627444687.049917	0.999000	0.139800	0.044200	-0.009500	0.003800	-0.021400
1627444687.050341	1.006700	0.140700	0.044900	-0.012600	0.006500	-0.020800
1627444687.050809	1.008900	0.139900	0.045900	-0.021400	0.004100	-0.016500
1627444687.051250	1.006800	0.132100	0.042600	-0.025400	-0.000800	-0.010700
1627444687.051670	1.002600	0.130700	0.042200	-0.043100	-0.001700	-0.006800
1627444687.052090	1.002600	0.131300	0.040400	-0.060800	0.000700	-0.006400
1627444687.052537	1.003100	0.134600	0.041600	-0.071800	0.001600	-0.003400
1627444687.052956	1.006100	0.137300	0.042700	-0.069700	-0.000200	-0.001300
1627444687.053828	1.005700	0.140300	0.039700	-0.062100	0.001600	0.002400
1627444687.054251	1.005600	0.136000	0.043000	-0.050400	0.002500	0.005500
1627444687.054696	1.003200	0.136800	0.042100	-0.045600	0.002800	0.005800
1627444687.055116	1.001600	0.137500	0.044300	-0.040700	0.004400	0.009700
1627444687.055540	1.002700	0.140400	0.044200	-0.030900	0.005300	0.012800
1627444687.057287	1.003900	0.140500	0.043800	-0.018100	0.005000	0.013400
1627444687.057710	1.004300	0.134500	0.049200	-0.010700	0.007100	0.015500
1627444687.058163	1.008300	0.133700	0.051600	-0.010100	0.004100	0.015900
1627444687.059868	1.008300	0.133700	0.051600	-0.010100	0.004100	0.015900
1627444687.060276	1.006200	0.130000	0.047900	-0.014400	-0.000500	0.018900
1627444687.060719	1.005100	0.132900	0.047900	-0.023300	-0.001700	0.021300
1627444687.062382	1.004800	0.137500	0.052600	-0.024800	-0.002400	0.024700
1627444687.062792	1.005700	0.138700	0.051000	-0.014700	-0.006300	0.026800
1627444687.063292	1.003800	0.142700	0.050200	-0.003100	-0.008200	0.030500
1627444687.065409	1.003300	0.137900	0.052200	0.002700	-0.009700	0.033900
1627444687.065826	1.006700	0.133900	0.055700	0.005800	-0.013300	0.034500
1627444687.066240	1.011500	0.128200	0.057100	-0.001900	-0.019500	0.037500
1627444687.066694	1.008700	0.126300	0.056000	-0.009800	-0.028000	0.040600
1627444687.068846	1.007800	0.124900	0.054000	-0.019000	-0.032900	0.043600
1627444687.069260	1.009200	0.125700	0.054600	-0.032400	-0.033200	0.044900
1627444687.069672	1.011400	0.129300	0.051100	-0.034000	-0.041800	0.047000
1627444687.071397	1.007800	0.132800	0.047100	-0.030000	-0.047200	0.050100
1627444687.071811	1.003700	0.128300	0.040600	-0.016200	-0.047600	0.051600
1627444687.072225	1.003900	0.118400	0.037400	-0.014700	-0.048200	0.052200
1627444687.072673	1.006800	0.112200	0.041300	-0.044600	-0.047200	0.052500
1627444687.074813	1.009800	0.111600	0.040200	-0.072400	-0.053100	0.052800
1627444687.075220	1.011000	0.116900	0.038800	-0.088900	-0.056100	0.053400
1627444687.076483	1.007900	0.119400	0.038300	-0.090200	-0.057000	0.051300
1627444687.076886	1.005500	0.118900	0.038900	-0.083400	-0.055500	0.049800
1627444687.077332	1.005700	0.116100	0.034200	-0.074900	-0.050300	0.047600
1627444687.077738	1.007800	0.117400	0.031400	-0.064500	-0.048500	0.049800
1627444687.079930	1.006300	0.116200	0.029300	-0.050800	-0.048500	0.051600
1627444687.080339	1.004800	0.112100	0.030000	-0.045000	-0.046600	0.051900
1627444687.080790	1.006100	0.107700	0.029300	-0.039800	-0.045400	0.045800
1627444687.081200	1.007400	0.107500	0.029100	-0.040100	-0.046300	0.040600
1627444687.083330	1.010900	0.110100	0.033100	-0.040100	-0.042700	0.038800
1627444687.083737	1.012700	0.111300	0.031900	-0.036100	-0.043000	0.034200
1627444687.084188	1.010700	0.114400	0.033600	-0.025400	-0.043600	0.033300
1627444687.084597	1.006100	0.113900	0.034200	-0.015000	-0.043900	0.032700
1627444687.086723	1.007400	0.112400	0.033900	-0.003400	-0.041100	0.030500
1627444687.087128	1.007200	0.114300	0.033000	0.002400	-0.042100	0.028100
1627444687.087534	1.009400	0.110200	0.027200	0.013100	-0.043000	0.025300
1627444687.087984	1.010000	0.111200	0.025300	0.022900	-0.044200	0.023200
1627444687.090169	1.006000	0.106900	0.018400	0.033900	-0.041400	0.021700
1627444687.090574	1.005100	0.104200	0.017000	0.026800	-0.035900	0.021300
1627444687.090981	1.007600	0.104200	0.017300	0.017700	-0.031700	0.019800
1627444687.091434	1.007700	0.102200	0.017200	0.008800	-0.029500	0.020700
1627444687.093599	1.007800	0.101900	0.020500	0.003900	-0.026200	0.018300
1627444687.094008	1.008800	0.102100	0.020000	-0.000700	-0.026500	0.019200
1627444687.094504	1.007600	0.101900	0.020900	-0.004300	-0.022200	0.016500
1627444687.094980	1.009900	0.106200	0.021700	-0.008000	-0.019500	0.014300
1627444687.095480	1.009500	0.108600	0.022700	-0.005600	-0.017900	0.014300
1627444687.098012	1.006600	0.108900	0.020100	0.004200	-0.017300	0.015200
1627444687.098441	1.007300	0.104500	0.023100	0.008800	-0.014600	0.015900
1627444687.098856	1.005900	0.101000	0.024900	0.009100	-0.013000	0.013100
1627444687.099259	1.008700	0.100600	0.023400	0.002100	-0.013700	0.011600
1627444687.101356	1.010500	0.101100	0.023400	-0.008600	-0.014900	0.008500
1627444687.101769	1.012900	0.102900	0.028000	-0.020800	-0.012400	0.007000
1627444687.102249	1.011500	0.106100	0.029400	-0.018100	-0.018500	0.006100
1627444687.103902	1.007400	0.106700	0.028600	-0.012000	-0.021600	0.004600
1627444687.104351	1.007200	0.109600	0.028600	-0.005600	-0.016400	0.003000
1627444687.106055	1.012300	0.114100	0.028600	0.011200	-0.014600	0.002100
1627444687.106473	1.011800	0.111300	0.025000	0.030800	-0.018200	0.003000
1627444687.107098	1.009800	0.104400	0.029700	0.034500	-0.017300	0.005200
1627444687.107656	1.007700	0.101000	0.024200	0.036000	-0.022500	0.001200
1627444687.109367	1.008400	0.100100	0.023400	0.021000	-0.018800	-0.001600
1627444687.109772	1.012700	0.100100	0.023600	0.018300	-0.019100	-0.003400
1627444687.110176	1.011800	0.100800	0.024300	0.010000	-0.022200	-0.003400
1627444687.110622	1.011800	0.100800	0.020800	0.007900	-0.021000	-0.005800
1627444687.112719	1.007600	0.102700	0.020300	0.007900	-0.022800	-0.007100
1627444687.113182	1.006700	0.101200	0.019700	0.001800	-0.017600	-0.008600
1627444687.113594	1.012200	0.101800	0.021200	0.000900	-0.016400	-0.011300
1627444687.114045	1.010100	0.104200	0.015900	0.004800	-0.019100	-0.012200
1627444687.116583	1.007000	0.104900	0.012800	0.007600	-0.017600	-0.012200
1627444687.116992	1.005700	0.102400	0.012800	0.002100	-0.012100	-0.011300
1627444687.117464	1.007900	0.101900	0.011200	0.003300	-0.008500	-0.013500
1627444687.117914	1.009200	0.101400	0.010100	-0.008000	-0.007800	-0.015600
1627444687.118320	1.009400	0.099600	0.013100	-0.021400	-0.003000	-0.016500
1627444687.120466	1.010100	0.099500	0.015700	-0.028500	-0.003600	-0.016500
1627444687.120870	1.004900	0.100000	0.016200	-0.039800	-0.002000	-0.018400
1627444687.121324	1.006700	0.106000	0.011600	-0.045600	0.001900	-0.018400
1627444687.122950	1.011000	0.111100	0.016000	-0.040700	0.005900	-0.018400
1627444687.123353	1.009800	0.107900	0.016100	-0.036700	0.006500	-0.018700
1627444687.123758	1.007300	0.104700	0.014900	-0.034600	0.008600	-0.020200
1627444687.124161	1.008700	0.104400	0.011800	-0.037000	0.014800	-0.022000
1627444687.126185	1.010100	0.105700	0.014300	-0.039500	0.016000	-0.020800
1627444689.014310	1.011200	0.119300	0.033100	0.045200	0.002200	-0.004900
1627444689.020163	0.509900	0.437400	0.471600	-0.038800	-0.532000	0.240700
1627444689.021062	0.522300	0.414900	0.463700	0.126700	-0.545700	0.262900
1627444689.026441	0.533200	0.379300	0.453700	0.233900	-0.532000	0.277300
1627444689.048577	0.567700	0.355800	0.482800	0.252200	-0.503600	0.266600
1627444689.049467	0.582500	0.319800	0.455000	0.270900	-0.496200	0.256200
1627444689.055104	0.612500	0.309800	0.474500	0.160900	-0.458400	0.239700
1627444689.076516	0.644700	0.299900	0.452500	0.118500	-0.432700	0.235200
1627444689.092491	0.666900	0.285800	0.422200	0.000300	-0.395700	0.243400
1627444689.096837	0.704100	0.296500	0.443500	-0.192800	-0.345400	0.243700
1627444689.107432	0.741600	0.291100	0.422200	-0.301800	-0.318500	0.245500
1627444689.108333	0.755900	0.267300	0.403800	-0.441100	-0.290400	0.256200
1627444689.119342	0.765600	0.251600	0.401600	-0.602100	-0.265300	0.273600
1627444689.127580	0.778900	0.239400	0.408900	-0.784400	-0.251600	0.300800
1627444689.151343	0.787400	0.233300	0.425300	-0.983200	-0.265900	0.339300
1627444689.152259	0.794100	0.235800	0.454000	-1.128600	-0.305300	0.379000
1627444689.157595	0.800500	0.228900	0.464800	-1.176600	-0.376500	0.417200
1627444689.180657	0.807600	0.214800	0.459700	-1.187300	-0.478200	0.459300
1627444689.181728	0.803200	0.200000	0.488500	-1.194600	-0.589700	0.490200
1627444689.197078	0.808300	0.187400	0.522200	-1.200700	-0.668500	0.510300
1627444689.200804	0.834100	0.180200	0.471700	-1.204700	-0.777500	0.546100
1627444689.201709	0.826200	0.193800	0.535400	-1.384300	-0.853300	0.530200
1627444689.225447	0.726000	0.197600	0.788300	-1.711100	-0.682500	0.541200
1627444689.227919	0.776600	0.174600	0.767600	-1.099900	-0.307500	0.766000
1627444689.243160	1.073000	0.173000	0.333100	-0.854000	-0.296200	0.606300
1627444689.247020	1.356800	0.388700	0.308600	-0.682700	0.006500	0.619400
1627444689.269133	1.534300	0.418600	0.257200	-0.053200	-0.097300	0.619100
1627444689.270269	1.452000	0.273900	0.078100	0.434000	-0.379600	0.654800
1627444689.286210	1.402200	0.078500	0.056400	0.769000	-0.593100	0.711000
1627444689.290853	1.290600	-0.194900	0.049200	0.970300	-0.935100	0.779100
1627444689.307515	1.201300	-0.491300	0.123900	0.576300	-1.001700	0.857000
1627444689.308452	1.239600	-0.510700	0.149000	-0.416400	-1.014900	1.028100
1627444689.318013	1.286300	-0.210700	0.126700	-1.025700	-0.897900	1.089400
1627444689.320000	1.305800	0.160000	0.137200	-1.105100	-0.741800	1.017400
1627444689.343598	1.214100	0.420200	0.137100	-0.724200	-0.649900	0.850600
1627444689.346814	1.124400	0.475000	0.075600	-0.075200	-0.524300	0.595300
1627444689.359171	1.143900	0.393100	0.043700	0.406200	-0.317300	0.255600
1627444689.367141	1.273100	0.134800	-0.066000	0.573200	-0.180400	-0.068400
1627444689.388440	1.334700	-0.157100	-0.081300	-0.005200	-0.160000	-0.164400
1627444689.389387	1.252900	-0.265600	0.038800	-0.956400	-0.176400	0.051900
1627444689.397883	1.127100	-0.197100	0.195900	-1.862600	-0.139200	0.361900
1627444689.409599	1.029400	-0.025100	0.348800	-2.343900	-0.084800	0.586700
1627444689.432027	0.902800	0.141200	0.353300	-2.184500	-0.062500	0.656300
1627444689.432854	0.816200	0.207300	0.336700	-1.572100	-0.027400	0.587300
1627444689.436709	0.836800	0.143700	0.326800	-0.750500	-0.036900	0.476700
1627444689.451322	0.934700	0.068500	0.303700	-0.095300	-0.119600	0.395800
1627444689.452246	1.005600	0.019800	0.254500	0.288900	-0.193900	0.322500
1627444689.475837	1.037200	-0.010900	0.237400	0.440700	-0.201500	0.221100
1627444689.476841	1.056300	-0.028100	0.326700	0.399100	-0.183800	0.146000
1627444689.486716	1.057900	-0.043900	0.388200	0.338100	-0.198400	0.150200
1627444689.494495	1.030000	-0.079500	0.400800	0.240000	-0.228400	0.206700
1627444689.517141	1.014600	-0.123800	0.418100	0.001800	-0.228100	0.241600
1627444689.517984	1.039600	-0.136200	0.438200	-0.288400	-0.247900	0.257400
1627444689.534382	1.057400	-0.109900	0.436000	-0.558100	-0.313000	0.282200
1627444689.552312	1.051300	-0.070400	0.413100	-0.753900	-0.392400	0.293500
1627444689.553229	1.027300	-0.021100	0.391800	-0.862300	-0.457400	0.277000
1627444689.561486	1.000200	0.044200	0.382900	-0.832700	-0.493500	0.242200
1627444689.580330	0.977100	0.099900	0.336100	-0.648500	-0.507200	0.209800
1627444689.585045	0.992800	0.150600	0.293900	-0.366600	-0.491300	0.212900
1627444689.585951	1.014000	0.120800	0.212800	-0.018700	-0.543000	0.221400
1627444689.600068	1.041100	0.042500	0.164100	0.304800	-0.573200	0.235500
1627444689.622980	0.994800	-0.045900	0.245000	0.491100	-0.573500	0.240300
1627444689.624127	0.980300	-0.143800	0.152200	0.445300	-0.551200	0.254100
1627444689.636128	0.953900	-0.209500	0.061200	0.286400	-0.533200	0.272400
1627444689.637036	0.954200	-0.200400	0.093600	0.039300	-0.558800	0.260800
1627444689.644028	0.927700	-0.182100	0.097800	-0.220900	-0.516100	0.202500
1627444689.662797	0.924000	-0.167000	0.079700	-0.337900	-0.459600	0.158800
1627444689.676369	0.936200	-0.105800	0.075300	-0.413600	-0.386600	0.123700
1627444689.677279	0.950900	-0.058200	0.035600	-0.343700	-0.309900	0.106000
1627444689.683947	0.963000	-0.028200	0.058600	-0.207700	-0.252500	0.105300
1627444689.696923	0.963700	-0.039100	0.053600	-0.009500	-0.195700	0.103500
1627444689.706874	0.972300	-0.078000	0.034500	0.185700	-0.125400	0.080900
1627444689.713394	0.982800	-0.130700	0.031500	0.295600	-0.051800	0.040600
1627444689.735899	0.988600	-0.158600	0.046800	0.269900	0.003100	0.009400
1627444689.738087	0.988900	-0.177500	0.051400	0.200000	0.049000	-0.008900
1627444689.748027	0.987800	-0.177900	0.075300	0.082700	0.083200	-0.023200
1627444689.751177	0.987700	-0.166900	0.099100	-0.012600	0.116800	-0.042800
1627444689.776034	0.990700	-0.144700	0.138300	-0.108200	0.139400	-0.065100
1627444689.776649	0.999000	-0.106000	0.167100	-0.161300	0.151900	-0.090400
1627444689.787845	1.002700	-0.071800	0.200400	-0.183000	0.154600	-0.108500
1627444689.792335	1.008200	-0.053600	0.215200	-0.140200	0.146700	-0.116700
1627444689.816209	1.002100	-0.026900	0.237500	-0.144500	0.126800	-0.115500
1627444689.817110	1.007000	-0.014400	0.232700	-0.069700	0.101200	-0.105100
1627444689.828213	1.006100	-0.014400	0.241000	0.010300	0.074300	-0.102000
1627444689.833746	1.009900	-0.015600	0.251700	0.062300	0.052300	-0.106300
1627444689.856219	1.012600	-0.021600	0.232100	0.125800	0.029400	-0.095000
1627444689.857120	1.004300	-0.032800	0.217700	0.163700	-0.003600	-0.083400
1627444689.875688	0.994100	-0.037100	0.225100	0.174000	-0.021600	-0.079100
1627444689.890986	0.988400	-0.056300	0.215600	0.186600	-0.034400	-0.077000
1627444689.891802	0.981100	-0.081400	0.189700	0.142900	-0.048200	-0.075500
1627444689.896801	0.987400	-0.076800	0.188500	0.047900	-0.047600	-0.080100
1627444689.912052	1.002100	-0.052500	0.188400	-0.002500	-0.054300	-0.080100
1627444689.913133	1.004600	-0.036300	0.186400	0.023500	-0.062800	-0.081300
1627444689.934568	0.991300	-0.044700	0.164200	0.094300	-0.068900	-0.083700
1627444689.936827	0.996900	-0.064100	0.150000	0.164900	-0.075000	-0.084300
1627444689.950145	0.991200	-0.067900	0.158800	0.175600	-0.075000	-0.087400
1627444689.971151	0.996100	-0.084400	0.142100	0.206400	-0.069200	-0.091000
1627444689.972059	0.988500	-0.099500	0.136500	0.211300	-0.068900	-0.104500
1627444689.975672	0.989000	-0.133800	0.129500	0.226000	-0.044500	-0.134700
1627444689.989971	0.999500	-0.154700	0.144500	0.164600	-0.018800	-0.181800
1627444690.012324	1.002300	-0.147300	0.132700	0.080000	-0.006600	-0.205000
1627444690.013206	1.004000	-0.124600	0.118800	0.021600	0.001900	-0.213800
1627444690.015558	1.010500	-0.091700	0.150600	0.004800	0.018700	-0.225400
1627444690.025585	1.008400	-0.075200	0.139000	0.047300	0.047700	-0.246200
1627444690.033270	0.995400	-0.083000	0.112800	0.131300	0.084100	-0.268500
1627444690.057157	0.982400	-0.124600	0.092300	0.175600	0.129900	-0.306700
1627444690.057986	0.981600	-0.166500	0.055400	0.182900	0.188200	-0.352500
1627444690.068017	0.987400	-0.194000	0.027600	0.129800	0.239200	-0.395900
1627444690.078317	0.990400	-0.179100	0.060300	-0.056300	0.277400	-0.438000
1627444690.100989	1.002200	-0.106000	0.084600	-0.206200	0.333300	-0.442000
1627444690.101982	1.006100	-0.013200	0.083600	-0.235500	0.397200	-0.412100
1627444690.105464	1.002700	0.075900	0.068700	-0.110600	0.489100	-0.403500
1627444690.118155	1.024000	0.146600	0.076700	0.229300	0.608200	-0.433700
1627444690.119058	1.039100	0.116700	0.095300	0.665800	0.734400	-0.510400
1627444690.143410	1.080700	0.057500	0.029500	1.049400	0.899600	-0.632900
1627444690.145518	1.169300	0.026600	-0.088500	1.410700	1.125600	-0.803600
1627444690.151481	1.300500	0.077000	-0.106800	1.635200	1.315300	-0.969500
1627444690.175317	1.427000	0.158900	-0.054800	1.808400	1.400200	-1.082200
1627444690.186231	1.493400	0.177900	-0.036900	1.982800	1.402000	-1.113600
1627444690.187156	1.537500	0.117800	-0.044600	2.068600	1.425900	-1.121900
1627444690.195149	1.537500	0.117800	-0.044600	2.068600	1.425900	-1.121900
1627444690.215375	1.534200	0.037500	0.043000	1.944300	1.444200	-1.146000
1627444690.225702	1.529300	-0.003200	0.138300	1.633400	1.363500	-1.173200
1627444690.226604	1.475100	-0.051400	0.194500	1.285200	1.283200	-1.210500
1627444690.245882	1.456100	-0.073200	0.270500	0.903100	1.216300	-1.276400
1627444690.246831	1.388100	-0.078600	0.287700	0.510000	1.103900	-1.312500
1627444690.252638	1.289600	-0.050400	0.315900	0.038400	1.021500	-1.307300
1627444690.274089	1.139200	0.022600	0.512900	-0.483900	0.924300	-1.226600
1627444690.285022	0.974200	0.067500	0.722000	-0.707700	0.991800	-1.116400
1627444690.295584	0.932300	0.069000	0.724000	-0.709000	1.163800	-1.008600
1627444690.296521	1.035800	0.128300	0.569200	-0.818000	1.217900	-0.938600
1627444690.319648	1.119800	0.297400	0.479400	-0.853400	1.197400	-0.841200
1627444690.320482	1.117900	0.492400	0.490400	-0.738600	1.163200	-0.713500
1627444690.328084	0.975000	0.562100	0.530400	-0.324700	1.113100	-0.570300
1627444690.339464	0.787400	0.545000	0.559200	0.181400	1.062700	-0.431300
1627444690.340373	0.671600	0.527700	0.568200	0.592800	1.048300	-0.343300
1627444690.364118	0.631000	0.500100	0.556300	0.947100	1.036700	-0.281300
1627444690.376292	0.626300	0.456700	0.546500	1.231500	0.989100	-0.243200
1627444690.377185	0.611100	0.376500	0.539600	1.451400	0.914300	-0.220900
1627444690.385113	0.579000	0.276100	0.513900	1.538400	0.820200	-0.202800
1627444690.409961	0.544400	0.176300	0.508200	1.423900	0.731600	-0.208900
1627444690.410858	0.531600	0.104500	0.511000	1.168500	0.633600	-0.231900
1627444690.414337	0.529700	0.062400	0.506000	0.839000	0.541600	-0.247700
1627444690.424254	0.528100	0.039800	0.496100	0.426900	0.445100	-0.252300
1627444690.429597	0.521600	0.048600	0.492100	-0.023300	0.343700	-0.238300
1627444690.454859	0.500600	0.077400	0.489300	-0.431600	0.244100	-0.215100
1627444690.455799	0.463900	0.116600	0.482100	-0.766700	0.155300	-0.194000
1627444690.464432	0.422200	0.165800	0.477900	-1.049500	0.062700	-0.174700
1627444690.470106	0.384000	0.194200	0.454800	-1.225100	-0.035000	-0.158600
1627444690.497680	0.358500	0.228100	0.459800	-1.350400	-0.116900	-0.150600
1627444690.498645	0.349400	0.263100	0.470900	-1.402000	-0.199400	-0.147600
1627444690.506870	0.351700	0.289600	0.459800	-1.375400	-0.284000	-0.139300
1627444690.516512	0.356900	0.314700	0.437100	-1.314300	-0.366400	-0.122200
1627444690.539531	0.359500	0.341100	0.423500	-1.235200	-0.446400	-0.093200
1627444690.540442	0.349100	0.375100	0.431400	-1.099600	-0.538100	-0.045500
1627444690.544237	0.328600	0.389800	0.456500	-0.949300	-0.604100	0.005800
1627444690.555698	0.323600	0.409200	0.512600	-0.769700	-0.654100	0.051300
1627444690.575064	0.318200	0.410400	0.501600	-0.420000	-0.735700	0.108100
1627444690.575951	0.309400	0.398900	0.469100	-0.101800	-0.793100	0.168300
1627444690.586505	0.321500	0.409700	0.489000	0.151700	-0.829800	0.223500
1627444690.606623	0.348400	0.381600	0.486200	0.442800	-0.864600	0.272100
1627444690.607844	0.393600	0.330000	0.495000	0.651100	-0.905800	0.304500
1627444690.622763	0.431900	0.287400	0.499300	0.722600	-0.951900	0.307800
1627444690.629492	0.472700	0.262300	0.509200	0.685300	-0.982200	0.301700
1627444690.649538	0.513400	0.253500	0.521000	0.631300	-1.007800	0.292600
1627444690.650366	0.560400	0.249500	0.543600	0.528300	-1.018500	0.280700
1627444690.655462	0.625500	0.269000	0.597300	0.424200	-1.035000	0.276400
1627444690.669415	0.684800	0.246800	0.556300	0.401900	-1.069500	0.297500
1627444690.670309	0.737200	0.222000	0.526200	0.200900	-1.082400	0.340200
1627444690.691007	0.780000	0.191400	0.497200	0.004200	-1.075300	0.377800
1627444690.694344	0.815900	0.159900	0.487500	-0.308200	-1.039600	0.405300
1627444690.704312	0.856700	0.147300	0.499400	-0.678700	-1.002000	0.425700
1627444690.713433	0.881300	0.133900	0.469200	-1.047700	-0.991300	0.458100
1627444690.734561	0.900900	0.160600	0.475700	-1.504600	-0.987700	0.499000
1627444690.735409	0.940700	0.222500	0.519900	-1.888500	-1.018200	0.552500
1627444690.745595	0.953900	0.271200	0.600100	-2.051300	-1.062800	0.593400
1627444690.752294	0.888300	0.272300	0.770900	-2.109100	-0.988300	0.606900
1627444690.773550	0.964200	0.246200	0.774200	-2.167400	-0.686500	0.631000
1627444690.774383	0.980500	0.036400	0.508800	-1.496100	-0.674300	0.854600
1627444690.784279	1.335800	0.033800	0.305200	-2.041300	-0.506900	0.601400
1627444690.795786	1.591800	0.359400	0.424300	-1.745600	-0.377100	0.529900
1627444690.818323	1.693400	0.400300	-0.026100	-0.899900	-0.709700	0.488100
1627444690.819171	1.623800	0.380000	-0.126600	-0.268800	-0.830700	0.528400
1627444690.822971	1.617700	0.330900	-0.212800	0.580900	-1.089100	0.662500
1627444690.837266	1.451900	-0.174000	-0.087800	1.164000	-1.214900	0.745200
1627444690.859549	1.351900	-0.566300	-0.078900	0.474600	-1.274200	0.886600
1627444690.860385	1.281000	-0.382200	-0.177100	-0.603600	-1.204200	1.066500
1627444690.864131	1.426400	-0.002000	-0.097000	-1.037600	-0.903100	1.100400
1627444690.879627	1.514900	0.526600	-0.063600	-0.915700	-0.550300	0.757100
1627444690.880532	1.405600	0.681500	-0.076000	-0.219000	-0.290700	0.362500
1627444690.896285	1.200700	0.394300	-0.111200	0.439200	-0.171300	0.109000
1627444690.903115	1.053600	0.038100	0.025900	0.516100	-0.053400	0.126100
1627444690.907651	0.969600	-0.225800	0.191500	0.303900	-0.054000	0.338400
1627444690.927746	0.862700	-0.392800	0.305300	-0.179600	-0.169100	0.613000
1627444690.943214	0.750600	-0.414200	0.336700	-0.865600	-0.289200	0.781300
1627444690.948344	0.805500	-0.318200	0.212300	-1.484100	-0.250400	0.646300
1627444690.949375	0.980700	-0.140600	0.241100	-1.755400	-0.208500	0.382400
1627444690.973421	1.107500	0.020600	0.254400	-1.640200	-0.243000	0.207400
1627444690.974456	1.127400	0.159200	0.223300	-1.223000	-0.287300	0.180800
1627444690.984214	1.089500	0.281200	0.242300	-0.691600	-0.312700	0.225100
1627444690.993352	1.026900	0.279300	0.222700	0.009400	-0.312700	0.267800
1627444691.016064	0.987800	0.101600	0.188500	0.673400	-0.280600	0.287400
1627444691.017193	0.981300	-0.150400	0.193000	0.931800	-0.236900	0.272100
1627444691.024312	1.010300	-0.325700	0.191500	0.631600	-0.206100	0.245800
1627444691.031901	1.043300	-0.390100	0.176000	0.085800	-0.192900	0.231800
1627444691.052123	1.042000	-0.347200	0.153400	-0.540700	-0.224100	0.226000
1627444691.052956	1.028200	-0.220200	0.203900	-1.085300	-0.242100	0.195400
1627444691.063285	1.014500	-0.088400	0.212400	-1.276500	-0.268100	0.158200
1627444691.073353	0.994100	-0.026600	0.173800	-1.198300	-0.255600	0.103800
1627444691.096948	0.992800	-0.012200	0.155200	-1.021400	-0.233300	0.063200
1627444691.098337	1.009200	-0.013200	0.163700	-0.849500	-0.200600	0.046100
1627444691.114059	1.021500	-0.021100	0.146200	-0.707400	-0.181000	0.057100
1627444691.116946	1.016800	-0.046900	0.118900	-0.625300	-0.156600	0.067200
1627444691.139700	1.009300	-0.047600	0.159200	-0.554100	-0.149300	0.060100
1627444691.140615	0.986000	-0.056500	0.148900	-0.437100	-0.131500	0.044000
1627444691.142959	0.979000	-0.069900	0.159200	-0.329300	-0.107400	0.004900
1627444691.149748	0.981200	-0.070800	0.169100	-0.296900	-0.092100	-0.025400
1627444691.172579	0.990500	-0.078100	0.153800	-0.291100	-0.079000	-0.039400
1627444691.173485	0.994400	-0.078700	0.139900	-0.297800	-0.057000	-0.047700
1627444691.183260	1.000900	-0.083000	0.132900	-0.326600	-0.035300	-0.053800
1627444691.191530	0.994300	-0.095700	0.124000	-0.336000	-0.016700	-0.056500
1627444691.215233	0.991800	-0.099500	0.124400	-0.386700	-0.003300	-0.061700
1627444691.216136	0.985800	-0.081400	0.123200	-0.416100	0.005000	-0.076100
1627444691.223175	0.983500	-0.064900	0.133400	-0.402600	0.025400	-0.082500
1627444691.236265	0.993400	-0.048600	0.144000	-0.366600	0.037700	-0.096500
1627444691.256387	1.002900	-0.017500	0.164300	-0.335400	0.038600	-0.100800
1627444691.264334	1.001600	0.010100	0.178500	-0.240700	0.034000	-0.092000
1627444691.265483	1.000200	0.022200	0.202100	-0.128900	0.025100	-0.082800
1627444691.284216	1.003100	0.013900	0.199600	0.007900	0.013800	-0.079100
1627444691.285806	1.001300	-0.019400	0.206200	0.120300	0.007400	-0.076100
1627444691.301528	1.017000	-0.051300	0.213600	0.145300	-0.011200	-0.077000
1627444691.305670	1.014200	-0.067100	0.204500	0.114200	-0.029800	-0.073300
1627444691.329692	1.009000	-0.070100	0.208600	0.060400	-0.047900	-0.069100
1627444691.330650	1.005500	-0.065100	0.214100	-0.002500	-0.069200	-0.068400
1627444691.332803	1.002800	-0.041700	0.230600	-0.035500	-0.087300	-0.069100
1627444691.348438	1.000700	-0.026000	0.212300	-0.003100	-0.107400	-0.070000
1627444691.350980	1.003400	-0.019900	0.178200	0.047600	-0.119000	-0.067200
1627444691.369576	1.008200	-0.024700	0.173200	0.082100	-0.156000	-0.061100
1627444691.372047	0.996700	-0.028100	0.177400	0.112000	-0.170000	-0.059000
1627444691.383053	0.990500	-0.045900	0.157600	0.156900	-0.156900	-0.059300
1627444691.390877	0.992100	-0.053300	0.146600	0.160000	-0.154200	-0.069100
1627444691.413245	0.988900	-0.043300	0.118200	0.171000	-0.133700	-0.079700
1627444691.414209	0.999600	-0.031400	0.099400	0.178300	-0.097000	-0.082800
1627444691.429502	0.999000	-0.032500	0.114900	0.205800	-0.091200	-0.081000
1627444691.436013	0.995600	-0.064500	0.105500	0.277900	-0.069200	-0.092600
1627444691.459588	0.996800	-0.088700	0.105600	0.273600	-0.051500	-0.108800
1627444691.460414	0.992200	-0.101900	0.105600	0.229300	-0.035000	-0.119500
1627444691.463135	0.991800	-0.096700	0.109700	0.159400	-0.022500	-0.124000
1627444691.478342	0.993200	-0.081300	0.105300	0.117800	-0.007800	-0.133200
1627444691.481947	1.002600	-0.069500	0.111800	0.148100	0.009300	-0.156400
1627444691.503039	1.009200	-0.053000	0.140600	0.161200	0.016300	-0.181200
1627444691.505576	1.009200	-0.020000	0.172200	0.162700	0.009300	-0.189100
1627444691.521318	1.005600	0.005900	0.174200	0.219600	-0.003000	-0.179300
1627444691.524709	0.999000	0.019300	0.172500	0.331600	-0.006300	-0.174700
1627444691.545794	1.000500	0.009800	0.162700	0.486200	0.002200	-0.178400
1627444691.546744	1.008800	-0.031400	0.165200	0.596800	0.005900	-0.191800
1627444691.556751	1.011200	-0.095100	0.144700	0.602300	0.010800	-0.207400
1627444691.566995	1.013900	-0.136800	0.082600	0.504500	0.002200	-0.211700
1627444691.589291	1.022000	-0.140300	0.074200	0.347800	-0.040200	-0.211100
1627444691.590752	1.009400	-0.137200	0.077900	0.243100	-0.060700	-0.222400
1627444691.603710	0.999500	-0.139900	0.078100	0.173700	-0.035300	-0.252600
1627444691.604608	0.990100	-0.139300	0.044900	0.127900	0.019000	-0.303600
1627444691.611734	0.984100	-0.117300	-0.010400	0.090700	0.100000	-0.354300
1627444691.636732	0.978800	-0.071700	-0.046900	0.066800	0.208700	-0.393700
1627444691.641279	0.978500	-0.039600	-0.072500	0.124000	0.317700	-0.409300
1627444691.642182	0.977400	-0.002100	-0.108400	0.233000	0.441100	-0.420000
1627444691.657588	0.975500	0.044700	-0.134900	0.374700	0.579800	-0.426700
1627444691.681614	0.996800	0.089500	-0.113400	0.546400	0.743800	-0.417300
1627444691.683956	1.026500	0.119900	-0.087600	0.813000	0.903300	-0.400500
1627444691.684848	1.034900	0.136400	-0.016400	1.127600	1.075500	-0.421200
1627444691.693208	1.070800	0.144800	0.075100	1.530200	1.288100	-0.516800
1627444691.703837	1.090600	0.084400	0.047600	1.937900	1.457000	-0.659500
1627444691.728788	1.139800	-0.004500	0.048200	2.152300	1.621300	-0.834800
1627444691.729672	1.193400	-0.083500	0.082300	2.081200	1.551700	-0.936800
1627444691.731740	1.221600	-0.154800	0.134400	1.804400	1.464300	-1.005200
1627444691.746451	1.371600	-0.186400	0.134400	1.511200	1.415800	-1.109700
1627444691.770225	1.524000	-0.156900	0.075400	1.193900	1.379700	-1.223600
1627444691.771132	1.619100	-0.078200	0.113600	0.905200	1.346100	-1.292000
1627444691.773294	1.614500	0.021900	0.132000	0.560100	1.224600	-1.288300
1627444691.783278	1.530300	0.142900	0.208400	0.138900	1.132900	-1.218100
1627444691.792236	1.440600	0.256500	0.275900	-0.109400	1.066100	-1.096500
1627444691.818710	1.306400	0.363500	0.343800	-0.206500	1.047400	-0.903800
1627444691.819622	1.185200	0.439100	0.542100	-0.189700	1.177500	-0.702200
1627444691.821847	1.083600	0.408600	0.738400	0.050000	1.443300	-0.493900
1627444691.831814	1.120500	0.326800	0.650800	0.344500	1.659500	-0.359500
1627444691.835751	1.204800	0.313800	0.549400	0.350600	1.695200	-0.303300
1627444691.858341	1.258500	0.338700	0.584800	0.338700	1.648500	-0.301500
1627444691.861810	1.195600	0.354600	0.616000	0.386900	1.548000	-0.318300
1627444691.878291	1.042800	0.363000	0.647100	0.433700	1.473800	-0.327800
1627444691.899870	0.921100	0.392000	0.678200	0.553100	1.434700	-0.337800
1627444691.900705	0.870400	0.424300	0.662600	0.745500	1.391900	-0.353100
1627444691.902014	0.829300	0.433800	0.627800	0.863100	1.347400	-0.344600
1627444691.917545	0.795300	0.422900	0.602400	0.948000	1.310100	-0.338100
1627444691.930354	0.747700	0.394700	0.609500	0.922000	1.273100	-0.347900
1627444691.942480	0.695300	0.373800	0.645300	0.875900	1.228500	-0.380900
1627444691.943383	0.637200	0.338900	0.606000	0.859700	1.171700	-0.412400
1627444691.951586	0.578500	0.327000	0.558300	0.745200	1.104500	-0.437700
1627444691.969104	0.527300	0.313800	0.525000	0.575700	1.001900	-0.446600
1627444691.981295	0.469000	0.280300	0.499800	0.390600	0.918200	-0.427900
1627444691.982408	0.419400	0.258700	0.493700	0.138000	0.840900	-0.392200
1627444691.990121	0.374500	0.237700	0.472400	-0.121000	0.764000	-0.348800
1627444692.012503	0.340900	0.240700	0.471800	-0.402600	0.697700	-0.303900
1627444692.013422	0.328900	0.255900	0.476200	-0.660100	0.629300	-0.263900
1627444692.020588	0.322300	0.284800	0.462500	-0.847000	0.553200	-0.217500
1627444692.035107	0.324300	0.318700	0.445800	-0.957900	0.487900	-0.172300
1627444692.055060	0.333000	0.357200	0.447500	-0.972900	0.424300	-0.128900
1627444692.064762	0.339700	0.365800	0.398300	-0.850400	0.352900	-0.072700
1627444692.065940	0.341300	0.381500	0.402600	-0.746200	0.280200	-0.019000
1627444692.075209	0.340500	0.386500	0.419200	-0.589800	0.207800	0.026500
1627444692.098140	0.338700	0.376100	0.423700	-0.398000	0.131100	0.069000
1627444692.100182	0.339500	0.369900	0.435700	-0.177200	0.044400	0.105000
1627444692.101082	0.334600	0.356400	0.403600	0.080000	-0.039000	0.141700
1627444692.110752	0.333100	0.345700	0.380700	0.289200	-0.112300	0.175300
1627444692.118747	0.328500	0.333000	0.373700	0.436700	-0.187700	0.204300
1627444692.142146	0.332200	0.316200	0.397900	0.540600	-0.265900	0.223500
1627444692.142966	0.339400	0.299800	0.431300	0.651100	-0.353000	0.236400
1627444692.154355	0.339700	0.289600	0.424600	0.760800	-0.430000	0.258400
1627444692.164413	0.358300	0.292400	0.416900	0.842000	-0.517000	0.295000
1627444692.188609	0.381600	0.280500	0.426600	0.926900	-0.617800	0.335300
1627444692.189723	0.413000	0.239000	0.450700	0.929700	-0.696300	0.357900
1627444692.191969	0.468000	0.205400	0.518200	0.873200	-0.784000	0.359800
1627444692.204861	0.519900	0.177000	0.516400	0.821000	-0.886600	0.361300
1627444692.227700	0.559100	0.171400	0.480800	0.746100	-0.969000	0.358500
1627444692.228601	0.591200	0.189900	0.465000	0.589400	-1.043600	0.351500
1627444692.230570	0.593000	0.205400	0.450600	0.359700	-1.119300	0.371100
1627444692.249643	0.584000	0.234500	0.491900	0.127600	-1.139500	0.394000
1627444692.259877	0.583600	0.252900	0.500600	0.075400	-1.154400	0.418100
1627444692.260783	0.587300	0.241300	0.478400	0.033900	-1.157800	0.446500
1627444692.265143	0.637500	0.244000	0.539600	-0.108500	-1.174900	0.456900
1627444692.287376	0.697900	0.199000	0.529200	-0.199800	-1.210000	0.457200
1627444692.290701	0.790400	0.196000	0.577500	-0.511300	-1.209400	0.437700
1627444692.300529	0.845900	0.214100	0.553200	-0.662800	-1.210600	0.423300
1627444692.308290	0.849100	0.228100	0.552900	-0.887000	-1.199300	0.413200
1627444692.332454	0.839600	0.266200	0.650900	-1.086800	-1.143800	0.373500
1627444692.333340	0.850500	0.267100	0.673300	-1.069400	-1.075900	0.342700
1627444692.343100	0.886000	0.247800	0.589600	-1.059900	-1.051800	0.317900
1627444692.353545	0.929800	0.276400	0.576200	-1.043100	-1.043900	0.301100
1627444692.375836	0.965800	0.288300	0.549800	-0.932200	-1.078400	0.358200
1627444692.376837	0.971100	0.286400	0.541300	-0.816200	-1.128500	0.484700
1627444692.380617	0.966800	0.281000	0.564200	-0.746200	-1.186200	0.628900
1627444692.395753	0.939900	0.259900	0.585200	-0.619200	-1.248200	0.771200
1627444692.398233	0.871100	0.243400	0.713100	-0.580700	-1.215500	0.893100
1627444692.420873	0.713100	0.185400	0.999800	-0.719300	-0.715800	0.996900
1627444692.421832	1.110600	0.065700	0.722400	0.072300	-0.470300	1.276700
1627444692.435636	1.458900	0.187900	0.117800	0.156000	-0.684400	1.014300
1627444692.443460	1.533800	0.463500	0.304100	0.908600	-0.423500	1.087000
1627444692.463484	1.496500	0.104000	0.153600	1.795300	-0.545400	1.078500
1627444692.464347	1.485800	-0.263400	-0.016100	2.086100	-0.635200	0.964200
1627444692.479724	1.548700	-0.405400	-0.074100	1.782500	-0.935800	0.928800
1627444692.484415	1.417500	-0.568600	0.097500	1.520700	-1.341100	0.930600
1627444692.499859	1.215700	-0.945200	0.086400	0.831000	-1.621800	0.942800
1627444692.500760	1.188500	-0.774900	-0.015900	-0.881500	-1.467200	0.881800
1627444692.510688	1.384000	-0.127400	-0.068500	-2.023200	-1.120500	0.629500
1627444692.512596	1.552400	0.438400	-0.150000	-2.284700	-0.826700	0.271200
1627444692.538788	1.539200	0.756600	-0.247100	-1.962800	-0.599800	-0.048300
1627444692.539690	1.395600	0.732400	-0.318500	-1.587700	-0.434500	-0.158900
1627444692.555874	1.213100	0.525100	-0.227400	-1.507400	-0.361200	-0.008900
1627444692.573863	1.025600	0.229700	-0.095900	-1.506800	-0.325200	0.360100
1627444692.574775	0.854000	-0.026000	0.203000	-1.683900	-0.339900	0.803300
1627444692.579590	0.777600	-0.201200	0.288900	-1.646000	-0.262600	0.840200
1627444692.583740	0.821500	-0.335200	0.156000	-1.619800	-0.180400	0.598900
1627444692.608697	0.915600	-0.312600	0.133400	-1.843000	-0.160900	0.337500
1627444692.609591	1.022900	-0.166300	0.216400	-2.022000	-0.254000	0.248900
1627444692.619457	1.042100	0.104000	0.288300	-2.013800	-0.346600	0.290700
1627444692.628813	1.008900	0.414400	0.205100	-1.411500	-0.376200	0.352400
1627444692.653406	1.013500	0.556400	0.111300	-0.217200	-0.318500	0.353700
1627444692.654555	1.001200	0.417000	0.129300	0.821000	-0.240600	0.284600
1627444692.664236	1.021100	0.096200	0.140500	1.501500	-0.167900	0.267200
1627444692.674683	1.028800	-0.252100	0.170800	1.566200	-0.104700	0.312700
1627444692.692570	1.059800	-0.533900	0.133300	1.063500	-0.041100	0.345100
1627444692.693446	1.061600	-0.641700	0.091200	0.088200	-0.014600	0.336900
1627444692.700569	1.019000	-0.569800	0.126000	-1.055300	-0.024600	0.276100
1627444692.711589	0.992100	-0.368800	0.185800	-1.851600	-0.036900	0.181400
1627444692.734924	0.973000	-0.151100	0.232900	-2.154600	-0.051500	0.091600
1627444692.735630	0.974400	0.062600	0.265000	-2.093800	-0.031700	0.021700
1627444692.740634	1.001000	0.249800	0.319300	-1.751100	-0.023100	-0.022600
1627444692.744977	1.016800	0.362700	0.314800	-1.098100	-0.005400	-0.019300
1627444692.766576	1.029900	0.330700	0.260600	-0.302700	0.012900	0.024400
1627444692.780068	1.035000	0.155800	0.234300	0.403700	0.011100	0.080900
1627444692.780971	1.027000	-0.032500	0.234500	0.664900	0.001900	0.110500
1627444692.787605	1.014900	-0.157300	0.222000	0.585200	-0.021900	0.113600
1627444692.812645	1.003300	-0.209200	0.220300	0.333200	-0.057300	0.097100
1627444692.813662	0.993700	-0.189000	0.236300	-0.003400	-0.090000	0.059500
1627444692.820604	0.989700	-0.118000	0.228600	-0.251700	-0.105900	0.023500
1627444692.833854	0.990400	-0.043900	0.171600	-0.366300	-0.096400	0.011900
1627444692.857841	1.016800	0.029300	0.148400	-0.362300	-0.136100	0.025600
1627444692.859921	1.005200	0.042400	0.125200	-0.247500	-0.134000	0.050100
1627444692.860831	1.008900	0.004000	0.140700	-0.110600	-0.138300	0.069600
1627444692.870894	0.995400	-0.044900	0.150600	-0.015300	-0.120200	0.066200
1627444692.877697	0.989300	-0.076400	0.163200	-0.015000	-0.111700	0.051300
1627444692.899986	0.983400	-0.067100	0.167100	-0.046800	-0.115400	0.043000
1627444692.900890	0.986300	-0.037100	0.165800	-0.052900	-0.102200	0.038100
1627444692.913933	0.999000	0.001100	0.172700	0.016700	-0.087300	0.030800
1627444692.925560	1.008100	0.005400	0.158800	0.151100	-0.073500	0.024400
1627444692.928035	1.006800	-0.010100	0.163800	0.262600	-0.062200	0.017400
1627444692.945824	1.002300	-0.049200	0.155300	0.347800	-0.050600	0.014600
1627444692.967151	0.995600	-0.089600	0.164400	0.345400	-0.049400	0.010000
1627444692.968043	0.993700	-0.122700	0.174900	0.277600	-0.055800	0.004200
1627444692.970714	0.992200	-0.126100	0.171900	0.142300	-0.062800	-0.008900
1627444692.985657	1.005700	-0.097300	0.161400	0.018000	-0.071100	-0.019900
1627444692.988202	1.006700	-0.056400	0.158400	-0.056600	-0.079000	-0.027500
1627444693.010540	1.005600	-0.022700	0.166300	-0.055600	-0.081200	-0.037300
1627444693.011710	1.001800	-0.002200	0.165800	0.005800	-0.081200	-0.037900
1627444693.027705	0.991000	0.003700	0.147100	0.087300	-0.072600	-0.032100
1627444693.030824	0.989500	-0.007000	0.096800	0.192100	-0.040500	-0.031200
1627444693.031885	0.998300	-0.030000	0.107900	0.318500	-0.036300	-0.032100
1627444693.054904	0.997100	-0.068800	0.128100	0.374400	-0.029200	-0.033000
1627444693.058040	0.990400	-0.111000	0.116700	0.347200	-0.014900	-0.042200
1627444693.070732	0.983500	-0.121100	0.092400	0.255300	0.003100	-0.050400
1627444693.075754	0.979000	-0.111000	0.064500	0.170700	0.034300	-0.062900
1627444693.096991	0.996500	-0.107800	0.045300	0.164900	0.071300	-0.080100
1627444693.099134	1.003900	-0.077000	0.093600	0.091900	0.082300	-0.100200
1627444693.114336	0.988600	-0.049800	0.106600	0.095900	0.112200	-0.109700
1627444693.119432	0.987700	-0.039900	0.116600	0.175900	0.136600	-0.115800
1627444693.139618	0.995500	-0.035900	0.177900	0.243100	0.136600	-0.126500
1627444693.140751	1.000900	-0.034700	0.217400	0.298700	0.124400	-0.130800
1627444693.150615	0.996100	-0.024900	0.211500	0.358800	0.114000	-0.123400
1627444693.160966	0.999400	-0.032200	0.189200	0.441300	0.105200	-0.118800
1627444693.183576	1.018800	-0.053500	0.186400	0.496300	0.100600	-0.135300
1627444693.184425	1.028200	-0.090300	0.183800	0.484100	0.088400	-0.165900
1627444693.188120	1.017900	-0.115800	0.180300	0.415600	0.075800	-0.180500
1627444693.203361	1.008700	-0.125200	0.183600	0.326800	0.063900	-0.197000
1627444693.205750	1.007800	-0.104100	0.235500	0.193600	0.038600	-0.220200
1627444693.228544	1.002300	-0.053200	0.273700	0.094000	0.008000	-0.237400
1627444693.230649	1.003100	0.000400	0.276900	0.103500	-0.017300	-0.243800
1627444693.242740	1.015700	0.041900	0.272900	0.191800	-0.037500	-0.241900
1627444693.257829	1.043600	0.042200	0.264000	0.347500	-0.067400	-0.237400
1627444693.268938	1.041500	0.024400	0.257700	0.440700	-0.102200	-0.229100
1627444693.269845	1.031000	-0.007200	0.225100	0.525600	-0.127900	-0.209600
1627444693.279023	1.019500	-0.031000	0.207400	0.563500	-0.157200	-0.204700
1627444693.286860	0.997300	-0.056400	0.195100	0.584200	-0.165500	-0.236100
1627444693.298017	0.995600	-0.084800	0.179800	0.558300	-0.163300	-0.289600
1627444693.312150	1.012600	-0.054100	0.167700	0.478900	-0.158100	-0.336300
1627444693.333196	1.030600	0.011700	0.140100	0.504200	-0.145300	-0.351900
1627444693.335136	1.037500	0.068700	0.085600	0.678900	-0.089400	-0.359500
1627444693.358328	1.061500	0.078200	-0.018200	0.939500	0.014800	-0.363500
1627444693.359149	1.065200	0.056400	0.002300	1.150800	0.058400	-0.381800
1627444693.360774	1.032100	-0.019300	0.030000	1.292200	0.116200	-0.412400
1627444693.375917	1.006100	-0.129900	-0.040900	1.284600	0.150700	-0.435900
1627444693.380897	1.004200	-0.197300	-0.146400	1.076600	0.221500	-0.492400
1627444693.391058	1.065700	-0.168900	-0.229100	0.792200	0.337300	-0.567500
1627444693.399348	1.134300	-0.100000	-0.236900	0.580600	0.418500	-0.640200
1627444693.410117	1.176300	-0.023800	-0.318400	0.535100	0.585900	-0.729100
1627444693.434043	1.217700	0.023100	-0.386000	0.596800	0.796700	-0.817400
1627444693.434943	1.294300	0.044600	-0.378100	0.621800	1.009500	-0.899800
1627444693.436887	1.375200	0.008900	-0.379600	0.693300	1.191600	-0.959400
1627444693.441400	1.460900	0.001600	-0.339100	0.584500	1.413600	-1.004600
1627444693.462982	1.518900	0.036100	-0.138300	0.396700	1.617100	-0.992700
1627444693.477622	1.594800	0.087900	0.006600	0.300200	1.656800	-0.937400
1627444693.478523	1.580700	0.158600	0.132300	0.282500	1.647900	-0.857100
1627444693.485132	1.488500	0.197400	0.275100	0.381100	1.627100	-0.745000
1627444693.507908	1.331100	0.145900	0.489700	0.516100	1.701000	-0.642100
1627444693.519984	1.273200	0.059000	0.640600	0.629400	1.887400	-0.592900
1627444693.529476	1.377200	0.122300	0.445600	0.576000	1.931600	-0.542200
1627444693.530427	1.420700	0.300800	0.429800	0.665200	1.835100	-0.511600
1627444693.554542	1.364100	0.370600	0.514200	0.966600	1.725800	-0.476800
1627444693.560004	1.206100	0.357500	0.516500	1.216200	1.614300	-0.422700
1627444693.560904	1.077500	0.393900	0.553800	1.318200	1.536400	-0.391900
1627444693.573987	1.009000	0.455600	0.619300	1.427800	1.485700	-0.382700
1627444693.588254	0.940200	0.487100	0.580900	1.587600	1.482700	-0.377500
1627444693.589672	0.885000	0.488500	0.619400	1.705200	1.450900	-0.383300
1627444693.604544	0.810300	0.459000	0.642600	1.762000	1.437800	-0.397400
1627444693.605442	0.750000	0.412000	0.655500	1.807200	1.418800	-0.438000
1627444693.628361	0.654100	0.315800	0.576800	1.787600	1.365100	-0.472800
1627444693.629184	0.571200	0.224500	0.552200	1.538100	1.316800	-0.500300
1627444693.643107	0.502100	0.142200	0.534100	1.177400	1.258800	-0.508000
1627444693.649704	0.437300	0.075400	0.523200	0.666100	1.178100	-0.489300
1627444693.669160	0.371700	0.056400	0.487300	0.044500	1.094200	-0.438000
1627444693.671008	0.343900	0.096100	0.498700	-0.479300	1.016300	-0.381200
1627444693.686217	0.309100	0.151200	0.495600	-0.850400	0.921300	-0.314600
1627444693.687111	0.282600	0.207000	0.478500	-1.103600	0.850700	-0.255100
1627444693.690168	0.282100	0.267800	0.478500	-1.246800	0.764300	-0.208600
1627444693.712903	0.291700	0.309300	0.438000	-1.235200	0.670800	-0.178100
1627444693.727635	0.320900	0.360100	0.428800	-1.167100	0.576700	-0.168900
1627444693.728546	0.337500	0.392600	0.444700	-1.000300	0.468000	-0.169200
1627444693.733936	0.337600	0.406100	0.437100	-0.768200	0.383400	-0.172000
1627444693.756805	0.324700	0.409800	0.417800	-0.496100	0.287800	-0.165000
1627444693.772340	0.300400	0.399000	0.420700	-0.254200	0.208700	-0.157900
1627444693.775769	0.292000	0.389800	0.435200	-0.053500	0.145500	-0.157600
1627444693.798373	0.297700	0.357200	0.406700	0.134300	0.094200	-0.154300
1627444693.799465	0.311900	0.321800	0.405900	0.268400	0.028500	-0.157600
1627444693.807510	0.323200	0.304600	0.428600	0.345400	-0.046300	-0.150000
1627444693.808414	0.334600	0.263200	0.412500	0.394600	-0.113200	-0.125300
1627444693.818916	0.360200	0.252000	0.434900	0.319400	-0.170300	-0.095300
1627444693.847922	0.393100	0.257300	0.443200	0.263800	-0.243600	-0.053500
1627444693.850025	0.427100	0.257000	0.441300	0.205500	-0.321200	-0.014400
1627444693.850930	0.477400	0.279400	0.485100	0.100700	-0.386000	0.011000
1627444693.860740	0.540200	0.288600	0.473100	0.087900	-0.482800	0.034200
1627444693.863851	0.582000	0.292800	0.456100	0.060400	-0.551800	0.044000
1627444693.887394	0.600000	0.295400	0.425500	0.043000	-0.623000	0.049100
1627444693.888378	0.603300	0.276400	0.390300	-0.041900	-0.677400	0.057400
1627444693.909634	0.593500	0.255700	0.394800	-0.234600	-0.736000	0.069300
1627444693.917460	0.573700	0.224200	0.402600	-0.510100	-0.778800	0.084300
1627444693.918365	0.575400	0.215300	0.484300	-0.854300	-0.802600	0.093100
1627444693.924163	0.596400	0.235000	0.610600	-1.161900	-0.844700	0.102000
1627444693.945666	0.662000	0.277200	0.662700	-1.253500	-0.860000	0.108400
1627444693.946649	0.753500	0.309000	0.590000	-1.143900	-0.925700	0.113000
1627444693.961863	0.803000	0.359700	0.520300	-0.986000	-1.028300	0.116600
1627444693.968224	0.800000	0.392900	0.489300	-0.812200	-1.118100	0.128900
1627444693.992243	0.760400	0.382900	0.485200	-0.637500	-1.159900	0.142900
1627444693.994385	0.749900	0.313200	0.466200	-0.501600	-1.189600	0.153000
1627444693.997977	0.757100	0.239400	0.449000	-0.599000	-1.219500	0.165200
1627444694.009625	0.794200	0.224600	0.489400	-0.814900	-1.224700	0.199400
1627444694.032228	0.841600	0.234900	0.518800	-0.993000	-1.232900	0.266300
1627444694.033095	0.883500	0.275500	0.574600	-1.056800	-1.233200	0.343600
1627444694.036770	0.911100	0.303500	0.566700	-0.912400	-1.254600	0.424500
1627444694.048464	0.917100	0.304100	0.531200	-0.723000	-1.287300	0.496900
1627444694.070903	0.922200	0.290400	0.522900	-0.559600	-1.320600	0.554000
1627444694.072110	0.937700	0.234900	0.528700	-0.423700	-1.367000	0.582400
1627444694.075753	0.946900	0.176100	0.564900	-0.365000	-1.414100	0.595600
1627444694.090685	0.960000	0.124900	0.597000	-0.353100	-1.453500	0.604100
1627444694.092198	0.993500	0.083600	0.559100	-0.369600	-1.495300	0.611800
1627444694.114563	1.042200	0.070300	0.483500	-0.463100	-1.553000	0.619700
1627444694.116831	1.022500	0.098300	0.564100	-0.649100	-1.510600	0.623100
1627444694.126861	0.812500	0.011000	0.804300	-0.988400	-0.735700	0.735800
1627444694.137352	1.250400	0.028200	0.390600	-0.593500	-0.514900	1.034200
1627444694.160875	1.358600	0.328400	-0.018700	-0.574300	-0.415300	0.931500
1627444694.161706	1.528800	0.702300	-0.053600	-0.195200	-0.228100	0.925400
1627444694.165723	1.495700	0.670500	-0.125000	0.824300	-0.204900	0.862500
1627444694.180970	1.525800	0.584600	-0.367900	1.855800	-0.403700	0.781900
1627444694.181877	1.497900	0.408700	-0.377600	2.601600	-0.566500	0.788300
1627444694.204721	1.367900	-0.196300	-0.181800	2.996500	-0.716100	0.849700
1627444694.206833	1.119600	-0.773200	-0.097200	1.988600	-0.760400	0.814600
1627444694.224502	0.971800	-1.042200	-0.043000	0.118800	-0.542400	0.860100
1627444694.237140	1.054600	-0.595200	0.158600	-1.661900	-0.174600	0.888500
1627444694.238197	1.250900	-0.106700	0.232100	-2.435600	0.096300	0.737300
1627444694.244010	1.315900	0.198200	0.209200	-2.551600	0.151000	0.517100
1627444694.265936	1.111000	0.370500	0.261400	-2.090400	0.003500	0.343000
1627444694.266912	0.874000	0.269000	0.287700	-1.134400	-0.059800	0.241900
1627444694.276863	0.829600	0.155800	0.414100	-0.688200	-0.013300	0.238800
1627444694.282055	0.916600	0.048600	0.440800	-0.415700	-0.094900	0.343900
1627444694.303486	0.989700	-0.013300	0.393400	-0.398600	-0.208800	0.439800
1627444694.305638	1.055800	-0.017500	0.307600	-0.390700	-0.278500	0.419300
1627444694.323280	1.156100	-0.009300	0.252200	-0.492700	-0.269900	0.271800
1627444694.344970	1.251600	0.074100	0.210700	-0.706200	-0.263500	0.152700
1627444694.345787	1.215000	0.181600	0.218400	-0.762700	-0.318500	0.221400
1627444694.346715	1.097500	0.173200	0.251600	-0.520200	-0.331300	0.357600
1627444694.362134	1.012300	0.033800	0.216600	-0.201900	-0.273900	0.444100
1627444694.372291	0.988500	-0.127800	0.166600	-0.148800	-0.261100	0.485600
1627444694.384931	0.979500	-0.223600	0.201700	-0.391600	-0.272400	0.470000
1627444694.385761	0.979500	-0.223600	0.201700	-0.391600	-0.272400	0.470000
1627444694.396904	0.990800	-0.218500	0.270400	-0.716600	-0.287900	0.418100
1627444694.405952	0.993800	-0.116100	0.247200	-0.981400	-0.284900	0.353000
1627444694.426857	0.996700	0.015500	0.198100	-0.987200	-0.251900	0.299600
1627444694.427915	1.002000	0.094100	0.120400	-0.749900	-0.216500	0.267500
1627444694.443128	0.998700	0.116300	0.148700	-0.403500	-0.195700	0.244300
1627444694.447158	0.989300	0.045800	0.153300	0.019800	-0.143200	0.227200
1627444694.468362	0.988900	-0.065700	0.151700	0.297400	-0.085100	0.211000
1627444694.469383	0.996100	-0.158700	0.172200	0.305700	-0.041800	0.191500
1627444694.475539	1.001300	-0.190600	0.192400	0.094000	-0.006900	0.169500
1627444694.488206	1.002000	-0.170900	0.215800	-0.090200	-0.000500	0.161500
1627444694.489132	0.995500	-0.115100	0.273700	-0.260000	-0.018200	0.146900
1627444694.514698	0.986700	-0.061000	0.288500	-0.291700	-0.025000	0.132800
1627444694.515528	0.988400	-0.040600	0.253200	-0.209900	-0.035900	0.118200
1627444694.525536	0.995000	-0.032300	0.263500	-0.142400	-0.060400	0.095900
1627444694.529804	1.001500	-0.037100	0.275000	-0.085000	-0.077500	0.084000
1627444694.553449	0.998200	-0.044100	0.278100	-0.049200	-0.099200	0.088200
1627444694.555578	1.000000	-0.058800	0.244100	0.010900	-0.110200	0.084000
1627444694.573538	1.004600	-0.075400	0.249400	0.034800	-0.135200	0.066200
1627444694.585238	0.998200	-0.092700	0.232100	0.019500	-0.153200	0.050100
1627444694.586137	1.000600	-0.096800	0.225800	-0.051100	-0.173400	0.044900
1627444694.595814	0.994000	-0.078000	0.227700	-0.102100	-0.191100	0.044000
1627444694.602518	0.999000	-0.063500	0.209000	-0.100500	-0.199000	0.037500
1627444694.626543	0.991000	-0.040400	0.205100	-0.096300	-0.216500	0.034200
1627444694.627442	0.983500	-0.043900	0.175500	0.002700	-0.209100	0.032700
1627444694.634419	0.987700	-0.068700	0.147900	0.101700	-0.202700	0.027500
1627444694.646645	0.991100	-0.094000	0.157000	0.099800	-0.211300	0.021300
1627444694.667114	0.991900	-0.107100	0.164800	0.054900	-0.211300	0.015500
1627444694.668255	0.991900	-0.107800	0.152100	0.003900	-0.191700	0.008500
1627444694.674272	0.993900	-0.098500	0.149400	-0.045000	-0.178300	-0.004600
1627444694.687180	0.994000	-0.087400	0.150400	-0.079500	-0.164800	-0.015300
1627444694.688077	0.986300	-0.082900	0.152200	-0.097200	-0.155700	-0.013200
1627444694.712303	0.987500	-0.086300	0.146400	-0.092300	-0.146200	-0.014400
1627444694.714353	0.989300	-0.091800	0.153100	-0.124400	-0.145900	-0.023500
1627444694.729444	0.987900	-0.090800	0.156000	-0.174100	-0.135800	-0.033000
1627444694.732221	0.990800	-0.090000	0.145400	-0.198600	-0.120200	-0.040000
1627444694.754242	0.994300	-0.077500	0.151400	-0.226100	-0.109900	-0.049500
1627444694.755455	0.996500	-0.065600	0.169200	-0.252600	-0.106200	-0.055000
1627444694.770210	0.997100	-0.050800	0.167100	-0.260600	-0.103100	-0.054700
1627444694.776780	0.994300	-0.028700	0.169700	-0.263000	-0.099800	-0.050100
1627444694.796221	0.991800	-0.017100	0.155900	-0.196400	-0.097600	-0.042800
1627444694.797124	0.992100	-0.020800	0.146900	-0.116700	-0.089400	-0.038800
1627444694.807807	0.998700	-0.022500	0.152300	-0.075800	-0.080200	-0.040700
1627444694.826638	1.001500	-0.028400	0.159400	-0.028500	-0.068600	-0.036400
1627444694.837564	1.007800	-0.022800	0.174800	-0.005600	-0.065900	-0.032400
1627444694.838460	1.006500	-0.016800	0.172000	0.032600	-0.057900	-0.026300
1627444694.847876	1.004800	-0.021900	0.158300	0.114500	-0.041800	-0.021100
1627444694.864643	1.004900	-0.039600	0.133900	0.207600	-0.031700	-0.014100
1627444694.865773	0.996300	-0.054800	0.130500	0.267800	-0.030500	-0.000300
1627444694.881131	0.994300	-0.071200	0.124400	0.307800	-0.018200	0.015200
1627444694.887050	0.991600	-0.098500	0.108900	0.346900	0.008000	0.024400
1627444694.907288	0.988200	-0.119300	0.125700	0.325500	0.028200	0.002700
1627444694.908117	0.982900	-0.129900	0.136700	0.281600	0.043800	-0.034500
1627444694.916447	0.977200	-0.125100	0.139400	0.215000	0.072500	-0.060500
1627444694.936404	0.996000	-0.098900	0.137300	0.185000	0.100300	-0.070000
1627444694.937301	1.011100	-0.051400	0.154500	0.189300	0.079800	-0.070000
1627444694.947001	1.009200	-0.024400	0.196300	0.236700	0.072500	-0.079400
1627444694.956455	0.998700	-0.022300	0.218800	0.328900	0.072200	-0.086500
1627444694.980245	1.001200	-0.039200	0.221800	0.404000	0.058700	-0.093800
1627444694.981140	1.010600	-0.050500	0.248000	0.404300	0.033700	-0.101400
1627444694.983273	1.023100	-0.057900	0.250000	0.375300	0.009600	-0.098700
1627444694.999510	1.028800	-0.057300	0.236000	0.383300	-0.027700	-0.081900
1627444695.020878	1.015500	-0.053500	0.232300	0.377500	-0.071400	-0.068100
1627444695.021573	1.013200	-0.051800	0.234300	0.377800	-0.098000	-0.081300
1627444695.024210	1.009900	-0.044200	0.252700	0.349700	-0.133700	-0.102400
1627444695.037167	1.006300	-0.044700	0.252100	0.323100	-0.166700	-0.112100
1627444695.038072	1.015300	-0.045500	0.252100	0.303500	-0.197800	-0.112400
1627444695.061020	1.028800	-0.035000	0.226800	0.304500	-0.213400	-0.114300
1627444695.064445	1.039400	-0.035500	0.166500	0.386900	-0.252800	-0.102400
1627444695.074453	1.031200	-0.040800	0.170500	0.436100	-0.296200	-0.098400
1627444695.082266	1.019300	-0.069600	0.161900	0.451100	-0.296500	-0.126200
1627444695.104324	1.006100	-0.094700	0.136800	0.451700	-0.290100	-0.157000
1627444695.105867	0.987200	-0.096900	0.112700	0.424500	-0.280300	-0.183900
1627444695.120733	0.978400	-0.098100	0.089100	0.405300	-0.259200	-0.202200
1627444695.125807	0.980200	-0.098000	0.064700	0.395500	-0.218900	-0.223000
1627444695.126714	0.989300	-0.087300	0.039600	0.395500	-0.170300	-0.249600
1627444695.148461	1.001700	-0.073500	0.019200	0.417800	-0.112300	-0.275800
1627444695.160740	1.007700	-0.082800	-0.011800	0.511500	-0.013700	-0.318900
1627444695.163247	1.013900	-0.083500	-0.041400	0.577800	0.089000	-0.368400
1627444695.169623	1.018300	-0.048700	-0.068200	0.652400	0.216300	-0.422100
1627444695.192545	1.022600	-0.016600	-0.109900	0.810300	0.353500	-0.471600
1627444695.196978	1.013700	-0.011600	-0.153800	0.996300	0.483300	-0.508600
1627444695.197898	1.009500	-0.037100	-0.172500	1.153900	0.613100	-0.538800
1627444695.222180	1.038300	-0.096700	-0.165200	1.202100	0.741400	-0.590100
1627444695.223012	1.106200	-0.158300	-0.165200	1.112300	0.875200	-0.672000
1627444695.241012	1.198000	-0.176900	-0.176800	0.952900	0.992700	-0.767600
1627444695.257141	1.310500	-0.172200	-0.206800	0.789200	1.106400	-0.897100
1627444695.258303	1.396100	-0.156000	-0.306600	0.637400	1.217900	-1.049800
1627444695.268203	1.448700	-0.127400	-0.197800	0.264100	1.366900	-1.201600
1627444695.278399	1.501300	-0.106600	-0.112100	-0.120100	1.420700	-1.323500
1627444695.293824	1.540400	-0.085400	0.044600	-0.524800	1.458200	-1.458200
1627444695.294800	1.550900	-0.067600	0.153900	-0.909300	1.473200	-1.595900
1627444695.304490	1.542200	-0.028800	0.242200	-1.159800	1.477200	-1.702500
1627444695.306398	1.488000	0.027700	0.354400	-1.332300	1.414200	-1.751100
1627444695.332314	1.331900	0.069200	0.495700	-1.537000	1.372400	-1.710500
1627444695.333191	1.104600	0.115500	0.705700	-1.714800	1.499500	-1.599900
1627444695.337786	1.029400	0.164400	0.776100	-1.599600	1.702000	-1.445900
1627444695.359651	1.132600	0.229700	0.579800	-1.358600	1.787200	-1.294500
1627444695.363339	1.231900	0.356200	0.522900	-1.086800	1.752400	-1.158200
1627444695.374580	1.219500	0.446300	0.576000	-0.738000	1.681800	-1.037000
1627444695.382191	1.084500	0.443700	0.621100	-0.343100	1.627700	-0.909900
1627444695.404208	0.942400	0.408900	0.663700	0.013100	1.625000	-0.800600
1627444695.405578	0.859600	0.396700	0.703200	0.397900	1.626500	-0.721800
1627444695.421170	0.804100	0.394300	0.663200	0.733900	1.608500	-0.638100
1627444695.424543	0.780000	0.391800	0.634400	1.021300	1.585600	-0.556800
1627444695.425449	0.759300	0.354100	0.616700	1.225600	1.532400	-0.499700
1627444695.452186	0.720700	0.316500	0.589700	1.343500	1.466200	-0.460000
1627444695.453001	0.670900	0.287500	0.586700	1.385700	1.406300	-0.443200
1627444695.465741	0.611900	0.259300	0.578100	1.373800	1.322900	-0.430700
1627444695.469547	0.560300	0.228500	0.543100	1.287700	1.260600	-0.415700
1627444695.491240	0.539800	0.202500	0.538100	1.092500	1.206600	-0.401100
1627444695.492155	0.536000	0.194300	0.550700	0.811500	1.097800	-0.382700
1627444695.498939	0.515300	0.186800	0.499900	0.600100	1.005000	-0.352800
1627444695.521679	0.486300	0.188500	0.462300	0.348100	0.923700	-0.315800
1627444695.532502	0.461800	0.200900	0.448700	0.087900	0.842500	-0.275200
1627444695.533416	0.434000	0.205400	0.427100	-0.135700	0.762800	-0.235800
1627444695.539162	0.410600	0.215000	0.419300	-0.361100	0.673300	-0.193100
1627444695.561877	0.386400	0.232900	0.430500	-0.598700	0.576700	-0.145700
1627444695.577005	0.381300	0.254800	0.450000	-0.776200	0.462500	-0.108200
1627444695.579544	0.378700	0.269700	0.435800	-0.847000	0.353200	-0.082200
1627444695.600998	0.376100	0.284200	0.414100	-0.864700	0.248100	-0.067500
1627444695.601919	0.373500	0.298500	0.437100	-0.877600	0.137200	-0.064800
1627444695.613661	0.380000	0.305300	0.466800	-0.857400	0.032500	-0.072700
1627444695.614563	0.394500	0.303200	0.474200	-0.783800	-0.082100	-0.085900
1627444695.621996	0.416900	0.307100	0.437100	-0.682400	-0.195100	-0.104500
1627444695.630177	0.429300	0.327800	0.417100	-0.600500	-0.295600	-0.121600
1627444695.654166	0.424600	0.330400	0.403100	-0.496100	-0.375000	-0.123700
1627444695.655093	0.406400	0.317900	0.396900	-0.386700	-0.436400	-0.123400
1627444695.664474	0.389600	0.309600	0.408000	-0.293600	-0.488900	-0.122200
1627444695.675317	0.371500	0.299300	0.401600	-0.194000	-0.546000	-0.110300
1627444695.699688	0.350100	0.301000	0.396000	-0.138400	-0.600700	-0.086200
1627444695.700540	0.325000	0.320700	0.406400	-0.077300	-0.653200	-0.035500
1627444695.701785	0.293600	0.321500	0.389000	0.031700	-0.701800	0.038800
1627444695.714666	0.271100	0.310900	0.377200	0.035400	-0.721900	0.101700
1627444695.715898	0.276700	0.316500	0.426800	0.016400	-0.783000	0.152100
1627444695.740959	0.270500	0.315800	0.450100	0.095200	-0.860300	0.214700
1627444695.741867	0.264000	0.313100	0.443100	0.186300	-0.912800	0.290100
1627444695.751846	0.280600	0.334800	0.487800	0.231800	-0.960500	0.369200
1627444695.759562	0.347800	0.353400	0.516800	0.370400	-1.017300	0.450800
1627444695.781311	0.438100	0.342000	0.547700	0.525900	-1.082700	0.496900
1627444695.782133	0.542600	0.300500	0.571500	0.656300	-1.179800	0.510000
1627444695.793200	0.635000	0.240500	0.568000	0.701200	-1.298600	0.503900
1627444695.798258	0.726800	0.206500	0.594200	0.587300	-1.393900	0.489600
1627444695.821047	0.799400	0.169600	0.568400	0.459000	-1.491000	0.481000
1627444695.821868	0.827300	0.141100	0.527600	0.244300	-1.568600	0.472800
1627444695.831888	0.840800	0.131500	0.529100	-0.152200	-1.625100	0.453500
1627444695.837408	0.864000	0.110200	0.561900	-0.479000	-1.654100	0.428200
1627444695.859873	0.915200	0.103100	0.607300	-0.785300	-1.685000	0.406200
1627444695.862162	0.980500	0.108200	0.586300	-1.036400	-1.695700	0.397600
1627444695.873418	1.069600	0.148900	0.596600	-1.247400	-1.744500	0.410200
1627444695.880114	1.099900	0.176900	0.590100	-1.329600	-1.757400	0.411100
1627444695.903429	1.098900	0.189500	0.555400	-1.335700	-1.701200	0.416000
1627444695.904536	1.082200	0.191800	0.498900	-1.341800	-1.571100	0.436700
1627444695.922359	1.090800	0.209600	0.450100	-1.378200	-1.464500	0.470600
1627444695.932675	1.098800	0.233600	0.433100	-1.431600	-1.386000	0.528100
1627444695.933570	1.053000	0.246200	0.497200	-1.448700	-1.277200	0.605600
1627444695.943214	0.806600	0.084400	0.726300	-1.451200	-0.802900	0.722300
1627444695.952604	0.920700	-0.002000	0.707300	-1.367200	0.092600	1.137400
1627444695.977736	1.544700	0.230000	0.204800	-1.262700	-0.273600	1.084600
1627444695.978636	1.767600	0.749900	0.044300	-0.539400	-0.038100	1.195400
1627444695.980796	1.621500	0.774500	-0.271700	0.921400	-0.302600	1.251300
1627444695.990706	1.402500	0.669200	-0.241100	1.642000	-0.315100	1.163700
1627444695.998403	1.320100	0.486500	-0.040400	2.413200	-0.500500	1.161500
1627444696.020994	1.096100	0.121800	0.042000	2.933600	-0.745200	1.262900
1627444696.021770	0.839500	-0.251100	0.234300	2.746400	-0.794600	1.416900
1627444696.031895	0.846100	-0.288300	0.216100	1.959900	-0.597000	1.594900
1627444696.043571	1.237300	-0.088700	0.105300	1.408000	-0.300800	1.474000
1627444696.064519	1.534300	-0.107200	0.136500	1.199100	-0.124200	1.005500
1627444696.065829	1.516800	-0.308100	0.204600	0.868000	-0.108300	0.441000
1627444696.070702	1.402200	-0.641800	0.112200	0.000600	-0.181900	0.030500
1627444696.084478	1.266000	-0.736200	0.017100	-1.580700	-0.199700	-0.119500
1627444696.085390	1.225800	-0.498300	0.017900	-3.117300	-0.210000	0.026800
1627444696.107121	1.170800	-0.067700	0.082800	-4.006100	-0.290100	0.412300
1627444696.110648	1.031000	0.333900	0.087400	-3.853100	-0.254900	0.685400
1627444696.123857	0.914100	0.566000	0.039100	-2.670800	-0.104700	0.673100
1627444696.145061	0.842500	0.482700	0.112200	-1.219600	0.067900	0.451400
1627444696.146005	0.865200	0.253400	0.219600	-0.007400	0.151000	0.277000
1627444696.158128	0.935100	0.037800	0.237900	0.690800	0.159800	0.246500
1627444696.160745	1.005100	-0.072800	0.306500	0.880200	0.127200	0.248600
1627444696.165864	1.042100	-0.165000	0.339800	0.842300	0.078300	0.198800
1627444696.188802	1.038300	-0.239700	0.355500	0.673700	0.028200	0.148100
1627444696.190690	1.022500	-0.310300	0.341100	0.329200	0.001900	0.112100
1627444696.200599	1.051100	-0.310800	0.343800	-0.136900	-0.005100	0.085800
1627444696.208369	1.072000	-0.274000	0.344000	-0.608200	-0.043000	0.080300
1627444696.232338	1.055900	-0.222800	0.322600	-0.952400	-0.093100	0.080600
1627444696.233171	1.024700	-0.146500	0.339500	-1.220300	-0.152300	0.060100
1627444696.246693	1.003500	-0.049600	0.354500	-1.307300	-0.208800	0.030800
1627444696.259265	0.996500	0.020000	0.349700	-1.234300	-0.237200	0.007300
1627444696.261040	1.011000	0.105800	0.358200	-1.064800	-0.245800	-0.022900
1627444696.273381	1.012900	0.150400	0.344100	-0.741600	-0.265000	-0.037000
1627444696.290868	1.001700	0.131000	0.287700	-0.375100	-0.269600	-0.032700
1627444696.291957	0.997800	0.074100	0.276200	-0.129600	-0.255200	-0.022000
1627444696.303224	0.998400	0.002400	0.280200	0.022200	-0.271100	-0.007700
1627444696.312034	0.993700	-0.047900	0.275300	0.054600	-0.293700	0.009700
1627444696.333249	0.987800	-0.069300	0.249500	0.021900	-0.309600	0.014000
1627444696.334183	0.986300	-0.074700	0.211100	-0.055600	-0.306600	0.010700
1627444696.344477	0.993900	-0.069500	0.206900	-0.167700	-0.320900	0.014900
1627444696.355913	0.991200	-0.065800	0.199000	-0.249900	-0.325500	0.020700
1627444696.377552	0.995000	-0.063800	0.197400	-0.300300	-0.313600	0.011600
1627444696.378438	0.984400	-0.038500	0.188800	-0.357700	-0.317600	0.002700
1627444696.380839	0.966800	-0.014600	0.145800	-0.348900	-0.287300	0.006700
1627444696.393503	0.977200	-0.007600	0.120500	-0.291400	-0.262300	0.017400
1627444696.394404	0.981900	-0.005000	0.141200	-0.235800	-0.252800	0.019500
1627444696.418421	0.986100	-0.026600	0.141200	-0.167100	-0.236000	0.016500
1627444696.420627	0.980600	-0.061600	0.125700	-0.098700	-0.211300	0.016200
1627444696.429402	0.988900	-0.085100	0.146000	-0.099600	-0.192600	-0.000900
1627444696.441248	0.991600	-0.105100	0.173800	-0.142100	-0.183200	-0.022900
1627444696.461848	0.990400	-0.102800	0.172000	-0.187600	-0.190500	-0.032700
1627444696.463335	0.992700	-0.085100	0.164400	-0.221200	-0.180700	-0.044900
1627444696.478306	0.999300	-0.058000	0.166500	-0.240700	-0.169700	-0.060500
1627444696.483211	1.005200	-0.030800	0.163600	-0.223900	-0.152300	-0.072700
1627444696.484040	1.002100	-0.013500	0.154100	-0.149700	-0.138000	-0.073600
1627444696.507178	1.000200	-0.009600	0.168200	-0.079500	-0.128200	-0.071500
1627444696.510665	0.994900	-0.006300	0.190300	-0.000100	-0.130300	-0.063600
1627444696.519306	0.995500	-0.012000	0.207400	0.064700	-0.127600	-0.059300
1627444696.529809	0.997800	-0.011100	0.207200	0.113300	-0.134900	-0.060800
1627444696.551741	1.001500	-0.012500	0.199200	0.173100	-0.135800	-0.060800
1627444696.553139	1.007600	-0.009800	0.188200	0.220200	-0.141900	-0.060800
1627444696.568056	1.008700	-0.016400	0.185100	0.247000	-0.151100	-0.056500
1627444696.572125	1.002800	-0.033400	0.150400	0.280900	-0.154500	-0.049200
1627444696.573028	0.997200	-0.046100	0.103400	0.251600	-0.150800	-0.033600
1627444696.595959	1.005100	-0.055800	0.063600	0.214700	-0.169400	-0.015000
1627444696.599202	0.993500	-0.062700	0.099000	0.168900	-0.163600	-0.011000
1627444696.614777	0.993700	-0.072000	0.141600	0.132200	-0.142500	-0.020500
1627444696.616802	0.986500	-0.085400	0.127700	0.095200	-0.140400	-0.025100
1627444696.639358	0.980700	-0.076400	0.120600	0.056100	-0.122400	-0.034900
1627444696.640499	0.993200	-0.063700	0.046900	0.026800	-0.096700	-0.034200
1627444696.655968	1.015400	-0.053000	0.033100	0.060400	-0.118100	-0.034900
1627444696.662221	0.994100	-0.037600	0.058800	0.118800	-0.077200	-0.053200
1627444696.683575	0.992100	-0.058300	0.039600	0.241800	-0.003300	-0.071800
1627444696.684421	0.990000	-0.097300	0.027000	0.374700	0.053800	-0.091700
1627444696.691826	0.986700	-0.111500	0.072400	0.388800	0.095400	-0.117300
1627444696.705905	0.982400	-0.126100	0.086500	0.382300	0.129600	-0.145100
1627444696.722544	0.981100	-0.099900	0.127400	0.302300	0.159200	-0.172900
1627444696.723446	0.989700	-0.055500	0.141000	0.260800	0.185800	-0.199500
1627444696.730852	1.001300	-0.016400	0.143100	0.293500	0.205600	-0.216900
1627444696.739444	1.011400	0.004000	0.152700	0.372600	0.218200	-0.227600
1627444696.743634	1.006100	-0.003900	0.158300	0.451100	0.222400	-0.224800
1627444696.769835	0.996900	-0.035800	0.161100	0.491700	0.223400	-0.221500
1627444696.770668	0.992900	-0.063100	0.182600	0.442800	0.227300	-0.226700
1627444696.779546	1.004800	-0.060300	0.185500	0.329800	0.238600	-0.231200
1627444696.787160	1.023100	-0.054600	0.187700	0.295600	0.234400	-0.225700
1627444696.809378	1.029200	-0.042400	0.212300	0.273300	0.223400	-0.234000
1627444696.810475	1.034300	-0.044200	0.224000	0.299600	0.213300	-0.245600
1627444696.825604	1.041600	-0.050000	0.220900	0.331600	0.206000	-0.249000
1627444696.832274	1.048200	-0.033000	0.218100	0.336800	0.200800	-0.250800
1627444696.850968	1.040400	-0.002000	0.197400	0.380500	0.202900	-0.266700
1627444696.851805	1.029200	0.041900	0.171600	0.501500	0.217300	-0.308500
1627444696.862085	1.019200	0.058600	0.147300	0.682300	0.236200	-0.356500
1627444696.873440	1.011800	0.042400	0.110000	0.873500	0.258200	-0.402300
1627444696.891363	1.008300	0.010600	0.078900	1.023100	0.289600	-0.435300
1627444696.892266	1.015400	-0.029300	0.049000	1.103500	0.352300	-0.468900
1627444696.902902	1.040900	-0.058200	0.003900	1.101300	0.422800	-0.502500
1627444696.925499	1.062700	-0.084500	-0.028600	1.032000	0.494600	-0.536100
1627444696.926830	1.087800	-0.091300	-0.068500	0.917500	0.614900	-0.578200
1627444696.938862	1.138800	-0.080200	-0.123000	0.855200	0.757300	-0.638100
1627444696.939761	1.208900	-0.036700	-0.149300	0.783400	0.899300	-0.723300
1627444696.946556	1.297700	0.025100	-0.202900	0.769000	1.036700	-0.802700
