1627302576.594001	-1.017100	-0.027000	-0.053600	0.072000	-0.041500	-0.027500
1627302576.594643	-1.016500	-0.011700	-0.082900	0.104700	-0.076900	-0.044600
1627302576.595277	-1.015300	-0.007800	-0.074200	0.187200	-0.129500	-0.067300
1627302576.597742	-1.015300	-0.007800	-0.074200	0.187200	-0.129500	-0.067300
1627302576.685542	-1.015300	-0.007800	-0.074200	0.187200	-0.129500	-0.067300
1627302576.687640	-1.254800	0.270400	0.112100	-1.471600	0.382100	1.826100
1627302576.688042	-1.507400	0.167700	-0.080800	-1.022900	0.520200	1.757400
1627302576.688478	-1.667200	0.063200	-0.069900	-0.581600	0.531800	1.537800
1627302576.688885	-1.661900	0.041700	-0.044300	-0.566000	0.621600	1.361300
1627302576.690534	-1.398900	0.039700	0.034700	-0.584600	0.862600	1.315400
1627302576.690981	-1.050500	0.018200	0.128800	-0.475000	0.881500	1.311500
1627302576.691382	-0.898600	-0.047900	0.146500	-0.317400	0.618900	1.220100
1627302576.693577	-0.963700	-0.202500	0.018800	-0.283800	0.341200	1.008200
1627302576.693981	-1.107400	-0.269700	0.048100	-0.143300	-0.007300	0.673100
1627302576.694444	-1.221800	-0.045000	0.106400	0.104700	-0.174700	0.396100
1627302576.694934	-1.164300	0.323700	0.194000	0.513100	-0.114500	0.246100
1627302576.697435	-1.015400	0.590300	0.316200	1.499000	-0.108100	0.249800
1627302576.697870	-0.953700	0.609500	0.352800	2.455300	-0.190200	0.390000
1627302576.698281	-0.979900	0.402500	0.386800	3.125800	-0.294100	0.605300
1627302576.698685	-1.001500	-0.037700	0.390400	3.137400	-0.311500	0.793500
1627302576.699131	-0.994400	-0.395300	0.334200	2.315400	-0.284000	0.797400
1627302576.700774	-0.944800	-0.532800	0.297400	1.020400	-0.226300	0.658200
1627302576.701174	-0.904400	-0.353600	0.348100	-0.386700	-0.177700	0.423000
1627302576.701607	-0.890600	-0.063500	0.389000	-0.989900	-0.176800	0.285800
1627302576.703898	-0.909800	0.197800	0.382000	-1.091700	-0.225100	0.202100
1627302576.704327	-0.979400	0.374800	0.350700	-0.631700	-0.316400	0.174700
1627302576.704798	-1.028200	0.384500	0.370700	-0.085900	-0.346600	0.205800
1627302576.705232	-1.046300	0.295300	0.428700	0.331000	-0.331000	0.255600
1627302576.707272	-1.019000	0.138900	0.468800	0.478300	-0.301400	0.292500
1627302576.707720	-0.978000	0.072600	0.501000	0.367400	-0.289200	0.259000
1627302576.708119	-0.944200	0.061900	0.543100	0.244000	-0.283400	0.186900
1627302576.708560	-0.916000	0.099500	0.576200	0.091000	-0.240600	0.104700
1627302576.710600	-0.914800	0.120400	0.584100	0.028700	-0.176500	0.061300
1627302576.711030	-0.924600	0.099100	0.582300	0.055500	-0.103200	0.047300
1627302576.711429	-0.939900	0.050000	0.575100	0.045200	-0.018600	0.036000
1627302576.711831	-0.944100	0.024800	0.564100	-0.047400	0.045900	0.016700
1627302576.713931	-0.940100	0.040200	0.554800	-0.108200	0.092000	-0.006200
1627302576.714370	-0.938800	0.097000	0.549700	-0.061400	0.136600	-0.025100
1627302576.714779	-0.945700	0.139500	0.550300	0.082100	0.175700	-0.030300
1627302576.715189	-0.950900	0.155500	0.546900	0.279100	0.217200	-0.029400
1627302576.716888	-0.953900	0.136700	0.534900	0.491400	0.264600	-0.030000
1627302576.717298	-0.954000	0.096900	0.517300	0.632800	0.305500	-0.031800
1627302576.717731	-0.949300	0.051400	0.499800	0.700600	0.338800	-0.035200
1627302576.719415	-0.944600	0.003400	0.471600	0.691500	0.370200	-0.035500
1627302576.719859	-0.944200	-0.026500	0.429200	0.581800	0.391000	-0.034300
1627302576.720298	-0.951400	-0.021100	0.391100	0.441900	0.402000	-0.035800
1627302576.722370	-0.961300	0.017300	0.388400	0.361000	0.416700	-0.034300
1627302576.722810	-0.953400	0.057900	0.385400	0.326800	0.436500	-0.027200
1627302576.723219	-0.940100	0.081100	0.367200	0.302900	0.433200	-0.023300
1627302576.723650	-0.940600	0.094000	0.350000	0.306300	0.418800	-0.023000
1627302576.725688	-0.942900	0.102800	0.352200	0.371700	0.417900	-0.024800
1627302576.726130	-0.932400	0.098900	0.364000	0.405000	0.428900	-0.024200
1627302576.726528	-0.918300	0.081200	0.359300	0.401600	0.434400	-0.023300
1627302576.726929	-0.918500	0.054600	0.337900	0.365900	0.431600	-0.028200
1627302576.729007	-0.924600	0.043800	0.330600	0.332900	0.429800	-0.029700
1627302576.729449	-0.929000	0.040500	0.334000	0.309400	0.431900	-0.031800
1627302576.729847	-0.932600	0.033100	0.329600	0.258100	0.435300	-0.020800
1627302576.730244	-0.937900	0.029100	0.308700	0.182600	0.434400	-0.009800
1627302576.732343	-0.938700	0.033200	0.291500	0.134000	0.429200	0.000900
1627302576.732785	-0.934300	0.048500	0.278900	0.098600	0.421900	0.014000
1627302576.733186	-0.932500	0.069800	0.285900	0.109900	0.408700	0.020100
1627302576.733584	-0.924700	0.091800	0.294100	0.132800	0.396800	0.024400
1627302576.735744	-0.917000	0.113800	0.295900	0.192700	0.387300	0.027400
1627302576.736142	-0.908700	0.116300	0.283300	0.264500	0.379400	0.032300
1627302576.736582	-0.910400	0.115800	0.254300	0.325200	0.361400	0.031400
1627302576.736979	-0.932300	0.095500	0.234000	0.402200	0.338800	0.029300
1627302576.739055	-0.951400	0.072500	0.224100	0.424200	0.326300	0.026800
1627302576.739452	-0.960800	0.066300	0.209600	0.384500	0.311000	0.021900
1627302576.739892	-0.956700	0.071300	0.205900	0.352100	0.278600	0.019800
1627302576.740289	-0.955800	0.081900	0.213500	0.352700	0.242600	0.024100
1627302576.742431	-0.953400	0.095300	0.219100	0.347800	0.211100	0.027100
1627302576.742831	-0.958100	0.094700	0.212300	0.337800	0.178700	0.027400
1627302576.743274	-0.961400	0.080400	0.194500	0.267800	0.148500	0.023800
1627302576.743672	-0.963500	0.075300	0.186800	0.140200	0.124700	0.014300
1627302576.745307	-0.964400	0.091600	0.197500	0.003600	0.099600	-0.000400
1627302576.745749	-0.968500	0.104100	0.220500	-0.065700	0.080400	-0.006500
1627302576.746150	-0.978500	0.109600	0.231900	-0.146600	0.063300	-0.024200
1627302576.747817	-0.989100	0.088600	0.238900	-0.208700	0.071500	-0.022000
1627302576.748214	-1.001300	0.094800	0.238400	-0.258400	0.042500	-0.054100
1627302576.748611	-0.993000	0.111300	0.243500	-0.301200	0.021400	-0.079500
1627302576.750775	-0.969200	0.139600	0.260300	-0.324400	0.013200	-0.087400
1627302576.751172	-0.947400	0.159300	0.267200	-0.311000	0.008600	-0.085300
1627302576.751619	-0.942600	0.153400	0.260400	-0.277400	0.003100	-0.084000
1627302576.752019	-0.955700	0.132000	0.256000	-0.283200	0.005900	-0.100500
1627302576.752417	-0.965700	0.109300	0.258100	-0.332700	0.012300	-0.136900
1627302576.754404	-0.981600	0.090700	0.262900	-0.379400	0.013200	-0.173800
1627302576.754801	-0.986000	0.095600	0.262900	-0.430100	0.013800	-0.200400
1627302576.755199	-0.980700	0.100100	0.260300	-0.468300	0.001900	-0.218700
1627302576.755605	-1.029400	-0.077300	0.166300	-0.967000	-0.702800	-0.668600
1627302576.756003	-1.052500	-0.062100	0.080400	-1.222700	-0.796200	-0.739500
1627302576.756402	-1.115800	-0.030200	0.021500	-1.409000	-0.917800	-0.805800
1627302576.756805	-1.189100	0.037400	-0.005900	-1.519000	-1.047900	-0.857700
1627302576.757205	-1.274700	0.107300	-0.091100	-1.556800	-1.205500	-0.944100
1627302576.757604	-1.362200	0.067300	-0.261800	-1.673800	-1.434900	-1.065700
1627302576.758002	-1.496900	0.138700	-0.183600	-1.643600	-1.671900	-1.187900
1627302576.758402	-1.604600	0.269400	-0.071500	-1.266700	-1.779400	-1.336300
1627302576.758804	-1.640300	0.233000	0.046300	-0.803000	-1.821600	-1.495100
1627302576.768530	-1.669900	0.102300	0.127900	-0.430700	-1.841400	-1.662800
1627302576.769439	-1.711500	-0.068700	0.192000	-0.143900	-1.827700	-1.840900
1627302576.770276	-1.715900	-0.132900	0.393200	-0.140500	-1.554600	-1.992100
1627302576.773898	-1.569700	-0.037100	0.645500	-0.100800	-1.063200	-1.987800
1627302576.788813	-1.257900	0.131500	0.870200	0.073000	-0.681700	-1.857700
1627302576.812000	-0.955300	0.201000	0.977300	0.566500	-0.586400	-1.650600
1627302576.812902	-0.921300	0.154300	1.099500	1.286700	-0.779100	-1.500300
1627302576.813717	-0.990600	0.038200	1.140300	1.927900	-1.021600	-1.326200
1627302576.844490	-1.024900	-0.107100	1.188200	2.367700	-1.247600	-1.113100
1627302576.845383	-0.973300	-0.284900	1.202800	2.488900	-1.437300	-0.987500
1627302576.848818	-0.914800	-0.416900	1.130700	2.211000	-1.565600	-0.893400
1627302576.858889	-0.803300	-0.554300	1.055900	1.644400	-1.619000	-0.788100
1627302576.884724	-0.734400	-0.608900	0.969000	0.987700	-1.643500	-0.739200
1627302576.885632	-0.694300	-0.616300	0.899700	0.332000	-1.611400	-0.702200
1627302576.886445	-0.669200	-0.573400	0.883700	-0.346700	-1.488600	-0.681500
1627302576.901334	-0.630500	-0.527300	0.838300	-0.822300	-1.312400	-0.670800
1627302576.914541	-0.586800	-0.468600	0.792000	-1.242800	-1.127600	-0.677200
1627302576.915433	-0.483900	-0.334400	0.773100	-1.483800	-0.931500	-0.669900
1627302576.944611	-0.423300	-0.257100	0.786400	-1.369600	-0.816700	-0.633200
1627302576.945503	-0.353100	-0.200600	0.753200	-1.165300	-0.737600	-0.574000
1627302576.946316	-0.290000	-0.142700	0.688100	-0.721200	-0.680100	-0.510400
1627302576.956369	-0.234900	-0.144300	0.624100	-0.167400	-0.621500	-0.462200
1627302576.983635	-0.187400	-0.192900	0.578900	0.368600	-0.582100	-0.445100
1627302576.984561	-0.142300	-0.298200	0.543100	0.868600	-0.530500	-0.448400
1627302576.988806	-0.113000	-0.387200	0.490500	1.080300	-0.464500	-0.458800
1627302576.993804	-0.082000	-0.459200	0.444300	1.141700	-0.395200	-0.452400
1627302577.033216	-0.115100	-0.506800	0.380900	0.999300	-0.297700	-0.452100
1627302577.034113	-0.124800	-0.526700	0.338000	0.797100	-0.175000	-0.447500
1627302577.035018	-0.108200	-0.529400	0.291500	0.600700	-0.094900	-0.405700
1627302577.036182	-0.112400	-0.509900	0.252000	0.384500	-0.025600	-0.336000
1627302577.051491	-0.105800	-0.489300	0.260400	0.265700	0.060200	-0.238300
1627302577.074609	-0.094800	-0.467400	0.256800	0.138600	0.145700	-0.121000
1627302577.075507	-0.062900	-0.435900	0.217200	0.014600	0.236100	0.030500
1627302577.076331	-0.026200	-0.408100	0.187900	-0.046800	0.330500	0.178000
1627302577.086389	0.001500	-0.381700	0.208000	0.005500	0.414500	0.295300
1627302577.115848	0.009800	-0.373000	0.273100	0.127000	0.487200	0.395500
1627302577.116613	-0.002700	-0.379500	0.311800	0.201200	0.563900	0.475500
1627302577.117638	-0.012300	-0.401700	0.303600	0.191200	0.639600	0.517000
1627302577.149173	-0.035800	-0.432600	0.303200	0.169800	0.713800	0.537800
1627302577.150659	-0.078600	-0.456900	0.330200	0.135900	0.800600	0.536600
1627302577.151520	-0.123700	-0.467200	0.372400	0.105000	0.877300	0.516700
1627302577.155087	-0.177200	-0.469100	0.433100	0.073900	0.960300	0.484400
1627302577.165209	-0.240500	-0.470000	0.487700	0.003600	1.065400	0.449200
1627302577.191028	-0.293600	-0.457300	0.508300	-0.137500	1.143900	0.437000
1627302577.191944	-0.350200	-0.435500	0.523800	-0.274900	1.212900	0.438500
1627302577.196618	-0.418200	-0.403600	0.573500	-0.351000	1.278000	0.454100
1627302577.222038	-0.480300	-0.385300	0.636100	-0.311000	1.328100	0.478900
1627302577.222953	-0.541300	-0.368000	0.627800	-0.326200	1.380000	0.502400
1627302577.223787	-0.638400	-0.341700	0.667400	-0.176600	1.407200	0.506400
1627302577.235144	-0.721100	-0.337900	0.695700	-0.014700	1.421800	0.484700
1627302577.264616	-0.788100	-0.310100	0.688100	0.019200	1.427300	0.443100
1627302577.265513	-0.853900	-0.275800	0.694200	0.161500	1.404700	0.377500
1627302577.266329	-0.896500	-0.260000	0.696400	0.374400	1.373600	0.325200
1627302577.293406	-0.913900	-0.237800	0.726100	0.557700	1.358000	0.285500
1627302577.294300	-0.929200	-0.222200	0.783400	0.804800	1.338500	0.255300
1627302577.295236	-0.945100	-0.222200	0.820900	0.950200	1.327500	0.223800
1627302577.306368	-0.963900	-0.225500	0.764000	0.878400	1.315500	0.197300
1627302577.335693	-0.974600	-0.243800	0.694200	0.836200	1.272200	0.190800
1627302577.336597	-1.003800	-0.280600	0.643700	0.881100	1.207400	0.222000
1627302577.337727	-1.025300	-0.298300	0.601400	0.824900	1.141100	0.268400
1627302577.345014	-1.018200	-0.291300	0.565700	0.684400	1.059600	0.321600
1627302577.368202	-0.997700	-0.267900	0.549100	0.583900	0.992700	0.379300
1627302577.369098	-0.975200	-0.236700	0.568700	0.551600	0.951800	0.433700
1627302577.382867	-0.971700	-0.196500	0.629000	0.489600	0.898000	0.507000
1627302577.383775	-0.978400	-0.159400	0.621800	0.252900	0.853400	0.571400
1627302577.398834	-0.949500	-0.137500	0.576200	-0.010400	0.852800	0.648700
1627302577.426789	-0.925700	-0.103600	0.522800	-0.207400	0.797800	0.724100
1627302577.427695	-0.923600	-0.064200	0.484900	-0.322600	0.734000	0.799300
1627302577.428656	-0.950000	-0.027000	0.442400	-0.375700	0.685700	0.847800
1627302577.432518	-0.965300	-0.004500	0.435400	-0.388600	0.668300	0.886300
1627302577.469570	-0.901600	0.064900	0.511700	-0.393100	0.500700	0.911700
1627302577.470467	-0.874300	0.149200	0.465500	-0.368700	0.275900	0.999300
1627302577.471279	-0.881000	0.250600	0.455900	-0.439900	-0.003900	1.086400
1627302577.474024	-1.118900	0.187100	0.162800	-0.223900	-0.023500	1.243400
1627302577.489720	-1.351400	0.062000	-0.176000	-0.260000	0.165600	1.345700
1627302577.505526	-1.534900	-0.087400	-0.222500	-0.280100	0.355900	1.368000
1627302577.521720	-1.653100	-0.225100	-0.284400	-0.596900	0.394400	1.364600
1627302577.524563	-1.557500	-0.152600	-0.218000	-1.103900	0.507700	1.357300
1627302577.525463	-1.310400	0.068800	0.040500	-1.081600	0.656100	1.386600
1627302577.552012	-1.024400	0.142200	0.139800	-0.751100	0.742300	1.326700
1627302577.552907	-0.936200	-0.033100	0.314800	-0.514700	0.364400	1.164300
1627302577.553725	-1.130700	-0.075100	0.303300	-0.369300	-0.129800	0.934600
1627302577.578652	-1.284300	-0.010500	0.295500	0.073300	-0.372000	0.533200
1627302577.579552	-1.285400	0.175500	0.260100	0.420500	-0.325500	0.311800
1627302577.582740	-1.159400	0.265600	0.288200	0.800800	-0.169200	0.203100
1627302577.613561	-1.014800	0.374600	0.361600	1.494100	-0.060700	0.278500
1627302577.618221	-0.962000	0.343500	0.456500	2.012800	-0.056500	0.440100
1627302577.619123	-0.944600	0.160200	0.508700	2.201500	-0.018900	0.647200
1627302577.622583	-0.948000	-0.157700	0.472300	2.045400	-0.005100	0.781200
1627302577.653081	-0.988600	-0.396600	0.459800	1.374100	-0.031100	0.736000
1627302577.653982	-1.042800	-0.433500	0.474200	0.476100	-0.001200	0.581800
1627302577.654931	-1.024800	-0.236800	0.504600	-0.485700	0.112800	0.397000
1627302577.680874	-0.971200	0.001600	0.524500	-0.922100	0.207400	0.293200
1627302577.681771	-0.931400	0.194600	0.510000	-0.866600	0.249900	0.275700
1627302577.682612	-0.944500	0.323100	0.482500	-0.490000	0.260000	0.314500
1627302577.708238	-0.989500	0.353800	0.487900	0.052800	0.252000	0.350300
1627302577.709132	-1.024300	0.309700	0.491100	0.494800	0.255700	0.342900
1627302577.711269	-1.031400	0.232800	0.469600	0.767200	0.282900	0.285200
1627302577.741907	-1.012600	0.159100	0.419200	0.863400	0.314600	0.207900
1627302577.742799	-0.997400	0.114400	0.381100	0.890900	0.345200	0.149600
1627302577.743944	-0.979400	0.089600	0.354500	0.883300	0.357700	0.112000
1627302577.753755	-0.969400	0.065200	0.313800	0.824900	0.350700	0.091600
1627302577.780872	-0.971300	0.053500	0.277000	0.694200	0.331700	0.076300
1627302577.781761	-0.968600	0.068600	0.261700	0.509400	0.314000	0.053100
1627302577.782576	-0.959500	0.105000	0.293000	0.394000	0.299700	0.025600
1627302577.791371	-0.939600	0.127000	0.340000	0.384200	0.303600	0.012800
1627302577.818210	-0.916600	0.131300	0.353300	0.343300	0.306700	0.005100
1627302577.819127	-0.906400	0.116200	0.325000	0.313600	0.303000	-0.003400
1627302577.821329	-0.920900	0.099400	0.297000	0.335300	0.298800	-0.018100
1627302577.852100	-0.933800	0.090800	0.262900	0.328300	0.303600	-0.036100
1627302577.857113	-0.939700	0.087000	0.244900	0.300800	0.304600	-0.049500
1627302577.858004	-0.944000	0.089000	0.247700	0.299900	0.295400	-0.058100
1627302577.863887	-0.937100	0.094200	0.243900	0.284900	0.284100	-0.056600
1627302577.891978	-0.926900	0.098400	0.243500	0.245500	0.257800	-0.051400
1627302577.892981	-0.934600	0.099100	0.267600	0.297800	0.235800	-0.049500
1627302577.894008	-0.949700	0.096400	0.279800	0.327700	0.229400	-0.050100
1627302577.901391	-0.966900	0.074600	0.292000	0.334700	0.242000	-0.049500
1627302577.930699	-0.971900	0.054900	0.289300	0.300200	0.257500	-0.045900
1627302577.931599	-0.970800	0.041500	0.298800	0.283400	0.263300	-0.040100
1627302577.932422	-0.960900	0.045900	0.309700	0.239700	0.277100	-0.023900
1627302577.960994	-0.951400	0.055800	0.309600	0.185400	0.285300	-0.010700
1627302577.961891	-0.960200	0.064800	0.319800	0.186900	0.291400	-0.001900
1627302577.962701	-0.984300	0.067400	0.321500	0.212800	0.305800	0.003300
1627302577.976697	-0.999500	0.052400	0.334400	0.260200	0.332100	0.010000
1627302577.992064	-1.006100	0.026700	0.349000	0.292600	0.357400	0.022900
1627302578.008077	-1.008400	0.002800	0.353600	0.249800	0.388900	0.036000
1627302578.018267	-1.020100	0.002000	0.340300	0.164600	0.415700	0.030200
1627302578.019176	-1.001700	-0.007400	0.312100	0.069600	0.485400	0.071400
1627302578.037012	-0.999100	0.012800	0.282800	-0.001000	0.486000	0.093400
1627302578.037916	-1.009200	0.025400	0.276400	-0.057200	0.504600	0.110800
1627302578.061965	-1.007900	0.035900	0.274300	-0.112400	0.537000	0.118100
1627302578.062861	-0.997200	0.047900	0.212800	-0.177500	0.598100	0.133700
1627302578.064001	-1.018900	0.064700	0.090200	-0.162500	0.740100	0.147200
1627302578.091036	-1.014200	0.068400	0.051600	-0.132300	0.935000	0.164300
1627302578.091937	-0.957600	0.093800	0.256300	-0.159200	0.901100	0.147500
1627302578.092930	-0.923800	0.158200	0.253200	-0.212600	0.784700	0.131900
1627302578.103881	-0.902800	0.194800	0.157500	-0.253900	0.667100	0.098300
1627302578.133142	-0.929900	0.191300	0.116300	-0.120400	0.566600	0.055800
1627302578.134050	-0.955200	0.170800	0.095200	-0.004900	0.487800	0.021300
1627302578.134995	-0.963400	0.154500	0.095800	0.013400	0.431000	0.000600
1627302578.142509	-0.960000	0.139200	0.112800	0.045800	0.388900	-0.001000
1627302578.166948	-0.947000	0.123400	0.128800	0.038400	0.348500	0.014300
1627302578.167848	-0.942500	0.111600	0.144300	0.007300	0.327800	0.015500
1627302578.171532	-0.952600	0.097800	0.166600	-0.010100	0.311900	0.007600
1627302578.182898	-0.989000	0.093800	0.170200	-0.064500	0.310100	-0.014400
1627302578.209491	-1.025300	0.097000	0.166600	-0.117900	0.342700	-0.038500
1627302578.210397	-1.059900	0.093100	0.168300	-0.172900	0.368100	-0.070900
1627302578.211539	-1.059900	0.093100	0.168300	-0.172900	0.368100	-0.070900
1627302578.238673	-1.072000	0.073600	0.165900	-0.396200	0.384300	-0.096000
1627302578.239594	-1.072000	0.073600	0.165900	-0.396200	0.384300	-0.096000
1627302578.241506	-1.051300	0.072400	0.151700	-0.488400	0.398300	-0.094700
1627302578.256373	-1.017000	0.068700	0.140400	-0.589800	0.420000	-0.087400
1627302578.282281	-0.994300	0.079600	0.090100	-0.701900	0.467400	-0.090200
1627302578.283190	-0.985700	0.093900	0.122700	-0.745900	0.462500	-0.106000
1627302578.284005	-0.989900	0.140300	0.116100	-0.836900	0.429800	-0.128900
1627302578.312345	-0.988600	0.184300	0.105600	-0.854000	0.409600	-0.157400
1627302578.313263	-0.981400	0.186000	0.081400	-0.780400	0.401400	-0.191600
1627302578.314085	-0.972700	0.152600	0.022700	-0.758100	0.390400	-0.214200
1627302578.321329	-0.963300	0.121600	0.059000	-0.760000	0.356200	-0.219700
1627302578.336715	-0.951000	0.115400	0.014900	-0.899500	0.308800	-0.214500
1627302578.355847	-0.948600	0.147800	0.008700	-1.052300	0.257500	-0.238900
1627302578.356753	-0.945600	0.189200	0.005900	-1.106600	0.220900	-0.269100
1627302578.360232	-0.937500	0.225200	-0.015300	-1.083700	0.181800	-0.301200
1627302578.370188	-0.952800	0.249600	-0.049100	-0.990300	0.113400	-0.338800
1627302578.385621	-0.978400	0.264900	-0.063800	-0.829300	0.035500	-0.370500
1627302578.410703	-0.992100	0.272000	-0.103300	-0.695800	-0.038400	-0.409000
1627302578.411600	-0.995700	0.277600	-0.102400	-0.470100	-0.144100	-0.473200
1627302578.412410	-0.996500	0.241600	-0.156500	-0.220000	-0.268100	-0.545300
1627302578.420013	-1.003200	0.162200	-0.214400	-0.099600	-0.402500	-0.614900
1627302578.448190	-1.002100	0.095500	-0.276600	-0.109100	-0.593400	-0.679300
1627302578.449103	-0.990500	0.047400	-0.324500	-0.183300	-0.812700	-0.730300
1627302578.451365	-0.967900	0.019900	-0.327800	-0.243500	-1.024700	-0.773400
1627302578.463774	-0.927200	0.054200	-0.319300	-0.323800	-1.251900	-0.829600
1627302578.489799	-0.911000	0.082900	-0.296000	-0.310100	-1.525900	-0.913300
1627302578.490801	-0.949300	0.083700	-0.254900	-0.210500	-1.763200	-0.993300
1627302578.491723	-1.064600	0.092500	-0.097900	0.054300	-1.971500	-1.060500
1627302578.500042	-1.229700	0.124300	-0.084600	0.290100	-2.094600	-1.148500
1627302578.515495	-1.339100	0.055900	-0.277600	-0.072100	-2.178300	-1.253900
1627302578.540758	-1.426300	-0.023400	-0.087400	0.089500	-2.167600	-1.300900
1627302578.541668	-1.442500	-0.124400	0.089500	-0.021100	-2.079000	-1.337500
1627302578.542511	-1.423200	-0.142300	0.316500	-0.202800	-2.051200	-1.382400
1627302578.569554	-1.427000	-0.077600	0.450900	-0.426400	-1.967900	-1.445100
1627302578.570454	-1.400900	0.022000	0.480300	-0.347900	-1.749200	-1.534200
1627302578.571838	-1.369600	0.007800	0.323200	-0.187000	-1.574800	-1.557800
1627302578.587617	-1.376800	-0.023400	0.360700	0.047300	-1.341100	-1.542500
1627302578.600756	-1.295300	-0.059800	0.681300	0.268100	-1.210700	-1.542800
1627302578.601650	-1.212500	-0.028100	0.704600	0.193900	-1.239400	-1.544300
1627302578.628349	-1.141800	-0.008900	0.667200	0.141400	-1.269000	-1.528100
1627302578.631548	-1.092000	-0.006000	0.687300	0.324000	-1.314500	-1.469500
1627302578.644499	-1.072900	-0.042500	0.780000	0.612700	-1.401300	-1.382700
1627302578.645396	-1.059200	-0.097900	0.802000	0.806900	-1.530200	-1.284100
1627302578.652726	-1.061800	-0.220800	0.791700	0.962700	-1.674300	-1.139300
1627302578.671425	-1.088300	-0.334000	0.764800	0.842600	-1.734800	-0.974400
1627302578.675190	-1.078000	-0.404400	0.783800	0.533200	-1.724100	-0.811600
1627302578.680168	-1.002400	-0.441500	0.748700	0.013700	-1.682300	-0.617900
1627302578.683402	-0.923800	-0.465200	0.743400	-0.418500	-1.640400	-0.477400
1627302578.713156	-0.849600	-0.448000	0.747700	-0.773700	-1.590000	-0.360800
1627302578.714054	-0.786300	-0.416000	0.788900	-1.042200	-1.545100	-0.246500
1627302578.717782	-0.720800	-0.401500	0.754600	-1.239800	-1.511500	-0.168000
1627302578.739868	-0.658300	-0.386800	0.719400	-1.320100	-1.497800	-0.125900
1627302578.753197	-0.622400	-0.380400	0.698500	-1.285300	-1.504200	-0.126200
1627302578.754096	-0.613400	-0.350600	0.732700	-1.182400	-1.498400	-0.177800
1627302578.760326	-0.602700	-0.346600	0.699200	-1.073000	-1.469100	-0.240700
1627302578.781509	-0.575700	-0.306900	0.631200	-0.951200	-1.426900	-0.299400
1627302578.790862	-0.530200	-0.301000	0.596700	-0.671100	-1.394900	-0.317400
1627302578.791747	-0.452100	-0.308300	0.573900	-0.420300	-1.352400	-0.320800
1627302578.799103	-0.377300	-0.320400	0.542600	-0.131700	-1.343200	-0.313400
1627302578.821166	-0.331700	-0.325300	0.495700	0.148400	-1.308700	-0.309200
1627302578.829484	-0.311000	-0.361800	0.494600	0.419900	-1.277900	-0.311000
1627302578.830377	-0.298000	-0.389200	0.462600	0.562900	-1.198800	-0.314700
1627302578.841649	-0.304300	-0.419600	0.448900	0.604400	-1.116900	-0.312200
1627302578.868846	-0.313500	-0.456900	0.459000	0.577200	-1.018000	-0.320500
1627302578.869859	-0.293300	-0.478900	0.441500	0.388500	-0.934600	-0.287800
1627302578.882184	-0.302000	-0.493300	0.446400	0.194800	-0.850000	-0.215700
1627302578.883095	-0.288300	-0.475800	0.411600	-0.035500	-0.754100	-0.143000
1627302578.906112	-0.287500	-0.450700	0.387700	-0.209300	-0.682900	-0.056900
1627302578.910724	-0.272900	-0.430100	0.411000	-0.267300	-0.585200	0.059500
1627302578.911612	-0.236300	-0.407300	0.376000	-0.348200	-0.510300	0.140400
1627302578.921535	-0.211200	-0.383200	0.384000	-0.359500	-0.445600	0.209500
1627302578.927661	-0.185200	-0.368800	0.404500	-0.309100	-0.345400	0.276700
1627302578.947421	-0.177600	-0.358300	0.393300	-0.296300	-0.271200	0.320000
1627302578.962009	-0.187700	-0.352500	0.374500	-0.303600	-0.189600	0.347200
1627302578.962895	-0.202800	-0.349400	0.365800	-0.260000	-0.100100	0.369200
1627302578.969084	-0.219800	-0.357700	0.359500	-0.207400	-0.026800	0.383600
1627302578.989924	-0.235000	-0.366800	0.361700	-0.193100	0.048300	0.394600
1627302578.990944	-0.246100	-0.382200	0.378100	-0.161300	0.130200	0.414100
1627302578.996541	-0.262500	-0.390100	0.407700	-0.159800	0.214200	0.432700
1627302579.019183	-0.284100	-0.384800	0.450800	-0.173800	0.308200	0.441300
1627302579.020006	-0.309700	-0.370500	0.500900	-0.175400	0.431000	0.417800
1627302579.040985	-0.341300	-0.362700	0.540600	-0.145700	0.530900	0.374100
1627302579.041902	-0.364700	-0.363400	0.544200	-0.125600	0.616400	0.329200
1627302579.064141	-0.393100	-0.378500	0.536100	-0.087100	0.697000	0.281900
1627302579.065159	-0.419200	-0.388400	0.522600	-0.084600	0.766700	0.259900
1627302579.075273	-0.441800	-0.394200	0.569300	-0.019000	0.833000	0.254100
1627302579.084862	-0.457300	-0.402500	0.597700	-0.045500	0.891300	0.254100
1627302579.085753	-0.469100	-0.408400	0.634500	-0.055300	0.929500	0.259300
1627302579.108583	-0.484500	-0.419200	0.663500	-0.080400	0.963400	0.270300
1627302579.123318	-0.528200	-0.416900	0.681000	-0.178100	0.995100	0.287100
1627302579.124215	-0.592700	-0.396600	0.656900	-0.301800	1.029400	0.282800
1627302579.130233	-0.649300	-0.389000	0.631500	-0.333900	1.069700	0.277600
1627302579.152579	-0.678500	-0.382400	0.650400	-0.374200	1.105100	0.267200
1627302579.158441	-0.673700	-0.357500	0.642700	-0.426400	1.098100	0.265700
1627302579.159360	-0.668700	-0.337600	0.664400	-0.365300	1.071800	0.270300
1627302579.169088	-0.681500	-0.334400	0.756300	-0.136300	1.047400	0.291900
1627302579.171505	-0.691300	-0.328000	0.750600	-0.098100	1.065400	0.313000
1627302579.191407	-0.701900	-0.314800	0.858900	-0.002800	1.087100	0.306000
1627302579.201127	-0.721300	-0.298800	0.813800	-0.032100	1.101700	0.272700
1627302579.223240	-0.741700	-0.270600	0.759200	-0.062700	1.072400	0.232400
1627302579.224136	-0.773200	-0.270600	0.738500	0.088500	1.023200	0.204600
1627302579.231321	-0.813100	-0.246900	0.723300	0.139500	0.997600	0.177700
1627302579.241345	-0.824500	-0.216300	0.651700	0.118800	0.982900	0.162400
1627302579.243678	-0.838400	-0.195100	0.650900	0.253800	0.973500	0.167300
1627302579.266256	-0.835600	-0.177900	0.650100	0.431200	0.990000	0.207000
1627302579.268974	-0.856000	-0.153900	0.661400	0.641100	1.031800	0.294400
1627302579.284526	-0.884600	-0.162700	0.717200	0.827700	1.054700	0.377500
1627302579.287245	-0.937000	-0.189600	0.737700	0.849700	1.071200	0.461800
1627302579.310380	-0.968800	-0.195700	0.661000	0.613900	1.093500	0.560400
1627302579.311203	-0.988900	-0.205300	0.606800	0.509400	1.082800	0.622700
1627302579.318949	-1.004800	-0.193700	0.560500	0.410500	1.066900	0.654500
1627302579.330870	-1.014500	-0.179800	0.558600	0.392100	1.041600	0.671000
1627302579.331766	-0.973400	-0.157000	0.691800	0.486200	0.904400	0.681100
1627302579.354159	-0.937700	-0.134300	0.718800	0.629500	0.691900	0.723200
1627302579.357614	-0.868400	-0.013700	0.746200	0.496600	0.299100	0.800200
1627302579.365116	-1.053200	0.031000	0.462800	0.250400	0.112800	0.940100
1627302579.377586	-1.308000	-0.021000	0.373900	0.396100	0.089500	1.072000
1627302579.392339	-1.599700	-0.224500	-0.054800	0.070200	0.218700	1.207000
1627302579.396102	-1.749800	-0.275600	-0.200000	-0.363500	0.473500	1.178300
1627302579.418002	-1.747300	-0.288600	-0.158100	-0.595900	0.658000	1.129100
1627302579.418812	-1.590500	-0.202300	-0.040900	-0.962500	0.890700	1.177100
1627302579.430042	-1.285500	-0.026000	0.132700	-1.097500	1.156700	1.323100
1627302579.437173	-0.987100	0.119600	0.254000	-0.799700	1.232800	1.503300
1627302579.460568	-0.797900	0.075900	0.420200	-0.189100	1.033000	1.653300
1627302579.461453	-0.879400	-0.128300	0.408200	0.029000	0.662200	1.681700
1627302579.474123	-1.071400	-0.348100	0.289300	-0.191200	0.386700	1.484000
1627302579.477977	-1.219400	-0.515100	0.287500	-0.165000	0.170800	1.098300
1627302579.501994	-1.252700	-0.486700	0.338300	-0.425500	0.138400	0.684400
1627302579.502809	-1.183500	-0.311000	0.424900	-0.644200	0.247400	0.432400
1627302579.510062	-1.004300	-0.030800	0.462300	-0.923100	0.374800	0.358500
1627302579.521019	-0.863900	0.313800	0.478300	-0.634400	0.436800	0.454400
1627302579.545617	-0.821000	0.505500	0.511100	0.126700	0.446900	0.648100
1627302579.546433	-0.848300	0.480300	0.522000	1.157200	0.412100	0.864900
1627302579.548853	-0.917800	0.179700	0.484900	1.991700	0.388900	0.971200
1627302579.557756	-0.945900	-0.107700	0.428200	2.047900	0.380300	0.908000
1627302579.562051	-0.946800	-0.272300	0.327100	1.389700	0.429500	0.754100
1627302579.586845	-0.875100	-0.230600	0.256300	0.467900	0.595900	0.582400
1627302579.587777	-0.793600	-0.092900	0.225800	0.106900	0.665900	0.504200
1627302579.598982	-0.765500	0.021100	0.222700	0.127000	0.624400	0.497500
1627302579.607493	-0.800000	0.122800	0.192100	0.229300	0.495200	0.551300
1627302579.628763	-0.882400	0.208600	0.146900	0.379600	0.372100	0.561600
1627302579.630139	-0.976100	0.283100	0.126000	0.640100	0.275900	0.521600
1627302579.645230	-1.067700	0.318600	0.158900	1.007600	0.193700	0.439200
1627302579.648645	-1.098600	0.280600	0.195100	1.252800	0.148800	0.387200
1627302579.671172	-1.098400	0.187500	0.193700	1.348800	0.110600	0.368300
1627302579.672756	-1.074800	0.055400	0.158700	1.222600	0.056600	0.364300
1627302579.688188	-1.046400	-0.032800	0.181000	1.030800	-0.015200	0.355500
1627302579.693543	-1.029500	-0.071500	0.249300	0.792300	-0.075400	0.346900
1627302579.708171	-0.980600	-0.060100	0.311900	0.336500	-0.098900	0.334400
1627302579.709061	-0.950600	-0.023900	0.379900	0.019500	-0.109900	0.329500
1627302579.718992	-0.944800	0.001100	0.467400	-0.096600	-0.078400	0.329500
1627302579.725493	-0.944900	0.007000	0.546400	-0.169900	0.014700	0.347500
1627302579.746776	-0.947900	-0.001300	0.576900	-0.316500	0.122500	0.362500
1627302579.747433	-0.971600	-0.014800	0.540800	-0.521700	0.207400	0.361600
1627302579.757792	-1.002600	0.015500	0.483200	-0.776400	0.289600	0.318800
1627302579.765130	-0.994800	0.116900	0.441900	-0.986000	0.362600	0.248900
1627302579.783864	-0.953600	0.252600	0.427100	-1.008600	0.408700	0.183500
1627302579.797020	-0.906500	0.371900	0.402600	-0.807900	0.425500	0.137100
1627302579.797922	-0.890600	0.404800	0.355600	-0.409900	0.427000	0.113900
1627302579.801687	-0.909300	0.356800	0.284500	-0.017400	0.436200	0.102900
1627302579.826968	-0.954100	0.250400	0.190900	0.327100	0.427700	0.071700
1627302579.841801	-0.999000	0.166000	0.144500	0.529300	0.396200	0.010600
1627302579.842714	-1.019300	0.126700	0.139400	0.629200	0.362600	-0.041300
1627302579.845234	-1.012200	0.114000	0.151500	0.646300	0.313700	-0.074300
1627302579.870120	-0.997100	0.117300	0.177200	0.653300	0.241300	-0.072400
1627302579.877064	-0.987500	0.104700	0.182400	0.616900	0.189700	-0.052000
1627302579.877948	-0.978900	0.095900	0.190100	0.546400	0.151500	-0.036700
1627302579.887660	-0.970500	0.098500	0.188200	0.444100	0.114300	-0.047400
1627302579.891472	-0.957500	0.095000	0.184700	0.335300	0.096600	-0.073700
1627302579.918223	-0.943800	0.116300	0.191800	0.229000	0.085600	-0.105100
1627302579.919129	-0.933800	0.135500	0.231000	0.260200	0.074300	-0.134100
1627302579.927536	-0.932000	0.133300	0.261600	0.330700	0.077000	-0.142700
1627302579.936493	-0.929300	0.118900	0.279500	0.362200	0.085600	-0.144200
1627302579.956899	-0.940300	0.089400	0.283000	0.372000	0.084700	-0.145100
1627302579.957785	-0.963900	0.066700	0.278300	0.347800	0.083700	-0.151600
1627302579.969039	-0.981300	0.055200	0.274000	0.294700	0.089800	-0.156700
1627302579.978090	-0.988800	0.036000	0.286300	0.233900	0.110300	-0.150000
1627302579.987699	-0.989300	0.012700	0.293500	0.156600	0.137500	-0.133200
1627302580.003476	-0.974400	-0.007100	0.290300	0.035700	0.161000	-0.110300
1627302580.008321	-0.961400	-0.007900	0.287800	-0.135700	0.171100	-0.089200
1627302580.027882	-0.964700	0.008700	0.295700	-0.234900	0.175100	-0.083700
1627302580.029060	-0.985800	0.043800	0.309100	-0.266700	0.175400	-0.104200
1627302580.043928	-0.962900	0.071400	0.302700	-0.267600	0.239800	-0.067300
1627302580.047147	-0.964000	0.115500	0.293900	-0.154000	0.234900	-0.067300
1627302580.070496	-0.978900	0.123700	0.296800	0.048500	0.239200	-0.066600
1627302580.072795	-0.987900	0.117300	0.288100	0.267500	0.255100	-0.068500
1627302580.077655	-0.980300	0.111600	0.276000	0.421800	0.270100	-0.067300
1627302580.090934	-0.974100	0.112300	0.259900	0.549700	0.271000	-0.068500
1627302580.091823	-0.973600	0.096300	0.246600	0.669500	0.267900	-0.070600
1627302580.116387	-0.974500	0.082600	0.240500	0.730200	0.271000	-0.073400
1627302580.128262	-0.980500	0.068700	0.230800	0.753200	0.269100	-0.077900
1627302580.129153	-0.987800	0.044400	0.222800	0.748600	0.270100	-0.081600
1627302580.135389	-0.997700	0.017700	0.220900	0.690800	0.268200	-0.082500
1627302580.156736	-1.001100	0.020000	0.223500	0.577800	0.273400	-0.086500
1627302580.157711	-0.995700	0.034300	0.213700	0.426000	0.275200	-0.085000
1627302580.167740	-0.989000	0.043000	0.212300	0.293500	0.277100	-0.080700
1627302580.177119	-0.983000	0.028900	0.220800	0.197000	0.285600	-0.068500
1627302580.208062	-0.980200	0.001700	0.223500	0.037200	0.301800	-0.050800
1627302580.208995	-0.986100	-0.021200	0.215600	-0.222400	0.321700	-0.039200
1627302580.219936	-1.001800	-0.017700	0.198500	-0.466100	0.336000	-0.039200
1627302580.221347	-1.019000	0.002300	0.182700	-0.682700	0.350700	-0.039200
1627302580.236346	-1.034400	0.059900	0.177600	-0.818900	0.363200	-0.042200
1627302580.239650	-1.029500	0.109600	0.171900	-0.824400	0.373000	-0.038500
1627302580.262470	-1.007100	0.135100	0.179600	-0.767000	0.384900	-0.034300
1627302580.264101	-0.970000	0.152100	0.189100	-0.717500	0.385200	-0.039200
1627302580.277064	-0.950700	0.138500	0.182600	-0.708000	0.382800	-0.053200
1627302580.277958	-0.957900	0.102700	0.163800	-0.736100	0.373000	-0.068800
1627302580.286502	-0.998800	0.077300	0.141500	-0.846700	0.356500	-0.090800
1627302580.304955	-1.024300	0.073200	0.127800	-0.930100	0.359200	-0.111200
1627302580.317019	-1.023200	0.090000	0.137300	-1.016500	0.374500	-0.143600
1627302580.317916	-0.994400	0.121800	0.132900	-1.088600	0.399600	-0.178400
1627302580.325255	-0.968500	0.151100	0.098400	-1.100800	0.428900	-0.198900
1627302580.343690	-0.941200	0.167100	0.099900	-1.035800	0.426100	-0.219700
1627302580.359082	-0.940400	0.176800	0.122800	-0.920000	0.376300	-0.252000
1627302580.367111	-0.956500	0.176800	0.121800	-0.836000	0.339400	-0.278300
1627302580.375822	-0.974600	0.163800	0.097300	-0.774000	0.296300	-0.308800
1627302580.376713	-0.999300	0.141200	0.062400	-0.698300	0.234600	-0.348600
1627302580.382965	-1.007100	0.128500	0.033800	-0.668300	0.181800	-0.385200
1627302580.399081	-1.007700	0.139800	0.018900	-0.653700	0.135100	-0.418200
1627302580.406328	-0.999900	0.152200	0.000700	-0.636300	0.067200	-0.459400
1627302580.417801	-0.989700	0.176300	-0.027300	-0.628300	0.000000	-0.501600
1627302580.437090	-0.974400	0.192900	-0.057600	-0.588300	-0.066200	-0.541600
1627302580.437984	-0.957400	0.211900	-0.090500	-0.532100	-0.156900	-0.595000
1627302580.447732	-0.939300	0.226000	-0.119100	-0.464000	-0.263200	-0.647000
1627302580.456563	-0.937400	0.223300	-0.126600	-0.305200	-0.382400	-0.703800
1627302580.481585	-0.939800	0.162400	-0.182100	-0.162500	-0.556100	-0.776200
1627302580.482542	-0.948000	0.087900	-0.248500	-0.097500	-0.771500	-0.853100
1627302580.486324	-0.967800	0.033700	-0.294800	-0.084300	-0.990200	-0.914800
1627302580.501026	-1.010100	-0.020400	-0.331400	-0.085000	-1.211300	-0.975900
1627302580.502040	-1.052700	-0.068800	-0.302400	-0.104200	-1.412300	-1.032700
1627302580.525462	-1.112100	-0.095100	-0.219200	-0.092000	-1.555800	-1.073300
1627302580.526484	-1.161500	-0.146600	-0.107800	-0.074300	-1.660900	-1.101400
1627302580.536505	-1.185100	-0.147300	0.042400	-0.140200	-1.737900	-1.100200
1627302580.544665	-1.194800	-0.077400	0.070900	-0.462800	-1.749800	-1.120400
1627302580.566668	-1.240100	-0.002100	0.028100	-0.834200	-1.848400	-1.216300
1627302580.568109	-1.403400	-0.031400	0.063600	-0.918500	-2.045700	-1.433100
1627302580.578955	-1.580100	-0.007300	0.305900	-0.474100	-2.010000	-1.598100
1627302580.602921	-1.628800	0.089000	0.265000	-0.246500	-1.711300	-1.710200
1627302580.603751	-1.522300	0.165600	0.328900	0.076300	-1.376800	-1.815500
1627302580.606353	-1.454700	0.141100	0.434000	0.598600	-1.234800	-1.836600
1627302580.621003	-1.378900	0.102700	0.606000	0.861000	-1.130400	-1.875700
1627302580.621909	-1.224100	0.106400	0.681200	1.120300	-1.094000	-1.890700
1627302580.644974	-1.084200	0.102700	0.724600	1.334400	-1.193300	-1.888200
1627302580.646448	-0.996100	0.055700	0.762600	1.593700	-1.348700	-1.839400
1627302580.662080	-0.956200	-0.041500	0.828400	1.785500	-1.543000	-1.716300
1627302580.668496	-0.968400	-0.123800	0.939500	1.871300	-1.851200	-1.602700
1627302580.689380	-1.049700	-0.221300	0.911700	1.762300	-2.101000	-1.479600
1627302580.690322	-1.090000	-0.355300	0.956200	1.492900	-2.265000	-1.326500
1627302580.696489	-1.065900	-0.455400	0.939100	1.121500	-2.351200	-1.175100
1627302580.716964	-0.983600	-0.511200	0.857900	0.594300	-2.361600	-1.010100
1627302580.717785	-0.867400	-0.546000	0.806600	0.035100	-2.343200	-0.837200
1627302580.726222	-0.809100	-0.552000	0.799100	-0.456700	-2.296500	-0.711100
1627302580.728435	-0.766400	-0.547700	0.809600	-0.807300	-2.218300	-0.598700
1627302580.751755	-0.721700	-0.523200	0.780200	-1.249600	-2.115700	-0.496400
1627302580.755155	-0.669700	-0.494600	0.769400	-1.539400	-2.006000	-0.422200
1627302580.767821	-0.603000	-0.439500	0.817500	-1.668000	-1.954400	-0.391600
1627302580.781479	-0.501500	-0.384900	0.798800	-1.762100	-1.910700	-0.411500
1627302580.794525	-0.427700	-0.269000	0.755000	-1.670100	-1.872900	-0.447200
1627302580.795411	-0.376300	-0.229400	0.717800	-1.275200	-1.835300	-0.487800
1627302580.803032	-0.329800	-0.194600	0.678200	-0.707700	-1.769300	-0.559300
1627302580.825627	-0.281400	-0.200400	0.647300	-0.015000	-1.695700	-0.628300
1627302580.826581	-0.246000	-0.218500	0.594700	0.546700	-1.617800	-0.666500
1627302580.836468	-0.218600	-0.313200	0.558200	1.142900	-1.522800	-0.694600
1627302580.845242	-0.214400	-0.417800	0.555700	1.527100	-1.406800	-0.714500
1627302580.863593	-0.234400	-0.497800	0.502000	1.650500	-1.294700	-0.765800
1627302580.874908	-0.228500	-0.573200	0.459800	1.614500	-1.172500	-0.793900
1627302580.875813	-0.239700	-0.637600	0.424400	1.498400	-1.083300	-0.791100
1627302580.882868	-0.274200	-0.674700	0.421500	1.278500	-0.982500	-0.746500
1627302580.908775	-0.274500	-0.707400	0.418500	0.979500	-0.862500	-0.659500
1627302580.920939	-0.264000	-0.712500	0.372300	0.460600	-0.751000	-0.553200
1627302580.921837	-0.247700	-0.699700	0.341100	0.046400	-0.662700	-0.457600
1627302580.926575	-0.222300	-0.641800	0.303700	-0.358000	-0.538400	-0.351600
1627302580.946243	-0.185900	-0.529300	0.307900	-0.578800	-0.383000	-0.234900
1627302580.959462	-0.173100	-0.442300	0.298300	-0.565100	-0.254700	-0.144800
1627302580.960579	-0.158000	-0.392000	0.283600	-0.449900	-0.124900	-0.059900
1627302580.967774	-0.131500	-0.385500	0.258200	-0.244400	0.031500	0.042400
1627302580.989034	-0.119100	-0.405600	0.284500	-0.047700	0.163800	0.121500
1627302580.993297	-0.122600	-0.438800	0.304300	0.091900	0.313400	0.196000
1627302580.994304	-0.159100	-0.478600	0.278400	0.050700	0.552600	0.288000
1627302580.998994	-0.190900	-0.497800	0.246000	-0.160400	0.759700	0.361000
1627302581.021182	-0.226100	-0.516600	0.275100	-0.335100	0.978000	0.432400
1627302581.023849	-0.237300	-0.491200	0.320100	-0.556800	1.274900	0.510000
1627302581.040907	-0.264000	-0.453600	0.359900	-0.612400	1.483800	0.563500
1627302581.052472	-0.292700	-0.409800	0.359900	-0.639900	1.667100	0.625800
1627302581.063419	-0.328000	-0.376200	0.438000	-0.470400	1.850400	0.715300
1627302581.064326	-0.325800	-0.373200	0.503800	-0.239500	2.008000	0.788600
1627302581.067802	-0.317300	-0.378700	0.552500	-0.077600	2.102000	0.836800
1627302581.090132	-0.338100	-0.391800	0.608300	0.130100	2.183900	0.873500
1627302581.098354	-0.391000	-0.398700	0.595200	0.186600	2.240700	0.864300
1627302581.099239	-0.478800	-0.412500	0.614000	0.263500	2.285900	0.820300
1627302581.121272	-0.615000	-0.429100	0.710600	0.397900	2.313700	0.755600
1627302581.123845	-0.723500	-0.449800	0.723800	0.284600	2.326500	0.731800
1627302581.138724	-0.777000	-0.429900	0.684000	-0.058400	2.343300	0.740300
1627302581.142052	-0.775800	-0.371300	0.673500	-0.288400	2.343300	0.760200
1627302581.165917	-0.771600	-0.280400	0.715100	-0.342400	2.304800	0.766900
1627302581.166807	-0.776700	-0.193400	0.755200	-0.222400	2.265100	0.766600
1627302581.176362	-0.792100	-0.122600	0.739600	-0.001900	2.225100	0.743400
1627302581.183962	-0.792700	-0.098000	0.702900	0.290100	2.182100	0.721100
1627302581.206663	-0.823600	-0.133400	0.747800	0.740900	2.114600	0.717100
1627302581.207485	-0.856100	-0.169300	0.799600	1.052500	2.029600	0.737600
1627302581.215090	-0.886800	-0.200400	0.754500	1.112300	1.940200	0.773300
1627302581.225831	-0.904100	-0.226300	0.698900	1.025900	1.864700	0.809300
1627302581.226825	-0.919700	-0.223000	0.654400	0.889700	1.777700	0.847800
1627302581.251353	-0.933100	-0.180300	0.619900	0.713800	1.685100	0.887800
1627302581.253890	-0.939100	-0.149800	0.620200	0.658800	1.601400	0.916500
1627302581.269511	-0.957500	-0.115100	0.621000	0.683800	1.488700	0.927500
1627302581.272169	-0.984500	-0.094200	0.586100	0.704000	1.378200	0.918400
1627302581.293239	-1.002000	-0.087600	0.555700	0.729300	1.286800	0.915600
1627302581.294273	-1.019700	-0.097700	0.518800	0.733300	1.192800	0.945300
1627302581.305103	-1.037400	-0.106400	0.471800	0.653000	1.119800	1.020100
1627302581.312142	-1.044600	-0.132200	0.442700	0.588500	1.089500	1.086700
1627302581.335459	-1.018800	-0.153000	0.484300	0.331000	1.041600	1.150200
1627302581.336622	-0.727200	-0.005200	0.777200	-0.273400	0.392500	1.229000
1627302581.346350	-0.990200	-0.054200	0.280800	-0.534900	0.185400	1.411000
1627302581.356305	-1.057100	-0.139200	0.241000	-0.543100	0.106300	1.449200
1627302581.376795	-1.488500	-0.315200	-0.113200	-0.807000	0.190000	1.423300
1627302581.379064	-1.569900	-0.545400	-0.365000	-1.384000	0.565700	1.325800
1627302581.385274	-1.569500	-0.613500	-0.208000	-2.148800	0.536400	1.143500
1627302581.407212	-1.507300	-0.413100	-0.079600	-3.120300	0.622200	1.181400
1627302581.408323	-1.280300	0.147000	0.006200	-3.694900	0.845500	1.268400
1627302581.415270	-1.037800	0.705700	0.103600	-3.004900	0.855900	1.307200
1627302581.425322	-1.095300	0.747900	0.094500	-1.388200	0.520500	1.123000
1627302581.449506	-1.317600	0.554200	0.144700	0.122100	0.003700	0.772100
1627302581.449988	-1.483900	0.382300	0.185700	1.438900	-0.368900	0.401300
1627302581.453691	-1.446400	0.224600	0.262200	2.346900	-0.381400	0.152700
1627302581.464017	-1.203600	0.127000	0.313100	2.685300	-0.126100	0.156000
1627302581.467229	-0.919700	0.017600	0.294400	2.881700	0.066900	0.281600
1627302581.490753	-0.670000	-0.113300	0.289400	2.875900	0.097800	0.451100
1627302581.494346	-0.614100	-0.263300	0.318500	2.491400	0.037900	0.606200
1627302581.499002	-0.689100	-0.345000	0.350600	1.778500	-0.004200	0.670400
1627302581.521092	-0.851800	-0.348800	0.355100	0.765400	0.007100	0.637700
1627302581.536218	-1.002900	-0.262800	0.371500	-0.090100	0.090800	0.558000
1627302581.542115	-1.055700	-0.173300	0.384500	-0.531800	0.216000	0.519200
1627302581.553314	-1.060500	-0.100500	0.362300	-0.830800	0.304900	0.552200
1627302581.554206	-1.061500	-0.027700	0.328900	-0.968000	0.324100	0.598300
1627302581.574765	-1.064000	0.079800	0.287000	-0.935900	0.299700	0.610500
1627302581.595637	-1.073500	0.226400	0.284900	-0.667700	0.256900	0.579700
1627302581.598936	-1.079200	0.366800	0.326200	-0.143900	0.249300	0.508500
1627302581.601349	-1.061300	0.420000	0.351100	0.404700	0.266100	0.441300
1627302581.612134	-1.046300	0.378800	0.319800	0.953200	0.316500	0.403100
1627302581.613025	-1.037100	0.243800	0.285800	1.381700	0.440200	0.406800
1627302581.635458	-1.024300	0.102200	0.336700	1.564700	0.495500	0.408900
1627302581.636277	-1.013700	-0.022100	0.368800	1.485000	0.474400	0.385100
1627302581.643828	-0.991900	-0.088500	0.315800	0.970900	0.445700	0.343600
1627302581.654780	-0.992600	-0.089400	0.258200	0.493800	0.417300	0.295300
1627302581.678080	-1.016800	-0.044600	0.196000	0.123400	0.449300	0.264400
1627302581.678911	-1.014500	0.041400	0.217300	-0.179300	0.517800	0.249500
1627302581.683821	-1.000200	0.112300	0.246600	-0.275500	0.519300	0.246400
1627302581.694910	-0.973300	0.163300	0.222400	-0.293900	0.492100	0.246100
1627302581.714593	-0.951800	0.184800	0.191400	-0.223900	0.437100	0.232400
1627302581.715479	-0.941500	0.184800	0.158000	-0.162800	0.401100	0.213400
1627302581.722892	-0.938000	0.193600	0.114500	-0.120100	0.374800	0.179800
1627302581.743694	-0.940700	0.196300	0.107400	-0.033300	0.356200	0.143200
1627302581.754706	-0.942300	0.187500	0.095900	0.040600	0.314600	0.122100
1627302581.755593	-0.936800	0.174600	0.075000	0.069000	0.274600	0.107500
1627302581.764133	-0.932500	0.162200	0.064900	0.095900	0.206800	0.086100
1627302581.765224	-0.934000	0.152500	0.045300	0.061400	0.140900	0.065300
1627302581.791517	-0.943000	0.153700	0.055300	0.038800	0.076100	0.041200
1627302581.799797	-0.955400	0.156400	0.076900	0.057100	0.001300	0.014000
1627302581.800702	-0.961700	0.164200	0.092900	0.081800	-0.063800	-0.004900
1627302581.822563	-0.960200	0.166700	0.097900	0.128900	-0.117500	-0.018700
1627302581.825104	-0.959500	0.168900	0.120600	0.172800	-0.176500	-0.031800
1627302581.840885	-0.970800	0.170500	0.141800	0.235400	-0.218300	-0.048900
1627302581.841901	-0.985400	0.164900	0.160600	0.289500	-0.239700	-0.064800
1627302581.862913	-0.984700	0.147800	0.182400	0.328600	-0.253800	-0.076100
1627302581.865259	-0.975100	0.129900	0.189100	0.331700	-0.262000	-0.080700
1627302581.875242	-0.977400	0.111600	0.207400	0.327100	-0.272100	-0.087400
1627302581.879789	-0.996600	0.088000	0.246300	0.319100	-0.266900	-0.095400
1627302581.904254	-1.004000	0.063600	0.273100	0.304500	-0.249800	-0.094400
1627302581.905175	-1.008100	0.046600	0.264600	0.246100	-0.224700	-0.088600
1627302581.912615	-1.012500	0.040300	0.284500	0.186300	-0.177700	-0.083400
1627302581.923551	-1.012000	0.059400	0.283800	0.113600	-0.137400	-0.085300
1627302581.945470	-1.012900	0.101900	0.251500	0.066500	-0.080900	-0.088300
1627302581.947678	-0.995800	0.148100	0.267200	0.115400	-0.016100	-0.083700
1627302581.960146	-0.978600	0.176300	0.263700	0.250700	0.002200	-0.077900
1627302581.967185	-0.973600	0.159400	0.252200	0.388500	0.005500	-0.070600
1627302581.968254	-0.975100	0.120200	0.226700	0.483800	0.008000	-0.064800
1627302581.992797	-0.974000	0.057400	0.191400	0.500000	0.005200	-0.064800
1627302581.993938	-0.977200	0.026500	0.173300	0.432800	-0.000300	-0.068200
1627302582.009240	-0.975000	0.026100	0.154200	0.320100	-0.002100	-0.068500
1627302582.010927	-0.970200	0.074200	0.133100	0.167000	-0.016700	-0.078200
1627302582.032944	-0.970800	0.134300	0.123300	0.121200	-0.025600	-0.090500
1627302582.033758	-0.969100	0.183200	0.146700	0.204600	-0.041800	-0.095400
1627302582.043985	-0.969000	0.187400	0.161000	0.380500	-0.075400	-0.097200
1627302582.053709	-0.971900	0.145100	0.178000	0.514300	-0.096800	-0.094100
1627302582.069402	-0.964200	0.090300	0.182700	0.519500	-0.111400	-0.087400
1627302582.072181	-0.955300	0.056000	0.191700	0.391200	-0.127600	-0.091700
1627302582.092126	-0.966800	0.054100	0.205000	0.276700	-0.143800	-0.105700
1627302582.093038	-0.986800	0.065800	0.202800	0.173800	-0.149000	-0.125000
1627302582.102752	-1.006200	0.081300	0.201300	0.079400	-0.145000	-0.136900
1627302582.105246	-1.014900	0.092400	0.211100	0.018000	-0.144400	-0.139300
1627302582.133331	-1.015000	0.094500	0.234400	-0.003700	-0.138000	-0.136300
1627302582.134214	-0.998900	0.092800	0.244100	-0.040100	-0.133700	-0.130800
1627302582.143958	-0.973400	0.091100	0.239700	-0.094700	-0.132800	-0.131400
1627302582.149075	-0.969500	0.096700	0.236800	-0.156100	-0.132500	-0.140600
1627302582.173153	-0.994000	0.089800	0.256700	-0.143600	-0.121800	-0.159800
1627302582.173968	-1.010100	0.065200	0.262100	-0.141800	-0.105000	-0.174500
1627302582.182678	-1.008700	0.045400	0.254400	-0.231900	-0.093400	-0.177500
1627302582.192297	-1.006500	0.047700	0.246500	-0.384000	-0.092800	-0.173800
1627302582.216422	-1.002600	0.073000	0.256200	-0.485700	-0.087000	-0.179000
1627302582.221403	-0.992200	0.092500	0.265300	-0.497900	-0.071700	-0.181500
1627302582.232190	-0.969400	0.098800	0.254000	-0.522000	-0.053700	-0.186400
1627302582.233154	-0.960400	0.093100	0.244000	-0.549800	-0.050300	-0.191600
1627302582.256971	-0.979500	0.079800	0.255600	-0.546500	-0.048200	-0.207100
1627302582.257786	-1.006800	0.069200	0.275800	-0.522300	-0.028400	-0.229400
1627302582.267747	-1.008200	0.071400	0.288900	-0.511300	0.009200	-0.249300
1627302582.274861	-0.996200	0.078500	0.297200	-0.499100	0.033000	-0.253300
1627302582.304266	-0.982400	0.086700	0.301600	-0.470700	0.053200	-0.252300
1627302582.305083	-0.980100	0.101100	0.295400	-0.424900	0.069700	-0.255100
1627302582.315044	-0.997400	0.107700	0.284300	-0.386700	0.081300	-0.249900
1627302582.317598	-1.019200	0.107100	0.265300	-0.337800	0.098400	-0.241000
1627302582.333141	-1.022600	0.090000	0.248400	-0.299100	0.120100	-0.246500
1627302582.334968	-1.002300	0.085300	0.238400	-0.316800	0.143000	-0.279200
1627302582.358909	-0.975800	0.089700	0.224600	-0.346400	0.160100	-0.325600
1627302582.361175	-0.961400	0.112300	0.195100	-0.397100	0.164400	-0.372100
1627302582.377122	-0.983200	0.123500	0.177700	-0.395300	0.148500	-0.395600
1627302582.378483	-1.019300	0.109300	0.156200	-0.364700	0.128000	-0.409300
1627302582.393387	-1.059100	0.063800	0.132200	-0.360800	0.096000	-0.427100
1627302582.394406	-1.061800	0.033200	0.112500	-0.415700	0.060500	-0.455200
1627302582.401501	-1.036100	0.011700	0.095600	-0.510400	0.027500	-0.490000
1627302582.410251	-0.990600	0.014500	0.071200	-0.645400	-0.027100	-0.541600
1627302582.433324	-0.976900	0.027700	0.056600	-0.722400	-0.078100	-0.576700
1627302582.434227	-0.986600	0.025000	0.039800	-0.747700	-0.137100	-0.600800
1627302582.443950	-0.997700	0.034200	0.028900	-0.811000	-0.221100	-0.622200
1627302582.449208	-0.996000	0.059000	0.019800	-0.831700	-0.294100	-0.649700
1627302582.470896	-0.993000	0.069600	0.003100	-0.800600	-0.368600	-0.692200
1627302582.471897	-1.014400	0.062500	-0.018400	-0.737000	-0.467600	-0.753300
1627302582.482374	-1.052500	0.047900	-0.013500	-0.653700	-0.546400	-0.798800
1627302582.492856	-1.085300	0.028100	-0.011200	-0.593500	-0.618100	-0.834200
1627302582.514815	-1.127600	-0.002900	-0.029700	-0.603000	-0.719200	-0.885500
1627302582.521733	-1.182500	-0.044600	-0.044700	-0.657000	-0.846300	-0.945100
1627302582.522733	-1.252300	-0.064300	-0.007000	-0.604800	-0.925100	-0.995200
1627302582.531076	-1.310700	-0.041000	0.026500	-0.501600	-0.930600	-1.044600
1627302582.535051	-1.357200	-0.013200	0.023800	-0.373000	-0.925400	-1.098100
1627302582.558054	-1.370400	-0.033700	0.007300	-0.126200	-0.942200	-1.133200
1627302582.561448	-1.398300	-0.086700	0.077800	0.120000	-1.026200	-1.148800
1627302582.572650	-1.420900	-0.131300	0.152000	0.186900	-1.024700	-1.158300
1627302582.579938	-1.398200	-0.152800	0.228300	0.168900	-0.953500	-1.158300
1627302582.603077	-1.316200	-0.162000	0.351100	0.166100	-0.870400	-1.135300
1627302582.603900	-1.214700	-0.148400	0.416300	0.018000	-0.733000	-1.065400
1627302582.611403	-1.139600	-0.127700	0.379500	-0.128600	-0.579400	-0.968600
1627302582.623470	-1.083000	-0.119400	0.423100	-0.260600	-0.412000	-0.853700
1627302582.624358	-1.024200	-0.087400	0.624900	-0.305200	-0.390900	-0.763300
1627302582.650027	-0.995500	-0.036900	0.713600	-0.372400	-0.500600	-0.726100
1627302582.652609	-0.999100	-0.027300	0.660900	-0.323800	-0.631900	-0.708000
1627302582.667547	-0.999100	-0.112100	0.680700	-0.183600	-0.824600	-0.661600
1627302582.672260	-1.002100	-0.211500	0.675800	-0.124700	-0.999300	-0.574000
1627302582.690864	-0.984500	-0.304800	0.671600	-0.123400	-1.144400	-0.484200
1627302582.691775	-0.973100	-0.410300	0.609000	-0.307300	-1.264400	-0.409900
1627302582.701406	-0.973100	-0.410300	0.609000	-0.307300	-1.264400	-0.409900
1627302582.702611	-0.955700	-0.460600	0.576000	-0.501300	-1.274500	-0.370900
1627302582.725440	-0.910000	-0.491000	0.570600	-0.650000	-1.267200	-0.337900
1627302582.731528	-0.892200	-0.497900	0.586300	-0.867500	-1.261400	-0.299100
1627302582.752519	-0.889400	-0.469600	0.575800	-1.138400	-1.258000	-0.295700
1627302582.765933	-0.885700	-0.430800	0.625500	-1.235500	-1.264400	-0.300900
1627302582.766824	-0.866600	-0.363900	0.605000	-1.417600	-1.297400	-0.332400
1627302582.772967	-0.824000	-0.293300	0.622900	-1.362600	-1.346600	-0.354100
1627302582.785222	-0.783600	-0.253800	0.621100	-1.168900	-1.409800	-0.394100
1627302582.790153	-0.741700	-0.215200	0.629300	-0.809100	-1.447100	-0.442900
1627302582.803558	-0.696900	-0.196900	0.618500	-0.481700	-1.470600	-0.511700
1627302582.804466	-0.641200	-0.185700	0.629200	-0.163100	-1.503900	-0.585000
1627302582.826345	-0.574200	-0.195700	0.677700	0.294100	-1.527400	-0.652500
1627302582.830112	-0.539300	-0.215900	0.608400	0.532300	-1.537800	-0.711100
1627302582.849744	-0.501700	-0.243200	0.569100	0.751300	-1.505100	-0.738900
1627302582.871781	-0.463700	-0.311900	0.544600	1.002100	-1.441600	-0.755100
1627302582.875467	-0.426100	-0.359000	0.532500	1.118500	-1.386000	-0.760600
1627302582.876671	-0.413100	-0.397100	0.510700	1.138600	-1.339300	-0.771000
1627302582.889918	-0.399000	-0.427200	0.478300	1.056500	-1.280900	-0.789000
1627302582.890824	-0.383700	-0.455100	0.446700	0.936400	-1.216800	-0.771000
1627302582.912970	-0.363600	-0.461900	0.414800	0.798700	-1.151700	-0.731300
1627302582.913799	-0.353400	-0.470300	0.368800	0.616900	-1.070200	-0.670800
1627302582.922678	-0.332800	-0.464700	0.353500	0.450200	-0.991400	-0.604500
1627302582.933459	-0.322800	-0.461100	0.385900	0.406800	-0.911400	-0.542800
1627302582.952990	-0.316000	-0.443000	0.362700	0.226000	-0.806900	-0.472900
1627302582.953804	-0.289200	-0.425400	0.340100	0.039100	-0.694800	-0.401700
1627302582.964006	-0.262000	-0.411500	0.331700	-0.058400	-0.590400	-0.348200
1627302582.973700	-0.248400	-0.372700	0.322800	-0.142100	-0.486800	-0.301500
1627302582.974583	-0.224000	-0.338100	0.323900	-0.116700	-0.377500	-0.245600
1627302582.997507	-0.209200	-0.317900	0.329300	-0.042800	-0.278800	-0.195500
1627302583.000092	-0.183100	-0.311200	0.337900	0.069000	-0.182900	-0.132600
1627302583.014866	-0.177900	-0.320800	0.320300	0.139200	-0.086400	-0.066600
1627302583.019595	-0.202100	-0.343600	0.342800	0.225100	0.008000	-0.011400
1627302583.039681	-0.239000	-0.370800	0.369400	0.284000	0.108800	0.038700
1627302583.040568	-0.277800	-0.391100	0.383100	0.257100	0.252900	0.092800
1627302583.051517	-0.308000	-0.401700	0.392100	0.163100	0.360200	0.130400
1627302583.054008	-0.338000	-0.403700	0.404900	0.058000	0.468000	0.171900
1627302583.078231	-0.361800	-0.396500	0.429100	-0.067800	0.601400	0.220500
1627302583.080389	-0.379200	-0.380500	0.491100	-0.114600	0.689100	0.259300
1627302583.090244	-0.401400	-0.366500	0.523600	-0.136300	0.795400	0.303800
1627302583.101206	-0.417800	-0.337400	0.518400	-0.244400	0.920900	0.356700
1627302583.120474	-0.437400	-0.333600	0.539300	-0.201900	1.009500	0.404300
1627302583.121310	-0.474000	-0.330900	0.572400	-0.150900	1.086800	0.445900
1627302583.135239	-0.549800	-0.335600	0.627400	-0.060800	1.163100	0.489600
1627302583.141060	-0.612300	-0.330700	0.581800	-0.089500	1.208300	0.519200
1627302583.162083	-0.664600	-0.331700	0.548800	-0.072100	1.249600	0.540900
1627302583.162978	-0.707800	-0.342900	0.613900	0.118500	1.287800	0.546700
1627302583.172764	-0.745000	-0.353800	0.675200	0.290700	1.311600	0.548200
1627302583.177754	-0.796000	-0.358500	0.723500	0.401300	1.338100	0.544200
1627302583.199580	-0.829100	-0.362500	0.646200	0.239100	1.389800	0.540600
1627302583.200465	-0.824500	-0.350100	0.639800	0.114200	1.398600	0.543000
1627302583.211446	-0.822000	-0.329100	0.658300	0.184700	1.358900	0.534500
1627302583.219003	-0.890300	-0.264600	0.677900	0.260200	1.286800	0.504500
1627302583.243355	-0.941500	-0.232800	0.663200	0.433700	1.247700	0.490800
1627302583.244264	-0.963900	-0.204500	0.616200	0.537500	1.216000	0.492300
1627302583.253925	-0.960000	-0.207900	0.626000	0.860400	1.199200	0.513100
1627302583.257762	-0.964100	-0.207800	0.654500	1.161200	1.180200	0.537200
1627302583.284376	-0.987100	-0.215200	0.630400	1.306900	1.167700	0.562900
1627302583.286723	-1.036500	-0.245800	0.621500	1.376500	1.143300	0.580600
1627302583.291374	-1.085800	-0.290300	0.566700	1.307500	1.119800	0.604400
1627302583.301120	-1.093600	-0.314800	0.529400	1.172200	1.103900	0.640400
1627302583.302021	-1.077300	-0.321500	0.517500	1.008500	1.089200	0.691400
1627302583.328684	-1.034400	-0.296400	0.514800	0.777600	1.077300	0.741800
1627302583.339644	-1.011400	-0.268100	0.505100	0.558300	1.071800	0.764400
1627302583.340534	-0.991100	-0.233200	0.485500	0.369200	1.080100	0.782500
1627302583.346567	-0.991000	-0.198200	0.468500	0.219000	1.105400	0.803800
1627302583.367719	-0.973500	-0.165200	0.515600	0.106300	1.123400	0.831900
1627302583.378467	-0.889400	-0.071900	0.741200	0.018600	0.960600	0.847200
1627302583.379352	-0.785800	0.057500	0.772300	-0.038800	0.444800	0.984400
1627302583.393242	-0.973100	-0.013800	0.440700	-0.222100	0.377300	1.021300
1627302583.401534	-1.158900	-0.032300	0.376100	-0.190000	0.193400	1.058900
1627302583.408998	-1.404400	-0.161100	0.075200	-0.511000	0.209300	1.028600
1627302583.432649	-1.454000	-0.221900	0.017100	-1.015300	0.271300	0.859100
1627302583.444519	-1.488300	-0.176000	0.043700	-1.099300	0.384300	0.665800
1627302583.445420	-1.412500	-0.061400	0.005100	-1.155500	0.684800	0.642000
1627302583.451635	-1.194800	0.077100	0.080300	-1.030000	0.947500	0.796500
1627302583.471417	-0.921400	0.202900	0.225200	-0.460300	1.058700	1.001200
1627302583.481991	-0.751000	0.173800	0.368000	0.313900	0.880600	1.161800
1627302583.482689	-0.853400	0.034400	0.307500	0.410500	0.565700	1.196300
1627302583.489306	-1.084400	-0.150000	0.266100	0.458400	0.290800	1.038700
1627302583.512489	-1.316200	-0.252800	0.192000	0.619700	0.114600	0.650500
1627302583.520810	-1.375000	-0.234100	0.184800	0.595600	0.092600	0.293500
1627302583.521700	-1.299900	-0.111300	0.273200	0.503900	0.178400	0.127300
1627302583.531611	-1.116300	0.033100	0.399900	0.591600	0.322000	0.182000
1627302583.551235	-0.952900	0.132900	0.446800	0.894300	0.419100	0.368600
1627302583.562224	-0.849400	0.125200	0.446200	1.242800	0.417600	0.598000
1627302583.563124	-0.818100	-0.005700	0.402500	1.447400	0.358000	0.766300
1627302583.571742	-0.853500	-0.131800	0.364300	1.332000	0.266100	0.737900
1627302583.572905	-0.923800	-0.144000	0.338600	1.025600	0.240400	0.597400
1627302583.598356	-0.939500	-0.080600	0.305800	0.643800	0.322300	0.455000
1627302583.599248	-0.899200	-0.004800	0.288700	0.387900	0.425200	0.408000
1627302583.611557	-0.880400	0.038500	0.253100	0.234200	0.474100	0.439800
1627302583.617753	-0.931300	0.086300	0.225600	0.131600	0.456400	0.482800
1627302583.639567	-1.021100	0.108900	0.237200	0.176500	0.402000	0.496000
1627302583.640455	-1.101700	0.109700	0.271700	0.291300	0.362000	0.473100
1627302583.650291	-1.128500	0.102900	0.276100	0.346600	0.329600	0.433000
1627302583.659021	-1.101400	0.092900	0.294600	0.415000	0.280100	0.402200
1627302583.678519	-1.059000	0.098800	0.299800	0.457800	0.258800	0.396100
1627302583.679408	-1.011400	0.104600	0.293300	0.470300	0.262100	0.403100
1627302583.689067	-0.977200	0.113500	0.275400	0.448900	0.262400	0.398200
1627302583.699233	-0.977900	0.117900	0.257600	0.413500	0.253600	0.366200
1627302583.717556	-1.000600	0.116700	0.249000	0.400100	0.246500	0.318200
1627302583.728530	-1.013900	0.112400	0.238400	0.309100	0.258100	0.261400
1627302583.729482	-1.002800	0.120700	0.207900	0.178300	0.256000	0.226300
1627302583.748335	-0.988500	0.129500	0.193800	0.088800	0.228800	0.194800
1627302583.749228	-0.976200	0.137300	0.143200	-0.025400	0.176300	0.163700
1627302583.760430	-0.962300	0.146500	0.115200	-0.126200	0.125000	0.131600
1627302583.767782	-0.960900	0.162200	0.121900	-0.161000	0.065700	0.096500
1627302583.789647	-0.951400	0.189700	0.148100	-0.153700	0.022000	0.052200
1627302583.790537	-0.923100	0.198900	0.162500	-0.122500	-0.006400	0.025600
1627302583.800358	-0.900300	0.187100	0.181500	-0.070300	-0.042700	0.002100
1627302583.824634	-0.906400	0.171900	0.164600	-0.039400	-0.090100	-0.029700
1627302583.825529	-0.926800	0.169200	0.143800	-0.032700	-0.134000	-0.069700
1627302583.827640	-0.953500	0.168600	0.137000	-0.024800	-0.168900	-0.109400
1627302583.842719	-0.965600	0.163000	0.163600	0.039400	-0.205500	-0.141200
1627302583.847235	-0.965600	0.142000	0.213000	0.102900	-0.221700	-0.153700
1627302583.870775	-0.954200	0.116200	0.268300	0.169200	-0.222300	-0.148200
1627302583.872919	-0.938200	0.090500	0.320300	0.138300	-0.200600	-0.141200
1627302583.880158	-0.933800	0.073600	0.358200	0.138600	-0.186300	-0.144200
1627302583.887894	-0.948400	0.060200	0.377600	0.168900	-0.175900	-0.155800
1627302583.912087	-0.969600	0.056800	0.379300	0.190900	-0.150800	-0.168000
1627302583.912978	-0.985400	0.055700	0.371700	0.215000	-0.117200	-0.171700
1627302583.921419	-0.993000	0.061200	0.368700	0.259600	-0.084900	-0.165600
1627302583.930199	-0.989600	0.070200	0.355200	0.294100	-0.053700	-0.156400
1627302583.955843	-0.982300	0.076300	0.352100	0.327400	-0.029600	-0.151200
1627302583.956729	-0.979000	0.069100	0.354000	0.362800	-0.014300	-0.149700
1627302583.959081	-0.978100	0.052400	0.349900	0.389400	0.000000	-0.147900
1627302583.970181	-0.985200	0.030500	0.340100	0.379000	0.012000	-0.144500
1627302583.973426	-0.996600	0.002000	0.330800	0.312700	0.023300	-0.140600
1627302583.996333	-1.000600	-0.016100	0.318000	0.229600	0.044900	-0.129600
1627302583.997647	-0.991100	-0.020100	0.307700	0.139500	0.063600	-0.116100
1627302584.012481	-0.978800	-0.018200	0.305900	0.059200	0.071500	-0.104500
1627302584.017197	-0.967800	-0.002000	0.307400	-0.032100	0.078900	-0.092300
1627302584.037043	-0.960600	0.021900	0.299600	-0.106900	0.088600	-0.080100
1627302584.037941	-0.960700	0.043100	0.289100	-0.133500	0.101100	-0.074600
1627302584.050512	-0.963500	0.062500	0.277600	-0.109100	0.106600	-0.075800
1627302584.064142	-0.970000	0.070600	0.266200	-0.060500	0.104500	-0.077300
1627302584.069047	-0.966100	0.059900	0.258700	-0.064200	0.108200	-0.076700
1627302584.079833	-0.960900	0.056500	0.255200	-0.082500	0.110000	-0.069100
1627302584.104004	-0.955600	0.058200	0.236600	-0.108200	0.107600	-0.063300
1627302584.105002	-0.952600	0.065600	0.230100	-0.127100	0.095600	-0.068200
1627302584.118302	-0.958000	0.071500	0.231100	-0.125300	0.075500	-0.079800
1627302584.119189	-0.962900	0.077500	0.231000	-0.117600	0.055600	-0.094400
1627302584.124114	-0.960300	0.076200	0.225600	-0.121000	0.050400	-0.099300
1627302584.145467	-0.959200	0.073000	0.236700	-0.103600	0.041900	-0.100200
1627302584.150275	-0.960800	0.054400	0.248300	-0.081900	0.028100	-0.102100
1627302584.159120	-0.966300	0.049700	0.243200	-0.144800	0.018700	-0.109400
1627302584.167352	-0.970600	0.055200	0.246100	-0.201600	0.006800	-0.123100
1627302584.185377	-0.981200	0.066500	0.251200	-0.226400	-0.002100	-0.145100
1627302584.188904	-0.981100	0.081100	0.249400	-0.255700	-0.003000	-0.163800
1627302584.204389	-0.979500	0.096400	0.255000	-0.273400	-0.004800	-0.177200
1627302584.207203	-0.987100	0.099900	0.272900	-0.209300	-0.014000	-0.194600
1627302584.229240	-0.990500	0.083600	0.281700	-0.162500	-0.010600	-0.206800
1627302584.230069	-0.988300	0.062600	0.284900	-0.155500	-0.005800	-0.214500
1627302584.242593	-0.985800	0.031600	0.272500	-0.177800	-0.004200	-0.225200
1627302584.249860	-0.981800	0.016200	0.259500	-0.213800	-0.009700	-0.237700
1627302584.272002	-0.980300	0.026000	0.253500	-0.258100	-0.015200	-0.252000
1627302584.272874	-0.970500	0.040300	0.237800	-0.293600	-0.028100	-0.267600
1627302584.277649	-0.965200	0.055700	0.232400	-0.317400	-0.043900	-0.280400
1627302584.287535	-0.963300	0.060200	0.236200	-0.314300	-0.059500	-0.294500
1627302584.308231	-0.960700	0.066800	0.230000	-0.352500	-0.071100	-0.314300
1627302584.309108	-0.953200	0.076500	0.218800	-0.408100	-0.089700	-0.338800
1627302584.320249	-0.963000	0.079200	0.200100	-0.428900	-0.117800	-0.362300
1627302584.329758	-0.985800	0.086700	0.181600	-0.445400	-0.167000	-0.376000
1627302584.356900	-1.030300	0.102500	0.160600	-0.448400	-0.244300	-0.364100
1627302584.357719	-1.059400	0.111700	0.131600	-0.442600	-0.315200	-0.356200
1627302584.358967	-1.057600	0.111600	0.113500	-0.416000	-0.392100	-0.404100
1627302584.369103	-1.065900	0.060100	0.089100	-0.385500	-0.496600	-0.479000
1627302584.393164	-1.074300	-0.005400	0.062100	-0.457900	-0.623300	-0.525700
1627302584.396470	-1.067600	-0.023600	0.014200	-0.695800	-0.772100	-0.589800
1627302584.397458	-1.051400	0.021400	-0.041400	-1.012900	-0.918100	-0.705300
1627302584.400951	-1.050000	0.071400	-0.084000	-1.126200	-1.027100	-0.830500
1627302584.424073	-1.089400	0.073600	-0.105300	-1.097800	-1.150500	-0.942900
1627302584.429700	-1.172000	0.054600	-0.058700	-0.980500	-1.291000	-1.037600
1627302584.430594	-1.247400	-0.020100	-0.046100	-0.931900	-1.365500	-1.088300
1627302584.455582	-1.346700	-0.104200	-0.005100	-1.018700	-1.459000	-1.126200
1627302584.459037	-1.516100	-0.102900	0.142300	-0.948100	-1.539600	-1.153700
1627302584.468934	-1.598400	-0.103800	0.238400	-0.730900	-1.551200	-1.159200
1627302584.472226	-1.572600	-0.144200	0.336200	-0.628000	-1.533200	-1.195200
1627302584.497683	-1.408400	-0.231700	0.381000	-0.464300	-1.458700	-1.271900
1627302584.498740	-1.247300	-0.270400	0.415500	-0.387000	-1.367100	-1.307300
1627302584.513772	-1.121800	-0.282000	0.509900	-0.374800	-1.165800	-1.268200
1627302584.517151	-0.963300	-0.208900	0.550700	-0.576400	-0.822500	-1.120100
1627302584.535515	-0.794700	-0.124800	0.602800	-0.798700	-0.598900	-0.948100
1627302584.537703	-0.698900	-0.054100	0.633200	-0.693100	-0.501500	-0.826300
1627302584.546495	-0.642600	0.001200	0.767800	-0.327200	-0.527700	-0.731300
1627302584.558582	-0.668100	0.021700	0.816200	0.067800	-0.654800	-0.675700
1627302584.577150	-0.731200	-0.043600	0.841600	0.485000	-0.808100	-0.651800
1627302584.578036	-0.815900	-0.179900	0.905300	0.770300	-1.058000	-0.612400
1627302584.588071	-0.883500	-0.316800	0.867400	0.784900	-1.298000	-0.552900
1627302584.607480	-0.906200	-0.418500	0.845900	0.591300	-1.449800	-0.495200
1627302584.615957	-0.896500	-0.523300	0.831500	0.267800	-1.577800	-0.429500
1627302584.616851	-0.880900	-0.603900	0.751800	-0.292900	-1.648400	-0.373600
1627302584.627751	-0.845700	-0.626100	0.742600	-0.816800	-1.675900	-0.326300
1627302584.646334	-0.830300	-0.579800	0.759900	-1.403800	-1.683800	-0.289000
1627302584.657358	-0.815200	-0.489900	0.771900	-1.884900	-1.669400	-0.276800
1627302584.664624	-0.787600	-0.408300	0.796800	-2.067200	-1.660600	-0.284400
1627302584.665540	-0.731700	-0.329300	0.819200	-2.096500	-1.683800	-0.314000
1627302584.682153	-0.690100	-0.232400	0.814300	-1.907800	-1.739400	-0.384000
1627302584.689109	-0.663700	-0.195700	0.799400	-1.563500	-1.802900	-0.463400
1627302584.698922	-0.631100	-0.189700	0.818800	-1.090100	-1.856400	-0.543400
1627302584.703565	-0.580000	-0.209800	0.788100	-0.571200	-1.911000	-0.610900
1627302584.725235	-0.540400	-0.256200	0.781700	-0.129500	-1.947100	-0.645100
1627302584.726514	-0.514200	-0.312300	0.713300	0.214700	-1.962700	-0.683900
1627302584.743472	-0.480700	-0.371000	0.666700	0.497500	-1.923300	-0.722700
1627302584.744385	-0.440300	-0.414100	0.638500	0.661500	-1.858800	-0.743800
1627302584.768174	-0.407500	-0.445800	0.614400	0.774200	-1.799600	-0.764900
1627302584.770379	-0.383700	-0.495400	0.639000	0.901000	-1.718000	-0.789900
1627302584.777661	-0.358500	-0.551100	0.583900	0.785500	-1.658800	-0.789000
1627302584.788627	-0.331900	-0.587200	0.548600	0.606200	-1.612900	-0.775500
1627302584.789518	-0.320800	-0.621200	0.515900	0.345100	-1.537500	-0.750200
1627302584.812518	-0.338500	-0.609400	0.480000	0.066200	-1.447700	-0.715400
1627302584.816383	-0.320700	-0.596200	0.501200	-0.156700	-1.346300	-0.666200
1627302584.831419	-0.310400	-0.565700	0.493700	-0.363800	-1.250700	-0.585300
1627302584.836055	-0.317500	-0.538000	0.477800	-0.515600	-1.145600	-0.492100
1627302584.860472	-0.296600	-0.524700	0.470500	-0.623700	-0.992300	-0.393100
1627302584.861664	-0.264400	-0.501700	0.401100	-0.793900	-0.854200	-0.277100
1627302584.866400	-0.252600	-0.472300	0.402100	-0.837800	-0.701800	-0.173800
1627302584.878453	-0.244000	-0.439700	0.406200	-0.788700	-0.554000	-0.093500
1627302584.879349	-0.254900	-0.402500	0.370400	-0.727600	-0.373500	-0.017200
1627302584.902575	-0.256800	-0.388400	0.321500	-0.658200	-0.207000	0.048800
1627302584.910084	-0.238000	-0.393900	0.317500	-0.570900	-0.061600	0.114200
1627302584.923546	-0.221700	-0.419600	0.337000	-0.475000	0.082500	0.198800
1627302584.924468	-0.226400	-0.449500	0.331100	-0.435300	0.232500	0.279700
1627302584.945674	-0.248800	-0.482400	0.296800	-0.510400	0.373000	0.331300
1627302584.946531	-0.298200	-0.498000	0.322400	-0.569700	0.562000	0.363400
1627302584.959138	-0.347400	-0.482200	0.352200	-0.649700	0.789000	0.367400
1627302584.966552	-0.389800	-0.453500	0.408100	-0.639600	0.965500	0.353600
1627302584.984661	-0.428200	-0.439000	0.432500	-0.630500	1.173500	0.372300
1627302584.985544	-0.424400	-0.430900	0.488300	-0.573600	1.369300	0.436400
1627302584.995139	-0.406700	-0.427000	0.506100	-0.600500	1.537900	0.507000
1627302584.999021	-0.374100	-0.392000	0.559300	-0.581300	1.646000	0.558300
1627302585.024387	-0.356100	-0.347500	0.530500	-0.500900	1.725400	0.578100
1627302585.025337	-0.372800	-0.279900	0.522800	-0.394700	1.766100	0.568400
1627302585.035147	-0.432000	-0.220100	0.517100	-0.152100	1.823500	0.574500
1627302585.044786	-0.465800	-0.168600	0.566300	0.183200	1.932500	0.612000
1627302585.065934	-0.482900	-0.176800	0.663000	0.603200	1.965200	0.671600
1627302585.066825	-0.551000	-0.212600	0.656900	0.870400	1.999700	0.762600
1627302585.075509	-0.605000	-0.280600	0.618000	0.921800	2.055000	0.865200
1627302585.094171	-0.622400	-0.334500	0.546900	0.836800	2.104500	0.946500
1627302585.095044	-0.637000	-0.346400	0.579300	0.727500	2.165900	1.007000
1627302585.106584	-0.650300	-0.328100	0.604600	0.686000	2.311000	1.054000
1627302585.126964	-0.619900	-0.270300	0.581200	0.470000	2.373000	1.074200
1627302585.127971	-0.621700	-0.241100	0.697600	0.566800	2.372300	1.106800
1627302585.137797	-0.653700	-0.184900	0.739500	0.585800	2.385500	1.147100
1627302585.145331	-0.722800	-0.158700	0.760100	0.585500	2.336300	1.185900
1627302585.167424	-0.834700	-0.169100	0.669200	0.592200	2.266100	1.215300
1627302585.168308	-0.958600	-0.145900	0.595300	0.558000	2.214400	1.236000
1627302585.176468	-0.987400	-0.121900	0.597700	0.633100	2.154900	1.270800
1627302585.182911	-0.972300	-0.082900	0.621600	0.829500	2.082800	1.308100
1627302585.209512	-0.958900	-0.066200	0.641000	1.123600	2.019300	1.340800
1627302585.210395	-0.971700	-0.088000	0.627700	1.369500	2.008300	1.361600
1627302585.217761	-0.992400	-0.139800	0.602900	1.501800	2.035800	1.382900
1627302585.226479	-0.998700	-0.189600	0.578100	1.455300	2.039100	1.414400
1627302585.251108	-1.021400	-0.222000	0.549100	1.297400	2.010100	1.443400
1627302585.252007	-1.020600	-0.258300	0.525900	1.054300	1.970100	1.489800
1627302585.256761	-1.026500	-0.265100	0.486600	0.651800	1.890700	1.525300
1627302585.265318	-1.002900	-0.167100	0.547700	-0.021700	1.754100	1.510600
1627302585.272503	-0.875500	0.034800	0.711200	-0.747400	1.354600	1.483100
1627302585.295467	-0.894900	0.317000	0.650600	-1.073900	0.609100	1.510000
1627302585.296730	-1.153000	0.394800	0.282800	-1.223300	0.082800	1.558900
1627302585.305332	-1.317000	0.145900	0.204800	-0.399500	-0.197600	1.533500
1627302585.317240	-1.517600	-0.200800	-0.165600	-0.397400	-0.362200	1.434600
1627302585.335576	-1.621700	-0.499500	-0.552400	-1.466400	-0.055500	1.067700
1627302585.336410	-1.749000	-0.667100	-0.525400	-2.217200	0.404700	0.781900
1627302585.346440	-1.605300	-0.497900	-0.204800	-2.732700	0.824400	0.715900
1627302585.354856	-1.071900	0.094600	0.059700	-2.382400	1.081300	0.747600
1627302585.374493	-0.520300	0.444300	0.230000	-0.985100	0.824700	0.791000
1627302585.375506	-0.430900	0.392000	0.382400	0.468800	0.123400	0.891200
1627302585.381597	-1.048100	0.015500	0.396000	1.143500	-0.574200	0.810900
1627302585.406887	-1.442900	-0.107800	0.435400	1.899100	-0.894600	0.593700
1627302585.409002	-1.593800	-0.091100	0.283600	2.198500	-0.829500	0.269300
1627302585.413863	-1.473400	0.047600	0.285200	1.981300	-0.283400	0.092800
1627302585.418536	-1.157800	0.031900	0.309300	1.799900	0.153400	0.199400
1627302585.445974	-0.826500	-0.052900	0.291600	1.646200	0.274600	0.434300
1627302585.446872	-0.706200	-0.179600	0.267600	1.172800	0.133500	0.695700
1627302585.470416	-0.736600	-0.238500	0.285200	0.576900	0.035500	0.761400
1627302585.472792	-0.800200	-0.217000	0.301400	-0.089800	-0.053700	0.698800
1627302585.485845	-0.950600	-0.019900	0.328200	-0.713800	-0.173400	0.467000
1627302585.486742	-1.085600	0.176100	0.314500	-0.808200	-0.147800	0.277300
1627302585.491913	-1.133100	0.334200	0.287000	-0.559600	-0.020700	0.186900
1627302585.515185	-1.107300	0.424700	0.304300	0.089100	0.057800	0.197600
1627302585.516223	-1.062300	0.407500	0.333000	0.736700	0.055000	0.261400
1627302585.531415	-1.001100	0.351000	0.292800	1.116900	0.024500	0.321900
1627302585.534684	-0.939900	0.311400	0.292800	1.379900	-0.030500	0.328300
1627302585.554890	-0.921000	0.279800	0.334000	1.619400	-0.036000	0.270900
1627302585.555784	-0.902100	0.216300	0.363000	1.736300	0.015600	0.197300
1627302585.565173	-0.891000	0.100100	0.398100	1.795900	0.083400	0.121500
1627302585.569008	-0.929000	-0.043800	0.397100	1.847500	0.118300	0.078400
1627302585.595587	-0.995000	-0.179100	0.331300	1.642600	0.137800	0.052500
1627302585.596397	-1.079800	-0.227800	0.319300	1.239700	0.121000	0.018900
1627302585.607686	-1.146500	-0.179700	0.316700	0.895200	0.101800	-0.004600
1627302585.614943	-1.147300	-0.065900	0.307300	0.587600	0.112800	-0.002500
1627302585.634748	-1.092200	0.072900	0.323700	0.436700	0.114000	0.022200
1627302585.635633	-1.037000	0.154700	0.345600	0.539400	0.105400	0.052800
1627302585.645274	-1.007700	0.144800	0.364600	0.735700	0.116700	0.071700
1627302585.655502	-0.988300	0.039300	0.365100	0.868600	0.160100	0.089400
1627302585.677221	-0.963600	-0.053800	0.331800	0.633100	0.213900	0.093400
1627302585.678089	-0.951800	-0.069100	0.302100	0.361900	0.224500	0.074500
1627302585.685231	-0.959200	-0.014200	0.267600	0.098900	0.230300	0.049100
1627302585.692896	-0.967700	0.067000	0.256000	-0.063900	0.237100	0.036300
1627302585.717369	-0.976000	0.124400	0.248900	-0.072400	0.240700	0.043300
1627302585.718250	-0.979900	0.147200	0.217700	-0.019300	0.237400	0.054600
1627302585.727919	-0.982200	0.148400	0.186900	0.051000	0.220900	0.051300
1627302585.736654	-0.979700	0.146900	0.189100	0.138600	0.200400	0.040900
1627302585.758009	-0.965800	0.138800	0.216800	0.236400	0.180900	0.024700
1627302585.759014	-0.942700	0.127600	0.232500	0.297800	0.169300	0.021000
1627302585.763950	-0.925200	0.119000	0.222300	0.273600	0.163200	0.021900
1627302585.766039	-0.929600	0.110000	0.215000	0.272400	0.147300	0.018600
1627302585.790511	-0.950300	0.106300	0.218600	0.308100	0.128600	0.005700
1627302585.793996	-0.957400	0.115400	0.223300	0.279700	0.130500	-0.002200
1627302585.808930	-0.958000	0.124400	0.236500	0.268400	0.134400	-0.004600
1627302585.811045	-0.964200	0.133800	0.250600	0.283700	0.138400	-0.008900
1627302585.833848	-0.971300	0.131300	0.263500	0.338100	0.143000	-0.013800
1627302585.835142	-0.974100	0.114700	0.267000	0.382400	0.153100	-0.016200
1627302585.850413	-0.975300	0.088000	0.256500	0.389100	0.165300	-0.013800
1627302585.854712	-0.971400	0.077800	0.240000	0.382700	0.165600	-0.013800
1627302585.875588	-0.976700	0.064200	0.236700	0.389100	0.158300	-0.009800
1627302585.876494	-0.981800	0.059700	0.232300	0.343600	0.153700	-0.004900
1627302585.882651	-0.979600	0.068700	0.232800	0.268700	0.154300	-0.000400
1627302585.906450	-0.978100	0.077400	0.241000	0.223800	0.152200	0.002400
1627302585.914905	-0.979900	0.095900	0.241300	0.176200	0.151500	0.008200
1627302585.915779	-0.984100	0.089200	0.221700	0.128900	0.154300	0.016400
1627302585.925505	-0.985400	0.073500	0.196300	0.054300	0.157300	0.022200
1627302585.949631	-0.981400	0.072000	0.174400	-0.032400	0.149100	0.020400
1627302585.950516	-0.974700	0.095000	0.163200	-0.117900	0.130200	0.009700
1627302585.952922	-0.973400	0.139900	0.163300	-0.162800	0.095000	-0.016500
1627302585.965126	-0.975100	0.177400	0.178000	-0.146300	0.023900	-0.066600
1627302585.971238	-0.976400	0.182000	0.183700	-0.049200	-0.012200	-0.089200
1627302585.995639	-0.961300	0.175000	0.179400	0.028400	0.005500	-0.078600
1627302585.996521	-0.944700	0.162400	0.161000	0.020100	-0.009100	-0.062100
1627302586.003900	-0.943500	0.158800	0.131500	-0.033600	-0.034500	-0.057200
1627302586.012714	-0.946400	0.158700	0.109300	-0.051700	-0.054600	-0.067300
1627302586.034751	-0.950100	0.152500	0.111300	-0.046500	-0.082700	-0.092300
1627302586.035645	-0.963300	0.135500	0.125100	-0.055600	-0.109000	-0.114000
1627302586.046491	-0.977700	0.116800	0.125100	-0.129200	-0.131000	-0.126200
1627302586.051651	-1.002900	0.112900	0.151400	-0.212000	-0.158500	-0.142400
1627302586.071470	-1.019000	0.112300	0.201400	-0.247700	-0.176200	-0.165300
1627302586.082344	-1.000100	0.101000	0.221600	-0.278600	-0.152400	-0.164400
1627302586.083232	-0.951000	0.086300	0.218800	-0.334500	-0.129800	-0.152500
1627302586.096837	-0.932000	0.065200	0.215500	-0.384900	-0.130700	-0.153100
1627302586.104094	-0.960800	0.059100	0.216200	-0.424000	-0.140100	-0.171400
1627302586.112842	-0.990800	0.087500	0.212300	-0.471600	-0.135300	-0.197400
1627302586.136231	-1.010000	0.132800	0.199700	-0.453600	-0.132500	-0.222400
1627302586.137118	-1.020300	0.160800	0.189000	-0.383100	-0.139200	-0.242900
1627302586.146493	-1.028300	0.166100	0.222900	-0.178700	-0.160300	-0.259400
1627302586.151569	-1.014300	0.121200	0.259400	0.027800	-0.171600	-0.257800
1627302586.173197	-0.973000	0.073000	0.262500	0.014900	-0.148700	-0.241300
1627302586.174090	-0.935800	0.026600	0.250700	-0.096300	-0.134600	-0.227600
1627302586.185175	-0.925400	0.018300	0.251300	-0.249300	-0.143800	-0.234600
1627302586.195277	-0.946000	0.048200	0.257400	-0.341200	-0.138300	-0.254800
1627302586.215212	-0.965900	0.083400	0.262800	-0.381200	-0.114500	-0.273700
1627302586.216436	-0.977200	0.106000	0.265600	-0.374800	-0.084900	-0.290200
1627302586.231475	-0.975700	0.114400	0.254900	-0.327800	-0.071100	-0.305200
1627302586.234704	-0.973100	0.112700	0.243300	-0.269100	-0.078100	-0.324100
1627302586.235611	-0.972700	0.115800	0.245600	-0.183300	-0.093700	-0.345500
1627302586.260696	-0.965900	0.118700	0.264900	-0.071200	-0.106900	-0.359900
1627302586.262779	-0.959800	0.110500	0.268800	0.001800	-0.109000	-0.372700
1627302586.274008	-0.953600	0.103800	0.269200	0.043600	-0.100100	-0.390400
1627302586.277445	-0.965600	0.085300	0.280000	0.108400	-0.092800	-0.413600
1627302586.303998	-0.978600	0.066900	0.285000	0.144100	-0.083000	-0.431900
1627302586.305007	-0.992300	0.038900	0.284900	0.124900	-0.064700	-0.447200
1627302586.320363	-0.999900	0.019800	0.274700	0.057400	-0.054000	-0.451200
1627302586.322230	-1.006200	0.022700	0.251800	-0.045200	-0.061300	-0.451800
1627302586.343023	-1.017100	0.043200	0.225500	-0.136000	-0.083600	-0.457300
1627302586.343842	-1.029700	0.062500	0.199600	-0.176900	-0.112700	-0.462500
1627302586.354040	-1.040300	0.062000	0.181200	-0.196400	-0.157900	-0.455200
1627302586.363493	-1.046300	0.049100	0.145800	-0.261800	-0.230600	-0.441100
1627302586.382644	-1.049400	0.020600	0.113300	-0.366600	-0.316400	-0.453300
1627302586.384148	-1.044800	0.006500	0.091800	-0.512300	-0.402200	-0.500000
1627302586.399198	-1.040200	0.012500	0.050900	-0.716000	-0.494800	-0.582200
1627302586.403580	-1.034100	0.019900	-0.019900	-0.929200	-0.605900	-0.680600
1627302586.423356	-1.019400	0.019000	-0.074200	-1.051300	-0.711000	-0.757200
1627302586.424248	-1.002100	0.018600	-0.107300	-1.132300	-0.847500	-0.814000
1627302586.430267	-1.004500	0.010700	-0.100200	-1.219900	-1.036000	-0.858600
1627302586.441004	-1.047700	0.005400	-0.051900	-1.316100	-1.206100	-0.910600
1627302586.451266	-1.125600	0.004500	-0.045700	-1.401700	-1.336200	-0.989700
1627302586.464739	-1.197800	-0.014500	-0.020100	-1.456000	-1.385100	-1.106600
1627302586.483368	-1.250900	0.025500	0.125400	-1.332000	-1.394600	-1.209600
1627302586.484260	-1.300300	0.118500	0.207500	-1.132600	-1.280600	-1.281300
1627302586.494094	-1.305200	0.140100	0.305800	-0.829600	-1.135900	-1.305500
1627302586.495416	-1.372700	0.099700	0.379000	-0.505200	-1.088200	-1.318000
1627302586.520565	-1.437400	0.042200	0.420200	-0.209900	-1.029000	-1.351600
1627302586.521761	-1.377600	-0.060200	0.555500	0.292600	-0.987400	-1.388600
1627302586.534027	-1.240600	-0.159500	0.669300	0.474300	-1.009400	-1.357700
1627302586.541144	-1.033300	-0.187500	0.748200	0.440100	-1.107100	-1.290500
1627302586.561607	-0.895000	-0.129900	0.873000	0.400700	-1.317600	-1.152100
1627302586.570991	-0.871300	-0.025900	0.820200	0.227200	-1.425100	-0.970700
1627302586.571889	-0.921500	-0.067900	0.865400	0.522900	-1.578100	-0.783500
1627302586.576565	-1.031600	-0.156900	0.887900	0.735400	-1.692700	-0.603600
