1627302576.590694	-0.962300	-0.077300	-0.266800	0.012100	0.047700	0.027800
1627302576.591627	-0.964200	-0.083000	-0.265000	0.015800	0.059900	0.036300
1627302576.592466	-0.972700	-0.086700	-0.260000	0.013700	0.076700	0.048900
1627302576.593293	-0.979500	-0.083500	-0.259300	0.017900	0.102600	0.073300
1627302576.595908	-0.991100	-0.075700	-0.260000	0.035400	0.147200	0.109300
1627302576.596539	-0.999300	-0.068800	-0.271500	0.064400	0.207400	0.156100
1627302576.597176	-1.003400	-0.056600	-0.289800	0.130300	0.267300	0.209500
1627302576.598295	-0.992800	-0.031400	-0.337600	0.253400	0.347300	0.273700
1627302576.598845	-0.962300	-0.016700	-0.384000	0.376800	0.405600	0.318600
1627302576.599394	-0.937100	-0.016100	-0.422500	0.497500	0.436200	0.348500
1627302576.599943	-0.927600	-0.031000	-0.443800	0.605000	0.465800	0.378700
1627302576.600459	-0.913800	-0.050300	-0.456100	0.679800	0.499100	0.400400
1627302576.600952	-0.906100	-0.056900	-0.463700	0.696600	0.535800	0.402900
1627302576.601443	-0.895500	-0.057400	-0.468800	0.691700	0.554400	0.381800
1627302576.601938	-0.890300	-0.073500	-0.467300	0.663000	0.557100	0.344500
1627302576.602428	-0.893300	-0.120800	-0.465100	0.572600	0.575800	0.319500
1627302576.602907	-0.879300	-0.141200	-0.468600	0.418700	0.596500	0.297500
1627302576.603353	-0.864000	-0.163300	-0.484300	0.256800	0.589500	0.288600
1627302576.603797	-0.852100	-0.201700	-0.486500	0.101300	0.602000	0.288000
1627302576.604253	-0.842400	-0.235700	-0.486800	-0.030900	0.581600	0.274000
1627302576.604690	-0.843100	-0.284300	-0.487800	-0.143000	0.556500	0.256300
1627302576.605090	-0.822100	-0.314200	-0.491000	-0.257600	0.508000	0.236700
1627302576.605492	-0.799000	-0.296600	-0.520300	-0.297300	0.404400	0.218100
1627302576.605936	-0.789200	-0.241100	-0.542200	-0.304900	0.284100	0.208300
1627302576.606340	-0.803800	-0.166900	-0.548500	-0.292400	0.179600	0.205200
1627302576.606780	-0.843800	-0.104000	-0.539700	-0.275600	0.117000	0.221400
1627302576.607242	-0.887800	-0.060800	-0.521000	-0.226400	0.101400	0.266300
1627302576.607645	-0.930500	-0.045200	-0.493400	-0.121300	0.127700	0.335100
1627302576.608048	-0.973500	-0.055900	-0.451700	0.005100	0.220200	0.424800
1627302576.608493	-0.980200	-0.105700	-0.377400	0.025300	0.359800	0.504600
1627302576.608893	-0.942400	-0.188200	-0.296500	0.050000	0.428200	0.550700
1627302576.609337	-0.893100	-0.279300	-0.263200	0.217100	0.341500	0.556500
1627302576.609743	-0.852900	-0.333700	-0.301800	0.451700	0.209600	0.518600
1627302576.610145	-0.823600	-0.333600	-0.312300	0.516100	0.076400	0.427600
1627302576.610587	-0.826000	-0.291900	-0.303600	0.361900	-0.172900	0.276100
1627302576.610989	-0.931200	-0.220300	-0.311500	0.140100	-0.381800	0.143500
1627302576.611391	-1.032000	-0.111100	-0.274200	-0.264000	-0.450200	0.096500
1627302576.611834	-1.107800	-0.000100	-0.218800	-0.666800	-0.449600	0.093500
1627302576.612238	-1.092000	0.079800	-0.154200	-0.849500	-0.422100	0.088300
1627302576.612639	-1.032600	0.163100	-0.147500	-0.775000	-0.463600	0.056500
1627302576.613085	-0.986000	0.224000	-0.177000	-0.586800	-0.481300	0.050400
1627302576.613497	-0.948100	0.316400	-0.237500	-0.312800	-0.517400	0.096500
1627302576.613942	-0.955000	0.381000	-0.257300	-0.054100	-0.539100	0.144500
1627302576.614345	-0.965300	0.390100	-0.276000	0.163900	-0.545500	0.171600
1627302576.614747	-0.974500	0.397900	-0.291500	0.347200	-0.547000	0.180200
1627302576.615190	-0.981900	0.394200	-0.282800	0.478800	-0.534500	0.191200
1627302576.615596	-0.973500	0.387500	-0.246600	0.539900	-0.524100	0.204300
1627302576.615996	-0.957600	0.380700	-0.206400	0.502400	-0.522000	0.210700
1627302576.616429	-0.962900	0.364600	-0.197500	0.489800	-0.508200	0.201300
1627302576.616830	-0.959100	0.341300	-0.186500	0.521300	-0.484100	0.177100
1627302576.617234	-0.965700	0.318500	-0.182500	0.589400	-0.478900	0.135900
1627302576.617677	-0.961300	0.265000	-0.196500	0.697500	-0.464800	0.120900
1627302576.618078	-0.971200	0.201000	-0.206100	0.806600	-0.451400	0.120900
1627302576.618503	-0.981400	0.133200	-0.214100	0.873500	-0.425400	0.121600
1627302576.618925	-0.974200	0.062400	-0.220000	0.871000	-0.372900	0.138000
1627302576.619327	-0.950200	-0.007000	-0.225800	0.787000	-0.315200	0.160000
1627302576.619764	-0.931900	-0.040600	-0.225700	0.653200	-0.275500	0.163400
1627302576.620165	-0.921500	-0.051800	-0.256800	0.536900	-0.288600	0.144800
1627302576.620566	-0.942400	-0.040500	-0.271600	0.430000	-0.283400	0.112100
1627302576.621012	-0.957400	-0.020800	-0.267300	0.314200	-0.263600	0.078800
1627302576.621413	-0.967200	0.000600	-0.247700	0.193300	-0.250100	0.056500
1627302576.621814	-0.983400	0.031700	-0.243300	0.081500	-0.222600	0.044000
1627302576.622260	-0.978800	0.075200	-0.252600	0.034400	-0.179600	0.040300
1627302576.622661	-0.967700	0.090800	-0.231400	0.076300	-0.157000	0.035700
1627302576.623063	-0.959400	0.099600	-0.211300	0.126100	-0.150600	0.031800
1627302576.623504	-0.965500	0.113000	-0.204300	0.184400	-0.160600	0.023500
1627302576.623904	-0.976000	0.118900	-0.206200	0.256800	-0.143500	0.021100
1627302576.624387	-0.970300	0.109900	-0.213900	0.296200	-0.133100	0.023500
1627302576.624869	-0.970600	0.108800	-0.200100	0.295300	-0.142300	0.045800
1627302576.625370	-0.981800	0.096200	-0.187500	0.303800	-0.120000	0.083100
1627302576.625897	-0.987700	0.095200	-0.182600	0.307200	-0.086700	0.119400
1627302576.626387	-0.998700	0.093300	-0.175400	0.318200	-0.064700	0.149300
1627302576.626846	-1.005200	0.095100	-0.180300	0.358200	-0.009400	0.184500
1627302576.627288	-1.001200	0.096300	-0.196200	0.432400	0.037000	0.213800
1627302576.627726	-0.987300	0.051600	-0.199000	0.503600	0.047700	0.214100
1627302576.628179	-0.974200	-0.021000	-0.204300	0.525300	0.017100	0.153300
1627302576.628634	-0.957400	-0.070900	-0.237100	0.522800	-0.029000	0.060800
1627302576.629088	-0.962600	-0.101200	-0.248300	0.469100	-0.092500	-0.032100
1627302576.629545	-0.977100	-0.121300	-0.235400	0.309300	-0.138900	-0.098700
1627302576.629999	-0.997600	-0.102400	-0.224000	0.079300	-0.183500	-0.145100
1627302576.630452	-1.019700	-0.075000	-0.225700	-0.118300	-0.227200	-0.173500
1627302576.630905	-1.017200	-0.051000	-0.204700	-0.257900	-0.252600	-0.182400
1627302576.631357	-0.992200	-0.024900	-0.191700	-0.359000	-0.273300	-0.188200
1627302576.631810	-0.970800	-0.006300	-0.206500	-0.392600	-0.298700	-0.196700
1627302576.632263	-0.955300	0.005700	-0.216900	-0.392900	-0.331700	-0.216300
1627302576.632718	-0.945800	0.014300	-0.221400	-0.394400	-0.352800	-0.234300
1627302576.633178	-0.941500	0.022100	-0.221600	-0.407200	-0.368600	-0.251700
1627302576.633634	-0.952100	0.024800	-0.233400	-0.414500	-0.372000	-0.280700
1627302576.634094	-0.954700	0.026100	-0.241100	-0.415500	-0.350000	-0.323500
1627302576.634726	-0.945100	0.019400	-0.230500	-0.461900	-0.336000	-0.375100
1627302576.635192	-0.945300	0.019000	-0.233400	-0.501600	-0.338700	-0.404100
1627302576.635650	-0.958600	0.030000	-0.231000	-0.534000	-0.340500	-0.424900
1627302576.636115	-0.977100	0.046000	-0.226900	-0.549500	-0.330800	-0.445600
1627302576.636528	-0.992600	0.054300	-0.222800	-0.539500	-0.307900	-0.445000
1627302576.636939	-1.002100	0.063000	-0.218000	-0.523900	-0.277900	-0.440100
1627302576.637374	-1.006200	0.069600	-0.213500	-0.488800	-0.241300	-0.426100
1627302576.637786	-0.995600	0.068800	-0.204300	-0.419700	-0.195800	-0.407800
1627302576.638196	-0.970200	0.062000	-0.202100	-0.381900	-0.160600	-0.395500
1627302576.638631	-0.950600	0.064800	-0.214000	-0.336700	-0.133400	-0.394000
1627302576.639126	-0.951800	0.074000	-0.219200	-0.290800	-0.091300	-0.399800
1627302576.639579	-0.960300	0.092200	-0.201900	-0.286900	-0.054300	-0.410200
1627302576.640029	-0.997600	0.112100	-0.185400	-0.309500	-0.014900	-0.433400
1627302576.640429	-1.018200	0.115500	-0.180900	-0.352500	0.058400	-0.451400
1627302576.640874	-1.022500	0.101900	-0.163900	-0.439900	0.135900	-0.456300
1627302576.641355	-1.017000	0.083300	-0.145800	-0.550800	0.202500	-0.453600
1627302576.641809	-1.013700	0.057300	-0.144200	-0.639000	0.270000	-0.446600
1627302576.642321	-1.006800	0.044600	-0.149300	-0.679400	0.313400	-0.442600
1627302576.642804	-1.007800	0.047500	-0.175000	-0.635400	0.344900	-0.438300
1627302576.643274	-1.014300	0.034900	-0.214400	-0.564800	0.404400	-0.415700
1627302576.643732	-1.020600	0.038900	-0.248900	-0.523600	0.459400	-0.382100
1627302576.644149	-1.035200	0.045400	-0.277700	-0.516600	0.515600	-0.332300
1627302576.644564	-1.030000	0.056000	-0.310500	-0.528200	0.595900	-0.274600
1627302576.645093	-1.022600	0.070800	-0.348400	-0.525400	0.683000	-0.209800
1627302576.645682	-1.012600	0.103900	-0.392000	-0.482000	0.803600	-0.135000
1627302576.646114	-0.997200	0.143900	-0.422400	-0.412400	0.958500	-0.046100
1627302576.646537	-0.978100	0.182700	-0.439100	-0.340900	1.149700	0.063500
1627302576.646965	-0.947900	0.244900	-0.427900	-0.281700	1.415400	0.227500
1627302576.647466	-0.902000	0.262300	-0.400900	-0.244400	1.644800	0.367100
1627302576.647960	-0.861900	0.250100	-0.352500	-0.203800	1.815800	0.483800
1627302576.648431	-0.844000	0.179600	-0.329800	-0.133900	1.934900	0.560500
1627302576.648930	-0.851900	0.064900	-0.369900	-0.048300	1.992700	0.545800
1627302576.649390	-0.871300	-0.034200	-0.441700	0.039600	1.959400	0.468800
1627302576.649815	-0.916400	-0.129900	-0.532500	0.123600	1.898000	0.434900
1627302576.650269	-0.957000	-0.197100	-0.622200	0.143200	1.725700	0.452300
1627302576.650696	-0.969000	-0.219700	-0.700000	0.136100	1.474000	0.460000
1627302576.651122	-0.983900	-0.264600	-0.747400	0.021600	1.212600	0.459100
1627302576.651583	-1.020800	-0.298600	-0.732200	-0.184600	1.007000	0.477400
1627302576.652011	-1.131200	-0.271900	-0.701400	-0.342800	0.927900	0.539400
1627302576.652457	-1.262800	-0.181800	-0.683500	-0.337300	1.006100	0.655500
1627302576.652869	-1.313400	-0.032700	-0.656100	-0.147000	1.227900	0.789200
1627302576.653287	-1.291300	0.144200	-0.607200	0.108700	1.443200	0.913200
1627302576.653729	-1.242100	0.230600	-0.559300	0.308400	1.565700	1.011900
1627302576.654139	-1.148200	0.254900	-0.493200	0.481000	1.607200	1.084600
1627302576.654546	-1.061000	0.174800	-0.445700	0.638600	1.562000	1.117600
1627302576.654988	-1.004600	0.030500	-0.414600	0.707600	1.523500	1.109600
1627302576.655399	-0.971200	-0.066000	-0.416600	0.692300	1.537000	1.069900
1627302576.655861	-0.935800	-0.140300	-0.486900	0.788600	1.583100	0.990200
1627302576.656301	-0.925900	-0.210400	-0.567100	1.002100	1.691800	0.852100
1627302576.656713	-0.939200	-0.268800	-0.634800	1.220400	1.775500	0.671900
1627302576.657157	-0.953900	-0.284500	-0.684000	1.423500	1.842400	0.511000
1627302576.657572	-0.950000	-0.286900	-0.718500	1.550600	1.888200	0.394900
1627302576.658046	-0.912800	-0.288700	-0.749900	1.580500	1.912300	0.325900
1627302576.658501	-0.854600	-0.291400	-0.771100	1.469400	1.900400	0.288900
1627302576.658966	-0.791600	-0.317000	-0.767600	1.103100	1.838100	0.287100
1627302576.659394	-0.731700	-0.332900	-0.752700	0.551800	1.741900	0.281900
1627302576.659850	-0.696700	-0.323900	-0.738200	0.036300	1.629200	0.252600
1627302576.660269	-0.676000	-0.265400	-0.720900	-0.419700	1.507000	0.217500
1627302576.660774	-0.676300	-0.195300	-0.695800	-0.770400	1.400700	0.204900
1627302576.661225	-0.685400	-0.136800	-0.662500	-0.942300	1.356100	0.215900
1627302576.661657	-0.686000	-0.061300	-0.623900	-0.958500	1.315500	0.251100
1627302576.662082	-0.690400	0.001200	-0.572100	-0.829000	1.266000	0.255600
1627302576.662515	-0.695400	0.043800	-0.535500	-0.619800	1.223300	0.239100
1627302576.663037	-0.687900	0.089200	-0.503400	-0.352200	1.192400	0.222000
1627302576.663612	-0.687000	0.108300	-0.472700	-0.020800	1.192400	0.199400
1627302576.664038	-0.665200	0.112700	-0.460300	0.302900	1.191500	0.187500
1627302576.664442	-0.637900	0.079300	-0.458500	0.592200	1.156400	0.168000
1627302576.664964	-0.610200	0.020900	-0.464800	0.782700	1.099900	0.141700
1627302576.665366	-0.573200	-0.039600	-0.486900	0.856700	1.005200	0.102300
1627302576.665773	-0.565900	-0.074500	-0.513100	0.839900	0.922400	0.086100
1627302576.666208	-0.560300	-0.134500	-0.539700	0.799200	0.860400	0.079700
1627302576.666609	-0.549000	-0.146400	-0.551900	0.688700	0.803000	0.062300
1627302576.667010	-0.535300	-0.167400	-0.562100	0.525300	0.757200	0.026000
1627302576.667443	-0.516600	-0.181400	-0.577500	0.347800	0.695800	-0.003100
1627302576.667847	-0.479200	-0.197300	-0.587400	0.159100	0.617900	-0.027200
1627302576.668291	-0.447100	-0.197800	-0.599200	-0.058100	0.502200	-0.045200
1627302576.668691	-0.428800	-0.185200	-0.602200	-0.197400	0.395900	-0.048900
1627302576.669092	-0.413800	-0.174400	-0.582400	-0.286300	0.284700	-0.054700
1627302576.669526	-0.405500	-0.136500	-0.554800	-0.332700	0.154300	-0.073300
1627302576.669928	-0.399000	-0.118200	-0.554700	-0.338200	0.022000	-0.100500
1627302576.670326	-0.387600	-0.091600	-0.557900	-0.356200	-0.120900	-0.129500
1627302576.670767	-0.362900	-0.073600	-0.569100	-0.401100	-0.275800	-0.154300
1627302576.671166	-0.324500	-0.062300	-0.585000	-0.402600	-0.463600	-0.164600
1627302576.671570	-0.286000	-0.055800	-0.612300	-0.352500	-0.653900	-0.153000
1627302576.672002	-0.273700	-0.032700	-0.658900	-0.274000	-0.886600	-0.148400
1627302576.672404	-0.302200	0.006600	-0.697100	-0.209300	-1.119400	-0.155200
1627302576.672841	-0.302400	0.036100	-0.714800	-0.146700	-1.316100	-0.171700
1627302576.673258	-0.325200	0.045300	-0.706800	-0.084700	-1.503900	-0.199100
1627302576.673670	-0.378700	0.040400	-0.651700	0.003900	-1.690200	-0.228500
1627302576.674198	-0.438200	0.040200	-0.590200	0.105300	-1.826500	-0.282200
1627302576.674641	-0.490200	0.049200	-0.538100	0.178000	-1.900400	-0.348800
1627302576.675063	-0.514400	0.053700	-0.475800	0.157800	-1.952600	-0.415400
1627302576.675509	-0.532800	0.027600	-0.443800	0.093700	-2.043900	-0.458800
1627302576.675927	-0.568500	0.009500	-0.451700	0.069600	-2.152400	-0.492100
1627302576.676342	-0.615600	-0.010300	-0.489700	0.083600	-2.263800	-0.490200
1627302576.676787	-0.695400	-0.021200	-0.525800	0.109600	-2.355200	-0.491800
1627302576.677202	-0.757100	-0.046100	-0.532700	0.156300	-2.344800	-0.458500
1627302576.677633	-0.778800	-0.061400	-0.555200	0.353600	-2.281900	-0.402000
1627302576.678057	-0.781700	-0.102300	-0.573700	0.586400	-2.224400	-0.325900
1627302576.678469	-0.783100	-0.148700	-0.597200	0.660300	-2.195700	-0.234600
1627302576.678910	-0.784400	-0.164800	-0.611600	0.549400	-2.201200	-0.175300
1627302576.679326	-0.798100	-0.139000	-0.622200	0.324900	-2.251900	-0.156700
1627302576.679742	-0.851400	-0.055700	-0.666700	0.041500	-2.384500	-0.204300
1627302576.680185	-0.919800	-0.006500	-0.677900	-0.110600	-2.487100	-0.247400
1627302576.680653	-0.983600	-0.003100	-0.632400	-0.226400	-2.475200	-0.230600
1627302576.681070	-1.038800	-0.030300	-0.590200	-0.299400	-2.415900	-0.183900
1627302576.681513	-1.108000	-0.080200	-0.569500	-0.333900	-2.340800	-0.110900
1627302576.681928	-1.159200	-0.125000	-0.544900	-0.329000	-2.206100	-0.026600
1627302576.682344	-1.150000	-0.157600	-0.511800	-0.312800	-2.039700	0.025300
1627302576.682841	-1.098500	-0.189000	-0.470800	-0.376100	-1.867100	0.031100
1627302576.683284	-1.043900	-0.209600	-0.455400	-0.542800	-1.799900	-0.000300
1627302576.683773	-0.996000	-0.196700	-0.452000	-0.761800	-1.807200	-0.065100
1627302576.684226	-0.967400	-0.176500	-0.445900	-0.930400	-1.809400	-0.122800
1627302576.684672	-0.956200	-0.177100	-0.444900	-1.038500	-1.798700	-0.177800
1627302576.685141	-0.959100	-0.186400	-0.444000	-1.103600	-1.719900	-0.233700
1627302576.685945	-0.989400	-0.245200	-0.439200	-1.132600	-1.605000	-0.279500
1627302576.686391	-1.040900	-0.288500	-0.428700	-1.179000	-1.452900	-0.363500
1627302576.686793	-1.141400	-0.309600	-0.450400	-1.169600	-1.323100	-0.436200
1627302576.687196	-1.245200	-0.290900	-0.511800	-1.065400	-1.083300	-0.451400
1627302576.689293	-1.269700	-0.240500	-0.585300	-0.983600	-0.782500	-0.412600
1627302576.689729	-1.213000	-0.148700	-0.567700	-1.081600	-0.542100	-0.300900
1627302576.690133	-1.103500	-0.109100	-0.402300	-1.430100	-0.411100	-0.135000
1627302576.691794	-0.993700	-0.118700	-0.256300	-1.768200	-0.542100	-0.040300
1627302576.692250	-0.989300	0.044300	-0.261100	-1.832100	-0.710700	0.036900
1627302576.692654	-1.038600	0.293300	-0.272200	-1.701300	-0.677100	0.154200
1627302576.693152	-1.107800	0.538500	-0.324200	-1.509500	-0.591000	0.233300
1627302576.695361	-1.208400	0.660500	-0.276700	-1.377600	-0.367700	0.298700
1627302576.695805	-1.199600	0.579300	-0.309100	-0.919700	0.048900	0.442300
1627302576.696205	-1.067100	0.426100	-0.353400	-0.101200	0.280400	0.505800
1627302576.696611	-0.917600	0.225000	-0.289900	0.652000	0.438600	0.462400
1627302576.697034	-0.823500	0.093500	-0.320200	1.173700	0.448400	0.389700
1627302576.699535	-0.785400	0.080300	-0.335400	1.299200	0.345800	0.336300
1627302576.699934	-0.818100	0.116100	-0.325000	1.018200	0.239500	0.299600
1627302576.700376	-0.905400	0.179400	-0.299800	0.610800	0.202200	0.298400
1627302576.702007	-0.979200	0.232700	-0.242900	0.205800	0.225700	0.320400
1627302576.702418	-1.032000	0.273300	-0.194100	-0.031800	0.287400	0.324100
1627302576.702847	-1.022900	0.281900	-0.221600	-0.030000	0.388500	0.329900
1627302576.703363	-0.996300	0.252400	-0.297100	0.111100	0.445700	0.334400
1627302576.705633	-0.970100	0.176100	-0.370100	0.320300	0.446300	0.327400
1627302576.706032	-0.947400	0.115700	-0.385700	0.354500	0.362000	0.321000
1627302576.706474	-0.935900	0.083700	-0.362700	0.155100	0.250800	0.315500
1627302576.706874	-0.935500	0.087200	-0.318500	-0.228200	0.131700	0.316700
1627302576.708958	-0.967900	0.129900	-0.273300	-0.629300	0.041300	0.316400
1627302576.709357	-0.994100	0.223600	-0.239900	-0.941700	-0.028700	0.266900
1627302576.709799	-1.007800	0.299000	-0.227100	-0.976500	-0.085500	0.208600
1627302576.710200	-1.011800	0.362400	-0.208300	-0.869900	-0.138900	0.151500
1627302576.712263	-1.002400	0.401200	-0.200000	-0.650300	-0.205500	0.120900
1627302576.712661	-0.997600	0.411400	-0.192300	-0.359300	-0.267800	0.117000
1627302576.713111	-1.001600	0.415200	-0.178700	-0.058100	-0.333200	0.111800
1627302576.713521	-1.022100	0.398200	-0.170200	0.246100	-0.389100	0.098000
1627302576.715627	-1.041500	0.354400	-0.166500	0.526800	-0.426100	0.070900
1627302576.716036	-1.044100	0.303700	-0.172700	0.689000	-0.439500	0.057100
1627302576.716450	-1.032500	0.262500	-0.173700	0.818800	-0.456300	0.045200
1627302576.718142	-1.013500	0.204700	-0.175500	0.912600	-0.481000	0.031500
1627302576.718550	-0.999000	0.121700	-0.196300	0.945900	-0.533600	0.042400
1627302576.718988	-0.985500	0.075000	-0.219200	0.931500	-0.588500	0.045500
1627302576.720706	-0.983900	0.059400	-0.230200	0.878000	-0.653900	0.036900
1627302576.721115	-0.977500	0.061600	-0.229700	0.808400	-0.718000	0.016500
1627302576.721548	-0.970000	0.052700	-0.226700	0.760800	-0.752600	0.006700
1627302576.721958	-0.961500	0.040500	-0.221800	0.707300	-0.772700	0.005800
1627302576.724049	-0.950900	0.024500	-0.213100	0.632800	-0.781600	0.001200
1627302576.724446	-0.948700	0.035900	-0.205400	0.547000	-0.787700	-0.014100
1627302576.724887	-0.946500	0.033000	-0.194200	0.459000	-0.770900	-0.036400
1627302576.725290	-0.947800	0.037000	-0.188500	0.360900	-0.751000	-0.073600
1627302576.727369	-0.958500	0.041900	-0.186800	0.273300	-0.734500	-0.112700
1627302576.727767	-0.968500	0.047000	-0.178200	0.198500	-0.718400	-0.137800
1627302576.728211	-0.978100	0.050200	-0.174000	0.140100	-0.704000	-0.149400
1627302576.728609	-0.973900	0.042700	-0.171300	0.109900	-0.707400	-0.158800
1627302576.730683	-0.967900	0.036300	-0.167400	0.086100	-0.721700	-0.165200
1627302576.731080	-0.953200	0.025500	-0.161300	0.069300	-0.735200	-0.161900
1627302576.731478	-0.932700	0.005000	-0.142800	0.045400	-0.772100	-0.149700
1627302576.731944	-0.929700	0.015700	-0.137500	0.015200	-0.799000	-0.146600
1627302576.734028	-0.926500	0.025400	-0.131700	0.005100	-0.809700	-0.155500
1627302576.734499	-0.923500	0.037700	-0.121000	-0.010500	-0.810000	-0.168300
1627302576.734899	-0.915400	0.043900	-0.112900	-0.041300	-0.798700	-0.176900
1627302576.735345	-0.928200	0.051300	-0.100800	-0.069100	-0.787100	-0.184800
1627302576.737409	-0.953900	0.050000	-0.098100	-0.068500	-0.758400	-0.201000
1627302576.737818	-0.973100	0.048700	-0.092700	-0.028500	-0.731200	-0.222400
1627302576.738216	-0.984400	0.034100	-0.093000	0.031100	-0.710400	-0.225700
1627302576.738657	-0.987100	0.008700	-0.093400	0.078700	-0.688700	-0.208600
1627302576.740685	-0.986700	-0.005000	-0.093300	0.101300	-0.658800	-0.182400
1627302576.741197	-0.985600	-0.011600	-0.095600	0.115700	-0.638000	-0.164600
1627302576.741596	-1.000200	-0.029800	-0.096300	0.102200	-0.624300	-0.151800
1627302576.742011	-1.013800	-0.030500	-0.093900	0.028900	-0.594300	-0.144500
1627302576.744069	-0.999500	-0.032200	-0.097800	-0.072800	-0.548800	-0.150600
1627302576.744512	-0.977700	-0.023900	-0.101900	-0.169000	-0.514900	-0.146900
1627302576.744910	-0.986700	0.000000	-0.116300	-0.266100	-0.509400	-0.148800
1627302576.746547	-0.986700	0.000000	-0.116300	-0.266100	-0.509400	-0.148800
1627302576.746987	-1.017500	0.041100	-0.106200	-0.362300	-0.494500	-0.171700
1627302576.747386	-1.033900	0.067700	-0.080200	-0.430700	-0.467300	-0.195800
1627302576.749052	-1.043300	0.091600	-0.051100	-0.478700	-0.436100	-0.205300
1627302576.749534	-1.024000	0.090000	-0.009500	-0.531500	-0.390600	-0.197900
1627302576.749932	-0.969000	0.086100	0.007200	-0.587100	-0.362800	-0.175600
1627302576.750374	-0.967400	0.094200	0.002700	-0.621900	-0.363400	-0.188500
1627302576.752813	-0.981000	0.103900	0.014400	-0.649100	-0.342100	-0.225400
1627302576.753213	-0.991500	0.096100	0.020600	-0.671400	-0.309100	-0.269400
1627302576.753610	-1.014400	0.085100	0.026100	-0.680600	-0.260200	-0.313100
1627302576.754006	-1.038100	0.075300	0.029200	-0.671100	-0.219000	-0.354000
1627302578.629249	-1.220500	-0.262700	-0.260500	-0.340000	1.927000	0.647200
1627302578.630067	-1.196700	-0.136700	-0.209100	-0.581300	1.970100	0.942300
1627302578.653716	-1.170300	0.083600	-0.174900	-0.881600	1.945600	1.083400
1627302578.669250	-1.190900	0.277300	-0.190100	-1.066300	1.937400	1.131000
1627302578.670569	-1.174200	0.403300	-0.253800	-1.058700	2.012800	1.143500
1627302578.684294	-1.116100	0.378400	-0.356900	-0.802800	2.100200	1.118500
1627302578.685248	-1.062400	0.319500	-0.433500	-0.418200	2.169200	1.057400
1627302578.691550	-1.019700	0.242600	-0.503500	0.215000	2.237600	0.915700
1627302578.706402	-0.974000	0.175800	-0.540800	0.737900	2.284700	0.828600
1627302578.718688	-0.918000	0.121800	-0.548800	1.175200	2.303600	0.793800
1627302578.730836	-0.846600	0.064200	-0.515300	1.553100	2.303900	0.806000
1627302578.731745	-0.775900	0.009400	-0.463100	1.887800	2.243400	0.833500
1627302578.738951	-0.696300	-0.069100	-0.411400	2.091500	2.163100	0.799600
1627302578.761209	-0.643400	-0.159500	-0.414400	2.112900	2.036000	0.740400
1627302578.772199	-0.611000	-0.224900	-0.460300	1.985800	1.906200	0.670700
1627302578.773094	-0.616100	-0.257000	-0.505200	1.867300	1.872600	0.598600
1627302578.780078	-0.605300	-0.320700	-0.557100	1.714600	1.877800	0.555900
1627302578.800331	-0.579600	-0.335400	-0.595700	1.456500	1.865900	0.492000
1627302578.812134	-0.563500	-0.340100	-0.612800	1.150800	1.825300	0.398000
1627302578.813022	-0.542500	-0.338500	-0.621300	0.799500	1.770900	0.286800
1627302578.820121	-0.504000	-0.331700	-0.619600	0.413800	1.673800	0.165800
1627302578.842552	-0.471100	-0.317100	-0.601200	0.002700	1.518000	0.060500
1627302578.850855	-0.460300	-0.319600	-0.585400	-0.281400	1.385200	0.018900
1627302578.863155	-0.465900	-0.266700	-0.572000	-0.488200	1.248300	0.014300
1627302578.864083	-0.476600	-0.258400	-0.575400	-0.583800	1.118500	0.021400
1627302578.883911	-0.475800	-0.209800	-0.576200	-0.624400	0.979900	0.025300
1627302578.885382	-0.480300	-0.149700	-0.563500	-0.595700	0.858300	0.028700
1627302578.900938	-0.468900	-0.079500	-0.550900	-0.491800	0.731200	0.036900
1627302578.901828	-0.450800	-0.041100	-0.550000	-0.395000	0.564800	0.022900
1627302578.905130	-0.447500	-0.025600	-0.532700	-0.293000	0.439500	-0.012500
1627302578.930840	-0.437700	-0.016500	-0.525500	-0.197700	0.340900	-0.066000
1627302578.931628	-0.431400	-0.006800	-0.540600	-0.132300	0.251700	-0.134700
1627302578.946393	-0.427100	-0.012300	-0.570700	-0.123200	0.151800	-0.197000
1627302578.970042	-0.418300	-0.023400	-0.599700	-0.142400	0.028400	-0.251100
1627302578.972372	-0.424000	-0.026500	-0.612500	-0.175100	-0.146600	-0.315500
1627302578.973059	-0.441400	-0.035400	-0.598000	-0.204100	-0.299600	-0.376300
1627302578.982770	-0.449800	-0.050000	-0.581700	-0.223700	-0.425100	-0.427300
1627302578.987913	-0.450800	-0.060100	-0.583500	-0.231300	-0.547000	-0.467000
1627302579.003872	-0.456900	-0.069700	-0.595600	-0.237100	-0.667700	-0.485600
1627302579.013892	-0.475500	-0.089000	-0.610600	-0.234600	-0.783100	-0.478900
1627302579.018280	-0.501100	-0.107100	-0.626600	-0.223700	-0.890000	-0.453000
1627302579.042713	-0.552900	-0.093000	-0.642500	-0.223300	-1.018900	-0.409900
1627302579.044216	-0.577800	-0.070900	-0.633200	-0.202000	-1.069600	-0.389100
1627302579.059855	-0.578500	-0.055800	-0.603900	-0.193700	-1.097700	-0.399200
1627302579.063237	-0.573200	-0.057100	-0.580000	-0.222100	-1.152400	-0.427000
1627302579.086565	-0.561900	-0.057000	-0.575600	-0.301200	-1.238200	-0.474000
1627302579.087721	-0.567900	-0.056500	-0.589400	-0.386100	-1.352400	-0.521700
1627302579.100978	-0.604500	-0.034500	-0.626600	-0.439300	-1.472500	-0.559900
1627302579.101871	-0.650600	-0.012500	-0.644900	-0.456700	-1.552200	-0.577600
1627302579.107704	-0.700700	-0.009800	-0.636700	-0.474700	-1.577500	-0.569600
1627302579.131255	-0.738400	-0.009000	-0.614500	-0.483300	-1.579700	-0.562900
1627302579.139677	-0.750000	-0.014500	-0.597700	-0.415200	-1.593100	-0.563800
1627302579.140568	-0.755100	-0.036700	-0.582400	-0.327500	-1.610500	-0.575100
1627302579.150224	-0.749800	-0.062100	-0.556600	-0.282000	-1.605300	-0.605100
1627302579.173452	-0.737400	-0.072100	-0.534900	-0.289900	-1.597400	-0.640500
1627302579.174456	-0.734600	-0.083300	-0.534800	-0.345200	-1.617900	-0.680500
1627302579.180154	-0.732700	-0.090800	-0.542600	-0.424300	-1.674700	-0.743100
1627302579.202331	-0.773200	-0.075000	-0.585100	-0.499500	-1.775800	-0.815200
1627302579.203199	-0.830600	-0.052600	-0.627200	-0.545300	-1.873200	-0.858900
1627302579.210209	-0.891000	-0.028900	-0.640100	-0.596600	-1.924200	-0.854300
1627302579.221370	-0.938200	-0.023200	-0.621500	-0.610600	-1.923900	-0.806300
1627302579.244566	-0.985600	-0.057000	-0.565100	-0.658300	-1.890000	-0.703400
1627302579.245382	-0.997200	-0.083900	-0.537500	-0.723000	-1.838400	-0.604200
1627302579.252664	-0.979400	-0.108900	-0.533300	-0.777100	-1.824600	-0.546700
1627302579.264532	-0.961700	-0.130500	-0.524000	-0.871500	-1.884800	-0.502400
1627302579.265435	-0.948100	-0.141700	-0.512800	-1.008000	-1.981000	-0.487200
1627302579.288137	-0.940700	-0.152000	-0.509200	-1.166500	-2.078700	-0.483200
1627302579.290274	-0.931000	-0.142800	-0.500900	-1.312800	-2.156000	-0.493300
1627302579.301447	-0.958600	-0.105100	-0.487500	-1.409000	-2.197600	-0.489900
1627302579.309487	-1.000700	-0.085900	-0.471300	-1.361100	-2.170400	-0.472500
1627302579.332584	-1.040300	-0.089600	-0.456800	-1.260000	-2.096200	-0.441400
1627302579.333990	-1.035400	-0.093800	-0.430200	-1.157700	-2.000900	-0.403500
1627302579.349542	-1.021500	-0.088000	-0.410400	-1.063000	-1.909800	-0.357400
1627302579.353261	-1.008200	-0.097200	-0.389800	-0.944500	-1.810300	-0.310900
1627302579.369650	-1.050000	-0.109600	-0.355100	-0.829900	-1.723800	-0.297500
1627302579.370539	-1.155500	-0.112200	-0.340200	-0.683000	-1.583300	-0.320700
1627302579.375271	-1.240600	-0.099900	-0.405300	-0.467400	-1.376300	-0.336000
1627302579.397015	-1.295200	-0.091700	-0.464400	-0.177200	-1.043900	-0.320400
1627302579.400310	-1.250000	-0.112700	-0.500900	0.069300	-0.754100	-0.246200
1627302579.410173	-1.181000	-0.099500	-0.567300	0.185300	-0.679900	-0.150000
1627302579.417102	-1.123900	-0.085200	-0.530600	0.023400	-0.736400	-0.077600
1627302579.438068	-1.103000	-0.110600	-0.425500	-0.332400	-0.826500	-0.057100
1627302579.440260	-1.130700	-0.139500	-0.429200	-0.500100	-0.740000	-0.012200
1627302579.455138	-1.085200	-0.129800	-0.461200	-0.518100	-0.547600	0.033900
1627302579.479749	-1.059200	-0.049900	-0.412500	-0.660700	-0.365000	0.058600
1627302579.480436	-1.039300	0.007300	-0.318700	-0.898000	-0.295000	0.057700
1627302579.481680	-1.012700	0.002600	-0.311600	-1.007700	-0.303900	0.068100
1627302579.491449	-0.999600	0.000200	-0.306000	-0.964900	-0.342100	0.030800
1627302579.501104	-1.016700	0.021700	-0.204600	-0.906600	-0.347600	-0.036700
1627302579.521922	-1.035300	0.074700	-0.056400	-1.007100	-0.353400	-0.072700
1627302579.522739	-1.021200	0.152600	-0.010900	-1.075500	-0.376000	-0.045500
1627302579.530149	-1.013800	0.215500	-0.058300	-0.899600	-0.393400	-0.000000
1627302579.544715	-0.988200	0.244000	-0.104600	-0.513800	-0.371400	0.051900
1627302579.562959	-0.920200	0.245600	-0.089800	-0.125600	-0.414100	0.129200
1627302579.563797	-0.883700	0.276700	-0.043700	0.138600	-0.529000	0.234000
1627302579.575262	-0.913900	0.312100	-0.017200	0.314500	-0.630400	0.383900
1627302579.585952	-0.941700	0.349700	-0.023700	0.448300	-0.622100	0.527800
1627302579.608484	-0.944100	0.329200	-0.040300	0.607400	-0.554300	0.597400
1627302579.609304	-0.929700	0.253100	-0.092900	0.796200	-0.439500	0.607200
1627302579.612714	-0.926600	0.222500	-0.177600	1.033200	-0.312700	0.573600
1627302579.627039	-0.953900	0.231300	-0.235700	1.299500	-0.202800	0.524700
1627302579.627922	-0.984500	0.240800	-0.289300	1.553700	-0.110800	0.477700
1627302579.649563	-1.007200	0.228300	-0.355800	1.771400	-0.006700	0.460300
1627302579.650384	-1.014300	0.171800	-0.394200	1.827000	0.095600	0.486500
1627302579.660119	-1.001600	0.111000	-0.415300	1.702700	0.190900	0.507000
1627302579.669470	-0.971200	0.064700	-0.417200	1.437600	0.274300	0.496900
1627302579.670361	-0.927700	0.019000	-0.398800	1.098900	0.285300	0.445000
1627302579.694436	-0.923600	-0.009300	-0.416500	0.784300	0.233100	0.350300
1627302579.698957	-0.936500	-0.038900	-0.395400	0.510900	0.214100	0.236400
1627302579.705220	-0.934200	-0.031900	-0.336800	0.173400	0.111200	0.092800
1627302579.728237	-0.974500	0.011200	-0.297900	-0.155200	-0.039100	-0.038500
1627302579.729031	-1.002300	0.072900	-0.260100	-0.479300	-0.172500	-0.164600
1627302579.738577	-1.019900	0.113500	-0.221700	-0.778000	-0.284000	-0.278600
1627302579.743507	-1.005200	0.168900	-0.168600	-1.051100	-0.375400	-0.362600
1627302579.768302	-0.961500	0.226400	-0.111600	-1.272800	-0.462100	-0.396800
1627302579.769187	-0.911600	0.288000	-0.053200	-1.414800	-0.561100	-0.383900
1627302579.782902	-0.892900	0.361300	-0.002600	-1.424000	-0.678600	-0.316400
1627302579.802800	-0.905200	0.373900	-0.006600	-1.281400	-0.739700	-0.270600
1627302579.810895	-0.945600	0.416300	-0.033300	-1.036400	-0.768400	-0.258400
1627302579.811786	-0.979700	0.406400	-0.067700	-0.696800	-0.739400	-0.233400
1627302579.821658	-1.009500	0.385700	-0.082900	-0.340600	-0.664600	-0.162500
1627302579.823882	-1.052600	0.325200	-0.088900	0.027700	-0.578800	-0.083100
1627302579.846266	-1.054200	0.243800	-0.118800	0.415000	-0.479800	0.009500
1627302579.858489	-1.033100	0.134600	-0.141200	0.725900	-0.387300	0.091600
1627302579.859378	-1.023700	0.082400	-0.161300	0.887200	-0.340200	0.123100
1627302579.867654	-0.999000	0.054000	-0.200600	0.948600	-0.287400	0.138400
1627302579.893695	-0.981000	0.064300	-0.231000	0.902800	-0.216800	0.135600
1627302579.894568	-0.959400	0.085800	-0.228400	0.818800	-0.164000	0.109900
1627302579.900292	-0.940100	0.082300	-0.203100	0.744000	-0.140800	0.073300
1627302579.910195	-0.936800	0.068800	-0.149800	0.685000	-0.149900	0.035400
1627302579.913785	-0.946400	0.052400	-0.131500	0.698500	-0.181700	0.009500
1627302579.938382	-0.965200	0.029900	-0.131200	0.705800	-0.209200	-0.002500
1627302579.939276	-0.987800	-0.006200	-0.131200	0.670700	-0.218400	-0.013400
1627302579.948997	-1.007100	-0.022500	-0.121500	0.561000	-0.201900	-0.021400
1627302579.952555	-1.007700	-0.040600	-0.112800	0.389700	-0.177100	-0.021100
1627302579.979746	-0.997900	-0.039300	-0.111000	0.202100	-0.166100	-0.016500
1627302579.980428	-0.988000	-0.018600	-0.117300	0.062200	-0.175300	-0.020800
1627302579.986471	-0.974500	-0.018300	-0.123000	-0.016300	-0.204000	-0.030900
1627302580.009230	-0.959500	-0.023800	-0.125000	-0.065100	-0.237900	-0.039700
1627302580.010437	-0.948400	-0.020000	-0.122300	-0.119200	-0.275200	-0.058300
1627302580.021589	-0.943500	0.003300	-0.112400	-0.172600	-0.319800	-0.080900
1627302580.026875	-0.928600	0.030200	-0.103400	-0.212700	-0.383600	-0.104200
1627302580.048038	-0.922700	0.068800	-0.095200	-0.218500	-0.455100	-0.140200
1627302580.050256	-0.962300	0.113500	-0.072100	-0.185200	-0.527800	-0.200400
1627302580.060202	-0.974500	0.141800	-0.044200	-0.131100	-0.554000	-0.249900
1627302580.069600	-0.970500	0.158200	-0.026700	-0.061800	-0.567800	-0.285600
1627302580.092778	-0.966900	0.159800	-0.011100	0.029200	-0.578500	-0.304500
1627302580.094067	-0.971600	0.147200	0.002100	0.160600	-0.587600	-0.310600
1627302580.108266	-0.982500	0.125100	0.026600	0.313600	-0.586700	-0.313400
1627302580.109148	-0.997100	0.088900	0.038500	0.462000	-0.579400	-0.313400
1627302580.114066	-1.009400	0.036300	0.035400	0.619300	-0.561700	-0.298700
1627302580.136291	-1.013900	-0.009900	0.033200	0.664500	-0.546100	-0.281000
1627302580.151550	-1.017500	-0.054700	0.022300	0.661800	-0.538500	-0.260500
1627302580.155836	-1.020100	-0.095900	-0.002900	0.607400	-0.535100	-0.243700
1627302580.178013	-1.000000	-0.124600	-0.021200	0.504800	-0.520400	-0.226000
1627302580.178822	-0.964000	-0.153200	-0.040200	0.360900	-0.524100	-0.212900
1627302580.180404	-0.953100	-0.166900	-0.060900	0.164200	-0.545800	-0.226000
1627302580.207057	-0.966400	-0.160000	-0.061900	-0.097200	-0.552800	-0.268800
1627302580.211450	-0.989300	-0.142000	-0.049800	-0.324100	-0.535700	-0.322200
1627302580.218224	-1.017100	-0.118900	-0.025300	-0.541300	-0.497800	-0.383300
1627302580.219114	-1.024400	-0.093500	0.002700	-0.730100	-0.439200	-0.430700
1627302580.240551	-1.024300	-0.069800	0.022600	-0.873000	-0.380800	-0.461500
1627302580.241452	-1.017600	-0.055300	0.033300	-0.963400	-0.329800	-0.477700
1627302580.248929	-0.984100	-0.039700	0.046100	-1.017800	-0.288000	-0.473100
1627302580.260630	-0.988500	-0.017700	0.056300	-1.034300	-0.278800	-0.477100
1627302580.261543	-1.007100	-0.000500	0.063700	-1.006500	-0.257800	-0.493300
1627302580.287708	-1.019000	0.019900	0.075600	-0.970700	-0.217700	-0.506100
1627302580.297147	-1.039300	0.028200	0.078200	-0.936200	-0.173500	-0.512500
1627302580.298039	-1.045800	0.036100	0.071200	-0.913600	-0.130700	-0.509500
1627302580.304040	-1.044600	0.050000	0.065200	-0.900500	-0.093700	-0.493900
1627302580.326454	-1.023900	0.063100	0.063100	-0.879400	-0.071800	-0.464900
1627302580.337328	-1.012600	0.061900	0.062600	-0.852800	-0.073600	-0.432500
1627302580.338239	-1.018400	0.070200	0.057300	-0.836000	-0.074200	-0.416000
1627302580.342585	-1.029700	0.095800	0.043800	-0.800600	-0.048800	-0.406500
1627302580.368013	-1.047000	0.110400	0.023200	-0.730400	-0.000900	-0.401300
1627302580.368838	-1.063400	0.115700	0.009800	-0.638700	0.046100	-0.393100
1627302580.372567	-1.074300	0.115500	0.005000	-0.547400	0.090700	-0.377500
1627302580.394095	-1.072100	0.108400	-0.002200	-0.475300	0.145400	-0.346400
1627302580.398193	-1.080800	0.108500	-0.018200	-0.442600	0.201900	-0.314300
1627302580.419663	-1.092000	0.113600	-0.037500	-0.409700	0.276700	-0.291100
1627302580.420555	-1.092700	0.119400	-0.056200	-0.351600	0.372000	-0.264800
1627302580.427708	-1.089200	0.123700	-0.076700	-0.284400	0.471300	-0.233100
1627302580.435104	-1.089000	0.130100	-0.099200	-0.199800	0.569000	-0.197000
1627302580.458652	-1.104700	0.146000	-0.120700	-0.087100	0.671400	-0.150900
1627302580.459674	-1.139300	0.164900	-0.142000	0.088200	0.824700	-0.076400
1627302580.469070	-1.152500	0.168300	-0.160400	0.253100	0.976800	0.007000
1627302580.478218	-1.152600	0.162800	-0.188600	0.440100	1.143900	0.112100
1627302580.480881	-1.125400	0.151400	-0.226400	0.645000	1.318300	0.235800
1627302580.502914	-1.079100	0.139200	-0.271400	0.860300	1.488700	0.372900
1627302580.510268	-1.021200	0.136800	-0.315800	1.068900	1.642600	0.516500
1627302580.520247	-0.981100	0.142900	-0.364300	1.271400	1.767000	0.651200
1627302580.524548	-0.953400	0.140900	-0.408700	1.463300	1.939500	0.784000
1627302580.545564	-0.933500	0.135400	-0.424700	1.576300	1.995100	0.822200
1627302580.547783	-0.945100	0.108600	-0.404200	1.636100	2.037600	0.825300
1627302580.565764	-1.005900	0.013300	-0.343400	1.646800	2.157900	0.752900
1627302580.581216	-1.085100	-0.082900	-0.311200	1.647700	2.370200	0.631000
1627302580.582105	-1.183700	-0.157000	-0.321000	1.588800	2.621600	0.442000
1627302580.587731	-1.216100	-0.207900	-0.361900	1.388700	2.886100	0.244900
1627302580.597768	-1.189600	-0.287700	-0.373700	1.209400	2.902200	0.033600
1627302580.602026	-1.219600	-0.377700	-0.502000	1.332800	2.705500	-0.049200
1627302580.622759	-1.243500	-0.463600	-0.598300	1.471800	2.557100	0.113000
1627302580.632760	-1.199600	-0.511100	-0.579000	1.303500	2.270300	0.421200
1627302580.643259	-1.182300	-0.450200	-0.503200	0.971500	1.893100	0.718700
1627302580.644149	-1.194100	-0.403000	-0.370000	0.777600	1.741000	1.005800
1627302580.669395	-1.162700	-0.335900	-0.193400	0.544200	1.907800	1.173500
1627302580.670389	-1.129000	-0.196000	-0.138300	0.120000	2.136200	1.260200
1627302580.682939	-1.103600	-0.009300	-0.196200	-0.340300	2.287700	1.255300
1627302580.688488	-1.126000	0.154100	-0.288700	-0.596900	2.307900	1.224500
1627302580.711987	-1.120700	0.251700	-0.348100	-0.565700	2.291700	1.187800
1627302580.716050	-1.091700	0.288100	-0.373200	-0.310400	2.269100	1.149900
1627302580.729346	-1.039800	0.240600	-0.388800	0.095200	2.312800	1.137100
1627302580.731547	-0.974400	0.165200	-0.391600	0.697200	2.338400	1.110200
1627302580.739045	-0.915600	0.073100	-0.395100	1.203600	2.303600	1.083400
1627302580.750858	-0.877000	0.011400	-0.396100	1.563100	2.248900	1.081500
1627302580.769716	-0.820100	-0.039300	-0.403200	1.839500	2.206800	1.081500
1627302580.770606	-0.802200	-0.068600	-0.402200	2.026500	2.113600	1.055900
1627302580.780404	-0.773800	-0.112400	-0.411100	2.108000	2.011000	0.999700
1627302580.804030	-0.727300	-0.168100	-0.432700	2.071400	1.904400	0.918400
1627302580.808293	-0.744800	-0.259000	-0.471900	1.953200	1.788600	0.874800
1627302580.809178	-0.707900	-0.316300	-0.490000	1.774200	1.770900	0.852100
1627302580.819132	-0.675700	-0.369300	-0.511000	1.515500	1.723300	0.811500
1627302580.823956	-0.655200	-0.396200	-0.543900	1.211300	1.653900	0.735500
1627302580.847177	-0.627000	-0.401000	-0.571000	0.850900	1.556500	0.672600
1627302580.857178	-0.579700	-0.389900	-0.582300	0.464800	1.424900	0.635300
1627302580.858102	-0.553200	-0.397600	-0.554100	0.103500	1.270300	0.610900
1627302580.862632	-0.552500	-0.328700	-0.507800	-0.267300	1.064500	0.577900
1627302580.883977	-0.572800	-0.260900	-0.471900	-0.448400	0.953900	0.533000
1627302580.897081	-0.591900	-0.193100	-0.447900	-0.587100	0.879100	0.463000
1627302580.897982	-0.601900	-0.142000	-0.442600	-0.656400	0.807900	0.387300
1627302580.904017	-0.599200	-0.095800	-0.443500	-0.631700	0.725700	0.315500
1627302580.927766	-0.585700	-0.059000	-0.451000	-0.502500	0.621000	0.257200
1627302580.936012	-0.571700	-0.044800	-0.447400	-0.312200	0.516500	0.201600
1627302580.936910	-0.552500	-0.010400	-0.438200	-0.107000	0.395300	0.132200
1627302580.945195	-0.538800	-0.038200	-0.439900	0.063200	0.288400	0.047000
1627302580.968788	-0.526600	-0.065900	-0.452900	0.188400	0.192100	-0.041900
1627302580.979904	-0.513300	-0.090800	-0.474600	0.290400	0.103300	-0.122800
1627302580.980795	-0.497400	-0.105600	-0.497700	0.342000	0.018400	-0.197300
1627302580.985418	-0.482400	-0.099700	-0.514200	0.335600	-0.091600	-0.270900
1627302581.000392	-0.477900	-0.100700	-0.529700	0.299900	-0.251300	-0.337200
1627302581.007568	-0.486600	-0.127600	-0.544400	0.279700	-0.437400	-0.383600
1627302581.019464	-0.500900	-0.137000	-0.554900	0.265700	-0.611100	-0.406200
1627302581.020365	-0.514200	-0.148700	-0.562000	0.265000	-0.762900	-0.421200
1627302581.041929	-0.525400	-0.149700	-0.576300	0.257700	-0.882400	-0.422100
1627302581.051384	-0.556300	-0.135100	-0.599200	0.291000	-0.996000	-0.425800
1627302581.068774	-0.605800	-0.113400	-0.613800	0.384200	-1.078800	-0.437100
1627302581.082281	-0.636600	-0.067500	-0.584600	0.471800	-1.125800	-0.458200
1627302581.083180	-0.633800	-0.069900	-0.535000	0.444000	-1.197000	-0.507000
1627302581.089106	-0.634600	-0.101300	-0.486500	0.273900	-1.358800	-0.592900
1627302581.100311	-0.651100	-0.143800	-0.446900	0.057300	-1.532900	-0.686000
1627302581.107941	-0.696800	-0.198000	-0.447900	-0.166200	-1.683800	-0.746200
1627302581.119557	-0.744500	-0.228100	-0.466200	-0.345500	-1.762300	-0.769700
1627302581.120451	-0.791600	-0.250900	-0.495800	-0.457600	-1.776100	-0.758100
1627302581.142940	-0.811800	-0.263300	-0.548500	-0.533400	-1.736400	-0.705300
1627302581.146495	-0.803600	-0.234300	-0.575100	-0.567900	-1.716500	-0.631900
1627302581.161295	-0.788700	-0.210600	-0.574000	-0.608800	-1.705200	-0.533000
1627302581.186040	-0.773300	-0.186400	-0.560200	-0.681500	-1.731200	-0.432200
1627302581.186935	-0.763200	-0.156200	-0.541900	-0.729100	-1.778800	-0.350600
1627302581.187816	-0.752800	-0.120200	-0.527200	-0.690000	-1.848500	-0.311900
1627302581.196509	-0.745600	-0.096100	-0.505400	-0.594100	-1.926600	-0.304800
1627302581.205771	-0.755500	-0.090100	-0.479600	-0.528200	-2.029900	-0.324700
1627302581.227862	-0.785300	-0.082200	-0.504500	-0.518400	-2.130100	-0.347900
1627302581.229016	-0.813500	-0.060100	-0.564500	-0.507400	-2.245800	-0.363800
1627302581.244544	-0.848000	-0.064300	-0.610700	-0.524500	-2.361000	-0.360100
1627302581.249594	-0.848000	-0.064300	-0.610700	-0.524500	-2.361000	-0.360100
1627302581.250492	-0.979000	-0.103600	-0.592000	-0.816500	-2.434600	-0.321000
1627302581.273076	-0.979000	-0.103600	-0.592000	-0.816500	-2.434600	-0.321000
1627302581.276669	-1.050200	-0.151900	-0.521900	-1.026300	-2.302600	-0.284400
1627302581.287940	-1.099500	-0.197400	-0.441300	-1.254500	-2.072900	-0.221100
1627302581.292217	-1.097900	-0.210100	-0.379600	-1.354700	-1.846300	-0.142300
1627302581.313045	-1.022800	-0.193100	-0.342900	-1.372400	-1.632800	-0.090700
1627302581.316538	-0.910200	-0.166400	-0.324500	-1.332100	-1.535700	-0.108700
1627302581.326355	-0.852200	-0.126100	-0.313200	-1.283500	-1.544200	-0.162200
1627302581.334563	-0.850300	-0.095800	-0.298800	-1.235900	-1.552500	-0.218100
1627302581.357202	-0.902800	-0.047500	-0.278800	-1.137200	-1.543000	-0.267300
1627302581.358033	-0.999100	-0.017300	-0.236600	-0.984500	-1.494500	-0.292000
1627302581.375906	-1.097900	-0.025100	-0.263900	-0.716900	-1.363400	-0.270000
1627302581.387423	-1.194500	-0.049700	-0.343100	-0.372700	-1.172800	-0.251700
1627302581.388331	-1.271900	-0.101100	-0.374300	-0.260900	-0.954800	-0.253500
1627302581.396595	-1.276700	-0.116600	-0.398200	-0.300600	-0.781000	-0.235200
1627302581.405214	-1.246100	-0.134600	-0.396600	-0.446300	-0.748600	-0.190300
1627302581.427191	-1.236900	-0.148600	-0.411500	-0.672000	-0.769400	-0.116700
1627302581.428112	-1.295300	-0.080900	-0.486500	-0.811300	-0.713200	-0.051300
1627302581.434943	-1.337400	0.034500	-0.594800	-0.709900	-0.551000	0.026600
1627302581.447284	-1.303000	0.211800	-0.690900	-0.483000	-0.391200	0.194900
1627302581.468127	-1.227700	0.315300	-0.586400	-0.448400	-0.265100	0.397400
1627302581.469212	-1.157000	0.287100	-0.322300	-0.686700	-0.094000	0.589500
1627302581.479305	-1.025800	0.185100	-0.149700	-0.725200	0.083700	0.704600
1627302581.489859	-0.825600	0.052000	-0.064900	-0.415500	0.088300	0.702500
1627302581.507207	-0.746500	0.002800	-0.050400	-0.208400	-0.110800	0.619400
1627302581.517174	-0.771700	-0.005000	-0.077900	-0.119200	-0.252600	0.499100
1627302581.518105	-0.832500	0.010900	-0.142200	0.008200	-0.278500	0.370500
1627302581.520193	-0.902800	0.050700	-0.162100	0.079600	-0.258400	0.269700
1627302581.543015	-0.978500	0.119400	-0.128800	0.028300	-0.255300	0.196700
1627302581.545221	-1.063600	0.204800	-0.056000	-0.118600	-0.226000	0.149300
1627302581.548851	-1.104600	0.260300	-0.022100	-0.158300	-0.185100	0.130700
1627302581.575692	-1.109600	0.273700	-0.064000	0.005400	-0.192700	0.146000
1627302581.576795	-1.069300	0.256000	-0.131100	0.245800	-0.189000	0.171000
1627302581.586558	-1.027100	0.235800	-0.212300	0.444600	-0.203700	0.195800
1627302581.594741	-1.013300	0.223900	-0.253900	0.546700	-0.245800	0.210400
1627302581.613841	-1.007900	0.203600	-0.257800	0.546000	-0.290400	0.232700
1627302581.615262	-0.999500	0.180500	-0.257000	0.491700	-0.331100	0.253800
1627302581.630062	-0.992200	0.168600	-0.255700	0.392700	-0.388200	0.246500
1627302581.634560	-0.989900	0.172100	-0.259200	0.308100	-0.434900	0.214700
1627302581.655676	-0.977700	0.179900	-0.243900	0.243700	-0.474000	0.177800
1627302581.657831	-0.969800	0.175900	-0.220500	0.195700	-0.514300	0.138700
1627302581.667712	-0.965200	0.175900	-0.186400	0.154500	-0.545500	0.098000
1627302581.677180	-0.963900	0.172700	-0.147200	0.104700	-0.569600	0.051000
1627302581.695803	-0.960000	0.165300	-0.122800	0.045700	-0.591300	0.014300
1627302581.696752	-0.961300	0.149300	-0.121700	-0.006800	-0.613300	-0.010400
1627302581.711343	-0.960800	0.132400	-0.127400	-0.036100	-0.619700	-0.016500
1627302581.723775	-0.964400	0.127600	-0.136200	-0.062100	-0.612100	-0.014700
1627302581.736016	-0.969100	0.127700	-0.148900	-0.069700	-0.593100	-0.001800
1627302581.736909	-0.970800	0.124300	-0.154100	-0.066400	-0.550100	0.010400
1627302581.742673	-0.972500	0.131600	-0.147500	-0.056900	-0.487400	0.015900
1627302581.767361	-0.969000	0.128400	-0.153100	-0.036700	-0.396100	0.016200
1627302581.777220	-0.965200	0.125900	-0.177500	0.001100	-0.301700	0.004900
1627302581.778155	-0.977800	0.120800	-0.207000	0.051200	-0.224800	-0.011000
1627302581.789163	-0.986500	0.110500	-0.226200	0.115400	-0.144100	-0.019200
1627302581.801622	-0.986800	0.092800	-0.230100	0.197200	-0.078500	-0.018000
1627302581.805263	-0.994000	0.063100	-0.232700	0.278500	-0.036000	0.000600
1627302581.820852	-0.995000	0.048300	-0.225500	0.331000	-0.003900	0.022600
1627302581.821752	-0.992800	0.039900	-0.211300	0.329200	0.017100	0.047300
1627302581.842753	-0.995600	0.036600	-0.199500	0.322500	0.047700	0.069600
1627302581.845289	-0.994400	0.045400	-0.187100	0.300500	0.073600	0.078800
1627302581.855298	-0.993900	0.066800	-0.170400	0.266300	0.089500	0.070900
1627302581.862010	-0.980000	0.074300	-0.150300	0.227500	0.102300	0.053700
1627302581.880696	-0.972000	0.076700	-0.121300	0.173100	0.077300	0.035700
1627302581.885332	-0.977300	0.085700	-0.098300	0.108700	0.059900	0.022000
1627302581.896507	-0.991800	0.097200	-0.087300	0.100700	0.033300	0.004900
1627302581.903367	-1.004200	0.103300	-0.076800	0.142300	0.008300	-0.008600
1627302581.924452	-1.010600	0.100300	-0.062500	0.184400	-0.009700	-0.019900
1627302581.925270	-1.010000	0.090200	-0.047000	0.200300	-0.027800	-0.029000
1627302581.935317	-1.008700	0.090900	-0.037500	0.195100	-0.049800	-0.033900
1627302581.944578	-1.002700	0.087900	-0.036600	0.182600	-0.074500	-0.030900
1627302581.969122	-0.992400	0.073200	-0.041100	0.171000	-0.100500	-0.018600
1627302581.970091	-0.992600	0.061900	-0.047700	0.154200	-0.127600	-0.010400
1627302581.985574	-0.996200	0.053200	-0.054600	0.161800	-0.135300	-0.002800
1627302581.990849	-0.990700	0.036300	-0.069100	0.193300	-0.146300	0.004000
1627302581.991865	-0.976800	0.019400	-0.090800	0.226900	-0.154200	0.014700
1627302582.011952	-0.978100	0.007100	-0.112100	0.263800	-0.156400	0.018300
1627302582.014029	-0.984400	0.009000	-0.129800	0.316000	-0.136500	0.014300
1627302582.032043	-0.992600	0.017600	-0.132100	0.374400	-0.102900	0.012500
1627302582.047162	-0.999100	0.029400	-0.122400	0.430900	-0.040300	0.032700
1627302582.048073	-1.006500	0.028700	-0.114500	0.481300	0.026000	0.053100
1627302582.052806	-0.992800	0.025500	-0.111600	0.525900	0.072700	0.070200
1627302582.073082	-0.982300	0.032500	-0.120000	0.526200	0.098400	0.075400
1627302582.076643	-0.969800	0.038600	-0.130100	0.488000	0.114900	0.072100
1627302582.086389	-0.973800	0.050200	-0.131300	0.427800	0.119400	0.058600
1627302582.107331	-0.995400	0.063100	-0.121600	0.339600	0.116700	0.028400
1627302582.108339	-1.005600	0.060400	-0.102400	0.231400	0.123100	-0.004600
1627302582.116528	-1.004900	0.045900	-0.098300	0.150500	0.128600	-0.016500
1627302582.131337	-1.001500	0.035500	-0.106700	0.094000	0.135300	-0.021400
1627302582.150996	-0.993200	0.024300	-0.110700	0.047000	0.131100	-0.026000
1627302582.151888	-0.970700	0.007700	-0.122400	0.000800	0.106900	-0.025100
1627302582.154050	-0.967800	0.006300	-0.132700	-0.063900	0.080700	-0.033300
1627302582.172252	-0.987900	0.013400	-0.139000	-0.164700	0.055300	-0.067200
1627302582.193219	-1.004500	0.033300	-0.134600	-0.264000	0.050400	-0.110600
1627302582.195468	-1.004500	0.044400	-0.127400	-0.353500	0.051600	-0.152100
1627302582.196510	-0.999900	0.047200	-0.125500	-0.446000	0.048000	-0.183300
1627302582.212029	-0.990200	0.052900	-0.117700	-0.521800	0.049800	-0.201000
1627302582.212929	-0.978000	0.052200	-0.108000	-0.601500	0.042200	-0.211700
1627302582.233973	-0.971700	0.059300	-0.097900	-0.671700	0.026600	-0.224200
1627302582.235563	-0.973400	0.076500	-0.095800	-0.709000	0.005200	-0.248600
1627302582.251138	-0.993300	0.091800	-0.094200	-0.699500	-0.006100	-0.274000
1627302582.256074	-1.009900	0.104400	-0.088300	-0.668100	-0.003900	-0.303300
1627302582.275751	-1.012000	0.118500	-0.088100	-0.611200	0.003700	-0.326200
1627302582.276571	-0.995600	0.127900	-0.085400	-0.548600	0.000900	-0.336600
1627302582.303372	-0.973100	0.138400	-0.081100	-0.494300	-0.020100	-0.337500
1627302582.306586	-0.962300	0.140100	-0.078200	-0.457900	-0.064100	-0.342400
1627302582.313334	-0.972200	0.148100	-0.077900	-0.439000	-0.119100	-0.369900
1627302582.314234	-0.988600	0.157100	-0.089000	-0.413300	-0.154200	-0.401700
1627302582.335870	-1.003300	0.173600	-0.099400	-0.376700	-0.172900	-0.428800
1627302582.336682	-1.007900	0.177600	-0.107500	-0.338200	-0.177700	-0.444100
1627302582.345197	-1.004900	0.178100	-0.110800	-0.298500	-0.171600	-0.440700
1627302582.357192	-0.997300	0.171100	-0.113300	-0.257900	-0.164000	-0.430700
1627302582.358092	-1.003700	0.169700	-0.115400	-0.216000	-0.157600	-0.426700
1627302582.379346	-1.032000	0.167500	-0.115100	-0.173600	-0.139900	-0.437700
1627302582.384176	-1.059100	0.159500	-0.109100	-0.136600	-0.089800	-0.451400
1627302582.391524	-1.064800	0.131800	-0.105000	-0.100600	-0.009400	-0.441700
1627302582.413424	-1.054300	0.101200	-0.117600	-0.067300	0.081000	-0.405000
1627302582.414320	-1.040900	0.074700	-0.137900	-0.044100	0.165300	-0.361000
1627302582.424143	-1.028900	0.055100	-0.154800	-0.035500	0.242800	-0.319200
1627302582.431296	-1.027000	0.040200	-0.170700	-0.032800	0.330200	-0.283100
1627302582.452005	-1.032100	0.036100	-0.178600	-0.023000	0.432500	-0.262700
1627302582.452871	-1.031200	0.024900	-0.188700	-0.008300	0.542800	-0.242500
1627302582.467522	-1.024200	0.019200	-0.207300	0.011200	0.670100	-0.213500
1627302582.468752	-1.022600	0.017200	-0.223300	0.049400	0.803000	-0.172900
1627302582.494867	-1.025000	0.017600	-0.238500	0.117500	0.944400	-0.125800
1627302582.495861	-1.033100	0.020400	-0.251800	0.204300	1.083100	-0.075400
1627302582.502716	-1.038300	0.025400	-0.270500	0.332800	1.244400	-0.013100
1627302582.512320	-1.046000	0.001300	-0.296300	0.449800	1.370800	0.030800
1627302582.536941	-1.068400	-0.017600	-0.328900	0.525000	1.461800	0.062300
1627302582.537936	-1.111300	-0.037400	-0.369800	0.581500	1.522300	0.084000
1627302582.546413	-1.178600	-0.058700	-0.407100	0.613200	1.594100	0.085200
1627302582.555053	-1.226300	-0.074100	-0.429900	0.627000	1.691800	0.093500
1627302582.557067	-1.238600	-0.086700	-0.455400	0.655100	1.795700	0.114200
1627302582.580830	-1.195800	-0.136800	-0.492700	0.733600	1.881800	0.161900
1627302582.582954	-1.175200	-0.191500	-0.496200	0.787300	1.931600	0.204900
1627302582.594118	-1.153800	-0.200800	-0.480000	0.760100	2.000000	0.215300
1627302582.602161	-1.142200	-0.197300	-0.458300	0.725000	2.070900	0.221700
1627302582.625177	-1.112200	-0.244600	-0.451500	0.676500	2.139600	0.248900
1627302582.626490	-1.079100	-0.286300	-0.460300	0.569600	2.168000	0.316400
1627302582.641554	-1.061900	-0.329600	-0.469500	0.457800	2.142000	0.405600
1627302582.648315	-1.046500	-0.404300	-0.465300	0.307500	2.080000	0.525300
1627302582.649211	-1.013500	-0.424900	-0.440300	0.195400	2.011900	0.585500
1627302582.673172	-0.990200	-0.411500	-0.411400	0.057700	1.926400	0.589500
1627302582.674348	-0.972900	-0.339600	-0.395600	-0.063300	1.841800	0.527200
1627302582.682616	-0.986800	-0.209400	-0.405500	-0.090800	1.804800	0.460900
1627302582.704736	-0.997100	-0.040300	-0.419400	-0.122900	1.827100	0.446800
1627302582.705631	-0.992600	0.121600	-0.443000	-0.167800	1.869600	0.463000
1627302582.724532	-0.979600	0.245500	-0.467300	-0.158900	1.909000	0.502700
1627302582.732522	-0.955800	0.280500	-0.489400	-0.023900	1.931000	0.545800
1627302582.747131	-0.910800	0.257700	-0.512900	0.199100	1.919100	0.564100
1627302582.748018	-0.857500	0.220600	-0.524900	0.447100	1.891000	0.585500
1627302582.751410	-0.837800	0.181600	-0.531500	0.725900	1.875700	0.598000
1627302582.773861	-0.809100	0.143200	-0.511700	0.973300	1.911400	0.598600
1627302582.783354	-0.755900	0.064500	-0.486900	1.215500	1.929400	0.579700
1627302582.784244	-0.711300	-0.014400	-0.481200	1.416800	1.888800	0.544300
1627302582.805283	-0.677900	-0.092700	-0.479200	1.499300	1.813400	0.501500
1627302582.806410	-0.679100	-0.163000	-0.485100	1.475200	1.733400	0.474000
1627302582.821469	-0.660900	-0.220200	-0.498800	1.386600	1.676800	0.460900
1627302582.824558	-0.668000	-0.258300	-0.529400	1.262900	1.611200	0.471300
1627302582.825467	-0.666600	-0.298000	-0.554900	1.108600	1.592600	0.494500
1627302582.850637	-0.665400	-0.308200	-0.582600	0.927800	1.590700	0.529600
1627302582.852810	-0.650500	-0.322500	-0.606900	0.756200	1.618500	0.553400
1627302582.863979	-0.616600	-0.297400	-0.619900	0.582100	1.589500	0.562600
1627302582.870886	-0.569100	-0.271100	-0.621600	0.363400	1.457200	0.554400
1627302582.891636	-0.533900	-0.238000	-0.589600	0.158800	1.289000	0.539400
1627302582.892908	-0.498700	-0.202400	-0.556000	-0.023300	1.120400	0.515300
1627302582.908386	-0.484000	-0.154900	-0.535000	-0.166200	0.954200	0.477400
1627302582.912069	-0.461100	-0.106000	-0.531600	-0.245300	0.790500	0.424500
1627302582.934373	-0.448200	-0.089500	-0.532100	-0.260000	0.657300	0.377800
1627302582.935508	-0.435200	-0.078500	-0.526000	-0.248700	0.537300	0.339300
1627302582.942607	-0.425000	-0.094100	-0.519200	-0.223700	0.415400	0.300500
1627302582.952083	-0.427100	-0.101800	-0.518400	-0.183300	0.287700	0.266600
1627302582.975600	-0.432100	-0.108300	-0.525800	-0.118600	0.173200	0.235800
1627302582.976732	-0.424000	-0.109500	-0.539700	-0.058400	0.068400	0.201000
1627302582.992043	-0.407000	-0.116100	-0.540200	-0.025100	-0.054300	0.146000
1627302582.995788	-0.387700	-0.120000	-0.547000	-0.046500	-0.177700	0.096500
1627302582.996689	-0.381100	-0.107300	-0.557400	-0.076400	-0.333800	0.042400
1627302583.020491	-0.394800	-0.082200	-0.570600	-0.071500	-0.499100	-0.008900
1627302583.022831	-0.426600	-0.064700	-0.572300	-0.027900	-0.642300	-0.053200
1627302583.037736	-0.454500	-0.065300	-0.547600	0.002100	-0.743400	-0.083100
1627302583.056215	-0.473400	-0.070200	-0.520300	0.002700	-0.841700	-0.110000
1627302583.057117	-0.480700	-0.076300	-0.502600	-0.024200	-0.949300	-0.149700
1627302583.066567	-0.503300	-0.077100	-0.502900	-0.064800	-1.068700	-0.185700
1627302583.075508	-0.529800	-0.083600	-0.512600	-0.114900	-1.189300	-0.218400
1627302583.077342	-0.566400	-0.084600	-0.510700	-0.172600	-1.293500	-0.242800
1627302583.102095	-0.601000	-0.094800	-0.516800	-0.211100	-1.388800	-0.251700
1627302583.102911	-0.633200	-0.097300	-0.536600	-0.208100	-1.478300	-0.245300
1627302583.114109	-0.678700	-0.089600	-0.583000	-0.145800	-1.584900	-0.225700
1627302583.119570	-0.729500	-0.072800	-0.610200	-0.055700	-1.678300	-0.192100
1627302583.142172	-0.747800	-0.079000	-0.589400	-0.004000	-1.714400	-0.156700
1627302583.143027	-0.754600	-0.091600	-0.534900	0.007600	-1.727200	-0.121300
1627302583.152904	-0.749600	-0.113500	-0.488000	-0.015300	-1.729000	-0.102900
1627302583.160861	-0.746200	-0.120500	-0.477200	-0.062400	-1.730300	-0.106300
1627302583.182340	-0.754600	-0.105200	-0.500700	-0.176900	-1.773300	-0.138700
1627302583.183238	-0.801600	-0.073600	-0.532100	-0.318900	-1.856400	-0.181100
1627302583.192832	-0.845900	-0.065800	-0.548600	-0.431700	-1.904300	-0.214700
1627302583.197622	-0.884600	-0.052200	-0.560400	-0.463400	-1.910500	-0.219600
1627302583.222237	-0.899500	-0.061200	-0.573600	-0.422500	-1.914700	-0.204000
1627302583.223126	-0.906000	-0.083100	-0.562100	-0.369300	-1.902800	-0.179900
1627302583.232811	-0.929000	-0.087800	-0.547100	-0.382500	-1.869200	-0.176200
1627302583.240236	-0.949600	-0.077400	-0.542400	-0.419100	-1.827100	-0.194300
1627302583.260753	-0.963700	-0.085400	-0.537600	-0.457300	-1.783100	-0.240700
1627302583.261613	-0.979200	-0.096700	-0.523600	-0.547400	-1.758000	-0.289900
1627302583.283489	-0.987500	-0.094200	-0.509600	-0.662900	-1.745500	-0.344800
1627302583.302914	-0.997400	-0.101200	-0.506300	-0.757900	-1.758700	-0.396800
1627302583.304369	-1.019300	-0.110700	-0.512700	-0.834800	-1.776100	-0.416600
1627302583.313405	-1.025300	-0.133300	-0.518700	-0.910000	-1.784600	-0.411400
1627302583.314298	-1.022900	-0.140300	-0.515700	-1.006500	-1.792300	-0.380900
1627302583.327794	-1.006200	-0.141000	-0.494900	-1.125300	-1.762900	-0.343300
1627302583.347672	-1.002400	-0.145500	-0.463500	-1.215700	-1.748600	-0.314000
1627302583.350876	-1.010000	-0.136400	-0.425800	-1.261200	-1.679500	-0.285300
1627302583.351765	-1.002400	-0.144800	-0.381200	-1.254800	-1.603200	-0.262100
1627302583.366440	-0.977300	-0.143700	-0.350000	-1.217800	-1.561700	-0.252600
1627302583.380293	-0.978300	-0.155300	-0.346700	-1.163200	-1.526200	-0.257500
1627302583.382869	-1.000100	-0.147800	-0.327400	-1.112800	-1.439800	-0.278600
1627302583.392333	-1.044700	-0.129600	-0.281400	-1.037900	-1.329800	-0.305400
1627302583.411021	-1.113200	-0.087600	-0.288500	-0.834500	-1.216500	-0.318900
1627302583.422157	-1.214800	-0.022300	-0.344100	-0.476900	-0.998100	-0.289600
1627302583.423082	-1.250100	0.063400	-0.392900	-0.168100	-0.688400	-0.213800
1627302583.430199	-1.180100	0.138100	-0.319000	-0.124700	-0.535400	-0.123400
1627302583.452533	-1.117100	0.139400	-0.201000	-0.327200	-0.577200	-0.029300
1627302583.463434	-1.101000	0.043500	-0.199500	-0.479000	-0.684400	0.031800
1627302583.464335	-1.100300	-0.038200	-0.292500	-0.464600	-0.678000	0.046700
1627302583.470280	-1.056500	-0.063400	-0.372200	-0.331200	-0.608400	0.071500
1627302583.490271	-1.067500	-0.005100	-0.392100	-0.236800	-0.531100	0.131900
1627302583.502180	-1.120700	0.078200	-0.350100	-0.275600	-0.443500	0.197600
1627302583.503064	-1.151600	0.100100	-0.303000	-0.388000	-0.358200	0.215000
1627302583.511467	-1.150600	0.064500	-0.284200	-0.354100	-0.244300	0.197900
1627302583.532585	-1.107300	0.006100	-0.286100	-0.090500	-0.199400	0.190600
1627302583.541021	-1.063200	-0.007800	-0.230000	0.089700	-0.251000	0.209200
1627302583.541954	-1.005700	-0.017100	-0.168100	0.060700	-0.295000	0.220200
1627302583.550341	-0.953900	-0.029800	-0.153800	0.017900	-0.353400	0.230600
1627302583.574008	-0.924000	-0.031600	-0.142600	0.005700	-0.398900	0.236700
1627302583.579712	-0.909700	-0.042200	-0.106200	-0.067300	-0.404100	0.235200
1627302583.580615	-0.920900	-0.009000	-0.084500	-0.202900	-0.415700	0.231200
1627302583.591641	-0.944900	0.076200	-0.080100	-0.315000	-0.374700	0.232400
1627302583.595115	-0.947500	0.159300	-0.095900	-0.311300	-0.337200	0.223300
1627302583.620935	-0.990500	0.237900	-0.134400	-0.136600	-0.296900	0.214400
1627302583.621823	-1.046300	0.297900	-0.156200	0.125500	-0.240700	0.191800
1627302583.630311	-1.104600	0.336100	-0.147300	0.366800	-0.165200	0.188400
1627302583.636501	-1.093300	0.340900	-0.141800	0.586100	-0.077900	0.234900
1627302583.660848	-1.051000	0.310500	-0.159400	0.751300	-0.033600	0.310600
1627302583.661734	-1.002400	0.240100	-0.216400	0.913200	-0.037200	0.359800
1627302583.674356	-0.973000	0.161000	-0.272700	0.994700	-0.068400	0.333200
1627302583.675471	-0.947600	0.107500	-0.316700	0.964800	-0.109600	0.272400
1627302583.701171	-0.951300	0.088300	-0.340200	0.814200	-0.170100	0.208000
1627302583.702067	-0.969600	0.083700	-0.353800	0.599200	-0.206400	0.158200
1627302583.716514	-0.967000	0.087600	-0.348800	0.320000	-0.224500	0.107500
1627302583.730352	-0.954200	0.107800	-0.332600	0.051500	-0.229700	0.067200
1627302583.731427	-0.969100	0.139400	-0.302200	-0.216600	-0.220500	0.026000
1627302583.745101	-0.963900	0.163600	-0.263200	-0.354700	-0.182000	0.013700
1627302583.769738	-0.966900	0.178100	-0.231600	-0.411200	-0.148100	0.025300
1627302583.770642	-0.975100	0.194000	-0.207900	-0.377900	-0.097400	0.052200
1627302583.771539	-0.970600	0.190900	-0.193400	-0.291500	-0.042400	0.087700
1627302583.781522	-0.941200	0.179800	-0.196200	-0.164100	-0.004600	0.133800
1627302583.802764	-0.915400	0.168600	-0.209000	-0.051700	0.021400	0.180800
1627302583.810929	-0.918900	0.165300	-0.208900	0.043600	0.067200	0.209500
1627302583.811807	-0.940400	0.169900	-0.194900	0.084200	0.127700	0.211400
1627302583.821608	-0.948400	0.170300	-0.170000	0.105300	0.190000	0.193600
1627302583.822497	-0.945100	0.166600	-0.156500	0.127300	0.249600	0.172300
1627302583.848119	-0.944200	0.159400	-0.164800	0.143200	0.300600	0.153600
1627302583.850368	-0.933500	0.160600	-0.187000	0.167300	0.321300	0.134100
1627302583.861442	-0.927200	0.141800	-0.199200	0.199400	0.283500	0.099600
1627302583.869880	-0.942900	0.124000	-0.198200	0.185600	0.255100	0.064100
1627302583.890035	-0.956500	0.114500	-0.198100	0.168200	0.212900	0.043700
1627302583.890935	-0.980500	0.107200	-0.197900	0.171900	0.155200	0.030200
1627302583.901577	-0.991900	0.091600	-0.185400	0.169400	0.096800	0.024400
1627302583.908878	-0.996000	0.086300	-0.173200	0.147800	0.017400	0.008500
1627302583.932219	-1.001100	0.090600	-0.168900	0.142000	-0.036900	-0.006100
1627302583.933138	-1.007200	0.105200	-0.167400	0.177400	-0.072400	-0.022900
1627302583.940392	-0.993500	0.101200	-0.157700	0.215600	-0.094000	-0.029300
1627302583.952701	-0.991800	0.095800	-0.144700	0.217100	-0.133100	-0.028400
1627302583.974326	-1.000900	0.095200	-0.150000	0.219500	-0.160000	-0.030600
1627302583.975419	-1.007200	0.084000	-0.159200	0.228400	-0.171000	-0.044300
1627302583.980405	-1.010300	0.063200	-0.160900	0.226900	-0.178700	-0.059600
1627302583.994511	-1.013300	0.028400	-0.156400	0.201500	-0.179900	-0.067800
1627302583.995399	-0.998300	-0.009500	-0.167400	0.155700	-0.194200	-0.073000
1627302584.018087	-0.986200	-0.010700	-0.176900	0.128800	-0.224800	-0.077900
1627302584.020339	-0.978300	-0.012200	-0.188200	0.117800	-0.250100	-0.085200
1627302584.033885	-0.968500	-0.018700	-0.188200	0.089700	-0.259600	-0.096200
1627302584.051415	-0.958300	-0.019200	-0.184700	0.033500	-0.277300	-0.113000
1627302584.060820	-0.958500	-0.018900	-0.179900	-0.041900	-0.296900	-0.136500
1627302584.061705	-0.966800	-0.005500	-0.180200	-0.122900	-0.296900	-0.159700
1627302584.080720	-0.960600	0.007800	-0.175300	-0.231900	-0.294700	-0.189100
1627302584.081615	-0.971900	0.025300	-0.171000	-0.312500	-0.291700	-0.209500
1627302584.090374	-0.977100	0.036600	-0.165500	-0.348900	-0.275800	-0.223900
1627302584.102212	-0.973600	0.045800	-0.156500	-0.372400	-0.258700	-0.232100
1627302584.103169	-0.972900	0.054100	-0.151400	-0.383400	-0.240400	-0.231800
1627302584.125146	-0.974400	0.067600	-0.152600	-0.375800	-0.217100	-0.225700
1627302584.140641	-0.979400	0.070700	-0.155500	-0.342200	-0.181400	-0.210800
1627302584.144571	-0.980000	0.082800	-0.158800	-0.292400	-0.151200	-0.202200
1627302584.168254	-0.977900	0.085300	-0.167700	-0.241700	-0.143500	-0.212000
1627302584.169070	-0.981200	0.094800	-0.173600	-0.197100	-0.136800	-0.218700
1627302584.171609	-0.985200	0.108000	-0.176900	-0.162000	-0.137100	-0.233100
1627302584.183629	-0.982100	0.122400	-0.173200	-0.152500	-0.140800	-0.248000
1627302584.184541	-0.981600	0.134200	-0.169600	-0.155800	-0.150900	-0.260800
1627302584.208097	-0.988400	0.143100	-0.150900	-0.180300	-0.173800	-0.276700
1627302584.210278	-0.998800	0.150000	-0.133700	-0.233700	-0.188700	-0.293200
1627302584.220239	-1.002400	0.146200	-0.130600	-0.269200	-0.192700	-0.308500
1627302584.228340	-1.008700	0.134600	-0.132000	-0.282900	-0.200000	-0.325000
1627302584.250753	-1.012500	0.119000	-0.129900	-0.287800	-0.197300	-0.347900
1627302584.251574	-1.011200	0.096200	-0.124500	-0.297000	-0.187200	-0.367100
1627302584.261430	-1.004800	0.074700	-0.129000	-0.301200	-0.173200	-0.380900
1627302584.271105	-0.986900	0.059100	-0.142700	-0.294500	-0.158800	-0.389100
1627302584.288429	-0.966700	0.050200	-0.162000	-0.285300	-0.148400	-0.396500
1627302584.290526	-0.961800	0.053700	-0.183000	-0.289600	-0.147500	-0.408100
1627302584.300299	-0.964200	0.066000	-0.190400	-0.314400	-0.144800	-0.426100
1627302584.307206	-0.971400	0.083400	-0.188800	-0.363200	-0.138000	-0.441400
1627302584.330646	-0.980700	0.093900	-0.182000	-0.423700	-0.117000	-0.445600
1627302584.331541	-0.996700	0.113000	-0.176800	-0.490900	-0.083400	-0.442600
1627302584.345288	-1.033900	0.147600	-0.183800	-0.525100	-0.024100	-0.423900
1627302584.355994	-1.059800	0.166500	-0.189700	-0.507700	0.057100	-0.398900
1627302584.371099	-1.075300	0.185300	-0.187400	-0.463700	0.157300	-0.356100
1627302584.371995	-1.077000	0.196500	-0.182600	-0.402000	0.283200	-0.289900
1627302584.392246	-1.074700	0.201400	-0.189800	-0.327200	0.436800	-0.200700
1627302584.401853	-1.057900	0.193000	-0.205800	-0.258800	0.619100	-0.099600
1627302584.402673	-1.042000	0.185400	-0.211800	-0.186400	0.811300	0.006400
1627302584.408920	-1.043200	0.185200	-0.195600	-0.054400	1.063200	0.134100
1627302584.431683	-1.052700	0.160300	-0.180200	0.072000	1.280700	0.219600
1627302584.432688	-1.078100	0.126500	-0.180400	0.187200	1.496300	0.281600
1627302584.448025	-1.143600	0.078900	-0.202500	0.302900	1.709500	0.318300
1627302584.454680	-1.234000	0.014400	-0.244000	0.402200	1.916900	0.297800
1627302584.473135	-1.294200	-0.044200	-0.301800	0.485000	2.107500	0.229700
1627302584.474047	-1.303800	-0.074300	-0.379000	0.594900	2.253200	0.167400
1627302584.480257	-1.247400	-0.112400	-0.460200	0.765300	2.383600	0.137700
1627302584.494412	-1.173800	-0.145900	-0.512300	0.850600	2.426100	0.169200
1627302584.495295	-1.108600	-0.151700	-0.531900	0.885700	2.426100	0.226300
1627302584.518047	-1.042400	-0.200400	-0.518200	0.940000	2.366200	0.272700
1627302584.520303	-0.974200	-0.259400	-0.499500	0.962300	2.228800	0.312400
1627302584.529008	-0.924700	-0.307000	-0.501300	0.931800	2.022300	0.358900
1627302584.534622	-0.902500	-0.367300	-0.508700	0.871000	1.765700	0.418700
1627302584.559481	-0.901600	-0.442700	-0.465500	0.843800	1.550100	0.461200
1627302584.560320	-0.906700	-0.502400	-0.390600	0.857600	1.413600	0.470400
1627302584.571695	-0.949200	-0.534500	-0.299400	0.800800	1.369600	0.434600
1627302584.589084	-1.000700	-0.475200	-0.237300	0.579600	1.427300	0.357000
1627302584.601114	-1.028900	-0.322000	-0.228900	0.148100	1.486900	0.264200
1627302584.602005	-1.057900	-0.106800	-0.262600	-0.374800	1.511300	0.200400
1627302584.606503	-1.072400	0.068000	-0.353100	-0.786000	1.574200	0.201000
1627302584.628843	-1.054700	0.146900	-0.425200	-0.961900	1.688800	0.238800
1627302584.639785	-1.040000	0.171100	-0.469200	-0.939000	1.748300	0.262700
1627302584.640676	-1.003900	0.198100	-0.505400	-0.800600	1.811900	0.278500
1627302584.645255	-0.966200	0.205000	-0.539300	-0.542200	1.825600	0.289800
1627302584.666383	-0.932100	0.198600	-0.568600	-0.192200	1.813400	0.328600
1627302584.669168	-0.871500	0.191200	-0.567900	0.223200	1.779500	0.373500
1627302584.681258	-0.807000	0.134400	-0.527600	0.699100	1.691200	0.409600
1627302584.704454	-0.755700	0.072900	-0.481700	1.047900	1.570600	0.416300
1627302584.705268	-0.731700	-0.007200	-0.448000	1.288500	1.433400	0.435200
1627302584.708927	-0.727900	-0.077600	-0.431400	1.375000	1.320100	0.456300
1627302584.723508	-0.728500	-0.133400	-0.438600	1.342000	1.260900	0.474900
1627302584.724414	-0.745400	-0.178100	-0.464600	1.236600	1.249900	0.489000
1627302584.745197	-0.774400	-0.226600	-0.514500	1.088800	1.249200	0.498200
1627302584.749009	-0.754900	-0.274000	-0.557300	0.880200	1.269100	0.473700
1627302584.764483	-0.725100	-0.281600	-0.575100	0.684100	1.248300	0.431000
1627302584.767276	-0.683800	-0.283100	-0.587200	0.480100	1.181100	0.364700
1627302584.790405	-0.645100	-0.266400	-0.580900	0.301100	1.095000	0.283700
1627302584.791895	-0.611300	-0.248200	-0.562900	0.164200	1.001500	0.215900
1627302584.807656	-0.576000	-0.224400	-0.545500	0.049700	0.907200	0.154200
1627302584.810795	-0.542700	-0.217800	-0.527700	-0.089300	0.780700	0.088900
1627302584.811692	-0.533200	-0.201300	-0.523300	-0.254800	0.611500	0.025000
1627302584.836964	-0.540600	-0.185400	-0.522800	-0.340000	0.473400	-0.028700
1627302584.839072	-0.563000	-0.166900	-0.538300	-0.380000	0.355200	-0.080900
1627302584.853990	-0.592000	-0.145900	-0.549900	-0.370600	0.262100	-0.117000
1627302584.859480	-0.601600	-0.127800	-0.565100	-0.293000	0.193700	-0.141100
1627302584.880418	-0.599900	-0.118200	-0.583700	-0.180900	0.132000	-0.158200
1627302584.881848	-0.606900	-0.125900	-0.580600	-0.056600	0.068400	-0.173200
1627302584.897523	-0.609700	-0.126500	-0.529900	0.090900	-0.003900	-0.204000
1627302584.900854	-0.608200	-0.122400	-0.494600	0.159400	-0.080600	-0.241000
1627302584.901757	-0.609400	-0.104900	-0.489400	0.159100	-0.174700	-0.292300
1627302584.925287	-0.611600	-0.094200	-0.506800	0.157800	-0.274600	-0.347300
1627302584.929035	-0.611800	-0.084700	-0.525500	0.162100	-0.374400	-0.404100
1627302584.944438	-0.612300	-0.066300	-0.551600	0.171600	-0.484400	-0.450800
1627302584.968509	-0.627000	-0.047200	-0.578400	0.185900	-0.616900	-0.473400
1627302584.969404	-0.652000	-0.048500	-0.571700	0.236300	-0.727500	-0.467300
1627302584.970294	-0.675700	-0.057400	-0.541100	0.318500	-0.796800	-0.453000
1627302584.979102	-0.669300	-0.068000	-0.515700	0.408600	-0.843000	-0.446900
1627302585.001011	-0.654200	-0.073700	-0.502400	0.459900	-0.894600	-0.436200
1627302585.002014	-0.655300	-0.077000	-0.495000	0.492600	-0.968800	-0.419700
1627302585.009252	-0.676500	-0.082000	-0.482700	0.521900	-1.060100	-0.426700
1627302585.018989	-0.704200	-0.111100	-0.468300	0.567700	-1.142000	-0.447200
1627302585.023462	-0.705100	-0.145600	-0.470900	0.568000	-1.192700	-0.475000
1627302585.045679	-0.705900	-0.172000	-0.484700	0.492300	-1.249200	-0.504300
1627302585.049154	-0.721800	-0.192700	-0.505000	0.381100	-1.307800	-0.532700
1627302585.059084	-0.731000	-0.195200	-0.516600	0.273300	-1.352700	-0.544300
1627302585.076576	-0.745000	-0.203100	-0.525500	0.184700	-1.390600	-0.531200
1627302585.092044	-0.743000	-0.216400	-0.517600	0.091300	-1.409200	-0.504300
1627302585.093078	-0.731900	-0.227100	-0.511100	-0.016600	-1.432500	-0.444100
1627302585.108683	-0.718900	-0.230000	-0.510900	-0.133900	-1.448900	-0.386400
1627302585.109580	-0.703900	-0.238600	-0.504000	-0.299700	-1.501200	-0.339300
1627302585.120333	-0.699600	-0.239300	-0.486800	-0.528200	-1.590100	-0.311900
1627302585.125295	-0.712000	-0.224700	-0.478100	-0.777400	-1.710100	-0.299900
1627302585.148470	-0.739100	-0.202800	-0.482800	-0.986600	-1.819400	-0.289600
1627302585.149359	-0.770100	-0.182900	-0.481400	-1.174500	-1.914100	-0.276100
1627302585.157925	-0.822100	-0.165800	-0.466300	-1.305200	-1.992300	-0.229700
1627302585.165097	-0.855500	-0.153600	-0.438100	-1.274000	-1.979800	-0.179000
1627302585.187308	-0.850700	-0.135100	-0.418000	-1.126200	-1.896700	-0.138400
1627302585.188216	-0.845100	-0.116700	-0.404100	-1.007700	-1.847200	-0.108700
1627302585.197883	-0.861800	-0.085700	-0.395800	-1.014700	-1.859800	-0.099000
1627302585.205288	-0.890500	-0.064900	-0.394400	-1.096300	-1.875000	-0.101700
1627302585.228448	-0.899900	-0.043600	-0.398200	-1.160400	-1.892700	-0.114200
1627302585.229298	-0.913500	-0.036000	-0.392900	-1.135700	-1.930300	-0.138400
1627302585.239250	-0.939500	-0.050500	-0.375500	-1.061800	-1.927300	-0.155500
1627302585.247813	-0.939800	-0.039300	-0.354400	-0.984800	-1.868300	-0.167100
1627302585.248701	-0.920900	-0.021700	-0.344000	-0.877000	-1.801700	-0.165600
1627302585.273403	-0.933500	-0.021400	-0.355200	-0.757900	-1.740600	-0.130100
1627302585.277958	-0.984000	-0.016400	-0.374900	-0.639700	-1.657600	-0.072700
1627302585.287792	-1.095500	-0.004900	-0.415600	-0.450600	-1.530800	0.018900
1627302585.294579	-1.224600	0.029700	-0.494400	-0.056300	-1.287400	0.162500
1627302585.318121	-1.353300	0.041900	-0.586500	0.386300	-0.818500	0.362800
1627302585.319279	-1.346300	0.063500	-0.679700	0.674000	-0.231800	0.590700
1627302585.329059	-1.196900	0.033900	-0.489700	0.448900	0.054700	0.788600
1627302585.334670	-1.060700	-0.094600	-0.259800	-0.147600	-0.149000	0.885100
1627302585.355761	-1.033200	-0.271900	-0.315100	-0.529100	-0.405300	0.791400
1627302585.357914	-0.961900	-0.496800	-0.323900	-0.918200	-0.510000	0.530800
1627302585.369321	-0.988800	-0.517700	-0.377200	-1.078300	-0.602900	0.314300
1627302585.373595	-1.093100	-0.301600	-0.611700	-1.089900	-0.504200	0.212000
1627302585.396837	-1.160600	0.034300	-0.722900	-1.213300	-0.241600	0.151200
1627302585.405989	-1.142600	0.183500	-0.514500	-1.260000	-0.010400	0.071500
1627302585.419432	-1.073400	0.110200	-0.223300	-1.133800	0.125300	-0.033300
1627302585.420262	-0.988900	0.090700	-0.151400	-0.749300	-0.031100	-0.061100
1627302585.435186	-1.028000	0.169700	-0.122400	-0.479600	-0.368000	-0.047700
1627302585.447718	-1.027000	0.229200	-0.099400	-0.470700	-0.413200	0.015600
1627302585.448924	-0.962300	0.284400	-0.130100	-0.407500	-0.429700	0.175300
1627302585.464527	-0.936000	0.338700	-0.148200	-0.334800	-0.484700	0.352200
1627302585.468539	-0.965600	0.398600	-0.149500	-0.241400	-0.489600	0.465800
1627302585.469438	-1.010400	0.434700	-0.140400	-0.009800	-0.439500	0.485000
1627302585.492851	-1.065300	0.460600	-0.105100	0.334700	-0.373800	0.445300
1627302585.508734	-1.113800	0.450200	-0.071200	0.803200	-0.241900	0.421200
1627302585.512084	-1.095500	0.392600	-0.096700	1.141300	-0.127600	0.447500
1627302585.512991	-1.027200	0.304900	-0.141000	1.404600	-0.040600	0.495100
1627302585.535576	-0.950700	0.221300	-0.178700	1.544200	-0.007900	0.537200
1627302585.537853	-0.896600	0.160800	-0.204200	1.529200	-0.025300	0.562900
1627302585.551490	-0.874900	0.114100	-0.218800	1.411900	-0.084300	0.566600
1627302585.571137	-0.901100	0.099200	-0.247900	1.258300	-0.165500	0.547900
1627302585.572036	-0.951200	0.101300	-0.278000	1.119900	-0.219900	0.498500
1627302585.577877	-1.024000	0.093300	-0.263800	0.990700	-0.232100	0.429400
1627302585.587883	-1.074000	0.071000	-0.247600	0.875000	-0.226000	0.350000
1627302585.594682	-1.081100	0.051600	-0.253200	0.810500	-0.230300	0.284000
1627302585.615842	-1.061400	0.025100	-0.259300	0.783100	-0.247700	0.238500
1627302585.617752	-1.038300	-0.002400	-0.242100	0.767200	-0.282800	0.210400
1627302585.632774	-1.022600	-0.022200	-0.206700	0.694200	-0.334100	0.192400
1627302585.657334	-1.015600	-0.021600	-0.179800	0.534400	-0.382100	0.166800
1627302585.658242	-1.026400	-0.015900	-0.175200	0.344500	-0.425700	0.149000
1627302585.659307	-1.027600	0.010900	-0.153400	0.122700	-0.444400	0.138700
1627302585.669240	-1.007200	0.042400	-0.142200	-0.063000	-0.430000	0.130100
1627302585.676020	-0.982200	0.075800	-0.131200	-0.169600	-0.408600	0.112400
1627302585.697263	-0.969000	0.108400	-0.119600	-0.198300	-0.396100	0.077000
1627302585.698160	-0.955600	0.133400	-0.102100	-0.152800	-0.397300	0.027500
1627302585.707888	-0.968100	0.147200	-0.087200	-0.067300	-0.415400	-0.009800
1627302585.715165	-0.990500	0.151100	-0.082200	0.061600	-0.403100	-0.024700
1627302585.738502	-1.006000	0.140500	-0.083500	0.214000	-0.356400	-0.006700
1627302585.739386	-1.005900	0.120000	-0.094000	0.337700	-0.306300	0.030500
1627302585.757105	-0.991700	0.100700	-0.115700	0.423600	-0.260800	0.076400
1627302585.766937	-0.983400	0.088500	-0.131000	0.481600	-0.226000	0.122800
1627302585.767807	-0.974500	0.083400	-0.136100	0.509700	-0.198500	0.141100
1627302585.777813	-0.974900	0.065600	-0.137000	0.504500	-0.177400	0.135600
1627302585.789533	-0.974000	0.058800	-0.141600	0.461700	-0.144100	0.119400
1627302585.811948	-0.964000	0.064100	-0.144400	0.413500	-0.118800	0.089800
1627302585.812761	-0.955700	0.065200	-0.143600	0.382900	-0.105300	0.057100
1627302585.816591	-0.951900	0.074000	-0.130900	0.353000	-0.104400	0.015900
1627302585.832125	-0.958900	0.051100	-0.133900	0.331900	-0.126700	-0.016800
1627302585.833030	-0.969700	0.037600	-0.130400	0.284600	-0.167700	-0.030600
1627302585.855788	-0.983900	0.034900	-0.117800	0.223200	-0.193600	-0.035100
1627302585.856842	-1.000700	0.028600	-0.099600	0.156000	-0.204600	-0.033600
1627302585.866495	-1.011100	0.019900	-0.091300	0.110200	-0.205500	-0.030600
1627302585.874709	-1.010600	0.017500	-0.092700	0.092200	-0.201900	-0.022300
1627302585.895976	-1.003800	0.026200	-0.106800	0.101600	-0.193900	-0.015300
1627302585.896990	-0.988800	0.042400	-0.122900	0.111100	-0.197300	-0.017400
1627302585.902933	-0.982100	0.057900	-0.121800	0.086100	-0.218100	-0.033300
1627302585.926448	-0.982700	0.072400	-0.116900	0.052200	-0.233900	-0.037000
1627302585.937348	-0.979400	0.074100	-0.125500	0.028600	-0.241000	-0.031800
1627302585.938245	-0.976100	0.080100	-0.135000	0.016400	-0.236700	-0.025700
1627302585.946651	-0.974700	0.089500	-0.139000	0.017300	-0.219900	-0.026900
1627302585.947544	-0.982800	0.097700	-0.136200	0.024100	-0.178700	-0.028400
1627302585.972129	-0.995100	0.103400	-0.130400	0.046700	-0.135000	-0.048300
1627302585.976665	-1.002800	0.108600	-0.130900	0.083600	-0.088200	-0.085500
1627302585.986590	-0.985200	0.107300	-0.134300	0.106200	-0.054300	-0.098400
1627302585.994676	-0.969700	0.102500	-0.142300	0.094600	-0.041800	-0.088300
1627302586.015894	-0.966600	0.105800	-0.145400	0.061000	-0.034500	-0.073600
1627302586.016793	-0.985700	0.094500	-0.152800	0.023400	-0.033300	-0.062300
1627302586.026566	-1.013700	0.093900	-0.160800	-0.017200	-0.021700	-0.059300
1627302586.032659	-1.030300	0.086700	-0.158700	-0.033700	0.041300	-0.055300
1627302586.056064	-1.026500	0.068100	-0.151400	-0.035500	0.120400	-0.041900
1627302586.056962	-1.013400	0.041500	-0.159700	-0.064500	0.170800	-0.035400
1627302586.070509	-0.992100	0.016100	-0.171400	-0.130800	0.197000	-0.042500
1627302586.084122	-0.946800	-0.010000	-0.184100	-0.224300	0.193400	-0.048300
1627302586.086773	-0.918700	-0.030600	-0.189500	-0.363800	0.152100	-0.061400
1627302586.095938	-0.931600	-0.034800	-0.186400	-0.520800	0.094700	-0.098700
1627302586.116003	-0.973400	-0.012500	-0.180800	-0.680900	0.041300	-0.162500
1627302586.116902	-1.011600	0.017300	-0.168900	-0.783800	0.032400	-0.214400
1627302586.126677	-1.039800	0.044200	-0.138100	-0.844600	0.071200	-0.240100
1627302586.133971	-1.059900	0.069300	-0.112800	-0.864100	0.136900	-0.240100
1627302586.152606	-1.059900	0.069300	-0.112800	-0.864100	0.136900	-0.240100
1627302586.167552	-1.058300	0.095900	-0.092800	-0.848900	0.205300	-0.230000
1627302586.172297	-1.025300	0.111800	-0.091700	-0.790800	0.245900	-0.212300
1627302586.196171	-0.986100	0.106700	-0.088300	-0.735300	0.246800	-0.187200
1627302586.196988	-0.953900	0.097700	-0.083700	-0.712300	0.190300	-0.173800
1627302586.200209	-0.949800	0.101400	-0.089100	-0.692500	0.137200	-0.177200
1627302586.213343	-0.962800	0.122900	-0.093000	-0.665000	0.094400	-0.194900
1627302586.214234	-0.982400	0.145000	-0.096200	-0.623200	0.071500	-0.217800
1627302586.236442	-0.992700	0.174200	-0.100600	-0.560800	0.072400	-0.230000
1627302586.238117	-0.991800	0.205200	-0.107200	-0.482000	0.080700	-0.228800
1627302586.253535	-0.985700	0.231600	-0.100200	-0.372400	0.098700	-0.217800
1627302586.259696	-0.980800	0.246000	-0.099700	-0.246300	0.102000	-0.207700
1627302586.278343	-0.979600	0.246200	-0.116500	-0.144800	0.109100	-0.207100
1627302586.279260	-0.973500	0.232200	-0.127400	-0.044400	0.112400	-0.218700
1627302586.287814	-0.973000	0.214100	-0.134600	0.035100	0.107800	-0.239200
1627302586.300982	-0.985000	0.191200	-0.143800	0.072900	0.106600	-0.274600
1627302586.301885	-0.993300	0.172400	-0.149500	0.086700	0.114000	-0.316400
1627302586.323126	-0.995100	0.154500	-0.164700	0.094000	0.120400	-0.357700
1627302586.325387	-0.995500	0.143600	-0.173800	0.084500	0.119100	-0.391900
1627302586.342116	-1.000100	0.132900	-0.172600	0.058600	0.112700	-0.416600
1627302586.364410	-1.005100	0.119100	-0.173700	0.013100	0.102600	-0.431600
1627302586.365230	-1.004600	0.115000	-0.182100	-0.039800	0.095900	-0.436500
1627302586.367030	-1.003900	0.125200	-0.208500	-0.086800	0.099900	-0.436500
1627302586.380923	-1.012800	0.148400	-0.231000	-0.112200	0.128900	-0.422100
1627302586.381826	-1.041000	0.169600	-0.249000	-0.112200	0.205300	-0.383600
1627302586.404482	-1.070300	0.171600	-0.248200	-0.107900	0.331100	-0.324700
1627302586.405299	-1.102100	0.149700	-0.231300	-0.109100	0.492700	-0.240100
1627302586.420150	-1.101700	0.090200	-0.211400	-0.117700	0.708600	-0.117900
1627302586.431334	-1.049600	0.010400	-0.199600	-0.142700	0.938900	0.036000
1627302586.439350	-0.978400	-0.061200	-0.206900	-0.192500	1.139600	0.187200
1627302586.439906	-0.920200	-0.128800	-0.231100	-0.246600	1.298700	0.304800
1627302586.465531	-0.901400	-0.183000	-0.279300	-0.316800	1.458200	0.386100
1627302586.467115	-0.922700	-0.212900	-0.311600	-0.391300	1.614800	0.401600
1627302586.475314	-0.972500	-0.208600	-0.339400	-0.505300	1.773700	0.391600
1627302586.497287	-1.043800	-0.167500	-0.366600	-0.625000	1.932800	0.352500
1627302586.498177	-1.114000	-0.101600	-0.379000	-0.672000	2.062900	0.300200
1627302586.505422	-1.147000	-0.052700	-0.413600	-0.621600	2.123400	0.285000
1627302586.515336	-1.193000	-0.022100	-0.488000	-0.478700	2.100800	0.338400
1627302586.519676	-1.210200	0.011700	-0.547100	-0.169900	2.113600	0.528100
1627302586.544707	-1.156700	0.062300	-0.522700	0.198200	2.148400	0.710400
1627302586.545630	-1.136500	0.128300	-0.453900	0.638600	2.131600	0.867100
1627302586.560101	-1.125900	0.127400	-0.408700	0.997800	2.047600	0.954800
1627302586.577873	-1.156100	0.081800	-0.377200	1.162700	1.965800	0.993900
1627302586.587364	-1.192900	0.011200	-0.337000	1.185300	1.975300	0.975500
1627302586.589326	-1.175700	-0.040300	-0.315800	1.148700	1.999700	0.935500
