1627302888.487041	0.684100	-0.591800	0.378900	0.014800	-0.011700	0.007200
1627302888.487561	0.677500	-0.601200	0.386000	0.019100	-0.010200	0.004500
1627302888.488090	0.674400	-0.607700	0.395500	0.024600	-0.006500	0.005400
1627302888.488610	0.674600	-0.613300	0.397600	0.023700	-0.000700	-0.000700
1627302888.583240	0.674600	-0.613300	0.397600	0.023700	-0.000700	-0.000700
1627302888.583758	-0.246100	-0.123200	0.946200	0.407000	-0.415200	-0.242300
1627302888.584266	-0.245800	-0.125200	0.949700	0.398800	-0.403600	-0.237100
1627302888.586414	-0.235200	-0.120100	0.962600	0.421700	-0.396000	-0.250200
1627302888.587055	-0.229700	-0.108500	0.970000	0.435700	-0.407300	-0.249300
1627302888.587525	-0.234900	-0.115500	0.964000	0.451000	-0.409100	-0.241700
1627302888.589489	-0.235100	-0.127300	0.952400	0.413400	-0.373400	-0.224300
1627302888.589965	-0.221600	-0.118400	0.945600	0.359400	-0.322700	-0.203500
1627302888.590419	-0.210100	-0.104700	0.941300	0.311400	-0.314400	-0.187300
1627302888.592219	-0.200300	-0.088300	0.948700	0.294300	-0.341900	-0.176900
1627302888.592654	-0.203600	-0.085100	0.945900	0.270800	-0.377600	-0.142400
1627302888.593119	-0.202000	-0.068600	0.951300	0.267700	-0.388000	-0.127500
1627302888.593581	-0.197600	-0.062500	0.960600	0.290000	-0.404200	-0.113100
1627302888.595870	-0.194500	-0.062400	0.953100	0.303200	-0.410900	-0.097800
1627302888.596305	-0.190100	-0.059300	0.945800	0.292800	-0.403300	-0.081300
1627302888.596741	-0.177200	-0.050400	0.943000	0.290300	-0.396900	-0.079200
1627302888.599173	-0.159900	-0.048000	0.940300	0.270500	-0.385900	-0.067000
1627302888.599681	-0.148300	-0.036400	0.947900	0.270500	-0.400500	-0.080100
1627302888.600190	-0.144400	-0.035000	0.943600	0.259800	-0.425900	-0.069700
1627302888.600658	-0.134000	-0.026000	0.952400	0.256700	-0.439300	-0.055100
1627302888.601147	-0.116800	-0.019500	0.974100	0.296500	-0.463200	-0.032200
1627302888.603927	-0.105200	-0.020400	0.986600	0.358500	-0.483900	-0.009000
1627302888.604358	-0.089800	-0.002900	1.009600	0.450700	-0.518400	-0.023000
1627302888.604789	-0.082200	0.020900	1.028600	0.587200	-0.583500	-0.053200
1627302888.605430	-0.087300	0.026500	1.022300	0.670000	-0.651900	-0.063000
1627302888.607912	-0.101200	0.033400	1.006000	0.703300	-0.678800	-0.064200
1627302888.608345	-0.111100	0.020600	0.987500	0.710600	-0.645200	-0.062400
1627302888.608777	-0.109700	0.010500	0.987900	0.705100	-0.591400	-0.072500
1627302888.609233	-0.102900	0.001100	1.000500	0.692600	-0.535500	-0.069400
1627302888.609663	-0.094500	-0.001000	1.022100	0.663600	-0.492200	-0.071300
1627302888.611939	-0.081500	0.012500	1.044900	0.670600	-0.485400	-0.074600
1627302888.612385	-0.074800	0.016800	1.058300	0.709100	-0.505900	-0.063000
1627302888.612855	-0.070700	0.028900	1.056400	0.753100	-0.540400	-0.038300
1627302888.613287	-0.069700	0.038200	1.040900	0.777200	-0.571000	-0.014800
1627302888.615576	-0.079700	0.021100	0.999800	0.746100	-0.588700	0.025600
1627302888.616031	-0.088700	0.009400	0.961500	0.616900	-0.557200	0.066500
1627302888.616460	-0.090200	0.009500	0.950300	0.502300	-0.508400	0.077200
1627302888.618704	-0.086800	0.005400	0.960000	0.437900	-0.466200	0.077500
1627302888.619182	-0.075700	0.020800	0.983600	0.388100	-0.425000	0.073500
1627302888.619615	-0.062500	0.024900	0.987100	0.376200	-0.414300	0.076300
1627302888.620044	-0.054700	0.033800	0.980600	0.349000	-0.419200	0.087300
1627302888.620594	-0.046400	0.054200	0.962200	0.273900	-0.436000	0.108600
1627302888.622942	-0.050700	0.059700	0.944500	0.196300	-0.442400	0.116000
1627302888.623379	-0.054400	0.063200	0.938700	0.141900	-0.434100	0.116000
1627302888.623811	-0.044800	0.087800	0.948000	0.118700	-0.411200	0.091200
1627302888.626019	-0.038500	0.104100	0.950000	0.115300	-0.398700	0.065300
1627302888.626456	-0.025400	0.136400	0.956300	0.123900	-0.386500	0.029500
1627302888.626917	-0.017300	0.146000	0.949800	0.134000	-0.384700	-0.011400
1627302888.627347	-0.014900	0.153400	0.946300	0.135200	-0.374300	-0.032200
1627302888.629171	-0.011600	0.160300	0.948200	0.141300	-0.354100	-0.039800
1627302888.629601	0.000900	0.159100	0.953600	0.192300	-0.334600	-0.034600
1627302888.630090	0.015600	0.149300	0.956500	0.271400	-0.337900	-0.031900
1627302888.630544	0.022500	0.138100	0.955600	0.334900	-0.353800	-0.014200
1627302888.632714	0.031900	0.125400	0.949500	0.411300	-0.387700	0.017300
1627302888.633173	0.033300	0.092000	0.933100	0.499900	-0.445100	0.081100
1627302888.633601	0.030400	0.054600	0.897700	0.548400	-0.493700	0.145900
1627302888.634052	0.022600	0.025500	0.863300	0.552700	-0.534600	0.216800
1627302888.636293	0.010700	-0.002100	0.840500	0.516100	-0.541300	0.262000
1627302888.636754	-0.002700	-0.016000	0.854900	0.473000	-0.501600	0.249400
1627302888.637195	-0.006500	-0.006600	0.892800	0.399700	-0.416100	0.196900
1627302888.637639	0.008100	0.023300	0.937700	0.282100	-0.313200	0.129100
1627302888.639870	0.032300	0.045700	0.970500	0.122700	-0.237400	0.077200
1627302888.640332	0.065600	0.065400	0.984000	-0.049900	-0.210900	0.041400
1627302888.640749	0.088500	0.087500	0.981800	-0.217300	-0.242000	0.021900
1627302888.641166	0.094200	0.110700	0.977500	-0.328800	-0.296400	0.012400
1627302888.643418	0.086400	0.126700	0.979500	-0.408800	-0.337000	0.015500
1627302888.643864	0.080100	0.144500	0.991000	-0.446700	-0.351100	0.025600
1627302888.644300	0.079200	0.163300	1.002900	-0.427700	-0.342800	0.028900
1627302888.644718	0.083900	0.182500	1.014900	-0.360500	-0.330600	0.020700
1627302888.646956	0.088600	0.194500	1.016800	-0.272600	-0.317500	0.003600
1627302888.647404	0.091400	0.202100	1.010400	-0.228900	-0.317800	-0.000700
1627302888.647859	0.095200	0.203100	1.009600	-0.200800	-0.326300	0.012400
1627302888.648288	0.094500	0.187300	1.007000	-0.129600	-0.338500	0.038100
1627302888.650855	0.092500	0.179600	1.008400	-0.058200	-0.338500	0.044200
1627302888.651345	0.088500	0.171500	1.005100	0.013600	-0.337300	0.043300
1627302888.651800	0.084700	0.155600	1.000500	0.079000	-0.319900	0.050900
1627302888.652252	0.083400	0.138400	0.989500	0.120500	-0.292400	0.067100
1627302888.652682	0.089000	0.117400	0.980600	0.138900	-0.253900	0.086300
1627302888.655768	0.109300	0.088600	0.969800	0.167000	-0.230400	0.096700
1627302888.656248	0.130200	0.086400	0.965900	0.179200	-0.255500	0.073800
1627302888.656680	0.146000	0.108500	0.983300	0.259200	-0.332100	0.017900
1627302888.658412	0.133700	0.157000	1.021400	0.466600	-0.483000	-0.034000
1627302888.658847	0.085400	0.196800	0.996800	0.620200	-0.598200	-0.022100
1627302888.659319	0.205700	0.205900	1.017900	0.765600	0.005700	-0.177600
1627302888.659751	0.206400	0.186600	0.999400	0.785100	0.028600	-0.194400
1627302888.660183	0.211400	0.171800	0.985600	0.735100	0.055500	-0.207500
1627302888.660618	0.221200	0.152100	0.964800	0.655900	0.053600	-0.210200
1627302888.661047	0.233200	0.141600	0.947900	0.550900	0.022800	-0.213000
1627302888.661477	0.229100	0.148800	0.934000	0.397600	0.004200	-0.188600
1627302888.661904	0.215000	0.144000	0.939600	0.382900	-0.015100	-0.179100
1627302888.662333	0.202900	0.138800	0.940900	0.349300	0.000200	-0.166000
1627302888.662762	0.194800	0.166600	0.957800	0.366400	0.021900	-0.191600
1627302888.663193	0.189800	0.162700	0.965100	0.375900	0.023700	-0.231000
1627302888.663624	0.191300	0.166700	0.961500	0.315700	0.039900	-0.273200
1627302888.686284	0.198200	0.203600	0.972900	0.222200	0.055200	-0.331200
1627302888.687257	0.199700	0.208300	0.965500	0.167900	0.050900	-0.361100
1627302888.688118	0.204200	0.203600	0.957500	0.078100	0.062500	-0.379800
1627302888.715085	0.213100	0.228400	0.965500	-0.000700	0.043300	-0.398400
1627302888.716020	0.200400	0.250400	0.974000	0.012700	0.016700	-0.398400
1627302888.716837	0.187000	0.268400	0.989900	0.097600	0.010900	-0.401100
1627302888.751254	0.159300	0.276700	0.999900	0.214300	0.009000	-0.423700
1627302888.752187	0.140300	0.282800	1.006100	0.266800	0.038100	-0.446300
1627302888.753119	0.135100	0.267300	1.004900	0.257700	0.105000	-0.467100
1627302888.756766	0.165300	0.276400	1.023900	0.288200	0.192000	-0.502500
1627302888.772103	0.201200	0.311300	1.034300	0.416200	0.187700	-0.540700
1627302888.794978	0.183800	0.320400	0.990100	0.577500	0.079600	-0.545000
1627302888.795917	0.129600	0.307600	0.921400	0.642200	0.015500	-0.523000
1627302888.797287	0.099700	0.254600	0.882400	0.605200	0.083600	-0.501900
1627302888.808084	0.107500	0.231800	0.891000	0.624500	0.146500	-0.513500
1627302888.838764	0.115100	0.243800	0.893300	0.568300	0.149900	-0.514800
1627302888.839711	0.115100	0.262200	0.900400	0.441500	0.130900	-0.529400
1627302888.840573	0.098800	0.228600	0.890900	0.288200	0.124200	-0.519000
1627302888.848045	0.098000	0.231900	0.898600	0.066500	0.169700	-0.502500
1627302888.878861	0.115700	0.260400	0.917000	-0.111300	0.196900	-0.485100
1627302888.879803	0.115700	0.268700	0.920700	-0.212100	0.197500	-0.446300
1627302888.880661	0.120000	0.282100	0.913100	-0.292700	0.197500	-0.395600
1627302888.885639	0.124500	0.298300	0.894200	-0.314400	0.160500	-0.362000
1627302888.912704	0.123400	0.292500	0.866700	-0.318100	0.110500	-0.340700
1627302888.913647	0.114100	0.291500	0.847000	-0.311100	0.061000	-0.320500
1627302888.915788	0.103600	0.300900	0.848500	-0.231000	0.030700	-0.290300
1627302888.925638	0.091400	0.308100	0.869900	-0.113100	0.022800	-0.271900
1627302888.955098	0.072400	0.306300	0.890700	0.008400	0.034700	-0.260600
1627302888.955831	0.055100	0.277800	0.909200	0.071700	0.068000	-0.261900
1627302888.956595	0.046500	0.263300	0.919700	0.020600	0.090000	-0.265800
1627302888.966875	0.033900	0.258300	0.932300	-0.038300	0.104600	-0.254500
1627302888.997565	0.017600	0.257100	0.957900	-0.079200	0.155000	-0.232500
1627302888.998511	0.010400	0.261500	0.986200	-0.086300	0.217400	-0.217600
1627302888.999439	0.015000	0.264600	1.002800	-0.106100	0.280900	-0.213600
1627302889.005503	0.034300	0.275500	1.012000	-0.177000	0.337400	-0.212400
1627302889.027301	0.049800	0.283400	1.013400	-0.234700	0.369800	-0.207200
1627302889.028225	0.065300	0.282300	1.009200	-0.263700	0.373700	-0.194400
1627302889.054040	0.074300	0.288900	0.982900	-0.317200	0.342000	-0.164700
1627302889.054981	0.074600	0.288000	0.954000	-0.353500	0.296200	-0.137200
1627302889.058192	0.063500	0.287500	0.933200	-0.338800	0.258600	-0.114300
1627302889.083649	0.040500	0.286700	0.933500	-0.254200	0.244800	-0.098100
1627302889.084589	0.024300	0.278900	0.933600	-0.155000	0.261600	-0.097200
1627302889.085689	0.018300	0.268300	0.936500	-0.106100	0.293700	-0.112200
1627302889.113900	0.019900	0.269500	0.937900	-0.112500	0.316000	-0.137200
1627302889.114838	0.026100	0.273400	0.939300	-0.122000	0.330400	-0.154000
1627302889.115798	0.024800	0.277000	0.944200	-0.111600	0.340700	-0.162000
1627302889.142572	0.021700	0.284100	0.953900	-0.094800	0.365800	-0.159500
1627302889.143515	0.023600	0.286100	0.959200	-0.085900	0.400300	-0.155000
1627302889.145646	0.028900	0.287500	0.943800	-0.114700	0.423800	-0.158300
1627302889.156794	0.031600	0.276600	0.920900	-0.167200	0.408200	-0.142700
1627302889.186241	0.033800	0.264000	0.910500	-0.184900	0.358200	-0.107000
1627302889.187177	0.024200	0.264200	0.895800	-0.132700	0.303800	-0.073100
1627302889.188033	0.005200	0.251600	0.872700	-0.079500	0.247900	-0.035800
1627302889.217685	-0.012900	0.232200	0.857500	-0.067600	0.214600	-0.005000
1627302889.218625	-0.026700	0.219800	0.858800	-0.055100	0.205100	0.000200
1627302889.219511	-0.040600	0.201000	0.867800	-0.034600	0.198700	-0.001300
1627302889.226953	-0.051500	0.192500	0.882300	-0.022100	0.207300	-0.006800
1627302889.260154	-0.059100	0.192400	0.896000	-0.031600	0.221300	-0.006200
1627302889.261091	-0.060100	0.191200	0.900500	-0.055400	0.225900	0.003300
1627302889.261942	-0.062400	0.200400	0.901200	-0.092400	0.209700	0.021600
1627302889.265548	-0.057900	0.207400	0.894400	-0.116200	0.180700	0.042000
1627302889.292177	-0.054900	0.220800	0.889300	-0.142500	0.147100	0.056100
1627302889.292764	-0.053500	0.227800	0.891100	-0.162600	0.124800	0.065600
1627302889.294023	-0.049700	0.235000	0.907800	-0.177600	0.133100	0.061600
1627302889.304391	-0.043700	0.240800	0.932500	-0.177300	0.151400	0.046000
1627302889.333789	-0.038600	0.257200	0.955200	-0.202900	0.183800	0.030100
1627302889.334752	-0.025800	0.267000	0.971900	-0.219100	0.209400	0.023100
1627302889.335614	-0.020400	0.271500	0.984900	-0.229500	0.215500	0.029200
1627302889.357480	-0.014200	0.279300	0.987100	-0.262800	0.200600	0.043600
1627302889.358421	-0.015900	0.283800	0.982900	-0.290600	0.206400	0.039000
1627302889.384821	-0.013300	0.286600	0.982800	-0.229500	0.147400	0.052400
1627302889.385548	-0.031700	0.279500	0.965700	-0.184300	0.104300	0.060400
1627302889.386500	-0.047400	0.265700	0.948900	-0.167500	0.094000	0.060100
1627302889.396703	-0.055200	0.244500	0.938400	-0.168400	0.113200	0.052100
1627302889.422804	-0.055800	0.220600	0.938700	-0.164400	0.152300	0.041400
1627302889.423740	-0.055800	0.220600	0.938700	-0.164400	0.152300	0.041400
1627302889.426874	-0.051100	0.213500	0.950900	-0.170600	0.182800	0.035900
1627302889.436787	-0.044900	0.215100	0.963600	-0.174500	0.199000	0.025900
1627302889.463781	-0.039900	0.218000	0.974900	-0.170900	0.211200	0.009100
1627302889.464719	-0.029500	0.222400	0.986600	-0.159300	0.222500	-0.002200
1627302889.465571	-0.026400	0.219800	0.994000	-0.114000	0.201200	0.011500
1627302889.493837	-0.033600	0.214500	0.973500	-0.106700	0.146500	0.059500
1627302889.494792	-0.049800	0.204600	0.932000	-0.151300	0.090000	0.117500
1627302889.496008	-0.056500	0.186300	0.900500	-0.179400	0.069200	0.154400
1627302889.505539	-0.060200	0.160300	0.885500	-0.173600	0.055500	0.167000
1627302889.532504	-0.068100	0.143700	0.880200	-0.197700	0.046600	0.163300
1627302889.533438	-0.071300	0.147200	0.877700	-0.261300	0.056100	0.155400
1627302889.536850	-0.074300	0.144700	0.885500	-0.328500	0.084200	0.152300
1627302889.544474	-0.073600	0.143100	0.895900	-0.375200	0.113200	0.152900
1627302889.574896	-0.064700	0.151200	0.910500	-0.416400	0.136700	0.147700
1627302889.575832	-0.055400	0.163600	0.926600	-0.429300	0.146500	0.139800
1627302889.576685	-0.051600	0.177000	0.943400	-0.433800	0.136700	0.138300
1627302889.612642	-0.052600	0.183300	0.944800	-0.456400	0.116300	0.150500
1627302889.613589	-0.055900	0.172200	0.937400	-0.501600	0.096100	0.157500
1627302889.614517	-0.058300	0.155300	0.922900	-0.581700	0.095800	0.152900
1627302889.615822	-0.057100	0.150600	0.916600	-0.635400	0.110800	0.134600
1627302889.631575	-0.052600	0.154700	0.927100	-0.658300	0.119300	0.104100
1627302889.647672	-0.054100	0.159500	0.941500	-0.682800	0.121800	0.076000
1627302889.663628	-0.058600	0.162800	0.958900	-0.702600	0.129100	0.071100
1627302889.665000	-0.065300	0.163000	0.971800	-0.726700	0.141600	0.086900
1627302889.665927	-0.078400	0.144700	0.976100	-0.746300	0.161800	0.100100
1627302889.688693	-0.077800	0.127800	0.977400	-0.742300	0.184700	0.089700
1627302889.689632	-0.073900	0.100700	0.979900	-0.728900	0.196300	0.066500
1627302889.693305	-0.069000	0.087200	0.990200	-0.720900	0.197800	0.042400
1627302889.716403	-0.062100	0.082400	0.997100	-0.700800	0.176100	0.044200
1627302889.717595	-0.060400	0.086900	0.999300	-0.686100	0.140100	0.070100
1627302889.724407	-0.062500	0.087600	0.990400	-0.676700	0.091200	0.103100
1627302889.754946	-0.062500	0.095600	0.980700	-0.662000	0.049700	0.130600
1627302889.755880	-0.061500	0.091800	0.966100	-0.631500	0.006900	0.143100
1627302889.756754	-0.060700	0.091100	0.950800	-0.604000	-0.041000	0.143100
1627302889.764138	-0.065800	0.088100	0.941300	-0.585900	-0.073100	0.126700
1627302889.779376	-0.069900	0.087900	0.937400	-0.580100	-0.075900	0.105000
1627302889.798836	-0.077300	0.083900	0.942700	-0.570100	-0.070100	0.076600
1627302889.799780	-0.081700	0.085300	0.950000	-0.543500	-0.053900	0.056100
1627302889.803286	-0.085000	0.083900	0.954300	-0.502300	-0.043800	0.040500
1627302889.814295	-0.085700	0.078700	0.961800	-0.446700	-0.030400	0.030700
1627302889.829383	-0.082300	0.077500	0.966100	-0.412500	-0.022100	0.024600
1627302889.853764	-0.076700	0.075000	0.968100	-0.388600	-0.025500	0.015500
1627302889.854733	-0.062300	0.078100	0.966900	-0.362400	-0.046200	-0.001600
1627302889.858190	-0.056600	0.091900	0.973600	-0.337600	-0.086200	-0.031600
1627302889.868065	-0.060900	0.089400	0.989600	-0.324500	-0.084100	-0.043800
1627302889.883206	-0.056800	0.081300	1.015500	-0.255800	-0.065500	-0.033700
1627302889.899160	-0.057000	0.071800	1.032000	-0.142800	-0.084700	-0.042900
1627302889.912813	-0.061200	0.065100	1.028000	-0.050800	-0.104600	-0.062100
1627302889.913756	-0.058100	0.061500	1.019500	0.044800	-0.107900	-0.067300
1627302889.914627	-0.059300	0.047000	1.008900	0.156900	-0.114700	-0.066100
1627302889.924384	-0.064500	0.028300	0.999400	0.212800	-0.091400	-0.055100
1627302889.939209	-0.064800	-0.004900	0.996700	0.210900	-0.061200	-0.029100
1627302889.966087	-0.057900	-0.032200	0.985500	0.190800	-0.059400	0.007200
1627302889.967020	-0.056900	-0.054300	0.984000	0.177600	-0.068500	0.024300
1627302889.967996	-0.054900	-0.064100	0.989900	0.158700	-0.067900	0.037500
1627302889.997557	-0.040000	-0.064300	0.994000	0.102800	-0.055100	0.053400
1627302889.998597	-0.031500	-0.049900	0.995400	0.050900	-0.057800	0.046900
1627302889.999495	-0.027500	-0.027100	0.985200	0.010000	-0.074600	0.036600
1627302890.004234	-0.032700	-0.001100	0.965200	-0.046900	-0.102700	0.036900
1627302890.019092	-0.038900	0.013700	0.949600	-0.071300	-0.136900	0.066500
1627302890.042433	-0.049300	0.022300	0.938800	-0.055700	-0.172700	0.126300
1627302890.043371	-0.058700	0.033900	0.938000	0.049700	-0.202600	0.205500
1627302890.044233	-0.057500	0.036500	0.935800	0.168800	-0.220000	0.267200
1627302890.051756	-0.059400	0.027800	0.930800	0.262900	-0.225200	0.309000
1627302890.087279	-0.057400	0.013300	0.912100	0.341400	-0.217900	0.324000
1627302890.088011	-0.049400	-0.005900	0.891800	0.360300	-0.205700	0.314800
1627302890.090438	-0.040500	-0.016200	0.880200	0.309900	-0.194100	0.295300
1627302890.091767	-0.032000	-0.025800	0.883100	0.205400	-0.187000	0.272700
1627302890.119028	-0.020400	-0.021700	0.897300	0.079900	-0.195900	0.253700
1627302890.119969	-0.010600	-0.006000	0.915300	-0.040700	-0.215100	0.242700
1627302890.121950	0.005000	0.027600	0.934600	-0.166000	-0.260000	0.226200
1627302890.131982	0.010000	0.065100	0.946400	-0.288100	-0.320500	0.200300
1627302890.158793	0.002400	0.091100	0.964700	-0.359900	-0.352300	0.191400
1627302890.159732	0.004600	0.105500	0.979700	-0.381900	-0.372700	0.196300
1627302890.161933	0.001600	0.118700	0.990400	-0.369100	-0.386200	0.190200
1627302890.190038	-0.001300	0.129900	1.002300	-0.339800	-0.393500	0.176400
1627302890.190769	-0.008200	0.135700	1.014200	-0.289100	-0.416100	0.146500
1627302890.191841	-0.017100	0.135600	1.021500	-0.233500	-0.421600	0.113800
1627302890.201567	-0.029100	0.135100	1.030500	-0.188300	-0.407900	0.101300
1627302890.235053	-0.031500	0.119800	1.035600	-0.126900	-0.391100	0.107700
1627302890.235999	-0.041900	0.096600	1.048100	-0.056000	-0.369100	0.117500
1627302890.236852	-0.048700	0.077900	1.054700	-0.006200	-0.342800	0.130300
1627302890.244258	-0.041000	0.068600	1.051600	0.037400	-0.300400	0.138300
1627302890.277528	-0.018300	0.060800	1.039600	0.058200	-0.260000	0.126300
1627302890.278484	0.000900	0.052900	1.022500	0.056400	-0.246000	0.108300
1627302890.279497	0.003200	0.038500	1.007700	0.038700	-0.243900	0.089700
1627302890.284334	-0.008500	0.019700	1.000900	-0.006800	-0.236500	0.066800
1627302890.301501	-0.012900	0.004300	1.007700	-0.054800	-0.207500	0.056700
1627302890.302230	-0.012900	-0.009200	1.014400	-0.110400	-0.186100	0.054900
1627302890.332624	-0.004600	-0.023700	1.008100	-0.196500	-0.188000	0.043900
1627302890.334981	-0.001700	-0.028000	1.009400	-0.276500	-0.199000	0.017600
1627302890.335932	0.004500	-0.022800	1.006300	-0.356300	-0.206000	-0.014800
1627302890.357390	0.005900	0.001200	1.004900	-0.421300	-0.184900	-0.076800
1627302890.358344	0.015500	0.016500	1.011100	-0.491900	-0.186400	-0.116500
1627302890.361891	0.014000	0.038700	1.015700	-0.558100	-0.172700	-0.152500
1627302890.390159	0.014600	0.060700	1.026600	-0.623200	-0.157700	-0.179700
1627302890.391114	0.017600	0.077100	1.027200	-0.638500	-0.154400	-0.195000
1627302890.391973	0.023600	0.083000	1.026000	-0.635100	-0.156500	-0.200200
1627302890.428883	0.035800	0.090600	1.021000	-0.611300	-0.164700	-0.195000
1627302890.429834	0.025400	0.093300	1.008200	-0.527000	-0.152200	-0.190400
1627302890.430690	0.027600	0.087800	1.007200	-0.410900	-0.122900	-0.192500
1627302890.431805	0.028700	0.069300	1.009000	-0.274100	-0.103400	-0.201700
1627302890.467509	0.024500	0.047900	1.015000	-0.182500	-0.088400	-0.214500
1627302890.468449	0.024400	0.021600	1.016000	-0.110700	-0.069400	-0.222500
1627302890.471898	0.035600	0.000600	1.007000	-0.053000	-0.051100	-0.231300
1627302890.472837	0.046900	-0.019700	0.997100	-0.028500	-0.049600	-0.246900
1627302890.488457	0.053500	-0.031100	0.994100	-0.037700	-0.055400	-0.264900
1627302890.512511	0.057600	-0.038200	0.990200	-0.071900	-0.064000	-0.286900
1627302890.513236	0.057500	-0.043500	0.986100	-0.104300	-0.063000	-0.305200
1627302890.515682	0.059300	-0.046600	0.986800	-0.131500	-0.063000	-0.315900
1627302890.518228	0.061300	-0.045800	0.992300	-0.174800	-0.091100	-0.320800
1627302890.532789	0.060400	-0.046100	0.989300	-0.200500	-0.109800	-0.329700
1627302890.543703	0.044200	-0.038200	0.977700	-0.178500	-0.070100	-0.343400
1627302890.566800	0.073500	-0.045500	0.984700	-0.188600	-0.077400	-0.339100
1627302890.572468	0.082600	-0.040600	0.985600	-0.203500	-0.098200	-0.334900
1627302890.573391	0.086100	-0.041000	0.986000	-0.188300	-0.099700	-0.307700
1627302890.582017	0.077900	-0.055800	0.980600	-0.158600	-0.110700	-0.271900
1627302890.587304	0.069500	-0.077800	0.975200	-0.160200	-0.137900	-0.253300
1627302890.612846	0.068500	-0.081200	0.968900	-0.206900	-0.151900	-0.253600
1627302890.613774	0.082400	-0.080400	0.963000	-0.262200	-0.171800	-0.258800
1627302890.621907	0.094800	-0.077500	0.952800	-0.346200	-0.198000	-0.272200
1627302890.632502	0.104500	-0.075000	0.950400	-0.420700	-0.209000	-0.292700
1627302890.657269	0.111100	-0.062900	0.940900	-0.501600	-0.236200	-0.319900
1627302890.658123	0.118300	-0.047100	0.936000	-0.585000	-0.262200	-0.358400
1627302890.661970	0.119500	-0.028300	0.934800	-0.638500	-0.286600	-0.393500
1627302890.676117	0.106900	-0.009900	0.936300	-0.650100	-0.306800	-0.426200
1627302890.686640	0.084400	-0.007400	0.948200	-0.643400	-0.314700	-0.465900
1627302890.702064	0.075400	0.009900	0.958500	-0.647900	-0.317200	-0.483300
1627302890.705458	0.059600	0.009200	0.969000	-0.590200	-0.294600	-0.497000
1627302890.721297	0.061800	0.006100	0.970300	-0.508700	-0.264000	-0.501000
1627302890.722243	0.078100	0.000100	0.970700	-0.431100	-0.249300	-0.504100
1627302890.732074	0.090000	-0.000500	0.966100	-0.350100	-0.240200	-0.507700
1627302890.737230	0.099900	-0.011100	0.966300	-0.243600	-0.230100	-0.510200
1627302890.761476	0.099900	-0.025400	0.974500	-0.161400	-0.220000	-0.507700
1627302890.762423	0.096400	-0.040000	0.981900	-0.085900	-0.208700	-0.500100
1627302890.772043	0.097400	-0.062900	0.990800	-0.005900	-0.190400	-0.489400
1627302890.778504	0.099200	-0.090000	1.000500	0.051800	-0.172400	-0.465900
1627302890.801465	0.097000	-0.124300	1.008700	0.093600	-0.161400	-0.438400
1627302890.802397	0.083700	-0.160800	1.021600	0.099800	-0.162900	-0.406600
1627302890.813187	0.078500	-0.194700	1.023300	0.045700	-0.166300	-0.370000
1627302890.814654	0.075400	-0.215800	1.022200	-0.035900	-0.165000	-0.342800
1627302890.841330	0.081200	-0.215800	1.016600	-0.140600	-0.159600	-0.330300
1627302890.849939	0.092700	-0.200100	1.008500	-0.236200	-0.153100	-0.337300
1627302890.851267	0.104200	-0.177600	1.001600	-0.295500	-0.147000	-0.354400
1627302890.861335	0.114100	-0.153200	1.001100	-0.336100	-0.139700	-0.377900
1627302890.886557	0.118500	-0.136700	0.998000	-0.355000	-0.127500	-0.392900
1627302890.887498	0.124100	-0.130200	0.992300	-0.357800	-0.114300	-0.391100
1627302890.890968	0.128100	-0.123800	0.984300	-0.357800	-0.098800	-0.381600
1627302890.903235	0.132000	-0.114900	0.975100	-0.346200	-0.077700	-0.366000
1627302890.905481	0.139400	-0.112700	0.968800	-0.332700	-0.059700	-0.350700
1627302890.928502	0.149000	-0.112800	0.960400	-0.312300	-0.053300	-0.334900
1627302890.930785	0.152700	-0.109600	0.954000	-0.281700	-0.047200	-0.327200
1627302890.945561	0.154300	-0.107900	0.950400	-0.247200	-0.032200	-0.331500
1627302890.950416	0.155800	-0.102400	0.948100	-0.214500	-0.012300	-0.339700
1627302890.973524	0.161700	-0.099200	0.946800	-0.172700	0.008100	-0.353800
1627302890.974623	0.167400	-0.095300	0.947500	-0.147300	0.017900	-0.368100
1627302890.984253	0.170000	-0.095500	0.952600	-0.129600	0.020300	-0.384600
1627302890.994130	0.162000	-0.094100	0.956200	-0.107300	0.019400	-0.409400
1627302891.017603	0.157200	-0.095300	0.956500	-0.084700	0.021300	-0.427100
1627302891.018743	0.156600	-0.104100	0.961100	-0.059700	0.020000	-0.442700
1627302891.028243	0.153000	-0.113300	0.964600	-0.023300	-0.001000	-0.453700
1627302891.029790	0.150500	-0.123700	0.964400	0.012700	-0.022100	-0.457300
1627302891.053518	0.153100	-0.127800	0.961900	0.046300	-0.034300	-0.461900
1627302891.054390	0.164200	-0.129900	0.962200	0.073200	-0.040700	-0.468900
1627302891.059767	0.191400	-0.132800	0.961200	0.057600	-0.084100	-0.461900
1627302891.084696	0.187500	-0.138400	0.950000	0.030400	-0.135400	-0.463100
1627302891.086814	0.167600	-0.139200	0.929200	0.003500	-0.164400	-0.489700
1627302891.098839	0.154900	-0.133200	0.915600	-0.020300	-0.186700	-0.513500
1627302891.099778	0.136600	-0.124600	0.905200	-0.062400	-0.208100	-0.536100
1627302891.102397	0.123200	-0.106100	0.896700	-0.124700	-0.228000	-0.566100
1627302891.126697	0.114000	-0.088300	0.889400	-0.166600	-0.239900	-0.599700
1627302891.142635	0.121700	-0.076000	0.889800	-0.173000	-0.231000	-0.636000
1627302891.144366	0.144500	-0.071000	0.901100	-0.155900	-0.218800	-0.673300
1627302891.158788	0.173300	-0.060800	0.923000	-0.086300	-0.190100	-0.702900
1627302891.159714	0.207900	-0.058600	0.948000	0.004200	-0.163500	-0.719100
1627302891.174447	0.242800	-0.066900	0.975200	0.134900	-0.146700	-0.727000
1627302891.177213	0.278200	-0.072400	0.997100	0.281200	-0.146700	-0.734100
1627302891.201546	0.300400	-0.069700	1.010500	0.442800	-0.185200	-0.742000
1627302891.202401	0.307900	-0.074000	1.005600	0.616200	-0.276200	-0.749300
1627302891.210753	0.296100	-0.087800	0.981900	0.726800	-0.377000	-0.747800
1627302891.223031	0.273700	-0.102500	0.956900	0.780000	-0.449100	-0.755700
1627302891.246117	0.247400	-0.131000	0.929700	0.783000	-0.499500	-0.766100
1627302891.248278	0.218800	-0.163300	0.909300	0.705100	-0.521200	-0.767000
1627302891.249656	0.199100	-0.186800	0.904100	0.583900	-0.507700	-0.764600
1627302891.274079	0.185200	-0.200100	0.898100	0.443100	-0.462200	-0.769500
1627302891.276493	0.184600	-0.207800	0.897800	0.282400	-0.409100	-0.772500
1627302891.292376	0.195200	-0.207200	0.905500	0.153500	-0.364800	-0.760600
1627302891.294236	0.215700	-0.194800	0.912500	0.061900	-0.342500	-0.753900
1627302891.318639	0.234300	-0.162500	0.914600	-0.033100	-0.354100	-0.739200
1627302891.321000	0.244600	-0.132600	0.904100	-0.099400	-0.385900	-0.723400
1627302891.321996	0.243400	-0.113200	0.882300	-0.177900	-0.412800	-0.705600
1627302891.335458	0.244400	-0.106600	0.871900	-0.295500	-0.423400	-0.683400
1627302891.336390	0.243800	-0.095100	0.878200	-0.368500	-0.420400	-0.674500
1627302891.361137	0.251800	-0.070800	0.897200	-0.390200	-0.402700	-0.680300
1627302891.368041	0.264000	-0.038200	0.918200	-0.313200	-0.376100	-0.692200
1627302891.369869	0.275600	-0.011000	0.921400	-0.200500	-0.355900	-0.712700
1627302891.393487	0.291500	0.005200	0.917600	-0.089900	-0.341000	-0.729800
1627302891.397172	0.308500	0.020100	0.911300	0.046900	-0.354700	-0.755400
1627302891.399348	0.317700	0.029200	0.907800	0.172400	-0.385300	-0.767700
1627302891.414106	0.320900	0.026400	0.896500	0.302000	-0.414300	-0.759700
1627302891.414807	0.316800	0.011500	0.892600	0.444300	-0.432300	-0.716600
1627302891.437929	0.318200	0.000600	0.894200	0.580800	-0.438100	-0.659200
1627302891.438936	0.323900	-0.015300	0.894700	0.739300	-0.445400	-0.607000
1627302891.449454	0.330400	-0.041400	0.892100	0.900300	-0.465000	-0.550200
1627302891.456880	0.336100	-0.067500	0.878900	0.995900	-0.471700	-0.512000
1627302891.477148	0.343900	-0.087800	0.876500	1.064000	-0.461000	-0.490600
1627302891.479432	0.353000	-0.110400	0.873900	1.099100	-0.438700	-0.481500
1627302891.493329	0.366000	-0.127100	0.877100	1.073800	-0.407900	-0.469200
1627302891.496868	0.378400	-0.146400	0.880100	1.023700	-0.387400	-0.441100
1627302891.521289	0.388300	-0.163500	0.879300	0.933600	-0.407000	-0.381000
1627302891.522220	0.389800	-0.170800	0.871300	0.823900	-0.467400	-0.304900
1627302891.524950	0.385500	-0.169900	0.862900	0.737500	-0.531000	-0.241400
1627302891.549248	0.373500	-0.162600	0.862500	0.654400	-0.578900	-0.190700
1627302891.552981	0.362800	-0.140900	0.878800	0.581400	-0.593600	-0.162300
1627302891.553914	0.363000	-0.120200	0.891400	0.517000	-0.575200	-0.158300
1627302891.578613	0.371100	-0.089700	0.907500	0.435100	-0.531900	-0.173000
1627302891.579514	0.381700	-0.049800	0.922000	0.326400	-0.478400	-0.192200
1627302891.589413	0.388900	-0.020600	0.937900	0.229000	-0.430200	-0.207800
1627302891.597401	0.391500	0.001700	0.957300	0.145900	-0.375200	-0.210800
1627302891.621288	0.391400	0.025500	0.979000	0.082000	-0.312900	-0.196800
1627302891.622237	0.394700	0.040400	0.986700	0.056700	-0.266500	-0.180300
1627302891.633184	0.404400	0.058500	0.985700	0.048100	-0.224600	-0.159500
1627302891.635957	0.412500	0.073600	0.984500	0.050300	-0.191300	-0.132700
1627302891.661336	0.408000	0.080700	0.987900	0.053600	-0.162900	-0.105200
1627302891.662267	0.400000	0.085600	0.999100	0.053000	-0.125000	-0.073100
1627302891.671986	0.386500	0.088600	1.020900	0.087200	-0.069800	-0.036400
1627302891.676051	0.376700	0.093800	1.029200	0.122100	-0.014800	-0.012600
1627302891.690960	0.378100	0.092300	1.031400	0.147700	0.048800	0.004200
1627302891.700830	0.398900	0.099700	1.032300	0.175200	0.132400	0.011800
1627302891.704274	0.420500	0.099500	1.028200	0.207600	0.181600	0.018500
1627302891.729812	0.434000	0.091800	1.019900	0.218900	0.213400	0.032600
1627302891.730668	0.432500	0.076700	1.001600	0.210900	0.225300	0.053400
1627302891.744471	0.415400	0.067300	0.986000	0.182200	0.233200	0.062800
1627302891.747887	0.397300	0.060100	0.977400	0.152600	0.253400	0.063100
1627302891.769306	0.382200	0.051900	0.975500	0.136400	0.292500	0.052400
1627302891.770478	0.371600	0.055700	0.974500	0.104300	0.338000	0.039000
1627302891.786034	0.366800	0.058500	0.973300	0.059400	0.381700	0.021000
1627302891.790442	0.357100	0.070400	0.974200	0.012700	0.428700	-0.009600
1627302891.809130	0.344200	0.080400	0.984300	-0.036800	0.482800	-0.044700
1627302891.810066	0.334000	0.092800	1.005000	-0.085300	0.550300	-0.084400
1627302891.821913	0.327800	0.108400	1.037800	-0.138200	0.646800	-0.128100
1627302891.827362	0.331500	0.123700	1.062600	-0.194100	0.745100	-0.162300
1627302891.853766	0.343800	0.149300	1.082300	-0.221900	0.808100	-0.187300
1627302891.854699	0.357300	0.167400	1.085800	-0.208100	0.827000	-0.200800
1627302891.862404	0.362300	0.184700	1.077900	-0.131200	0.805300	-0.207200
1627302891.884625	0.352800	0.212000	1.064200	-0.031600	0.743300	-0.208700
1627302891.888991	0.336500	0.224900	1.027600	0.057000	0.670900	-0.183400
1627302891.889942	0.317000	0.221900	0.986100	0.185300	0.607400	-0.150400
1627302891.899593	0.282200	0.201500	0.942600	0.340100	0.564000	-0.107000
1627302891.903540	0.260900	0.165900	0.908900	0.436000	0.594600	-0.052000
1627302891.930258	0.255000	0.131500	0.886700	0.508400	0.643700	-0.014200
1627302891.937412	0.256800	0.115600	0.896500	0.550300	0.721600	0.010600
1627302891.938360	0.275100	0.098800	0.907000	0.622700	0.780000	0.029500
1627302891.947335	0.284400	0.083100	0.923100	0.677300	0.820000	0.044200
1627302891.967926	0.280800	0.081100	0.935300	0.670900	0.851100	0.056700
1627302891.978706	0.285800	0.101300	0.967500	0.673400	0.898800	0.033200
1627302891.979630	0.271700	0.106100	0.990800	0.671800	0.967500	-0.008000
1627302891.988598	0.282000	0.099100	0.991800	0.631800	1.010600	-0.053900
1627302892.015139	0.290500	0.119400	0.987900	0.545400	1.010900	-0.092600
1627302892.015994	0.280000	0.133400	0.957900	0.482200	0.889900	-0.095400
1627302892.017194	0.252700	0.147800	0.929100	0.469300	0.782700	-0.048700
1627302892.030600	0.210400	0.142700	0.903200	0.519700	0.704500	0.031100
1627302892.046042	0.171400	0.105200	0.896200	0.567400	0.703600	0.112000
1627302892.048136	0.168000	0.068100	0.896100	0.576500	0.728000	0.136700
1627302892.073433	0.175800	0.052400	0.893100	0.504100	0.749100	0.150200
1627302892.075691	0.184200	0.053200	0.889500	0.359700	0.759800	0.163000
1627302892.079322	0.180900	0.080800	0.912500	0.275100	0.765900	0.181600
1627302892.090360	0.170900	0.111000	0.937600	0.224700	0.766500	0.207000
1627302892.091073	0.164900	0.138800	0.962800	0.228000	0.758900	0.218600
1627302892.109091	0.166100	0.142100	0.954100	0.181600	0.736000	0.221000
1627302892.119049	0.168500	0.163300	0.941900	0.083900	0.710900	0.221000
1627302892.121810	0.170800	0.183000	0.923200	-0.018100	0.676100	0.236300
1627302892.147332	0.168700	0.193800	0.916600	-0.060300	0.637600	0.276000
1627302892.148188	0.154500	0.198700	0.909100	-0.053000	0.609800	0.321200
1627302892.158141	0.134500	0.200000	0.907000	0.022200	0.579000	0.381100
1627302892.165886	0.113900	0.174600	0.889200	0.087800	0.551500	0.430300
1627302892.186370	0.100000	0.162200	0.871300	0.083300	0.543900	0.467200
1627302892.187121	0.095500	0.148900	0.873700	0.114400	0.520600	0.495300
1627302892.197065	0.090300	0.143200	0.884800	0.160200	0.484900	0.515200
1627302892.204517	0.078600	0.127800	0.895800	0.190800	0.490100	0.519700
1627302892.232573	0.070200	0.128700	0.915800	0.167900	0.517600	0.531000
1627302892.233499	0.074500	0.125500	0.924000	0.109500	0.532300	0.541400
1627302892.238164	0.075300	0.122400	0.924400	0.043900	0.526400	0.557000
1627302892.248646	0.064300	0.131000	0.929800	-0.011400	0.515100	0.584800
1627302892.274877	0.044700	0.148100	0.944200	-0.005300	0.524900	0.619300
1627302892.276941	0.037600	0.144700	0.953600	0.006600	0.551800	0.634600
1627302892.277989	0.038100	0.148900	0.964100	-0.023300	0.575000	0.626300
1627302892.291760	0.039400	0.162100	0.974400	-0.090500	0.591800	0.614700
1627302892.292685	0.043200	0.174300	0.984400	-0.151600	0.603700	0.617200
1627302892.311060	0.054700	0.188000	0.988600	-0.203200	0.615300	0.634000
1627302892.319783	0.078100	0.185500	0.986600	-0.246600	0.594000	0.652900
1627302892.333762	0.108200	0.176800	0.977300	-0.273200	0.524000	0.671500
1627302892.336976	0.129400	0.174900	0.966300	-0.252700	0.414700	0.689900
1627302892.347368	0.136700	0.186900	0.959100	-0.150700	0.248500	0.736900
1627302892.371429	0.101800	0.212300	0.965500	0.018500	0.117200	0.793100
1627302892.372359	0.045400	0.239100	0.937700	0.168500	0.045700	0.860000
1627302892.382043	-0.008200	0.212000	0.884600	0.203000	0.105000	0.906100
1627302892.392211	-0.009300	0.135100	0.856300	0.137900	0.201200	0.907300
1627302892.416574	0.031400	0.095600	0.836200	0.047200	0.276600	0.893900
1627302892.417846	0.098000	0.091700	0.787500	0.069500	0.191700	0.926300
1627302892.418732	0.110500	0.092700	0.725800	0.137000	-0.025500	1.016400
1627302892.427037	0.069900	0.089400	0.685500	0.177300	-0.220600	1.144100
1627302892.438117	-0.001800	0.064000	0.702400	0.299500	-0.306200	1.259200
1627302892.462249	-0.047000	0.047700	0.783100	0.477600	-0.248100	1.276300
1627302892.463096	-0.065400	0.076000	0.889000	0.590600	-0.115600	1.207900
1627302892.478547	-0.051000	0.135300	0.969600	0.528300	0.061300	1.108000
1627302892.480472	-0.014000	0.204700	1.010700	0.344100	0.191400	1.048800
1627302892.481417	0.016600	0.260400	1.029500	0.133000	0.236300	1.028000
1627302892.506240	0.029900	0.297700	1.026500	-0.066700	0.213100	1.032900
1627302892.507107	0.020900	0.312900	1.021700	-0.192200	0.183400	1.055800
1627302892.519347	0.005900	0.304000	1.018900	-0.233800	0.183800	1.083900
1627302892.526815	-0.006100	0.284700	1.013800	-0.255800	0.208500	1.110800
1627302892.549868	0.001300	0.270300	1.004800	-0.272300	0.229600	1.117800
1627302892.551320	0.015300	0.269000	0.995400	-0.279000	0.233500	1.110100
1627302892.557739	0.034400	0.271000	0.982100	-0.255500	0.210900	1.101600
1627302892.568067	0.049600	0.273300	0.967800	-0.218500	0.171500	1.097600
1627302892.590725	0.055500	0.282000	0.961700	-0.173900	0.133400	1.088200
1627302892.591990	0.049300	0.280900	0.954700	-0.106100	0.097000	1.082000
1627302892.607349	0.033000	0.273100	0.940600	-0.056300	0.084800	1.072600
1627302892.610554	0.022800	0.267300	0.926800	-0.032800	0.099800	1.062500
1627302892.611501	0.018600	0.257900	0.911400	-0.007100	0.117800	1.044800
1627302892.633417	0.019800	0.246200	0.895800	0.018800	0.129400	1.018800
1627302892.641041	0.026100	0.234100	0.883400	0.057000	0.129400	0.995900
1627302892.652495	0.035500	0.224000	0.873300	0.115900	0.103700	0.977000
1627302892.678504	0.049400	0.216400	0.856800	0.181300	0.038400	0.961100
1627302892.680765	0.052700	0.210100	0.832400	0.232000	-0.038900	0.954100
1627302892.682312	0.049200	0.203000	0.809400	0.255200	-0.108800	0.946700
1627302892.717508	0.048600	0.200100	0.801000	0.247000	-0.163200	0.928400
1627302892.718670	0.044400	0.205000	0.804400	0.231100	-0.191000	0.907300
1627302892.722045	0.039900	0.206200	0.815600	0.191700	-0.199600	0.886900
1627302892.726768	0.032700	0.212500	0.837800	0.111700	-0.180300	0.857600
1627302892.727699	0.038700	0.229400	0.861000	0.059700	-0.157700	0.826700
1627302892.739729	0.048200	0.238500	0.877800	0.037100	-0.147300	0.802900
1627302892.750787	0.064700	0.247800	0.889600	0.031000	-0.156500	0.783600
1627302892.757470	0.078600	0.242200	0.890700	0.023700	-0.175100	0.779700
1627302892.781246	0.087800	0.234000	0.896100	0.045400	-0.201400	0.772900
1627302892.782110	0.088100	0.216300	0.894700	0.070100	-0.232600	0.769000
1627302892.792167	0.086400	0.198900	0.893300	0.081400	-0.250000	0.770200
1627302892.802081	0.087200	0.179000	0.889900	0.076200	-0.254200	0.771400
1627302892.818849	0.112200	0.182700	0.900400	0.060000	-0.249000	0.765300
1627302892.819781	0.143200	0.202600	0.925900	0.103400	-0.265500	0.753700
1627302892.829880	0.171000	0.224000	0.956700	0.217700	-0.327200	0.749100
1627302892.860907	0.190400	0.238000	0.963600	0.332800	-0.439300	0.757400
1627302892.861836	0.183500	0.239000	0.935100	0.350200	-0.537700	0.772900
1627302892.866217	0.168700	0.221700	0.895800	0.306500	-0.578300	0.770500
1627302892.867153	0.167100	0.195900	0.857200	0.228000	-0.559100	0.743900
1627302892.876100	0.188600	0.183700	0.864600	0.184700	-0.494000	0.685300
1627302892.900408	0.212300	0.194000	0.899800	0.181900	-0.457300	0.619000
1627302892.901332	0.229200	0.213700	0.938500	0.141600	-0.452800	0.548200
1627302892.909490	0.242700	0.238900	0.967500	0.091800	-0.452500	0.487700
1627302892.919601	0.229200	0.259800	0.989100	0.134600	-0.482100	0.457100
1627302892.943915	0.217300	0.262500	0.986800	0.170000	-0.523600	0.468700
1627302892.944848	0.198900	0.244100	0.963100	0.129100	-0.570100	0.506900
1627302892.946952	0.181800	0.222400	0.926600	0.035600	-0.561800	0.554600
1627302892.949832	0.195800	0.208100	0.912700	-0.025200	-0.510800	0.579000
1627302892.979392	0.217400	0.216400	0.938500	0.031600	-0.456100	0.583300
1627302892.990642	0.241900	0.228900	0.958900	0.081700	-0.423400	0.587900
1627302892.991571	0.261600	0.233400	0.962300	0.112900	-0.425600	0.596100
1627302893.008908	0.276900	0.229400	0.930900	0.102500	-0.449400	0.597900
1627302893.009636	0.272100	0.225600	0.908800	0.061600	-0.456400	0.612300
1627302893.016812	0.285900	0.213600	0.909400	0.048700	-0.451200	0.606500
1627302893.020986	0.285000	0.215700	0.933500	0.079900	-0.469600	0.573200
1627302893.046111	0.282000	0.221800	0.947400	0.091500	-0.494900	0.551800
1627302893.046836	0.270600	0.228400	0.956800	0.064900	-0.491900	0.551800
1627302893.054853	0.262900	0.227500	0.947400	0.037400	-0.473800	0.550900
1627302893.075975	0.270100	0.231000	0.935200	-0.043800	-0.456100	0.533200
1627302893.077150	0.279500	0.230500	0.925500	-0.073700	-0.437500	0.504800
1627302893.087043	0.295800	0.232700	0.939900	-0.092100	-0.411500	0.447100
1627302893.096802	0.301100	0.237800	0.962900	-0.107000	-0.395000	0.403700
1627302893.116393	0.299900	0.253100	0.989000	-0.096900	-0.388600	0.376200
1627302893.117343	0.312600	0.262900	0.992900	-0.110100	-0.381000	0.379200
1627302893.124885	0.328000	0.245200	0.982100	-0.173000	-0.349200	0.364600
1627302893.148038	0.326900	0.263100	0.980500	-0.193200	-0.336100	0.367600
1627302893.154220	0.337300	0.270100	0.982200	-0.202900	-0.336100	0.380500
1627302893.155150	0.326200	0.259000	0.984900	-0.227700	-0.350400	0.370400
1627302893.176850	0.296600	0.258900	0.983500	-0.237400	-0.353800	0.377100
1627302893.178518	0.275000	0.248400	0.985100	-0.224300	-0.321700	0.375900
1627302893.193738	0.274500	0.229900	0.984100	-0.170900	-0.269200	0.378000
1627302893.198416	0.275600	0.224400	0.986300	-0.150700	-0.194400	0.349900
1627302893.209531	0.304800	0.225800	0.994900	-0.086600	-0.140300	0.314500
1627302893.224250	0.330600	0.229500	0.988200	-0.043800	-0.105200	0.266500
1627302893.225185	0.346900	0.230800	0.982300	-0.021500	-0.084400	0.227800
1627302893.251106	0.354500	0.241200	0.980200	0.038700	-0.068800	0.189000
1627302893.252225	0.351200	0.246200	0.977200	0.119600	-0.078900	0.170000
1627302893.255602	0.340600	0.235200	0.961800	0.151700	-0.083500	0.165400
1627302893.266991	0.329700	0.227200	0.941400	0.188300	-0.058500	0.170000
1627302893.288539	0.331200	0.215600	0.933300	0.225900	-0.032800	0.164200
1627302893.289401	0.331300	0.204100	0.921600	0.222500	-0.021500	0.167300
1627302893.294454	0.333700	0.197300	0.914200	0.211800	-0.010200	0.166700
1627302893.307952	0.341100	0.189200	0.907300	0.189200	0.012100	0.158100
1627302893.308883	0.347200	0.191200	0.911400	0.179800	0.024600	0.149600
1627302893.332939	0.350200	0.194700	0.912400	0.174900	0.033200	0.142800
1627302893.335523	0.355300	0.196500	0.910200	0.157800	0.040800	0.151400
1627302893.343316	0.355500	0.194300	0.901500	0.166600	0.047200	0.167000
1627302893.359111	0.354500	0.186400	0.897200	0.178300	0.038700	0.178900
1627302893.372818	0.349600	0.178700	0.890300	0.138500	0.015500	0.176100
1627302893.373450	0.345300	0.179800	0.889900	0.108000	-0.000100	0.164200
1627302893.397501	0.339800	0.182400	0.889500	0.072600	-0.012000	0.155400
1627302893.398378	0.342400	0.194500	0.886000	0.036200	-0.013600	0.153500
1627302893.404373	0.343300	0.202400	0.889300	0.023700	-0.014200	0.149600
1627302893.415393	0.338500	0.207400	0.886200	-0.015400	-0.010800	0.151400
1627302893.416340	0.334400	0.208400	0.885700	-0.060300	-0.001600	0.153800
1627302893.439284	0.332500	0.209200	0.884300	-0.089900	0.008700	0.155400
1627302893.449305	0.332500	0.206100	0.888400	-0.123800	0.027400	0.146200
1627302893.458032	0.341300	0.207300	0.901400	-0.173300	0.050000	0.128800
1627302893.460763	0.344500	0.211100	0.911300	-0.236200	0.083000	0.111700
1627302893.485946	0.348900	0.219600	0.930900	-0.286000	0.099800	0.102800
1627302893.486963	0.343300	0.230300	0.955900	-0.324800	0.129700	0.080800
1627302893.496949	0.333900	0.238200	0.976600	-0.339200	0.159600	0.068900
1627302893.505563	0.335700	0.238600	0.991500	-0.317500	0.198400	0.065000
1627302893.529850	0.341400	0.241800	0.991500	-0.238700	0.211200	0.053400
1627302893.530726	0.334700	0.241900	0.983800	-0.166600	0.211500	0.044200
1627302893.534375	0.318400	0.235700	0.978900	-0.113400	0.203600	0.039000
1627302893.548039	0.298300	0.223300	0.970600	-0.046500	0.210300	0.034400
1627302893.548966	0.285600	0.207500	0.967900	0.013000	0.237500	0.035000
1627302893.574468	0.301900	0.198700	0.962200	0.033500	0.266500	0.018800
1627302893.587960	0.315100	0.197100	0.960200	0.031600	0.277200	0.001100
1627302893.588834	0.313700	0.192500	0.958700	0.007800	0.275400	-0.013500
1627302893.592515	0.298700	0.192900	0.959000	-0.009600	0.278100	-0.022400
1627302893.608350	0.290300	0.177900	0.951800	-0.017800	0.292800	-0.025500
1627302893.614426	0.283900	0.177000	0.947900	-0.033400	0.303800	-0.030900
1627302893.621774	0.281700	0.174000	0.940400	-0.060300	0.311400	-0.039500
1627302893.645217	0.280000	0.183200	0.940400	-0.076800	0.300400	-0.049900
1627302893.646144	0.278300	0.184400	0.935400	-0.103400	0.294600	-0.073400
1627302893.651148	0.273100	0.195100	0.931900	-0.121400	0.289100	-0.098100
1627302893.681169	0.273100	0.195100	0.931900	-0.121400	0.289100	-0.098100
1627302893.683252	0.273400	0.200600	0.932500	-0.150700	0.287000	-0.127200
1627302893.684386	0.264900	0.204300	0.932300	-0.184900	0.294600	-0.149500
1627302893.689254	0.265900	0.199800	0.938100	-0.199000	0.308400	-0.157700
1627302893.706924	0.268300	0.199200	0.938100	-0.186400	0.304700	-0.154600
1627302893.717911	0.271000	0.192000	0.931500	-0.182200	0.302900	-0.163500
1627302893.740751	0.258400	0.191900	0.930100	-0.189800	0.309300	-0.186100
1627302893.741957	0.263300	0.200700	0.942400	-0.178800	0.289700	-0.221500
1627302893.748098	0.250600	0.207000	0.953700	-0.200200	0.278700	-0.256700
1627302893.749030	0.238500	0.203100	0.960600	-0.221600	0.288200	-0.279300
1627302893.772335	0.240000	0.196200	0.970000	-0.246900	0.309600	-0.286300
1627302893.774528	0.250900	0.203900	0.985000	-0.232600	0.296800	-0.280200
1627302893.789572	0.241500	0.190100	0.975300	-0.198700	0.267400	-0.273800
1627302893.791763	0.244900	0.195100	0.996500	-0.183100	0.285200	-0.287500
1627302893.816079	0.219800	0.184600	0.999300	-0.161400	0.290000	-0.329400
1627302893.816791	0.228500	0.196800	1.009200	-0.164100	0.311400	-0.346800
1627302893.826994	0.222800	0.196300	1.006100	-0.132700	0.278700	-0.366600
1627302893.834895	0.214000	0.198900	0.995400	-0.126000	0.269600	-0.387100
1627302893.858589	0.205700	0.192900	0.986000	-0.131800	0.279000	-0.402400
1627302893.859467	0.206200	0.179800	0.976800	-0.143700	0.306800	-0.421900
1627302893.869402	0.205400	0.189200	0.975500	-0.140600	0.335900	-0.446000
1627302893.879286	0.205800	0.169300	0.962400	-0.164400	0.393900	-0.483600
1627302893.904024	0.215300	0.182400	0.968300	-0.159300	0.422000	-0.514400
1627302893.904882	0.223800	0.167700	0.962500	-0.155300	0.450100	-0.556300
1627302893.905865	0.232900	0.156400	0.951500	-0.193500	0.492900	-0.592900
1627302893.921576	0.235600	0.153400	0.943500	-0.213600	0.513900	-0.613100
1627302893.923309	0.239700	0.153700	0.939200	-0.231300	0.521000	-0.630500
1627302893.944762	0.234500	0.144200	0.927600	-0.228900	0.504200	-0.644300
1627302893.945617	0.216900	0.140900	0.929200	-0.252700	0.512400	-0.646700
1627302893.951047	0.204700	0.135000	0.922000	-0.270700	0.524600	-0.640000
1627302893.976799	0.205100	0.140500	0.928000	-0.266800	0.537800	-0.622600
1627302893.990501	0.205600	0.132100	0.922900	-0.255200	0.536500	-0.599700
1627302893.991435	0.211400	0.131300	0.920500	-0.244200	0.547200	-0.578300
1627302894.011467	0.214400	0.139300	0.925800	-0.192800	0.519700	-0.555100
1627302894.012407	0.210800	0.127700	0.925700	-0.145500	0.495600	-0.534000
1627302894.015704	0.215600	0.116500	0.930300	-0.110700	0.496800	-0.516000
1627302894.019624	0.229100	0.105200	0.942900	-0.063700	0.512700	-0.491800
1627302894.043979	0.246600	0.084000	0.955000	-0.036200	0.537800	-0.470200
1627302894.044912	0.257800	0.066200	0.970300	-0.013300	0.556100	-0.449100
1627302894.049894	0.256000	0.031500	0.982800	-0.010800	0.556700	-0.416700
1627302894.074750	0.240400	0.021100	0.992700	-0.022400	0.535600	-0.380400
1627302894.075972	0.215100	-0.009300	0.992400	-0.060600	0.498700	-0.332700
1627302894.086142	0.179700	-0.020300	0.997700	-0.157700	0.467800	-0.275000
1627302894.095378	0.157800	-0.016600	1.003200	-0.203800	0.429000	-0.228600
1627302894.112558	0.146200	-0.003200	1.010400	-0.205400	0.393600	-0.192500
1627302894.113488	0.134400	0.003200	1.009800	-0.192200	0.362400	-0.174500
1627302894.125005	0.128700	0.038200	1.015700	-0.168400	0.335600	-0.174200
1627302894.149386	0.117200	0.065700	1.016200	-0.121400	0.313000	-0.168700
1627302894.152633	0.121200	0.100200	1.016400	-0.006200	0.260400	-0.175700
1627302894.153561	0.115400	0.141400	1.022800	0.095500	0.220400	-0.171800
1627302894.160128	0.106600	0.137200	1.002100	0.189200	0.168500	-0.174200
1627302894.179320	0.088400	0.135100	0.991600	0.249100	0.174900	-0.161400
1627302894.193987	0.084100	0.122300	0.972800	0.241200	0.203600	-0.151300
1627302894.194917	0.088700	0.133200	0.978100	0.228000	0.254000	-0.137200
1627302894.199966	0.095500	0.127000	0.971200	0.247900	0.286400	-0.119200
1627302894.222093	0.104500	0.123500	0.973100	0.245100	0.292500	-0.102100
1627302894.222928	0.103400	0.144800	0.973500	0.232000	0.284500	-0.078300
1627302894.238041	0.094700	0.137300	0.948500	0.220100	0.244500	-0.038900
1627302894.262729	0.080200	0.144300	0.914100	0.186200	0.203000	0.010000
1627302894.264832	0.065900	0.145800	0.886800	0.147100	0.186800	0.044200
1627302894.265291	0.049800	0.136400	0.861000	0.109800	0.170600	0.051500
1627302894.275795	0.039300	0.131800	0.834700	0.057300	0.181000	0.039600
1627302894.282491	0.029100	0.145000	0.840700	0.011800	0.211500	0.007500
1627302894.305473	0.022000	0.149800	0.858600	0.028000	0.218000	-0.020900
1627302894.306400	0.013800	0.146600	0.869100	0.032300	0.218000	-0.018100
1627302894.323115	-0.002800	0.160900	0.885000	0.047800	0.223800	0.021900
1627302894.338790	-0.007100	0.149500	0.883300	0.110400	0.199600	0.057300
1627302894.339727	-0.000700	0.150300	0.881700	0.183400	0.126600	0.099800
1627302894.344456	-0.007000	0.123900	0.837400	0.217000	0.043000	0.121800
1627302894.352489	-0.019300	0.121100	0.819500	0.165700	0.015800	0.124200
1627302894.376318	-0.020400	0.123500	0.813000	0.150800	-0.024600	0.098600
1627302894.377170	-0.014300	0.136000	0.832800	0.131500	-0.035900	0.071700
1627302894.387099	-0.017200	0.156200	0.854600	0.142200	-0.026100	0.054900
1627302894.396996	0.000900	0.163300	0.890000	0.201200	0.011500	0.036200
1627302894.411877	0.009900	0.166600	0.915900	0.266800	0.018500	0.049700
1627302894.423775	0.029900	0.167200	0.926600	0.317800	-0.005900	0.064300
1627302894.424498	0.039400	0.180900	0.925700	0.336200	-0.095100	0.086900
1627302894.426083	0.023300	0.182100	0.915000	0.338900	-0.154400	0.111100
1627302894.457718	0.014900	0.184600	0.910200	0.355700	-0.171500	0.118400
1627302894.461186	0.016800	0.192300	0.921000	0.379200	-0.143400	0.119600
1627302894.462139	0.031600	0.206800	0.936900	0.410400	-0.117100	0.109200
1627302894.469867	0.045800	0.212900	0.951300	0.443700	-0.100000	0.093100
1627302894.491873	0.053800	0.226400	0.966400	0.471500	-0.097900	0.068300
1627302894.501348	0.054200	0.231400	0.985100	0.499300	-0.076500	0.057000
1627302894.502284	0.054200	0.229500	1.004200	0.528000	-0.053300	0.054000
1627302894.508671	0.059700	0.222900	1.015000	0.564000	-0.023300	0.077800
1627302894.532980	0.071500	0.215800	1.008300	0.592400	-0.013900	0.097000
1627302894.543845	0.083700	0.207800	0.989100	0.605200	-0.044100	0.097900
1627302894.544782	0.091700	0.203700	0.948700	0.572300	-0.119500	0.089700
1627302894.553859	0.091700	0.211200	0.924800	0.504100	-0.190100	0.080500
1627302894.578686	0.086500	0.228600	0.918700	0.480000	-0.217000	0.073800
1627302894.579603	0.073200	0.238300	0.934100	0.526800	-0.196200	0.064000
1627302894.583030	0.075300	0.238500	0.955700	0.615000	-0.153100	0.057900
1627302894.593340	0.071500	0.233400	0.960900	0.677600	-0.121400	0.059200
1627302894.597798	0.084800	0.232700	0.959400	0.710300	-0.084700	0.053400
1627302894.621428	0.106400	0.221100	0.950000	0.695300	-0.082300	0.045100
1627302894.622362	0.114400	0.225800	0.939000	0.652300	-0.106100	0.044800
1627302894.632049	0.116700	0.244400	0.924100	0.638800	-0.158000	0.034700
1627302894.641247	0.107500	0.248400	0.909400	0.637000	-0.198600	0.044800
1627302894.663859	0.094000	0.254500	0.904100	0.637900	-0.214800	0.046900
1627302894.664792	0.085200	0.252000	0.902100	0.674000	-0.211200	0.043000
1627302894.675725	0.075700	0.249100	0.902500	0.716400	-0.192500	0.042400
1627302894.678656	0.084700	0.241500	0.897000	0.741200	-0.190400	0.038700
1627302894.701705	0.090900	0.246300	0.886400	0.775700	-0.187300	0.040500
1627302894.702443	0.104400	0.235200	0.878200	0.803200	-0.194700	0.050000
1627302894.713161	0.106200	0.234400	0.871200	0.804700	-0.218500	0.070800
1627302894.719495	0.104100	0.219800	0.853100	0.780900	-0.251500	0.088500
1627302894.745131	0.116300	0.187300	0.838900	0.678600	-0.276200	0.124800
1627302894.746059	0.123400	0.168200	0.833600	0.557600	-0.309500	0.150200
1627302894.751369	0.137500	0.151000	0.836400	0.403400	-0.334600	0.178900
1627302894.773483	0.133300	0.164100	0.861200	0.217700	-0.345900	0.206400
1627302894.774345	0.133100	0.188700	0.897200	0.132700	-0.325400	0.206700
1627302894.784684	0.122900	0.218300	0.931800	0.109800	-0.281700	0.197800
1627302894.794290	0.126100	0.259900	0.973500	0.093000	-0.237400	0.152000
1627302894.813930	0.125700	0.282500	0.988900	0.063100	-0.212400	0.108000
1627302894.814869	0.141100	0.298500	1.000900	-0.018400	-0.204800	0.053700
1627302894.822334	0.142600	0.339400	1.013100	-0.121400	-0.202000	0.005400
1627302894.844360	0.153600	0.370200	1.019400	-0.169600	-0.198600	-0.029700
1627302894.849246	0.155900	0.393600	1.018100	-0.185800	-0.201400	-0.055700
1627302894.850199	0.151600	0.413200	1.011600	-0.150400	-0.201700	-0.086500
1627302894.874914	0.139800	0.422600	1.020300	-0.096300	-0.180300	-0.123200
1627302894.875973	0.127600	0.429100	1.028000	-0.047500	-0.142400	-0.173000
1627302894.887123	0.119000	0.428100	1.025500	-0.028800	-0.088100	-0.232800
1627302894.896909	0.126200	0.411700	1.014800	-0.092700	-0.057500	-0.266100
1627302894.913958	0.130400	0.403300	0.995700	-0.183100	-0.042900	-0.273500
1627302894.914913	0.130700	0.388500	0.988300	-0.238700	-0.017500	-0.265800
1627302894.924482	0.123900	0.378100	0.990000	-0.257600	0.024300	-0.247200
1627302894.926091	0.110800	0.386600	1.001200	-0.210900	0.072900	-0.249600
1627302894.951318	0.110500	0.389500	0.992100	-0.121400	0.116300	-0.278300
1627302894.952045	0.133200	0.371600	0.953500	-0.085900	0.108900	-0.312300
1627302894.967150	0.151900	0.348900	0.907800	-0.131500	0.057300	-0.310700
1627302894.969878	0.150400	0.312900	0.865100	-0.176400	0.020000	-0.266400
1627302894.995406	0.149200	0.265500	0.857800	-0.184600	0.030400	-0.192200
1627302894.996345	0.153000	0.218000	0.860100	-0.176400	0.052100	-0.136600
1627302895.003635	0.163700	0.168200	0.853100	-0.202300	0.058500	-0.100000
1627302895.011839	0.160000	0.132000	0.849600	-0.281100	0.036200	-0.068200
1627302895.024588	0.149500	0.120100	0.849400	-0.323000	-0.003800	-0.041900
1627302895.031138	0.143800	0.109600	0.866900	-0.323000	-0.043800	-0.041300
1627302895.056096	0.133800	0.114900	0.892900	-0.315900	-0.091400	-0.065800
1627302895.056964	0.120600	0.153400	0.931300	-0.287800	-0.146100	-0.096600
1627302895.060964	0.076800	0.212400	0.954100	-0.240800	-0.180000	-0.095700
1627302895.076106	0.043800	0.248200	0.954000	-0.255200	-0.122000	-0.095400
1627302895.101654	0.037500	0.263900	0.963900	-0.333300	-0.022400	-0.125900
1627302895.102588	0.047200	0.278400	0.986600	-0.367900	0.062200	-0.167800
1627302895.103446	0.077400	0.314000	1.020400	-0.330300	0.127600	-0.216700
1627302895.111907	0.094100	0.341300	1.033900	-0.275600	0.174300	-0.236200
1627302895.123062	0.111100	0.354500	1.038100	-0.230100	0.218600	-0.243500
1627302895.145413	0.135400	0.354400	1.025600	-0.220000	0.245800	-0.249000
1627302895.146615	0.141100	0.353500	1.018900	-0.220300	0.236900	-0.251200
1627302895.161828	0.129000	0.343900	1.004300	-0.210000	0.212200	-0.251500
1627302895.166666	0.111100	0.333300	0.994800	-0.254200	0.218300	-0.246900
1627302895.167601	0.105300	0.334200	0.993000	-0.306500	0.250000	-0.236200
1627302895.189926	0.105200	0.342300	0.989300	-0.325400	0.276600	-0.222200
1627302895.190809	0.107400	0.349100	0.976200	-0.276200	0.272900	-0.202300
1627302895.203242	0.098800	0.348900	0.960800	-0.185500	0.253700	-0.177600
1627302895.207942	0.082400	0.350800	0.956900	-0.083800	0.249700	-0.164700
1627302895.229896	0.057700	0.329600	0.962000	0.030400	0.281800	-0.167800
1627302895.232060	0.049900	0.299200	0.964700	0.074100	0.338300	-0.192500
1627302895.248187	0.057400	0.274500	0.957800	0.061000	0.372200	-0.219400
1627302895.272390	0.089600	0.252300	0.928600	0.025200	0.343200	-0.233800
1627302895.273241	0.103800	0.245000	0.896200	0.051800	0.225900	-0.213000
1627302895.274289	0.087000	0.247300	0.830000	0.122100	0.054600	-0.158000
1627302895.289765	0.047500	0.231000	0.750900	0.124500	-0.011700	-0.085000
1627302895.291766	0.031900	0.184800	0.754400	0.220400	0.033200	-0.056900
1627302895.307490	0.028600	0.150400	0.801900	0.370400	0.061300	-0.047100
1627302895.310931	0.023600	0.145800	0.837600	0.422900	0.064900	-0.042600
1627302895.326065	0.018300	0.159900	0.851900	0.326700	0.081100	-0.061500
1627302895.339346	0.020000	0.180800	0.863600	0.180700	0.099100	-0.086200
1627302895.340999	0.015600	0.206500	0.880400	0.026800	0.108000	-0.102100
1627302895.359282	0.011600	0.233600	0.910300	-0.097900	0.092700	-0.110400
1627302895.373842	-0.006800	0.252900	0.935100	-0.160800	0.080500	-0.099400
1627302895.374796	-0.020800	0.266200	0.958300	-0.211200	0.091500	-0.071000
1627302895.387164	-0.030500	0.268400	0.972900	-0.255500	0.120800	-0.033100
1627302895.389456	-0.033700	0.273900	0.976700	-0.287200	0.141000	-0.003500
1627302895.392083	-0.028800	0.286100	0.971400	-0.319000	0.155700	0.023100
1627302895.416567	-0.017600	0.301500	0.969100	-0.345300	0.161800	0.034700
1627302895.420539	-0.018600	0.309700	0.964000	-0.366000	0.170300	0.035000
1627302895.443515	-0.009500	0.314200	0.971900	-0.387700	0.190500	0.023400
1627302895.445759	-0.005600	0.319600	0.986600	-0.378900	0.226200	0.025600
1627302895.449378	0.002400	0.306300	0.995200	-0.347100	0.239300	0.056700
1627302895.455812	-0.005200	0.291300	0.992300	-0.360200	0.257100	0.099800
1627302895.476082	0.000200	0.273200	0.988500	-0.382200	0.295800	0.141300
1627302895.479676	0.017600	0.266800	0.992200	-0.323600	0.293700	0.134000
1627302895.490893	0.019400	0.269200	0.990700	-0.208100	0.247900	0.116900
1627302895.498161	0.002900	0.265500	0.959200	-0.140900	0.163300	0.112000
1627302895.522511	-0.013200	0.243300	0.913600	-0.176700	0.122100	0.110800
1627302895.523367	-0.026500	0.210700	0.890900	-0.217600	0.135200	0.094900
1627302895.530819	-0.040200	0.182500	0.899200	-0.229200	0.179800	0.078400
1627302895.544485	-0.045000	0.161300	0.917800	-0.258200	0.214900	0.075000
1627302895.568412	-0.054400	0.153900	0.931200	-0.325700	0.269000	0.085400
1627302895.569297	-0.049000	0.149500	0.945100	-0.432000	0.334600	0.086900
1627302895.570745	-0.025300	0.162100	0.956500	-0.539800	0.382300	0.077500
1627302895.586452	-0.005700	0.180900	0.968600	-0.602100	0.400900	0.070800
1627302895.587937	0.010300	0.190300	0.980500	-0.599400	0.371600	0.073200
1627302895.608848	0.009300	0.202400	0.979100	-0.605800	0.305600	0.087300
1627302895.610925	-0.008200	0.193800	0.958500	-0.641800	0.257400	0.124800
1627302895.620855	-0.029900	0.167600	0.924000	-0.708700	0.245500	0.169400
1627302895.625547	-0.037200	0.149500	0.906700	-0.764600	0.276900	0.193500
1627302895.648656	-0.025800	0.148600	0.915500	-0.739900	0.311100	0.195400
1627302895.649658	-0.014500	0.158000	0.932900	-0.644900	0.324300	0.184700
1627302895.668094	-0.007300	0.173700	0.954000	-0.522100	0.309300	0.171200
1627302895.681519	0.005000	0.185500	0.956900	-0.436600	0.290700	0.162400
1627302895.682465	0.010100	0.180900	0.958400	-0.346800	0.266500	0.166100
1627302895.692006	0.009900	0.168500	0.952800	-0.266500	0.228700	0.175200
1627302895.696186	0.006800	0.152500	0.938500	-0.233200	0.191400	0.185600
1627302895.723925	-0.007300	0.129400	0.921300	-0.231300	0.171500	0.196600
1627302895.724857	-0.019700	0.101900	0.907300	-0.238100	0.163600	0.193500
1627302895.734430	-0.026200	0.086500	0.905500	-0.258200	0.179800	0.190800
1627302895.739937	-0.023700	0.074700	0.915200	-0.283900	0.196300	0.194200
1627302895.762665	-0.018300	0.065400	0.932000	-0.311100	0.213100	0.195700
1627302895.763595	-0.014200	0.064300	0.943500	-0.338500	0.201500	0.191400
1627302895.769519	-0.011600	0.064600	0.944500	-0.396600	0.187700	0.189600
1627302895.781327	0.002700	0.069100	0.941500	-0.438700	0.174900	0.182200
1627302895.805274	0.007000	0.073000	0.947500	-0.436000	0.148900	0.185300
1627302895.806182	0.005200	0.073000	0.950600	-0.431700	0.105000	0.187100
1627302895.809603	-0.000100	0.077100	0.939900	-0.450600	0.050900	0.187100
1627302895.823103	-0.007200	0.084500	0.935500	-0.464700	0.037800	0.181300
1627302895.825474	-0.008900	0.080000	0.934200	-0.449400	0.021600	0.170900
1627302895.851345	-0.006500	0.087900	0.939800	-0.443900	0.000200	0.165700
1627302895.852388	-0.004200	0.092200	0.942000	-0.407600	-0.023000	0.163600
1627302895.861966	-0.002900	0.095000	0.952400	-0.327200	-0.046500	0.163600
1627302895.869283	0.010500	0.102800	0.965700	-0.218800	-0.082000	0.160300
1627302895.889981	0.008300	0.109500	0.964500	-0.135400	-0.113100	0.157500
1627302895.890832	0.011100	0.104700	0.950000	-0.081100	-0.129300	0.170600
1627302895.899612	0.006300	0.083100	0.929900	-0.069100	-0.140000	0.203300
1627302895.909320	0.000400	0.058500	0.918000	-0.083800	-0.148600	0.237200
1627302895.929838	-0.002600	0.048800	0.922200	-0.105500	-0.140000	0.264400
1627302895.930813	-0.000400	0.045200	0.939800	-0.127500	-0.141200	0.278800
1627302895.941909	0.005400	0.057500	0.956900	-0.135100	-0.142100	0.279400
1627302895.946716	0.010400	0.081400	0.974400	-0.096900	-0.159900	0.262900
1627302895.970028	0.006300	0.093900	0.973300	-0.073100	-0.190100	0.248800
1627302895.970724	-0.002400	0.095900	0.958300	-0.112200	-0.213600	0.240300
1627302895.980551	-0.011200	0.093800	0.939600	-0.172700	-0.226400	0.234800
1627302895.989682	-0.010700	0.081500	0.932100	-0.230700	-0.220000	0.233200
1627302895.999508	-0.008100	0.084700	0.943700	-0.297300	-0.194700	0.239400
1627302896.014731	-0.007900	0.087200	0.959800	-0.339500	-0.183100	0.245200
1627302896.020564	-0.003800	0.090000	0.977100	-0.388900	-0.162900	0.255500
1627302896.043584	-0.001300	0.095100	0.984000	-0.443600	-0.162900	0.267500
1627302896.044449	0.001100	0.098600	0.983500	-0.512000	-0.161100	0.265900
1627302896.048138	0.001300	0.093500	0.986500	-0.558800	-0.144000	0.251300
1627302896.055722	0.006000	0.112400	0.999400	-0.553900	-0.132100	0.241500
1627302896.076383	0.013100	0.111700	1.014800	-0.538600	-0.144000	0.233200
1627302896.078445	0.017500	0.121900	1.021700	-0.463800	-0.180000	0.239400
1627302896.089539	0.013900	0.105500	1.013800	-0.402700	-0.201100	0.224400
1627302896.095564	0.017300	0.109300	1.013500	-0.320500	-0.231900	0.196000
1627302896.117379	0.015400	0.113200	1.015500	-0.199900	-0.270700	0.157500
1627302896.118616	0.007900	0.126700	1.021100	-0.054800	-0.344600	0.114400
1627302896.130869	-0.009900	0.129300	1.006300	0.054600	-0.371500	0.079900
1627302896.136806	-0.012000	0.131600	0.988200	0.127500	-0.381900	0.066200
1627302896.156813	-0.007400	0.129200	0.970000	0.183700	-0.401800	0.072900
1627302896.158228	-0.006100	0.119300	0.954300	0.205100	-0.411200	0.078100
1627302896.173646	-0.004500	0.106400	0.951300	0.211500	-0.395700	0.076600
1627302896.178065	0.017800	0.095700	0.962000	0.206400	-0.368200	0.059500
1627302896.202555	0.029800	0.094400	0.968900	0.190500	-0.350400	0.041700
1627302896.203418	0.047100	0.096300	0.975800	0.171500	-0.338200	0.022500
1627302896.208132	0.061200	0.101100	0.981900	0.170600	-0.346200	0.006000
1627302896.219310	0.069600	0.105700	0.983500	0.181300	-0.356900	-0.010800
1627302896.242556	0.068400	0.108300	0.985500	0.188600	-0.385000	-0.037700
1627302896.243413	0.054400	0.112300	0.981200	0.192900	-0.426800	-0.069700
1627302896.248695	0.037500	0.111900	0.973500	0.178300	-0.454300	-0.091700
1627302896.270728	0.024800	0.109900	0.969800	0.173100	-0.470500	-0.105800
1627302896.281414	0.015900	0.108400	0.964100	0.158100	-0.462500	-0.118000
1627302896.282139	0.018600	0.108500	0.962300	0.127200	-0.438400	-0.131400
1627302896.292407	0.025400	0.106200	0.965000	0.096700	-0.401800	-0.142400
1627302896.306627	0.042800	0.108300	0.973600	0.050000	-0.369400	-0.149200
1627302896.318874	0.055800	0.112300	0.982400	0.014500	-0.359900	-0.158300
1627302896.320512	0.063800	0.116100	0.987300	-0.021800	-0.350400	-0.164100
1627302896.321511	0.074000	0.117600	0.993700	-0.037100	-0.355000	-0.177900
1627302896.342311	0.072100	0.122400	0.995500	-0.043200	-0.341000	-0.194400
1627302896.348951	0.081200	0.123400	0.999500	-0.034600	-0.335200	-0.204400
1627302896.373054	0.084500	0.128900	1.002100	-0.020900	-0.357200	-0.218800
1627302896.377866	0.079600	0.134000	1.003100	0.006900	-0.355600	-0.234700
1627302896.378827	0.076800	0.138700	1.002800	0.027700	-0.347400	-0.242600
1627302896.388244	0.075800	0.134400	1.001100	0.039900	-0.330000	-0.238300
1627302896.390831	0.091300	0.139200	1.001700	0.061600	-0.302800	-0.241400
1627302896.415370	0.104100	0.139800	1.004500	0.089700	-0.295200	-0.241700
1627302896.418136	0.111200	0.140000	1.007000	0.122400	-0.284200	-0.231300
1627302896.431608	0.116800	0.129200	1.003800	0.168200	-0.260600	-0.218800
1627302896.435411	0.124500	0.123700	1.003100	0.206700	-0.259400	-0.215100
1627302896.458623	0.123300	0.117300	0.999100	0.217300	-0.261000	-0.221200
1627302896.459780	0.129200	0.102400	0.987700	0.222500	-0.265500	-0.231000
1627302896.471894	0.136400	0.096300	0.982200	0.214300	-0.269200	-0.238300
1627302896.479465	0.145100	0.092500	0.973900	0.203900	-0.266800	-0.238600
1627302896.501471	0.152600	0.089100	0.969000	0.194100	-0.267100	-0.233100
1627302896.502414	0.158700	0.092900	0.964400	0.179800	-0.271000	-0.227600
1627302896.509516	0.156700	0.097800	0.961100	0.190800	-0.265800	-0.214800
1627302896.519756	0.159300	0.093000	0.960700	0.193500	-0.273800	-0.201100
1627302896.544025	0.156500	0.092400	0.948500	0.203900	-0.301900	-0.180000
1627302896.544952	0.159700	0.087200	0.934600	0.209100	-0.322700	-0.156800
1627302896.549499	0.171100	0.075900	0.923700	0.189200	-0.344900	-0.126200
1627302896.551100	0.181800	0.067600	0.917100	0.160500	-0.368500	-0.102700
1627302896.579240	0.187100	0.061400	0.914700	0.133700	-0.392900	-0.086800
1627302896.580170	0.185500	0.064200	0.918500	0.097600	-0.414300	-0.083500
1627302896.589242	0.180900	0.069000	0.927400	0.053900	-0.431400	-0.083800
1627302896.597535	0.174000	0.081500	0.933300	0.012400	-0.434700	-0.077400
1627302896.622660	0.176300	0.092300	0.939700	-0.016300	-0.429900	-0.068800
1627302896.623605	0.180200	0.103800	0.946900	-0.038300	-0.420400	-0.051700
1627302896.627029	0.187900	0.109700	0.957000	-0.046500	-0.407900	-0.040100
1627302896.639523	0.186400	0.117900	0.971700	-0.062400	-0.388000	-0.034900
1627302896.641144	0.185400	0.127900	0.987500	-0.075600	-0.354100	-0.038600
1627302896.666324	0.186400	0.136700	1.002800	-0.052700	-0.357500	-0.053600
1627302896.667262	0.179300	0.141600	1.012500	-0.048400	-0.335200	-0.054800
1627302896.673696	0.181300	0.143400	1.020000	-0.045900	-0.312600	-0.052300
1627302896.694684	0.186000	0.147500	1.020800	-0.036800	-0.293600	-0.051400
1627302896.697023	0.196900	0.149000	1.024200	-0.028200	-0.265500	-0.056000
1627302896.704326	0.205800	0.153300	1.024200	-0.015700	-0.231600	-0.053200
1627302896.727312	0.215700	0.147600	1.029500	-0.010500	-0.214500	-0.054200
1627302896.728171	0.214700	0.141200	1.029900	-0.026400	-0.191900	-0.055400
1627302896.739428	0.214200	0.138400	1.036900	-0.045900	-0.167500	-0.058100
1627302896.749659	0.210200	0.128400	1.035600	-0.041000	-0.158000	-0.056600
1627302896.772272	0.205400	0.120400	1.022600	-0.026400	-0.136900	-0.045300
1627302896.773247	0.202300	0.116200	1.015500	-0.008400	-0.111600	-0.043800
1627302896.787698	0.209200	0.108800	1.008700	-0.006200	-0.090200	-0.039200
1627302896.791739	0.202300	0.109300	0.999600	0.000500	-0.083500	-0.040700
1627302896.792702	0.204100	0.105500	0.993000	0.014800	-0.063000	-0.047400
1627302896.819669	0.200700	0.099700	0.985200	0.017300	-0.056600	-0.059700
1627302896.821946	0.196400	0.101800	0.978600	-0.003200	-0.023900	-0.054500
1627302896.829641	0.204000	0.095600	0.973000	-0.022400	0.008100	-0.058100
1627302896.839507	0.211700	0.092900	0.968900	-0.025800	0.025200	-0.054200
1627302896.865551	0.212800	0.091400	0.959100	-0.023000	0.030700	-0.055700
1627302896.866734	0.211800	0.092300	0.949800	-0.036200	0.048800	-0.048400
1627302896.878963	0.220200	0.092400	0.945200	-0.051700	0.057900	-0.046800
1627302896.879690	0.220500	0.095600	0.942100	-0.064300	0.061000	-0.045300
1627302896.882329	0.221700	0.103600	0.939800	-0.082300	0.057300	-0.049000
1627302896.904537	0.222500	0.110100	0.936200	-0.077100	0.051200	-0.056300
1627302896.908193	0.226700	0.116200	0.938500	-0.058200	0.043900	-0.065800
1627302896.923374	0.228100	0.120500	0.936300	-0.032500	0.036200	-0.072800
1627302896.926517	0.230100	0.123500	0.938800	0.001700	0.023100	-0.068200
1627302896.956649	0.228500	0.120400	0.938800	0.035900	0.009000	-0.060000
1627302896.957580	0.228100	0.114600	0.939000	0.077500	-0.006800	-0.045900
1627302896.958435	0.231000	0.111000	0.942700	0.135200	-0.036500	-0.040700
1627302896.969432	0.230100	0.105000	0.937400	0.179200	-0.072800	-0.039200
1627302896.973117	0.231200	0.101300	0.934400	0.211200	-0.103700	-0.046800
1627302896.994696	0.226600	0.097500	0.928800	0.219500	-0.120800	-0.061200
1627302896.997185	0.229900	0.096100	0.934100	0.226200	-0.133000	-0.078300
1627302897.015548	0.227700	0.094100	0.944600	0.235400	-0.160800	-0.094500
1627302897.016487	0.230000	0.095500	0.959100	0.246700	-0.191300	-0.096900
1627302897.039234	0.231200	0.102700	0.966900	0.269300	-0.224900	-0.100300
1627302897.040523	0.240000	0.120400	0.971200	0.290000	-0.274100	-0.113100
1627302897.046218	0.236200	0.127800	0.958600	0.293400	-0.306800	-0.126900
1627302897.068011	0.242300	0.141700	0.951900	0.292500	-0.330000	-0.143300
1627302897.076557	0.240800	0.144500	0.940100	0.305000	-0.358100	-0.169600
1627302897.077497	0.239700	0.162400	0.936600	0.330100	-0.381900	-0.196500
1627302897.087328	0.238800	0.169800	0.930500	0.355400	-0.388600	-0.212100
1627302897.088670	0.241500	0.175200	0.927900	0.390500	-0.378500	-0.226400
1627302897.111710	0.249600	0.173100	0.929300	0.424700	-0.362400	-0.228600
1627302897.115643	0.249100	0.165800	0.928100	0.437600	-0.341300	-0.220000
1627302897.130895	0.265400	0.163100	0.929600	0.457100	-0.313800	-0.196800
1627302897.133298	0.272100	0.160000	0.935700	0.523700	-0.334000	-0.168400
1627302897.156031	0.274500	0.157700	0.925700	0.520300	-0.354100	-0.127200
1627302897.157274	0.270900	0.150900	0.899300	0.474500	-0.364800	-0.097800
1627302897.169492	0.267700	0.127600	0.870100	0.381700	-0.348600	-0.073400
1627302897.176993	0.273300	0.131700	0.856300	0.310800	-0.327500	-0.067600
1627302897.200310	0.275000	0.126000	0.847000	0.249400	-0.308600	-0.066700
1627302897.201243	0.280400	0.134600	0.849000	0.189900	-0.287800	-0.065800
1627302897.210992	0.282600	0.137300	0.849200	0.124500	-0.258800	-0.075500
1627302897.217172	0.289400	0.139400	0.851400	0.059400	-0.218800	-0.093900
1627302897.241249	0.300700	0.151900	0.861700	0.023700	-0.179400	-0.115200
1627302897.241932	0.321900	0.165400	0.871800	0.028600	-0.183700	-0.133600
1627302897.245286	0.335600	0.185400	0.872200	0.055500	-0.230700	-0.149200
1627302897.249907	0.342900	0.204200	0.861700	0.092100	-0.320500	-0.191000
1627302897.275104	0.342500	0.215900	0.839100	0.095500	-0.388600	-0.244100
1627302897.275750	0.335000	0.230100	0.828500	0.084200	-0.421900	-0.304300
1627302897.286625	0.323500	0.233400	0.840600	0.073800	-0.403300	-0.346200
1627302897.293769	0.315800	0.232900	0.869800	0.096400	-0.347700	-0.364200
1627302897.318780	0.299200	0.224100	0.904800	0.145300	-0.278700	-0.351300
1627302897.319680	0.293000	0.208600	0.940900	0.227700	-0.183400	-0.316500
1627302897.336989	0.296500	0.189700	0.971600	0.338000	-0.100300	-0.272200
1627302897.347799	0.300300	0.178600	0.980300	0.414700	-0.047500	-0.233500
1627302897.348723	0.312300	0.171000	0.977200	0.459900	-0.018400	-0.197700
1627302897.358287	0.325900	0.161700	0.965700	0.488300	-0.017200	-0.167200
1627302897.367330	0.340200	0.152700	0.955300	0.495000	-0.050200	-0.150700
1627302897.392526	0.335200	0.148100	0.932400	0.476000	-0.101200	-0.129300
1627302897.393386	0.329700	0.145600	0.917400	0.435400	-0.117700	-0.102400
1627302897.395976	0.329500	0.142300	0.920900	0.438800	-0.105200	-0.087800
1627302897.410616	0.330200	0.137600	0.936500	0.464400	-0.071300	-0.061800
1627302897.414278	0.331700	0.127200	0.953000	0.458000	-0.024900	-0.022400
1627302897.437390	0.346800	0.124900	0.961500	0.421100	-0.013200	0.004500
1627302897.438256	0.355300	0.125600	0.956300	0.370100	-0.021500	0.023100
1627302897.443723	0.357200	0.134500	0.938600	0.291600	-0.042900	0.038400
1627302897.465591	0.361900	0.139900	0.922600	0.224700	-0.094500	0.039900
1627302897.476684	0.350700	0.143700	0.901600	0.132700	-0.147600	0.046000
1627302897.477617	0.331800	0.153900	0.889200	0.003800	-0.140000	0.057000
1627302897.486293	0.327100	0.167500	0.894400	-0.050200	-0.109800	0.057600
1627302897.495858	0.322900	0.187500	0.908900	-0.082900	-0.077100	0.046900
1627302897.505723	0.325100	0.212000	0.916100	-0.119900	-0.031300	0.029500
1627302897.518094	0.325300	0.233600	0.912200	-0.145200	-0.005600	0.011800
1627302897.541268	0.329700	0.249300	0.906700	-0.165100	0.014900	-0.007100
1627302897.543403	0.332500	0.265500	0.900300	-0.204100	0.035300	-0.019000
1627302897.544349	0.333000	0.274400	0.902700	-0.211800	0.036500	-0.008300
1627302897.553452	0.327100	0.280600	0.899500	-0.203500	0.028000	0.025900
1627302897.575254	0.321200	0.273800	0.890600	-0.153100	0.023100	0.075000
1627302897.576190	0.318200	0.266600	0.888200	-0.085900	0.035300	0.110500
1627302897.586209	0.309800	0.258800	0.892900	-0.014200	0.062500	0.138600
1627302897.592392	0.314700	0.255700	0.903300	0.054200	0.099100	0.154100
1627302897.614968	0.314200	0.256600	0.904300	0.101300	0.118400	0.148600
1627302897.615857	0.319000	0.260500	0.904500	0.122700	0.133100	0.126300
1627302897.626576	0.322600	0.262800	0.908100	0.113800	0.149500	0.096400
1627302897.633417	0.319700	0.261500	0.918600	0.100100	0.166300	0.075000
1627302897.656419	0.316700	0.264300	0.936500	0.103700	0.183100	0.065300
1627302897.657340	0.312300	0.262500	0.949500	0.118100	0.193800	0.063400
1627302897.672508	0.308100	0.259600	0.948700	0.117500	0.202100	0.065000
1627302897.683696	0.302600	0.255400	0.939500	0.095500	0.206100	0.061300
1627302897.685816	0.301100	0.250900	0.934700	0.057600	0.206100	0.044800
1627302897.701319	0.299900	0.253300	0.932500	0.028000	0.192600	0.015800
1627302897.704309	0.288100	0.255100	0.930700	-0.011700	0.215800	0.005100
1627302897.729906	0.288100	0.255100	0.930700	-0.011700	0.215800	0.005100
1627302897.730848	0.312300	0.256800	0.952000	-0.051700	0.280600	-0.032200
1627302897.734424	0.333100	0.265500	0.964400	-0.038300	0.272000	-0.047700
1627302897.749615	0.333100	0.265500	0.964400	-0.038300	0.272000	-0.047700
1627302897.772101	0.354200	0.301800	0.985000	0.066800	0.212200	-0.096300
1627302897.773116	0.355300	0.355000	1.017900	0.309600	0.088800	-0.155300
1627302897.782735	0.319800	0.395100	0.976400	0.451300	-0.003800	-0.170200
1627302897.783667	0.280500	0.401000	0.901000	0.378900	0.067700	-0.175700
1627302897.792554	0.288300	0.387500	0.912000	0.245400	0.258600	-0.243500
1627302897.813433	0.302400	0.381700	0.955100	0.354200	0.326400	-0.311600
1627302897.825154	0.293800	0.373700	0.951700	0.504800	0.336800	-0.336700
1627302897.826077	0.269000	0.357500	0.921400	0.557300	0.401500	-0.341900
1627302897.831299	0.268200	0.328000	0.914400	0.509300	0.505700	-0.345200
1627302897.851767	0.282800	0.299000	0.923000	0.472400	0.594600	-0.351000
1627302897.854481	0.297900	0.263400	0.931300	0.441200	0.632700	-0.346800
1627302897.869809	0.300200	0.250500	0.927400	0.390200	0.623000	-0.324200
1627302897.873100	0.291900	0.259200	0.916700	0.333100	0.597300	-0.283500
1627302897.897615	0.286600	0.246700	0.886800	0.275400	0.557600	-0.246900
1627302897.898467	0.276200	0.239300	0.864300	0.191400	0.499900	-0.221200
1627302897.905739	0.266600	0.234100	0.840000	0.109200	0.443100	-0.209300
1627302897.916975	0.264500	0.231300	0.821200	0.068300	0.382300	-0.198300
1627302897.941363	0.252700	0.240100	0.814700	0.051500	0.333700	-0.190100
1627302897.942218	0.240500	0.238000	0.812100	0.019700	0.316000	-0.178200
1627302897.944503	0.233500	0.240200	0.818400	-0.008700	0.310200	-0.176000
1627302897.955622	0.231200	0.240400	0.827400	-0.066400	0.325500	-0.185200
1627302897.971274	0.237300	0.253400	0.837200	-0.122300	0.320600	-0.203200
1627302897.973519	0.236600	0.265000	0.846600	-0.172100	0.292800	-0.214500
1627302897.984487	0.233400	0.278200	0.853800	-0.200500	0.269300	-0.213300
1627302897.991996	0.233000	0.286700	0.864000	-0.197700	0.248500	-0.198600
1627302898.013693	0.231300	0.288000	0.865600	-0.183100	0.218600	-0.182700
1627302898.014556	0.228000	0.291000	0.868200	-0.160500	0.187100	-0.165600
1627302898.019667	0.225500	0.290400	0.873300	-0.125000	0.163600	-0.156800
1627302898.042810	0.214500	0.305400	0.887700	-0.059700	0.144700	-0.165600
1627302898.043742	0.193500	0.325100	0.907000	0.024900	0.150500	-0.184000
1627302898.053250	0.187400	0.338500	0.920500	0.075300	0.184700	-0.202600
1627302898.062508	0.192300	0.341400	0.932600	0.079600	0.219200	-0.214500
1627302898.088842	0.199300	0.348600	0.947100	0.061000	0.240300	-0.220000
1627302898.089390	0.196900	0.352700	0.964200	0.051500	0.256400	-0.224000
1627302898.095902	0.191000	0.350300	0.984900	0.050900	0.289700	-0.222800
1627302898.105818	0.182500	0.345900	1.006600	0.020000	0.349000	-0.228900
1627302898.108346	0.176500	0.346400	1.022600	-0.021200	0.402400	-0.247500
1627302898.132211	0.172900	0.340700	1.031000	-0.074000	0.444600	-0.276200
1627302898.133267	0.166300	0.345200	1.037500	-0.161400	0.484900	-0.310700
1627302898.148574	0.159300	0.351400	1.049300	-0.215800	0.507500	-0.341900
1627302898.153341	0.149500	0.350600	1.050700	-0.253300	0.526400	-0.372100
1627302898.177134	0.139900	0.356600	1.052400	-0.326300	0.570100	-0.409100
1627302898.178172	0.144000	0.368400	1.050400	-0.378900	0.598200	-0.440800
1627302898.184376	0.145500	0.373900	1.044100	-0.423800	0.612600	-0.465000
1627302898.196835	0.143900	0.386400	1.035300	-0.439000	0.630000	-0.485100
1627302898.197797	0.145300	0.377600	1.017800	-0.420400	0.638500	-0.488800
1627302898.222062	0.135100	0.363200	0.997100	-0.450000	0.641300	-0.483900
1627302898.233945	0.127900	0.334600	0.956300	-0.528200	0.620500	-0.467100
1627302898.234881	0.121700	0.323600	0.923700	-0.615000	0.577800	-0.454600
1627302898.242266	0.112700	0.306000	0.887700	-0.642400	0.526800	-0.430100
1627302898.260840	0.100800	0.288500	0.851900	-0.645800	0.481900	-0.401700
1627302898.274173	0.091200	0.263200	0.814800	-0.634200	0.443700	-0.361700
1627302898.275104	0.081100	0.258900	0.806900	-0.558100	0.426000	-0.302800
1627302898.282587	0.064600	0.212600	0.805100	-0.406300	0.403100	-0.245700
1627302898.293615	0.045700	0.199100	0.811200	-0.257900	0.409200	-0.206900
1627302898.303275	0.034100	0.172900	0.812400	-0.103700	0.436300	-0.183100
1627302898.313728	0.044300	0.147500	0.813400	-0.011700	0.462600	-0.174500
1627302898.336085	0.054000	0.135400	0.830400	0.078700	0.439400	-0.177900
1627302898.337248	0.051800	0.132200	0.845900	0.165100	0.390200	-0.184000
1627302898.342651	0.023900	0.150100	0.875000	0.241800	0.367600	-0.180000
1627302898.365258	0.009800	0.151400	0.893800	0.328500	0.382300	-0.171100
1627302898.366294	0.026900	0.122400	0.908200	0.325800	0.390500	-0.195900
1627302898.376090	0.042600	0.136700	0.906400	0.213400	0.344400	-0.213000
1627302898.384955	0.055200	0.153000	0.896700	0.120800	0.254000	-0.206000
1627302898.394541	0.054900	0.155400	0.885400	0.075900	0.172800	-0.167800
1627302898.410187	0.044800	0.155300	0.876800	0.045100	0.111400	-0.115600
1627302898.416874	0.024700	0.162600	0.885300	0.068000	0.054900	-0.071600
1627302898.437345	-0.000400	0.165600	0.896100	0.111700	0.026200	-0.057800
1627302898.438195	-0.013700	0.170000	0.899000	0.119300	0.024600	-0.063600
1627302898.443678	-0.011500	0.176900	0.891400	0.075600	0.028000	-0.074300
1627302898.466786	0.003300	0.184400	0.873500	0.015800	0.014900	-0.077100
1627302898.477873	0.014500	0.193800	0.859600	-0.021800	-0.028500	-0.067300
1627302898.478804	0.009300	0.209000	0.857400	0.017900	-0.090800	-0.036100
