1627302888.484562	0.161300	-0.681800	-0.721200	0.151300	0.014400	-0.025000
1627302888.485230	0.151200	-0.688200	-0.722900	0.133800	-0.010700	-0.022000
1627302888.485826	0.144200	-0.684400	-0.720300	0.129600	-0.034200	-0.020200
1627302888.486476	0.135900	-0.706400	-0.690600	0.116700	-0.015500	-0.017100
1627302888.489135	0.141600	-0.720500	-0.731400	0.016000	-0.037800	-0.019800
1627302888.489631	0.140700	-0.669400	-0.721400	-0.021300	-0.047300	-0.034800
1627302888.490104	0.140300	-0.649700	-0.722500	-0.001200	-0.053700	-0.040300
1627302888.490575	0.148800	-0.648300	-0.728800	0.073400	-0.049400	-0.040000
1627302888.491041	0.145300	-0.682400	-0.726700	0.109400	-0.052800	-0.034800
1627302888.491561	0.130100	-0.727100	-0.727800	0.052300	-0.054300	-0.036600
1627302888.491998	0.126000	-0.717400	-0.724200	-0.059200	-0.031400	-0.044900
1627302888.492434	0.153200	-0.696800	-0.726700	-0.096400	-0.016200	-0.034500
1627302888.492924	0.153100	-0.676800	-0.728600	-0.099800	-0.019200	-0.029600
1627302888.493362	0.158000	-0.661600	-0.736700	-0.066500	-0.022900	-0.039400
1627302888.493805	0.154900	-0.661100	-0.733000	-0.021000	-0.035100	-0.045200
1627302888.494289	0.148700	-0.680400	-0.730800	0.015000	-0.042400	-0.048900
1627302888.494728	0.138400	-0.698900	-0.729900	0.008600	-0.037800	-0.046700
1627302888.495207	0.136200	-0.697600	-0.735200	-0.023800	-0.024400	-0.053800
1627302888.495643	0.141800	-0.670800	-0.742200	-0.047300	-0.024700	-0.070200
1627302888.496122	0.143200	-0.644800	-0.745700	-0.014300	-0.037500	-0.084600
1627302888.496578	0.138900	-0.633700	-0.746200	0.051100	-0.051000	-0.096500
1627302888.497034	0.139200	-0.647800	-0.760600	0.110300	-0.060100	-0.071800
1627302888.497468	0.134800	-0.631300	-0.751700	0.159500	-0.083000	-0.077000
1627302888.497926	0.127200	-0.648600	-0.738900	0.256000	-0.098900	-0.088600
1627302888.498360	0.126000	-0.688000	-0.724400	0.253000	-0.082700	-0.077900
1627302888.498795	0.121800	-0.713900	-0.718900	0.229400	-0.058900	-0.046700
1627302888.499256	0.125900	-0.728300	-0.716700	0.189700	-0.048800	-0.034800
1627302888.499690	0.132000	-0.727700	-0.715300	0.135400	-0.038500	-0.033300
1627302888.500193	0.138200	-0.714100	-0.719200	0.080400	-0.033000	-0.031800
1627302888.500659	0.135300	-0.700600	-0.721600	0.037000	-0.029300	-0.022300
1627302888.501102	0.127200	-0.686300	-0.722700	0.008300	-0.013400	-0.019800
1627302888.501579	0.133700	-0.667200	-0.730700	0.010500	-0.000600	-0.025300
1627302888.502083	0.145000	-0.644900	-0.738600	0.041600	-0.007300	-0.029900
1627302888.502542	0.155400	-0.640700	-0.735200	0.088000	-0.028100	-0.023200
1627302888.503001	0.155000	-0.653800	-0.732700	0.147000	-0.053700	-0.013700
1627302888.503437	0.147700	-0.673700	-0.723000	0.200700	-0.076000	-0.010400
1627302888.503872	0.144800	-0.689700	-0.712800	0.219700	-0.087600	-0.013100
1627302888.504349	0.142000	-0.705600	-0.710000	0.215700	-0.091600	-0.012200
1627302888.504783	0.135100	-0.720200	-0.705900	0.189400	-0.084900	-0.005500
1627302888.505219	0.132300	-0.725700	-0.709500	0.151000	-0.071400	-0.007600
1627302888.505678	0.129800	-0.729100	-0.711800	0.104500	-0.063800	-0.010100
1627302888.506127	0.125200	-0.727200	-0.713500	0.050500	-0.054900	-0.009800
1627302888.506585	0.127600	-0.716400	-0.717200	0.005300	-0.044900	-0.010100
1627302888.507019	0.130100	-0.704200	-0.717500	-0.023100	-0.045800	-0.007900
1627302888.507450	0.131100	-0.693500	-0.717500	-0.030800	-0.048500	-0.007300
1627302888.507917	0.132300	-0.687500	-0.718400	-0.017300	-0.049100	-0.008200
1627302888.508441	0.126100	-0.681500	-0.718900	0.005300	-0.048200	-0.014300
1627302888.508958	0.123700	-0.679700	-0.721300	0.032100	-0.042400	-0.022300
1627302888.509416	0.127400	-0.686000	-0.727500	0.055400	-0.040600	-0.024100
1627302888.509849	0.130100	-0.689500	-0.729900	0.074600	-0.038800	-0.021100
1627302888.510289	0.129300	-0.690900	-0.727700	0.089300	-0.036000	-0.019500
1627302888.510813	0.127100	-0.694200	-0.726600	0.105700	-0.029600	-0.018000
1627302888.511231	0.126700	-0.695700	-0.726800	0.120100	-0.017400	-0.020800
1627302888.511692	0.123500	-0.700900	-0.719600	0.141500	-0.009400	-0.013100
1627302888.512111	0.125000	-0.715900	-0.716900	0.160400	0.004900	-0.008200
1627302888.512531	0.123400	-0.726700	-0.726300	0.150000	0.030000	-0.016800
1627302888.512991	0.119100	-0.709800	-0.738900	0.134800	0.051600	-0.023800
1627302888.513430	0.119000	-0.680300	-0.751100	0.173900	0.068100	-0.011900
1627302888.513860	0.128200	-0.666300	-0.743400	0.260600	0.075800	0.004600
1627302888.514314	0.136400	-0.677000	-0.738600	0.358600	0.081900	0.005800
1627302888.514743	0.127000	-0.691500	-0.740600	0.423700	0.090100	0.010100
1627302888.515171	0.115700	-0.705800	-0.744600	0.467400	0.109400	0.011900
1627302888.515626	0.118200	-0.726600	-0.735200	0.501900	0.127100	0.026600
1627302888.516054	0.129200	-0.754500	-0.725800	0.508900	0.139900	0.053500
1627302888.516510	0.131600	-0.773200	-0.720600	0.468600	0.154000	0.066600
1627302888.516938	0.130400	-0.777100	-0.712200	0.393200	0.176600	0.063500
1627302888.517365	0.138400	-0.778700	-0.705000	0.318600	0.196400	0.077900
1627302888.517828	0.146600	-0.786700	-0.715900	0.287500	0.199500	0.095300
1627302888.518327	0.145400	-0.797600	-0.723900	0.301800	0.182100	0.118200
1627302888.518845	0.124000	-0.820200	-0.744800	0.340300	0.149700	0.153000
1627302888.519387	0.093300	-0.869300	-0.741900	0.376400	0.125900	0.225700
1627302888.519888	0.036500	-0.924400	-0.713400	0.428000	0.144500	0.336300
1627302888.520355	-0.018300	-0.915000	-0.750100	0.559900	0.111500	0.567800
1627302888.520816	0.016500	-0.947100	-0.731700	0.766100	0.120400	0.680500
1627302888.521281	0.023400	-0.965000	-0.778300	0.816500	0.032700	0.635900
1627302888.521750	-0.055500	-0.970500	-0.791600	0.791100	-0.028100	0.767600
1627302888.522224	-0.066900	-0.969500	-0.779300	0.789900	-0.050100	0.896100
1627302888.522696	-0.070200	-0.975300	-0.781000	0.781100	-0.096200	0.981700
1627302888.523216	-0.085800	-1.000200	-0.783600	0.760000	-0.138300	1.079400
1627302888.523723	-0.093800	-1.037800	-0.780900	0.695500	-0.181700	1.210700
1627302888.524208	-0.099100	-1.061500	-0.773800	0.598700	-0.215900	1.321600
1627302888.524688	-0.101100	-1.065800	-0.764800	0.489400	-0.249200	1.424200
1627302888.525164	-0.106900	-1.053300	-0.750200	0.380600	-0.281600	1.525000
1627302888.525639	-0.119500	-1.030500	-0.726700	0.289900	-0.302000	1.617300
1627302888.526115	-0.139000	-1.016500	-0.703900	0.223600	-0.297800	1.698200
1627302888.526589	-0.159200	-1.005700	-0.686900	0.176600	-0.265700	1.773300
1627302888.527073	-0.170800	-1.013500	-0.663700	0.147600	-0.207700	1.872000
1627302888.527547	-0.162500	-1.026500	-0.663100	0.140900	-0.172500	1.958400
1627302888.528020	-0.152100	-1.027800	-0.659400	0.140000	-0.147200	2.051300
1627302888.528670	-0.146700	-1.016200	-0.650800	0.172900	-0.135300	2.153300
1627302888.529154	-0.146900	-1.001200	-0.646100	0.264000	-0.131300	2.257200
1627302888.529611	-0.155200	-0.985700	-0.635500	0.396500	-0.126400	2.363100
1627302888.530064	-0.174200	-0.976300	-0.620400	0.540100	-0.119400	2.462400
1627302888.530492	-0.200100	-0.983500	-0.600800	0.715100	-0.095300	2.566300
1627302888.530920	-0.215200	-0.993200	-0.584700	0.835700	-0.062600	2.639900
1627302888.531371	-0.235600	-1.002800	-0.560900	0.933500	-0.018000	2.711900
1627302888.531801	-0.246000	-1.018600	-0.539900	1.033700	0.024800	2.794100
1627302888.532228	-0.252300	-1.032300	-0.517600	1.146100	0.057100	2.899800
1627302888.532747	-0.254500	-1.041300	-0.481400	1.249000	0.084900	3.005800
1627302888.533199	-0.265500	-1.041500	-0.431400	1.352800	0.120100	3.114200
1627302888.533634	-0.283200	-1.032200	-0.394500	1.434400	0.169500	3.236400
1627302888.534096	-0.310800	-1.012600	-0.351700	1.469800	0.211700	3.343600
1627302888.534525	-0.342300	-0.986300	-0.316200	1.493900	0.273700	3.430600
1627302888.534970	-0.373700	-0.950400	-0.286700	1.523900	0.356800	3.495400
1627302888.535420	-0.400000	-0.923700	-0.269200	1.559300	0.462800	3.536300
1627302888.535867	-0.413500	-0.903400	-0.254600	1.613100	0.574900	3.565300
1627302888.536334	-0.415200	-0.889400	-0.254000	1.685100	0.684500	3.603500
1627302888.536797	-0.410200	-0.880000	-0.258500	1.738600	0.767900	3.635000
1627302888.537224	-0.413100	-0.873500	-0.256300	1.762700	0.825600	3.652400
1627302888.537680	-0.426500	-0.860600	-0.267500	1.772500	0.888200	3.663400
1627302888.538182	-0.446500	-0.843000	-0.272700	1.763000	0.948100	3.662400
1627302888.538654	-0.474600	-0.820400	-0.278400	1.751700	1.002200	3.643500
1627302888.539170	-0.491300	-0.791600	-0.275000	1.728200	1.062900	3.612100
1627302888.539722	-0.491300	-0.791600	-0.275000	1.728200	1.062900	3.612100
1627302888.540172	-0.479600	-0.746700	-0.295000	1.762100	1.157000	3.521000
1627302888.540600	-0.479600	-0.746700	-0.295000	1.762100	1.157000	3.521000
1627302888.541027	-0.490100	-0.745000	-0.310900	1.763300	1.179900	3.460300
1627302888.541485	-0.516100	-0.747300	-0.314000	1.719300	1.219600	3.390600
1627302888.541913	-0.541700	-0.756000	-0.309400	1.641500	1.276400	3.320100
1627302888.542339	-0.557000	-0.762600	-0.310400	1.526300	1.336900	3.245500
1627302888.542799	-0.558600	-0.757700	-0.317600	1.387300	1.388500	3.175300
1627302888.543231	-0.551400	-0.742400	-0.327400	1.195500	1.435000	3.095300
1627302888.543665	-0.546800	-0.727500	-0.338000	1.024500	1.472800	3.021000
1627302888.544123	-0.547100	-0.707500	-0.346200	0.886400	1.500900	2.943200
1627302888.544553	-0.557600	-0.685700	-0.350800	0.742000	1.529900	2.858500
1627302888.544984	-0.565100	-0.663200	-0.355500	0.591100	1.561700	2.767500
1627302888.545441	-0.583400	-0.637200	-0.363200	0.439300	1.605400	2.669200
1627302888.545871	-0.592400	-0.610600	-0.375500	0.301200	1.654900	2.574800
1627302888.546329	-0.577400	-0.568500	-0.387000	0.169000	1.687500	2.474900
1627302888.546759	-0.560300	-0.536500	-0.394700	0.082500	1.694300	2.406800
1627302888.547188	-0.549300	-0.503900	-0.400000	0.027300	1.694300	2.346000
1627302888.547649	-0.553000	-0.472000	-0.410200	-0.019200	1.697300	2.279800
1627302888.548076	-0.561500	-0.439300	-0.417400	-0.026500	1.703100	2.213200
1627302888.548503	-0.564900	-0.410400	-0.418500	-0.047300	1.720800	2.146900
1627302888.548993	-0.549400	-0.384200	-0.426500	-0.085100	1.735800	2.076600
1627302888.549562	-0.532800	-0.364900	-0.436900	-0.140400	1.739200	1.989600
1627302888.550158	-0.528300	-0.354700	-0.440700	-0.208200	1.740700	1.909000
1627302888.550655	-0.533000	-0.349600	-0.447100	-0.287600	1.738600	1.828000
1627302888.551129	-0.552000	-0.345800	-0.457800	-0.384800	1.736400	1.751100
1627302888.551611	-0.572300	-0.333300	-0.471700	-0.453500	1.722400	1.693900
1627302888.552054	-0.581100	-0.307100	-0.506100	-0.531100	1.710800	1.653300
1627302888.552483	-0.564200	-0.259600	-0.545000	-0.605600	1.696400	1.626400
1627302888.552941	-0.538900	-0.202900	-0.572800	-0.653300	1.672000	1.600200
1627302888.553372	-0.527600	-0.156400	-0.595500	-0.632800	1.639000	1.560800
1627302888.553800	-0.535200	-0.132400	-0.620600	-0.569000	1.598100	1.502700
1627302888.554255	-0.545800	-0.131700	-0.641000	-0.507900	1.554400	1.445900
1627302888.554684	-0.546100	-0.136500	-0.653100	-0.499900	1.518300	1.403200
1627302888.555308	-0.535400	-0.140500	-0.671500	-0.542400	1.484700	1.365600
1627302888.555825	-0.525800	-0.135300	-0.697100	-0.613500	1.442600	1.315200
1627302888.556276	-0.525800	-0.120700	-0.727200	-0.696300	1.400400	1.252900
1627302888.556758	-0.521400	-0.099400	-0.754400	-0.771500	1.352800	1.195200
1627302888.557200	-0.518400	-0.072900	-0.784400	-0.838600	1.294500	1.133200
1627302888.557645	-0.511600	-0.041700	-0.802100	-0.880200	1.228200	1.070500
1627302888.558112	-0.500200	-0.009200	-0.808600	-0.888100	1.154900	1.012500
1627302888.558549	-0.493200	0.020300	-0.814700	-0.848700	1.079100	0.963000
1627302888.558985	-0.487900	0.033600	-0.830800	-0.764700	0.999400	0.919700
1627302888.559452	-0.480700	0.039900	-0.847000	-0.679200	0.927900	0.896500
1627302888.559887	-0.461500	0.042100	-0.870000	-0.591200	0.850700	0.882100
1627302888.560324	-0.434200	0.049000	-0.883300	-0.525300	0.753800	0.868400
1627302888.560788	-0.401700	0.043700	-0.911100	-0.499000	0.643600	0.849700
1627302888.561220	-0.384900	0.036400	-0.941500	-0.512100	0.495400	0.822800
1627302888.561653	-0.368300	0.028400	-0.971800	-0.585800	0.337500	0.785900
1627302888.562118	-0.320800	0.016600	-0.990800	-0.673100	0.104500	0.762100
1627302888.562548	-0.280400	0.014000	-0.997700	-0.769000	-0.118200	0.757200
1627302888.563007	-0.261200	0.049300	-0.996500	-0.871600	-0.365000	0.744000
1627302888.563438	-0.290300	0.125100	-0.982400	-0.940100	-0.607800	0.723000
1627302888.563855	-0.347300	0.206900	-0.948100	-0.924800	-0.809400	0.706200
1627302888.564310	-0.413200	0.276700	-0.881300	-0.812100	-0.944400	0.698500
1627302888.564807	-0.477500	0.332000	-0.805500	-0.619000	-1.004200	0.692700
1627302888.565225	-0.549800	0.359100	-0.695400	-0.339300	-0.927900	0.693000
1627302888.565684	-0.559000	0.350200	-0.645100	-0.076300	-0.877800	0.708000
1627302888.566106	-0.564800	0.319600	-0.657700	0.147300	-0.871100	0.693300
1627302888.566526	-0.564700	0.278800	-0.690600	0.282600	-0.872900	0.654500
1627302888.567006	-0.564300	0.246100	-0.731400	0.328100	-0.897000	0.612700
1627302888.567431	-0.574300	0.236000	-0.757200	0.319200	-0.939200	0.574800
1627302888.567916	-0.591900	0.238300	-0.782300	0.317400	-0.991400	0.530200
1627302888.568347	-0.607300	0.242600	-0.801600	0.344300	-1.044900	0.478900
1627302888.568768	-0.610100	0.240000	-0.808600	0.397700	-1.095900	0.441400
1627302888.569237	-0.609900	0.234500	-0.798000	0.436800	-1.139500	0.405600
1627302888.569657	-0.598500	0.218400	-0.788900	0.465900	-1.190200	0.365300
1627302888.570074	-0.588600	0.203600	-0.785600	0.463100	-1.244900	0.310000
1627302888.570747	-0.588100	0.200000	-0.778400	0.415200	-1.293800	0.240700
1627302888.571333	-0.594500	0.211400	-0.770100	0.354700	-1.349100	0.151500
1627302888.571846	-0.610600	0.224200	-0.765100	0.319600	-1.415300	0.041500
1627302888.572321	-0.632700	0.233400	-0.752400	0.306700	-1.467900	-0.066900
1627302888.572770	-0.647200	0.240600	-0.724000	0.308600	-1.506100	-0.166800
1627302888.573242	-0.652300	0.244400	-0.692100	0.329300	-1.540600	-0.248600
1627302888.573688	-0.659300	0.239100	-0.667100	0.371800	-1.567400	-0.323400
1627302888.574153	-0.670200	0.228100	-0.639200	0.418800	-1.587600	-0.393700
1627302888.574698	-0.676800	0.213000	-0.596400	0.451500	-1.586400	-0.453300
1627302888.575204	-0.682400	0.194800	-0.562400	0.476800	-1.609300	-0.496300
1627302888.575662	-0.697300	0.183700	-0.542700	0.477800	-1.634600	-0.547900
1627302888.576125	-0.711100	0.169400	-0.520400	0.474700	-1.660600	-0.602000
1627302888.576559	-0.724500	0.154500	-0.498700	0.468300	-1.680500	-0.651200
1627302888.577003	-0.732800	0.138400	-0.486500	0.453900	-1.695700	-0.691500
1627302888.577465	-0.742100	0.124600	-0.485700	0.434100	-1.709200	-0.719300
1627302888.577897	-0.763800	0.105800	-0.507000	0.396200	-1.731500	-0.745900
1627302888.578432	-0.780900	0.092400	-0.515900	0.363500	-1.770300	-0.763300
1627302888.578895	-0.781200	0.077400	-0.511200	0.336000	-1.816700	-0.772400
1627302888.579338	-0.781900	0.056400	-0.498400	0.321400	-1.884800	-0.782500
1627302888.579805	-0.793900	0.034500	-0.472900	0.312500	-1.944000	-0.791700
1627302888.580292	-0.805300	0.006700	-0.438100	0.281400	-1.984700	-0.795000
1627302888.580760	-0.819500	-0.012100	-0.409800	0.223600	-2.018000	-0.803300
1627302888.581227	-0.837400	-0.017200	-0.385000	0.139300	-2.043900	-0.824400
1627302888.581740	-0.853100	-0.016000	-0.355000	0.097500	-2.058300	-0.849400
1627302888.582253	-0.864400	-0.019000	-0.329000	0.092600	-2.064100	-0.866500
1627302888.582742	-0.874100	-0.030200	-0.310700	0.113700	-2.064400	-0.873200
1627302888.584706	-0.881700	-0.047200	-0.289700	0.143300	-2.069300	-0.869300
1627302888.585331	-0.887800	-0.066000	-0.269500	0.168700	-2.077200	-0.857300
1627302888.585896	-0.895600	-0.078000	-0.254200	0.183000	-2.081800	-0.852200
1627302888.588061	-0.903200	-0.088700	-0.231100	0.204700	-2.085200	-0.851200
1627302888.588550	-0.914300	-0.099200	-0.208000	0.212700	-2.074800	-0.848800
1627302888.589049	-0.917700	-0.106200	-0.180700	0.215400	-2.053400	-0.844800
1627302888.590880	-0.913100	-0.110800	-0.152600	0.217200	-2.019800	-0.835400
1627302888.591320	-0.904700	-0.121500	-0.129200	0.221200	-1.993800	-0.824400
1627302888.591759	-0.911300	-0.134400	-0.106700	0.217500	-1.970900	-0.811800
1627302888.594064	-0.920200	-0.152300	-0.087800	0.201300	-1.946500	-0.792300
1627302888.594504	-0.927100	-0.163900	-0.068600	0.172000	-1.919900	-0.771500
1627302888.594976	-0.924900	-0.175400	-0.049400	0.138100	-1.894300	-0.755000
1627302888.595412	-0.917200	-0.181200	-0.030200	0.097500	-1.870700	-0.738800
1627302888.597209	-0.902300	-0.182000	-0.016100	0.057500	-1.850000	-0.721700
1627302888.597646	-0.897700	-0.181400	-0.004400	0.018700	-1.837800	-0.703400
1627302888.598152	-0.903200	-0.180700	0.004600	-0.018600	-1.822800	-0.685700
1627302888.598672	-0.903600	-0.177900	0.018100	-0.058900	-1.812700	-0.675900
1627302888.601616	-0.893200	-0.178800	0.029300	-0.083000	-1.813600	-0.671600
1627302888.602048	-0.884400	-0.182000	0.045000	-0.099200	-1.830400	-0.666100
1627302888.602509	-0.878700	-0.186800	0.062600	-0.128800	-1.850300	-0.664900
1627302888.602947	-0.880900	-0.181400	0.073100	-0.160000	-1.861300	-0.676200
1627302888.603439	-0.883400	-0.171900	0.089800	-0.176500	-1.877500	-0.695200
1627302888.606035	-0.889300	-0.163500	0.101400	-0.160300	-1.901000	-0.718100
1627302888.606465	-0.889500	-0.161400	0.119400	-0.092500	-1.940100	-0.737900
1627302888.606970	-0.891500	-0.160900	0.139900	-0.014600	-1.988300	-0.749800
1627302888.607406	-0.885300	-0.165000	0.153900	0.073400	-2.042700	-0.765100
1627302888.610093	-0.889500	-0.165400	0.180200	0.129900	-2.108100	-0.776400
1627302888.610552	-0.882000	-0.183700	0.200200	0.223300	-2.149000	-0.807300
1627302888.610986	-0.876100	-0.203000	0.228800	0.264000	-2.200300	-0.830500
1627302888.611421	-0.862900	-0.220500	0.266200	0.273400	-2.236000	-0.852500
1627302888.613749	-0.849400	-0.240600	0.300800	0.256600	-2.265400	-0.876300
1627302888.614228	-0.849100	-0.260400	0.328700	0.227900	-2.284300	-0.894900
1627302888.614657	-0.857400	-0.281900	0.347300	0.173900	-2.291600	-0.909000
1627302888.615088	-0.854900	-0.301900	0.371800	0.100300	-2.296200	-0.919700
1627302888.616920	-0.841600	-0.319500	0.405500	0.016900	-2.295600	-0.932200
1627302888.617381	-0.823900	-0.332300	0.434400	-0.083600	-2.288000	-0.942600
1627302888.617839	-0.802600	-0.339200	0.466900	-0.187800	-2.266900	-0.957800
1627302888.618274	-0.784500	-0.341200	0.501200	-0.275400	-2.217400	-0.980100
1627302888.621059	-0.770800	-0.343300	0.526000	-0.307500	-2.159100	-0.998500
1627302888.621503	-0.766100	-0.351100	0.540600	-0.314800	-2.103800	-1.009100
1627302888.621967	-0.765700	-0.356700	0.549600	-0.315400	-2.055200	-1.007900
1627302888.622477	-0.758700	-0.364400	0.560400	-0.305100	-2.013100	-0.990200
1627302888.624270	-0.733300	-0.382100	0.569200	-0.288600	-1.971800	-0.960300
1627302888.624701	-0.701000	-0.401400	0.576300	-0.280300	-1.936100	-0.917500
1627302888.625130	-0.672100	-0.413900	0.579000	-0.284300	-1.914700	-0.862500
1627302888.625589	-0.659100	-0.411300	0.577100	-0.294400	-1.917200	-0.821900
1627302888.627827	-0.652300	-0.390300	0.576800	-0.300500	-1.936400	-0.795000
1627302888.628286	-0.635900	-0.377700	0.580300	-0.264100	-1.937300	-0.773300
1627302888.628717	-0.617100	-0.369900	0.590600	-0.222300	-1.945600	-0.758100
1627302888.630974	-0.593600	-0.367600	0.610100	-0.167600	-1.949200	-0.752600
1627302888.631404	-0.579800	-0.380500	0.640400	-0.093400	-1.943700	-0.752300
1627302888.631856	-0.587000	-0.403300	0.681000	-0.047000	-1.911100	-0.759900
1627302888.632285	-0.599100	-0.427600	0.726600	-0.033200	-1.821000	-0.769700
1627302888.634481	-0.605000	-0.460100	0.771400	-0.026500	-1.681700	-0.787100
1627302888.634975	-0.605800	-0.504000	0.810900	-0.038100	-1.510900	-0.784000
1627302888.635445	-0.607800	-0.543100	0.835300	-0.078100	-1.336500	-0.738800
1627302888.635872	-0.602200	-0.554800	0.814200	-0.148100	-1.186600	-0.676500
1627302888.638084	-0.573900	-0.521500	0.749800	-0.294100	-1.087900	-0.638000
1627302888.638503	-0.558300	-0.504400	0.727300	-0.427500	-1.051600	-0.638300
1627302888.638966	-0.552600	-0.512900	0.720600	-0.571400	-1.010600	-0.640800
1627302888.639385	-0.538900	-0.511600	0.725700	-0.703000	-0.967000	-0.633500
1627302888.641629	-0.512200	-0.490700	0.723000	-0.771500	-0.936400	-0.625200
1627302888.642047	-0.492300	-0.474900	0.714500	-0.779700	-0.931500	-0.620000
1627302888.642467	-0.488200	-0.472500	0.704000	-0.754300	-0.943800	-0.622200
1627302888.642999	-0.464200	-0.476700	0.688500	-0.703000	-0.971200	-0.635300
1627302888.645184	-0.446300	-0.478100	0.676300	-0.656900	-1.005500	-0.659400
1627302888.645604	-0.422100	-0.471800	0.648900	-0.590300	-1.063500	-0.676500
1627302888.646023	-0.403800	-0.486900	0.632700	-0.546700	-1.149300	-0.698800
1627302888.646527	-0.402800	-0.517500	0.620800	-0.518600	-1.239100	-0.728500
1627302888.648717	-0.395300	-0.546400	0.621100	-0.531100	-1.325200	-0.754100
1627302888.649220	-0.364400	-0.572100	0.631500	-0.551200	-1.415600	-0.763000
1627302888.649671	-0.339500	-0.592200	0.661300	-0.583300	-1.521300	-0.762000
1627302888.650200	-0.331500	-0.604700	0.692100	-0.609000	-1.587900	-0.767900
1627302888.653170	-0.332300	-0.626100	0.721100	-0.641300	-1.631000	-0.784000
1627302888.653603	-0.331300	-0.656900	0.741100	-0.706100	-1.651100	-0.803300
1627302888.654062	-0.321900	-0.698900	0.742900	-0.806300	-1.656000	-0.817600
1627302888.654709	-0.306400	-0.730100	0.727700	-0.950100	-1.667300	-0.800200
1627302888.655325	-0.284400	-0.706200	0.714500	-1.120600	-1.676800	-0.764200
1627302888.657112	-0.254200	-0.623000	0.704000	-1.179200	-1.700000	-0.712000
1627302888.657545	-0.240600	-0.551400	0.707300	-1.074100	-1.729300	-0.681700
1627302888.657978	-0.234400	-0.521200	0.712000	-0.867700	-1.759600	-0.678100
1627302890.532265	0.128800	-0.684400	0.879200	0.445700	-1.471800	-0.503300
1627302890.544766	-0.738300	0.057400	-0.694600	0.759100	-0.513700	-0.127700
1627302890.557989	-0.752400	0.057300	-0.676600	0.775000	-0.539700	-0.161000
1627302890.558918	-0.784200	0.074100	-0.636600	0.757800	-0.500600	-0.200100
1627302890.565872	-0.788200	0.087000	-0.569700	0.759100	-0.424200	-0.230000
1627302890.589215	-0.776200	0.080800	-0.537700	0.796000	-0.383300	-0.283100
1627302890.590153	-0.772100	0.061500	-0.533600	0.818300	-0.363400	-0.348200
1627302890.599757	-0.776000	0.039400	-0.535000	0.812800	-0.338700	-0.400400
1627302890.609617	-0.775400	0.025800	-0.548300	0.799400	-0.321300	-0.431600
1627302890.634528	-0.773100	0.018900	-0.553200	0.771300	-0.309100	-0.452300
1627302890.635489	-0.764800	0.018100	-0.561600	0.766700	-0.317000	-0.471300
1627302890.638803	-0.757200	0.004900	-0.563800	0.764900	-0.336600	-0.488700
1627302890.649845	-0.749100	-0.012000	-0.568200	0.754500	-0.368600	-0.496300
1627302890.656331	-0.746900	-0.027200	-0.581200	0.722100	-0.413500	-0.496600
1627302890.679154	-0.756100	-0.037400	-0.596700	0.678400	-0.460300	-0.494800
1627302890.680086	-0.759000	-0.040200	-0.613400	0.631100	-0.508800	-0.493600
1627302890.685714	-0.766200	-0.046400	-0.639300	0.574600	-0.574200	-0.492400
1627302890.706400	-0.770100	-0.063000	-0.653700	0.541300	-0.638000	-0.491400
1627302890.708584	-0.764800	-0.078500	-0.654400	0.507700	-0.710100	-0.485900
1627302890.713226	-0.761200	-0.090500	-0.647900	0.474700	-0.785500	-0.478900
1627302890.739382	-0.763400	-0.099100	-0.639800	0.453900	-0.860700	-0.472500
1627302890.740317	-0.771700	-0.103900	-0.631100	0.443600	-0.925100	-0.471000
1627302890.749734	-0.789100	-0.108200	-0.616700	0.433500	-0.983500	-0.479200
1627302890.756736	-0.809900	-0.111800	-0.591900	0.419700	-1.031400	-0.498500
1627302890.781552	-0.817700	-0.114400	-0.570300	0.430100	-1.058900	-0.515300
1627302890.782448	-0.829600	-0.114400	-0.559000	0.457900	-1.072300	-0.543100
1627302890.789888	-0.850300	-0.115700	-0.543100	0.492700	-1.057700	-0.577900
1627302890.798135	-0.861700	-0.122600	-0.535500	0.546500	-1.033600	-0.609900
1627302890.818928	-0.868700	-0.132200	-0.530800	0.605400	-1.014600	-0.641100
1627302890.819586	-0.871000	-0.145500	-0.522800	0.661000	-1.001800	-0.670400
1627302890.828750	-0.876300	-0.165200	-0.517000	0.714200	-0.996300	-0.698200
1627302890.838235	-0.871200	-0.196900	-0.516800	0.753900	-0.998400	-0.707400
1627302890.863537	-0.866900	-0.224200	-0.508300	0.756900	-1.008800	-0.711000
1627302890.867891	-0.869400	-0.241100	-0.491700	0.725200	-1.021900	-0.713500
1627302890.868838	-0.865700	-0.249800	-0.471300	0.688200	-1.037800	-0.720500
1627302890.879872	-0.865200	-0.253800	-0.449300	0.648800	-1.054000	-0.736700
1627302890.884355	-0.869900	-0.252200	-0.418800	0.601800	-1.056800	-0.760200
1627302890.906420	-0.868900	-0.252000	-0.384000	0.550800	-1.047000	-0.787100
1627302890.908635	-0.865400	-0.253700	-0.361000	0.530000	-1.046700	-0.810000
1627302890.923516	-0.863800	-0.257400	-0.343300	0.515900	-1.053700	-0.831400
1627302890.927565	-0.869500	-0.261100	-0.326900	0.508600	-1.059500	-0.844800
1627302890.951105	-0.867800	-0.266400	-0.316000	0.519600	-1.062900	-0.851800
1627302890.952217	-0.855200	-0.274000	-0.307500	0.557200	-1.076900	-0.848500
1627302890.960816	-0.845100	-0.285900	-0.300700	0.595100	-1.103500	-0.843900
1627302890.972600	-0.847900	-0.298100	-0.293900	0.626200	-1.133700	-0.838400
1627302890.994711	-0.855600	-0.309200	-0.286900	0.637200	-1.153000	-0.841800
1627302890.996121	-0.855600	-0.317500	-0.271600	0.631100	-1.164300	-0.845100
1627302890.998500	-0.851900	-0.316800	-0.254400	0.618600	-1.178000	-0.852200
1627302891.013195	-0.843900	-0.317500	-0.241700	0.604200	-1.189300	-0.861300
1627302891.034229	-0.836700	-0.314700	-0.223100	0.603000	-1.204000	-0.875400
1627302891.035167	-0.831900	-0.313200	-0.205900	0.605700	-1.221700	-0.896400
1627302891.041224	-0.827900	-0.315100	-0.192100	0.611500	-1.241200	-0.921800
1627302891.049769	-0.829800	-0.315800	-0.181500	0.619500	-1.255600	-0.957200
1627302891.052587	-0.830700	-0.321200	-0.167500	0.625000	-1.265400	-0.998500
1627302891.074653	-0.827400	-0.324500	-0.158700	0.638400	-1.265700	-1.042700
1627302891.082498	-0.813600	-0.333600	-0.150100	0.647000	-1.260500	-1.081500
1627302891.083432	-0.792500	-0.346300	-0.145300	0.647900	-1.259600	-1.104700
1627302891.103353	-0.776700	-0.355300	-0.128900	0.637800	-1.276700	-1.115700
1627302891.116603	-0.771200	-0.352300	-0.115100	0.621900	-1.292600	-1.124600
1627302891.117635	-0.757000	-0.349900	-0.104200	0.632900	-1.321900	-1.142600
1627302891.125697	-0.742700	-0.350100	-0.090200	0.664700	-1.369500	-1.176500
1627302891.145301	-0.740000	-0.361500	-0.077600	0.695200	-1.430900	-1.223300
1627302891.147371	-0.739000	-0.386800	-0.062600	0.716300	-1.493800	-1.278200
1627302891.155512	-0.729000	-0.412700	-0.036300	0.717800	-1.562300	-1.339000
1627302891.179503	-0.711100	-0.430900	-0.012100	0.689400	-1.636800	-1.424200
1627302891.180443	-0.695100	-0.444500	0.005900	0.674500	-1.682300	-1.495400
1627302891.191191	-0.687500	-0.453200	0.016700	0.695200	-1.728100	-1.564100
1627302891.197374	-0.692500	-0.461500	0.027100	0.742600	-1.769000	-1.630700
1627302891.200614	-0.695200	-0.473400	0.043600	0.820500	-1.795900	-1.690600
1627302891.223960	-0.681000	-0.502400	0.075000	0.918500	-1.816400	-1.727500
1627302891.227385	-0.659900	-0.553800	0.106900	1.000400	-1.826500	-1.737300
1627302891.238852	-0.642200	-0.625500	0.133900	1.026000	-1.818800	-1.737600
1627302891.245182	-0.623700	-0.684200	0.155400	0.992400	-1.797400	-1.732700
1627302891.264678	-0.604700	-0.740200	0.172000	0.904800	-1.786700	-1.711000
1627302891.271164	-0.584000	-0.778300	0.198700	0.773400	-1.789200	-1.676500
1627302891.271914	-0.565200	-0.800500	0.223300	0.620700	-1.787700	-1.638600
1627302891.295182	-0.545400	-0.812500	0.224200	0.454900	-1.778200	-1.607200
1627302891.297336	-0.545200	-0.801900	0.227700	0.287200	-1.772100	-1.592200
1627302891.312295	-0.551100	-0.768200	0.240400	0.170200	-1.738800	-1.588900
1627302891.317656	-0.541600	-0.732800	0.267900	0.176600	-1.705500	-1.579400
1627302891.337248	-0.522600	-0.695700	0.283900	0.288100	-1.672200	-1.551300
1627302891.338769	-0.485600	-0.664300	0.277600	0.500100	-1.653300	-1.501500
1627302891.360175	-0.441000	-0.651400	0.248200	0.773700	-1.675300	-1.438000
1627302891.371742	-0.404500	-0.676400	0.236100	1.027200	-1.744000	-1.386000
1627302891.372677	-0.390900	-0.736300	0.254900	1.211700	-1.835600	-1.347900
1627302891.379932	-0.386500	-0.767900	0.287800	1.301200	-1.920800	-1.312400
1627302891.389801	-0.378200	-0.771900	0.339700	1.359200	-1.972500	-1.265100
1627302891.392548	-0.378900	-0.773100	0.402600	1.452400	-2.011900	-1.205500
1627302891.415727	-0.380000	-0.785600	0.454500	1.555900	-2.008200	-1.143800
1627302891.417173	-0.367300	-0.803600	0.498300	1.627700	-1.975200	-1.085800
1627302891.432171	-0.344000	-0.822400	0.522500	1.665900	-1.932700	-1.024700
1627302891.437381	-0.319100	-0.859900	0.541400	1.639000	-1.882000	-0.969700
1627302891.457810	-0.322800	-0.902100	0.562700	1.556900	-1.825800	-0.918400
1627302891.458809	-0.334100	-0.938000	0.590000	1.423700	-1.767200	-0.856100
1627302891.469818	-0.336300	-0.950700	0.604000	1.269100	-1.696600	-0.791700
1627302891.476213	-0.324800	-0.946200	0.615700	1.129300	-1.632200	-0.732100
1627302891.497812	-0.319900	-0.935200	0.631500	1.016200	-1.556800	-0.668000
1627302891.498740	-0.321500	-0.918500	0.647200	0.922800	-1.445600	-0.604400
1627302891.505735	-0.310800	-0.887000	0.668300	0.857100	-1.267200	-0.518000
1627302891.525890	-0.319600	-0.865800	0.690300	0.843400	-1.128200	-0.456300
1627302891.538073	-0.333500	-0.854700	0.703200	0.852800	-0.970300	-0.398300
1627302891.539008	-0.337800	-0.851900	0.711700	0.882800	-0.817300	-0.338700
1627302891.548321	-0.324500	-0.849400	0.706200	0.911200	-0.689900	-0.280100
1627302891.557412	-0.314300	-0.849400	0.701700	0.924900	-0.591900	-0.233000
1627302891.568591	-0.315400	-0.863500	0.708400	0.923700	-0.505800	-0.178400
1627302891.577536	-0.337200	-0.884600	0.719200	0.873300	-0.431900	-0.124900
1627302891.599421	-0.365700	-0.887000	0.734600	0.796300	-0.377500	-0.099600
1627302891.600361	-0.379000	-0.888100	0.747100	0.711400	-0.328000	-0.080300
1627302891.609874	-0.362700	-0.888400	0.756200	0.624100	-0.274600	-0.049200
1627302891.615853	-0.339100	-0.883900	0.761500	0.523600	-0.231800	-0.014300
1627302891.638139	-0.332900	-0.870800	0.765000	0.430400	-0.196100	0.014400
1627302891.639077	-0.332900	-0.870800	0.765000	0.430400	-0.196100	0.014400
1627302891.648652	-0.359600	-0.845800	0.766800	0.355600	-0.171000	0.032700
1627302891.658100	-0.385600	-0.820200	0.751500	0.311000	-0.141100	0.035400
1627302891.688817	-0.386500	-0.798500	0.739000	0.296600	-0.126700	0.029600
1627302891.689737	-0.371000	-0.799600	0.734100	0.290200	-0.120000	0.024100
1627302891.705199	-0.359300	-0.819600	0.731700	0.256600	-0.125800	0.022600
1627302891.706058	-0.341100	-0.832900	0.731800	0.190000	-0.138300	0.025400
1627302891.707238	-0.324800	-0.836200	0.731400	0.109700	-0.164600	0.017700
1627302891.722237	-0.329800	-0.832000	0.737300	0.044700	-0.197600	0.007900
1627302891.728873	-0.345100	-0.822800	0.734700	-0.003300	-0.214100	0.007300
1627302891.748750	-0.346800	-0.812000	0.740800	-0.018300	-0.218700	0.018000
1627302891.749734	-0.337600	-0.802200	0.731400	-0.012100	-0.225700	0.040900
1627302891.758643	-0.319100	-0.782200	0.706300	-0.018600	-0.239700	0.058300
1627302891.767460	-0.301400	-0.768900	0.693400	-0.016700	-0.265400	0.066300
1627302891.768384	-0.294900	-0.778900	0.680300	-0.032300	-0.291000	0.084000
1627302891.791171	-0.298700	-0.789700	0.665900	-0.093400	-0.336600	0.106000
1627302891.800718	-0.296000	-0.782800	0.658000	-0.150200	-0.397900	0.117300
1627302891.807138	-0.295900	-0.765400	0.648600	-0.190200	-0.496300	0.118800
1627302891.830543	-0.293000	-0.729000	0.649300	-0.173700	-0.620900	0.116100
1627302891.831476	-0.269500	-0.676600	0.657600	-0.067100	-0.751000	0.127400
1627302891.843753	-0.231700	-0.623700	0.648200	0.143300	-0.873500	0.151800
1627302891.849353	-0.204700	-0.576300	0.623900	0.437800	-1.029000	0.165900
1627302891.863593	-0.185900	-0.548200	0.592200	0.770100	-1.248000	0.142300
1627302891.876728	-0.185400	-0.593300	0.598400	0.932900	-1.416900	0.104800
1627302891.877657	-0.189700	-0.677400	0.627800	0.947800	-1.541800	0.089200
1627302891.883214	-0.183600	-0.762900	0.676100	0.817700	-1.618500	0.115200
1627302891.905822	-0.166500	-0.819600	0.708000	0.603900	-1.648700	0.145400
1627302891.906758	-0.145300	-0.828500	0.733500	0.362000	-1.674000	0.170700
1627302891.916124	-0.129200	-0.800200	0.751000	0.149100	-1.687200	0.199100
1627302891.925699	-0.106900	-0.760000	0.763500	-0.024400	-1.693000	0.237300
1627302891.948549	-0.093900	-0.723300	0.773900	-0.079000	-1.677400	0.269700
1627302891.957920	-0.082000	-0.679900	0.773700	-0.076600	-1.646300	0.302700
1627302891.958858	-0.067600	-0.641600	0.771600	-0.004200	-1.624300	0.329000
1627302891.966855	-0.041900	-0.616800	0.753700	0.112200	-1.639800	0.345800
1627302891.989608	0.001300	-0.611300	0.724600	0.213000	-1.703100	0.346400
1627302892.004843	0.034800	-0.634000	0.725200	0.267600	-1.802600	0.321900
1627302892.014186	0.018700	-0.673300	0.749900	0.246900	-1.864900	0.304500
1627302892.019213	-0.015600	-0.686500	0.783100	0.173200	-1.848800	0.299600
1627302892.019951	-0.033000	-0.669300	0.800500	0.114900	-1.797100	0.303300
1627302892.029534	-0.028800	-0.648400	0.799900	0.081900	-1.741900	0.310900
1627302892.049064	-0.016600	-0.652600	0.796900	0.066300	-1.682000	0.310600
1627302892.049998	-0.005900	-0.668300	0.790500	0.041900	-1.617800	0.302100
1627302892.058589	0.006300	-0.661300	0.788000	-0.001500	-1.539000	0.305700
1627302892.072503	0.011700	-0.637800	0.785400	-0.013700	-1.461800	0.321600
1627302892.092089	0.018900	-0.614100	0.786600	0.024800	-1.404000	0.346100
1627302892.093544	0.029100	-0.598500	0.788200	0.108500	-1.365600	0.366500
1627302892.100007	0.049200	-0.603800	0.791500	0.215700	-1.342000	0.379000
1627302892.100898	0.061200	-0.616300	0.789700	0.294500	-1.329500	0.396800
1627302892.122510	0.069100	-0.621300	0.797500	0.329600	-1.306300	0.424300
1627302892.126217	0.074100	-0.616700	0.803300	0.340000	-1.270900	0.458200
1627302892.141202	0.070300	-0.615000	0.805500	0.322600	-1.222300	0.475600
1627302892.146390	0.057500	-0.621500	0.810100	0.284700	-1.161500	0.478900
1627302892.166806	0.029300	-0.634800	0.818000	0.231600	-1.089400	0.482300
1627302892.169842	0.009800	-0.645800	0.822400	0.177800	-1.010000	0.500600
1627302892.176192	0.004400	-0.654500	0.826400	0.128400	-0.912900	0.529600
1627302892.184866	-0.002000	-0.667600	0.828900	0.071800	-0.803000	0.558900
1627302892.206550	-0.004000	-0.660900	0.830000	0.010800	-0.667600	0.603500
1627302892.207159	0.008700	-0.653600	0.822300	-0.026200	-0.568100	0.645400
1627302892.217086	0.018100	-0.658800	0.816200	-0.054600	-0.492600	0.674700
1627302892.226787	0.022700	-0.674200	0.811600	-0.104400	-0.419600	0.693300
1627302892.250658	0.021600	-0.668600	0.809700	-0.157200	-0.346600	0.703700
1627302892.251682	0.015000	-0.639400	0.817900	-0.173700	-0.272400	0.716200
1627302892.256158	0.022100	-0.613300	0.830000	-0.105000	-0.201200	0.737600
1627302892.266102	0.027100	-0.624000	0.833900	0.037000	-0.129800	0.779200
1627302892.273947	0.039600	-0.652700	0.837300	0.107900	-0.075700	0.803000
1627302892.293537	0.046300	-0.683500	0.835300	0.107300	-0.043000	0.817300
1627302892.296084	0.043700	-0.699200	0.828000	0.024200	-0.009400	0.825000
1627302892.310129	0.054400	-0.697900	0.823200	-0.087600	0.013500	0.827400
1627302892.322026	0.058700	-0.687500	0.814000	-0.188100	0.028100	0.838700
1627302892.332835	0.041700	-0.661700	0.818800	-0.260500	0.056500	0.861000
1627302892.348630	0.002400	-0.622400	0.830400	-0.264100	0.114600	0.895200
1627302892.355482	-0.038000	-0.583100	0.843100	-0.187200	0.204400	0.934900
1627302892.356424	-0.052100	-0.568600	0.844800	-0.048500	0.309400	0.975300
1627302892.366134	-0.046000	-0.587400	0.844500	0.094100	0.407500	1.003400
1627302892.369308	-0.035000	-0.623200	0.836900	0.189700	0.482000	1.018600
1627302892.395169	-0.044700	-0.648600	0.841700	0.226400	0.543700	1.029900
1627302892.395810	-0.098000	-0.630200	0.865400	0.222700	0.660700	1.053400
1627302892.404973	-0.183600	-0.574200	0.909200	0.284100	0.867500	1.113600
1627302892.414637	-0.269200	-0.515000	0.937400	0.448700	1.175900	1.209500
1627302892.439060	-0.280200	-0.473000	0.942900	0.717200	1.537300	1.310300
1627302892.439918	-0.216400	-0.497200	0.927700	1.001300	1.837800	1.384500
1627302892.444956	-0.143300	-0.573900	0.854400	1.131100	2.040600	1.420600
1627302892.460467	-0.075200	-0.639000	0.794700	1.033300	2.150600	1.410200
1627302892.461399	-0.029300	-0.661700	0.754800	0.749300	2.164300	1.350300
1627302892.482276	-0.049800	-0.651900	0.747400	0.403200	2.115800	1.281000
1627302892.486067	-0.095500	-0.620000	0.765500	0.139000	2.057100	1.230300
1627302892.501284	-0.139000	-0.588600	0.797600	-0.025000	1.990200	1.190600
1627302892.505305	-0.178800	-0.569100	0.830400	-0.108100	1.925500	1.152100
1627302892.527754	-0.220100	-0.561200	0.860700	-0.156300	1.877500	1.121200
1627302892.528616	-0.260700	-0.557900	0.889000	-0.195400	1.846100	1.101400
1627302892.541090	-0.312600	-0.552900	0.902100	-0.234800	1.837200	1.104800
1627302892.548924	-0.330200	-0.530300	0.901000	-0.251000	1.851000	1.125200
1627302892.568643	-0.336400	-0.497600	0.895600	-0.211600	1.868100	1.152400
1627302892.572251	-0.350800	-0.463300	0.877300	-0.139500	1.890400	1.182900
1627302892.574693	-0.359600	-0.436200	0.862900	-0.035700	1.925200	1.203400
1627302892.588779	-0.379800	-0.430200	0.838900	0.082800	1.938900	1.199100
1627302892.589704	-0.404900	-0.438400	0.792000	0.164700	1.944700	1.190300
1627302892.612358	-0.402700	-0.451200	0.745800	0.197400	1.945900	1.192400
1627302892.614826	-0.396400	-0.457000	0.724100	0.174200	1.940400	1.199100
1627302892.630128	-0.406200	-0.449200	0.706400	0.120700	1.929800	1.203700
1627302892.632482	-0.432100	-0.431900	0.688800	0.056900	1.919100	1.202200
1627302892.654577	-0.454200	-0.409300	0.673500	0.006200	1.921200	1.204600
1627302892.655509	-0.453600	-0.385100	0.668600	-0.021300	1.942900	1.218700
1627302892.677558	-0.453600	-0.367100	0.661900	-0.025600	1.978600	1.239500
1627302892.684049	-0.460000	-0.344800	0.649400	-0.009700	2.026600	1.260800
1627302892.685064	-0.476200	-0.336500	0.641200	0.003400	2.076700	1.278200
1627302892.696148	-0.507900	-0.333300	0.622600	0.011100	2.119400	1.285900
1627302892.716455	-0.530500	-0.331200	0.597500	0.002500	2.143900	1.288000
1627302892.728553	-0.542200	-0.322000	0.569200	-0.016400	2.159400	1.282200
1627302892.729694	-0.556900	-0.314900	0.534300	-0.027400	2.146900	1.266000
1627302892.738792	-0.559200	-0.304200	0.500500	-0.033500	2.112100	1.260800
1627302892.759659	-0.554800	-0.287200	0.473300	-0.026500	2.061400	1.270900
1627302892.760599	-0.567000	-0.267800	0.462900	0.008600	2.020200	1.270900
1627302892.767395	-0.588300	-0.255000	0.457000	0.054700	1.991100	1.262100
1627302892.777348	-0.623700	-0.252400	0.452100	0.098400	1.971900	1.229700
1627302892.780315	-0.667800	-0.252100	0.439200	0.124700	1.951400	1.172000
1627302892.803007	-0.681000	-0.258100	0.423500	0.128000	1.927900	1.112400
1627302892.804975	-0.675900	-0.263400	0.390000	0.084100	1.878400	1.058600
1627302892.809556	-0.678000	-0.255900	0.375000	0.014100	1.819200	1.018600
1627302892.830957	-0.691000	-0.234400	0.373200	-0.030800	1.780400	1.005500
1627302892.845497	-0.696400	-0.204800	0.386200	-0.029300	1.769100	1.000900
1627302892.857503	-0.707900	-0.181900	0.396200	0.028800	1.774600	0.975900
1627302892.858479	-0.741300	-0.172000	0.390400	0.118600	1.770600	0.911100
1627302892.877110	-0.772200	-0.178800	0.375100	0.201700	1.748600	0.825600
1627302892.885475	-0.792500	-0.198500	0.341900	0.241100	1.693000	0.746200
1627302892.886417	-0.804400	-0.215500	0.322000	0.215100	1.631000	0.706500
1627302892.896148	-0.822000	-0.223100	0.309400	0.169300	1.578800	0.695500
1627302892.898149	-0.844100	-0.208500	0.294300	0.126800	1.524100	0.686300
1627302892.924228	-0.881800	-0.175200	0.296500	0.107900	1.495100	0.684200
1627302892.925153	-0.899200	-0.148600	0.296300	0.148200	1.502800	0.681100
1627302892.936285	-0.908400	-0.149700	0.293300	0.207500	1.516800	0.657300
1627302892.941956	-0.913100	-0.183600	0.270800	0.239200	1.520800	0.590700
1627302892.962911	-0.913300	-0.215300	0.246800	0.185200	1.493000	0.527500
1627302892.963778	-0.912600	-0.229400	0.232100	0.068800	1.460600	0.486900
1627302892.976916	-0.910400	-0.229700	0.218400	-0.064700	1.438300	0.456900
1627302892.992423	-0.912700	-0.211700	0.210400	-0.172200	1.422100	0.423000
1627302892.994876	-0.912400	-0.188100	0.197500	-0.227500	1.413300	0.390300
1627302893.005822	-0.914900	-0.167500	0.172500	-0.241200	1.393700	0.358900
1627302893.024222	-0.929400	-0.154900	0.141000	-0.230500	1.360700	0.322800
1627302893.025166	-0.948400	-0.153100	0.122400	-0.207000	1.338700	0.300200
1627302893.033687	-0.951700	-0.158300	0.104900	-0.192000	1.323200	0.287700
1627302893.044300	-0.963500	-0.162500	0.100200	-0.194200	1.297200	0.279500
1627302893.056255	-0.980200	-0.157200	0.098900	-0.183200	1.281600	0.275500
1627302893.071565	-0.975000	-0.152000	0.082900	-0.154800	1.259900	0.263000
1627302893.075029	-0.986000	-0.155300	0.063400	-0.127300	1.220500	0.245600
1627302893.097763	-1.012200	-0.167200	0.041600	-0.130000	1.175900	0.229400
1627302893.098642	-1.032200	-0.175300	0.024200	-0.164600	1.141400	0.218400
1627302893.104396	-1.045700	-0.178800	0.010500	-0.219800	1.114200	0.217200
1627302893.125921	-1.048200	-0.177500	-0.001600	-0.281500	1.088300	0.221700
1627302893.136876	-1.045300	-0.170900	-0.012300	-0.338700	1.054700	0.232700
1627302893.137811	-1.041300	-0.161300	-0.023600	-0.377400	1.016800	0.250200
1627302893.147087	-1.046000	-0.151100	-0.046400	-0.408300	0.977100	0.266000
1627302893.156169	-1.064300	-0.141400	-0.068400	-0.439800	0.947200	0.270600
1627302893.163769	-1.076800	-0.132700	-0.087600	-0.463900	0.925200	0.261500
1627302893.175055	-1.082000	-0.125000	-0.106200	-0.489200	0.905300	0.247100
1627302893.175990	-1.075800	-0.120200	-0.122100	-0.519800	0.877200	0.232100
1627302893.199479	-1.064500	-0.125700	-0.138700	-0.558000	0.842400	0.226900
1627302893.204534	-1.059600	-0.127300	-0.152800	-0.601900	0.799000	0.227900
1627302893.226031	-1.053200	-0.118800	-0.165600	-0.651400	0.748600	0.242200
1627302893.227192	-1.046300	-0.104100	-0.172000	-0.686200	0.699800	0.256900
1627302893.242412	-1.041500	-0.089600	-0.175900	-0.694500	0.652700	0.272800
1627302893.250023	-1.040000	-0.069600	-0.174800	-0.679500	0.613600	0.281000
1627302893.267923	-1.030200	-0.055200	-0.175700	-0.637100	0.588600	0.283800
1627302893.269920	-1.018700	-0.050200	-0.170300	-0.579600	0.554400	0.279200
1627302893.276171	-1.017800	-0.047700	-0.167200	-0.520400	0.524200	0.275800
1627302893.287603	-1.008900	-0.051300	-0.170400	-0.445600	0.496400	0.263600
1627302893.309743	-1.005000	-0.051400	-0.169800	-0.373800	0.463100	0.250800
1627302893.310922	-0.999900	-0.053800	-0.174200	-0.308100	0.433700	0.243400
1627302893.326233	-0.990500	-0.057400	-0.173600	-0.244000	0.405600	0.236400
1627302893.332266	-0.991800	-0.060200	-0.170400	-0.192700	0.382100	0.230000
1627302893.345424	-0.998300	-0.057100	-0.162000	-0.153900	0.384300	0.223900
1627302893.345971	-1.009900	-0.061000	-0.125900	-0.137100	0.427000	0.229100
1627302893.358227	-1.000200	-0.080000	-0.088300	-0.131900	0.472800	0.238500
1627302893.374466	-0.989700	-0.115600	-0.081300	-0.170100	0.491500	0.234900
1627302893.376168	-0.992800	-0.145500	-0.087800	-0.267800	0.515900	0.226300
1627302893.391220	-0.992300	-0.152800	-0.097300	-0.404600	0.541600	0.222700
1627302893.396551	-0.998700	-0.139300	-0.108400	-0.536300	0.564800	0.221700
1627302893.417373	-1.005500	-0.115500	-0.100600	-0.637700	0.606300	0.240700
1627302893.418516	-1.016800	-0.097700	-0.090500	-0.685600	0.667700	0.279500
1627302893.434167	-1.023200	-0.097500	-0.059000	-0.728100	0.774000	0.347000
1627302893.438588	-1.015000	-0.113200	-0.068200	-0.754700	0.840300	0.395200
1627302893.461491	-1.011500	-0.115100	-0.112800	-0.822500	0.886400	0.416300
1627302893.462415	-1.006300	-0.089700	-0.153700	-0.902200	0.926700	0.424900
1627302893.465697	-1.003100	-0.049200	-0.201300	-0.943100	0.938600	0.441700
1627302893.481136	-1.007400	-0.004600	-0.254900	-0.919900	0.927300	0.470700
1627302893.485008	-1.002700	0.046100	-0.311500	-0.829200	0.900800	0.490500
1627302893.506520	-0.996900	0.078000	-0.356100	-0.670000	0.856500	0.492400
1627302893.507381	-0.987900	0.087600	-0.390500	-0.529200	0.800600	0.486300
1627302893.517235	-0.981400	0.083000	-0.410200	-0.420800	0.737700	0.476800
1627302893.528913	-0.976400	0.069500	-0.423600	-0.349300	0.671100	0.468500
1627302893.550173	-0.977100	0.050300	-0.433500	-0.326700	0.601700	0.457800
1627302893.551427	-0.985100	0.040000	-0.432600	-0.359400	0.548000	0.438000
1627302893.563102	-0.978000	0.040500	-0.419800	-0.421700	0.493300	0.414200
1627302893.564032	-0.968100	0.050900	-0.415900	-0.484700	0.432800	0.386100
1627302893.571951	-0.957900	0.069200	-0.418300	-0.528300	0.379400	0.357100
1627302893.593463	-0.951500	0.093400	-0.426900	-0.542700	0.323500	0.321900
1627302893.600175	-0.947800	0.115000	-0.435700	-0.522800	0.263000	0.285900
1627302893.601100	-0.945800	0.135900	-0.434200	-0.482800	0.203100	0.252000
1627302893.623241	-0.944800	0.151600	-0.423700	-0.424800	0.147900	0.223600
1627302893.624202	-0.937500	0.159800	-0.407200	-0.330400	0.090400	0.194300
1627302893.633696	-0.931600	0.158200	-0.400100	-0.245800	0.041000	0.169800
1627302893.643235	-0.927900	0.151900	-0.394900	-0.187500	-0.001200	0.144200
1627302893.652254	-0.924900	0.148700	-0.394700	-0.143800	-0.047000	0.118500
1627302893.667925	-0.925500	0.153000	-0.400600	-0.109300	-0.094300	0.090400
1627302893.680221	-0.919100	0.161100	-0.415600	-0.072000	-0.147800	0.057400
1627302893.690192	-0.913500	0.169800	-0.425400	-0.026800	-0.213200	0.016800
1627302893.694540	-0.915600	0.175000	-0.421500	0.037900	-0.301700	-0.029300
1627302893.719004	-0.914300	0.173800	-0.410800	0.099300	-0.372300	-0.059200
1627302893.719877	-0.918300	0.166500	-0.399700	0.164100	-0.437700	-0.085800
1627302893.723563	-0.923000	0.155200	-0.397200	0.209300	-0.496000	-0.110000
1627302893.738953	-0.923000	0.147800	-0.397200	0.240400	-0.552200	-0.137100
1627302893.739893	-0.926900	0.143900	-0.401500	0.264900	-0.610200	-0.163400
1627302893.752322	-0.934000	0.141800	-0.401100	0.289900	-0.675300	-0.193900
1627302893.762443	-0.943600	0.139600	-0.398300	0.326300	-0.765100	-0.226300
1627302893.771379	-0.954300	0.133200	-0.388800	0.372700	-0.836500	-0.247400
1627302893.792465	-0.963100	0.124000	-0.379400	0.421300	-0.902800	-0.270300
1627302893.793480	-0.969700	0.115500	-0.367900	0.465200	-0.960900	-0.288300
1627302893.803528	-0.971100	0.113400	-0.350200	0.503100	-1.013100	-0.296600
1627302893.813740	-0.981200	0.113200	-0.328700	0.544000	-1.055800	-0.292600
1627302893.836903	-1.000100	0.102700	-0.302700	0.584100	-1.080600	-0.287700
1627302893.837844	-1.010900	0.091100	-0.263700	0.614600	-1.101400	-0.280100
1627302893.842557	-1.019400	0.084600	-0.237800	0.639300	-1.138000	-0.276100
1627302893.852263	-1.026500	0.084800	-0.215200	0.652200	-1.162400	-0.278200
1627302893.857651	-1.017500	0.091100	-0.194500	0.682700	-1.186300	-0.282500
1627302893.880214	-1.012700	0.090000	-0.164100	0.730700	-1.209800	-0.287700
1627302893.882464	-1.010600	0.081500	-0.145300	0.773400	-1.230300	-0.296000
1627302893.897060	-0.996300	0.070200	-0.125700	0.810100	-1.255900	-0.310300
1627302893.903070	-0.982800	0.053300	-0.103300	0.852800	-1.285200	-0.310600
1627302893.924241	-0.975000	0.027800	-0.083300	0.895900	-1.302300	-0.302400
1627302893.925095	-0.965900	-0.002800	-0.063400	0.924900	-1.303200	-0.292000
1627302893.937417	-0.960400	-0.026700	-0.044300	0.934400	-1.311800	-0.288000
1627302893.943830	-0.949800	-0.038600	-0.031500	0.913600	-1.318200	-0.292600
1627302893.962797	-0.943100	-0.038900	-0.015700	0.899600	-1.337200	-0.301500
1627302893.963437	-0.928700	-0.049200	0.003400	0.900800	-1.357000	-0.313400
1627302893.975867	-0.920300	-0.067000	0.016400	0.887400	-1.367100	-0.328600
1627302893.992296	-0.903400	-0.087400	0.032100	0.857100	-1.372000	-0.343900
1627302893.993448	-0.891700	-0.120100	0.042500	0.815900	-1.383000	-0.353100
1627302894.008524	-0.892000	-0.154700	0.055300	0.737700	-1.413500	-0.359500
1627302894.021677	-0.903000	-0.182900	0.070300	0.632300	-1.454100	-0.369600
1627302894.022526	-0.907000	-0.207900	0.079300	0.503700	-1.507000	-0.392500
1627302894.032622	-0.908400	-0.215000	0.081200	0.324100	-1.556500	-0.443200
1627302894.041942	-0.915300	-0.219800	0.087400	0.177200	-1.592800	-0.504300
1627302894.052278	-0.930200	-0.229700	0.092900	0.045000	-1.615100	-0.563200
1627302894.067447	-0.938700	-0.235000	0.100500	-0.091300	-1.630100	-0.620000
1627302894.073805	-0.933500	-0.235200	0.114400	-0.206100	-1.645000	-0.673200
1627302894.096054	-0.913900	-0.228000	0.130100	-0.301700	-1.667000	-0.726600
1627302894.097337	-0.896600	-0.233200	0.140100	-0.377400	-1.695100	-0.771800
1627302894.109433	-0.890500	-0.243900	0.151600	-0.477900	-1.734200	-0.817300
1627302894.125931	-0.884900	-0.243200	0.157600	-0.564100	-1.762900	-0.849400
1627302894.136908	-0.875700	-0.240800	0.163500	-0.655100	-1.796500	-0.879000
1627302894.137862	-0.872800	-0.238900	0.173200	-0.733600	-1.832000	-0.902200
1627302894.147101	-0.863000	-0.235200	0.186500	-0.791900	-1.869200	-0.922100
1627302894.161207	-0.850200	-0.231600	0.195300	-0.837100	-1.909800	-0.939200
1627302894.173075	-0.842000	-0.227500	0.214800	-0.862200	-1.967300	-0.967600
1627302894.174018	-0.830200	-0.223600	0.233900	-0.854200	-2.037500	-1.001200
1627302894.178283	-0.814500	-0.221900	0.256100	-0.820300	-2.099500	-1.022900
1627302894.201047	-0.791600	-0.218000	0.280200	-0.771100	-2.159700	-1.035100
1627302894.211801	-0.765100	-0.218900	0.299200	-0.706400	-2.213400	-1.046400
1627302894.220079	-0.743400	-0.229100	0.323000	-0.641600	-2.257100	-1.059800
1627302894.221041	-0.732900	-0.243400	0.346400	-0.592500	-2.295000	-1.071800
1627302894.239832	-0.714200	-0.266700	0.376000	-0.545400	-2.321900	-1.074800
1627302894.252894	-0.690200	-0.292200	0.410300	-0.512400	-2.334700	-1.068100
1627302894.253802	-0.660400	-0.311300	0.430800	-0.492900	-2.337400	-1.052200
1627302894.260592	-0.637800	-0.327100	0.443700	-0.473400	-2.342900	-1.032400
1627302894.284215	-0.633800	-0.344400	0.456200	-0.465700	-2.357300	-1.001500
1627302894.285207	-0.636200	-0.347900	0.464100	-0.477900	-2.366800	-0.975500
1627302894.292459	-0.628800	-0.343400	0.477100	-0.490800	-2.370400	-0.965800
1627302894.303350	-0.611300	-0.329000	0.496100	-0.498100	-2.353600	-0.964900
1627302894.324083	-0.587500	-0.326800	0.510300	-0.481300	-2.318500	-0.971000
1627302894.324938	-0.560500	-0.328600	0.523400	-0.458400	-2.277300	-0.968800
1627302894.334405	-0.558300	-0.342800	0.541900	-0.418100	-2.242500	-0.949300
1627302894.354648	-0.565700	-0.363500	0.560200	-0.376200	-2.213100	-0.918700
1627302894.355577	-0.561400	-0.385500	0.573100	-0.343500	-2.178600	-0.883300
1627302894.362541	-0.544700	-0.403400	0.589800	-0.323100	-2.156900	-0.844200
1627302894.372434	-0.529700	-0.410000	0.603000	-0.319100	-2.140400	-0.785900
1627302894.375385	-0.517200	-0.403700	0.616500	-0.320000	-2.127600	-0.750100
1627302894.397917	-0.516800	-0.392100	0.625700	-0.315400	-2.109000	-0.731500
1627302894.410942	-0.514600	-0.390700	0.639500	-0.310300	-2.076900	-0.713200
1627302894.427570	-0.504300	-0.395500	0.653100	-0.298000	-2.043900	-0.698800
1627302894.432034	-0.494500	-0.406900	0.671100	-0.282800	-2.029900	-0.678700
1627302894.433065	-0.475000	-0.423600	0.684800	-0.266300	-2.034500	-0.663400
1627302894.443905	-0.442900	-0.443800	0.705400	-0.259500	-2.050300	-0.642000
1627302894.451992	-0.412400	-0.449600	0.721100	-0.249800	-2.058000	-0.618500
1627302894.470985	-0.389400	-0.436800	0.726100	-0.223800	-2.073900	-0.598000
1627302894.483000	-0.381800	-0.421000	0.735500	-0.185600	-2.109900	-0.584000
1627302894.483944	-0.378200	-0.416700	0.741900	-0.144100	-2.156900	-0.593500
1627302894.490639	-0.354900	-0.437400	0.750200	-0.109900	-2.204000	-0.626400
1627302894.509606	-0.327900	-0.473300	0.762000	-0.096800	-2.258300	-0.677100
1627302894.520564	-0.292000	-0.516500	0.768300	-0.116600	-2.306000	-0.700700
1627302894.521490	-0.250700	-0.548100	0.781100	-0.160000	-2.345400	-0.675900
1627302894.532006	-0.217500	-0.554800	0.787000	-0.209800	-2.378400	-0.627700
1627302894.554893	-0.191500	-0.540500	0.799400	-0.250700	-2.408900	-0.589800
1627302894.563212	-0.173500	-0.511800	0.819200	-0.264100	-2.431500	-0.577000
1627302894.564144	-0.165200	-0.483300	0.843400	-0.225600	-2.445600	-0.579100
1627302894.573751	-0.148300	-0.468100	0.861800	-0.137100	-2.441300	-0.587300
1627302894.575738	-0.123300	-0.469100	0.878200	-0.025300	-2.431200	-0.600500
1627302894.598488	-0.097200	-0.494600	0.889200	0.040100	-2.425400	-0.598600
1627302894.600783	-0.078400	-0.528900	0.899700	0.052300	-2.414700	-0.586100
1627302894.616159	-0.061400	-0.536300	0.900500	0.009800	-2.388500	-0.578800
1627302894.619380	-0.047900	-0.519200	0.902000	-0.030500	-2.357000	-0.579400
1627302894.643233	-0.041300	-0.496000	0.906900	-0.017300	-2.317000	-0.580900
1627302894.644182	-0.037100	-0.472400	0.919200	0.062400	-2.263800	-0.571500
1627302894.652345	-0.022700	-0.467700	0.923600	0.172000	-2.208200	-0.556500
1627302894.661925	-0.011000	-0.476600	0.923000	0.261800	-2.148100	-0.550700
1627302894.680810	0.005700	-0.487200	0.928100	0.330500	-2.071700	-0.540300
1627302894.681751	0.015400	-0.496500	0.932000	0.382800	-1.990800	-0.522900
1627302894.694642	0.015000	-0.506000	0.935100	0.430700	-1.908000	-0.501200
1627302894.699472	0.003100	-0.528200	0.937100	0.480800	-1.820000	-0.473100
1627302894.721581	-0.004800	-0.577500	0.941900	0.490300	-1.683200	-0.427000
1627302894.722189	0.003200	-0.620700	0.948900	0.425500	-1.547600	-0.369600
1627302894.732757	0.011100	-0.651700	0.949800	0.285000	-1.405600	-0.313100
1627302894.742130	0.009600	-0.667200	0.950700	0.086500	-1.257400	-0.266300
1627302894.754018	0.008800	-0.654200	0.953400	-0.134900	-1.106600	-0.235200
1627302894.769483	0.028200	-0.614500	0.964400	-0.323700	-0.956000	-0.221100
1627302894.772543	0.055900	-0.580800	0.981900	-0.425100	-0.826800	-0.213500
1627302894.795222	0.085700	-0.577600	1.001100	-0.448600	-0.694200	-0.200400
1627302894.796078	0.105800	-0.596600	1.017700	-0.452300	-0.606300	-0.182000
1627302894.801915	0.121900	-0.603500	1.035300	-0.478200	-0.535400	-0.159700
1627302894.823513	0.144500	-0.571500	1.028400	-0.502700	-0.477400	-0.153900
1627302894.835734	0.154200	-0.530000	1.033200	-0.499000	-0.429400	-0.164900
1627302894.836672	0.155000	-0.501000	1.044200	-0.441900	-0.362500	-0.172900
1627302894.843410	0.165300	-0.492200	1.054900	-0.340200	-0.288300	-0.172600
1627302894.851488	0.181500	-0.519500	1.057600	-0.209500	-0.218000	-0.152100
1627302894.862496	0.199800	-0.549600	1.013900	-0.167300	-0.201900	-0.150600
1627302894.873978	0.215600	-0.567400	0.993500	-0.191400	-0.219000	-0.160300
1627302894.897841	0.211100	-0.583000	0.999800	-0.230500	-0.223900	-0.160700
1627302894.898860	0.201000	-0.586400	1.008200	-0.262000	-0.211600	-0.145400
1627302894.901106	0.189700	-0.574000	1.000200	-0.264100	-0.192400	-0.126700
1627302894.906542	0.189600	-0.561300	0.988600	-0.248200	-0.160900	-0.106000
1627302894.930667	0.230600	-0.534200	0.872600	-0.203700	-0.168600	-0.118800
1627302894.931604	0.260100	-0.519700	0.833300	-0.188100	-0.249800	-0.165800
1627302894.941113	0.230800	-0.555900	0.824500	-0.138000	-0.293800	-0.169500
1627302894.948059	0.185500	-0.599100	0.842000	-0.109900	-0.295000	-0.111200
1627302894.971714	0.149500	-0.621600	0.857900	-0.102300	-0.254700	-0.055300
1627302894.972603	0.123700	-0.642900	0.881600	-0.102300	-0.178600	-0.018000
1627302894.980081	0.078000	-0.688100	0.935100	-0.151700	-0.045200	0.018000
1627302894.990866	0.009800	-0.731100	0.998400	-0.288300	0.153700	0.058000
1627302895.005921	-0.043800	-0.733400	1.035000	-0.464500	0.398300	0.109400
1627302895.011228	-0.048100	-0.697400	1.029800	-0.653300	0.662200	0.150300
1627302895.033212	-0.036400	-0.655600	1.039300	-0.809000	0.920000	0.173200
1627302895.034145	-0.041300	-0.637800	1.045900	-0.910100	1.190300	0.217200
1627302895.041326	-0.039300	-0.612500	1.055800	-0.941600	1.442300	0.268800
1627302895.052381	0.007400	-0.569000	1.026000	-0.799200	1.666500	0.332300
1627302895.055106	0.069500	-0.535900	0.989300	-0.515800	1.792900	0.399800
1627302895.079555	0.117400	-0.515900	0.953600	-0.129700	1.858300	0.454800
1627302895.080495	0.134300	-0.521400	0.911700	0.313400	1.879100	0.489300
1627302895.089981	0.140100	-0.544700	0.882800	0.665000	1.866800	0.499400
1627302895.099543	0.145900	-0.579100	0.858400	0.885500	1.844200	0.479500
1627302895.124014	0.145100	-0.613300	0.849500	0.982600	1.801500	0.447500
1627302895.125165	0.113400	-0.654400	0.843900	0.967400	1.733100	0.420300
1627302895.130070	0.083400	-0.674000	0.854200	0.882200	1.663400	0.392500
1627302895.143711	0.056800	-0.688400	0.864500	0.735600	1.595600	0.368100
1627302895.144436	0.037600	-0.685700	0.870400	0.536100	1.528100	0.344200
1627302895.168560	0.015600	-0.650500	0.882000	0.334200	1.469800	0.326500
1627302895.169934	-0.007900	-0.595100	0.893600	0.186700	1.436500	0.320700
1627302895.184772	-0.032800	-0.539600	0.909500	0.145500	1.425200	0.325000
1627302895.188992	-0.057600	-0.499800	0.918900	0.215400	1.431600	0.340600
1627302895.208891	-0.075200	-0.501000	0.916500	0.304600	1.442000	0.350600
1627302895.209751	-0.081500	-0.523300	0.903400	0.366600	1.433100	0.352500
1627302895.221189	-0.093100	-0.553500	0.885400	0.359600	1.410500	0.353400
1627302895.228965	-0.114900	-0.564300	0.870100	0.290200	1.395900	0.360100
1627302895.249147	-0.148400	-0.544300	0.871600	0.206200	1.407500	0.382400
1627302895.250117	-0.195400	-0.490500	0.895400	0.167800	1.489000	0.431300
1627302895.262389	-0.229600	-0.424300	0.932000	0.238600	1.667400	0.481400
1627302895.271455	-0.243700	-0.394800	0.952300	0.408100	1.840900	0.496300
1627302895.292701	-0.252600	-0.410200	0.948900	0.609100	2.007900	0.512800
1627302895.294911	-0.249300	-0.451500	0.932400	0.770400	2.164600	0.540000
1627302895.302371	-0.251100	-0.494100	0.915900	0.862300	2.291700	0.563200
1627302895.306551	-0.264000	-0.519700	0.889800	0.883700	2.404400	0.581900
1627302895.328662	-0.276700	-0.524700	0.865600	0.859900	2.520500	0.619700
1627302895.337546	-0.279200	-0.508300	0.847300	0.840300	2.610000	0.657300
1627302895.338478	-0.289900	-0.491600	0.839400	0.840600	2.657900	0.668300
1627302895.360224	-0.322000	-0.483200	0.828000	0.835700	2.691200	0.655800
1627302895.361171	-0.363000	-0.488900	0.821500	0.808200	2.718100	0.624600
1627302895.369458	-0.394000	-0.493200	0.815100	0.755100	2.743700	0.590400
1627302895.393026	-0.415900	-0.495000	0.810500	0.676900	2.754400	0.565400
1627302895.393884	-0.432600	-0.494500	0.799400	0.552600	2.754100	0.555900
1627302895.400918	-0.455300	-0.484600	0.786000	0.416400	2.737600	0.562600
1627302895.421483	-0.473900	-0.468400	0.769700	0.307900	2.709500	0.577000
1627302895.422450	-0.492100	-0.451800	0.750500	0.212000	2.669200	0.582200
1627302895.432700	-0.517000	-0.435500	0.730700	0.119200	2.625200	0.571200
1627302895.442590	-0.550200	-0.422400	0.711400	0.023900	2.587000	0.551600
1627302895.456757	-0.571200	-0.413100	0.693600	-0.059500	2.561400	0.534200
1627302895.461273	-0.584100	-0.409800	0.665500	-0.151100	2.525700	0.532400
1627302895.470804	-0.593800	-0.403300	0.646600	-0.238200	2.484100	0.548900
1627302895.475129	-0.608600	-0.385500	0.633200	-0.303200	2.471600	0.593200
1627302895.499288	-0.612300	-0.368500	0.627000	-0.304100	2.486600	0.650300
1627302895.500170	-0.617300	-0.354400	0.613400	-0.242700	2.495100	0.693300
1627302895.511068	-0.636700	-0.341300	0.588000	-0.162100	2.499400	0.714100
1627302895.521541	-0.662100	-0.329700	0.550700	-0.089700	2.506400	0.708000
1627302895.545212	-0.682100	-0.330600	0.504400	-0.031400	2.501800	0.669800
1627302895.546155	-0.692400	-0.336300	0.464400	-0.023800	2.476500	0.634100
1627302895.548819	-0.690100	-0.341400	0.419700	-0.052800	2.432200	0.607200
1627302895.564640	-0.686600	-0.343600	0.377100	-0.106500	2.371100	0.583100
1627302895.567474	-0.692100	-0.336100	0.344500	-0.168800	2.293800	0.567200
1627302895.588755	-0.711900	-0.320800	0.322600	-0.215600	2.215300	0.567500
1627302895.589673	-0.727800	-0.298700	0.314600	-0.213400	2.165200	0.573600
1627302895.599680	-0.743200	-0.280300	0.312100	-0.141000	2.115200	0.568100
1627302895.607905	-0.753800	-0.270800	0.308000	-0.044500	2.085500	0.555000
1627302895.626482	-0.765400	-0.274400	0.294300	0.041300	2.052800	0.524100
1627302895.628862	-0.772100	-0.283100	0.272300	0.090500	2.009200	0.480500
1627302895.639954	-0.776600	-0.289700	0.252100	0.094100	1.953900	0.442900
1627302895.647720	-0.772500	-0.293200	0.235700	0.085000	1.908400	0.431300
1627302895.669028	-0.771900	-0.292100	0.225300	0.072200	1.861300	0.427000
1627302895.670055	-0.779900	-0.280300	0.219100	0.072200	1.819800	0.429100
1627302895.678142	-0.793800	-0.270300	0.215100	0.098400	1.799900	0.428500
1627302895.699332	-0.802400	-0.267900	0.206300	0.147000	1.793500	0.421200
1627302895.700279	-0.808600	-0.272800	0.197500	0.193700	1.781600	0.405900
1627302895.708627	-0.823500	-0.279500	0.179000	0.218100	1.769400	0.388500
1627302895.720793	-0.830800	-0.284900	0.159200	0.214800	1.750500	0.365300
1627302895.742119	-0.831400	-0.288800	0.137300	0.174500	1.724200	0.336300
1627302895.743054	-0.832600	-0.284900	0.118800	0.113700	1.696700	0.310000
1627302895.751236	-0.829700	-0.280000	0.102900	0.069100	1.678700	0.292900
1627302895.759544	-0.819800	-0.277800	0.085900	0.034900	1.654900	0.279500
1627302895.783176	-0.827500	-0.275000	0.067500	0.004000	1.621300	0.265400
1627302895.784131	-0.836500	-0.268600	0.054200	-0.008800	1.597400	0.259600
1627302895.791255	-0.843100	-0.270000	0.044100	-0.003600	1.577000	0.256900
1627302895.799960	-0.845900	-0.276200	0.026700	0.010100	1.554100	0.252300
1627302895.804128	-0.856400	-0.277100	0.017700	0.021800	1.524800	0.252300
1627302895.826206	-0.861800	-0.276700	0.000100	0.041000	1.497600	0.266000
1627302895.828825	-0.855000	-0.275000	-0.011500	0.071800	1.473100	0.283400
1627302895.839908	-0.853800	-0.270600	-0.024200	0.097800	1.439200	0.295100
1627302895.850191	-0.851000	-0.262000	-0.032100	0.121900	1.406900	0.305400
1627302895.870210	-0.845200	-0.252800	-0.033900	0.157700	1.382700	0.318000
1627302895.871064	-0.845200	-0.245200	-0.039800	0.210800	1.361000	0.326200
1627302895.878598	-0.851900	-0.247400	-0.048100	0.253900	1.347900	0.321000
1627302895.889036	-0.872600	-0.251600	-0.058200	0.271300	1.337500	0.303600
1627302895.910266	-0.895600	-0.260400	-0.071900	0.256900	1.330500	0.276700
1627302895.911123	-0.906700	-0.265000	-0.083900	0.217200	1.319800	0.252000
1627302895.921168	-0.900300	-0.268700	-0.102100	0.145800	1.305100	0.240400
1627302895.928889	-0.891400	-0.267600	-0.118500	0.043700	1.279800	0.244000
1627302895.947383	-0.891200	-0.254200	-0.134900	-0.086100	1.253200	0.259000
1627302895.950045	-0.889200	-0.240200	-0.143100	-0.172500	1.241300	0.262400
1627302895.961346	-0.902500	-0.226700	-0.152200	-0.224100	1.232500	0.249200
1627302895.968020	-0.916100	-0.211400	-0.159800	-0.245200	1.222100	0.231800
1627302895.991563	-0.924000	-0.201200	-0.166900	-0.236000	1.206800	0.226000
1627302895.992100	-0.932300	-0.200900	-0.179400	-0.209800	1.187900	0.235200
1627302895.998071	-0.939800	-0.204500	-0.193800	-0.189300	1.170800	0.249800
1627302896.021535	-0.944900	-0.204500	-0.202900	-0.171300	1.154000	0.269400
1627302896.022634	-0.948600	-0.200800	-0.216800	-0.162700	1.142300	0.287400
1627302896.032748	-0.948500	-0.192600	-0.228500	-0.153600	1.125900	0.309400
1627302896.042644	-0.948400	-0.190700	-0.246200	-0.150200	1.106900	0.325300
1627302896.056655	-0.941500	-0.188000	-0.269800	-0.164300	1.089500	0.333500
1627302896.058337	-0.929700	-0.184100	-0.293100	-0.197500	1.067800	0.335100
1627302896.068525	-0.918500	-0.180700	-0.324500	-0.255900	1.035800	0.330200
1627302896.075444	-0.910600	-0.177100	-0.359500	-0.336800	0.993900	0.320700
1627302896.096518	-0.903200	-0.176300	-0.387800	-0.424800	0.942300	0.307000
1627302896.098739	-0.895900	-0.167500	-0.417100	-0.544800	0.881800	0.292300
1627302896.116445	-0.888100	-0.147500	-0.437500	-0.675200	0.804500	0.282200
1627302896.137748	-0.883100	-0.117400	-0.444200	-0.777600	0.736700	0.279200
1627302896.138716	-0.878700	-0.084700	-0.440700	-0.839300	0.667100	0.282800
1627302896.139963	-0.878800	-0.047600	-0.438800	-0.855800	0.593200	0.297800
1627302896.155028	-0.883100	-0.017500	-0.436400	-0.823700	0.519000	0.307900
1627302896.155955	-0.890900	0.005400	-0.431000	-0.755900	0.457300	0.311900
1627302896.178993	-0.890900	0.022700	-0.431500	-0.657200	0.404100	0.313100
1627302896.179846	-0.898100	0.035200	-0.422000	-0.543900	0.360400	0.314300
1627302896.187324	-0.912400	0.045000	-0.411400	-0.415300	0.332600	0.310600
1627302896.201596	-0.918500	0.058300	-0.393800	-0.272100	0.329900	0.306400
1627302896.220256	-0.911700	0.063200	-0.363300	-0.092500	0.323200	0.307600
1627302896.221012	-0.907700	0.042600	-0.346600	0.063900	0.310400	0.315500
1627302896.231710	-0.915600	0.010400	-0.340500	0.168100	0.299000	0.321600
1627302896.241628	-0.925700	-0.027000	-0.346400	0.216000	0.302100	0.326200
1627302896.258131	-0.932100	-0.062700	-0.351200	0.206500	0.309700	0.336300
1627302896.259063	-0.938400	-0.080800	-0.363900	0.153400	0.321300	0.351900
1627302896.269559	-0.945200	-0.084800	-0.362400	0.075800	0.348200	0.372300
1627302896.293442	-0.941400	-0.072300	-0.367600	-0.008200	0.374500	0.402900
1627302896.296523	-0.933200	-0.058300	-0.383700	-0.049100	0.386100	0.417800
1627302896.297212	-0.928800	-0.041400	-0.397300	-0.070500	0.395600	0.426400
1627302896.305344	-0.927100	-0.026400	-0.414100	-0.078700	0.396200	0.432500
1627302896.322536	-0.927500	-0.013100	-0.423500	-0.076000	0.395900	0.439500
1627302896.341371	-0.924100	-0.001500	-0.437500	-0.055500	0.395000	0.445900
1627302896.349879	-0.916300	0.006600	-0.455200	-0.024700	0.386100	0.442900
1627302896.358164	-0.907800	0.010500	-0.482200	0.009500	0.364400	0.435900
1627302896.359103	-0.903100	0.014300	-0.510400	0.024800	0.328400	0.425800
1627302896.372129	-0.900900	0.018900	-0.535800	0.036400	0.278600	0.412600
1627302896.393076	-0.899500	0.024200	-0.559400	0.042800	0.213500	0.393100
1627302896.393765	-0.893800	0.026700	-0.579600	0.047700	0.136900	0.370200
1627302896.397096	-0.900000	0.028000	-0.591700	0.048900	0.059000	0.346400
1627302896.409567	-0.906900	0.033700	-0.579000	0.046200	-0.010700	0.333200
1627302896.414908	-0.910400	0.037400	-0.555300	0.047400	-0.083700	0.321000
1627302896.435909	-0.908200	0.037800	-0.529800	0.046200	-0.141700	0.302700
1627302896.437208	-0.899900	0.030900	-0.526200	0.048900	-0.209800	0.272800
1627302896.450016	-0.890700	0.027600	-0.526400	0.039200	-0.292600	0.234900
1627302896.457694	-0.886800	0.031500	-0.526100	0.025100	-0.375300	0.194900
1627302896.480450	-0.883300	0.035900	-0.527700	0.026900	-0.457500	0.157000
1627302896.481336	-0.882600	0.044700	-0.513800	0.055400	-0.558900	0.115200
1627302896.488676	-0.882000	0.056200	-0.495700	0.106400	-0.651200	0.074800
1627302896.498291	-0.882300	0.074000	-0.472500	0.183600	-0.708600	0.040600
1627302896.521757	-0.891700	0.088000	-0.426800	0.267900	-0.710700	0.024700
1627302896.522510	-0.881000	0.086800	-0.364100	0.366900	-0.682000	0.015300
1627302896.532864	-0.866600	0.054200	-0.334200	0.476800	-0.691500	-0.009800
1627302896.541967	-0.865000	0.013700	-0.329600	0.519600	-0.715900	-0.052200
1627302896.559268	-0.872200	-0.017000	-0.319300	0.461600	-0.731500	-0.119100
1627302896.560201	-0.870500	-0.023800	-0.326400	0.384000	-0.741600	-0.182000
1627302896.569947	-0.867200	-0.030300	-0.332800	0.301500	-0.761400	-0.236700
1627302896.574503	-0.874400	-0.034400	-0.341200	0.208400	-0.782200	-0.289200
1627302896.599431	-0.877400	-0.029800	-0.345900	0.106700	-0.804500	-0.341200
1627302896.600360	-0.882800	-0.015300	-0.348800	0.021800	-0.839900	-0.388200
1627302896.610066	-0.892900	-0.001100	-0.350200	-0.021900	-0.881100	-0.429700
1627302896.619385	-0.915500	0.005400	-0.347300	-0.032600	-0.931200	-0.468500
1627302896.643216	-0.934700	0.002400	-0.345300	-0.030500	-0.969100	-0.490200
1627302896.644184	-0.954500	-0.003800	-0.339800	-0.021300	-1.004200	-0.508200
1627302896.647557	-0.954500	-0.003800	-0.339800	-0.021300	-1.004200	-0.508200
1627302896.662212	-0.992800	-0.004900	-0.329000	0.040400	-1.060400	-0.532100
1627302896.674695	-0.992800	-0.004900	-0.329000	0.040400	-1.060400	-0.532100
1627302896.682765	-1.003200	-0.006700	-0.318200	0.109700	-1.081800	-0.535400
1627302896.683706	-1.011000	-0.018600	-0.307100	0.194900	-1.104400	-0.530800
1627302896.705263	-1.017800	-0.042100	-0.289800	0.292400	-1.133700	-0.517400
1627302896.707494	-1.028700	-0.058700	-0.276600	0.356800	-1.156900	-0.505500
1627302896.722437	-1.034200	-0.076400	-0.263100	0.402900	-1.176500	-0.493000
1627302896.726362	-1.036100	-0.092500	-0.254000	0.425800	-1.190900	-0.485600
1627302896.750588	-1.036300	-0.106400	-0.245200	0.434700	-1.202200	-0.482300
1627302896.751617	-1.038700	-0.121300	-0.226000	0.422500	-1.220500	-0.477100
1627302896.758698	-1.033700	-0.126500	-0.208100	0.403900	-1.233600	-0.471000
1627302896.770370	-1.026900	-0.128200	-0.183800	0.398000	-1.245500	-0.460300
1627302896.771411	-1.021900	-0.129300	-0.165900	0.407800	-1.251300	-0.448100
1627302896.793562	-1.019000	-0.132900	-0.148100	0.426100	-1.252900	-0.435200
1627302896.797411	-1.015900	-0.142900	-0.133400	0.445100	-1.253200	-0.421800
1627302896.812561	-1.013900	-0.155500	-0.116900	0.446900	-1.252500	-0.410200
1627302896.818729	-1.008100	-0.163100	-0.101200	0.432300	-1.252900	-0.400700
1627302896.840683	-0.993400	-0.169600	-0.087000	0.409300	-1.258000	-0.393700
1627302896.841590	-0.981100	-0.171600	-0.071200	0.387700	-1.266000	-0.391300
1627302896.846076	-0.973100	-0.173000	-0.058000	0.370900	-1.278200	-0.384500
1627302896.860256	-0.965600	-0.169800	-0.044400	0.353500	-1.286500	-0.380300
1627302896.861063	-0.957400	-0.170200	-0.030200	0.345200	-1.293800	-0.376600
1627302896.883607	-0.949500	-0.177000	-0.022800	0.335700	-1.302300	-0.372300
1627302896.898556	-0.941400	-0.191400	-0.012800	0.306700	-1.314200	-0.365000
1627302896.902733	-0.930300	-0.202000	0.001100	0.246200	-1.335300	-0.350000
1627302896.903678	-0.919600	-0.204200	0.013700	0.176900	-1.356100	-0.339600
1627302896.927207	-0.911500	-0.200800	0.024400	0.114300	-1.378100	-0.336300
1627302896.928554	-0.910200	-0.195200	0.041500	0.056600	-1.398900	-0.340600
1627302896.938494	-0.904900	-0.186300	0.051300	0.014100	-1.414400	-0.353100
1627302896.954426	-0.898100	-0.183800	0.064800	-0.021000	-1.433100	-0.377200
1627302896.974070	-0.888100	-0.184900	0.074500	-0.047600	-1.450800	-0.400700
1627302896.975086	-0.879400	-0.189700	0.092200	-0.077500	-1.473400	-0.422100
1627302896.978616	-0.869400	-0.189500	0.098900	-0.104400	-1.499000	-0.439800
1627302896.992906	-0.864400	-0.181200	0.109100	-0.119700	-1.532000	-0.460300
1627302896.993838	-0.864300	-0.173200	0.119100	-0.125800	-1.562900	-0.485000
1627302897.017418	-0.868500	-0.160600	0.134300	-0.120600	-1.593700	-0.513100
1627302897.018763	-0.866000	-0.147900	0.151100	-0.096400	-1.625500	-0.546700
1627302897.034150	-0.856700	-0.141700	0.168900	-0.057000	-1.659100	-0.577600
1627302897.038622	-0.847800	-0.150400	0.187300	0.005900	-1.705500	-0.605400
1627302897.058063	-0.847700	-0.172700	0.202000	0.034900	-1.744600	-0.631300
1627302897.059004	-0.848600	-0.191300	0.217700	0.035800	-1.777900	-0.661000
1627302897.066954	-0.847500	-0.204200	0.237300	0.011700	-1.809400	-0.691200
1627302897.090520	-0.840100	-0.205200	0.260400	-0.016700	-1.840800	-0.720800
1627302897.091224	-0.826500	-0.208500	0.279900	-0.028300	-1.875900	-0.747400
1627302897.098900	-0.818700	-0.221600	0.305400	-0.031100	-1.914700	-0.766000
1627302897.107054	-0.815600	-0.234700	0.331700	-0.046700	-1.953200	-0.792900
1627302897.111168	-0.799100	-0.241300	0.354100	-0.053400	-1.979800	-0.824700
1627302897.134223	-0.782500	-0.249800	0.386400	-0.054000	-1.999000	-0.857000
1627302897.136423	-0.767100	-0.261800	0.418700	-0.042400	-2.004200	-0.884200
1627302897.147415	-0.753700	-0.276100	0.450100	-0.016700	-1.997200	-0.908700
1627302897.155100	-0.745400	-0.294600	0.483200	0.011700	-1.979800	-0.926100
1627302897.177937	-0.738800	-0.314800	0.514900	0.049200	-1.948000	-0.935500
1627302897.178801	-0.732300	-0.344800	0.543600	0.081000	-1.910800	-0.930300
1627302897.186065	-0.727700	-0.371000	0.567400	0.086800	-1.872600	-0.915400
1627302897.195874	-0.722800	-0.395900	0.592200	0.072800	-1.826500	-0.892200
1627302897.220564	-0.709700	-0.415300	0.610000	0.047100	-1.772100	-0.863100
1627302897.221497	-0.697900	-0.435900	0.624500	0.008000	-1.718300	-0.829500
1627302897.231366	-0.691300	-0.448700	0.634900	-0.054900	-1.666700	-0.789500
1627302897.239452	-0.679100	-0.455800	0.648600	-0.122100	-1.598000	-0.727500
1627302897.258104	-0.658100	-0.466800	0.665900	-0.173100	-1.515200	-0.634400
1627302897.259039	-0.626700	-0.482800	0.673500	-0.203000	-1.443400	-0.514300
1627302897.268372	-0.605600	-0.488900	0.675400	-0.228700	-1.385100	-0.389100
1627302897.270826	-0.605000	-0.473900	0.676400	-0.229600	-1.347800	-0.282800
1627302897.295632	-0.612700	-0.449500	0.658400	-0.180700	-1.332600	-0.202800
1627302897.296565	-0.627600	-0.422500	0.629300	-0.098900	-1.330100	-0.134700
1627302897.306269	-0.640900	-0.405600	0.596900	-0.008500	-1.343300	-0.106300
1627302897.317106	-0.647600	-0.404500	0.586100	0.046500	-1.369800	-0.128000
1627302897.337932	-0.638700	-0.396000	0.591700	0.099300	-1.401000	-0.176500
1627302897.338793	-0.607700	-0.392100	0.600800	0.194300	-1.437600	-0.222700
1627302897.345756	-0.588700	-0.411700	0.616500	0.307900	-1.483500	-0.249200
1627302897.369345	-0.581200	-0.443800	0.636800	0.403500	-1.520100	-0.256600
1627302897.370277	-0.568500	-0.476700	0.661300	0.460400	-1.540600	-0.250400
1627302897.377494	-0.551100	-0.504000	0.689300	0.478100	-1.550000	-0.246500
1627302897.387410	-0.544400	-0.515400	0.711700	0.444200	-1.553400	-0.250400
1627302897.391589	-0.539700	-0.517800	0.727700	0.372100	-1.547900	-0.259000
1627302897.415217	-0.536500	-0.510600	0.732300	0.268500	-1.541500	-0.279500
1627302897.416081	-0.533200	-0.506000	0.739300	0.146400	-1.527700	-0.310600
1627302897.428756	-0.525400	-0.503500	0.754500	0.022100	-1.516400	-0.346400
1627302897.436451	-0.512700	-0.487700	0.771200	-0.087000	-1.491100	-0.370500
1627302897.455552	-0.483500	-0.472800	0.794700	-0.150200	-1.455700	-0.390900
1627302897.456489	-0.469100	-0.469700	0.813000	-0.159400	-1.416000	-0.400400
1627302897.464649	-0.458600	-0.472900	0.822000	-0.155100	-1.378100	-0.410500
1627302897.487224	-0.450100	-0.475500	0.814200	-0.160900	-1.347200	-0.424900
1627302897.493883	-0.445900	-0.475500	0.799900	-0.188400	-1.336500	-0.449900
1627302897.494808	-0.439100	-0.479200	0.793500	-0.246400	-1.329800	-0.473700
1627302897.519175	-0.410600	-0.483600	0.791400	-0.308700	-1.328000	-0.487500
1627302897.520070	-0.381200	-0.486700	0.793700	-0.352700	-1.342300	-0.473700
1627302897.530257	-0.361200	-0.486100	0.798000	-0.366400	-1.372600	-0.447500
1627302897.540338	-0.350000	-0.481300	0.809000	-0.358200	-1.396400	-0.424900
1627302897.555514	-0.347000	-0.474600	0.828600	-0.336500	-1.408600	-0.409000
1627302897.556472	-0.339600	-0.470800	0.852300	-0.304800	-1.393400	-0.398000
1627302897.566379	-0.332300	-0.472700	0.870100	-0.266600	-1.363400	-0.392500
1627302897.570922	-0.330200	-0.484300	0.887100	-0.240300	-1.328900	-0.384800
1627302897.595594	-0.329000	-0.501100	0.893700	-0.251000	-1.288300	-0.375700
1627302897.596526	-0.323100	-0.504900	0.893200	-0.273900	-1.252500	-0.369000
1627302897.604686	-0.308600	-0.508300	0.897300	-0.300200	-1.220800	-0.348800
1627302897.613067	-0.294400	-0.507700	0.901000	-0.321900	-1.200600	-0.314600
1627302897.635539	-0.288100	-0.498700	0.906900	-0.331000	-1.179900	-0.284700
1627302897.636234	-0.280000	-0.488400	0.913000	-0.321200	-1.161500	-0.266600
1627302897.644723	-0.271700	-0.482500	0.915600	-0.293500	-1.140800	-0.255000
1627302897.652106	-0.262600	-0.478300	0.910600	-0.273600	-1.125500	-0.250400
1627302897.673525	-0.258200	-0.482500	0.915900	-0.245800	-1.116000	-0.247100
1627302897.681578	-0.254000	-0.497200	0.924100	-0.221400	-1.092800	-0.228200
1627302897.682515	-0.240500	-0.509300	0.933300	-0.205500	-1.065000	-0.195800
1627302897.705245	-0.224200	-0.516700	0.935800	-0.200300	-1.042400	-0.176800
1627302897.706359	-0.210200	-0.517000	0.941000	-0.201200	-1.032000	-0.161000
1627302897.715961	-0.203000	-0.518600	0.954200	-0.215600	-1.015200	-0.139000
1627302897.728957	-0.192100	-0.515100	0.953900	-0.226600	-0.997200	-0.129500
1627302897.750552	-0.176500	-0.505100	0.941700	-0.236300	-0.969400	-0.124900
1627302897.751612	-0.161100	-0.494900	0.936600	-0.245800	-0.945000	-0.111200
1627302897.758665	-0.138900	-0.485800	0.930900	-0.229900	-0.929700	-0.082800
1627302897.770305	-0.113800	-0.477200	0.926900	-0.186900	-0.946500	-0.047600
1627302897.771238	-0.091200	-0.473900	0.920000	-0.126100	-0.991100	-0.026300
1627302897.794958	-0.079300	-0.470500	0.920400	-0.043000	-1.055200	-0.027500
1627302897.805551	-0.069000	-0.473500	0.919400	0.012000	-1.100100	-0.044000
1627302897.806477	-0.057900	-0.482200	0.929000	0.045900	-1.145600	-0.061100
1627302897.812102	-0.043800	-0.497800	0.934200	0.052300	-1.182600	-0.073000
1627302897.832550	-0.022800	-0.516700	0.925700	0.021100	-1.211600	-0.089200
1627302897.845492	-0.004900	-0.517000	0.920500	-0.031100	-1.240600	-0.119700
1627302897.850006	0.005600	-0.497400	0.919100	-0.078400	-1.261700	-0.156400
1627302897.850634	0.002900	-0.479900	0.916000	-0.097700	-1.263500	-0.204300
1627302897.874038	-0.002700	-0.480000	0.918900	-0.081500	-1.241600	-0.237900
1627302897.874917	-0.005100	-0.488600	0.916700	-0.071700	-1.197600	-0.252600
1627302897.885007	-0.006000	-0.501600	0.926000	-0.086400	-1.138900	-0.252300
1627302897.896679	-0.012100	-0.512500	0.933300	-0.114200	-1.053400	-0.241600
1627302897.917912	-0.015300	-0.516500	0.935900	-0.156900	-0.945300	-0.229100
1627302897.919102	-0.018900	-0.518300	0.934600	-0.219200	-0.803900	-0.219600
1627302897.928882	-0.011600	-0.525400	0.914900	-0.281500	-0.661800	-0.206200
1627302897.940426	0.011600	-0.526100	0.892900	-0.348700	-0.560100	-0.193900
1627302897.956571	0.024200	-0.530800	0.884900	-0.417500	-0.477400	-0.179600
1627302897.957427	0.023600	-0.533300	0.880900	-0.471800	-0.392400	-0.156700
1627302897.965010	0.027700	-0.522900	0.889600	-0.482800	-0.312700	-0.126100
1627302897.970342	0.028200	-0.503700	0.897200	-0.442200	-0.234200	-0.093500
1627302897.992934	0.026100	-0.482900	0.911600	-0.342300	-0.142300	-0.057400
1627302897.995168	0.016000	-0.474500	0.924600	-0.198500	-0.046400	-0.028400
1627302898.012731	0.011000	-0.475700	0.929800	-0.055500	0.053200	0.000000
1627302898.024405	0.011700	-0.486900	0.929600	0.070000	0.158600	0.028100
1627302898.025128	0.016500	-0.507200	0.930100	0.163500	0.251100	0.055600
1627302898.036262	0.023600	-0.525100	0.922900	0.217200	0.323200	0.079400
1627302898.040988	0.033300	-0.542100	0.920400	0.245300	0.371100	0.095900
1627302898.064389	0.044300	-0.566200	0.922900	0.254200	0.419700	0.114800
1627302898.065321	0.049200	-0.577500	0.927200	0.235600	0.451800	0.131300
1627302898.075975	0.052200	-0.581800	0.935500	0.203800	0.470700	0.137100
1627302898.086724	0.053600	-0.592200	0.937100	0.155800	0.475600	0.135300
1627302898.109277	0.057700	-0.601600	0.934800	0.079800	0.468600	0.121000
1627302898.111360	0.060200	-0.610400	0.934600	-0.018900	0.443800	0.102000
1627302898.114974	0.061600	-0.615400	0.931800	-0.121500	0.406600	0.081600
1627302898.130426	0.066900	-0.605300	0.923000	-0.241800	0.345500	0.056800
1627302898.131362	0.076400	-0.592300	0.912100	-0.314800	0.279800	0.036000
1627302898.154283	0.084700	-0.585900	0.895500	-0.369800	0.197000	0.008300
1627302898.158735	0.092000	-0.587400	0.877200	-0.430300	0.103900	-0.020500
1627302898.164798	0.101300	-0.591600	0.854700	-0.509100	0.005200	-0.056800
1627302898.176391	0.115100	-0.593300	0.825200	-0.609900	-0.095900	-0.099900
1627302898.198662	0.134200	-0.591400	0.796400	-0.735700	-0.212900	-0.151200
1627302898.200019	0.150100	-0.589700	0.764800	-0.881100	-0.359800	-0.212000
1627302898.213039	0.151900	-0.593400	0.754000	-0.985300	-0.496900	-0.255600
1627302898.213969	0.142900	-0.603100	0.749000	-1.074700	-0.613600	-0.281900
1627302898.221131	0.133800	-0.609400	0.754500	-1.147700	-0.706700	-0.295700
1627302898.243532	0.116800	-0.602900	0.775000	-1.195700	-0.784900	-0.290500
1627302898.255616	0.075200	-0.585300	0.786000	-1.194800	-0.817000	-0.256300
1627302898.256559	0.023700	-0.551500	0.803800	-1.124800	-0.781300	-0.200400
1627302898.259593	-0.017100	-0.515700	0.818500	-0.928400	-0.681400	-0.133800
1627302898.283870	-0.046800	-0.489100	0.820600	-0.689600	-0.551300	-0.069000
1627302898.290370	-0.060100	-0.481600	0.824000	-0.406200	-0.414700	-0.006400
1627302898.292635	-0.065400	-0.495500	0.809400	-0.121200	-0.271800	0.053500
1627302898.315885	-0.063600	-0.511600	0.803500	0.123800	-0.123400	0.109700
1627302898.316824	-0.070200	-0.526100	0.806900	0.330200	0.030900	0.155200
1627302898.335137	-0.076700	-0.531600	0.802400	0.533000	0.208600	0.196100
1627302898.344704	-0.054800	-0.542400	0.791500	0.711100	0.364700	0.225700
1627302898.345632	-0.019900	-0.571900	0.772900	0.826600	0.464000	0.239200
1627302898.356273	-0.000600	-0.614500	0.759200	0.869300	0.532700	0.240700
1627302898.363307	-0.003300	-0.649200	0.759300	0.833000	0.588300	0.231800
1627302898.386874	-0.017600	-0.657000	0.764000	0.751400	0.646600	0.223300
1627302898.387803	-0.039200	-0.640600	0.776600	0.662600	0.719300	0.221700
1627302898.393517	-0.065400	-0.615400	0.800700	0.593500	0.837200	0.235800
1627302898.417819	-0.083100	-0.602900	0.827600	0.583800	0.957300	0.255300
1627302898.419069	-0.079100	-0.610200	0.840800	0.602400	1.062900	0.276400
1627302898.428886	-0.067400	-0.624000	0.851100	0.606400	1.149700	0.293200
1627302898.436412	-0.070800	-0.629200	0.868200	0.599900	1.228500	0.306000
1627302898.458077	-0.101200	-0.622900	0.889800	0.602100	1.318900	0.337500
1627302898.459019	-0.138100	-0.601400	0.909700	0.628000	1.444700	0.395200
1627302898.465794	-0.152700	-0.568100	0.935500	0.736800	1.637500	0.475000
