1627302975.675065	0.652300	-0.624400	0.415200	0.032300	-0.017500	0.007200
1627302975.675883	0.652600	-0.625600	0.418600	0.029200	-0.017800	0.005400
1627302975.676655	0.650100	-0.622400	0.421400	0.017000	-0.014500	-0.004100
1627302975.677290	0.647900	-0.622700	0.421500	-0.000700	-0.006200	-0.012300
1627302975.768557	0.647900	-0.622700	0.421500	-0.000700	-0.006200	-0.012300
1627302975.770651	0.052200	-0.197300	0.997800	0.728300	0.146200	-0.451800
1627302975.771084	0.058300	-0.173600	0.998200	0.578400	0.201200	-0.410600
1627302975.771496	0.044400	-0.118700	1.021700	0.565800	0.224700	-0.340000
1627302975.771909	0.025100	-0.116900	1.030900	0.677900	0.212200	-0.291200
1627302975.773694	0.012600	-0.113600	1.026200	0.819000	0.196300	-0.262500
1627302975.774143	-0.003300	-0.083100	1.031000	0.928700	0.191100	-0.259700
1627302975.774587	-0.000700	-0.075600	1.025600	1.090600	0.178000	-0.272200
1627302975.774986	0.022800	-0.095300	1.012500	1.186500	0.193200	-0.281400
1627302975.776759	0.047500	-0.104600	1.007200	1.139100	0.213100	-0.285400
1627302975.777203	0.073700	-0.082000	1.015400	1.087200	0.196600	-0.290300
1627302975.777695	0.083600	-0.071000	1.003100	1.031300	0.184100	-0.264900
1627302975.779372	0.089800	-0.076300	0.973800	0.929000	0.208200	-0.214200
1627302975.779774	0.090200	-0.093600	0.952600	0.793700	0.264100	-0.143300
1627302975.780198	0.097800	-0.108200	0.956200	0.662400	0.342600	-0.120400
1627302975.782733	0.099500	-0.099200	0.989400	0.553900	0.411600	-0.134800
1627302975.783169	0.119300	-0.102700	1.018700	0.511500	0.452800	-0.167200
1627302975.783611	0.158000	-0.084200	1.043200	0.386300	0.502000	-0.198000
1627302975.784099	0.177700	-0.100800	1.039600	0.275700	0.483700	-0.233500
1627302975.784515	0.184600	-0.091700	1.028700	0.086900	0.470300	-0.253000
1627302975.786630	0.161100	-0.067700	1.044200	-0.104900	0.462300	-0.241400
1627302975.787046	0.122200	-0.075300	1.054400	-0.170900	0.476400	-0.238300
1627302975.787456	0.099700	-0.052200	1.081400	-0.217300	0.545700	-0.228900
1627302975.787897	0.098000	-0.068000	1.099900	-0.168400	0.628200	-0.253900
1627302975.790068	0.094700	-0.083700	1.102500	-0.179100	0.696900	-0.272200
1627302975.790484	0.097500	-0.088700	1.109600	-0.226100	0.764100	-0.289000
1627302975.790940	0.087200	-0.071000	1.130500	-0.268900	0.808400	-0.297900
1627302975.791374	0.065700	-0.050000	1.149500	-0.191000	0.822700	-0.286000
1627302975.793108	0.038000	-0.061400	1.146600	-0.066400	0.842900	-0.279000
1627302975.793552	0.021100	-0.077800	1.139000	0.001700	0.931800	-0.297000
1627302975.793950	0.017600	-0.098100	1.105800	0.054600	0.994700	-0.315900
1627302975.796039	0.021400	-0.108800	1.087400	0.047500	1.057000	-0.326600
1627302975.796454	0.011700	-0.114700	1.079800	0.095800	1.069800	-0.351700
1627302975.796866	-0.003500	-0.106700	1.080000	0.126900	1.071300	-0.370000
1627302975.797309	-0.014900	-0.116200	1.062900	0.148300	1.073500	-0.360200
1627302975.799466	-0.018600	-0.141400	1.036700	0.094000	1.156300	-0.328400
1627302975.799870	-0.033200	-0.128500	1.037200	0.012400	1.187100	-0.341000
1627302975.800270	-0.034900	-0.123700	1.030200	0.033500	1.211500	-0.354100
1627302975.800719	-0.047500	-0.138500	1.020900	0.004500	1.236300	-0.373000
1627302975.803199	-0.048100	-0.127700	1.034500	-0.038600	1.232900	-0.393200
1627302975.803633	-0.062900	-0.111500	1.042400	-0.060000	1.148300	-0.432300
1627302975.804077	-0.090100	-0.121800	0.999900	-0.117700	1.167200	-0.420700
1627302975.804475	-0.095300	-0.093100	1.002600	-0.126300	1.208500	-0.416700
1627302975.806120	-0.096600	-0.113900	1.000900	-0.137300	1.219200	-0.414600
1627302975.806564	-0.116900	-0.100500	0.992200	-0.175700	1.213700	-0.434700
1627302975.806965	-0.132200	-0.080200	0.999600	-0.158900	1.233800	-0.436300
1627302975.807366	-0.145000	-0.073600	1.009500	-0.106400	1.261900	-0.428000
1627302975.809097	-0.151900	-0.080800	1.002700	-0.094800	1.330300	-0.427700
1627302975.809500	-0.138500	-0.069000	0.995700	-0.075300	1.346800	-0.451500
1627302975.809936	-0.154900	-0.082300	0.996500	0.006300	1.293100	-0.457900
1627302975.812186	-0.177900	-0.070400	0.995200	0.064900	1.253100	-0.460100
1627302975.812627	-0.233900	-0.053800	1.006700	0.109800	1.245700	-0.442100
1627302975.813044	-0.269800	-0.052100	1.011400	0.178300	1.266200	-0.395000
1627302975.813485	-0.287200	-0.063800	0.988900	0.287300	1.298000	-0.386800
1627302975.815575	-0.268200	-0.102400	0.932400	0.358500	1.307100	-0.421300
1627302975.816016	-0.280800	-0.124300	0.910200	0.324900	1.247300	-0.470800
1627302975.816430	-0.322600	-0.130000	0.881600	0.258300	1.187100	-0.479600
1627302975.816840	-0.382800	-0.134000	0.874900	0.132700	1.246700	-0.452400
1627302975.818955	-0.388400	-0.129600	0.881300	0.068900	1.374000	-0.433800
1627302975.819395	-0.392700	-0.123800	0.882000	0.043300	1.448900	-0.423700
1627302975.819807	-0.373800	-0.100800	0.882400	0.118700	1.470800	-0.434100
1627302975.820216	-0.373200	-0.111100	0.845600	0.170300	1.480000	-0.419200
1627302975.822330	-0.364400	-0.106800	0.819000	0.175800	1.482500	-0.418800
1627302975.822742	-0.373700	-0.101100	0.817300	0.169100	1.410700	-0.427700
1627302975.823171	-0.385300	-0.108000	0.804600	0.196900	1.354500	-0.389800
1627302975.823569	-0.401700	-0.108500	0.783600	0.213400	1.317800	-0.341900
1627302975.825718	-0.419400	-0.127600	0.749000	0.193500	1.269300	-0.297600
1627302975.826128	-0.433300	-0.140400	0.735500	0.185900	1.209100	-0.232500
1627302975.826582	-0.449200	-0.165600	0.718100	0.197800	1.145300	-0.191000
1627302975.828271	-0.459500	-0.214400	0.700000	0.206400	1.081700	-0.167200
1627302975.828716	-0.452000	-0.223900	0.690700	0.247900	0.995000	-0.162900
1627302975.829134	-0.444800	-0.205900	0.685400	0.314500	0.881700	-0.148500
1627302975.829572	-0.482400	-0.176500	0.665500	0.364000	0.735100	-0.101200
1627302975.831939	-0.536500	-0.192700	0.620800	0.324600	0.657200	-0.022400
1627302975.832359	-0.551900	-0.223800	0.583900	0.149800	0.700500	0.020700
1627302975.832840	-0.533000	-0.245400	0.595600	0.025500	0.706000	0.018800
1627302975.833255	-0.518800	-0.225200	0.599000	0.025500	0.585100	0.043600
1627302975.835496	-0.532700	-0.191000	0.589200	0.050600	0.443700	0.094600
1627302975.835908	-0.576000	-0.170300	0.586300	0.057000	0.341700	0.150500
1627302975.836342	-0.601000	-0.167000	0.588300	0.059100	0.297100	0.178900
1627302975.836761	-0.595500	-0.167600	0.594600	0.061300	0.272000	0.174300
1627302975.838443	-0.576500	-0.156600	0.605300	0.053300	0.217400	0.166700
1627302975.838854	-0.562900	-0.128700	0.621200	0.043600	0.134900	0.158100
1627302975.839267	-0.561500	-0.101400	0.639800	0.037800	0.078400	0.149000
1627302975.840523	-0.569300	-0.064600	0.767800	0.041700	-0.005000	0.067400
1627302975.840933	-0.554700	-0.054300	0.767500	0.011200	-0.034300	0.055800
1627302975.841346	-0.542500	-0.055200	0.764000	-0.043200	-0.074000	0.033200
1627302975.841787	-0.542200	-0.052000	0.763800	-0.103700	-0.104900	0.008800
1627302975.842208	-0.549600	-0.059700	0.766100	-0.150700	-0.133900	-0.002200
1627302975.842607	-0.566900	-0.062500	0.763200	-0.172100	-0.161100	-0.004700
1627302975.843008	-0.580100	-0.065400	0.766000	-0.184600	-0.166900	0.010000
1627302975.843408	-0.585700	-0.076700	0.773100	-0.199900	-0.156500	0.022800
1627302975.843809	-0.581700	-0.082200	0.784300	-0.218500	-0.140600	0.035000
1627302975.844209	-0.568600	-0.074300	0.798500	-0.231900	-0.131800	0.023100
1627302975.856511	-0.550900	-0.072000	0.805200	-0.251200	-0.125600	0.001100
1627302975.857410	-0.531700	-0.057300	0.806900	-0.257300	-0.136300	-0.030000
1627302975.867300	-0.520600	-0.050800	0.809200	-0.242900	-0.155000	-0.056900
1627302975.887876	-0.521700	-0.058100	0.814100	-0.194700	-0.174200	-0.058400
1627302975.888832	-0.535900	-0.068500	0.820400	-0.115300	-0.193100	-0.046500
1627302975.892131	-0.553100	-0.081300	0.834600	-0.024600	-0.208700	-0.024500
1627302975.902073	-0.562300	-0.094100	0.852400	0.049400	-0.228000	-0.011100
1627302975.927845	-0.557300	-0.105300	0.863400	0.124500	-0.245700	0.005700
1627302975.928743	-0.539700	-0.113900	0.870100	0.213100	-0.267700	0.021000
1627302975.933481	-0.523400	-0.108900	0.866100	0.303500	-0.300100	0.018500
1627302975.942175	-0.512800	-0.109700	0.862100	0.382300	-0.330600	0.003300
1627302975.968010	-0.504500	-0.103900	0.863800	0.437600	-0.341300	-0.017500
1627302975.968914	-0.499900	-0.112800	0.865400	0.459600	-0.327800	-0.025100
1627302975.970930	-0.495700	-0.121600	0.868500	0.474800	-0.312300	-0.012600
1627302975.986084	-0.490600	-0.148900	0.872200	0.473000	-0.311000	0.017300
1627302976.001412	-0.483800	-0.165200	0.871300	0.434500	-0.327200	0.040500
1627302976.017626	-0.472500	-0.174100	0.867200	0.378600	-0.347100	0.059800
1627302976.030280	-0.457900	-0.171500	0.854200	0.305900	-0.390500	0.067100
1627302976.031189	-0.454000	-0.157800	0.843600	0.233500	-0.426200	0.050600
1627302976.032003	-0.450100	-0.129800	0.827800	0.150200	-0.463800	0.012700
1627302976.042174	-0.446800	-0.096200	0.817400	0.072000	-0.476000	-0.028200
1627302976.067959	-0.433600	-0.081100	0.817300	0.036800	-0.487900	-0.045000
1627302976.068856	-0.433200	-0.067400	0.823400	-0.006800	-0.493100	-0.049600
1627302976.070995	-0.437000	-0.068600	0.832200	-0.023300	-0.495500	-0.045300
1627302976.101482	-0.445200	-0.070200	0.837600	-0.032200	-0.503500	-0.032200
1627302976.105270	-0.453900	-0.070800	0.845000	-0.022700	-0.505900	-0.013200
1627302976.106173	-0.463900	-0.066400	0.848100	0.003800	-0.521800	0.012100
1627302976.113473	-0.469600	-0.068700	0.855200	0.054900	-0.525200	0.044500
1627302976.142676	-0.457900	-0.073000	0.852400	0.106500	-0.528800	0.077200
1627302976.143657	-0.445100	-0.075000	0.854100	0.159000	-0.529100	0.101600
1627302976.144586	-0.437400	-0.076500	0.859700	0.217300	-0.525500	0.124200
1627302976.170264	-0.431400	-0.073900	0.861300	0.276600	-0.521800	0.130000
1627302976.170958	-0.432400	-0.067500	0.857300	0.328500	-0.529400	0.128800
1627302976.172271	-0.437100	-0.056000	0.855200	0.356300	-0.538000	0.120500
1627302976.190205	-0.451300	-0.045200	0.857300	0.363600	-0.557200	0.109900
1627302976.191108	-0.452800	-0.028800	0.856100	0.363600	-0.585600	0.095200
1627302976.202548	-0.431300	-0.021000	0.862700	0.338300	-0.579800	0.096100
1627302976.231728	-0.405800	-0.017100	0.870400	0.317800	-0.572500	0.099500
1627302976.232621	-0.397100	-0.013400	0.885700	0.293700	-0.563600	0.106500
1627302976.234601	-0.403200	-0.005400	0.901900	0.281500	-0.555100	0.106200
1627302976.244476	-0.418500	0.012900	0.918200	0.265600	-0.549000	0.082100
1627302976.270429	-0.431000	0.031500	0.935200	0.243000	-0.528200	0.065000
1627302976.271331	-0.412600	0.043600	0.939800	0.264700	-0.507100	0.063700
1627302976.272255	-0.373900	0.050700	0.938000	0.303200	-0.490600	0.070500
1627302976.280745	-0.338400	0.059300	0.948000	0.342000	-0.472600	0.075300
1627302976.307766	-0.330300	0.057300	0.981100	0.351700	-0.436300	0.060100
1627302976.308635	-0.343400	0.045800	1.011200	0.347200	-0.386500	0.056100
1627302976.310903	-0.368400	0.031100	1.043800	0.371900	-0.339800	0.060100
1627302976.348882	-0.403900	0.025800	1.062100	0.408900	-0.287200	0.061900
1627302976.349583	-0.406400	0.027000	1.056300	0.449800	-0.244500	0.071400
1627302976.350843	-0.384300	0.031900	1.045700	0.474500	-0.222200	0.077500
1627302976.352062	-0.350600	0.035900	1.028600	0.479400	-0.202600	0.082400
1627302976.367142	-0.330300	0.019200	1.034200	0.469300	-0.172700	0.090300
1627302976.383018	-0.340900	0.001200	1.040800	0.447600	-0.132700	0.092400
1627302976.401676	-0.361800	-0.012500	1.046800	0.420800	-0.067000	0.091500
1627302976.402663	-0.364700	-0.016000	1.041500	0.407300	-0.002900	0.094600
1627302976.404616	-0.351900	-0.012100	1.029300	0.381100	0.034100	0.109500
1627302976.442738	-0.342200	-0.005700	1.007800	0.347200	0.045700	0.124500
1627302976.443434	-0.325400	-0.001300	0.991600	0.308100	0.063400	0.146500
1627302976.444595	-0.303000	0.001600	0.984300	0.273200	0.082000	0.175200
1627302976.445789	-0.298800	-0.005600	0.983900	0.236300	0.093700	0.208200
1627302976.479205	-0.319100	-0.009600	0.988000	0.210000	0.115600	0.234500
1627302976.480109	-0.335700	-0.015000	0.992900	0.191400	0.146200	0.264100
1627302976.481067	-0.338600	-0.014400	0.988600	0.155300	0.178000	0.295600
1627302976.482346	-0.335900	-0.006000	0.978800	0.111700	0.197500	0.329500
1627302976.497865	-0.331400	0.005500	0.967800	0.093300	0.205400	0.351500
1627302976.521733	-0.320300	0.016800	0.954100	0.067100	0.212200	0.369500
1627302976.522636	-0.305900	0.027000	0.950700	0.036800	0.214000	0.388700
1627302976.523453	-0.310400	0.032800	0.949600	0.005700	0.206400	0.393600
1627302976.535808	-0.332500	0.035000	0.956100	-0.039500	0.212800	0.392400
1627302976.550882	-0.342300	0.037500	0.959000	-0.098500	0.247600	0.404900
1627302976.566736	-0.325800	0.038100	0.955600	-0.159300	0.262600	0.433900
1627302976.577870	-0.309200	0.046500	0.947500	-0.224900	0.241500	0.456500
1627302976.578827	-0.299600	0.062000	0.935800	-0.296700	0.195400	0.473300
1627302976.581117	-0.296800	0.076700	0.929100	-0.341000	0.156000	0.488300
1627302976.611606	-0.298100	0.088300	0.925300	-0.366600	0.124800	0.510900
1627302976.612507	-0.305700	0.088600	0.919600	-0.387400	0.094600	0.533500
1627302976.613318	-0.308800	0.081700	0.919700	-0.413700	0.081700	0.561600
1627302976.620852	-0.306300	0.072500	0.917400	-0.442400	0.062800	0.590900
1627302976.654014	-0.295700	0.072600	0.914300	-0.469900	0.024900	0.627900
1627302976.654917	-0.293000	0.074700	0.911400	-0.477500	-0.004400	0.667300
1627302976.655736	-0.289200	0.070600	0.902300	-0.471100	-0.042600	0.704800
1627302976.659725	-0.294800	0.053700	0.896100	-0.479000	-0.094200	0.739700
1627302976.674763	-0.313200	0.034300	0.900300	-0.509000	-0.128400	0.759800
1627302976.690712	-0.329300	0.017300	0.906600	-0.564600	-0.134500	0.779400
1627302976.709054	-0.315700	0.004900	0.910900	-0.640900	-0.130500	0.817500
1627302976.709965	-0.304200	0.005600	0.916100	-0.703200	-0.141800	0.843800
1627302976.711006	-0.296800	0.012000	0.920000	-0.757000	-0.162600	0.868900
1627302976.739019	-0.295200	0.031400	0.927400	-0.789400	-0.183100	0.904000
1627302976.739920	-0.289700	0.045000	0.925800	-0.782300	-0.204800	0.940900
1627302976.741075	-0.293500	0.057300	0.925400	-0.777100	-0.229800	0.971200
1627302976.750978	-0.296800	0.061900	0.927500	-0.775000	-0.239900	1.017900
1627302976.777911	-0.296900	0.053500	0.930400	-0.764300	-0.257000	1.071400
1627302976.778926	-0.306300	0.042200	0.930100	-0.746900	-0.284200	1.106800
1627302976.782436	-0.307500	0.041700	0.928200	-0.733800	-0.302200	1.141900
1627302976.815235	-0.293100	0.054100	0.931400	-0.739300	-0.321400	1.178600
1627302976.815935	-0.275300	0.063600	0.934900	-0.768300	-0.351100	1.220400
1627302976.819603	-0.271400	0.062400	0.927100	-0.804900	-0.406300	1.252800
1627302976.820628	-0.289800	0.065300	0.919700	-0.801000	-0.453100	1.245500
1627302976.836297	-0.313700	0.077500	0.924600	-0.780500	-0.465600	1.217700
1627302976.856539	-0.318100	0.095500	0.938700	-0.782600	-0.451500	1.197500
1627302976.857436	-0.294900	0.105600	0.946200	-0.794200	-0.463500	1.200600
1627302976.875381	-0.280400	0.105200	0.941500	-0.786600	-0.505600	1.208200
1627302976.876278	-0.274300	0.110100	0.934200	-0.781700	-0.555700	1.204200
1627302976.880736	-0.284200	0.114700	0.932600	-0.801300	-0.613700	1.186200
1627302976.889594	-0.307500	0.110500	0.929000	-0.792100	-0.650100	1.164200
1627302976.916501	-0.314000	0.105200	0.914800	-0.734100	-0.662300	1.137000
1627302976.917423	-0.294800	0.106000	0.899500	-0.668400	-0.671500	1.089400
1627302976.920890	-0.288900	0.111500	0.908100	-0.639700	-0.677900	1.033200
1627302976.929568	-0.287600	0.113400	0.934100	-0.628700	-0.666900	0.980600
1627302976.960351	-0.280900	0.104700	0.970900	-0.627500	-0.657700	0.942800
1627302976.961246	-0.286300	0.097300	0.984900	-0.596000	-0.668400	0.917400
1627302976.962277	-0.293100	0.086500	0.972900	-0.527600	-0.691300	0.898500
1627302976.969565	-0.292200	0.077500	0.953400	-0.454900	-0.697700	0.873400
1627302976.985040	-0.293100	0.068400	0.944700	-0.418900	-0.693800	0.844700
1627302977.010265	-0.292000	0.058100	0.949500	-0.392000	-0.681500	0.816000
1627302977.011163	-0.282300	0.053100	0.958600	-0.366300	-0.663200	0.775700
1627302977.012386	-0.274900	0.057500	0.969100	-0.371800	-0.638200	0.737200
1627302977.019526	-0.267800	0.060700	0.986000	-0.387100	-0.616800	0.698700
1627302977.046526	-0.272200	0.056300	0.985800	-0.367600	-0.598500	0.656900
1627302977.047435	-0.274500	0.056500	0.982700	-0.313500	-0.580400	0.629400
1627302977.050884	-0.269300	0.051000	0.973800	-0.254900	-0.554800	0.612000
1627302977.061112	-0.248900	0.049600	0.965000	-0.204500	-0.525200	0.605300
1627302977.089042	-0.236500	0.049300	0.962900	-0.178200	-0.503800	0.593700
1627302977.089941	-0.225200	0.052000	0.977300	-0.195900	-0.477500	0.576300
1627302977.093587	-0.212000	0.046900	0.986000	-0.216700	-0.450300	0.566200
1627302977.099580	-0.208000	0.040200	0.983900	-0.177000	-0.443600	0.547800
1627302977.130923	-0.202600	0.032200	0.978900	-0.116500	-0.431400	0.528600
1627302977.134127	-0.195300	0.024200	0.963500	-0.051100	-0.414600	0.502900
1627302977.135045	-0.186600	0.014200	0.952300	-0.004400	-0.406000	0.476100
1627302977.139667	-0.181800	0.012800	0.949700	0.013000	-0.399600	0.446400
1627302977.154656	-0.182400	0.019800	0.953200	0.007800	-0.386500	0.405500
1627302977.185749	-0.181200	0.018900	0.970200	-0.020000	-0.356600	0.368600
1627302977.189362	-0.181500	0.012700	0.969700	-0.007800	-0.348600	0.332500
1627302977.190272	-0.185800	0.008400	0.967000	0.025200	-0.345300	0.298000
1627302977.191086	-0.178300	0.001500	0.964100	0.053000	-0.336400	0.270200
1627302977.204626	-0.168100	-0.006600	0.959000	0.062800	-0.336400	0.247000
1627302977.219458	-0.158200	-0.006000	0.950700	0.051500	-0.345300	0.221300
1627302977.247744	-0.151600	-0.005400	0.946500	0.020000	-0.366300	0.185000
1627302977.248645	-0.155800	0.002300	0.940300	-0.002000	-0.387400	0.152900
1627302977.249826	-0.160000	0.007700	0.940100	-0.015700	-0.401100	0.124800
1627302977.250827	-0.161100	0.014900	0.941700	-0.031900	-0.422800	0.100400
1627302977.266749	-0.160400	0.017500	0.940100	-0.054500	-0.439600	0.086600
1627302977.282495	-0.152200	0.011700	0.933300	-0.070700	-0.447900	0.083600
1627302977.298528	-0.133800	0.008700	0.923300	-0.057500	-0.456100	0.078400
1627302977.300308	-0.121300	0.008300	0.917700	-0.032200	-0.457700	0.064000
1627302977.301211	-0.109300	0.015500	0.916100	-0.002000	-0.453400	0.035900
1627302977.308557	-0.100500	0.020400	0.920500	0.024600	-0.446000	-0.013500
1627302977.335112	-0.099100	0.025500	0.922000	0.035600	-0.444200	-0.051100
1627302977.335743	-0.093900	0.029300	0.925000	0.049100	-0.450600	-0.082300
1627302977.338338	-0.094000	0.031500	0.924900	0.065200	-0.478400	-0.111600
1627302977.349579	-0.093900	0.028700	0.926000	0.075000	-0.507400	-0.130800
1627302977.376847	-0.101100	0.025900	0.926900	0.066500	-0.523000	-0.157700
1627302977.377749	-0.109500	0.022200	0.932700	0.064000	-0.521200	-0.195000
1627302977.378563	-0.114400	0.017900	0.941300	0.065500	-0.506500	-0.226400
1627302977.409453	-0.113200	0.024400	0.948500	0.066200	-0.488800	-0.254500
1627302977.412647	-0.103100	0.030000	0.959600	0.064900	-0.476000	-0.287500
1627302977.413503	-0.091300	0.036100	0.966200	0.060000	-0.476300	-0.319000
1627302977.420907	-0.077500	0.044300	0.974600	0.042600	-0.488800	-0.349500
1627302977.446569	-0.061900	0.062300	0.985000	0.032900	-0.514800	-0.392900
1627302977.447464	-0.049800	0.086400	0.993400	0.069200	-0.553300	-0.442100
1627302977.448276	-0.035900	0.106200	1.002600	0.148600	-0.598200	-0.492200
1627302977.481911	-0.028300	0.127000	1.009400	0.268400	-0.665000	-0.543200
1627302977.482813	-0.026700	0.143800	1.012200	0.391700	-0.721900	-0.586200
1627302977.483625	-0.028000	0.155000	1.014600	0.518200	-0.769500	-0.623800
1627302977.490876	-0.028600	0.155200	1.012500	0.655600	-0.799700	-0.662900
1627302977.522312	-0.023400	0.153700	1.009200	0.800100	-0.796100	-0.711100
1627302977.538087	-0.009300	0.153200	1.015700	0.948600	-0.776200	-0.761200
1627302977.540233	0.007400	0.155500	1.016600	1.084500	-0.766800	-0.796400
1627302977.540934	0.022300	0.148800	1.008700	1.151700	-0.760300	-0.800300
1627302977.542235	0.033300	0.128800	0.994900	1.139100	-0.739600	-0.787800
1627302977.550843	0.048600	0.106100	0.986100	1.092100	-0.709000	-0.770700
1627302977.581915	0.069000	0.097200	0.988800	1.017000	-0.685500	-0.753300
1627302977.584234	0.082600	0.094700	0.989100	0.943700	-0.692200	-0.731900
1627302977.584950	0.093400	0.089800	0.978500	0.859400	-0.708700	-0.700800
1627302977.588247	0.094200	0.074500	0.963700	0.777200	-0.729800	-0.666200
1627302977.599663	0.093800	0.073600	0.953000	0.708200	-0.749300	-0.644000
1627302977.627668	0.089700	0.068600	0.940400	0.646500	-0.763700	-0.631700
1627302977.628557	0.090300	0.058800	0.929800	0.562200	-0.759400	-0.641800
1627302977.629503	0.098900	0.063700	0.934600	0.477600	-0.732500	-0.664100
1627302977.639620	0.112200	0.070600	0.951300	0.400900	-0.701100	-0.699800
1627302977.666597	0.130600	0.079300	0.978300	0.336500	-0.668400	-0.728600
1627302977.667501	0.147700	0.076400	0.995500	0.309900	-0.654000	-0.719400
1627302977.668309	0.160000	0.066500	0.998700	0.288200	-0.663500	-0.665900
1627302977.700007	0.172200	0.042700	0.978900	0.237200	-0.704100	-0.553800
1627302977.702388	0.177600	0.024700	0.941800	0.166300	-0.746300	-0.459200
1627302977.703130	0.181000	0.012600	0.899500	0.101600	-0.792400	-0.383400
1627302977.710813	0.178200	0.003400	0.863300	0.027700	-0.833900	-0.339700
1627302977.722203	0.180500	0.015400	0.858800	-0.045600	-0.836400	-0.349200
1627302977.744908	0.183100	0.038200	0.872400	-0.118000	-0.793600	-0.399300
1627302977.745726	0.190400	0.079100	0.907300	-0.184600	-0.693100	-0.477200
1627302977.748284	0.205900	0.113300	0.939200	-0.242300	-0.576800	-0.527600
1627302977.750991	0.225700	0.142000	0.970300	-0.290000	-0.480000	-0.552600
1627302977.775970	0.250200	0.168800	0.992800	-0.275300	-0.401500	-0.568500
1627302977.780856	0.265500	0.185500	1.014900	-0.198300	-0.374000	-0.578000
1627302977.781757	0.265400	0.193000	1.021100	-0.117400	-0.386500	-0.586500
1627302977.804930	0.255900	0.203500	1.029500	-0.068200	-0.380100	-0.600900
1627302977.808405	0.250700	0.204700	1.035900	-0.019100	-0.345900	-0.617400
1627302977.817187	0.243900	0.208100	1.043900	0.024600	-0.304000	-0.639400
1627302977.822054	0.258400	0.219400	1.052500	0.065200	-0.246300	-0.651600
1627302977.844978	0.272200	0.210900	1.041100	0.130000	-0.219400	-0.622300
1627302977.847191	0.279200	0.178200	1.016000	0.159900	-0.231600	-0.548000
1627302977.863578	0.284200	0.132000	0.967400	0.156900	-0.294600	-0.428300
1627302977.880657	0.279100	0.088900	0.919100	0.186800	-0.380100	-0.304600
1627302977.881549	0.266800	0.053800	0.893800	0.237800	-0.410000	-0.233100
1627302977.888322	0.252400	0.011500	0.902200	0.220700	-0.371200	-0.202300
1627302977.892636	0.232300	-0.014400	0.931200	0.108300	-0.278400	-0.219700
1627302977.916595	0.226400	-0.000500	0.965100	-0.041700	-0.178200	-0.243200
1627302977.917483	0.229600	0.027500	0.985400	-0.196500	-0.098800	-0.267700
1627302977.931153	0.240500	0.057700	0.995000	-0.310100	-0.057200	-0.313500
1627302977.954661	0.250500	0.086200	0.991100	-0.383700	-0.054500	-0.355300
1627302977.956150	0.254300	0.122300	0.982800	-0.455200	-0.061200	-0.381600
1627302977.965978	0.247400	0.163500	0.984400	-0.451900	-0.055400	-0.394400
1627302977.966872	0.243200	0.178100	0.979400	-0.365700	-0.045300	-0.391400
1627302977.987459	0.234000	0.176900	0.972400	-0.291500	-0.031300	-0.366900
1627302977.988276	0.226400	0.170800	0.972900	-0.265200	-0.001900	-0.335200
1627302977.995904	0.224100	0.171400	0.978400	-0.251500	0.031300	-0.325100
1627302978.009333	0.226800	0.171100	0.989900	-0.235900	0.072600	-0.319900
1627302978.031933	0.238500	0.180200	1.015400	-0.215100	0.127900	-0.323600
1627302978.033092	0.243500	0.192700	1.041400	-0.173300	0.170300	-0.340000
1627302978.035491	0.244400	0.197300	1.063000	-0.129300	0.209100	-0.352300
1627302978.053350	0.241800	0.194700	1.079500	-0.119900	0.273900	-0.345500
1627302978.075107	0.237300	0.187900	1.099900	-0.105500	0.329100	-0.333900
1627302978.077346	0.232100	0.180300	1.114900	-0.070400	0.381400	-0.329700
1627302978.078328	0.224000	0.176900	1.128500	-0.050500	0.441500	-0.339400
1627302978.093376	0.217300	0.183500	1.137600	-0.058800	0.500500	-0.369700
1627302978.094421	0.215600	0.192100	1.150600	-0.093600	0.566500	-0.410600
1627302978.118799	0.213600	0.202600	1.162200	-0.155900	0.645300	-0.463700
1627302978.119611	0.211500	0.212000	1.168800	-0.224900	0.716700	-0.509300
1627302978.127258	0.211400	0.227900	1.163200	-0.278400	0.775400	-0.547100
1627302978.137223	0.215900	0.241700	1.145800	-0.312600	0.820900	-0.586800
1627302978.138132	0.218500	0.249100	1.123400	-0.329700	0.844100	-0.612800
1627302978.162261	0.211300	0.246000	1.094500	-0.320500	0.848700	-0.626800
1627302978.177498	0.203100	0.230000	1.055900	-0.297000	0.856000	-0.630800
1627302978.182092	0.198000	0.197900	1.017900	-0.274100	0.850800	-0.631100
1627302978.183004	0.189500	0.170800	0.976100	-0.256100	0.832200	-0.616200
1627302978.204866	0.181300	0.132400	0.926100	-0.239900	0.783900	-0.588100
1627302978.205673	0.177000	0.106400	0.869900	-0.205100	0.712500	-0.549000
1627302978.211294	0.163100	0.074000	0.817500	-0.165100	0.645000	-0.506200
1627302978.229654	0.153600	0.038500	0.764200	-0.121400	0.615300	-0.457300
1627302978.241019	0.143100	0.001000	0.736100	-0.063700	0.610700	-0.405400
1627302978.241918	0.134900	-0.040300	0.717400	-0.037100	0.615000	-0.350700
1627302978.269973	0.127700	-0.076700	0.719000	-0.024900	0.636100	-0.302800
1627302978.270937	0.116600	-0.122600	0.733200	-0.023600	0.644300	-0.247200
1627302978.276019	0.099200	-0.140400	0.759500	-0.044700	0.651700	-0.209000
1627302978.288313	0.063400	-0.128900	0.808600	-0.055700	0.654400	-0.225800
1627302978.312278	0.023800	-0.086800	0.905400	0.038400	0.677300	-0.352600
1627302978.314584	0.013100	-0.035300	0.979600	0.163300	0.707300	-0.533400
1627302978.330168	0.023100	0.013300	1.012200	0.133000	0.726800	-0.693700
1627302978.332130	0.064100	0.072400	1.009300	-0.102100	0.687700	-0.781700
1627302978.346327	0.087000	0.107200	0.990100	-0.253300	0.582300	-0.764600
1627302978.347014	0.086400	0.116900	0.966900	-0.302200	0.445500	-0.699500
1627302978.357258	0.051500	0.103100	0.929100	-0.275300	0.276000	-0.607600
1627302978.361221	0.008900	0.054600	0.894700	-0.312300	0.183400	-0.529400
1627302978.375674	-0.025500	0.005500	0.886800	-0.463500	0.155700	-0.461000
1627302978.391085	-0.048200	0.005200	0.913600	-0.589300	0.215500	-0.399000
1627302978.393330	-0.041100	0.027200	0.959100	-0.521800	0.312300	-0.350400
1627302978.413750	-0.024800	0.041700	0.993800	-0.366600	0.384100	-0.295500
1627302978.417216	-0.010500	0.049100	0.998200	-0.158600	0.391100	-0.262500
1627302978.428255	-0.010500	0.055300	0.980800	-0.044100	0.356900	-0.274400
1627302978.432169	-0.024200	0.071700	0.981600	-0.008400	0.311100	-0.313200
1627302978.455931	-0.060300	0.087400	0.993500	-0.006800	0.327600	-0.372400
1627302978.459899	-0.074600	0.090000	1.010900	-0.028800	0.402100	-0.421900
1627302978.461226	-0.061900	0.090900	1.014200	-0.056000	0.468700	-0.457000
1627302978.488603	-0.037000	0.099100	1.004600	-0.049300	0.475700	-0.475400
1627302978.495371	-0.032000	0.098400	0.981800	-0.002300	0.426300	-0.461600
1627302978.496391	-0.040800	0.092000	0.959200	0.032900	0.376800	-0.430100
1627302978.503985	-0.060800	0.071200	0.941300	0.051200	0.358800	-0.404800
1627302978.524971	-0.067700	0.039100	0.935700	0.045100	0.377100	-0.404800
1627302978.527193	-0.059400	0.028100	0.947500	0.048700	0.385600	-0.424000
1627302978.532648	-0.053000	0.038500	0.949500	0.078700	0.355100	-0.436300
1627302978.553401	-0.063500	0.061800	0.938700	0.096700	0.308400	-0.435000
1627302978.560987	-0.077600	0.074600	0.925200	0.102800	0.286100	-0.435300
1627302978.561883	-0.090100	0.071700	0.918100	0.101900	0.289400	-0.439300
1627302978.576415	-0.094200	0.074800	0.922000	0.098200	0.298600	-0.454300
1627302978.588414	-0.101300	0.082000	0.927600	0.132400	0.292800	-0.478100
1627302978.591289	-0.113800	0.078600	0.929700	0.177600	0.288200	-0.491800
1627302978.615363	-0.127600	0.069800	0.926000	0.184700	0.307800	-0.486000
1627302978.616260	-0.132000	0.063000	0.923500	0.153200	0.334000	-0.478700
1627302978.627278	-0.124600	0.066400	0.927900	0.128800	0.344100	-0.481800
1627302978.630240	-0.113800	0.065200	0.934300	0.115900	0.324900	-0.494000
1627302978.655483	-0.104200	0.073200	0.941300	0.106500	0.295200	-0.509300
1627302978.667939	-0.099700	0.078900	0.951200	0.097600	0.263800	-0.518100
1627302978.668866	-0.098800	0.081200	0.964000	0.078100	0.241800	-0.515400
1627302978.670173	-0.108200	0.077800	0.973600	0.071000	0.236900	-0.512300
1627302978.693247	-0.117400	0.065600	0.976300	0.065200	0.245500	-0.521800
1627302978.707865	-0.115600	0.060700	0.976000	0.040200	0.252800	-0.548400
1627302978.708759	-0.106200	0.069700	0.969700	0.020000	0.244200	-0.569100
1627302978.712747	-0.106200	0.069700	0.969700	0.020000	0.244200	-0.569100
1627302978.737033	-0.095900	0.082000	0.959700	0.006600	0.212800	-0.589000
1627302978.749146	-0.095800	0.096100	0.946700	-0.013900	0.156900	-0.614600
1627302978.750036	-0.104500	0.104600	0.942300	-0.049300	0.129100	-0.630200
1627302978.756525	-0.121300	0.110000	0.947100	-0.067600	0.135200	-0.635400
1627302978.779381	-0.139400	0.110600	0.955700	-0.062100	0.171800	-0.625000
1627302978.780267	-0.149700	0.105200	0.954600	-0.035200	0.207900	-0.608500
1627302978.787258	-0.150400	0.101100	0.948100	-0.002900	0.229300	-0.599400
1627302978.797620	-0.146600	0.104900	0.939300	0.030400	0.223800	-0.600900
1627302978.820887	-0.142700	0.111900	0.934600	0.061000	0.205100	-0.603000
1627302978.825046	-0.141800	0.110400	0.937000	0.089100	0.184100	-0.600300
1627302978.825565	-0.149000	0.106800	0.945700	0.086900	0.183400	-0.589600
1627302978.838442	-0.160800	0.099400	0.952600	0.108300	0.198100	-0.573400
1627302978.842662	-0.173800	0.079300	0.958900	0.133400	0.221600	-0.546200
1627302978.864010	-0.182400	0.063700	0.954000	0.139200	0.253700	-0.505300
1627302978.866114	-0.179900	0.055900	0.952800	0.129700	0.280300	-0.476900
1627302978.872701	-0.178500	0.053000	0.952300	0.112300	0.284200	-0.463400
1627302978.884450	-0.169600	0.052000	0.953200	0.085100	0.267700	-0.459500
1627302978.900181	-0.163800	0.052900	0.951800	0.062800	0.237800	-0.462500
1627302978.901911	-0.166900	0.046800	0.948500	0.032600	0.210600	-0.469600
1627302978.925081	-0.180400	0.030500	0.947300	-0.027000	0.199000	-0.467400
1627302978.925890	-0.191200	0.014500	0.950400	-0.101800	0.216700	-0.455800
1627302978.935806	-0.197300	0.001100	0.959800	-0.147000	0.244200	-0.445400
1627302978.945887	-0.193000	-0.003800	0.970900	-0.182200	0.259500	-0.434700
1627302978.969850	-0.183600	0.008200	0.971700	-0.217300	0.253100	-0.436300
1627302978.972403	-0.175700	0.021700	0.966700	-0.237400	0.234200	-0.449100
1627302978.984065	-0.170400	0.033600	0.964700	-0.242300	0.209100	-0.462200
1627302978.984974	-0.174400	0.046600	0.969800	-0.224000	0.173700	-0.464700
1627302978.989047	-0.182100	0.047000	0.966100	-0.203500	0.140100	-0.444500
1627302979.012492	-0.193000	0.048000	0.949100	-0.187000	0.110800	-0.421900
1627302979.014585	-0.204700	0.044300	0.919700	-0.167200	0.084800	-0.403300
1627302979.030040	-0.206700	0.046600	0.899300	-0.141800	0.073800	-0.407500
1627302979.035729	-0.210200	0.044400	0.888700	-0.105500	0.068000	-0.421000
1627302979.056590	-0.216700	0.044300	0.895100	-0.062100	0.082400	-0.438400
1627302979.057401	-0.215300	0.047500	0.913100	-0.017200	0.104600	-0.448200
1627302979.063349	-0.212500	0.042800	0.927100	0.022200	0.121400	-0.451800
1627302979.068526	-0.209600	0.039900	0.930500	0.080200	0.129700	-0.453700
1627302979.091338	-0.203700	0.041400	0.923800	0.119900	0.122700	-0.456400
1627302979.094729	-0.197900	0.040200	0.911700	0.143400	0.098800	-0.460100
1627302979.107329	-0.194300	0.037000	0.905800	0.167900	0.066200	-0.468900
1627302979.110977	-0.204000	0.030800	0.908300	0.187400	0.035900	-0.476600
1627302979.132568	-0.215600	0.024200	0.908100	0.176100	0.014900	-0.475700
1627302979.134765	-0.224400	0.013500	0.906900	0.118400	0.013600	-0.469900
1627302979.145905	-0.228600	0.004900	0.907200	0.072600	0.019100	-0.468300
1627302979.149800	-0.229500	0.004400	0.911600	0.047800	0.020000	-0.473500
1627302979.174232	-0.229000	0.002600	0.922500	0.014200	0.007500	-0.472000
1627302979.175096	-0.227900	0.006700	0.927000	-0.024600	-0.006500	-0.469900
1627302979.185988	-0.226700	0.012700	0.936500	-0.054200	-0.018700	-0.472000
1627302979.192840	-0.222900	0.017300	0.942300	-0.088100	-0.034600	-0.476900
1627302979.213744	-0.226200	0.020100	0.950800	-0.123500	-0.041700	-0.477800
1627302979.214857	-0.230800	0.022100	0.965200	-0.138800	-0.036800	-0.470200
1627302979.221466	-0.240500	0.016000	0.978600	-0.121100	-0.032800	-0.445700
1627302979.234575	-0.243200	0.012600	0.983200	-0.112800	-0.030000	-0.410600
1627302979.249951	-0.243500	0.014000	0.978000	-0.115600	-0.031000	-0.380100
1627302979.253250	-0.236000	0.012900	0.969400	-0.106400	-0.024900	-0.357800
1627302979.273899	-0.223600	0.019700	0.961900	-0.102100	-0.023000	-0.350100
1627302979.274884	-0.226200	0.021000	0.966800	-0.096900	-0.018100	-0.352900
1627302979.285504	-0.226800	0.017800	0.978900	-0.075300	0.006600	-0.345900
1627302979.294550	-0.225500	0.007700	0.998400	-0.029100	0.040500	-0.331800
1627302979.319676	-0.225300	0.000100	1.009800	0.013900	0.053600	-0.311900
1627302979.320776	-0.225800	-0.007400	1.015700	0.048700	0.057300	-0.290900
1627302979.335842	-0.224500	-0.020800	1.014300	0.074100	0.050600	-0.260300
1627302979.336726	-0.218100	-0.031700	1.007200	0.100700	0.037500	-0.235900
1627302979.352668	-0.215000	-0.038800	1.002600	0.122400	0.023700	-0.221200
1627302979.353552	-0.214200	-0.041300	1.000500	0.146800	0.023700	-0.208400
1627302979.363336	-0.208700	-0.042200	0.999300	0.167300	0.028000	-0.197700
1627302979.368628	-0.205300	-0.046900	0.992300	0.186500	0.034700	-0.181500
1627302979.392830	-0.202800	-0.047900	0.981800	0.190500	0.039000	-0.160800
1627302979.393749	-0.199600	-0.045500	0.973500	0.181300	0.041400	-0.144900
1627302979.405929	-0.197500	-0.047400	0.969400	0.151700	0.043300	-0.128400
1627302979.410174	-0.190100	-0.043300	0.967800	0.108000	0.046300	-0.099700
1627302979.434316	-0.185700	-0.042800	0.970500	0.089100	0.042600	-0.084700
1627302979.435033	-0.183700	-0.037200	0.968800	0.087200	0.034400	-0.077700
1627302979.444610	-0.181300	-0.024400	0.963000	0.088500	0.029200	-0.068500
1627302979.448936	-0.181800	-0.017200	0.960600	0.096700	0.028600	-0.052300
1627302979.473243	-0.184900	-0.013200	0.957600	0.108600	0.031000	-0.035200
1627302979.474135	-0.189700	-0.005600	0.955100	0.133700	0.039300	-0.020000
1627302979.485992	-0.194300	-0.000200	0.957900	0.168800	0.057600	0.004800
1627302979.492627	-0.196900	-0.001300	0.964100	0.225000	0.074700	0.030400
1627302979.516545	-0.195700	-0.008200	0.966700	0.281500	0.081700	0.057300
1627302979.519694	-0.196800	-0.009600	0.966200	0.305000	0.070100	0.070100
1627302979.523448	-0.200700	-0.018200	0.970200	0.300400	0.070400	0.083900
1627302979.537163	-0.198400	-0.029100	0.969500	0.292800	0.075900	0.105300
1627302979.554455	-0.200200	-0.032100	0.966200	0.281200	0.076200	0.117800
1627302979.567280	-0.198600	-0.026500	0.963900	0.264700	0.085700	0.121800
1627302979.568315	-0.199100	-0.017900	0.969700	0.229000	0.094300	0.134300
1627302979.587261	-0.201000	-0.009800	0.979700	0.190200	0.103400	0.153200
1627302979.588388	-0.200600	-0.008400	0.985700	0.153500	0.111700	0.177400
1627302979.597730	-0.202900	-0.010000	0.986000	0.133000	0.124500	0.206100
1627302979.620779	-0.203900	-0.008200	0.986700	0.125100	0.134600	0.221900
1627302979.622214	-0.202600	0.005600	0.991800	0.141600	0.139800	0.218300
1627302979.636509	-0.195900	0.029100	1.004000	0.174600	0.154700	0.216800
1627302979.637202	-0.186300	0.044900	1.014200	0.217000	0.162700	0.233900
1627302979.641434	-0.183500	0.047000	1.001700	0.256700	0.146200	0.274800
1627302979.667978	-0.190600	0.036900	0.982100	0.298600	0.133100	0.328900
1627302979.668865	-0.202600	0.019700	0.966600	0.317200	0.135500	0.385700
1627302979.676072	-0.203700	0.008700	0.962000	0.312600	0.154100	0.426300
1627302979.686510	-0.201700	0.005200	0.965500	0.302000	0.164800	0.459300
1627302979.710450	-0.199600	0.002400	0.966400	0.282700	0.154400	0.486100
1627302979.711141	-0.201700	0.010900	0.956100	0.251600	0.139500	0.503900
1627302979.714527	-0.197400	0.020500	0.941400	0.223200	0.125400	0.528000
1627302979.731870	-0.191300	0.031900	0.926600	0.196000	0.110100	0.555200
1627302979.745336	-0.191300	0.039900	0.923300	0.177300	0.101900	0.576300
1627302979.746234	-0.196400	0.049100	0.924100	0.167900	0.097900	0.607100
1627302979.756170	-0.204300	0.046900	0.927000	0.189200	0.089100	0.658400
1627302979.761496	-0.207400	0.041000	0.926100	0.210600	0.077500	0.702700
1627302979.773441	-0.200100	0.032800	0.920500	0.226500	0.061000	0.745500
1627302979.788209	-0.191200	0.030300	0.913600	0.222500	0.034700	0.780000
1627302979.790896	-0.193100	0.027800	0.912800	0.206400	0.011800	0.803200
1627302979.813757	-0.195800	0.033000	0.913600	0.171800	-0.001000	0.820300
1627302979.816004	-0.193800	0.044800	0.922900	0.111700	-0.009900	0.841100
1627302979.827122	-0.193000	0.061600	0.927500	0.064000	-0.023900	0.860900
1627302979.833389	-0.190200	0.080600	0.929700	0.027400	-0.040700	0.879500
1627302979.853984	-0.188600	0.102900	0.931900	-0.002600	-0.063300	0.896000
1627302979.854799	-0.192700	0.120600	0.933700	-0.018800	-0.081400	0.907000
1627302979.862861	-0.197400	0.130700	0.937000	-0.022700	-0.093300	0.912800
1627302979.885386	-0.202000	0.141000	0.943800	-0.027600	-0.095700	0.920200
1627302979.886275	-0.197800	0.144000	0.948600	-0.034300	-0.092400	0.927800
1627302979.905838	-0.188200	0.141800	0.956800	-0.046900	-0.091700	0.938800
1627302979.906736	-0.184800	0.138300	0.964000	-0.074600	-0.093600	0.952200
1627302979.930078	-0.189900	0.125100	0.976200	-0.107000	-0.086600	0.968100
1627302979.930931	-0.194300	0.110600	0.982800	-0.127200	-0.075900	0.998400
1627302979.932145	-0.189900	0.093400	0.979000	-0.143100	-0.072500	1.032900
1627302979.947929	-0.181900	0.086300	0.970700	-0.147000	-0.072200	1.078100
1627302979.952079	-0.168200	0.077800	0.960800	-0.148600	-0.082300	1.114700
1627302979.977758	-0.162600	0.073900	0.952500	-0.172400	-0.106100	1.145900
1627302979.978690	-0.150400	0.069900	0.939300	-0.224000	-0.141200	1.181600
1627302979.983408	-0.137800	0.064100	0.919800	-0.260300	-0.191600	1.203900
1627302979.995881	-0.134200	0.064500	0.899900	-0.293900	-0.238000	1.203300
1627302979.996916	-0.130100	0.071300	0.889200	-0.344000	-0.271000	1.191100
1627302980.023268	-0.115500	0.076200	0.883500	-0.397800	-0.298500	1.188600
1627302980.037082	-0.106200	0.087000	0.891600	-0.464400	-0.333600	1.196000
1627302980.037986	-0.106000	0.101000	0.920200	-0.576800	-0.376400	1.215200
1627302980.061318	-0.098100	0.107700	0.944200	-0.679700	-0.414600	1.253100
1627302980.062634	-0.076700	0.109400	0.954000	-0.754500	-0.467700	1.308400
1627302980.063689	-0.057400	0.127100	0.970200	-0.808900	-0.548100	1.343200
1627302980.078608	-0.059400	0.140500	0.984100	-0.834300	-0.607600	1.343200
1627302980.080659	-0.076900	0.152200	0.985700	-0.833000	-0.646700	1.330400
1627302980.102690	-0.085900	0.172600	0.991800	-0.767400	-0.649500	1.309900
1627302980.103505	-0.081800	0.191300	1.013100	-0.705400	-0.628700	1.290700
1627302980.110881	-0.067500	0.206300	1.038500	-0.634500	-0.618000	1.287600
1627302980.123478	-0.053200	0.219200	1.062400	-0.549600	-0.625000	1.285500
1627302980.143881	-0.059800	0.225100	1.066300	-0.482100	-0.634200	1.278100
1627302980.144783	-0.075100	0.221100	1.057600	-0.403600	-0.624400	1.271700
1627302980.154883	-0.087400	0.210300	1.037400	-0.268000	-0.593600	1.258900
1627302980.161227	-0.091300	0.197400	1.027600	-0.150400	-0.551700	1.240600
1627302980.181707	-0.084000	0.181600	1.022900	-0.077400	-0.504700	1.220100
1627302980.182594	-0.074700	0.165300	1.022000	-0.026400	-0.460400	1.198400
1627302980.189010	-0.070700	0.146700	1.020600	-0.000100	-0.422500	1.172800
1627302980.212104	-0.075700	0.134300	1.020500	0.019100	-0.389200	1.140100
1627302980.227731	-0.079700	0.122900	1.015100	0.032600	-0.352000	1.114700
1627302980.231150	-0.078000	0.112800	1.004500	0.035300	-0.318400	1.097600
1627302980.241594	-0.068400	0.109400	0.999300	0.023700	-0.287200	1.083600
1627302980.242491	-0.050500	0.108000	0.990000	0.007200	-0.264000	1.071700
1627302980.251291	-0.034900	0.106600	0.979200	-0.021200	-0.242300	1.063100
1627302980.259199	-0.018300	0.108200	0.974200	-0.045000	-0.222800	1.055500
1627302980.281819	-0.004500	0.108400	0.967700	-0.063700	-0.211200	1.044200
1627302980.282703	0.007300	0.111700	0.963100	-0.080800	-0.206300	1.032300
1627302980.293626	0.017300	0.114500	0.958300	-0.101800	-0.206000	1.022500
1627302980.301548	0.026000	0.115200	0.953500	-0.122900	-0.213600	1.015200
1627302980.323844	0.034200	0.115600	0.945600	-0.148600	-0.225200	1.002900
1627302980.324675	0.037700	0.122100	0.943600	-0.163200	-0.235600	0.991300
1627302980.334785	0.040200	0.127200	0.942400	-0.166300	-0.250000	0.977300
1627302980.344779	0.042400	0.136000	0.941700	-0.158900	-0.263400	0.953500
1627302980.369221	0.046000	0.140900	0.942300	-0.148600	-0.268900	0.929900
1627302980.370080	0.046900	0.146200	0.941900	-0.132100	-0.271300	0.908300
1627302980.372521	0.047000	0.145800	0.944800	-0.104900	-0.276200	0.887200
1627302980.381926	0.046000	0.143600	0.944500	-0.075900	-0.277800	0.876200
1627302980.389585	0.046900	0.139800	0.948500	-0.043500	-0.275000	0.873700
1627302980.412483	0.047700	0.133700	0.958000	-0.002000	-0.278400	0.875900
1627302980.413406	0.051100	0.130000	0.965500	0.030400	-0.283300	0.884100
1627302980.426009	0.058700	0.124600	0.967000	0.055800	-0.290900	0.891200
1627302980.433432	0.074600	0.124100	0.971900	0.090000	-0.301000	0.897600
1627302980.453956	0.092700	0.128200	0.981400	0.137900	-0.317200	0.894200
1627302980.454851	0.109300	0.137600	0.995700	0.229600	-0.346800	0.882000
1627302980.460914	0.129300	0.148300	1.016500	0.390200	-0.411200	0.853000
1627302980.466118	0.136500	0.159500	1.028300	0.550300	-0.489100	0.828200
1627302980.490074	0.133500	0.169900	1.034400	0.704800	-0.565800	0.807200
1627302980.490887	0.117100	0.176300	1.020000	0.884400	-0.635100	0.805000
1627302980.502154	0.091700	0.159800	0.984600	0.992800	-0.642700	0.827600
1627302980.509782	0.074800	0.131700	0.949800	1.013900	-0.582900	0.863100
1627302980.531513	0.076700	0.094100	0.926000	0.966300	-0.476900	0.899100
1627302980.532404	0.092300	0.069500	0.934200	0.882600	-0.392900	0.923200
1627302980.542195	0.118700	0.072400	0.963900	0.816600	-0.349800	0.938800
1627302980.546118	0.142100	0.095900	1.008700	0.803800	-0.366300	0.964200
1627302980.571398	0.149500	0.126600	1.028400	0.823900	-0.443000	1.009700
1627302980.572340	0.142200	0.128400	1.007000	0.798000	-0.516300	1.077500
1627302980.577671	0.131200	0.114500	0.941300	0.664500	-0.549600	1.161200
1627302980.590924	0.128500	0.097900	0.877300	0.455900	-0.524200	1.216400
1627302980.606018	0.136800	0.093800	0.843800	0.291300	-0.487600	1.224400
1627302980.608296	0.151000	0.108300	0.844400	0.166300	-0.457700	1.199000
1627302980.628654	0.159400	0.126100	0.860600	0.104300	-0.450300	1.153800
1627302980.630966	0.156500	0.144300	0.877300	0.074100	-0.452200	1.123300
1627302980.645100	0.161600	0.160400	0.884800	0.021900	-0.430200	1.109200
1627302980.668118	0.174600	0.176600	0.891000	-0.035600	-0.374300	1.097900
1627302980.669011	0.191400	0.189700	0.904300	-0.030700	-0.335800	1.084500
1627302980.671032	0.201300	0.192000	0.918700	0.006900	-0.335800	1.075600
1627302980.681926	0.206200	0.194100	0.923600	0.027700	-0.361400	1.088200
1627302980.684366	0.202900	0.187000	0.916500	0.050300	-0.378500	1.109200
1627302980.708902	0.205100	0.181300	0.912600	0.071400	-0.379500	1.123300
1627302980.711068	0.210100	0.181800	0.917100	0.097300	-0.370600	1.140100
1627302980.726012	0.216600	0.177000	0.931500	0.153500	-0.374900	1.156600
1627302980.728350	0.215300	0.164400	0.943800	0.206000	-0.394700	1.190500
1627302980.752028	0.216100	0.143900	0.928500	0.214300	-0.425900	1.253700
1627302980.752950	0.214000	0.131100	0.900600	0.207300	-0.439000	1.284200
1627302980.760318	0.219400	0.118900	0.885500	0.176100	-0.441800	1.300100
1627302980.782202	0.238800	0.101800	0.864400	0.123000	-0.443300	1.308400
1627302980.783406	0.248900	0.091800	0.849500	0.071700	-0.456100	1.296200
1627302980.798929	0.256300	0.071900	0.845300	-0.049300	-0.472900	1.292500
1627302980.802082	0.273600	0.059800	0.848100	-0.248400	-0.465900	1.286700
1627302980.802975	0.288600	0.051900	0.860500	-0.376400	-0.445400	1.283600
1627302980.827440	0.303000	0.042500	0.880600	-0.457400	-0.429200	1.297100
1627302980.830755	0.322000	0.028600	0.903800	-0.549000	-0.406600	1.333100
1627302980.843583	0.338500	0.008300	0.925200	-0.620500	-0.396900	1.369200
1627302980.848402	0.354600	-0.007100	0.936800	-0.667800	-0.400800	1.395100
1627302980.873626	0.374900	-0.010700	0.951500	-0.741100	-0.434100	1.411000
1627302980.875837	0.385500	-0.020400	0.956500	-0.793900	-0.494000	1.407600
1627302980.879607	0.395000	-0.032300	0.943200	-0.855900	-0.559700	1.389900
1627302980.890812	0.399500	-0.052900	0.924800	-1.024500	-0.619800	1.379200
1627302980.912515	0.414100	-0.063600	0.914800	-1.210600	-0.655300	1.380800
1627302980.913333	0.421600	-0.056300	0.910600	-1.338500	-0.683400	1.384400
1627302980.924046	0.428500	-0.036300	0.903200	-1.383100	-0.719700	1.382600
1627302980.939487	0.446200	-0.039200	0.898300	-1.409100	-0.743800	1.364900
1627302980.951882	0.456500	-0.030600	0.901700	-1.450600	-0.780200	1.324300
1627302980.952785	0.459600	0.006000	0.906900	-1.449100	-0.827800	1.232300
1627302980.954272	0.462800	0.033100	0.910600	-1.375200	-0.890500	1.124200
1627302980.977153	0.454500	0.045400	0.908900	-1.277100	-0.947000	1.053900
1627302980.990391	0.444900	0.041300	0.906400	-1.147000	-0.992800	1.038100
1627302980.991283	0.435100	0.002200	0.885700	-1.053600	-1.056000	1.083900
1627302980.997702	0.421400	-0.039400	0.845600	-0.994300	-1.077700	1.128800
1627302981.023474	0.423500	-0.077400	0.822800	-0.900200	-1.069100	1.141600
1627302981.024535	0.424700	-0.101100	0.813600	-0.789100	-1.045300	1.097900
1627302981.039595	0.437100	-0.110500	0.819500	-0.731900	-1.015100	1.036500
1627302981.043377	0.448100	-0.107100	0.829200	-0.689800	-0.989100	0.964800
1627302981.061485	0.446300	-0.079700	0.840300	-0.638800	-0.947600	0.913800
1627302981.062488	0.515100	-0.139900	0.814300	-0.658600	-0.945400	0.865500
1627302981.072089	0.521900	-0.131000	0.804200	-0.709600	-0.947000	0.810500
1627302981.082093	0.561500	-0.137300	0.803500	-0.677000	-0.983600	0.744500
1627302981.105009	0.567700	-0.141400	0.793000	-0.652200	-1.028500	0.687100
1627302981.107242	0.569500	-0.149800	0.779400	-0.654100	-1.074000	0.642500
1627302981.110873	0.558200	-0.162000	0.769800	-0.702300	-1.118600	0.597600
1627302981.123454	0.537400	-0.171100	0.758300	-0.740800	-1.134800	0.555800
1627302981.124345	0.534100	-0.173600	0.772500	-0.783300	-1.137500	0.491300
1627302981.158154	0.523900	-0.161100	0.791300	-0.763100	-1.132700	0.396400
1627302981.159040	0.526100	-0.149700	0.809200	-0.728000	-1.125600	0.300100
1627302981.159850	0.536400	-0.137300	0.823600	-0.654100	-1.119200	0.218900
1627302981.169215	0.547400	-0.147600	0.832400	-0.596000	-1.103900	0.164200
1627302981.194161	0.551100	-0.157300	0.830600	-0.559400	-1.084100	0.112000
1627302981.195059	0.569300	-0.174200	0.841900	-0.536800	-1.080100	0.059500
1627302981.198483	0.561300	-0.193000	0.862300	-0.519100	-1.065800	-0.015400
1627302981.209784	0.546300	-0.195400	0.884600	-0.494000	-1.001300	-0.063000
1627302981.214660	0.537600	-0.214600	0.916000	-0.469600	-0.931400	-0.089900
1627302981.235935	0.529400	-0.226000	0.943600	-0.471700	-0.846500	-0.102400
1627302981.238467	0.543300	-0.242200	0.952300	-0.447900	-0.753900	-0.111300
1627302981.253468	0.559100	-0.263400	0.952800	-0.455800	-0.662900	-0.130500
1627302981.268469	0.572400	-0.280500	0.950800	-0.455500	-0.598200	-0.155000
1627302981.277778	0.575300	-0.291900	0.943200	-0.453100	-0.556600	-0.183100
1627302981.278676	0.572500	-0.313600	0.928200	-0.512000	-0.533700	-0.213000
1627302981.283654	0.568500	-0.336400	0.910500	-0.569100	-0.468000	-0.247800
1627302981.306766	0.578500	-0.353500	0.891100	-0.642400	-0.394400	-0.294800
1627302981.317910	0.597200	-0.356900	0.872200	-0.734400	-0.335200	-0.341600
1627302981.318830	0.605000	-0.345000	0.842900	-0.829400	-0.299100	-0.383400
1627302981.326416	0.599700	-0.338700	0.820200	-0.926800	-0.266100	-0.442400
1627302981.349515	0.599000	-0.331200	0.804700	-1.001600	-0.256400	-0.507100
1627302981.358447	0.605300	-0.323600	0.793700	-1.088700	-0.253000	-0.585300
1627302981.359341	0.597800	-0.297200	0.769700	-1.212700	-0.234400	-0.629000
1627302981.382262	0.593500	-0.270900	0.745600	-1.286000	-0.212100	-0.634800
1627302981.383387	0.591100	-0.239900	0.719000	-1.333900	-0.182500	-0.635400
1627302981.397892	0.587900	-0.219500	0.710100	-1.270700	-0.140900	-0.670800
1627302981.405939	0.587200	-0.198900	0.710800	-1.158900	-0.108500	-0.714800
1627302981.406859	0.580100	-0.182700	0.711700	-0.997400	-0.078600	-0.752400
1627302981.429461	0.582500	-0.180800	0.708100	-0.789100	-0.019700	-0.800600
1627302981.430533	0.600700	-0.172200	0.711500	-0.630200	0.040500	-0.845200
1627302981.440676	0.617700	-0.163300	0.709600	-0.453700	0.110500	-0.903600
1627302981.446093	0.630900	-0.160600	0.725200	-0.221900	0.209700	-0.971100
1627302981.469053	0.647500	-0.158400	0.737900	-0.050800	0.288500	-1.011400
1627302981.469864	0.650000	-0.168600	0.754800	0.100400	0.366400	-1.033700
1627302981.480946	0.649000	-0.181300	0.764200	0.236300	0.447600	-1.057500
1627302981.491023	0.654300	-0.192100	0.768200	0.332200	0.494100	-1.082600
1627302981.512099	0.657800	-0.202900	0.768400	0.409800	0.529500	-1.121600
1627302981.514667	0.661700	-0.215900	0.772600	0.486100	0.591200	-1.191000
1627302981.529054	0.661000	-0.222800	0.783000	0.536800	0.639200	-1.239900
1627302981.529793	0.655400	-0.231900	0.787600	0.549400	0.678600	-1.271600
1627302981.534073	0.660300	-0.232200	0.787500	0.533200	0.747300	-1.307400
1627302981.559731	0.669300	-0.231100	0.789200	0.524300	0.789700	-1.350700
1627302981.570433	0.691800	-0.223800	0.790900	0.491600	0.798300	-1.406600
1627302981.577218	0.693000	-0.193600	0.775300	0.456500	0.807400	-1.466500
1627302981.578133	0.690700	-0.186500	0.774800	0.414400	0.835500	-1.506800
1627302981.601187	0.687300	-0.179900	0.786100	0.379200	0.852000	-1.528500
1627302981.604688	0.680200	-0.168500	0.791500	0.360300	0.864900	-1.544400
1627302981.606478	0.654100	-0.170900	0.798100	0.353000	0.886200	-1.548600
1627302981.623587	0.647500	-0.164400	0.809400	0.304100	0.901800	-1.532800
1627302981.634626	0.636000	-0.177400	0.818000	0.196900	0.926000	-1.504700
1627302981.635510	0.624500	-0.161600	0.820200	0.174900	0.975700	-1.490000
1627302981.660151	0.630500	-0.147100	0.826400	0.197800	1.029800	-1.495800
1627302981.660972	0.643400	-0.126600	0.836500	0.198700	1.063400	-1.501300
1627302981.669778	0.630600	-0.119900	0.821700	0.125100	1.087500	-1.481800
1627302981.678379	0.633100	-0.095600	0.831300	0.100700	1.056100	-1.475300
1627302981.701201	0.604400	-0.099400	0.834600	0.128200	1.072300	-1.464600
1627302981.702171	0.578700	-0.103500	0.851700	0.131500	1.112300	-1.440500
1627302981.711052	0.571000	-0.087800	0.852300	0.115900	1.119300	-1.425900
1627302981.720896	0.573600	-0.075200	0.843400	0.101000	1.121400	-1.414300
1627302981.743037	0.597800	-0.053000	0.836100	0.126300	1.096100	-1.432600
1627302981.744580	0.599200	-0.048000	0.820400	0.089100	1.096100	-1.442400
1627302981.757829	0.604200	-0.035800	0.819200	0.031000	1.077500	-1.441100
1627302981.758343	0.600300	-0.027200	0.822100	-0.047200	1.042000	-1.437800
1627302981.766562	0.588000	-0.039100	0.813000	-0.080400	1.000500	-1.421900
1627302981.790422	0.570300	-0.026000	0.816200	-0.075300	0.986100	-1.425900
1627302981.791325	0.563600	-0.015700	0.816900	-0.152800	0.961100	-1.419100
1627302981.798508	0.553700	-0.008100	0.810200	-0.184300	0.938200	-1.387700
1627302981.809069	0.568000	-0.017500	0.816800	-0.230400	0.928700	-1.369700
1627302981.832611	0.582600	-0.017600	0.821400	-0.276500	0.894500	-1.350700
1627302981.835931	0.583400	-0.023400	0.829800	-0.374300	0.851100	-1.334800
1627302981.838461	0.577500	-0.000400	0.844000	-0.417000	0.790300	-1.297300
1627302981.853534	0.564500	-0.025100	0.846400	-0.464100	0.723100	-1.290900
1627302981.877797	0.532100	-0.026100	0.839400	-0.535500	0.678600	-1.279900
1627302981.878765	0.507200	-0.029200	0.846200	-0.604000	0.631200	-1.264600
1627302981.879820	0.470800	-0.028400	0.847500	-0.638800	0.598500	-1.239900
1627302981.895297	0.459700	-0.023300	0.853000	-0.596300	0.597300	-1.225800
1627302981.898389	0.494600	-0.028400	0.856700	-0.651900	0.548100	-1.229800
1627302981.921229	0.487900	-0.008800	0.837900	-0.707200	0.474800	-1.213600
1627302981.922176	0.486300	0.011200	0.832300	-0.665000	0.435400	-1.204700
1627302981.926467	0.474500	0.013700	0.824500	-0.663500	0.398200	-1.185800
1627302981.937181	0.476800	0.004600	0.831300	-0.697100	0.354800	-1.177200
1627302981.952473	0.452300	0.003200	0.826400	-0.718200	0.328200	-1.155200
1627302981.956181	0.443200	-0.012300	0.821200	-0.704100	0.301000	-1.153400
1627302981.977772	0.430100	-0.012300	0.814100	-0.703200	0.281200	-1.158900
1627302981.978660	0.424700	-0.003100	0.809600	-0.669900	0.265600	-1.182400
1627302981.985402	0.421600	0.011200	0.814700	-0.654100	0.229000	-1.188500
1627302982.007127	0.430100	0.024900	0.825300	-0.615600	0.209700	-1.203500
1627302982.019030	0.443600	0.043700	0.829500	-0.583800	0.166700	-1.193400
1627302982.020080	0.441500	0.049400	0.815800	-0.575900	0.125700	-1.188200
1627302982.024085	0.432000	0.049400	0.814700	-0.558100	0.094600	-1.185500
1627302982.047037	0.407700	0.030000	0.823600	-0.532800	0.057300	-1.160700
1627302982.059223	0.385900	0.013300	0.825100	-0.513900	0.049400	-1.146400
1627302982.060122	0.390500	0.006800	0.831800	-0.507100	0.059700	-1.140900
1627302982.066594	0.413300	0.001800	0.841100	-0.502900	0.064600	-1.136300
1627302982.090397	0.434900	0.008900	0.855800	-0.505000	0.015500	-1.142400
1627302982.097824	0.449300	0.012900	0.864900	-0.494300	-0.013900	-1.132000
1627302982.098542	0.451000	0.011400	0.873700	-0.455800	-0.061500	-1.133600
1627302982.107237	0.441800	0.001300	0.870000	-0.456100	-0.091700	-1.138800
1627302982.111489	0.430400	-0.010900	0.858200	-0.493100	-0.124400	-1.148500
1627302982.136640	0.407000	-0.019400	0.851000	-0.541700	-0.162300	-1.163200
1627302982.137536	0.392800	-0.013300	0.861000	-0.532800	-0.166300	-1.180300
1627302982.147424	0.385900	-0.002600	0.874100	-0.514200	-0.152500	-1.187000
1627302982.154133	0.409200	0.010700	0.885400	-0.481200	-0.139100	-1.167500
1627302982.170877	0.423200	0.008300	0.874300	-0.472600	-0.145200	-1.147600
1627302982.183334	0.429700	0.003800	0.858000	-0.493700	-0.150100	-1.137200
1627302982.184238	0.427400	-0.004300	0.856800	-0.491000	-0.158600	-1.128700
1627302982.209416	0.417400	-0.011500	0.870700	-0.470200	-0.159900	-1.134200
1627302982.210553	0.406000	-0.020000	0.875600	-0.474800	-0.149500	-1.161400
1627302982.220889	0.406700	-0.014200	0.872700	-0.498600	-0.145200	-1.187300
1627302982.224676	0.407000	-0.001000	0.866000	-0.512000	-0.171200	-1.183000
1627302982.246195	0.406600	0.002400	0.857400	-0.524200	-0.205400	-1.168100
1627302982.247730	0.402600	0.006200	0.861200	-0.522700	-0.224300	-1.161000
1627302982.252930	0.400100	0.008300	0.882200	-0.488800	-0.224000	-1.160700
1627302982.267207	0.403100	0.007800	0.903400	-0.433800	-0.206600	-1.165300
1627302982.282227	0.411300	-0.004200	0.908700	-0.413700	-0.195900	-1.155900
1627302982.283115	0.419800	-0.015300	0.895600	-0.443900	-0.199300	-1.147600
1627302982.304783	0.423200	-0.019300	0.884400	-0.468300	-0.204800	-1.141500
1627302982.307194	0.430100	-0.019200	0.884200	-0.490600	-0.200200	-1.133000
1627302982.320888	0.448500	-0.010700	0.889500	-0.515700	-0.183100	-1.123200
1627302982.321780	0.470800	-0.000500	0.898800	-0.519100	-0.173300	-1.104900
1627302982.343545	0.486100	0.009500	0.898600	-0.523000	-0.158600	-1.082600
1627302982.356834	0.491300	0.012300	0.908900	-0.513600	-0.144600	-1.059300
1627302982.357722	0.480000	0.011000	0.924700	-0.475400	-0.135100	-1.045600
1627302982.364156	0.468900	0.008800	0.928200	-0.460700	-0.118300	-1.028200
1627302982.386991	0.471400	0.008300	0.925200	-0.459500	-0.102100	-1.008000
1627302982.395256	0.479500	0.007700	0.916500	-0.445400	-0.085900	-0.990600
1627302982.396264	0.486200	0.005100	0.916000	-0.440900	-0.067300	-0.980800
1627302982.406559	0.484300	0.008400	0.912600	-0.441800	-0.044700	-0.968900
1627302982.430197	0.483300	0.015700	0.911100	-0.432000	-0.026100	-0.957900
1627302982.431052	0.481400	0.020800	0.910900	-0.404200	0.003200	-0.942700
1627302982.441136	0.483200	0.019000	0.918600	-0.352300	0.054600	-0.923400
1627302982.454152	0.486500	0.014400	0.930300	-0.328200	0.080800	-0.909100
1627302982.474511	0.484900	0.007700	0.925900	-0.319600	0.101300	-0.890100
1627302982.475396	0.479900	-0.004000	0.913700	-0.315900	0.121100	-0.860800
1627302982.477483	0.476100	-0.011700	0.896600	-0.335200	0.129400	-0.851300
1627302982.487305	0.473300	-0.014900	0.881700	-0.358100	0.129400	-0.853200
1627302982.495957	0.469100	-0.013200	0.871200	-0.379200	0.134900	-0.855900
1627302982.518137	0.464700	-0.011800	0.861200	-0.394400	0.154100	-0.852000
1627302982.519060	0.466900	-0.004600	0.861000	-0.403000	0.165400	-0.849500
1627302982.528362	0.465500	0.002700	0.858400	-0.402400	0.167600	-0.849500
1627302982.535193	0.459800	0.009600	0.849100	-0.406700	0.165700	-0.847100
1627302982.556840	0.451000	0.013300	0.845100	-0.390200	0.169100	-0.832400
1627302982.557737	0.450900	0.007400	0.832800	-0.344600	0.151100	-0.805800
1627302982.574448	0.463600	0.004300	0.822400	-0.341000	0.145600	-0.804000
1627302982.585298	0.466700	-0.010300	0.813600	-0.334000	0.115000	-0.806400
1627302982.585992	0.459600	-0.018700	0.815400	-0.347400	0.086900	-0.805500
1627302982.596126	0.443200	-0.019900	0.821000	-0.359600	0.057900	-0.796100
1627302982.602651	0.436000	-0.015700	0.829000	-0.371200	0.034400	-0.789000
1627302982.625414	0.433500	-0.009800	0.835600	-0.366300	0.007800	-0.779600
1627302982.626337	0.438700	0.001000	0.830700	-0.355000	-0.014200	-0.767000
1627302982.643405	0.441700	0.006300	0.824600	-0.343700	-0.038900	-0.753900
1627302982.667718	0.443100	0.005500	0.817900	-0.331500	-0.069100	-0.732800
1627302982.668546	0.443500	-0.003200	0.819600	-0.311400	-0.093000	-0.707800
1627302982.670057	0.445800	-0.010300	0.830600	-0.291800	-0.093900	-0.680600
1627302982.685180	0.455000	-0.010100	0.850600	-0.260300	-0.079800	-0.656500
1627302982.687167	0.453900	-0.007000	0.873300	-0.217600	-0.058500	-0.628100
1627302982.711349	0.453200	-0.006500	0.881200	-0.186400	-0.037100	-0.594500
1627302982.712165	0.455300	-0.017000	0.884200	-0.150700	-0.006500	-0.532500
1627302982.716007	0.471100	-0.048800	0.883500	-0.130800	0.027100	-0.457600
1627302982.730923	0.480700	-0.077500	0.881600	-0.135700	0.030400	-0.394100
1627302982.731808	0.475200	-0.109300	0.878300	-0.167800	0.021600	-0.323900
1627302982.754744	0.466900	-0.145000	0.871000	-0.239900	0.019700	-0.206300
1627302982.766635	0.470700	-0.176100	0.871700	-0.293300	0.015800	-0.088700
1627302982.767525	0.494600	-0.192300	0.868300	-0.316200	0.016100	0.049100
1627302982.776325	0.537800	-0.194300	0.878300	-0.296700	0.005100	0.208800
1627302982.798223	0.558200	-0.189200	0.881200	-0.273200	-0.029100	0.304400
1627302982.806667	0.562900	-0.188800	0.877100	-0.250900	-0.086600	0.398800
1627302982.807555	0.550500	-0.191300	0.871000	-0.204800	-0.167800	0.517600
1627302982.817354	0.531500	-0.186500	0.858800	-0.155600	-0.209900	0.610800
1627302982.820287	0.530600	-0.192600	0.863800	-0.090800	-0.229500	0.697800
1627302982.845500	0.536700	-0.202100	0.857900	-0.062400	-0.264000	0.794600
1627302982.846392	0.543100	-0.212600	0.840000	-0.086600	-0.290600	0.871000
1627302982.857540	0.553300	-0.213100	0.817600	-0.135700	-0.329400	0.920500
1627302982.858959	0.542000	-0.207800	0.806200	-0.184300	-0.362400	0.964800
1627302982.885126	0.531200	-0.201900	0.809400	-0.239000	-0.366300	0.980900
1627302982.885774	0.528200	-0.190700	0.807000	-0.291800	-0.368800	0.986400
1627302982.895732	0.543300	-0.176900	0.799200	-0.383400	-0.394100	1.011200
1627302982.902622	0.543300	-0.176900	0.799200	-0.383400	-0.394100	1.011200
1627302982.924532	0.561300	-0.159900	0.788600	-0.469900	-0.430200	1.027400
1627302982.933439	0.575100	-0.151600	0.770100	-0.538300	-0.465900	1.048100
1627302982.934349	0.575200	-0.144800	0.756200	-0.597500	-0.538300	1.062200
1627302982.949845	0.560500	-0.149900	0.742900	-0.646100	-0.589000	1.082700
1627302982.956226	0.549200	-0.150400	0.738000	-0.696800	-0.621700	1.091500
1627302982.968644	0.541300	-0.151400	0.739500	-0.691000	-0.659900	1.079000
1627302982.969551	0.538600	-0.157100	0.741300	-0.699300	-0.682500	1.062500
1627302982.992337	0.541700	-0.163300	0.733400	-0.718800	-0.706300	1.051500
1627302982.996057	0.555800	-0.176900	0.725500	-0.757000	-0.740200	1.043900
1627302983.010936	0.562500	-0.195700	0.722000	-0.788100	-0.793600	1.042600
1627302983.013422	0.563100	-0.194100	0.726200	-0.804000	-0.854100	1.021600
1627302983.037579	0.595500	-0.199000	0.712600	-0.794200	-0.930500	0.969600
1627302983.038389	0.605100	-0.179800	0.704600	-0.818400	-0.982100	0.910400
1627302983.050901	0.620500	-0.167400	0.703900	-0.836100	-1.071000	0.821500
1627302983.058752	0.638500	-0.149800	0.706500	-0.829700	-1.156500	0.753400
1627302983.079216	0.626300	-0.146700	0.708100	-0.804900	-1.289300	0.668200
1627302983.081108	0.615800	-0.145500	0.699300	-0.806800	-1.365100	0.631500
1627302983.095906	0.591800	-0.159400	0.698600	-0.784800	-1.438700	0.599800
1627302983.098241	0.557500	-0.179700	0.708700	-0.703800	-1.493700	0.591800
1627302983.099109	0.538000	-0.203200	0.715700	-0.596300	-1.504400	0.593000
1627302983.122880	0.554800	-0.236300	0.701000	-0.515100	-1.507400	0.567100
1627302983.124824	0.614400	-0.264600	0.679700	-0.471100	-1.525400	0.522200
1627302983.139623	0.634600	-0.281400	0.680200	-0.425300	-1.556600	0.481600
1627302983.143573	0.632000	-0.295200	0.678800	-0.410300	-1.583800	0.455000
1627302983.167630	0.635100	-0.310200	0.683300	-0.392300	-1.568500	0.451300
1627302983.168563	0.644400	-0.325400	0.685400	-0.368500	-1.553200	0.449800
1627302983.175680	0.643200	-0.352500	0.684100	-0.352900	-1.526400	0.462900
1627302983.188479	0.673200	-0.390000	0.678700	-0.373400	-1.498900	0.484600
1627302983.209715	0.686500	-0.385000	0.691900	-0.310100	-1.474400	0.497400
1627302983.211064	0.698500	-0.416000	0.681000	-0.277800	-1.486400	0.511200
1627302983.222887	0.711800	-0.432900	0.666000	-0.280500	-1.470200	0.511500
1627302983.223770	0.752000	-0.437000	0.656100	-0.257600	-1.466800	0.519100
1627302983.233109	0.777000	-0.427600	0.641800	-0.206900	-1.484500	0.507500
1627302983.254764	0.786600	-0.407100	0.609700	-0.206600	-1.514500	0.505700
1627302983.269730	0.803100	-0.402100	0.584500	-0.173900	-1.547100	0.502600
1627302983.272198	0.791300	-0.396600	0.571800	-0.135100	-1.540400	0.518500
1627302983.284433	0.805300	-0.409100	0.562100	-0.088400	-1.546200	0.553600
1627302983.285328	0.793500	-0.412800	0.542700	-0.039800	-1.528800	0.606500
1627302983.297221	0.790800	-0.434400	0.520800	-0.010200	-1.516300	0.652300
1627302983.300186	0.807900	-0.466600	0.494300	0.005700	-1.503100	0.681600
1627302983.323612	0.837000	-0.469000	0.481100	0.031900	-1.493100	0.689300
1627302983.324824	0.850100	-0.460900	0.470300	0.045700	-1.506800	0.675200
1627302983.340271	0.846600	-0.452100	0.464100	0.050600	-1.515700	0.685600
1627302983.344576	0.836300	-0.442700	0.454200	0.080200	-1.517800	0.710900
1627302983.367744	0.818400	-0.443200	0.448100	0.128200	-1.509300	0.732600
1627302983.368696	0.796400	-0.445100	0.458000	0.193800	-1.461000	0.767800
1627302983.373494	0.775400	-0.460800	0.456300	0.267100	-1.385900	0.819400
1627302983.387253	0.807000	-0.461400	0.449200	0.277800	-1.329100	0.840100
1627302983.388169	0.837600	-0.454000	0.434100	0.339200	-1.279900	0.840100
1627302983.410923	0.877400	-0.437100	0.427000	0.423500	-1.244400	0.826100
1627302983.413378	0.880200	-0.432600	0.412000	0.448900	-1.239900	0.798300
1627302983.428363	0.879200	-0.412700	0.412600	0.478200	-1.235000	0.773300
1627302983.431203	0.855600	-0.397300	0.413300	0.546900	-1.232800	0.739000
1627302983.453970	0.859600	-0.393200	0.419700	0.626300	-1.219700	0.709700
1627302983.454780	0.855600	-0.383700	0.425700	0.746700	-1.228000	0.707600
1627302983.463464	0.824600	-0.397900	0.409500	0.843500	-1.249000	0.735400
1627302983.474728	0.786600	-0.449200	0.391400	0.782100	-1.262800	0.773300
1627302983.497384	0.769700	-0.477200	0.376100	0.689900	-1.239000	0.778400
1627302983.498508	0.767300	-0.468300	0.364300	0.662700	-1.150700	0.730800
1627302983.514389	0.795800	-0.452000	0.373200	0.696300	-1.067000	0.668800
1627302983.520893	0.804400	-0.428300	0.374300	0.680100	-1.025500	0.616900
1627302983.521790	0.825200	-0.401200	0.379400	0.674600	-0.984800	0.566200
1627302983.540887	0.831500	-0.376600	0.390700	0.734700	-0.950300	0.495300
1627302983.543672	0.819600	-0.351300	0.402500	0.859700	-0.917300	0.434200
1627302983.554818	0.781400	-0.347900	0.416600	0.939100	-0.866000	0.419300
1627302983.572908	0.760500	-0.364600	0.426000	0.991000	-0.792700	0.440300
1627302983.573796	0.750400	-0.377800	0.435400	1.050900	-0.679700	0.446700
1627302983.584835	0.780400	-0.377700	0.453000	1.106800	-0.562400	0.441200
1627302983.591614	0.808000	-0.387600	0.465300	1.142200	-0.494000	0.404900
1627302983.612588	0.819000	-0.388200	0.471700	1.177300	-0.448800	0.350500
1627302983.614801	0.843800	-0.393400	0.479900	1.260700	-0.435400	0.280900
1627302983.620185	0.852100	-0.372900	0.474900	1.378000	-0.465600	0.195100
1627302983.641101	0.831200	-0.355000	0.456800	1.444300	-0.526100	0.126000
1627302983.648729	0.805400	-0.339200	0.432500	1.420100	-0.573100	0.067700
1627302983.649627	0.781200	-0.331900	0.414200	1.376800	-0.585300	0.027100
1627302983.665009	0.775800	-0.330300	0.405000	1.354500	-0.567900	-0.003500
1627302983.677476	0.782100	-0.334600	0.404400	1.390800	-0.537400	-0.042900
1627302983.679118	0.781100	-0.344600	0.409300	1.459500	-0.526400	-0.073700
1627302983.702985	0.783400	-0.350800	0.415300	1.484000	-0.493700	-0.083200
1627302983.703868	0.790000	-0.350800	0.423600	1.539600	-0.483300	-0.111000
1627302983.714747	0.805200	-0.347300	0.425200	1.539600	-0.439300	-0.151300
1627302983.719170	0.824600	-0.345500	0.429200	1.544500	-0.374000	-0.185500
1627302983.742816	0.853000	-0.353500	0.445100	1.606800	-0.313500	-0.222500
1627302983.750707	0.873500	-0.369900	0.450700	1.658400	-0.283600	-0.261600
1627302983.751243	0.883300	-0.370200	0.451300	1.651000	-0.279300	-0.289700
1627302983.773156	0.893400	-0.374100	0.458000	1.657200	-0.288100	-0.311300
1627302983.774650	0.889400	-0.381000	0.471300	1.729800	-0.318100	-0.333300
1627302983.783170	0.866800	-0.391100	0.465100	1.765300	-0.345600	-0.348000
1627302983.793595	0.850000	-0.393100	0.452800	1.721000	-0.347700	-0.348900
1627302983.816089	0.840800	-0.417800	0.436200	1.535900	-0.291500	-0.328400
1627302983.822050	0.858300	-0.406700	0.429100	1.389900	-0.241700	-0.338200
1627302983.823194	0.870000	-0.395600	0.428700	1.255200	-0.178200	-0.379400
1627302983.835849	0.886200	-0.375700	0.443100	1.088400	-0.086900	-0.439600
1627302983.836745	0.894900	-0.354100	0.460000	1.045700	-0.046200	-0.486300
1627302983.862648	0.897100	-0.351600	0.486000	1.060300	-0.039200	-0.509300
1627302983.873010	0.871500	-0.373000	0.491500	0.962900	-0.061800	-0.487300
1627302983.873905	0.842400	-0.372300	0.486500	0.811100	-0.061500	-0.446300
1627302983.881638	0.831800	-0.375000	0.477500	0.602800	-0.026100	-0.403000
1627302983.905875	0.836500	-0.355800	0.470900	0.316900	0.042300	-0.389200
1627302983.907072	0.859000	-0.330200	0.459100	0.154700	0.073500	-0.416400
1627302983.922790	0.873400	-0.312700	0.455900	0.104300	0.111400	-0.455200
1627302983.927344	0.898800	-0.311500	0.447400	0.138200	0.044200	-0.486000
1627302983.946251	0.892500	-0.304100	0.443500	0.207900	-0.076800	-0.483600
1627302983.949917	0.866000	-0.278700	0.414800	0.206700	-0.182800	-0.442100
1627302983.953587	0.840000	-0.255000	0.377100	0.152900	-0.238400	-0.366600
1627302983.965978	0.827100	-0.257600	0.351900	0.030100	-0.206000	-0.286900
1627302983.982876	0.850000	-0.248900	0.353500	-0.034900	-0.166900	-0.245700
1627302983.983764	0.871500	-0.241500	0.350600	-0.009900	-0.137300	-0.237700
1627302983.995483	0.893600	-0.229600	0.358200	0.027700	-0.124400	-0.241100
1627302984.019723	0.906500	-0.214700	0.365600	0.074100	-0.149800	-0.251200
1627302984.024189	0.902300	-0.198100	0.361200	0.114100	-0.216400	-0.257600
1627302984.025074	0.886600	-0.186500	0.362300	0.137900	-0.285400	-0.256700
1627302984.033583	0.880500	-0.172200	0.364300	0.169400	-0.341600	-0.249000
1627302984.040270	0.881300	-0.162400	0.363300	0.216400	-0.382500	-0.239300
1627302984.061817	0.896900	-0.164600	0.367700	0.245400	-0.394700	-0.201100
1627302984.062822	0.909700	-0.194000	0.357200	0.260100	-0.397200	-0.168400
1627302984.076088	0.925200	-0.229000	0.364000	0.266800	-0.390800	-0.110700
1627302984.080573	0.928300	-0.249500	0.391800	0.361200	-0.415500	-0.027900
1627302984.102804	0.918900	-0.254800	0.408300	0.582600	-0.489400	0.046900
1627302984.103655	0.900400	-0.273100	0.390400	0.791600	-0.578600	0.097900
1627302984.113115	0.890500	-0.285300	0.357400	0.932400	-0.651300	0.116900
1627302984.122567	0.893100	-0.294800	0.342400	0.967800	-0.683400	0.126700
1627302984.145980	0.888300	-0.298300	0.345500	0.957100	-0.667200	0.143500
1627302984.147120	0.897700	-0.306300	0.376500	0.916500	-0.599400	0.185600
1627302984.153387	0.907500	-0.308300	0.396700	0.831600	-0.544100	0.207300
1627302984.168687	0.918600	-0.290000	0.410000	0.717000	-0.485800	0.189300
1627302984.170990	0.939500	-0.252900	0.418900	0.581700	-0.442700	0.141300
1627302984.191324	0.950200	-0.231000	0.412700	0.468400	-0.422500	0.127000
1627302984.194786	0.955100	-0.224200	0.404200	0.391700	-0.431700	0.127300
1627302984.203509	0.938500	-0.214200	0.396000	0.312900	-0.465300	0.141600
1627302984.211060	0.908300	-0.207600	0.394800	0.284800	-0.480600	0.172500
1627302984.229556	0.884600	-0.209400	0.395300	0.265900	-0.466800	0.215200
1627302984.232070	0.866500	-0.211500	0.394700	0.261000	-0.438100	0.265000
1627302984.243399	0.874800	-0.208100	0.396900	0.272600	-0.399000	0.293700
1627302984.248333	0.883100	-0.209400	0.385000	0.292200	-0.359000	0.312400
1627302984.272540	0.913200	-0.204500	0.387800	0.363600	-0.315600	0.316300
1627302984.278364	0.921400	-0.198000	0.393700	0.446100	-0.310400	0.327600
1627302984.279257	0.913200	-0.202800	0.406000	0.522500	-0.289100	0.363700
1627302984.302711	0.887000	-0.226100	0.418000	0.565800	-0.239000	0.439100
1627302984.303522	0.869900	-0.247700	0.423300	0.575900	-0.175100	0.529500
1627302984.317877	0.880100	-0.269900	0.422000	0.592700	-0.128700	0.590300
1627302984.328381	0.899500	-0.294900	0.413900	0.612900	-0.085900	0.630900
1627302984.340653	0.919200	-0.319800	0.418800	0.604000	-0.033400	0.685900
1627302984.341552	0.933700	-0.336900	0.428300	0.574100	0.005700	0.746400
1627302984.347954	0.929100	-0.351700	0.433200	0.531600	0.039000	0.819700
1627302984.370794	0.918000	-0.365000	0.441400	0.472100	0.068600	0.882900
1627302984.382953	0.911300	-0.381700	0.434700	0.368200	0.110800	0.919300
1627302984.383838	0.931300	-0.383400	0.434900	0.270500	0.180100	0.937000
1627302984.391615	0.957400	-0.392300	0.437400	0.152300	0.237200	0.940600
1627302984.413408	0.976900	-0.386100	0.445700	0.030400	0.286100	0.938200
1627302984.424369	0.977800	-0.376500	0.451500	-0.131200	0.338000	0.932400
1627302984.425264	0.970000	-0.367300	0.459200	-0.318700	0.404000	0.925700
1627302984.431613	0.958100	-0.368900	0.464200	-0.459800	0.463500	0.926300
1627302984.452366	0.928600	-0.366600	0.476200	-0.500400	0.559400	0.936400
1627302984.453596	0.926500	-0.359500	0.494300	-0.445700	0.666900	0.964800
1627302984.468909	0.914600	-0.353800	0.489300	-0.423500	0.695400	0.981900
1627302984.474743	0.906600	-0.339100	0.476800	-0.452200	0.710900	0.981900
1627302984.497427	0.910900	-0.347900	0.483300	-0.556000	0.742100	0.972400
1627302984.498435	0.930900	-0.360400	0.496600	-0.618000	0.725000	0.950700
1627302984.513958	0.916500	-0.364400	0.496200	-0.589600	0.712500	0.919300
1627302984.517152	0.892100	-0.350800	0.501500	-0.531000	0.741500	0.896000
1627302984.518048	0.874800	-0.350600	0.496200	-0.506800	0.780000	0.904000
1627302984.541098	0.867400	-0.357800	0.486300	-0.494300	0.838600	0.928400
1627302984.542454	0.866700	-0.376000	0.485700	-0.463800	0.923800	0.960800
1627302984.550077	0.869600	-0.383800	0.486000	-0.439900	0.994400	0.988000
1627302984.573338	0.862800	-0.403000	0.489100	-0.391100	1.055200	1.012400
1627302984.581818	0.845200	-0.439800	0.498200	-0.328200	1.114100	1.046600
1627302984.582961	0.827300	-0.459100	0.501200	-0.275000	1.126600	1.063700
1627302984.592358	0.810500	-0.460700	0.502200	-0.265800	1.132700	1.058500
1627302984.626327	0.788200	-0.450400	0.505000	-0.310400	1.148300	1.006600
1627302984.627145	0.780400	-0.450300	0.499900	-0.364500	1.181600	0.965100
1627302984.628457	0.769400	-0.460300	0.506200	-0.383400	1.213700	0.945200
1627302984.635895	0.742100	-0.479700	0.540300	-0.370000	1.264400	0.933900
1627302984.636783	0.716400	-0.501600	0.556200	-0.413400	1.309000	0.922900
1627302984.659013	0.706900	-0.505400	0.562000	-0.510200	1.331000	0.897300
1627302984.665959	0.696500	-0.494100	0.573200	-0.607600	1.374900	0.854800
1627302984.668731	0.690100	-0.486900	0.582200	-0.708700	1.421100	0.816300
1627302984.683427	0.682300	-0.471800	0.575200	-0.789400	1.444600	0.788800
1627302984.698475	0.675200	-0.444800	0.576300	-0.882500	1.415300	0.741800
1627302984.715124	0.658100	-0.408400	0.568600	-0.979600	1.362700	0.676700
1627302984.716244	0.658800	-0.379500	0.564500	-1.031300	1.335800	0.618100
1627302984.726195	0.657300	-0.338500	0.563000	-0.999200	1.316900	0.558500
1627302984.735980	0.624100	-0.307600	0.564000	-0.877900	1.307400	0.528900
1627302984.761485	0.587300	-0.308800	0.580300	-0.731000	1.361500	0.523400
1627302984.762487	0.551100	-0.323400	0.602800	-0.522700	1.420800	0.543900
1627302984.763830	0.527500	-0.346200	0.627100	-0.227100	1.468700	0.564600
1627302984.778466	0.540400	-0.359300	0.637000	0.015200	1.523700	0.515500
1627302984.779356	0.571700	-0.351700	0.640000	0.343800	1.537100	0.409800
1627302984.803742	0.563800	-0.352900	0.624500	0.735700	1.502000	0.254000
1627302984.806128	0.537200	-0.391700	0.603100	0.811100	1.469300	0.173700
1627302984.814819	0.493400	-0.405400	0.597700	0.786700	1.483400	0.152300
1627302984.823510	0.443200	-0.428500	0.632400	0.838600	1.579300	0.127300
1627302984.845183	0.446300	-0.433100	0.676000	0.893300	1.699900	0.093400
1627302984.846013	0.473000	-0.414700	0.715300	0.979700	1.797700	0.044200
1627302984.852388	0.511100	-0.389000	0.737500	1.113500	1.809600	-0.064200
1627302984.858691	0.512700	-0.350700	0.746700	1.199900	1.781800	-0.177600
1627302984.885031	0.493400	-0.336100	0.760100	1.306800	1.740800	-0.285400
1627302984.889809	0.443000	-0.338100	0.774900	1.406700	1.737500	-0.387400
1627302984.890890	0.418500	-0.330700	0.798200	1.505100	1.800100	-0.452400
1627302984.901016	0.417000	-0.335100	0.822900	1.591800	1.855100	-0.512600
1627302984.922661	0.420700	-0.336400	0.840100	1.652900	1.887200	-0.577400
1627302984.924690	0.429700	-0.328900	0.849600	1.683100	1.886500	-0.640900
1627302984.934522	0.442100	-0.311000	0.856600	1.756100	1.882000	-0.718200
1627302984.940031	0.449200	-0.317700	0.863800	1.841300	1.862100	-0.839700
1627302984.966768	0.443600	-0.319800	0.886000	1.841900	1.850500	-0.943000
1627302984.967668	0.419700	-0.317000	0.911400	1.860000	1.831300	-1.003400
1627302984.971032	0.407100	-0.321200	0.932000	1.852000	1.805000	-1.033400
1627302984.981008	0.411500	-0.308600	0.941000	1.846800	1.746300	-1.057200
1627302984.983705	0.415900	-0.317100	0.927000	1.808700	1.689200	-1.086800
1627302985.005126	0.411600	-0.300300	0.915500	1.738400	1.630000	-1.140600
1627302985.011599	0.386000	-0.277700	0.916100	1.727400	1.601600	-1.195600
1627302985.032205	0.369100	-0.263700	0.922200	1.744200	1.586000	-1.229800
1627302985.046579	0.357700	-0.263400	0.946800	1.778700	1.590000	-1.272800
1627302985.047017	0.343000	-0.245100	0.963700	1.806200	1.540500	-1.296700
1627302985.048850	0.347500	-0.260100	0.964400	1.820900	1.509600	-1.306400
1627302985.072451	0.341100	-0.255000	0.960900	1.776300	1.459500	-1.315300
1627302985.080756	0.328700	-0.248200	0.956200	1.741800	1.443100	-1.304000
1627302985.081890	0.322400	-0.279900	0.952300	1.625100	1.454400	-1.305200
1627302985.091712	0.322600	-0.290000	0.960100	1.481500	1.415300	-1.308300
1627302985.116724	0.299300	-0.310500	0.971400	1.287900	1.378000	-1.284800
1627302985.117607	0.275400	-0.305900	0.985600	1.139800	1.315400	-1.258500
1627302985.121123	0.248700	-0.299100	0.982200	0.973300	1.263500	-1.218800
1627302985.135302	0.232200	-0.262500	0.968800	0.792800	1.237200	-1.183000
1627302985.153578	0.222200	-0.253800	0.950400	0.672100	1.197200	-1.148800
1627302985.154962	0.215700	-0.248200	0.938800	0.507500	1.173100	-1.113100
1627302985.169072	0.196400	-0.248200	0.929300	0.277200	1.146800	-1.048300
1627302985.169982	0.181600	-0.234700	0.925900	0.076500	1.122300	-1.006800
1627302985.174116	0.170800	-0.227500	0.931500	-0.089900	1.115300	-0.962200
1627302985.200152	0.142900	-0.210900	0.932000	-0.244500	1.100100	-0.904200
1627302985.200758	0.122300	-0.172900	0.934100	-0.343100	1.106500	-0.863600
1627302985.209917	0.122600	-0.158000	0.934300	-0.371800	1.107700	-0.819300
1627302985.215306	0.118900	-0.128900	0.930100	-0.387100	1.096100	-0.775000
1627302985.240097	0.115800	-0.103600	0.934200	-0.420100	1.065500	-0.746600
1627302985.241512	0.112200	-0.105500	0.922700	-0.415800	1.028600	-0.743500
1627302985.250961	0.090700	-0.087000	0.917500	-0.443600	0.949500	-0.754200
1627302985.260014	0.060900	-0.072300	0.910000	-0.440900	0.951000	-0.726100
1627302985.286347	0.064100	-0.061300	0.912700	-0.423100	0.939400	-0.720300
1627302985.287171	0.058800	-0.062100	0.913200	-0.378600	0.955000	-0.724000
1627302985.290963	0.056400	-0.040600	0.924800	-0.355300	0.945200	-0.734400
1627302985.302161	0.039100	-0.046300	0.919200	-0.300400	0.913700	-0.734100
1627302985.323842	0.031500	-0.057600	0.916500	-0.289700	0.890500	-0.723100
1627302985.324971	0.017700	-0.036400	0.920400	-0.246900	0.862400	-0.691900
1627302985.335403	-0.001800	-0.047600	0.923600	-0.180900	0.846500	-0.660800
1627302985.359692	-0.003400	-0.069200	0.924800	-0.118600	0.852700	-0.642100
1627302985.360931	-0.013300	-0.080300	0.929000	-0.067300	0.865200	-0.630500
1627302985.362398	-0.006500	-0.078400	0.933600	-0.030400	0.857800	-0.638500
1627302985.377751	-0.003400	-0.091400	0.944100	0.000500	0.834900	-0.679100
1627302985.380753	0.002300	-0.086200	0.955200	0.013600	0.789400	-0.704700
1627302985.403482	-0.012600	-0.087000	0.955400	0.050900	0.754600	-0.724300
1627302985.404646	-0.023100	-0.097700	0.961300	0.132100	0.722800	-0.723400
1627302985.419807	-0.037200	-0.111800	0.957500	0.165700	0.697500	-0.716600
1627302985.427319	-0.037000	-0.118800	0.956500	0.180100	0.681300	-0.709000
1627302985.428240	-0.034300	-0.118200	0.957800	0.201500	0.645300	-0.697100
1627302985.448997	-0.031400	-0.123500	0.949100	0.247600	0.602500	-0.678200
1627302985.451230	-0.035600	-0.121900	0.948200	0.285800	0.561000	-0.667500
1627302985.462153	-0.050800	-0.121900	0.943600	0.331000	0.519100	-0.659800
1627302985.469480	-0.072000	-0.130700	0.944600	0.359400	0.487000	-0.655600
1627302985.491985	-0.076300	-0.131700	0.937700	0.366100	0.469900	-0.629000
1627302985.493169	-0.075300	-0.136600	0.938800	0.366700	0.445500	-0.591700
1627302985.503410	-0.087300	-0.142000	0.938500	0.330700	0.429600	-0.549000
1627302985.511053	-0.091900	-0.137200	0.946900	0.305900	0.403100	-0.511700
1627302985.530376	-0.095100	-0.141400	0.937400	0.288500	0.382600	-0.461300
1627302985.531252	-0.080600	-0.146400	0.931300	0.249400	0.334600	-0.399600
1627302985.543850	-0.074800	-0.141400	0.926300	0.200900	0.309000	-0.358700
1627302985.549902	-0.059000	-0.152100	0.927700	0.155300	0.254600	-0.304900
1627302985.569084	-0.083300	-0.154700	0.932900	0.117500	0.193200	-0.256100
1627302985.569982	-0.106100	-0.158100	0.951000	0.068600	0.155700	-0.224300
1627302985.577941	-0.117800	-0.160500	0.958700	0.020000	0.122400	-0.199500
1627302985.599604	-0.119900	-0.152300	0.958900	-0.012600	0.101900	-0.169000
1627302985.601031	-0.112900	-0.137700	0.957000	-0.039200	0.088200	-0.144600
1627302985.616412	-0.103800	-0.123800	0.950600	-0.053300	0.064900	-0.115900
1627302985.620942	-0.100800	-0.098900	0.944000	-0.039800	0.032300	-0.093600
1627302985.643953	-0.106200	-0.081800	0.950100	-0.004400	0.025800	-0.088700
1627302985.646137	-0.109900	-0.067400	0.962600	0.029800	0.010600	-0.081000
1627302985.648517	-0.126500	-0.064300	0.970800	0.083600	-0.005900	-0.067600
1627302985.663219	-0.130000	-0.066900	0.976600	0.151400	-0.001000	-0.039200
1627302985.671472	-0.130500	-0.088900	0.976300	0.193500	-0.006200	0.005700
