1627302975.674121	0.217500	-0.584400	-0.788500	0.058100	-0.000300	0.030900
1627302975.677917	0.215000	-0.606400	-0.802900	0.051700	0.021700	0.047000
1627302975.678538	0.225000	-0.590300	-0.792800	-0.010000	0.015300	0.030500
1627302975.679165	0.220200	-0.579600	-0.790500	0.004300	0.009800	0.016800
1627302975.679785	0.223300	-0.588500	-0.800400	-0.007600	0.013800	0.011300
1627302975.680370	0.225300	-0.581700	-0.795400	-0.014000	0.005500	0.004000
1627302975.680914	0.219200	-0.584400	-0.796000	-0.011800	0.006400	0.011600
1627302975.681458	0.224600	-0.581800	-0.801400	-0.030200	0.006400	0.014400
1627302975.682000	0.221800	-0.567600	-0.799700	-0.030200	0.005500	0.009800
1627302975.682546	0.222700	-0.555500	-0.807000	-0.027400	0.009200	0.007300
1627302975.683091	0.226300	-0.550500	-0.801000	-0.003000	0.011600	0.007300
1627302975.683580	0.229200	-0.563400	-0.796000	0.029700	0.007700	0.008900
1627302975.684063	0.223900	-0.581200	-0.800300	0.047700	0.003700	0.002100
1627302975.684546	0.218000	-0.589600	-0.799200	0.040400	0.008300	0.002800
1627302975.685040	0.219000	-0.582600	-0.797500	0.031200	0.018400	0.003400
1627302975.685530	0.220900	-0.576000	-0.798500	0.031500	0.022900	-0.002400
1627302975.685975	0.222800	-0.570300	-0.802100	0.044100	0.020500	-0.006700
1627302975.686418	0.221600	-0.573700	-0.795500	0.061800	0.021700	-0.015600
1627302975.686854	0.228500	-0.579800	-0.803800	0.066300	0.015300	-0.014300
1627302975.687272	0.221200	-0.577400	-0.799800	0.076100	0.013800	-0.004300
1627302975.687712	0.228300	-0.586800	-0.796800	0.086500	0.009200	-0.005500
1627302975.688110	0.227400	-0.593600	-0.789400	0.081000	0.001600	0.000300
1627302975.688551	0.220100	-0.606200	-0.782100	0.039500	0.000900	-0.008500
1627302975.688950	0.216200	-0.625100	-0.780000	0.006800	0.014400	-0.013100
1627302975.689346	0.226600	-0.614400	-0.788300	-0.056700	0.027800	0.000900
1627302975.689784	0.222800	-0.578100	-0.789600	-0.087000	0.032100	0.008600
1627302975.690185	0.236500	-0.560300	-0.797200	-0.075100	0.028100	0.001800
1627302975.690581	0.235700	-0.544300	-0.804800	-0.046100	0.010400	0.004600
1627302975.691011	0.231300	-0.548800	-0.805300	0.004300	0.002800	0.016500
1627302975.691409	0.226400	-0.560700	-0.803100	0.039200	-0.001200	0.020200
1627302975.691806	0.226100	-0.569700	-0.800000	0.061200	-0.003300	0.020500
1627302975.692245	0.221900	-0.580100	-0.797100	0.072500	-0.004600	0.019900
1627302975.692648	0.222000	-0.593800	-0.793500	0.068800	-0.004600	0.014400
1627302975.693090	0.220100	-0.598900	-0.793900	0.041600	0.002800	0.007600
1627302975.693485	0.223000	-0.593400	-0.792000	0.023000	0.008300	0.001500
1627302975.693905	0.224700	-0.582300	-0.793000	0.014700	0.008300	-0.000300
1627302975.694362	0.228100	-0.578700	-0.793700	0.022100	0.007700	0.000000
1627302975.694761	0.225600	-0.584700	-0.793000	0.026600	0.005200	0.001800
1627302975.695157	0.227800	-0.585200	-0.792400	0.022100	0.004600	0.004900
1627302975.695598	0.224900	-0.584800	-0.791400	0.018400	0.004300	0.007900
1627302975.695996	0.223300	-0.586400	-0.792700	0.007700	0.008000	0.008600
1627302975.696392	0.227800	-0.581300	-0.793300	0.001000	0.007400	0.006700
1627302975.696832	0.229900	-0.578600	-0.790500	0.006500	-0.000900	0.005200
1627302975.697230	0.226700	-0.584100	-0.792000	0.009200	-0.006700	0.004000
1627302975.697652	0.226400	-0.586100	-0.792500	0.003100	-0.011000	0.003100
1627302975.698070	0.225600	-0.584700	-0.790000	-0.001200	-0.013100	-0.000600
1627302975.698473	0.225300	-0.586200	-0.793000	-0.005100	-0.011900	0.001800
1627302975.698915	0.226100	-0.585800	-0.793200	-0.013100	-0.011000	0.003700
1627302975.699314	0.225700	-0.585000	-0.792600	-0.015800	-0.010000	0.005800
1627302975.699713	0.224500	-0.584800	-0.794100	-0.019800	-0.011300	0.008900
1627302975.700158	0.224400	-0.584500	-0.791000	-0.022800	-0.011000	0.010100
1627302975.700556	0.225500	-0.584200	-0.792800	-0.026500	-0.014300	0.008600
1627302975.700954	0.224000	-0.582400	-0.794200	-0.027100	-0.015900	0.007300
1627302975.701385	0.221900	-0.580000	-0.796900	-0.023400	-0.014000	0.006100
1627302975.701782	0.220300	-0.578400	-0.798100	-0.014600	-0.010000	0.004000
1627302975.702177	0.221600	-0.577300	-0.799700	-0.004800	-0.006400	0.001500
1627302975.702618	0.219700	-0.576700	-0.798300	0.002200	-0.005500	-0.000600
1627302975.703016	0.222500	-0.580400	-0.798800	0.006800	-0.001800	0.000000
1627302975.703457	0.222300	-0.579500	-0.794700	0.008600	0.000000	0.001200
1627302975.703855	0.222800	-0.579600	-0.794100	0.013500	0.001900	-0.001200
1627302975.704252	0.224100	-0.580600	-0.792000	0.014700	0.001300	-0.000300
1627302975.704693	0.225500	-0.585000	-0.792000	0.011400	-0.000300	0.000300
1627302975.705087	0.224700	-0.587500	-0.791600	0.005600	-0.002700	-0.001200
1627302975.705483	0.224600	-0.586700	-0.791600	-0.002700	-0.005800	-0.002100
1627302975.705913	0.223900	-0.583900	-0.792700	-0.007600	-0.007900	-0.004600
1627302975.706313	0.225300	-0.584000	-0.791700	-0.010900	-0.011600	-0.005800
1627302975.706711	0.223800	-0.586300	-0.789700	-0.018000	-0.014900	-0.007900
1627302975.707157	0.225300	-0.585200	-0.793000	-0.026500	-0.015900	-0.010700
1627302975.707652	0.221200	-0.582400	-0.797700	-0.029900	-0.019200	-0.012200
1627302975.708148	0.221100	-0.580000	-0.798600	-0.030500	-0.017400	-0.016800
1627302975.708673	0.224900	-0.574600	-0.798600	-0.022500	-0.020400	-0.018300
1627302975.709164	0.221400	-0.578500	-0.798500	-0.008500	-0.020400	-0.019500
1627302975.709640	0.220000	-0.581800	-0.802600	0.001000	-0.015200	-0.017100
1627302975.710070	0.216700	-0.582000	-0.805100	0.009200	-0.004200	-0.017100
1627302975.710482	0.214500	-0.581200	-0.804600	0.024200	0.011300	-0.022600
1627302975.710937	0.218600	-0.577600	-0.808100	0.036100	0.023900	-0.026900
1627302975.711388	0.214000	-0.575800	-0.808500	0.060900	0.037000	-0.030800
1627302975.711839	0.213300	-0.573600	-0.813700	0.085900	0.053800	-0.035400
1627302975.712292	0.211400	-0.572800	-0.814900	0.121000	0.070600	-0.040600
1627302975.712747	0.208000	-0.568200	-0.814900	0.160100	0.093800	-0.049500
1627302975.713200	0.210000	-0.565100	-0.820100	0.208400	0.120700	-0.056200
1627302975.713658	0.210100	-0.564200	-0.823200	0.277400	0.152700	-0.060500
1627302975.714107	0.201200	-0.561900	-0.815300	0.340000	0.169500	-0.056800
1627302975.714559	0.148300	-0.566800	-0.825200	0.403500	0.157300	0.019200
1627302975.715010	0.282300	-0.600500	-0.812600	0.467100	0.288700	-0.064700
1627302975.715459	0.233900	-0.568200	-0.818100	0.500400	0.224800	-0.055600
1627302975.715921	0.180400	-0.566300	-0.802600	0.596000	0.229100	-0.002100
1627302975.716372	0.250600	-0.603100	-0.802100	0.686100	0.297200	-0.032100
1627302975.716828	0.220000	-0.622800	-0.832000	0.760600	0.289000	0.001800
1627302975.717452	0.193100	-0.631300	-0.878900	0.854700	0.313400	0.065400
1627302975.717908	0.195800	-0.613000	-0.906600	0.955500	0.360700	0.121900
1627302975.718360	0.183200	-0.553600	-0.844000	1.073700	0.436800	0.146300
1627302975.718867	0.221300	-0.455700	-0.745500	1.260300	0.623700	0.085800
1627302975.719303	0.316200	-0.441800	-0.826800	1.589200	0.673500	0.051900
1627302975.719742	0.296400	-0.516200	-0.778700	1.963400	0.604800	-0.001200
1627302975.720155	0.291700	-0.663800	-0.733600	2.181200	0.570600	-0.035400
1627302975.720566	0.294800	-0.821200	-0.737100	2.115500	0.504900	-0.037600
1627302975.721002	0.319000	-0.959800	-0.765600	1.833000	0.413600	-0.026300
1627302975.721411	0.309300	-1.033300	-0.779500	1.409000	0.280400	0.010700
1627302975.721820	0.302700	-1.068200	-0.774800	1.039200	0.153700	0.096500
1627302975.722269	0.278600	-1.144300	-0.768100	0.741000	0.028400	0.183000
1627302975.722667	0.207000	-1.195100	-0.760700	0.439600	-0.109600	0.357700
1627302975.723065	0.128100	-1.172500	-0.790400	0.095400	-0.203400	0.438000
1627302975.723509	0.164600	-1.100100	-0.778100	-0.247900	-0.257100	0.438300
1627302975.723915	0.149200	-0.999400	-0.774400	-0.435500	-0.360400	0.516500
1627302975.724328	0.152700	-0.922400	-0.781100	-0.372300	-0.422100	0.629200
1627302975.724746	0.159300	-0.892900	-0.786100	-0.204900	-0.512200	0.743100
1627302975.725144	0.146600	-0.887900	-0.787000	0.016900	-0.597400	0.844500
1627302975.725579	0.137100	-0.905300	-0.781000	0.294500	-0.680800	0.961200
1627302975.726003	0.135400	-0.939000	-0.773900	0.454200	-0.745200	1.048300
1627302975.726427	0.122600	-0.968000	-0.768100	0.526300	-0.803000	1.124300
1627302975.726937	0.112800	-0.975700	-0.755400	0.528800	-0.854000	1.187200
1627302975.727568	0.095300	-0.962500	-0.740200	0.482000	-0.891200	1.230000
1627302975.728236	0.079100	-0.930400	-0.717700	0.435900	-0.920200	1.255600
1627302975.729157	0.052200	-0.886500	-0.691500	0.411500	-0.937300	1.266000
1627302975.729863	0.033900	-0.851000	-0.662400	0.451800	-0.943800	1.256900
1627302975.730414	0.019200	-0.837900	-0.653100	0.512300	-0.944400	1.240100
1627302975.730986	0.009000	-0.841800	-0.647800	0.574000	-0.936100	1.221100
1627302975.731480	0.004900	-0.855700	-0.644700	0.624400	-0.928200	1.203100
1627302975.732088	0.000700	-0.870200	-0.645800	0.653700	-0.929400	1.192700
1627302975.732615	-0.007700	-0.880000	-0.643700	0.665300	-0.945300	1.196100
1627302975.733040	-0.020000	-0.877100	-0.629400	0.668400	-0.975200	1.191500
1627302975.733513	-0.032500	-0.860200	-0.604000	0.657700	-1.006400	1.165500
1627302975.733930	-0.039600	-0.842300	-0.591600	0.670200	-1.024400	1.131300
1627302975.734343	-0.052500	-0.826700	-0.584400	0.705000	-1.022600	1.094400
1627302975.734787	-0.064900	-0.817100	-0.574200	0.768500	-1.010600	1.051000
1627302975.735274	-0.073000	-0.816500	-0.560400	0.856800	-1.009100	1.007000
1627302975.735762	-0.071400	-0.821500	-0.540500	0.951200	-1.024700	0.969800
1627302975.736232	-0.063100	-0.821200	-0.524000	1.064200	-1.056200	0.938000
1627302975.736693	-0.063000	-0.810300	-0.507400	1.187900	-1.091300	0.923600
1627302975.737156	-0.076300	-0.789700	-0.490100	1.318300	-1.114500	0.916300
1627302975.737570	-0.096900	-0.768600	-0.469000	1.485400	-1.123700	0.902300
1627302975.737986	-0.113900	-0.749900	-0.444000	1.696100	-1.132800	0.880000
1627302975.738434	-0.127200	-0.743300	-0.413500	1.934400	-1.146900	0.854300
1627302975.738851	-0.123700	-0.749900	-0.390000	2.174100	-1.160900	0.829600
1627302975.739264	-0.106300	-0.772800	-0.365000	2.418200	-1.183800	0.807000
1627302975.739711	-0.091100	-0.792500	-0.346800	2.578200	-1.218600	0.797500
1627302975.740123	-0.088400	-0.807700	-0.331500	2.673500	-1.255000	0.787100
1627302975.740535	-0.098600	-0.816500	-0.303800	2.713500	-1.295600	0.770300
1627302975.740980	-0.104200	-0.817600	-0.277300	2.701900	-1.328000	0.750100
1627302975.741400	-0.100200	-0.814100	-0.254200	2.635000	-1.366500	0.710100
1627302975.741850	-0.092500	-0.808800	-0.232300	2.502500	-1.406200	0.653000
1627302975.742283	-0.093500	-0.802100	-0.212300	2.293000	-1.439800	0.576400
1627302975.742833	-0.105300	-0.794600	-0.195800	2.082500	-1.450500	0.501200
1627302975.743318	-0.118700	-0.785200	-0.172700	1.864400	-1.440700	0.428800
1627302975.743810	-0.126800	-0.774200	-0.154400	1.643300	-1.414100	0.354600
1627302975.744265	-0.137600	-0.764000	-0.136100	1.445400	-1.384800	0.266300
1627302975.744721	-0.149200	-0.760500	-0.122300	1.266400	-1.350600	0.170400
1627302975.745146	-0.156900	-0.765900	-0.116100	1.089900	-1.306900	0.074800
1627302975.745546	-0.150000	-0.772500	-0.106100	0.862900	-1.252200	-0.026900
1627302975.746057	-0.143600	-0.769200	-0.098400	0.694900	-1.208600	-0.096500
1627302975.746490	-0.146700	-0.758700	-0.093500	0.575800	-1.169200	-0.157300
1627302975.746893	-0.159700	-0.746500	-0.091300	0.495200	-1.132200	-0.216900
1627302975.747351	-0.170200	-0.735800	-0.089100	0.453900	-1.094600	-0.278500
1627302975.747756	-0.174100	-0.731900	-0.082000	0.448400	-1.080600	-0.340600
1627302975.748215	-0.179100	-0.734100	-0.082500	0.456400	-1.083000	-0.402200
1627302975.748620	-0.175300	-0.743000	-0.083500	0.452400	-1.097700	-0.469700
1627302975.749023	-0.169600	-0.748900	-0.078700	0.427100	-1.116900	-0.530800
1627302975.749482	-0.161300	-0.751700	-0.069200	0.391900	-1.132800	-0.591600
1627302975.749883	-0.160600	-0.752700	-0.060700	0.356500	-1.145600	-0.646300
1627302975.750284	-0.165300	-0.753400	-0.045200	0.325700	-1.152100	-0.702200
1627302975.750831	-0.175300	-0.756300	-0.022600	0.314400	-1.147200	-0.755600
1627302975.751260	-0.187100	-0.757900	-0.007400	0.317100	-1.108100	-0.810000
1627302975.751723	-0.193100	-0.767300	0.002300	0.341800	-1.046100	-0.853400
1627302975.752164	-0.198400	-0.784400	0.005600	0.383400	-0.993200	-0.873800
1627302975.752591	-0.188700	-0.806000	0.003100	0.423700	-0.948900	-0.870500
1627302975.753063	-0.177400	-0.829600	-0.002200	0.443900	-0.922100	-0.852200
1627302975.753471	-0.162400	-0.841700	-0.000200	0.451800	-0.905600	-0.825600
1627302975.753882	-0.146500	-0.837300	0.000200	0.463400	-0.892100	-0.802100
1627302975.754339	-0.129400	-0.823600	0.010400	0.487200	-0.892400	-0.791400
1627302975.754748	-0.134400	-0.820200	0.024000	0.530900	-0.903100	-0.808200
1627302975.755157	-0.142800	-0.840000	0.039900	0.567000	-0.907100	-0.850900
1627302975.755624	-0.141400	-0.878500	0.043200	0.573700	-0.908900	-0.909000
1627302975.756038	-0.125400	-0.922700	0.043100	0.521100	-0.917800	-0.958400
1627302975.756451	-0.107700	-0.956400	0.046600	0.418500	-0.946500	-0.991100
1627302975.756894	-0.104400	-0.958300	0.050000	0.311900	-0.980700	-1.004000
1627302975.757312	-0.083500	-0.929100	0.058200	0.270700	-1.025600	-1.010700
1627302975.757754	-0.057400	-0.903900	0.064000	0.331200	-1.078500	-1.020100
1627302975.758170	-0.039800	-0.904800	0.070800	0.453600	-1.135000	-1.038800
1627302975.758585	-0.028100	-0.919900	0.084800	0.582200	-1.177100	-1.062900
1627302975.759027	-0.014400	-0.948500	0.098000	0.686700	-1.206100	-1.086100
1627302975.759465	-0.008300	-0.970700	0.111000	0.760000	-1.229000	-1.095900
1627302975.759972	-0.003500	-0.988800	0.125100	0.812200	-1.251600	-1.096500
1627302975.760418	-0.001100	-1.005100	0.139400	0.870600	-1.277900	-1.083700
1627302975.760832	0.013800	-1.024900	0.148400	0.914800	-1.299900	-1.062000
1627302975.761243	0.028200	-1.049300	0.159900	0.941400	-1.317300	-1.036300
1627302975.761714	0.033200	-1.061500	0.172200	0.947500	-1.319100	-1.011600
1627302975.762125	0.020300	-1.053100	0.196700	0.950600	-1.293500	-0.985000
1627302975.762549	0.004800	-1.034200	0.217500	0.994600	-1.243700	-0.946200
1627302975.762969	-0.011100	-1.018400	0.236900	1.088000	-1.167600	-0.886700
1627302975.763380	-0.028600	-1.012600	0.264900	1.208100	-1.064100	-0.827100
1627302975.763842	-0.035600	-1.024300	0.289400	1.327800	-0.960600	-0.775200
1627302975.764257	-0.043200	-1.048700	0.307500	1.429500	-0.838100	-0.717500
1627302975.764675	-0.042700	-1.080000	0.318800	1.481700	-0.706100	-0.655800
1627302975.765121	-0.031700	-1.093000	0.335600	1.493300	-0.576300	-0.586400
1627302975.765535	-0.022700	-1.085800	0.349200	1.494600	-0.456000	-0.512500
1627302975.765949	-0.004300	-1.064700	0.358400	1.519000	-0.345100	-0.447100
1627302975.766391	0.016700	-1.047700	0.365400	1.568500	-0.256800	-0.393400
1627302975.766802	0.031700	-1.037800	0.371100	1.631700	-0.210400	-0.350300
1627302975.767214	0.047700	-1.033900	0.379500	1.687900	-0.182300	-0.299300
1627302975.767654	0.068400	-1.031700	0.398800	1.747400	-0.173500	-0.243400
1627302975.768117	0.078700	-1.030800	0.413000	1.807600	-0.179900	-0.183900
1627302975.768970	0.076300	-1.028900	0.429400	1.832400	-0.188400	-0.134700
1627302975.769382	0.060800	-1.023800	0.456100	1.794200	-0.176200	-0.113300
1627302975.769826	0.042200	-1.008200	0.471900	1.723000	-0.146600	-0.117900
1627302975.770239	0.020100	-0.985800	0.484700	1.640200	-0.126700	-0.142600
1627302975.772342	0.000000	-0.951800	0.496000	1.585900	-0.116900	-0.165800
1627302975.772770	-0.002100	-0.919700	0.503500	1.577000	-0.110200	-0.175000
1627302975.773251	0.031200	-0.903800	0.513400	1.616700	-0.102900	-0.171300
1627302975.775384	0.081700	-0.905400	0.536700	1.697100	-0.110800	-0.142600
1627302975.775817	0.111200	-0.934600	0.567500	1.784700	-0.127900	-0.089500
1627302975.776218	0.108200	-0.956500	0.590700	1.804300	-0.131900	-0.054400
1627302975.778120	0.093100	-0.949000	0.617300	1.742300	-0.122800	-0.049500
1627302975.778541	0.085300	-0.932900	0.634900	1.675700	-0.084600	-0.044300
1627302975.778940	0.094000	-0.923600	0.645100	1.610300	-0.034500	-0.027800
1627302975.780645	0.111300	-0.920700	0.647000	1.513200	0.022300	-0.008900
1627302975.781046	0.153100	-0.920700	0.648900	1.393800	0.077300	0.009800
1627302975.781444	0.202000	-0.932000	0.660400	1.236800	0.114600	0.020200
1627302975.781897	0.210800	-0.959700	0.667600	1.078900	0.145100	0.034500
1627302975.782310	0.203700	-0.991600	0.693200	0.884600	0.185700	0.055300
1627302975.784930	0.182600	-1.013500	0.719500	0.645800	0.232800	0.086700
1627302975.785366	0.176800	-1.018600	0.738800	0.405400	0.298400	0.121600
1627302975.785778	0.169400	-1.008800	0.754600	0.189400	0.362300	0.147800
1627302975.786189	0.168000	-0.992700	0.766100	0.040400	0.431300	0.169800
1627302975.788314	0.179600	-0.981400	0.770400	-0.041800	0.511600	0.213800
1627302975.788755	0.183500	-0.985600	0.777700	-0.045700	0.572100	0.262400
1627302975.789217	0.174600	-0.996800	0.782200	-0.019200	0.621900	0.305100
1627302975.789627	0.153300	-0.997300	0.777100	0.001000	0.673800	0.344500
1627302975.791790	0.141400	-0.984900	0.769400	0.030000	0.727000	0.374800
1627302975.792200	0.132700	-0.971600	0.760400	0.083100	0.773700	0.399500
1627302975.792632	0.119800	-0.968100	0.750600	0.159200	0.812500	0.425800
1627302975.794348	0.109400	-0.977300	0.737900	0.253900	0.852200	0.462400
1627302975.794800	0.105500	-0.984700	0.727100	0.315000	0.887900	0.495700
1627302975.795202	0.098100	-0.979100	0.717700	0.359300	0.927300	0.529300
1627302975.795602	0.083100	-0.960300	0.704000	0.401100	0.967300	0.562000
1627302975.797711	0.074100	-0.941900	0.695800	0.446000	1.002800	0.596800
1627302975.798136	0.064700	-0.933200	0.685800	0.484800	1.037600	0.625800
1627302975.798625	0.067400	-0.950400	0.679200	0.491500	1.067800	0.653300
1627302975.799023	0.044600	-0.960200	0.669100	0.419700	1.097800	0.680500
1627302975.801119	0.039900	-0.951000	0.664100	0.339700	1.129500	0.705200
1627302975.801521	0.041900	-0.942300	0.667600	0.264300	1.152700	0.734000
1627302975.801954	0.018200	-0.922700	0.662000	0.193100	1.173200	0.764800
1627302975.802356	-0.005400	-0.894200	0.660800	0.143300	1.204400	0.789500
1627302975.802758	0.012100	-0.895900	0.664200	0.121600	1.230000	0.818900
1627302975.804874	-0.009600	-0.891000	0.653200	0.041900	1.242200	0.842700
1627302975.805319	-0.021600	-0.875100	0.645900	-0.032900	1.267300	0.856400
1627302975.805719	-0.019900	-0.849700	0.639500	-0.075700	1.285900	0.876000
1627302975.807809	-0.019300	-0.818100	0.639300	-0.087000	1.291100	0.883000
1627302975.808208	-0.037800	-0.796400	0.633700	-0.044200	1.278000	0.878700
1627302975.808676	-0.053500	-0.788600	0.627700	0.015300	1.286200	0.881200
1627302975.810333	-0.064500	-0.781000	0.633300	0.075200	1.287100	0.889100
1627302975.810900	-0.094200	-0.771500	0.638500	0.134500	1.287700	0.885800
1627302975.811371	-0.125900	-0.740500	0.632100	0.201300	1.290500	0.856100
1627302975.811770	-0.151000	-0.726700	0.624100	0.289600	1.289000	0.816100
1627302975.813897	-0.177400	-0.731400	0.618300	0.381200	1.282800	0.797500
1627302975.814308	-0.190800	-0.743200	0.621700	0.488200	1.283200	0.811800
1627302975.814749	-0.207800	-0.770400	0.628500	0.592900	1.270900	0.844800
1627302975.815161	-0.246800	-0.788100	0.626600	0.656100	1.274900	0.883000
1627302975.817274	-0.257700	-0.783800	0.622700	0.649100	1.295100	0.910800
1627302975.817690	-0.281400	-0.754800	0.598800	0.584100	1.313100	0.901000
1627302975.818124	-0.297600	-0.697600	0.571000	0.548300	1.346100	0.867700
1627302975.818539	-0.283400	-0.654200	0.553100	0.596300	1.355800	0.845700
1627302975.820657	-0.296900	-0.622700	0.528600	0.690700	1.344900	0.838700
1627302975.821071	-0.303800	-0.620600	0.514400	0.807900	1.335400	0.838100
1627302975.821485	-0.328600	-0.634200	0.506600	0.880300	1.323200	0.836000
1627302975.821920	-0.369800	-0.653800	0.498200	0.903200	1.318900	0.827700
1627302975.824002	-0.400000	-0.662800	0.498000	0.889500	1.325000	0.819200
1627302975.824402	-0.437600	-0.655500	0.498000	0.865700	1.341500	0.823500
1627302975.824854	-0.481200	-0.632900	0.489500	0.837300	1.377200	0.825600
1627302975.825306	-0.509300	-0.595200	0.480700	0.827500	1.427300	0.830200
1627302975.826993	-0.522300	-0.560900	0.478600	0.848900	1.493600	0.845100
1627302975.827425	-0.553200	-0.531500	0.470000	0.876100	1.570000	0.852800
1627302975.827860	-0.574700	-0.511800	0.468000	0.904500	1.678100	0.860100
1627302975.830012	-0.564800	-0.514000	0.465600	0.930100	1.762100	0.874200
1627302975.830426	-0.556300	-0.538200	0.454000	0.912700	1.826500	0.883300
1627302975.830836	-0.562700	-0.566300	0.439500	0.842800	1.884200	0.884500
1627302975.831452	-0.590500	-0.575000	0.432100	0.735600	1.940100	0.887300
1627302975.833765	-0.639300	-0.540000	0.432000	0.629000	2.020200	0.913200
1627302975.834202	-0.654200	-0.473100	0.439600	0.598700	2.135900	0.973100
1627302975.834638	-0.637000	-0.438100	0.434100	0.657700	2.247100	1.037900
1627302975.835084	-0.640100	-0.440600	0.422600	0.707500	2.330800	1.069900
1627302975.837175	-0.646900	-0.451500	0.397300	0.711700	2.416900	1.077000
1627302975.837617	-0.645500	-0.454500	0.382600	0.628600	2.522900	1.066300
1627302975.838030	-0.622800	-0.452900	0.381000	0.504300	2.624300	1.038500
1627302975.839677	-0.606700	-0.457300	0.376300	0.335700	2.662800	1.018300
1627302975.840089	-0.609100	-0.458000	0.360100	0.089000	2.666800	1.029600
1627302977.701675	-0.825000	-0.306500	0.038700	1.230700	2.405600	1.413900
1627302977.723105	-0.495600	-0.713500	0.830800	0.271300	-1.659700	-1.449900
1627302977.725212	-0.487200	-0.732500	0.821500	0.083100	-1.569000	-1.354300
1627302977.744005	-0.480000	-0.715300	0.809800	-0.105000	-1.507900	-1.278800
1627302977.751894	-0.471200	-0.672500	0.804800	-0.247600	-1.459600	-1.225700
1627302977.755360	-0.459200	-0.631600	0.810700	-0.313900	-1.415300	-1.180200
1627302977.761047	-0.446000	-0.599200	0.815600	-0.309900	-1.382700	-1.139900
1627302977.782638	-0.428600	-0.577500	0.813800	-0.235400	-1.366800	-1.088900
1627302977.785126	-0.398200	-0.571400	0.792600	-0.113600	-1.374700	-1.029600
1627302977.801011	-0.382100	-0.578000	0.782800	-0.010900	-1.417500	-0.996000
1627302977.804030	-0.369100	-0.579000	0.759400	0.050500	-1.474900	-0.970000
1627302977.822950	-0.344600	-0.584800	0.756800	0.081900	-1.551000	-0.973400
1627302977.825202	-0.325600	-0.605700	0.771500	0.096000	-1.620600	-0.992000
1627302977.840177	-0.310300	-0.637700	0.813100	0.071200	-1.656000	-1.001500
1627302977.844079	-0.304200	-0.670000	0.848900	0.030000	-1.643500	-1.008800
1627302977.864283	-0.294600	-0.688000	0.864700	-0.030500	-1.560700	-1.007300
1627302977.865291	-0.280200	-0.696300	0.867300	-0.099500	-1.467300	-0.973700
1627302977.878541	-0.273800	-0.732400	0.879800	-0.217100	-1.381700	-0.931600
1627302977.894391	-0.290600	-0.799600	0.884900	-0.413800	-1.315800	-0.908400
1627302977.895483	-0.305300	-0.844600	0.849900	-0.700300	-1.251300	-0.898600
1627302977.906459	-0.282100	-0.825600	0.826700	-1.045700	-1.187200	-0.912900
1627302977.914719	-0.223500	-0.756700	0.816700	-1.273900	-1.156000	-0.920600
1627302977.932537	-0.188100	-0.684100	0.818800	-1.321500	-1.160300	-0.882100
1627302977.947803	-0.180900	-0.641200	0.833600	-1.200000	-1.165800	-0.840200
1627302977.952940	-0.189200	-0.627100	0.859300	-0.990400	-1.149600	-0.797500
1627302977.953849	-0.195700	-0.642000	0.880500	-0.778200	-1.099200	-0.757800
1627302977.968990	-0.191900	-0.648900	0.869600	-0.584200	-1.054300	-0.720500
1627302977.976647	-0.186400	-0.651000	0.874900	-0.433300	-1.010600	-0.692100
1627302977.986573	-0.193700	-0.699600	0.894200	-0.315700	-0.937300	-0.645700
1627302978.010012	-0.192000	-0.757000	0.918000	-0.284600	-0.845100	-0.582800
1627302978.011065	-0.179600	-0.777000	0.925700	-0.318500	-0.770000	-0.526300
1627302978.013807	-0.159100	-0.779400	0.932400	-0.349000	-0.707400	-0.463900
1627302978.031238	-0.144200	-0.759800	0.941000	-0.352700	-0.655100	-0.405600
1627302978.054239	-0.135400	-0.736800	0.951700	-0.282500	-0.613000	-0.361900
1627302978.055184	-0.130600	-0.726200	0.959100	-0.149900	-0.574200	-0.331100
1627302978.056700	-0.121500	-0.759400	0.957600	0.001900	-0.527800	-0.302400
1627302978.071574	-0.114900	-0.808000	0.945800	0.082200	-0.494800	-0.274600
1627302978.074213	-0.101300	-0.843900	0.928200	0.057800	-0.484100	-0.247100
1627302978.095444	-0.067900	-0.859900	0.904800	-0.036300	-0.499400	-0.220800
1627302978.097701	-0.023300	-0.856400	0.880500	-0.150800	-0.553700	-0.203400
1627302978.112623	0.008800	-0.842700	0.852200	-0.263200	-0.642000	-0.208300
1627302978.117903	0.034900	-0.826900	0.833000	-0.371900	-0.749200	-0.234300
1627302978.138944	0.077600	-0.805700	0.794700	-0.496300	-0.905900	-0.279200
1627302978.140425	0.110600	-0.780000	0.766500	-0.593700	-1.060400	-0.320700
1627302978.154675	0.146900	-0.752200	0.742900	-0.665200	-1.209500	-0.364400
1627302978.155555	0.177900	-0.722400	0.724100	-0.710100	-1.362200	-0.414200
1627302978.161024	0.187600	-0.704100	0.710400	-0.706400	-1.506700	-0.460900
1627302978.184084	0.188800	-0.702400	0.710700	-0.671600	-1.620300	-0.494500
1627302978.185265	0.179800	-0.711300	0.722900	-0.628200	-1.700900	-0.516500
1627302978.203976	0.149200	-0.717800	0.748200	-0.564400	-1.734800	-0.502100
1627302978.213395	0.102700	-0.719700	0.771100	-0.498700	-1.690800	-0.456900
1627302978.214288	0.045000	-0.709800	0.796000	-0.411300	-1.577500	-0.387000
1627302978.219739	-0.012100	-0.693700	0.827500	-0.284300	-1.400700	-0.288600
1627302978.242731	-0.068000	-0.687400	0.851200	-0.130700	-1.163700	-0.168900
1627302978.244009	-0.122900	-0.684400	0.875700	0.015300	-0.876900	-0.049800
1627302978.259430	-0.163100	-0.683500	0.886700	0.147900	-0.529000	0.055900
1627302978.269079	-0.197300	-0.677600	0.899300	0.258200	-0.117600	0.150600
1627302978.289211	-0.207500	-0.663300	0.887300	0.304900	0.253500	0.196100
1627302978.290032	-0.130400	-0.669300	0.838400	0.338800	0.589800	0.222700
1627302978.295171	-0.007900	-0.701500	0.769500	0.325700	0.808800	0.245300
1627302978.309085	0.104600	-0.726100	0.717400	0.248700	0.901700	0.239200
1627302978.310105	0.159900	-0.734100	0.679800	0.162600	0.896200	0.203100
1627302978.333025	0.145500	-0.722200	0.656500	0.069700	0.866500	0.157300
1627302978.333836	0.097800	-0.705300	0.668800	-0.007900	0.859800	0.112700
1627302978.343440	0.042400	-0.693700	0.692400	-0.028600	0.884300	0.097400
1627302978.363467	-0.011700	-0.703400	0.726400	-0.005100	0.939500	0.104800
1627302978.364136	-0.054700	-0.751700	0.756600	0.052900	1.016200	0.160100
1627302978.369173	-0.089500	-0.822900	0.788100	0.005000	1.114600	0.233100
1627302978.394225	-0.119500	-0.856000	0.815600	-0.168800	1.245300	0.266000
1627302978.395201	-0.134300	-0.815100	0.845900	-0.397000	1.423000	0.255000
1627302978.406388	-0.127200	-0.739500	0.855500	-0.492600	1.613300	0.251700
1627302978.412858	-0.095000	-0.691200	0.849500	-0.394900	1.758700	0.279500
1627302978.433061	-0.058800	-0.679400	0.829800	-0.175900	1.866200	0.337800
1627302978.434154	-0.026900	-0.694600	0.813400	0.063900	1.944100	0.403200
1627302978.444033	-0.006500	-0.727300	0.801500	0.256300	1.974000	0.445900
1627302978.455237	0.000700	-0.756000	0.782300	0.341200	1.969200	0.459400
1627302978.473327	-0.023600	-0.772900	0.772600	0.316500	1.961200	0.461800
1627302978.474215	-0.068700	-0.754800	0.780200	0.248100	1.979500	0.466100
1627302978.487229	-0.102500	-0.710900	0.786400	0.228200	2.021700	0.488400
1627302978.505539	-0.112800	-0.662800	0.785200	0.277400	2.069000	0.519200
1627302978.520866	-0.112100	-0.640500	0.772100	0.376100	2.110600	0.534200
1627302978.524072	-0.111800	-0.645100	0.761800	0.478100	2.141400	0.534200
1627302978.534608	-0.138100	-0.666700	0.758100	0.537900	2.171400	0.532100
1627302978.535516	-0.185900	-0.677400	0.754400	0.555300	2.222400	0.535700
1627302978.542335	-0.202300	-0.663100	0.749400	0.552300	2.281900	0.545500
1627302978.563029	-0.200900	-0.639600	0.748200	0.569100	2.334800	0.550400
1627302978.564214	-0.208400	-0.616300	0.740200	0.623800	2.374200	0.550100
1627302978.575521	-0.219600	-0.595800	0.733900	0.703200	2.411100	0.550700
1627302978.593524	-0.234900	-0.580800	0.736900	0.816800	2.448100	0.543700
1627302978.594411	-0.267300	-0.587800	0.735700	0.939900	2.480800	0.533000
1627302978.605250	-0.295300	-0.612300	0.721800	1.023000	2.524100	0.519900
1627302978.612132	-0.306600	-0.630000	0.712800	1.021400	2.558300	0.502700
1627302978.633358	-0.308600	-0.632200	0.701900	0.981400	2.587400	0.485900
1627302978.634241	-0.316700	-0.623700	0.693800	0.918800	2.607500	0.470700
1627302978.642963	-0.324300	-0.604200	0.688000	0.856200	2.621300	0.457500
1627302978.652319	-0.340100	-0.591400	0.686000	0.804300	2.642600	0.436500
1627302978.671415	-0.366900	-0.588000	0.679200	0.748400	2.664300	0.400400
1627302978.683334	-0.398400	-0.603800	0.668100	0.656700	2.683600	0.351600
1627302978.684235	-0.418300	-0.615500	0.651700	0.555000	2.686300	0.309100
1627302978.692357	-0.424600	-0.618400	0.632900	0.445700	2.682000	0.281600
1627302978.713759	-0.427900	-0.610700	0.615600	0.360500	2.666800	0.277900
1627302978.724622	-0.433100	-0.590700	0.598800	0.337600	2.645100	0.307900
1627302978.725509	-0.441200	-0.562300	0.590300	0.386400	2.618800	0.355500
1627302978.735954	-0.458000	-0.532300	0.579100	0.527900	2.587000	0.402300
1627302978.757739	-0.488900	-0.519200	0.570800	0.713900	2.551300	0.422100
1627302978.762269	-0.528200	-0.528700	0.556900	0.879700	2.522300	0.421800
1627302978.763300	-0.554200	-0.548200	0.536700	1.014700	2.504600	0.424900
1627302978.774129	-0.558600	-0.571300	0.521600	1.101500	2.489900	0.444100
1627302978.777354	-0.563500	-0.584600	0.505500	1.141800	2.465800	0.478900
1627302978.801850	-0.571900	-0.581400	0.489000	1.143600	2.430100	0.517400
1627302978.802527	-0.584700	-0.564800	0.468100	1.125000	2.393700	0.558900
1627302978.817385	-0.607900	-0.551800	0.453100	1.106000	2.363500	0.583100
1627302978.819403	-0.635300	-0.545500	0.437500	1.080700	2.340300	0.587000
1627302978.844579	-0.659200	-0.542000	0.419300	1.036700	2.324700	0.571500
1627302978.845432	-0.669600	-0.547500	0.399500	0.961600	2.309700	0.545500
1627302978.863114	-0.678300	-0.553500	0.377200	0.850700	2.289600	0.526900
1627302978.874648	-0.688000	-0.557100	0.353900	0.717500	2.264800	0.526900
1627302978.875558	-0.701400	-0.543300	0.330300	0.559000	2.232100	0.548000
1627302978.883515	-0.702600	-0.522800	0.315700	0.455200	2.203700	0.587000
1627302978.902695	-0.703100	-0.497400	0.303600	0.407800	2.178100	0.623100
1627302978.903929	-0.727300	-0.477400	0.290800	0.404500	2.152100	0.635900
1627302978.913773	-0.752700	-0.462400	0.274200	0.420000	2.126100	0.627400
1627302978.924189	-0.765700	-0.455200	0.252900	0.427400	2.097400	0.605400
1627302978.946779	-0.770900	-0.454600	0.231100	0.434700	2.067200	0.587000
1627302978.948229	-0.768900	-0.462300	0.207000	0.426100	2.020500	0.588600
1627302978.953003	-0.769900	-0.458500	0.186200	0.404800	1.972500	0.600800
1627302978.966597	-0.778100	-0.443400	0.168100	0.389500	1.923600	0.617300
1627302978.967481	-0.787600	-0.423100	0.156400	0.390400	1.880600	0.634700
1627302978.990042	-0.798800	-0.403100	0.150800	0.418200	1.852800	0.657000
1627302979.005200	-0.800800	-0.385500	0.144500	0.474700	1.842100	0.679000
1627302979.010391	-0.801500	-0.377700	0.139000	0.557200	1.832000	0.702500
1627302979.011298	-0.804800	-0.377000	0.126700	0.643000	1.821600	0.729100
1627302979.036621	-0.812300	-0.376500	0.114400	0.683900	1.805400	0.741300
1627302979.037570	-0.827000	-0.371800	0.097300	0.701300	1.786500	0.745000
1627302979.042951	-0.836500	-0.367200	0.082400	0.702300	1.774000	0.745600
1627302979.055697	-0.835600	-0.363000	0.070700	0.688200	1.762100	0.743700
1627302979.069427	-0.833100	-0.355500	0.056200	0.669300	1.751700	0.742500
1627302979.073986	-0.831900	-0.350600	0.039600	0.655200	1.747400	0.748000
1627302979.083908	-0.826900	-0.349500	0.024200	0.632900	1.736700	0.765700
1627302979.090443	-0.828900	-0.344200	0.012500	0.602400	1.721800	0.790200
1627302979.111864	-0.845600	-0.330600	-0.000900	0.583400	1.711100	0.817300
1627302979.114034	-0.853500	-0.314800	-0.012600	0.580700	1.711700	0.841800
1627302979.123983	-0.858600	-0.313700	-0.026100	0.584700	1.718400	0.850300
1627302979.131679	-0.866500	-0.308500	-0.038500	0.577900	1.722700	0.843000
1627302979.150694	-0.868800	-0.298300	-0.058000	0.566600	1.720800	0.838100
1627302979.152751	-0.870400	-0.295200	-0.074200	0.561800	1.720800	0.840900
1627302979.163950	-0.872700	-0.294800	-0.090500	0.554700	1.720800	0.856400
1627302979.173197	-0.873400	-0.290200	-0.105300	0.539500	1.717800	0.876000
1627302979.194557	-0.874400	-0.282800	-0.123400	0.531500	1.711400	0.902900
1627302979.195548	-0.890000	-0.280000	-0.143700	0.526000	1.696400	0.924900
1627302979.212843	-0.910900	-0.275100	-0.157600	0.517800	1.683300	0.934900
1627302979.223548	-0.923000	-0.263100	-0.177900	0.506800	1.677500	0.941300
1627302979.224444	-0.917000	-0.260300	-0.194200	0.510800	1.681100	0.949300
1627302979.232210	-0.908700	-0.264600	-0.212200	0.512600	1.674400	0.963600
1627302979.253907	-0.900500	-0.267000	-0.230300	0.494900	1.655500	0.986200
1627302979.255100	-0.895400	-0.261000	-0.253500	0.469800	1.629200	1.011000
1627302979.263929	-0.901400	-0.255900	-0.274500	0.452700	1.595000	1.029600
1627302979.273012	-0.910400	-0.245500	-0.290300	0.422800	1.565400	1.038500
1627302979.295544	-0.919700	-0.226300	-0.305300	0.387400	1.533300	1.034800
1627302979.296682	-0.924700	-0.215600	-0.313800	0.365700	1.523200	1.027800
1627302979.303897	-0.922100	-0.213500	-0.329500	0.333900	1.525400	1.018300
1627302979.314065	-0.909300	-0.211900	-0.344000	0.287200	1.515600	1.003400
1627302979.314950	-0.907000	-0.207800	-0.358800	0.223300	1.496300	0.990800
1627302979.338998	-0.908000	-0.198500	-0.366900	0.148200	1.481400	0.983500
1627302979.341566	-0.910400	-0.184200	-0.373400	0.081000	1.472200	0.975300
1627302979.351776	-0.907500	-0.160600	-0.382900	0.029400	1.461200	0.962700
1627302979.369515	-0.893900	-0.146600	-0.393400	0.013800	1.443200	0.951100
1627302979.371542	-0.884800	-0.144200	-0.410400	0.008600	1.419700	0.940100
1627302979.381435	-0.877100	-0.138500	-0.420200	0.001300	1.394000	0.926100
1627302979.390521	-0.864700	-0.132200	-0.432300	0.004000	1.371100	0.915400
1627302979.412172	-0.853000	-0.125600	-0.439300	0.015600	1.346700	0.914200
1627302979.413080	-0.847200	-0.116500	-0.441900	0.030600	1.324400	0.918100
1627302979.424089	-0.849500	-0.103900	-0.442600	0.059300	1.308500	0.923900
1627302979.431824	-0.847400	-0.093100	-0.440600	0.101500	1.304800	0.930400
1627302979.451185	-0.842300	-0.083900	-0.442600	0.143900	1.301500	0.939500
1627302979.452076	-0.837400	-0.077100	-0.448700	0.187600	1.304200	0.941700
1627302979.463969	-0.830000	-0.076400	-0.463900	0.226400	1.310900	0.936500
1627302979.471069	-0.829800	-0.084400	-0.473000	0.252400	1.322200	0.930000
1627302979.495665	-0.836900	-0.088400	-0.473600	0.235600	1.345800	0.919100
1627302979.496330	-0.829000	-0.081900	-0.481000	0.207800	1.374200	0.904400
1627302979.503859	-0.818000	-0.081200	-0.494800	0.173600	1.396200	0.891900
1627302979.512703	-0.805500	-0.085300	-0.514300	0.122900	1.410500	0.876900
1627302979.515658	-0.802000	-0.086700	-0.524700	0.043400	1.424900	0.863800
1627302979.538053	-0.794300	-0.078000	-0.534500	-0.055200	1.443800	0.848500
1627302979.541659	-0.785400	-0.061200	-0.552200	-0.143200	1.459700	0.830200
1627302979.553565	-0.781700	-0.045800	-0.571900	-0.220800	1.478300	0.812200
1627302979.569372	-0.780400	-0.030600	-0.590500	-0.285200	1.498200	0.797800
1627302979.571427	-0.763500	-0.010100	-0.623400	-0.330100	1.504600	0.776700
1627302979.586375	-0.761500	0.010000	-0.643200	-0.366400	1.501500	0.745300
1627302979.598696	-0.765300	0.031100	-0.657700	-0.392700	1.511300	0.723300
1627302979.614343	-0.753100	0.047500	-0.673800	-0.407700	1.509800	0.707700
1627302979.619038	-0.726300	0.051500	-0.714400	-0.425700	1.487500	0.682600
1627302979.619953	-0.694700	0.047200	-0.789900	-0.476700	1.417200	0.625800
1627302979.642825	-0.677900	0.050400	-0.845100	-0.569300	1.321900	0.556800
1627302979.653437	-0.663200	0.055800	-0.884500	-0.686500	1.201900	0.483500
1627302979.654327	-0.656500	0.066900	-0.903800	-0.806900	1.070900	0.410800
1627302979.661563	-0.655000	0.079600	-0.895100	-0.930000	0.952400	0.340300
1627302979.664615	-0.648700	0.096100	-0.871700	-1.043300	0.846100	0.285900
1627302979.690981	-0.633200	0.110100	-0.860500	-1.124500	0.730300	0.239200
1627302979.691866	-0.621100	0.123500	-0.854700	-1.168200	0.585900	0.188200
1627302979.706172	-0.611600	0.126300	-0.846200	-1.153200	0.477100	0.162800
1627302979.708038	-0.596200	0.135100	-0.837500	-1.115700	0.369300	0.145400
1627302979.732468	-0.590000	0.156600	-0.823500	-1.060100	0.267000	0.112700
1627302979.733560	-0.599200	0.195200	-0.797000	-0.980400	0.185700	0.054100
1627302979.743401	-0.620800	0.231300	-0.747800	-0.875000	0.152100	-0.008500
1627302979.763765	-0.623200	0.252200	-0.717200	-0.740000	0.130800	-0.069000
1627302979.764664	-0.610400	0.245400	-0.718800	-0.590000	0.088900	-0.157600
1627302979.769640	-0.605700	0.219800	-0.726200	-0.512400	0.048000	-0.233700
1627302979.791801	-0.612300	0.194600	-0.731400	-0.506900	0.004900	-0.295300
1627302979.792637	-0.621900	0.179400	-0.731900	-0.540900	-0.031400	-0.350000
1627302979.803871	-0.630900	0.180500	-0.727100	-0.588500	-0.063200	-0.404100
1627302979.812864	-0.634800	0.187400	-0.720900	-0.622700	-0.091600	-0.454500
1627302979.834283	-0.642100	0.201400	-0.708700	-0.648400	-0.120900	-0.502400
1627302979.835456	-0.648100	0.214600	-0.700000	-0.645300	-0.140500	-0.540000
1627302979.845269	-0.660000	0.226400	-0.689700	-0.625200	-0.153600	-0.568400
1627302979.853090	-0.672900	0.235000	-0.676100	-0.591900	-0.158500	-0.585800
1627302979.870864	-0.693200	0.245600	-0.664700	-0.548800	-0.150900	-0.598300
1627302979.871752	-0.705800	0.252700	-0.652600	-0.496000	-0.135000	-0.604400
1627302979.881552	-0.715800	0.261000	-0.644900	-0.434000	-0.114200	-0.610900
1627302979.883445	-0.723800	0.257300	-0.650600	-0.357900	-0.089500	-0.622800
1627302979.907891	-0.734000	0.247900	-0.656000	-0.297100	-0.066900	-0.640800
1627302979.910268	-0.745000	0.239600	-0.665000	-0.265700	-0.044600	-0.666100
1627302979.925022	-0.755100	0.229600	-0.659400	-0.242100	-0.016200	-0.699400
1627302979.928999	-0.767100	0.225100	-0.640900	-0.222600	0.045500	-0.730600
1627302979.952769	-0.759500	0.220100	-0.614300	-0.187200	0.143300	-0.750400
1627302979.953911	-0.734600	0.213500	-0.595800	-0.135200	0.227900	-0.765100
1627302979.962822	-0.686300	0.175300	-0.598600	-0.075100	0.290500	-0.795000
1627302979.976747	-0.647500	0.127800	-0.622600	-0.096100	0.307600	-0.846300
1627302979.997886	-0.618500	0.101900	-0.657100	-0.224700	0.291700	-0.917200
1627302979.998902	-0.601700	0.088700	-0.701200	-0.411700	0.249900	-1.003600
1627302980.010812	-0.590500	0.092900	-0.731300	-0.627000	0.183300	-1.085800
1627302980.011706	-0.577500	0.110500	-0.763100	-0.852700	0.089200	-1.157000
1627302980.020860	-0.565200	0.143300	-0.799600	-1.067400	-0.025000	-1.226600
1627302980.038884	-0.557500	0.205700	-0.847700	-1.267500	-0.200900	-1.326800
1627302980.041266	-0.554600	0.269800	-0.876600	-1.357000	-0.367700	-1.428500
1627302980.057012	-0.563000	0.335000	-0.896100	-1.347200	-0.548800	-1.530800
1627302980.060413	-0.589700	0.378200	-0.908700	-1.239700	-0.740000	-1.624300
1627302980.081215	-0.621100	0.392900	-0.907100	-1.053100	-0.918700	-1.701300
1627302980.082483	-0.651100	0.384600	-0.886200	-0.816000	-1.081800	-1.756200
1627302980.090179	-0.672400	0.347500	-0.857500	-0.543600	-1.234800	-1.790100
1627302980.101795	-0.686400	0.277100	-0.827800	-0.272400	-1.395800	-1.810000
1627302980.124370	-0.691200	0.204100	-0.810900	-0.122100	-1.531400	-1.814600
1627302980.125438	-0.707900	0.135400	-0.808100	-0.070800	-1.671000	-1.813000
1627302980.135284	-0.738600	0.087300	-0.797900	-0.100700	-1.806900	-1.808500
1627302980.142996	-0.759000	0.054100	-0.774500	-0.161800	-1.930900	-1.796900
1627302980.162116	-0.773100	0.031900	-0.741100	-0.231800	-2.049100	-1.772400
1627302980.163284	-0.783700	0.011400	-0.693500	-0.305700	-2.159400	-1.731800
1627302980.168511	-0.788100	-0.006600	-0.646500	-0.382000	-2.265100	-1.680500
1627302980.190076	-0.793100	-0.019300	-0.602900	-0.444300	-2.342900	-1.638000
1627302980.202173	-0.816000	-0.028000	-0.569100	-0.510000	-2.400100	-1.596500
1627302980.203059	-0.838500	-0.038200	-0.525500	-0.564100	-2.437000	-1.562900
1627302980.211113	-0.849500	-0.044400	-0.476000	-0.607700	-2.462100	-1.529900
1627302980.232050	-0.851200	-0.041900	-0.430100	-0.641000	-2.474900	-1.498100
1627302980.232869	-0.852100	-0.051400	-0.377800	-0.650200	-2.481900	-1.464800
1627302980.238343	-0.853800	-0.072100	-0.330000	-0.662700	-2.486200	-1.430000
1627302980.261232	-0.862100	-0.088500	-0.295200	-0.687800	-2.479800	-1.397700
1627302980.262133	-0.873200	-0.106000	-0.256200	-0.726200	-2.466300	-1.367700
1627302980.272910	-0.878500	-0.120100	-0.215600	-0.775700	-2.444300	-1.342400
1627302980.279678	-0.875700	-0.123200	-0.184000	-0.828300	-2.417500	-1.318500
1627302980.303550	-0.871100	-0.125600	-0.153800	-0.859400	-2.390000	-1.292600
1627302980.304449	-0.875500	-0.135000	-0.125500	-0.872900	-2.353900	-1.257800
1627302980.311508	-0.884200	-0.152500	-0.104400	-0.873800	-2.315500	-1.218700
1627302980.320300	-0.882200	-0.175900	-0.081500	-0.866400	-2.281200	-1.167700
1627302980.322952	-0.879200	-0.204000	-0.067900	-0.882600	-2.257700	-1.100500
1627302980.345677	-0.879000	-0.221100	-0.055200	-0.919900	-2.235400	-1.031700
1627302980.350322	-0.880200	-0.229900	-0.042000	-0.977900	-2.219200	-0.973700
1627302980.360347	-0.885300	-0.225200	-0.026400	-1.041800	-2.205500	-0.927000
1627302980.368241	-0.888900	-0.213600	-0.014900	-1.105600	-2.189600	-0.882700
1627302980.390388	-0.891100	-0.205800	-0.009300	-1.134300	-2.185600	-0.853700
1627302980.391447	-0.894200	-0.200300	0.002900	-1.135800	-2.181100	-0.822500
1627302980.401040	-0.885000	-0.207900	0.014300	-1.127300	-2.182900	-0.790100
1627302980.411585	-0.871800	-0.216800	0.026700	-1.126400	-2.199100	-0.762400
1627302980.434322	-0.864300	-0.226200	0.035200	-1.130000	-2.224700	-0.737300
1627302980.435494	-0.865000	-0.232700	0.054800	-1.143800	-2.252200	-0.712900
1627302980.445271	-0.858900	-0.232200	0.075600	-1.160600	-2.281200	-0.699100
1627302980.453047	-0.850100	-0.226200	0.092900	-1.162700	-2.303200	-0.700000
1627302980.467011	-0.841800	-0.218500	0.113800	-1.146800	-2.331300	-0.710400
1627302980.470288	-0.841900	-0.218900	0.129600	-1.112000	-2.361900	-0.719600
1627302980.479945	-0.846200	-0.217200	0.145100	-1.079000	-2.396400	-0.735500
1627302980.489187	-0.848500	-0.226600	0.164700	-1.029200	-2.423600	-0.754100
1627302980.510900	-0.841800	-0.242300	0.186900	-0.964800	-2.458400	-0.770000
1627302980.511815	-0.836400	-0.253100	0.211200	-0.906800	-2.500900	-0.789500
1627302980.521571	-0.820400	-0.259600	0.232100	-0.860900	-2.538700	-0.813700
1627302980.527128	-0.800200	-0.270900	0.261000	-0.817900	-2.571400	-0.839600
1627302980.549405	-0.778200	-0.288800	0.291500	-0.789200	-2.591900	-0.859200
1627302980.549930	-0.766700	-0.301400	0.326400	-0.780300	-2.604700	-0.873500
1627302980.570495	-0.761100	-0.309000	0.360500	-0.767200	-2.599500	-0.888200
1627302980.579873	-0.756300	-0.327100	0.397700	-0.730500	-2.572900	-0.898600
1627302980.580921	-0.752200	-0.368300	0.428000	-0.694200	-2.535400	-0.900100
1627302980.588430	-0.746300	-0.413700	0.454000	-0.700000	-2.498700	-0.880900
1627302980.609190	-0.737500	-0.453100	0.470500	-0.758000	-2.469700	-0.841200
1627302980.610671	-0.733200	-0.467400	0.494300	-0.854500	-2.435800	-0.797800
1627302980.620245	-0.718000	-0.470800	0.512700	-0.936400	-2.393000	-0.756200
1627302980.627761	-0.705300	-0.477300	0.526400	-1.008500	-2.350300	-0.718400
1627302980.649970	-0.684300	-0.485200	0.542100	-1.105000	-2.312400	-0.672300
1627302980.650865	-0.676600	-0.485000	0.554800	-1.222300	-2.277600	-0.632500
1627302980.660414	-0.671800	-0.474500	0.563100	-1.306900	-2.236300	-0.610600
1627302980.662100	-0.673000	-0.462000	0.574100	-1.359100	-2.197300	-0.604800
1627302980.684953	-0.671000	-0.452600	0.592000	-1.391800	-2.155700	-0.606600
1627302980.688782	-0.654900	-0.446400	0.605000	-1.396400	-2.113000	-0.610900
1627302980.704035	-0.640100	-0.451700	0.615000	-1.380200	-2.075400	-0.614800
1627302980.708008	-0.650400	-0.461400	0.634000	-1.369800	-2.026800	-0.614200
1627302980.729461	-0.648900	-0.471800	0.653200	-1.368300	-1.958700	-0.602900
1627302980.730433	-0.643200	-0.491200	0.676100	-1.364000	-1.873200	-0.592800
1627302980.742894	-0.637300	-0.517700	0.683600	-1.404600	-1.771200	-0.588300
1627302980.750519	-0.618900	-0.537600	0.685100	-1.502400	-1.670400	-0.602600
1627302980.761433	-0.608200	-0.549800	0.693400	-1.620300	-1.582700	-0.634700
1627302980.777037	-0.599700	-0.552000	0.702300	-1.728100	-1.476700	-0.660300
1627302980.780336	-0.580800	-0.542700	0.710600	-1.812400	-1.327100	-0.697300
1627302980.781251	-0.563600	-0.524700	0.715600	-1.817300	-1.224400	-0.723300
1627302980.803783	-0.558300	-0.511400	0.720200	-1.767200	-1.131900	-0.746500
1627302980.814015	-0.551400	-0.506600	0.719200	-1.680400	-1.034500	-0.789500
1627302980.826553	-0.538000	-0.512500	0.712500	-1.575700	-0.924800	-0.845700
1627302980.849306	-0.520600	-0.526500	0.671900	-1.495600	-0.829500	-0.913500
1627302980.850294	-0.514400	-0.546800	0.620700	-1.514000	-0.762600	-1.022300
1627302980.851468	-0.519000	-0.581700	0.597400	-1.612900	-0.700000	-1.174400
1627302980.866622	-0.518400	-0.614700	0.601700	-1.740300	-0.639200	-1.275800
1627302980.872909	-0.502700	-0.632600	0.613900	-1.835300	-0.567200	-1.351800
1627302980.891713	-0.468300	-0.639800	0.620800	-1.866700	-0.500600	-1.424500
1627302980.892636	-0.444300	-0.654800	0.623000	-1.851800	-0.449300	-1.491400
1627302980.900172	-0.431300	-0.668500	0.619000	-1.834700	-0.391500	-1.554000
1627302980.911624	-0.421500	-0.685300	0.625600	-1.822800	-0.317900	-1.617000
1627302980.928317	-0.431400	-0.710200	0.617400	-1.802000	-0.221100	-1.669800
1627302980.929342	-0.432000	-0.739300	0.608400	-1.761400	-0.142900	-1.673800
1627302980.938395	-0.429200	-0.770000	0.593600	-1.708800	-0.086100	-1.635000
1627302980.955238	-0.422900	-0.769000	0.562500	-1.650800	-0.051900	-1.566300
1627302980.968274	-0.398800	-0.738200	0.541600	-1.582100	-0.033300	-1.510400
1627302980.968864	-0.390400	-0.724100	0.548500	-1.480400	0.007700	-1.479200
1627302980.975863	-0.378300	-0.744600	0.569300	-1.375300	0.123700	-1.457800
1627302980.998800	-0.373400	-0.768400	0.578500	-1.296800	0.264200	-1.458400
1627302981.009670	-0.379400	-0.791500	0.576500	-1.211000	0.382400	-1.456600
1627302981.018967	-0.386200	-0.817400	0.562000	-1.119300	0.485700	-1.425100
1627302981.020010	-0.381500	-0.838400	0.549000	-1.032300	0.571800	-1.373500
1627302981.044431	-0.366600	-0.838000	0.525500	-0.908000	0.653700	-1.281600
1627302981.047909	-0.335700	-0.823100	0.495500	-0.783400	0.726400	-1.200000
1627302981.049042	-0.303100	-0.825400	0.485200	-0.648400	0.781900	-1.138600
1627302981.060578	-0.299900	-0.847300	0.498500	-0.582400	0.829600	-1.089200
1627302981.082785	-0.305100	-0.858200	0.508100	-0.554000	0.894000	-1.036600
1627302981.083927	-0.313100	-0.853600	0.511000	-0.520400	0.961200	-0.987800
1627302981.087606	-0.318500	-0.846900	0.519200	-0.437000	1.041300	-0.919300
1627302981.102539	-0.312500	-0.852300	0.514500	-0.320900	1.131000	-0.831700
1627302981.104114	-0.318700	-0.867400	0.497900	-0.205500	1.213200	-0.744900
1627302981.125157	-0.330000	-0.877900	0.469200	-0.099500	1.307000	-0.657000
1627302981.127721	-0.337200	-0.877100	0.450900	-0.028600	1.362000	-0.589800
1627302981.142590	-0.349100	-0.881000	0.440900	0.037000	1.405000	-0.524700
1627302981.150992	-0.368200	-0.887600	0.436600	0.086200	1.438600	-0.462100
1627302981.172387	-0.390600	-0.890100	0.433100	0.134500	1.475000	-0.398900
1627302981.173290	-0.388200	-0.888100	0.411500	0.182100	1.534200	-0.349700
1627302981.180300	-0.396200	-0.886600	0.399500	0.235300	1.560500	-0.315800
1627302981.191028	-0.418800	-0.890500	0.375900	0.325400	1.587400	-0.280400
1627302981.215553	-0.448600	-0.899200	0.339700	0.388300	1.601100	-0.295000
1627302981.216674	-0.490400	-0.921300	0.311900	0.458200	1.619100	-0.333200
1627302981.219007	-0.510400	-0.956800	0.288700	0.490900	1.643000	-0.378400
1627302981.234138	-0.517500	-0.996700	0.269200	0.453900	1.645400	-0.422400
1627302981.235032	-0.519900	-1.035400	0.260500	0.344000	1.636200	-0.463000
1627302981.258524	-0.534100	-1.068400	0.255600	0.194300	1.638100	-0.491100
1627302981.259419	-0.538600	-1.074800	0.248900	0.024500	1.672000	-0.502400
1627302981.267363	-0.526400	-1.064600	0.241900	-0.106800	1.709500	-0.505800
1627302981.286114	-0.515400	-1.047000	0.247800	-0.215000	1.734000	-0.518300
1627302981.299426	-0.512300	-1.023400	0.254300	-0.302900	1.765400	-0.530800
1627302981.300072	-0.490100	-0.999000	0.245100	-0.371300	1.818600	-0.549500
1627302981.305506	-0.467800	-0.974700	0.234100	-0.389400	1.863200	-0.570500
1627302981.327641	-0.441400	-0.968600	0.191300	-0.350600	1.908400	-0.573300
1627302981.338551	-0.419100	-0.980000	0.155200	-0.302000	1.923300	-0.557400
1627302981.339450	-0.401100	-0.991000	0.123500	-0.242400	1.911400	-0.511900
1627302981.348540	-0.383400	-1.004200	0.109900	-0.202700	1.880600	-0.443800
1627302981.360292	-0.378700	-1.007700	0.117300	-0.173700	1.838400	-0.354900
1627302981.367856	-0.373500	-1.013900	0.110600	-0.134000	1.810600	-0.255600
1627302981.379148	-0.372900	-1.016800	0.117800	-0.076300	1.778600	-0.133500
1627302981.380035	-0.375200	-1.032100	0.103600	0.009200	1.752000	0.025700
1627302981.407688	-0.376000	-1.053700	0.091400	0.078600	1.719900	0.165600
1627302981.409269	-0.374000	-1.085400	0.059400	0.127700	1.682700	0.294400
1627302981.423833	-0.378900	-1.119100	0.038000	0.138100	1.619700	0.415400
1627302981.428882	-0.397800	-1.145000	0.022500	0.120400	1.539100	0.545800
1627302981.446987	-0.420500	-1.153300	0.023800	0.078300	1.456300	0.682600
1627302981.447797	-0.449600	-1.145100	0.031500	0.051400	1.382100	0.825600
1627302981.460359	-0.493400	-1.140100	0.050900	0.069400	1.310600	1.006700
1627302981.468163	-0.518100	-1.140400	0.048800	0.100900	1.289300	1.164000
1627302981.491918	-0.525500	-1.152100	0.061800	0.111900	1.276700	1.312100
1627302981.494075	-0.525100	-1.164300	0.063800	0.082200	1.263000	1.449000
1627302981.497735	-0.526000	-1.157500	0.065400	0.025700	1.241600	1.573600
1627302981.510342	-0.532200	-1.126700	0.072300	-0.023800	1.223000	1.695500
1627302981.511242	-0.541500	-1.088300	0.074800	-0.044200	1.220800	1.814000
1627302981.535036	-0.555200	-1.055300	0.075700	-0.028900	1.235200	1.936800
1627302981.548675	-0.564100	-1.037100	0.084700	0.001000	1.250800	2.019200
1627302981.549562	-0.565600	-1.026000	0.084600	0.014700	1.268800	2.100800
1627302981.558565	-0.559400	-1.012500	0.078400	0.015600	1.272500	2.172900
1627302981.579154	-0.561500	-0.996300	0.075300	0.004700	1.263000	2.237300
1627302981.580610	-0.570800	-0.976400	0.079800	-0.003300	1.255400	2.299900
1627302981.600281	-0.581200	-0.948100	0.075200	-0.011200	1.264200	2.364700
1627302981.608420	-0.581200	-0.948100	0.075200	-0.011200	1.264200	2.364700
1627302981.609315	-0.609900	-0.851600	0.074800	-0.001200	1.312500	2.423300
1627302981.614706	-0.623700	-0.813700	0.059600	0.050500	1.349400	2.402500
1627302981.636322	-0.623700	-0.813700	0.059600	0.050500	1.349400	2.402500
1627302981.637899	-0.636000	-0.794800	0.052500	0.137200	1.372600	2.382100
1627302981.652965	-0.649200	-0.792800	0.048800	0.230100	1.394300	2.372300
1627302981.659245	-0.664200	-0.798500	0.050000	0.306700	1.418500	2.382400
1627302981.679288	-0.683100	-0.799100	0.050700	0.331500	1.458200	2.390000
1627302981.680097	-0.699500	-0.789900	0.034900	0.318000	1.510400	2.385400
1627302981.687726	-0.707000	-0.772600	0.024900	0.266400	1.545200	2.353700
1627302981.700314	-0.711200	-0.747400	0.004500	0.200700	1.584000	2.301400
1627302981.721785	-0.708500	-0.718300	-0.015300	0.122500	1.617000	2.249200
1627302981.722680	-0.702800	-0.690600	-0.030400	0.074900	1.628600	2.215900
1627302981.726200	-0.700000	-0.662500	-0.045200	0.061500	1.618200	2.195800
1627302981.741492	-0.706900	-0.638900	-0.048500	0.069100	1.592300	2.180800
1627302981.767883	-0.719100	-0.616000	-0.044900	0.069400	1.565100	2.175000
1627302981.772171	-0.728800	-0.582300	-0.052100	0.051400	1.556200	2.162800
1627302981.773068	-0.725200	-0.543100	-0.044200	0.000400	1.541500	2.119700
1627302981.778913	-0.726000	-0.507400	-0.042600	-0.035700	1.521100	2.065600
1627302981.787204	-0.734400	-0.479100	-0.060800	-0.075400	1.502100	2.001500
1627302981.811174	-0.742700	-0.448900	-0.078900	-0.095200	1.483800	1.935800
1627302981.812077	-0.742800	-0.408400	-0.084400	-0.052500	1.460300	1.854600
1627302981.819161	-0.750900	-0.377300	-0.071800	0.044100	1.426100	1.789200
1627302981.827669	-0.773700	-0.354600	-0.072000	0.149700	1.414200	1.724800
1627302981.831718	-0.781900	-0.340600	-0.068200	0.251400	1.416300	1.652700
1627302981.855607	-0.784700	-0.331100	-0.076000	0.349500	1.419400	1.587600
1627302981.857955	-0.790200	-0.315200	-0.108400	0.420000	1.432500	1.522000
1627302981.873668	-0.787000	-0.297600	-0.146600	0.477200	1.450800	1.445300
1627302981.876814	-0.776600	-0.288300	-0.181500	0.586200	1.454500	1.342400
1627302981.899291	-0.769200	-0.297100	-0.210900	0.691600	1.435900	1.273000
1627302981.900119	-0.756200	-0.308100	-0.241700	0.787200	1.403500	1.216200
1627302981.920329	-0.741900	-0.318100	-0.260100	0.884300	1.343900	1.158200
1627302981.928343	-0.751200	-0.340100	-0.252800	0.938700	1.280400	1.102300
1627302981.929340	-0.773700	-0.365100	-0.236700	0.941400	1.244400	1.066300
1627302981.934770	-0.789700	-0.376200	-0.232300	0.878800	1.237300	1.037600
1627302981.957081	-0.776000	-0.347300	-0.235100	0.783800	1.242500	1.005800
1627302981.958023	-0.763100	-0.304100	-0.246800	0.760000	1.227000	0.962100
1627302981.964860	-0.764800	-0.260400	-0.268200	0.825700	1.191500	0.914500
1627302981.986287	-0.765900	-0.227700	-0.284300	0.974400	1.153000	0.874200
1627302981.998358	-0.764800	-0.229200	-0.290000	1.162500	1.105100	0.851200
1627302981.999251	-0.762100	-0.267900	-0.287700	1.329900	1.046100	0.838100
1627302982.005806	-0.762600	-0.331800	-0.297000	1.406000	0.986600	0.826800
1627302982.025094	-0.770600	-0.367700	-0.309000	1.339100	0.941400	0.819800
1627302982.036067	-0.785600	-0.360800	-0.310100	1.198000	0.909900	0.798400
1627302982.036981	-0.799000	-0.339100	-0.310700	1.037900	0.893100	0.765400
1627302982.045943	-0.795700	-0.319300	-0.324800	0.891900	0.878500	0.730300
1627302982.067583	-0.783600	-0.307900	-0.333300	0.784700	0.847300	0.701600
1627302982.075883	-0.778800	-0.299300	-0.351900	0.729100	0.798700	0.678100
1627302982.076762	-0.784400	-0.288800	-0.355000	0.706200	0.739800	0.653300
1627302982.086545	-0.801900	-0.282500	-0.341300	0.699200	0.687600	0.632900
1627302982.088595	-0.825300	-0.286500	-0.323400	0.700700	0.658500	0.625800
1627302982.115962	-0.839500	-0.282800	-0.318800	0.707500	0.649100	0.629200
1627302982.116858	-0.835000	-0.259500	-0.333900	0.735200	0.647500	0.634400
1627302982.127607	-0.835400	-0.224200	-0.356600	0.817100	0.631100	0.630400
1627302982.133510	-0.838100	-0.209000	-0.382600	0.963100	0.609400	0.624600
1627302982.156294	-0.829300	-0.227900	-0.405000	1.148200	0.568700	0.615500
1627302982.157194	-0.820800	-0.265000	-0.399500	1.281400	0.531200	0.613300
1627302982.162189	-0.824100	-0.300200	-0.381000	1.337300	0.494800	0.610900
1627302982.185200	-0.844500	-0.324300	-0.364700	1.325600	0.471000	0.600500
1627302982.186302	-0.874400	-0.336300	-0.339500	1.259100	0.474700	0.589500
1627302982.201882	-0.885100	-0.323100	-0.346600	1.195800	0.489300	0.594400
1627302982.208887	-0.867400	-0.285500	-0.375900	1.159500	0.497000	0.601400
1627302982.225673	-0.831700	-0.238800	-0.384400	1.196800	0.482300	0.595000
1627302982.226694	-0.819200	-0.228600	-0.403300	1.291700	0.460000	0.576700
1627302982.245289	-0.811400	-0.238800	-0.416300	1.369600	0.429800	0.546400
1627302982.256073	-0.811300	-0.261500	-0.414100	1.405100	0.390700	0.516500
1627302982.256975	-0.825200	-0.292000	-0.403300	1.402900	0.356200	0.497900
1627302982.261148	-0.841700	-0.321300	-0.394400	1.346700	0.332600	0.494500
1627302982.283933	-0.852200	-0.334100	-0.385600	1.248100	0.334500	0.497900
1627302982.286465	-0.863800	-0.327600	-0.383400	1.110300	0.333900	0.482600
1627302982.301578	-0.888200	-0.317600	-0.396700	1.032700	0.333300	0.460600
1627302982.302471	-0.894400	-0.315700	-0.409100	0.994600	0.329900	0.442900
1627302982.324076	-0.889200	-0.326300	-0.411600	0.989400	0.312200	0.431000
1627302982.326491	-0.883500	-0.344700	-0.407300	0.986300	0.288400	0.417200
1627302982.341826	-0.887100	-0.363900	-0.402600	0.961600	0.259000	0.405900
1627302982.365349	-0.908900	-0.368300	-0.392000	0.904500	0.235500	0.395500
1627302982.366776	-0.934400	-0.360000	-0.374600	0.855900	0.230600	0.392200
1627302982.377244	-0.951300	-0.351800	-0.362500	0.841500	0.236100	0.397700
1627302982.378161	-0.964800	-0.343100	-0.362200	0.857100	0.253200	0.412000
1627302982.386097	-0.961200	-0.336700	-0.369800	0.900200	0.271300	0.429100
1627302982.407568	-0.949100	-0.339500	-0.390100	0.954500	0.275200	0.443500
1627302982.415880	-0.938800	-0.351100	-0.402700	0.995200	0.269100	0.452700
1627302982.416774	-0.934900	-0.365400	-0.409300	1.000100	0.250200	0.455100
1627302982.425311	-0.939900	-0.379800	-0.403100	0.959100	0.229400	0.453600
1627302982.428364	-0.944900	-0.387900	-0.385300	0.891900	0.220600	0.454800
1627302982.456284	-0.951200	-0.388300	-0.368900	0.811600	0.220200	0.456300
1627302982.457176	-0.960300	-0.381600	-0.356100	0.731600	0.229400	0.464000
1627302982.467839	-0.957000	-0.366600	-0.350300	0.682100	0.247700	0.478900
1627302982.472428	-0.941300	-0.352900	-0.345600	0.649100	0.267300	0.488700
1627302982.496999	-0.932700	-0.333600	-0.340200	0.643600	0.282900	0.490200
1627302982.499080	-0.924100	-0.320700	-0.339100	0.662900	0.298100	0.491100
1627302982.509030	-0.907500	-0.314800	-0.334700	0.685500	0.308500	0.497900
1627302982.516649	-0.893800	-0.315700	-0.329200	0.698900	0.313400	0.501200
1627302982.537396	-0.888500	-0.317300	-0.330400	0.694300	0.316800	0.503400
1627302982.538249	-0.880200	-0.318000	-0.326800	0.669900	0.325300	0.506700
1627302982.547369	-0.878800	-0.317500	-0.317500	0.632000	0.337500	0.505200
1627302982.553302	-0.862400	-0.319800	-0.316900	0.557800	0.358900	0.494200
1627302982.575141	-0.838600	-0.323000	-0.321700	0.450300	0.374500	0.469800
1627302982.576184	-0.816200	-0.314100	-0.328100	0.332100	0.372000	0.426400
1627302982.583246	-0.803500	-0.292000	-0.339100	0.219400	0.350100	0.379400
1627302982.605003	-0.805100	-0.266000	-0.346100	0.133200	0.327100	0.336600
1627302982.605889	-0.805100	-0.256000	-0.354700	0.081900	0.307900	0.302700
1627302982.615339	-0.804000	-0.250200	-0.367200	0.052300	0.293600	0.271800
1627302982.622202	-0.796400	-0.243000	-0.376100	0.052900	0.262100	0.239800
1627302982.644085	-0.792700	-0.248000	-0.391600	0.077300	0.231500	0.224500
1627302982.645085	-0.784700	-0.257300	-0.401500	0.110300	0.194300	0.212000
1627302982.657768	-0.781700	-0.264900	-0.408700	0.152800	0.146000	0.198800
1627302982.666818	-0.792000	-0.269000	-0.414300	0.206200	0.097500	0.186300
1627302982.688063	-0.810900	-0.274900	-0.414300	0.269200	0.052300	0.171000
1627302982.690286	-0.843300	-0.284400	-0.411700	0.337900	0.006100	0.156400
1627302982.698948	-0.874000	-0.304600	-0.405900	0.406300	-0.023800	0.149700
1627302982.710359	-0.889000	-0.331400	-0.395000	0.436200	-0.029900	0.141100
1627302982.734095	-0.896500	-0.366500	-0.379200	0.410000	-0.020400	0.109700
1627302982.735345	-0.891500	-0.399800	-0.382700	0.314400	-0.005200	0.061100
1627302982.745972	-0.870400	-0.417600	-0.398300	0.151300	0.015000	0.003100
1627302982.746863	-0.838900	-0.416600	-0.424300	-0.034400	0.036400	-0.059600
1627302982.753557	-0.798700	-0.410800	-0.443700	-0.203000	0.051300	-0.149400
1627302982.778627	-0.750000	-0.416500	-0.467800	-0.347800	0.048300	-0.253500
1627302982.784679	-0.723100	-0.421900	-0.460800	-0.454400	0.016200	-0.368700
1627302982.785560	-0.709800	-0.415600	-0.459400	-0.566800	-0.017400	-0.489300
1627302982.797349	-0.712800	-0.400900	-0.458500	-0.636500	-0.051000	-0.612400
1627302982.823522	-0.716600	-0.400600	-0.457600	-0.663000	-0.076000	-0.726300
1627302982.824462	-0.717500	-0.403900	-0.464800	-0.691100	-0.092800	-0.836600
1627302982.825281	-0.721800	-0.395600	-0.457000	-0.689300	-0.111500	-0.956000
1627302982.836651	-0.732400	-0.381000	-0.437400	-0.625200	-0.129200	-1.061700
1627302982.840937	-0.736700	-0.369500	-0.419900	-0.536900	-0.135900	-1.146300
1627302982.867034	-0.740500	-0.362800	-0.396500	-0.419600	-0.135600	-1.228700
1627302982.867731	-0.759000	-0.371100	-0.374100	-0.297400	-0.133100	-1.309100
1627302982.877883	-0.781500	-0.380400	-0.367300	-0.196000	-0.114500	-1.376300
1627302982.880808	-0.778000	-0.383200	-0.357200	-0.129700	-0.090700	-1.430300
1627302982.908515	-0.752000	-0.377100	-0.337200	-0.062200	-0.090700	-1.491400
1627302982.909401	-0.733200	-0.369900	-0.324000	0.011400	-0.103200	-1.544900
1627302982.923647	-0.716200	-0.360000	-0.311300	0.090200	-0.116600	-1.589200
1627302982.935177	-0.697600	-0.355500	-0.286700	0.179400	-0.131000	-1.633400
1627302982.936722	-0.682300	-0.360500	-0.270600	0.273400	-0.138300	-1.679000
1627302982.947904	-0.675000	-0.375200	-0.258400	0.348600	-0.146300	-1.727500
1627302982.948795	-0.685500	-0.393600	-0.245400	0.404800	-0.149300	-1.771500
1627302982.970369	-0.692900	-0.410500	-0.219200	0.430700	-0.124300	-1.821900
1627302982.977839	-0.680200	-0.420300	-0.206800	0.431600	-0.102600	-1.866200
1627302982.987824	-0.663100	-0.425900	-0.200800	0.429200	-0.088500	-1.912300
1627302982.991509	-0.647500	-0.419900	-0.200600	0.445400	-0.071700	-1.951400
1627302983.014121	-0.630400	-0.409200	-0.202400	0.492400	-0.051300	-1.988400
1627302983.015313	-0.608200	-0.400500	-0.202300	0.583800	-0.038800	-2.018300
1627302983.026615	-0.582500	-0.409800	-0.214200	0.722700	-0.051600	-2.044600
1627302983.036667	-0.561300	-0.448100	-0.245200	0.913000	-0.103200	-2.062900
1627302983.059642	-0.543700	-0.495000	-0.265100	1.041000	-0.177700	-2.058300
1627302983.060517	-0.528200	-0.546300	-0.270300	1.118000	-0.267800	-2.035100
1627302983.063924	-0.521400	-0.594800	-0.268400	1.143300	-0.368300	-2.002100
1627302983.077011	-0.518200	-0.633700	-0.267100	1.133200	-0.468800	-1.966100
1627302983.078221	-0.530500	-0.666300	-0.256800	1.076100	-0.558600	-1.932800
1627302983.100100	-0.550200	-0.688100	-0.246700	1.025700	-0.598300	-1.906800
1627302983.103700	-0.543800	-0.709700	-0.247200	0.991800	-0.617900	-1.871400
1627302983.119555	-0.522100	-0.724600	-0.252600	0.989700	-0.655700	-1.831400
1627302983.121982	-0.508100	-0.736500	-0.250600	1.012600	-0.713500	-1.794100
1627302983.144474	-0.507200	-0.751200	-0.252900	1.065100	-0.772700	-1.760500
1627302983.145372	-0.509500	-0.771700	-0.251800	1.132300	-0.831100	-1.731200
1627302983.154019	-0.511400	-0.794400	-0.233800	1.191600	-0.886000	-1.699100
1627302983.166743	-0.514000	-0.824500	-0.213000	1.235800	-0.935800	-1.672500
1627302983.189370	-0.507200	-0.854600	-0.189500	1.249300	-0.964500	-1.662500
1627302983.191572	-0.500500	-0.874000	-0.169400	1.257500	-0.983800	-1.660900
1627302983.194031	-0.495100	-0.897100	-0.163800	1.273700	-0.989600	-1.653900
1627302983.207990	-0.477700	-0.923700	-0.164300	1.263900	-1.000600	-1.648400
1627302983.208900	-0.457800	-0.949700	-0.150000	1.267600	-1.013100	-1.646000
1627302983.233993	-0.431000	-0.984400	-0.148400	1.267600	-1.041800	-1.645400
1627302983.244644	-0.393100	-1.022500	-0.152500	1.244400	-1.112000	-1.631600
1627302983.245533	-0.365700	-1.048600	-0.143600	1.191900	-1.198800	-1.609300
1627302983.253552	-0.354000	-1.061300	-0.122400	1.120400	-1.288600	-1.593700
1627302983.273101	-0.349500	-1.064100	-0.090800	1.033000	-1.369500	-1.582400
1627302983.273914	-0.350200	-1.064600	-0.043600	0.946300	-1.432100	-1.571400
1627302983.282197	-0.339700	-1.067300	-0.002600	0.846700	-1.467000	-1.554300
1627302983.303423	-0.319900	-1.069100	0.016700	0.756600	-1.492900	-1.541500
1627302983.304126	-0.293100	-1.053100	0.039900	0.691000	-1.534800	-1.526500
1627302983.321494	-0.267700	-1.036000	0.046100	0.671700	-1.583300	-1.511000
1627302983.322111	-0.247100	-1.018800	0.049700	0.676300	-1.642000	-1.502400
1627302983.345061	-0.233000	-1.004400	0.053600	0.701300	-1.695700	-1.502400
1627302983.346503	-0.216700	-0.996000	0.055200	0.731900	-1.761700	-1.522600
1627302983.355389	-0.217400	-0.993500	0.061400	0.778300	-1.835000	-1.551000
1627302983.366852	-0.220500	-1.005100	0.069000	0.833600	-1.880500	-1.564100
1627302983.388986	-0.209000	-1.007200	0.075400	0.883400	-1.927900	-1.565900
1627302983.390546	-0.196300	-0.999500	0.095100	0.927700	-1.986200	-1.570800
1627302983.405581	-0.179700	-0.994500	0.116500	0.966500	-2.056400	-1.586700
1627302983.409101	-0.157100	-0.997200	0.120600	0.973800	-2.134900	-1.612700
1627302983.410005	-0.134500	-0.999500	0.119300	0.955200	-2.232100	-1.640500
1627302983.432094	-0.115200	-0.994300	0.111900	0.917000	-2.341100	-1.659400
1627302983.434269	-0.099700	-0.994500	0.147300	0.885500	-2.470000	-1.657300
1627302983.445338	-0.105100	-1.001000	0.240000	0.903800	-2.597100	-1.594400
1627302983.453066	-0.115100	-0.999300	0.315800	0.969200	-2.613300	-1.485000
1627302983.475638	-0.098100	-0.977500	0.337600	1.066300	-2.564700	-1.359200
1627302983.476749	-0.063600	-0.933700	0.343400	1.245600	-2.519500	-1.259600
1627302983.484042	-0.028100	-0.899800	0.322500	1.524800	-2.529900	-1.199700
1627302983.495331	0.002700	-0.898200	0.276000	1.819200	-2.600700	-1.160600
1627302983.496331	0.034100	-0.947800	0.239300	2.051000	-2.737600	-1.119700
1627302983.523204	0.046500	-1.017200	0.242800	2.136600	-2.905500	-1.052200
1627302983.524090	0.039700	-1.050300	0.287200	2.104200	-3.064700	-0.945600
1627302983.539168	0.011600	-1.031400	0.355600	2.059600	-3.195700	-0.793200
1627302983.540070	-0.000500	-0.981800	0.386000	2.052900	-3.239700	-0.637100
1627302983.555715	0.016400	-0.921300	0.418200	2.116100	-3.249500	-0.519200
1627302983.565388	0.041600	-0.883100	0.431900	2.248100	-3.277000	-0.450800
1627302983.569882	0.069800	-0.886000	0.435900	2.327200	-3.336800	-0.434000
1627302983.594731	0.080300	-0.925700	0.450400	2.274300	-3.421100	-0.442000
1627302983.595623	0.088700	-0.962800	0.460300	2.122500	-3.509100	-0.435500
1627302983.611684	0.102400	-0.969100	0.493300	1.897100	-3.597000	-0.408100
1627302983.623185	0.106800	-0.943600	0.546800	1.686700	-3.657500	-0.339600
1627302983.623842	0.137000	-0.893200	0.570600	1.506500	-3.653200	-0.257800
1627302983.629627	0.190200	-0.831700	0.601000	1.391600	-3.654200	-0.201600
1627302983.650462	0.244900	-0.784200	0.611900	1.366600	-3.689300	-0.190300
1627302983.653083	0.261500	-0.790800	0.627000	1.349800	-3.725300	-0.193900
1627302983.664104	0.243400	-0.834700	0.660400	1.301500	-3.744000	-0.144200
1627302983.683519	0.242100	-0.864300	0.664300	1.168700	-3.675500	-0.057100
1627302983.684417	0.278000	-0.861200	0.677600	1.005200	-3.583600	0.008600
1627302983.693638	0.315200	-0.830400	0.695600	0.901400	-3.509400	0.046100
1627302983.701126	0.350700	-0.803700	0.705300	0.855300	-3.458100	0.059000
1627302983.723487	0.374800	-0.797500	0.708400	0.875700	-3.418100	0.078200
1627302983.724375	0.379500	-0.806200	0.704600	0.898700	-3.384200	0.117300
1627302983.732742	0.403900	-0.796500	0.684600	0.925200	-3.334100	0.160700
1627302983.740763	0.438000	-0.781700	0.661400	0.954900	-3.297700	0.172000
1627302983.752623	0.454200	-0.769200	0.655800	0.979600	-3.268400	0.180500
1627302983.763772	0.446500	-0.757400	0.673000	1.001000	-3.217700	0.208300
1627302983.772698	0.454000	-0.739900	0.701400	1.080400	-3.110200	0.244700
1627302983.794488	0.485200	-0.740100	0.715800	1.242900	-2.988300	0.259600
1627302983.795443	0.502700	-0.760300	0.710200	1.351000	-2.896700	0.259300
1627302983.805312	0.509300	-0.797600	0.680200	1.356200	-2.820000	0.259000
1627302983.815390	0.514400	-0.823200	0.640500	1.234900	-2.758300	0.252600
1627302983.837682	0.522800	-0.819600	0.597300	1.020800	-2.725600	0.230900
1627302983.839492	0.532800	-0.785900	0.564200	0.764000	-2.718300	0.195800
1627302983.852336	0.535000	-0.723900	0.555900	0.529700	-2.690500	0.142900
1627302983.853233	0.549200	-0.671900	0.557600	0.400200	-2.625200	0.050100
1627302983.860064	0.563200	-0.658200	0.558600	0.391300	-2.567400	-0.055300
1627302983.882602	0.575900	-0.674100	0.540000	0.385800	-2.529900	-0.169800
1627302983.893417	0.584500	-0.703500	0.507600	0.325400	-2.518000	-0.288000
1627302983.894306	0.597800	-0.724900	0.465100	0.184200	-2.520700	-0.407400
1627302983.904853	0.624500	-0.719100	0.433200	-0.016700	-2.540300	-0.518600
1627302983.928256	0.644900	-0.682400	0.433600	-0.222000	-2.542400	-0.602000
1627302983.929313	0.655900	-0.637100	0.445300	-0.291900	-2.483400	-0.657000
1627302983.932923	0.659400	-0.601200	0.456700	-0.200600	-2.399100	-0.706200
1627302983.945367	0.675200	-0.592800	0.457300	-0.026500	-2.317600	-0.752000
1627302983.966874	0.692900	-0.613200	0.438400	0.118300	-2.250100	-0.783400
1627302983.968112	0.706800	-0.652000	0.401600	0.155500	-2.185900	-0.817300
1627302983.979704	0.717300	-0.687400	0.359700	0.073100	-2.129400	-0.865600
1627302983.996813	0.734100	-0.713100	0.315900	-0.127000	-2.074800	-0.929400
1627302984.004675	0.747300	-0.717300	0.291600	-0.341700	-2.045100	-0.976500
1627302984.005364	0.749000	-0.713700	0.272300	-0.517300	-2.022200	-0.997500
1627302984.018573	0.749600	-0.706700	0.258700	-0.667600	-1.994700	-0.997500
1627302984.043616	0.754900	-0.701000	0.244800	-0.803500	-1.962400	-0.994800
1627302984.044751	0.767900	-0.697100	0.237400	-0.925100	-1.918100	-0.994800
1627302984.045597	0.790000	-0.693200	0.235500	-1.039000	-1.874100	-1.008800
1627302984.054198	0.815800	-0.674300	0.221800	-1.178000	-1.820700	-1.056200
1627302984.059415	0.817900	-0.649000	0.235600	-1.237200	-1.759300	-1.097700
1627302984.082321	0.783100	-0.625600	0.241200	-1.218900	-1.655400	-1.135900
1627302984.083306	0.727100	-0.608600	0.241900	-1.100100	-1.518300	-1.153300
1627302984.097764	0.688600	-0.587000	0.235700	-0.856100	-1.350900	-1.107500
1627302984.100942	0.692600	-0.568400	0.220300	-0.516100	-1.177400	-0.994800
1627302984.124451	0.713900	-0.561300	0.198700	-0.127000	-1.008200	-0.851200
1627302984.125114	0.741500	-0.571900	0.178100	0.364500	-0.807500	-0.686300
1627302984.135070	0.757200	-0.606100	0.159300	0.722100	-0.674100	-0.592800
1627302984.141612	0.775000	-0.657600	0.142700	0.986600	-0.578500	-0.520800
1627302984.145273	0.796600	-0.714500	0.138400	1.127700	-0.514600	-0.461500
1627302984.171886	0.813200	-0.761500	0.137100	1.143900	-0.476700	-0.416600
1627302984.172705	0.818500	-0.782600	0.142100	1.070000	-0.449600	-0.377800
1627302984.184017	0.807500	-0.776900	0.164100	0.958800	-0.414400	-0.319800
1627302984.190411	0.769200	-0.757700	0.193200	0.860500	-0.348200	-0.228800
1627302984.211951	0.722200	-0.745000	0.213900	0.827200	-0.259900	-0.157000
1627302984.212763	0.690700	-0.734700	0.237400	0.842800	-0.142300	-0.093800
1627302984.222490	0.680500	-0.735100	0.252300	0.876700	-0.011900	-0.026900
1627302984.228893	0.686600	-0.749100	0.260000	0.894700	0.125000	0.044300
1627302984.248850	0.707400	-0.765500	0.266000	0.884900	0.263000	0.111800
1627302984.252436	0.727700	-0.772800	0.278800	0.862000	0.409000	0.187500
1627302984.257111	0.727100	-0.769900	0.289600	0.857100	0.547700	0.271800
1627302984.280196	0.705400	-0.767800	0.295900	0.899000	0.673500	0.345400
1627302984.281390	0.674900	-0.781200	0.299100	0.992100	0.811600	0.410200
1627302984.296212	0.667500	-0.813600	0.300400	1.091400	0.954200	0.475900
1627302984.301807	0.693000	-0.854900	0.306200	1.133200	1.089800	0.540300
1627302984.320998	0.732100	-0.886200	0.320300	1.116700	1.211400	0.600800
1627302984.321896	0.759900	-0.906600	0.338000	1.042500	1.344900	0.663700
1627302984.327346	0.747800	-0.912600	0.357200	0.952700	1.468600	0.712000
1627302984.350423	0.722800	-0.916900	0.371800	0.883100	1.597100	0.748000
1627302984.362149	0.714000	-0.930300	0.391500	0.805200	1.733100	0.779200
1627302984.363141	0.735700	-0.944500	0.408200	0.694600	1.866500	0.814900
1627302984.369767	0.772200	-0.959200	0.430700	0.539800	1.991800	0.842100
1627302984.395272	0.804000	-0.966900	0.448500	0.339400	2.088600	0.853400
1627302984.405968	0.809800	-0.962500	0.468600	0.074600	2.171700	0.862200
1627302984.406860	0.798600	-0.947800	0.479000	-0.160000	2.231500	0.861900
1627302984.412232	0.781000	-0.934200	0.487500	-0.354800	2.266300	0.858600
1627302984.435300	0.762500	-0.919900	0.495700	-0.526800	2.283800	0.870200
1627302984.441140	0.742600	-0.907000	0.518600	-0.676500	2.308800	0.907100
1627302984.450341	0.718100	-0.893800	0.548000	-0.773300	2.363500	0.957800
1627302984.451267	0.700300	-0.883400	0.581400	-0.798900	2.432500	1.008800
1627302984.475640	0.678200	-0.874400	0.600300	-0.770800	2.537600	1.056500
1627302984.476456	0.679700	-0.874500	0.598900	-0.742700	2.594700	1.081500
1627302984.484102	0.670800	-0.865400	0.588100	-0.737900	2.617600	1.110900
1627302984.495326	0.648800	-0.843500	0.603600	-0.757100	2.635300	1.155500
1627302984.496335	0.636400	-0.828500	0.603400	-0.721400	2.680500	1.194200
1627302984.520309	0.634300	-0.839400	0.596900	-0.654500	2.719600	1.187200
1627302984.521356	0.628300	-0.882100	0.570800	-0.663900	2.734600	1.156700
1627302984.536751	0.610500	-0.916600	0.557600	-0.816700	2.734300	1.127100
1627302984.540329	0.591300	-0.916400	0.544700	-0.987700	2.726600	1.095300
1627302984.559663	0.566200	-0.889200	0.533200	-1.138300	2.694600	1.056200
1627302984.560557	0.531000	-0.829000	0.533100	-1.197800	2.669500	1.032100
1627302984.570727	0.502700	-0.762100	0.560700	-1.104700	2.674400	1.012200
1627302984.593581	0.488800	-0.716100	0.596200	-0.875300	2.695200	0.988400
1627302984.604583	0.465900	-0.703500	0.618200	-0.576000	2.707400	0.942600
1627302984.605448	0.428200	-0.725800	0.626000	-0.290700	2.714400	0.887900
1627302984.625428	0.383400	-0.764500	0.637100	-0.188400	2.728200	0.836600
1627302984.637595	0.343400	-0.794800	0.651000	-0.205500	2.777600	0.771500
1627302984.639198	0.309900	-0.823100	0.652200	-0.300800	2.840900	0.675600
1627302984.654643	0.277100	-0.846800	0.655300	-0.496300	2.894900	0.571200
1627302984.658117	0.255100	-0.850800	0.636800	-0.757400	2.925200	0.485300
1627302984.670993	0.219500	-0.848000	0.597800	-1.035000	2.922100	0.406800
1627302984.671569	0.184400	-0.857900	0.551500	-1.251600	2.895500	0.360100
1627302984.677008	0.144900	-0.886500	0.509400	-1.357900	2.855500	0.386400
1627302984.699367	0.117900	-0.923300	0.464600	-1.401600	2.797800	0.477100
1627302984.701608	0.096900	-0.941500	0.436400	-1.401900	2.704000	0.628600
1627302984.710288	0.086300	-0.922900	0.428300	-1.364900	2.606600	0.814300
1627302984.714238	0.084500	-0.877600	0.422600	-1.259800	2.507000	0.975900
1627302984.736668	0.076400	-0.837200	0.408000	-1.044500	2.393100	1.080600
1627302984.740109	0.041300	-0.829300	0.402200	-0.855800	2.295400	1.113600
1627302984.750414	0.011100	-0.847700	0.404200	-0.721100	2.234300	1.124000
1627302984.760609	-0.015300	-0.883700	0.417400	-0.686800	2.181100	1.136800
1627302984.780171	-0.047500	-0.911400	0.446200	-0.760800	2.135900	1.176800
1627302984.781598	-0.066700	-0.931400	0.463900	-0.849000	2.128000	1.245900
1627302984.796603	-0.081100	-0.973100	0.468100	-0.939700	2.137400	1.336900
1627302984.802848	-0.103900	-1.034700	0.442500	-1.110500	2.127400	1.470100
1627302984.824427	-0.127300	-1.064000	0.410600	-1.280000	2.102000	1.573000
1627302984.825457	-0.151600	-1.072900	0.378400	-1.466000	2.062000	1.668000
1627302984.835505	-0.173500	-1.055200	0.353800	-1.637000	2.004600	1.752000
1627302984.844278	-0.186400	-1.021200	0.337400	-1.728700	1.942900	1.850900
1627302984.859588	-0.194800	-0.987800	0.314000	-1.732300	1.871400	1.979800
1627302984.860400	-0.211300	-0.952400	0.296400	-1.646500	1.796600	2.124600
1627302984.871425	-0.236600	-0.919100	0.284300	-1.440400	1.717200	2.288300
1627302984.884153	-0.264000	-0.909200	0.273200	-1.259500	1.653600	2.387300
1627302984.901904	-0.301900	-0.913100	0.268400	-1.095500	1.602900	2.467000
1627302984.904143	-0.318700	-0.931900	0.259900	-0.975800	1.570300	2.535100
1627302984.913835	-0.327100	-0.960200	0.244900	-0.919600	1.533900	2.588500
1627302984.921769	-0.337500	-0.987100	0.227700	-0.934600	1.488700	2.647500
1627302984.940930	-0.351700	-0.992100	0.216700	-1.019200	1.437100	2.743400
1627302984.941751	-0.356700	-0.965100	0.211500	-1.133400	1.379700	2.854600
1627302984.950339	-0.368200	-0.922000	0.211900	-1.184400	1.342100	2.923900
1627302984.962306	-0.380200	-0.876100	0.222400	-1.181600	1.323500	2.971300
1627302984.984613	-0.384900	-0.849600	0.229700	-1.129100	1.306400	3.002400
1627302984.985430	-0.394800	-0.837800	0.227100	-1.049100	1.287400	3.028400
1627302985.004319	-0.406100	-0.833700	0.218900	-0.968200	1.269700	3.062000
1627302985.012584	-0.426500	-0.812500	0.208400	-0.886600	1.258400	3.101700
1627302985.023251	-0.443700	-0.776100	0.200900	-0.779100	1.267300	3.120300
1627302985.023868	-0.464400	-0.734600	0.200000	-0.665800	1.282800	3.119100
1627302985.030951	-0.481800	-0.702600	0.194600	-0.520100	1.307600	3.102000
1627302985.050320	-0.497100	-0.687600	0.182600	-0.361900	1.331400	3.074200
1627302985.062139	-0.516400	-0.689800	0.163700	-0.206700	1.357100	3.041800
1627302985.063275	-0.535300	-0.698100	0.142300	-0.097400	1.384300	3.001200
1627302985.071211	-0.556900	-0.704300	0.118700	-0.037800	1.413300	2.941000
1627302985.092639	-0.572100	-0.687000	0.100800	-0.048500	1.437100	2.876300
1627302985.100968	-0.585200	-0.654300	0.086800	-0.075400	1.461200	2.798700
1627302985.101861	-0.603800	-0.616000	0.080700	-0.092800	1.492400	2.715600
1627302985.110382	-0.615400	-0.585800	0.072400	-0.081200	1.539100	2.624000
1627302985.113499	-0.625400	-0.574300	0.062300	-0.050000	1.578800	2.539400
1627302985.140016	-0.635500	-0.567900	0.045700	-0.038100	1.613600	2.464500
1627302985.151704	-0.641700	-0.553800	0.025500	-0.046100	1.650300	2.364400
1627302985.152621	-0.657100	-0.540800	0.005200	-0.071700	1.676200	2.265400
1627302985.175107	-0.671900	-0.518800	-0.013500	-0.105600	1.702200	2.167700
1627302985.179695	-0.680700	-0.498800	-0.031200	-0.136800	1.724200	2.077300
1627302985.180589	-0.695100	-0.478100	-0.048200	-0.178600	1.742800	1.993300
1627302985.190324	-0.708000	-0.457800	-0.066200	-0.215300	1.770600	1.910200
1627302985.195733	-0.715600	-0.433500	-0.078700	-0.261700	1.793200	1.831100
1627302985.218464	-0.713600	-0.408800	-0.096600	-0.302300	1.816700	1.757200
1627302985.219364	-0.711700	-0.394000	-0.122800	-0.316700	1.826500	1.723000
1627302985.239193	-0.713600	-0.382300	-0.149400	-0.323400	1.829000	1.703100
1627302985.260909	-0.724200	-0.371700	-0.171000	-0.318200	1.828400	1.686600
1627302985.261725	-0.739700	-0.357300	-0.184100	-0.309000	1.831700	1.682600
1627302985.266336	-0.743700	-0.336700	-0.195100	-0.305700	1.829600	1.687800
1627302985.281841	-0.742900	-0.311200	-0.211100	-0.287000	1.826200	1.700000
1627302985.285445	-0.741200	-0.287500	-0.228100	-0.248900	1.821900	1.709800
1627302985.303050	-0.731700	-0.271200	-0.244600	-0.205500	1.819800	1.714400
1627302985.303782	-0.726200	-0.259000	-0.265000	-0.176200	1.811900	1.720800
1627302985.322950	-0.726300	-0.251600	-0.282500	-0.163600	1.804500	1.727800
1627302985.337675	-0.735600	-0.251000	-0.310900	-0.171300	1.797800	1.725400
1627302985.338572	-0.747100	-0.252200	-0.329600	-0.217700	1.803900	1.710400
1627302985.340538	-0.742100	-0.246100	-0.351700	-0.291900	1.805700	1.699400
1627302985.351533	-0.727900	-0.233900	-0.383300	-0.379600	1.787100	1.698800
1627302985.359110	-0.714700	-0.218400	-0.419800	-0.458700	1.747400	1.697900
1627302985.381262	-0.707300	-0.194900	-0.455100	-0.532000	1.690300	1.693600
1627302985.382680	-0.707500	-0.158000	-0.477500	-0.590600	1.634700	1.682900
1627302985.390377	-0.708500	-0.120400	-0.496300	-0.609600	1.582500	1.671300
1627302985.401767	-0.708400	-0.085700	-0.514500	-0.592200	1.530200	1.656700
1627302985.402667	-0.702600	-0.060200	-0.536900	-0.561000	1.467900	1.623700
1627302985.429111	-0.697400	-0.041700	-0.551600	-0.541800	1.397400	1.577900
1627302985.430354	-0.700400	-0.023200	-0.561400	-0.540500	1.329600	1.532100
1627302985.445775	-0.703600	-0.004500	-0.569800	-0.541200	1.266000	1.484400
1627302985.448091	-0.702100	0.010600	-0.579300	-0.536600	1.209800	1.436500
1627302985.470166	-0.703100	0.030000	-0.590800	-0.522200	1.153300	1.387600
1627302985.471283	-0.693400	0.048600	-0.610600	-0.488900	1.095900	1.332300
1627302985.478945	-0.678800	0.075800	-0.636000	-0.419000	1.017400	1.257500
1627302985.491520	-0.673800	0.091900	-0.664900	-0.342000	0.952400	1.182300
1627302985.511932	-0.666400	0.102800	-0.696000	-0.260200	0.883600	1.099000
1627302985.512847	-0.647100	0.107200	-0.725300	-0.184400	0.800300	1.000300
1627302985.522851	-0.631600	0.110000	-0.757700	-0.126100	0.704400	0.892800
1627302985.529123	-0.624600	0.114300	-0.789300	-0.098900	0.592300	0.779200
1627302985.550787	-0.632300	0.120800	-0.789800	-0.078400	0.480200	0.665500
1627302985.551834	-0.644300	0.109900	-0.764800	-0.076300	0.344900	0.548900
1627302985.557249	-0.659900	0.088300	-0.764000	-0.109300	0.239500	0.461200
1627302985.578958	-0.670000	0.067700	-0.771900	-0.187500	0.141800	0.370800
1627302985.590999	-0.661700	0.059400	-0.792500	-0.300800	0.033300	0.286200
1627302985.597865	-0.659300	0.071300	-0.823500	-0.403100	-0.096200	0.200400
1627302985.598788	-0.648900	0.087300	-0.851200	-0.466300	-0.244600	0.112100
1627302985.621843	-0.640500	0.094800	-0.866900	-0.475800	-0.430900	0.033900
1627302985.622657	-0.658300	0.094200	-0.845100	-0.457200	-0.637100	-0.017400
1627302985.632919	-0.687500	0.091600	-0.789700	-0.439400	-0.781900	-0.033000
1627302985.643052	-0.705200	0.099700	-0.759300	-0.415900	-0.905300	-0.051900
1627302985.670569	-0.708100	0.117900	-0.748900	-0.386300	-1.007000	-0.101400
