1627303010.600951	0.681000	-0.476000	0.488800	-0.060600	0.330100	-0.052900
1627303010.601782	0.693200	-0.472700	0.494500	-0.042600	0.347800	-0.062700
1627303010.602464	0.704600	-0.469200	0.504400	-0.017500	0.365200	-0.064500
1627303010.603108	0.704600	-0.469200	0.504400	-0.017500	0.365200	-0.064500
1627303010.695839	0.704600	-0.469200	0.504400	-0.017500	0.365200	-0.064500
1627303010.696277	-0.152600	0.502800	0.813100	-0.005600	-0.294600	-0.449400
1627303010.697536	-0.146700	0.495500	0.824600	-0.042300	-0.298500	-0.476600
1627303010.697998	-0.136700	0.500900	0.834000	-0.063700	-0.300400	-0.509300
1627303010.698433	-0.127900	0.509500	0.840700	-0.064600	-0.312300	-0.538000
1627303010.700098	-0.123200	0.510900	0.845600	-0.097900	-0.349800	-0.559300
1627303010.700499	-0.132200	0.505400	0.843600	-0.125700	-0.375800	-0.570300
1627303010.700947	-0.143700	0.489100	0.833700	-0.161700	-0.373400	-0.582600
1627303010.701352	-0.142500	0.471200	0.830800	-0.211200	-0.367600	-0.591400
1627303010.703439	-0.138200	0.474400	0.827400	-0.248400	-0.372400	-0.606400
1627303010.703840	-0.132800	0.490000	0.824800	-0.268900	-0.398400	-0.621400
1627303010.704285	-0.137700	0.503400	0.829000	-0.268900	-0.425300	-0.645800
1627303010.704689	-0.149200	0.506600	0.830900	-0.245400	-0.434700	-0.669600
1627303010.706784	-0.160000	0.489300	0.824000	-0.243600	-0.429600	-0.676300
1627303010.707189	-0.162100	0.467400	0.811200	-0.283600	-0.448500	-0.665300
1627303010.707595	-0.163200	0.456300	0.799100	-0.304900	-0.478400	-0.663200
1627303010.709709	-0.158800	0.450600	0.796100	-0.342800	-0.487300	-0.670200
1627303010.710157	-0.147700	0.462800	0.797200	-0.381900	-0.472900	-0.682400
1627303010.710563	-0.147700	0.492100	0.799800	-0.408800	-0.463800	-0.686100
1627303010.710971	-0.149900	0.517000	0.806500	-0.381000	-0.461300	-0.695900
1627303010.712752	-0.156700	0.508700	0.816900	-0.304000	-0.476600	-0.717000
1627303010.713159	-0.167500	0.480800	0.823000	-0.229800	-0.462800	-0.740500
1627303010.713607	-0.153600	0.448600	0.827600	-0.179400	-0.443300	-0.745100
1627303010.714016	-0.136100	0.416500	0.823000	-0.184600	-0.448500	-0.730100
1627303010.716183	-0.125000	0.387700	0.829500	-0.246000	-0.433800	-0.687600
1627303010.716589	-0.113600	0.372200	0.846600	-0.308900	-0.403900	-0.654000
1627303010.716992	-0.104700	0.372400	0.867800	-0.354400	-0.395300	-0.648500
1627303010.717446	-0.095900	0.371200	0.882000	-0.386200	-0.421900	-0.669900
1627303010.719554	-0.089700	0.384300	0.880400	-0.392900	-0.453100	-0.699800
1627303010.719961	-0.087800	0.402600	0.877700	-0.363300	-0.480300	-0.740800
1627303010.720365	-0.093500	0.410600	0.877800	-0.325400	-0.516300	-0.789300
1627303010.720804	-0.104200	0.411300	0.881800	-0.285100	-0.535500	-0.824500
1627303010.721213	-0.108500	0.404800	0.893200	-0.241700	-0.533700	-0.851000
1627303010.723785	-0.104200	0.405800	0.892700	-0.187700	-0.523300	-0.870300
1627303010.724224	-0.093600	0.400300	0.890100	-0.150400	-0.517200	-0.868100
1627303010.724631	-0.086800	0.391400	0.885000	-0.145200	-0.530300	-0.849500
1627303010.725036	-0.094000	0.393600	0.876800	-0.141500	-0.545000	-0.834500
1627303010.727145	-0.104700	0.394800	0.889800	-0.141800	-0.543200	-0.817400
1627303010.727550	-0.120500	0.390100	0.901400	-0.107300	-0.527900	-0.795100
1627303010.727996	-0.113000	0.375000	0.909700	-0.043800	-0.503200	-0.769500
1627303010.728401	-0.084000	0.357800	0.905200	-0.014800	-0.507100	-0.759100
1627303010.730916	-0.056400	0.354500	0.897300	-0.006200	-0.512600	-0.757300
1627303010.731355	-0.032600	0.343600	0.888300	-0.043500	-0.528500	-0.742300
1627303010.731761	-0.035200	0.335100	0.887600	-0.084400	-0.534000	-0.716600
1627303010.732165	-0.042400	0.318700	0.891200	-0.129000	-0.534000	-0.684900
1627303010.734304	-0.055700	0.317500	0.894200	-0.194100	-0.547100	-0.652200
1627303010.734752	-0.058300	0.322000	0.900400	-0.206300	-0.560300	-0.641800
1627303010.735162	-0.065400	0.335600	0.900000	-0.182800	-0.567300	-0.653700
1627303010.735570	-0.058100	0.356700	0.903700	-0.137300	-0.563300	-0.667200
1627303010.737271	-0.053100	0.367400	0.912400	-0.085000	-0.552000	-0.684600
1627303010.737755	-0.049600	0.378800	0.921100	-0.022100	-0.536800	-0.702000
1627303010.738206	-0.036400	0.375600	0.920500	0.040200	-0.536500	-0.699500
1627303010.738613	-0.034200	0.364500	0.914300	0.070700	-0.542000	-0.680600
1627303010.740297	-0.031700	0.347000	0.910000	0.068900	-0.548400	-0.664400
1627303010.740733	-0.033300	0.347800	0.910600	0.061900	-0.550200	-0.650100
1627303010.742819	-0.031400	0.354000	0.920400	0.054900	-0.548700	-0.632700
1627303010.743243	-0.029300	0.362900	0.922200	0.050300	-0.526700	-0.619800
1627303010.743646	-0.017700	0.364400	0.927500	0.047800	-0.494900	-0.607900
1627303010.744099	-0.013700	0.370500	0.938400	0.046300	-0.476900	-0.600900
1627303010.744507	-0.014400	0.359700	0.941000	0.056700	-0.470500	-0.590500
1627303010.747013	-0.019900	0.349700	0.941400	0.045400	-0.460400	-0.581300
1627303010.747421	-0.028200	0.331200	0.945100	0.033200	-0.439300	-0.576800
1627303010.747867	-0.029100	0.317400	0.945800	-0.011100	-0.429900	-0.565800
1627303010.748273	-0.027700	0.305700	0.939800	-0.069100	-0.417900	-0.549600
1627303010.748712	-0.031000	0.300800	0.938600	-0.126300	-0.378900	-0.551700
1627303010.750766	-0.020100	0.308700	0.940900	-0.165700	-0.363000	-0.558700
1627303010.751217	-0.017100	0.322900	0.940200	-0.190100	-0.359900	-0.566100
1627303010.751623	-0.017000	0.341300	0.937500	-0.182200	-0.346200	-0.576500
1627303010.752032	-0.017600	0.355600	0.933200	-0.163800	-0.330000	-0.580400
1627303010.754220	-0.003300	0.362800	0.929000	-0.153100	-0.307100	-0.576800
1627303010.754696	0.001800	0.364700	0.923700	-0.121400	-0.277100	-0.560900
1627303010.755137	0.007300	0.360400	0.921900	-0.082300	-0.260600	-0.543800
1627303010.755540	-0.000400	0.353100	0.922200	-0.054800	-0.252400	-0.532800
1627303010.755976	-0.008400	0.351300	0.918500	-0.029100	-0.248700	-0.532800
1627303010.758473	-0.009600	0.355300	0.918100	-0.005000	-0.245700	-0.540700
1627303010.758878	-0.010900	0.350000	0.915600	0.034100	-0.226400	-0.552000
1627303010.759317	-0.005600	0.344100	0.921800	0.061600	-0.213900	-0.561200
1627303010.759739	-0.007000	0.343500	0.920300	0.079000	-0.205400	-0.560600
1627303010.761862	0.004300	0.338900	0.920900	0.098200	-0.199600	-0.549000
1627303010.762272	0.017600	0.338100	0.920900	0.124500	-0.191600	-0.529100
1627303010.762677	0.023400	0.338500	0.925800	0.152300	-0.191300	-0.518400
1627303010.763080	0.019900	0.346600	0.929600	0.170900	-0.202300	-0.511700
1627303010.765198	0.010300	0.346200	0.939100	0.193200	-0.204100	-0.490600
1627303010.765602	0.000000	13980445696.000000	13.265900	0.000000	0.000000	-0.059400
1627303010.766154	-0.050200	0.395800	0.915300	0.309900	0.081700	-0.105500
1627303010.766579	-0.036100	0.372400	0.920700	0.349600	0.127200	-0.083800
1627303010.767043	-0.021400	0.342400	0.916300	0.364300	0.154100	-0.041900
1627303010.767464	-0.015100	0.330200	0.914400	0.336500	0.146800	-0.009600
1627303010.767883	-0.010700	0.316400	0.909700	0.300700	0.137000	0.015200
1627303010.768289	-0.013100	0.308100	0.906700	0.234100	0.148600	0.042000
1627303010.768694	-0.012700	0.302500	0.912000	0.163900	0.154100	0.067400
1627303010.769098	-0.011500	0.308700	0.917000	0.100700	0.149200	0.099200
1627303010.769501	-0.010000	0.317700	0.920800	0.048100	0.144700	0.132200
1627303010.769904	-0.006800	0.321700	0.925800	0.020600	0.156300	0.151400
1627303010.791118	0.005700	0.318200	0.928800	0.007500	0.160200	0.161200
1627303010.792042	0.007300	0.317700	0.917800	-0.039800	0.132400	0.182500
1627303010.792886	-0.000700	0.321700	0.902200	-0.078900	0.098500	0.198400
1627303010.823457	-0.011600	0.324500	0.893300	-0.100600	0.084200	0.203600
1627303010.824383	-0.014200	0.339600	0.895900	-0.127200	0.079000	0.201800
1627303010.825219	-0.013200	0.357800	0.909200	-0.132100	0.095200	0.209400
1627303010.836564	-0.010000	0.364600	0.914700	-0.120800	0.105300	0.219800
1627303010.866156	-0.007300	0.371000	0.920700	-0.117700	0.119300	0.238100
1627303010.867075	-0.001800	0.376100	0.925700	-0.094500	0.127600	0.262000
1627303010.869063	-0.008400	0.374100	0.929800	-0.049600	0.132400	0.277500
1627303010.871584	-0.008900	0.369300	0.924400	-0.013600	0.127600	0.281500
1627303010.886507	-0.015100	0.365500	0.918800	0.017600	0.116600	0.279100
1627303010.902671	-0.023100	0.356400	0.917700	0.022200	0.117200	0.284300
1627303010.923481	-0.024400	0.351000	0.922400	0.017900	0.131200	0.295900
1627303010.924389	-0.020400	0.333600	0.929100	0.010300	0.158100	0.320300
1627303010.925441	-0.014800	0.322100	0.935400	-0.013600	0.174600	0.344400
1627303010.932594	-0.008400	0.315100	0.936200	-0.046900	0.180400	0.371900
1627303010.958261	-0.001100	0.311500	0.930900	-0.075300	0.181000	0.396700
1627303010.958979	0.001500	0.312900	0.926900	-0.097900	0.175500	0.407700
1627303010.960001	0.005400	0.310700	0.923800	-0.120200	0.168200	0.411900
1627303010.974051	0.005700	0.316200	0.923700	-0.150400	0.169400	0.426600
1627303010.989597	0.011700	0.316900	0.929300	-0.153800	0.181300	0.439100
1627303011.000767	0.018600	0.320300	0.930900	-0.165700	0.179500	0.464500
1627303011.001967	0.015400	0.324800	0.922600	-0.184300	0.183100	0.501700
1627303011.031054	0.012600	0.326000	0.921400	-0.199000	0.184700	0.526200
1627303011.031980	0.007800	0.335400	0.917800	-0.197400	0.176700	0.534400
1627303011.032943	0.003700	0.341800	0.925300	-0.188300	0.168800	0.527700
1627303011.042700	-0.012200	0.355300	0.921600	-0.166900	0.181600	0.535600
1627303011.074411	-0.012900	0.358200	0.929100	-0.115900	0.216400	0.545100
1627303011.077265	-0.003800	0.355700	0.927700	-0.070400	0.247300	0.562800
1627303011.077977	0.009200	0.351100	0.920300	-0.056600	0.267400	0.581100
1627303011.081664	0.014300	0.350600	0.916100	-0.048400	0.277200	0.602200
1627303011.091189	0.010900	0.344100	0.919700	-0.034600	0.284200	0.630600
1627303011.106496	-0.001100	0.342400	0.923100	-0.030700	0.293400	0.654700
1627303011.130911	-0.009300	0.335100	0.924200	-0.025200	0.302000	0.674600
1627303011.131873	-0.012300	0.328600	0.924300	-0.025500	0.319100	0.694800
1627303011.132777	-0.011400	0.331700	0.922100	-0.038600	0.325800	0.705800
1627303011.157100	-0.012300	0.334100	0.920900	-0.049600	0.333100	0.707600
1627303011.158017	-0.013900	0.345500	0.923100	-0.048400	0.345600	0.728700
1627303011.160303	-0.014000	0.337600	0.926500	-0.031000	0.364900	0.751600
1627303011.184681	-0.007900	0.333600	0.926000	-0.024600	0.383200	0.765900
1627303011.185531	-0.001000	0.329700	0.927600	-0.022100	0.399400	0.785800
1627303011.191268	0.005200	0.326700	0.926100	-0.035200	0.409500	0.807500
1627303011.218382	0.004800	0.327500	0.931300	-0.056000	0.405500	0.819100
1627303011.219302	-0.005200	0.338000	0.931000	-0.075900	0.394200	0.829100
1627303011.221575	-0.013300	0.345100	0.929600	-0.092400	0.396000	0.842000
1627303011.230156	-0.014400	0.347900	0.929900	-0.093300	0.407600	0.856000
1627303011.257195	-0.012700	0.349700	0.928000	-0.076500	0.420800	0.871300
1627303011.258108	-0.010300	0.344100	0.927000	-0.047500	0.436300	0.894500
1627303011.260317	-0.013400	0.335100	0.925200	-0.045900	0.452500	0.915000
1627303011.296234	-0.014200	0.330600	0.927600	-0.056600	0.464400	0.936700
1627303011.297166	-0.012500	0.324300	0.925500	-0.067000	0.466300	0.953500
1627303011.298009	-0.007700	0.321700	0.924600	-0.091400	0.468400	0.968100
1627303011.300180	-0.004900	0.319100	0.924800	-0.111300	0.463500	0.977600
1627303011.315917	0.000700	0.324600	0.923300	-0.133900	0.462300	0.991000
1627303011.334569	0.001800	0.327600	0.924300	-0.140600	0.458900	1.006300
1627303011.335491	-0.003900	0.325400	0.921400	-0.143400	0.460800	1.026500
1627303011.346579	-0.004400	0.322300	0.917600	-0.149800	0.467200	1.054300
1627303011.379623	-0.001500	0.323600	0.909800	-0.159300	0.467800	1.072900
1627303011.380541	-0.004200	0.326400	0.911600	-0.167200	0.468700	1.087500
1627303011.381608	-0.009200	0.330300	0.911100	-0.185200	0.468400	1.099500
1627303011.383137	-0.008200	0.334200	0.913200	-0.182800	0.464800	1.107100
1627303011.398740	-0.005600	0.333100	0.909700	-0.169300	0.461100	1.115600
1627303011.414531	0.002400	0.330100	0.903100	-0.160500	0.455600	1.131500
1627303011.434395	0.006500	0.327800	0.897200	-0.160200	0.449200	1.147100
1627303011.434947	0.016200	0.334200	0.903900	-0.156200	0.427500	1.154700
1627303011.436060	0.000100	0.339600	0.897100	-0.128100	0.420200	1.160200
1627303011.439970	0.002400	0.342900	0.898600	-0.100000	0.435400	1.166300
1627303011.471674	0.016200	0.339000	0.900800	-0.096000	0.433600	1.169700
1627303011.487557	0.012300	0.340900	0.895300	-0.098200	0.431500	1.190500
1627303011.508699	0.007900	0.338300	0.897500	-0.100000	0.421400	1.210300
1627303011.509625	-0.001000	0.342400	0.899300	-0.097600	0.415300	1.224400
1627303011.510468	-0.007700	0.343300	0.904100	-0.084100	0.420500	1.233500
1627303011.511610	-0.008400	0.341200	0.905900	-0.078600	0.429900	1.243600
1627303011.519728	-0.003700	0.345200	0.908700	-0.065200	0.441200	1.257700
1627303011.520657	0.004900	0.344800	0.904400	-0.057800	0.444000	1.272000
1627303011.530418	0.011800	0.350000	0.900100	-0.066100	0.437900	1.282700
1627303011.561543	0.013800	0.355300	0.898900	-0.065800	0.433000	1.288200
1627303011.567106	0.008700	0.362300	0.903200	-0.062400	0.423200	1.296800
1627303011.568361	0.000000	0.371500	0.900100	-0.064300	0.410400	1.304100
1627303011.569297	-0.009300	0.380600	0.897100	-0.051100	0.409800	1.307500
1627303011.580255	-0.011600	0.384600	0.896400	-0.040700	0.417100	1.309000
1627303011.595304	-0.009600	0.392700	0.891200	-0.030400	0.417400	1.306200
1627303011.623372	-0.013400	0.402200	0.889500	-0.011700	0.420200	1.298000
1627303011.624298	-0.019700	0.402600	0.884200	0.005100	0.426600	1.291900
1627303011.627773	-0.022200	0.410000	0.879600	0.018800	0.423200	1.291900
1627303011.658388	-0.031700	0.407500	0.869900	0.031000	0.407600	1.303200
1627303011.662112	-0.034800	0.407500	0.861100	0.032900	0.390800	1.305600
1627303011.663034	-0.041900	0.413000	0.849100	0.033200	0.364000	1.289100
1627303011.665297	-0.035900	0.417200	0.845900	0.051200	0.353600	1.269000
1627303011.669134	-0.029700	0.413000	0.840100	0.061900	0.345300	1.252800
1627303011.684136	-0.024300	0.410300	0.826700	0.064000	0.332800	1.229300
1627303011.700166	-0.013400	0.414400	0.823000	0.071700	0.305900	1.208500
1627303011.716049	-0.010100	0.422000	0.820800	0.086900	0.293400	1.181000
1627303011.727134	-0.004000	0.430100	0.825100	0.116900	0.256800	1.146500
1627303011.728044	0.004000	0.427600	0.822300	0.130000	0.226800	1.132700
1627303011.730290	0.007600	0.427400	0.819500	0.134900	0.211900	1.125100
1627303011.740231	0.017300	0.422400	0.820200	0.158100	0.182200	1.125100
1627303011.771088	0.017500	0.412400	0.819800	0.160200	0.162100	1.124200
1627303011.793543	0.022200	0.407600	0.820200	0.150800	0.143100	1.123600
1627303011.794460	0.020000	0.399300	0.822900	0.141300	0.108000	1.135500
1627303011.812624	0.028600	0.394500	0.825900	0.134900	0.078100	1.146200
1627303011.813544	0.035800	0.392900	0.826000	0.119900	0.045100	1.149500
1627303011.814474	0.039900	0.402200	0.827500	0.103100	0.016700	1.146800
1627303011.816474	0.053100	0.408400	0.834000	0.104300	-0.012300	1.145000
1627303011.832035	0.061000	0.411900	0.840000	0.103700	-0.037100	1.140700
1627303011.849649	0.064100	0.411600	0.840600	0.104600	-0.067900	1.138900
1627303011.850574	0.062100	0.403200	0.835300	0.093000	-0.095100	1.138900
1627303011.851406	0.062500	0.398900	0.830700	0.074700	-0.112500	1.146200
1627303011.858962	0.063600	0.398400	0.831900	0.061300	-0.134500	1.146800
1627303011.888686	0.063000	0.396700	0.837500	0.050900	-0.159600	1.136100
1627303011.889597	0.058600	0.398700	0.835800	0.033500	-0.190700	1.123000
1627303011.890430	0.055300	0.416300	0.835100	0.028900	-0.223700	1.103400
1627303011.898964	0.060900	0.429700	0.833100	0.061600	-0.249000	1.072300
1627303011.925923	0.074300	0.444000	0.833900	0.089400	-0.263400	1.041100
1627303011.926843	0.079300	0.454500	0.833900	0.120500	-0.272900	1.011500
1627303011.929035	0.081200	0.463600	0.832900	0.138200	-0.290900	0.994400
1627303011.958389	0.086300	0.465000	0.829500	0.146200	-0.296700	0.988600
1627303011.959312	0.093500	0.469400	0.827600	0.167900	-0.308000	0.989200
1627303011.961554	0.103000	0.467800	0.822800	0.188900	-0.320500	0.986400
1627303011.971588	0.105500	0.462300	0.825400	0.193200	-0.339100	0.979700
1627303011.986848	0.108000	0.466400	0.834500	0.197800	-0.344600	0.964500
1627303011.998292	0.126600	0.476000	0.853600	0.220400	-0.339500	0.926600
1627303011.999172	0.123200	0.481200	0.864000	0.244800	-0.352300	0.897300
1627303012.025912	0.130000	0.486800	0.867900	0.255200	-0.364500	0.876200
1627303012.026832	0.117400	0.477500	0.870100	0.262200	-0.376700	0.857200
1627303012.029064	0.108800	0.471800	0.867700	0.253400	-0.385000	0.843200
1627303012.055020	0.096400	0.464400	0.859300	0.236900	-0.407000	0.833100
1627303012.055934	0.089700	0.463400	0.856600	0.224700	-0.424400	0.799200
1627303012.057807	0.105300	0.474000	0.861700	0.250000	-0.432900	0.760400
1627303012.071709	0.130100	0.495700	0.870800	0.276900	-0.414300	0.712200
1627303012.086580	0.166400	0.518800	0.893100	0.329700	-0.385300	0.663000
1627303012.102600	0.182900	0.531100	0.909800	0.345600	-0.369100	0.637600
1627303012.115852	0.181000	0.529800	0.922400	0.343200	-0.352900	0.624500
1627303012.116763	0.170900	0.515000	0.935200	0.329700	-0.337900	0.613500
1627303012.119056	0.165400	0.509000	0.946000	0.310500	-0.331500	0.597900
1627303012.144671	0.160900	0.500900	0.950800	0.299500	-0.336100	0.572000
1627303012.145610	0.164400	0.498700	0.950100	0.268000	-0.338500	0.523400
1627303012.148998	0.172700	0.508500	0.954300	0.235100	-0.330900	0.473300
1627303012.159158	0.175300	0.523300	0.965200	0.225300	-0.310700	0.420800
1627303012.184905	0.168200	0.533600	0.975200	0.225000	-0.276200	0.367600
1627303012.185821	0.167600	0.537600	0.983900	0.205400	-0.224600	0.323400
1627303012.187988	0.171900	0.540400	0.987100	0.188000	-0.177300	0.294300
1627303012.201388	0.181600	0.536500	0.986100	0.162400	-0.146700	0.261000
1627303012.216504	0.179600	0.538100	0.980800	0.122100	-0.142800	0.223200
1627303012.232348	0.168900	0.540200	0.971600	0.082300	-0.148600	0.176700
1627303012.243633	0.156500	0.551300	0.960700	0.053900	-0.139100	0.117800
1627303012.244355	0.154800	0.558000	0.947400	0.046900	-0.099700	0.046900
1627303012.247617	0.158900	0.559700	0.935100	0.044800	-0.059700	-0.008300
1627303012.262813	0.162400	0.556800	0.922100	0.042600	-0.025500	-0.067600
1627303012.287452	0.167800	0.558600	0.902300	0.038100	0.002300	-0.136600
1627303012.288375	0.168000	0.559900	0.886200	0.050900	0.021900	-0.195600
1627303012.289211	0.167700	0.564500	0.878700	0.064300	0.047200	-0.252100
1627303012.319664	0.174000	0.557500	0.864100	0.082700	0.076500	-0.297600
1627303012.320584	0.171100	0.551300	0.853900	0.087500	0.108900	-0.327200
1627303012.321428	0.188500	0.545800	0.846100	0.097900	0.140100	-0.361700
1627303012.328885	0.203100	0.527600	0.835300	0.095800	0.163900	-0.404500
1627303012.361951	0.218600	0.515500	0.839700	0.091800	0.172100	-0.436300
1627303012.362667	0.218300	0.495800	0.839000	0.079900	0.166300	-0.475400
1627303012.363993	0.221800	0.490000	0.840300	0.061000	0.152300	-0.517800
1627303012.367692	0.226100	0.480800	0.840000	0.016700	0.129400	-0.542900
1627303012.383233	0.231100	0.483500	0.840900	-0.020300	0.111400	-0.570300
1627303012.404977	0.234900	0.483400	0.845100	-0.059400	0.083900	-0.602400
1627303012.405896	0.226700	0.491000	0.849700	-0.096000	0.049700	-0.625300
1627303012.407833	0.215000	0.482200	0.854200	-0.128400	0.025800	-0.646100
1627303012.437114	0.210700	0.477200	0.860100	-0.190100	0.006000	-0.662300
1627303012.438038	0.210800	0.477800	0.871300	-0.224900	-0.001000	-0.679400
1627303012.438873	0.215500	0.472300	0.875400	-0.263700	-0.011100	-0.694700
1627303012.448907	0.211100	0.472700	0.879500	-0.315300	-0.034000	-0.721500
1627303012.473613	0.204000	0.475100	0.879900	-0.356600	-0.063000	-0.744700
1627303012.474545	0.187900	0.481300	0.879000	-0.407000	-0.093900	-0.770100
1627303012.477979	0.159900	0.498000	0.884200	-0.439600	-0.107300	-0.819300
1627303012.492683	0.145600	0.510700	0.885000	-0.442400	-0.085000	-0.883700
1627303012.508138	0.149000	0.524300	0.887200	-0.439600	-0.059700	-0.945400
1627303012.524019	0.160600	0.530200	0.889500	-0.430200	-0.038300	-0.997000
1627303012.534400	0.167400	0.526200	0.891400	-0.419500	-0.040400	-1.033100
1627303012.535014	0.151900	0.518400	0.892800	-0.427100	-0.034300	-1.055700
1627303012.536415	0.136200	0.515300	0.893200	-0.441200	-0.026100	-1.091100
1627303012.564750	0.118900	0.515500	0.893200	-0.443600	-0.006800	-1.135100
1627303012.565887	0.115400	0.521000	0.891700	-0.435400	0.031000	-1.186700
1627303012.566906	0.120200	0.523700	0.894400	-0.413400	0.050900	-1.238900
1627303012.580501	0.122800	0.522900	0.893700	-0.396000	0.069800	-1.288100
1627303012.596174	0.129400	0.521900	0.897900	-0.396300	0.055200	-1.313800
1627303012.611915	0.117900	0.513400	0.891500	-0.394400	0.047200	-1.332700
1627303012.625867	0.113300	0.505200	0.887600	-0.384400	0.071000	-1.368400
1627303012.626778	0.108200	0.502400	0.884500	-0.383400	0.094600	-1.401100
1627303012.627611	0.113300	0.507200	0.880400	-0.375200	0.108600	-1.430100
1627303012.643347	0.109400	0.510300	0.882000	-0.366600	0.133100	-1.456400
1627303012.658792	0.109300	0.503300	0.883800	-0.352900	0.141600	-1.478400
1627303012.666062	0.103800	0.497300	0.880500	-0.345300	0.131500	-1.490900
1627303012.671527	0.095200	0.489900	0.879400	-0.331800	0.137600	-1.502800
1627303012.672482	0.088300	0.477800	0.880900	-0.294300	0.136400	-1.515000
1627303012.686904	0.083400	0.463700	0.878700	-0.271300	0.126600	-1.529100
1627303012.697995	0.077800	0.443100	0.869500	-0.264900	0.126300	-1.543800
1627303012.703313	0.073500	0.429000	0.865700	-0.269500	0.141000	-1.541900
1627303012.726239	0.074200	0.412100	0.857700	-0.301900	0.154400	-1.524800
1627303012.727154	0.081500	0.397700	0.854600	-0.370900	0.152600	-1.506800
1627303012.740472	0.083500	0.390300	0.849600	-0.433800	0.134300	-1.497000
1627303012.742160	0.082400	0.384500	0.845100	-0.496100	0.116300	-1.491800
1627303012.766083	0.076500	0.380900	0.845300	-0.549600	0.101600	-1.489400
1627303012.767184	0.064200	0.382100	0.849600	-0.588100	0.090000	-1.488500
1627303012.777956	0.062000	0.388700	0.850800	-0.614300	0.083600	-1.491500
1627303012.785994	0.066900	0.404800	0.851800	-0.615300	0.076200	-1.514700
1627303012.808463	0.066200	0.417600	0.855600	-0.604600	0.055800	-1.541600
1627303012.809372	0.053300	0.418000	0.852100	-0.578900	0.023100	-1.560300
1627303012.822212	0.033900	0.408800	0.846300	-0.531900	-0.006200	-1.566400
1627303012.833741	0.022000	0.391400	0.842500	-0.485800	-0.019100	-1.555700
1627303012.836081	0.017600	0.380600	0.842400	-0.456700	-0.019100	-1.545600
1627303012.852027	0.023300	0.385100	0.846100	-0.410000	-0.020000	-1.553800
1627303012.876293	0.023100	0.385500	0.850500	-0.357500	-0.035200	-1.563600
1627303012.877216	0.019200	0.379800	0.853100	-0.340400	-0.053600	-1.563900
1627303012.878050	0.012500	0.367300	0.854400	-0.319600	-0.070400	-1.558100
1627303012.884622	0.007100	0.345300	0.857900	-0.296700	-0.078600	-1.546800
1627303012.906325	0.001300	0.328500	0.864100	-0.284500	-0.084100	-1.533100
1627303012.915831	-0.005600	0.315300	0.870800	-0.292100	-0.093300	-1.517500
1627303012.916740	-0.012500	0.308800	0.880600	-0.299400	-0.107300	-1.501900
1627303012.926883	-0.015100	0.309200	0.888700	-0.292100	-0.113700	-1.496100
1627303012.949937	-0.022900	0.312400	0.892800	-0.275600	-0.123200	-1.498900
1627303012.961010	-0.027700	0.316200	0.893800	-0.260000	-0.133600	-1.508000
1627303012.961944	-0.034300	0.320600	0.889400	-0.243900	-0.139400	-1.510800
1627303012.970874	-0.037000	0.320200	0.889500	-0.220000	-0.143100	-1.509900
1627303012.996753	-0.037700	0.308100	0.892700	-0.184000	-0.141800	-1.505600
1627303012.999609	-0.032300	0.302200	0.899900	-0.156500	-0.142800	-1.498600
1627303013.000910	-0.030200	0.303100	0.903600	-0.132700	-0.150400	-1.488800
1627303013.006427	-0.037700	0.306200	0.908400	-0.101800	-0.163200	-1.490600
1627303013.014816	-0.039200	0.307100	0.910600	-0.070700	-0.164100	-1.496400
1627303013.037469	-0.033600	0.300900	0.912200	-0.029100	-0.151600	-1.505600
1627303013.038374	-0.018800	0.290500	0.911000	0.019400	-0.149200	-1.513800
1627303013.045281	-0.010600	0.282000	0.911300	0.044200	-0.152200	-1.511400
1627303013.055710	-0.000900	0.276700	0.919200	0.067100	-0.158900	-1.501300
1627303013.078494	-0.006300	0.268600	0.933000	0.106200	-0.177300	-1.484500
1627303013.079162	-0.024400	0.256800	0.939100	0.130900	-0.192500	-1.467400
1627303013.085695	-0.048600	0.246200	0.947500	0.145000	-0.201100	-1.453000
1627303013.108915	-0.073000	0.236700	0.949100	0.166300	-0.206300	-1.451800
1627303013.110200	-0.088000	0.225800	0.951900	0.189200	-0.207200	-1.460400
1627303013.124643	-0.088000	0.225800	0.951900	0.189200	-0.207200	-1.460400
1627303013.125561	-0.093900	0.211700	0.963100	0.174000	-0.183700	-1.460100
1627303013.129592	-0.085300	0.218800	0.965600	0.141600	-0.175700	-1.446600
1627303013.150653	-0.085300	0.218800	0.965600	0.141600	-0.175700	-1.446600
1627303013.158388	-0.078700	0.231400	0.966700	0.115600	-0.172400	-1.432300
1627303013.168145	-0.075300	0.247100	0.961400	0.081700	-0.163200	-1.414900
1627303013.175448	-0.080100	0.266100	0.958000	0.056400	-0.145800	-1.396800
1627303013.186977	-0.084600	0.269300	0.957300	0.040500	-0.116800	-1.378200
1627303013.210620	-0.083100	0.258700	0.955600	0.025200	-0.082300	-1.356500
1627303013.211456	-0.076900	0.247200	0.949300	0.021300	-0.059700	-1.344000
1627303013.215204	-0.066500	0.234700	0.948200	0.024900	-0.050200	-1.339700
1627303013.230211	-0.056600	0.225300	0.943500	0.022200	-0.044400	-1.336400
1627303013.231110	-0.052400	0.217700	0.941200	0.014500	-0.040400	-1.324500
1627303013.254338	-0.046400	0.209500	0.941900	0.008400	-0.042000	-1.308600
1627303013.256521	-0.043500	0.201700	0.940200	0.005400	-0.051100	-1.286000
1627303013.266588	-0.045900	0.194500	0.939200	-0.006200	-0.067000	-1.259400
1627303013.275313	-0.055100	0.188400	0.940900	-0.018400	-0.080800	-1.238300
1627303013.297324	-0.057900	0.181000	0.939000	-0.030100	-0.075300	-1.206600
1627303013.298234	-0.051100	0.165300	0.950800	-0.039500	-0.056600	-1.161400
1627303013.306036	-0.040900	0.155300	0.954700	-0.053900	-0.062100	-1.115500
1627303013.327610	-0.044400	0.144200	0.951400	-0.086900	-0.087500	-1.066100
1627303013.342279	-0.059600	0.139800	0.941200	-0.142500	-0.116200	-1.013200
1627303013.343196	-0.076800	0.138500	0.936600	-0.185500	-0.126300	-0.976900
1627303013.345364	-0.098300	0.153400	0.944100	-0.218200	-0.131500	-0.956100
1627303013.349497	-0.123000	0.176000	0.958000	-0.216100	-0.134800	-0.953400
1627303013.377555	-0.127400	0.186800	0.963600	-0.204100	-0.124700	-0.954600
1627303013.398531	-0.119800	0.195200	0.960300	-0.180900	-0.118300	-0.952700
1627303013.399422	-0.110400	0.204700	0.950700	-0.134200	-0.114000	-0.947200
1627303013.400573	-0.110500	0.203200	0.944600	-0.088400	-0.104300	-0.940500
1627303013.403993	-0.124500	0.196800	0.944300	-0.063700	-0.095100	-0.934400
1627303013.417753	-0.138100	0.187100	0.939300	-0.030700	-0.069400	-0.920700
1627303013.418677	-0.138200	0.182100	0.943400	0.004500	-0.050500	-0.906000
1627303013.441851	-0.137200	0.179400	0.944900	0.045100	-0.046800	-0.892900
1627303013.444103	-0.133400	0.180100	0.947500	0.080800	-0.050500	-0.881300
1627303013.459633	-0.128100	0.176900	0.950700	0.126600	-0.038300	-0.863300
1627303013.484857	-0.123800	0.170300	0.954200	0.161800	-0.024900	-0.830300
1627303013.485768	-0.114300	0.153000	0.954600	0.188000	-0.022400	-0.787800
1627303013.486707	-0.119400	0.141000	0.951400	0.197800	-0.036800	-0.753000
1627303013.499441	-0.135400	0.127900	0.946900	0.195400	-0.053300	-0.716300
1627303013.512631	-0.142100	0.118300	0.937300	0.187400	-0.049600	-0.677200
1627303013.528071	-0.140400	0.109900	0.937600	0.193500	-0.031900	-0.645500
1627303013.530024	-0.129600	0.107800	0.938600	0.196000	-0.022400	-0.617100
1627303013.553123	-0.117800	0.107900	0.940100	0.197500	-0.025500	-0.585900
1627303013.553975	-0.118500	0.101600	0.941300	0.188300	-0.039200	-0.561500
1627303013.555169	-0.132700	0.096600	0.937900	0.162700	-0.055100	-0.536400
1627303013.570159	-0.148100	0.094200	0.934700	0.137900	-0.053000	-0.498600
1627303013.571735	-0.145800	0.097800	0.930100	0.133700	-0.037100	-0.466800
1627303013.595138	-0.136200	0.093900	0.931300	0.144300	-0.033700	-0.446300
1627303013.601376	-0.127700	0.093000	0.935100	0.141300	-0.042300	-0.420700
1627303013.602272	-0.123400	0.102400	0.944000	0.126600	-0.056300	-0.394700
1627303013.624343	-0.130700	0.110800	0.955200	0.118400	-0.074300	-0.373000
1627303013.625170	-0.138900	0.120100	0.955700	0.111700	-0.088400	-0.346800
1627303013.642732	-0.144000	0.130400	0.952800	0.108600	-0.093000	-0.318400
1627303013.661925	-0.147600	0.134800	0.951300	0.118400	-0.093300	-0.292700
1627303013.662754	-0.148100	0.137100	0.948500	0.128500	-0.095700	-0.263400
1627303013.664504	-0.156000	0.139800	0.953500	0.137900	-0.103400	-0.229800
1627303013.679190	-0.163800	0.141500	0.953100	0.147100	-0.106400	-0.209300
1627303013.680111	-0.172600	0.143100	0.959400	0.167000	-0.104600	-0.191300
1627303013.704398	-0.186600	0.142600	0.962000	0.187400	-0.102100	-0.174200
1627303013.705457	-0.188000	0.139900	0.954600	0.197500	-0.094200	-0.158300
1627303013.717748	-0.178200	0.137000	0.949000	0.209100	-0.084700	-0.146700
1627303013.722971	-0.163500	0.135400	0.944900	0.223500	-0.081700	-0.139700
1627303013.745725	-0.151100	0.139900	0.945600	0.232900	-0.084400	-0.132400
1627303013.746551	-0.146400	0.146700	0.949300	0.228000	-0.091700	-0.117700
1627303013.756598	-0.147700	0.154300	0.955700	0.223800	-0.091100	-0.094200
1627303013.764305	-0.146700	0.152000	0.960100	0.218900	-0.082000	-0.066700
1627303013.784628	-0.140400	0.149500	0.954200	0.213700	-0.079800	-0.035200
1627303013.786787	-0.134900	0.137100	0.944000	0.207000	-0.084400	0.000800
1627303013.794187	-0.132200	0.131300	0.939200	0.194100	-0.093600	0.032900
1627303013.805136	-0.129900	0.133100	0.941000	0.183700	-0.098500	0.059500
1627303013.827455	-0.129900	0.130500	0.942900	0.179500	-0.092700	0.089100
1627303013.828841	-0.126200	0.124900	0.942300	0.170000	-0.082000	0.117500
1627303013.838219	-0.122700	0.120600	0.937300	0.148600	-0.077700	0.150500
1627303013.854088	-0.115100	0.119100	0.927400	0.122700	-0.087800	0.191100
1627303013.855083	-0.113500	0.120800	0.922100	0.114400	-0.101200	0.216800
1627303013.867664	-0.119300	0.120400	0.926100	0.124500	-0.115600	0.221300
1627303013.868559	-0.121700	0.121600	0.928200	0.136100	-0.118300	0.227800
1627303013.889417	-0.118900	0.124900	0.924800	0.126600	-0.110700	0.251600
1627303013.896704	-0.110100	0.123200	0.918800	0.110400	-0.106400	0.289800
1627303013.899474	-0.106600	0.129400	0.918500	0.096100	-0.106700	0.331600
1627303013.924930	-0.108200	0.128900	0.918100	0.102500	-0.109200	0.369500
1627303013.925836	-0.106400	0.129400	0.921400	0.102200	-0.107300	0.397300
1627303013.934998	-0.099400	0.125900	0.920900	0.100700	-0.107300	0.413800
1627303013.940366	-0.095300	0.132900	0.920300	0.091200	-0.119800	0.419300
1627303013.963709	-0.102900	0.147200	0.920300	0.078700	-0.127200	0.426900
1627303013.964628	-0.109400	0.158400	0.920700	0.087200	-0.128400	0.432700
1627303013.978065	-0.112700	0.179800	0.923700	0.098800	-0.136300	0.434200
1627303013.979868	-0.123400	0.190200	0.924900	0.115900	-0.133600	0.445200
1627303014.003823	-0.126800	0.189600	0.925900	0.126000	-0.125000	0.463900
1627303014.014798	-0.139300	0.194300	0.923800	0.145900	-0.116200	0.486800
1627303014.015738	-0.131600	0.193000	0.919400	0.172800	-0.102100	0.504800
1627303014.023458	-0.123400	0.194900	0.915000	0.188600	-0.104300	0.511200
1627303014.042598	-0.125400	0.204700	0.912700	0.199900	-0.094500	0.533800
1627303014.054691	-0.123500	0.204000	0.913200	0.220100	-0.092700	0.558800
1627303014.055606	-0.121100	0.197600	0.917000	0.232000	-0.088700	0.574100
1627303014.062145	-0.110600	0.202900	0.919400	0.241200	-0.089300	0.603100
1627303014.083154	-0.094500	0.201000	0.918600	0.256100	-0.080400	0.635200
1627303014.094645	-0.075700	0.201000	0.922700	0.262200	-0.081100	0.659900
1627303014.095553	-0.057000	0.194500	0.920200	0.265300	-0.083200	0.705400
1627303014.103136	-0.035000	0.193100	0.920200	0.247600	-0.083200	0.750300
1627303014.125075	-0.019500	0.196700	0.930300	0.236300	-0.087200	0.802600
1627303014.133445	-0.008200	0.188200	0.946400	0.206700	-0.101200	0.867600
1627303014.134445	-0.013100	0.192500	0.953500	0.179500	-0.116800	0.947400
1627303014.147142	-0.003400	0.191000	0.959400	0.147400	-0.112200	1.018800
1627303014.165197	0.010500	0.184900	0.959500	0.145300	-0.119200	1.052400
1627303014.166606	0.007900	0.178500	0.959600	0.141600	-0.129000	1.085100
1627303014.181736	0.006000	0.186500	0.956200	0.101000	-0.134800	1.134300
1627303014.195953	-0.004900	0.195700	0.962600	0.054900	-0.152200	1.209700
1627303014.196875	-0.021900	0.207900	0.958600	0.013300	-0.166300	1.266200
1627303014.204136	-0.026600	0.206200	0.953900	-0.010200	-0.163200	1.296200
1627303014.210842	-0.026400	0.229700	0.945200	-0.044700	-0.151000	1.316900
1627303014.234732	-0.014600	0.262000	0.935300	-0.030100	-0.144900	1.346600
1627303014.235410	-0.005000	0.271200	0.929200	0.004800	-0.142400	1.364000
1627303014.245562	0.010300	0.291700	0.925800	0.056100	-0.143400	1.375900
1627303014.254420	0.020500	0.312400	0.921600	0.111700	-0.118300	1.398500
1627303014.278459	0.031900	0.318800	0.925800	0.165100	-0.100300	1.424700
1627303014.279042	0.030600	0.328700	0.928200	0.209700	-0.087800	1.464100
1627303014.282380	0.031900	0.323100	0.930400	0.254600	-0.064300	1.515200
1627303014.289906	0.028300	0.314500	0.931400	0.283000	-0.053900	1.556100
1627303014.310058	0.029400	0.299300	0.927000	0.290300	-0.045600	1.597900
1627303014.325771	0.036000	0.299600	0.926600	0.288800	-0.044400	1.634900
1627303014.326699	0.043300	0.288900	0.924400	0.264700	-0.034600	1.651400
1627303014.330993	0.051600	0.293500	0.920800	0.222800	-0.031900	1.673400
1627303014.351795	0.058300	0.294400	0.924700	0.165400	-0.006800	1.705700
1627303014.353215	0.074600	0.299100	0.928300	0.097600	0.005400	1.726200
1627303014.365357	0.085300	0.309600	0.929100	0.046000	0.001400	1.739600
1627303014.368971	0.088100	0.322900	0.930200	-0.001000	-0.009900	1.736600
1627303014.393161	0.080300	0.341800	0.930900	-0.018100	-0.020300	1.724700
1627303014.393644	0.079600	0.362300	0.927400	-0.008100	-0.034600	1.711200
1627303014.399456	0.079600	0.376500	0.919900	0.007200	-0.039500	1.686800
1627303014.422608	0.078100	0.388900	0.918500	0.028600	-0.037400	1.670600
1627303014.433487	0.079700	0.395000	0.919100	0.054900	-0.039500	1.665100
1627303014.434640	0.078600	0.393400	0.910900	0.094300	-0.026400	1.653200
1627303014.438428	0.085100	0.398900	0.910500	0.135500	-0.014800	1.648300
1627303014.460149	0.094400	0.395900	0.903100	0.186200	-0.007100	1.659300
1627303014.472434	0.110600	0.385600	0.901100	0.220400	0.007800	1.661100
1627303014.473334	0.116100	0.382600	0.896200	0.242700	0.020700	1.651400
1627303014.477386	0.116500	0.381100	0.889800	0.254900	0.038400	1.645000
1627303014.500610	0.119800	0.374600	0.884400	0.260700	0.060700	1.654100
1627303014.502759	0.122400	0.365600	0.879900	0.261300	0.074400	1.660800
1627303014.520213	0.129600	0.363900	0.880400	0.279300	0.074700	1.659900
1627303014.532196	0.130500	0.361100	0.880000	0.314500	0.057900	1.657800
1627303014.533127	0.131600	0.358900	0.875900	0.333700	0.039000	1.659900
1627303014.542813	0.129800	0.355000	0.868500	0.329700	0.009000	1.650200
1627303014.548478	0.126300	0.350800	0.858500	0.339200	0.000500	1.624800
1627303014.572407	0.131100	0.355000	0.854700	0.337100	-0.009300	1.595500
1627303014.573314	0.121600	0.354900	0.847000	0.337700	-0.026400	1.584200
1627303014.583650	0.119300	0.359100	0.840900	0.342000	-0.034000	1.568300
1627303014.600802	0.131100	0.358200	0.840800	0.359100	-0.036800	1.548100
1627303014.602832	0.142000	0.361600	0.844700	0.371600	-0.023000	1.525200
1627303014.618500	0.160600	0.361600	0.851300	0.381100	-0.016600	1.504500
1627303014.621553	0.174800	0.360800	0.862300	0.376200	-0.019400	1.496200
1627303014.640379	0.179400	0.355500	0.866800	0.366400	-0.024600	1.501700
1627303014.642848	0.188200	0.346600	0.873700	0.357800	-0.021500	1.508700
1627303014.651528	0.203000	0.349700	0.886500	0.348400	-0.031600	1.510600
1627303014.658925	0.210100	0.358600	0.898200	0.344400	-0.057800	1.505100
1627303014.678295	0.210600	0.361300	0.904300	0.338000	-0.087200	1.491300
1627303014.682857	0.204500	0.371000	0.908800	0.318800	-0.115300	1.467200
1627303014.692884	0.213100	0.381000	0.912700	0.314200	-0.126300	1.437900
1627303014.699331	0.225500	0.389500	0.920400	0.326100	-0.124700	1.401500
1627303014.720060	0.241300	0.399500	0.926600	0.335900	-0.120800	1.363700
1627303014.722420	0.254200	0.406600	0.926600	0.331000	-0.128700	1.338900
1627303014.731581	0.261000	0.406700	0.928000	0.338300	-0.146100	1.316300
1627303014.737867	0.265500	0.412500	0.927000	0.342000	-0.164400	1.291000
1627303014.763503	0.269800	0.422100	0.928800	0.351700	-0.180300	1.272000
1627303014.764384	0.277800	0.430400	0.931600	0.374600	-0.181200	1.251300
1627303014.774256	0.289200	0.439700	0.939000	0.419800	-0.177900	1.213100
1627303014.777193	0.299400	0.447500	0.942700	0.458600	-0.173600	1.183100
1627303014.802238	0.300200	0.448000	0.947000	0.509600	-0.167500	1.165700
1627303014.803148	0.298200	0.436500	0.954000	0.565500	-0.153400	1.142500
1627303014.812986	0.296400	0.430300	0.954500	0.599100	-0.155600	1.134300
1627303014.822064	0.278000	0.415900	0.946500	0.618400	-0.131500	1.144700
1627303014.847246	0.278200	0.404300	0.944000	0.619600	-0.100300	1.153200
1627303014.848271	0.279400	0.397600	0.933300	0.631200	-0.056000	1.149900
1627303014.851577	0.297600	0.396900	0.926000	0.637600	-0.023000	1.141000
1627303014.864616	0.308200	0.397900	0.914200	0.637000	0.023100	1.124200
1627303014.881226	0.323400	0.392600	0.909700	0.637300	0.053000	1.120800
1627303014.882260	0.336100	0.384600	0.901200	0.628200	0.090900	1.119900
1627303014.894237	0.360000	0.370200	0.892600	0.603100	0.142200	1.120500
1627303014.898450	0.385100	0.359000	0.886200	0.573500	0.191400	1.122700
1627303014.921475	0.406200	0.352100	0.879200	0.538100	0.227100	1.128200
1627303014.934586	0.433100	0.356600	0.867300	0.494700	0.255500	1.134900
1627303014.935490	0.452900	0.366100	0.862900	0.464100	0.277800	1.136100
1627303014.937192	0.457800	0.376100	0.861100	0.451300	0.291600	1.135500
1627303014.961392	0.454800	0.383300	0.857200	0.437900	0.301000	1.144100
1627303014.974746	0.447900	0.385600	0.853800	0.426900	0.305900	1.169700
1627303014.975714	0.445300	0.382700	0.848300	0.431100	0.319700	1.193200
1627303014.983758	0.448700	0.375000	0.844200	0.431800	0.338300	1.214900
1627303015.006457	0.452400	0.372100	0.834100	0.420800	0.350800	1.232000
1627303015.012386	0.455200	0.367200	0.826200	0.408900	0.356000	1.235400
1627303015.013288	0.456400	0.368300	0.822800	0.400000	0.364300	1.223500
1627303015.024084	0.459600	0.379400	0.824000	0.409200	0.385300	1.199000
1627303015.025894	0.457000	0.387000	0.826500	0.418900	0.399700	1.182200
1627303015.049403	0.449600	0.398600	0.828400	0.422000	0.407300	1.175500
1627303015.051467	0.442100	0.409200	0.834000	0.433000	0.403700	1.161500
1627303015.062708	0.437900	0.419300	0.834500	0.463200	0.407000	1.143700
1627303015.066417	0.437300	0.425500	0.841800	0.491000	0.426600	1.122400
1627303015.082438	0.437600	0.431800	0.848300	0.500500	0.447300	1.106500
1627303015.096456	0.429200	0.434800	0.852200	0.499000	0.460200	1.097300
1627303015.097388	0.422200	0.436800	0.854100	0.483400	0.467500	1.089400
1627303015.121959	0.401700	0.436200	0.856000	0.464100	0.481900	1.074400
1627303015.125299	0.387100	0.442400	0.858200	0.449500	0.499900	1.056100
1627303015.135862	0.375500	0.448700	0.861000	0.455900	0.519700	1.033800
1627303015.160001	0.369900	0.453900	0.867700	0.473900	0.552700	0.999300
1627303015.160912	0.371100	0.460100	0.868200	0.493500	0.581400	0.964200
1627303015.161773	0.370000	0.467300	0.868200	0.500200	0.604000	0.922000
1627303015.171562	0.361700	0.467800	0.866300	0.508400	0.633000	0.871600
1627303015.176876	0.356800	0.475000	0.863400	0.514500	0.668200	0.831300
1627303015.199554	0.351100	0.477800	0.868500	0.528300	0.698700	0.793400
1627303015.200714	0.345300	0.480600	0.877700	0.535900	0.715200	0.744800
1627303015.221483	0.331700	0.488000	0.877100	0.533500	0.718900	0.709700
1627303015.244497	0.314800	0.486000	0.872100	0.516100	0.730800	0.685600
1627303015.245324	0.318000	0.473600	0.876000	0.496800	0.758000	0.663900
1627303015.246416	0.329000	0.468600	0.879800	0.465700	0.783300	0.645300
1627303015.261494	0.323200	0.461300	0.879000	0.429300	0.813900	0.617800
1627303015.266433	0.325900	0.459700	0.884900	0.375600	0.820600	0.573200
1627303015.290819	0.307100	0.467500	0.888800	0.317200	0.811100	0.524900
1627303015.291775	0.287800	0.482100	0.895400	0.267700	0.796800	0.490400
1627303015.293064	0.268200	0.495600	0.895500	0.240600	0.796100	0.455000
1627303015.308446	0.255700	0.505200	0.900500	0.222800	0.839500	0.406100
1627303015.312889	0.261500	0.511400	0.896000	0.222500	0.858100	0.359400
1627303015.334377	0.259200	0.510600	0.887300	0.220400	0.882600	0.301400
1627303015.335364	0.250400	0.518300	0.880400	0.215800	0.878300	0.222300
1627303015.350862	0.226800	0.514400	0.876600	0.217300	0.867300	0.148000
1627303015.351772	0.210600	0.519200	0.876000	0.215800	0.872200	0.068600
1627303015.354695	0.199100	0.522700	0.880400	0.224100	0.885900	0.002000
1627303015.379141	0.190200	0.526500	0.874800	0.213400	0.904000	-0.031600
1627303015.390987	0.188800	0.522800	0.873700	0.208500	0.950100	-0.054500
1627303015.391888	0.189800	0.512500	0.869000	0.178300	0.988600	-0.087800
1627303015.399668	0.178100	0.498200	0.863900	0.156000	1.017000	-0.111300
1627303015.421476	0.164900	0.490400	0.864400	0.111100	1.037700	-0.130800
1627303015.431082	0.163200	0.491500	0.862200	0.082700	1.048700	-0.169300
1627303015.431994	0.160600	0.493900	0.860200	0.065500	1.053900	-0.205400
1627303015.440489	0.168500	0.508500	0.860800	0.064000	1.048400	-0.247200
1627303015.442188	0.172400	0.505200	0.853100	0.066200	1.027700	-0.296700
1627303015.470940	0.165300	0.502800	0.843300	0.050000	1.012400	-0.327200
1627303015.471861	0.156500	0.496500	0.842300	0.037100	0.990700	-0.353500
1627303015.475857	0.136500	0.483800	0.838900	0.005700	0.971500	-0.372700
1627303015.498855	0.125100	0.473500	0.831100	-0.033100	0.969600	-0.384300
1627303015.500356	0.127300	0.474100	0.829000	-0.065800	0.974800	-0.403300
1627303015.512519	0.136000	0.482800	0.826500	-0.086900	0.948300	-0.434100
1627303015.518764	0.129400	0.485200	0.826300	-0.108200	0.901500	-0.466200
1627303015.538175	0.106300	0.492700	0.821800	-0.130200	0.858500	-0.487000
1627303015.540325	0.078600	0.482900	0.823000	-0.148600	0.823600	-0.499200
1627303015.550292	0.057600	0.472900	0.825200	-0.155600	0.811400	-0.505600
1627303015.573526	0.046300	0.466100	0.831100	-0.155300	0.812600	-0.517800
1627303015.575628	0.048500	0.458100	0.826900	-0.153800	0.808400	-0.536400
1627303015.582317	0.052700	0.455000	0.817300	-0.181900	0.791300	-0.543800
1627303015.602528	0.059300	0.460000	0.809900	-0.206600	0.766500	-0.537700
1627303015.610753	0.058200	0.451800	0.804300	-0.217600	0.729000	-0.523000
1627303015.622130	0.054000	0.453600	0.801900	-0.236500	0.689900	-0.523600
1627303015.623086	0.049900	0.470500	0.802500	-0.229500	0.646800	-0.537100
1627303015.629704	0.040500	0.477700	0.801900	-0.217300	0.605600	-0.553800
1627303015.650933	0.025600	0.488400	0.805200	-0.201400	0.566500	-0.572200
1627303015.651844	0.013100	0.487300	0.805400	-0.184300	0.548400	-0.586500
1627303015.661834	0.011600	0.472000	0.798500	-0.173000	0.534400	-0.590200
1627303015.664686	0.011600	0.463300	0.790800	-0.187700	0.506300	-0.590500
1627303015.681521	0.012300	0.465100	0.781600	-0.189800	0.453100	-0.591400
1627303015.695454	0.008900	0.469600	0.773600	-0.176700	0.390800	-0.596300
1627303015.696376	-0.000600	0.477400	0.768900	-0.146700	0.331300	-0.621000
1627303015.718044	-0.028700	0.484100	0.778300	-0.123500	0.299800	-0.655900
1627303015.720362	-0.064200	0.482100	0.786700	-0.102400	0.281800	-0.679100
1627303015.735847	-0.084500	0.464400	0.794300	-0.066400	0.285500	-0.690100
1627303015.760974	-0.079000	0.447100	0.796900	-0.048100	0.281500	-0.688200
1627303015.761882	-0.065900	0.437700	0.790600	-0.042000	0.254600	-0.685200
1627303015.762944	-0.049000	0.431200	0.786600	-0.033400	0.208200	-0.686700
1627303015.772909	-0.050800	0.431300	0.786000	-0.039500	0.163600	-0.689500
1627303015.781809	-0.070800	0.436000	0.791100	-0.048400	0.127900	-0.699800
1627303015.803210	-0.103900	0.430800	0.801500	-0.041000	0.096700	-0.726100
1627303015.804017	-0.117900	0.424300	0.808000	-0.036200	0.084800	-0.748700
1627303015.812950	-0.120800	0.406000	0.816200	-0.042300	0.064600	-0.767700
1627303015.823415	-0.117400	0.386200	0.815600	-0.077700	0.038400	-0.776500
1627303015.824335	-0.109000	0.374400	0.815900	-0.120500	0.013300	-0.769500
1627303015.846434	-0.095600	0.374900	0.823000	-0.157400	-0.011700	-0.764300
1627303015.850241	-0.093100	0.382600	0.827100	-0.193500	-0.047200	-0.763100
1627303015.865388	-0.102500	0.390300	0.839000	-0.220600	-0.070700	-0.762200
1627303015.879986	-0.118000	0.391800	0.847400	-0.228000	-0.090200	-0.759100
1627303015.891019	-0.124900	0.380000	0.851200	-0.237700	-0.100900	-0.752700
1627303015.891957	-0.124100	0.373000	0.854500	-0.248700	-0.114300	-0.741100
1627303015.895940	-0.125700	0.372100	0.858000	-0.259700	-0.135400	-0.730100
1627303015.918870	-0.118300	0.373400	0.860200	-0.280500	-0.162000	-0.710500
1627303015.929903	-0.109600	0.384300	0.860500	-0.287800	-0.192800	-0.703200
1627303015.930830	-0.110700	0.393200	0.857400	-0.283900	-0.235600	-0.710200
1627303015.935938	-0.115600	0.399900	0.850200	-0.265800	-0.280500	-0.724000
1627303015.957773	-0.126600	0.401900	0.852300	-0.239900	-0.309200	-0.732800
1627303015.969584	-0.137300	0.401000	0.862900	-0.199600	-0.315300	-0.739900
1627303015.970289	-0.144200	0.394300	0.874300	-0.164700	-0.305500	-0.755400
1627303015.974327	-0.137700	0.386400	0.880100	-0.132100	-0.291200	-0.777400
1627303016.002584	-0.123500	0.381200	0.880700	-0.110100	-0.294900	-0.792100
1627303016.015023	-0.111100	0.375400	0.877100	-0.097200	-0.320200	-0.800300
1627303016.015920	-0.111600	0.369000	0.871300	-0.087800	-0.356600	-0.808000
1627303016.019730	-0.121100	0.364000	0.875200	-0.078000	-0.378900	-0.814700
1627303016.042784	-0.141100	0.360000	0.882200	-0.064600	-0.389800	-0.822000
1627303016.044367	-0.152600	0.357200	0.892900	-0.043200	-0.384000	-0.833000
1627303016.060018	-0.149000	0.349900	0.897500	-0.017500	-0.379200	-0.849500
1627303016.064047	-0.146600	0.341100	0.898100	-0.006800	-0.378500	-0.864500
1627303016.082233	-0.139900	0.341300	0.890500	0.007200	-0.386800	-0.874200
1627303016.085689	-0.129200	0.338600	0.883400	0.018200	-0.393800	-0.881300
1627303016.088995	-0.127900	0.333700	0.882200	0.029800	-0.401500	-0.895300
1627303016.101387	-0.131100	0.328500	0.881700	0.035000	-0.406300	-0.910900
1627303016.102295	-0.134800	0.326400	0.886400	0.039000	-0.406300	-0.915500
1627303016.125149	-0.133200	0.324300	0.893200	0.040500	-0.401800	-0.918200
1627303016.138490	-0.138900	0.315900	0.897900	0.037100	-0.407000	-0.922200
1627303016.139409	-0.148400	0.309800	0.897000	0.027400	-0.414300	-0.932900
1627303016.143650	-0.146000	0.308700	0.895400	0.026500	-0.418300	-0.949400
1627303016.167075	-0.128800	0.310500	0.886200	0.045400	-0.424700	-0.972600
1627303016.169290	-0.110500	0.317900	0.879900	0.072000	-0.443900	-0.993100
1627303016.180287	-0.097900	0.315200	0.876500	0.094000	-0.471700	-1.009600
1627303016.190403	-0.090700	0.311200	0.876500	0.126600	-0.500100	-1.023000
1627303016.209109	-0.099600	0.305700	0.884000	0.154400	-0.509600	-1.023900
1627303016.211517	-0.104100	0.299100	0.893900	0.180400	-0.510500	-1.018700
1627303016.225412	-0.099900	0.286000	0.898400	0.201200	-0.510800	-1.009900
1627303016.239758	-0.091600	0.278000	0.901700	0.208800	-0.519000	-1.000400
1627303016.240683	-0.084000	0.274400	0.901600	0.209700	-0.541300	-0.987300
1627303016.250358	-0.085700	0.264600	0.908000	0.209100	-0.571300	-0.968900
1627303016.253674	-0.092900	0.261500	0.919800	0.204800	-0.591400	-0.951200
1627303016.278622	-0.104500	0.257600	0.929900	0.184700	-0.597500	-0.934700
1627303016.279519	-0.105600	0.261600	0.939200	0.166600	-0.593600	-0.920400
1627303016.290415	-0.101800	0.266600	0.945200	0.162100	-0.590800	-0.913300
1627303016.297094	-0.104100	0.274800	0.949200	0.144300	-0.602100	-0.914600
1627303016.322576	-0.114700	0.283300	0.946700	0.124800	-0.623800	-0.921000
1627303016.327111	-0.119600	0.299300	0.944700	0.113200	-0.636600	-0.933200
1627303016.328030	-0.111000	0.310200	0.945200	0.126600	-0.633900	-0.951500
1627303016.341000	-0.103000	0.322900	0.946300	0.135500	-0.629600	-0.976000
1627303016.360162	-0.095200	0.343600	0.947400	0.131800	-0.631800	-1.005300
1627303016.367237	-0.094000	0.353400	0.942300	0.129100	-0.640300	-1.023600
1627303016.368302	-0.101100	0.363200	0.940600	0.136700	-0.645800	-1.042200
1627303016.378670	-0.111200	0.372700	0.940600	0.150200	-0.646100	-1.059300
1627303016.403248	-0.111000	0.382400	0.937400	0.170000	-0.630800	-1.075200
1627303016.403925	-0.098500	0.384300	0.937500	0.204200	-0.611300	-1.101800
1627303016.408978	-0.084000	0.381300	0.934300	0.244500	-0.604900	-1.145800
1627303016.421771	-0.080200	0.380500	0.931200	0.260100	-0.602400	-1.177200
1627303016.445205	-0.082300	0.376800	0.928200	0.259500	-0.595400	-1.202900
1627303016.448511	-0.082400	0.374800	0.928500	0.257700	-0.582000	-1.237400
1627303016.449425	-0.077300	0.375600	0.923600	0.265600	-0.579500	-1.272200
1627303016.458074	-0.074600	0.376600	0.920900	0.279300	-0.579500	-1.306100
1627303016.467173	-0.075600	0.372200	0.918700	0.276300	-0.582900	-1.342500
1627303016.491000	-0.079800	0.365800	0.919300	0.271700	-0.582600	-1.372400
1627303016.491913	-0.077300	0.359100	0.918700	0.264400	-0.579800	-1.405700
1627303016.499274	-0.067500	0.354400	0.916400	0.247000	-0.577400	-1.444500
1627303016.509741	-0.057700	0.360700	0.915200	0.232000	-0.586500	-1.472000
1627303016.534692	-0.054100	0.364400	0.917200	0.212800	-0.604300	-1.499500
1627303016.535584	-0.056600	0.371200	0.917000	0.198400	-0.619800	-1.527000
1627303016.539174	-0.059000	0.382900	0.919800	0.188300	-0.629900	-1.546200
1627303016.553469	-0.059700	0.394400	0.917600	0.192900	-0.643100	-1.565700
1627303016.565366	-0.054700	0.410200	0.911400	0.199600	-0.667200	-1.596900
1627303016.572938	-0.055800	0.425400	0.908400	0.214000	-0.691900	-1.633200
1627303016.573845	-0.061500	0.438400	0.904300	0.237200	-0.709600	-1.673900
1627303016.588955	-0.072000	0.446000	0.899500	0.250300	-0.729500	-1.715700
1627303016.601513	-0.074800	0.453700	0.889500	0.257100	-0.746900	-1.756000
1627303016.622841	-0.071700	0.462200	0.882100	0.279300	-0.760000	-1.793300
1627303016.623967	-0.059700	0.472900	0.875700	0.315700	-0.777700	-1.845800
1627303016.639259	-0.043100	0.481800	0.872300	0.351400	-0.801900	-1.900200
1627303016.642858	-0.038300	0.492200	0.864500	0.357500	-0.830900	-1.945100
1627303016.664614	-0.032600	0.506100	0.857900	0.357800	-0.860500	-1.992700
1627303016.665443	-0.038100	0.520100	0.850500	0.367600	-0.887100	-2.041600
1627303016.671544	-0.024000	0.519500	0.844400	0.375000	-0.900500	-2.085000
1627303016.680446	-0.006300	0.519400	0.846100	0.386900	-0.920100	-2.139000
1627303016.681355	0.000500	0.529200	0.846800	0.404900	-0.941800	-2.194300
1627303016.705259	0.016600	0.522100	0.856100	0.397900	-0.985400	-2.228200
1627303016.709015	0.009500	0.515100	0.852100	0.376200	-1.012600	-2.249900
1627303016.723940	0.011400	0.504900	0.853300	0.356300	-1.007400	-2.264600
1627303016.726291	0.029900	0.495500	0.855700	0.347800	-1.020900	-2.282300
1627303016.743904	0.051100	0.491900	0.863000	0.345900	-1.044100	-2.314400
1627303016.747713	0.059100	0.490700	0.863300	0.346500	-1.074000	-2.362300
1627303016.758913	0.064200	0.484500	0.866900	0.331900	-1.097200	-2.402300
1627303016.764147	0.067300	0.475000	0.870800	0.309600	-1.118000	-2.434100
1627303016.787276	0.070700	0.469600	0.870600	0.287600	-1.136300	-2.452700
1627303016.788184	0.073100	0.463700	0.873400	0.260100	-1.151600	-2.459700
1627303016.794708	0.075100	0.466400	0.877100	0.240600	-1.158600	-2.460700
1627303016.823858	0.085300	0.466300	0.883500	0.224100	-1.165300	-2.450900
1627303016.825960	0.093400	0.464100	0.884500	0.212200	-1.157700	-2.444500
1627303016.826707	0.104900	0.467500	0.884500	0.203300	-1.156200	-2.441100
1627303016.836587	0.114400	0.467400	0.887200	0.199600	-1.162600	-2.439900
1627303016.839693	0.113000	0.455000	0.891100	0.186200	-1.171800	-2.433500
1627303016.867661	0.109100	0.444800	0.892700	0.174300	-1.172400	-2.425500
1627303016.877309	0.111300	0.436000	0.897000	0.171500	-1.169600	-2.412100
1627303016.878261	0.112300	0.430100	0.901600	0.159300	-1.160100	-2.399300
1627303016.884814	0.113000	0.428600	0.903200	0.144300	-1.144300	-2.382500
1627303016.906461	0.117700	0.421300	0.911600	0.131200	-1.112800	-2.359600
1627303016.915925	0.113800	0.407800	0.921000	0.113200	-1.088400	-2.328100
1627303016.916824	0.094100	0.390400	0.916500	0.078400	-1.071300	-2.290500
1627303016.918483	0.074700	0.369500	0.917700	0.033800	-1.051400	-2.238000
1627303016.946036	0.062900	0.351400	0.912800	-0.012300	-1.026400	-2.191000
1627303016.946942	0.071000	0.346400	0.904200	-0.039200	-0.988500	-2.160700
1627303016.959385	0.090900	0.356000	0.897700	-0.069800	-0.960700	-2.130800
1627303016.962189	0.101800	0.374100	0.891800	-0.091100	-0.953700	-2.102400
1627303016.979215	0.099500	0.391700	0.891600	-0.101800	-0.941800	-2.073100
1627303016.993187	0.084500	0.412800	0.891700	-0.096000	-0.919500	-2.036400
1627303016.994092	0.079100	0.423000	0.885100	-0.071600	-0.883400	-1.997300
1627303017.015786	0.084200	0.425800	0.879600	-0.048400	-0.850100	-1.976900
1627303017.016755	0.090000	0.422700	0.871000	-0.013600	-0.830600	-1.962800
1627303017.026532	0.092900	0.419600	0.864500	0.038400	-0.808600	-1.941100
1627303017.032758	0.101200	0.415600	0.863600	0.080800	-0.780800	-1.910300
1627303017.053186	0.103500	0.408600	0.873800	0.115900	-0.751800	-1.883400
1627303017.056839	0.099100	0.401100	0.886500	0.150500	-0.724900	-1.850700
1627303017.067916	0.092900	0.385100	0.893200	0.148900	-0.699900	-1.808900
1627303017.073139	0.091100	0.368300	0.901100	0.130600	-0.674500	-1.750200
1627303017.095892	0.103300	0.346200	0.907800	0.111400	-0.651000	-1.671700
1627303017.096723	0.110700	0.328700	0.911400	0.090600	-0.634800	-1.619500
1627303017.107940	0.115500	0.320400	0.918300	0.069800	-0.625600	-1.570900
1627303017.115392	0.106700	0.314800	0.927100	0.045100	-0.623800	-1.502500
1627303017.134631	0.096100	0.308000	0.934700	0.016100	-0.615900	-1.435600
1627303017.136690	0.093800	0.297600	0.939100	-0.006500	-0.597800	-1.381000
1627303017.152853	0.094200	0.281700	0.946400	-0.030400	-0.578900	-1.328400
1627303017.175772	0.081400	0.271100	0.946000	-0.059700	-0.568200	-1.287800
1627303017.176597	0.070200	0.261200	0.943000	-0.102100	-0.556300	-1.227000
1627303017.178941	0.065300	0.257400	0.946700	-0.134800	-0.541300	-1.146100
1627303017.194349	0.063500	0.259800	0.947600	-0.156800	-0.527300	-1.073700
1627303017.197867	0.063000	0.270500	0.943400	-0.185200	-0.510500	-1.012300
1627303017.226930	0.061000	0.289400	0.942400	-0.184300	-0.480600	-0.946300
1627303017.228029	0.057900	0.300400	0.941900	-0.181500	-0.454000	-0.888900
1627303017.229030	0.050500	0.302600	0.938100	-0.175100	-0.425900	-0.831500
1627303017.243925	0.047700	0.292100	0.931800	-0.177900	-0.389200	-0.768600
1627303017.256713	0.051400	0.285000	0.926600	-0.177300	-0.360200	-0.708700
1627303017.259317	0.053300	0.280200	0.922700	-0.168700	-0.344600	-0.660400
1627303017.277975	0.051300	0.277700	0.919300	-0.155300	-0.328800	-0.613400
1627303017.289755	0.043600	0.277200	0.915200	-0.146700	-0.319000	-0.569700
1627303017.290678	0.044200	0.270900	0.911600	-0.144000	-0.304600	-0.528200
1627303017.297904	0.044700	0.267600	0.906400	-0.138500	-0.285700	-0.476600
1627303017.305913	0.052700	0.268400	0.904100	-0.118900	-0.268600	-0.423400
1627303017.328789	0.060200	0.264200	0.901100	-0.102100	-0.271300	-0.384600
1627303017.329705	0.067000	0.251700	0.893300	-0.102700	-0.272000	-0.348000
1627303017.339196	0.081800	0.245500	0.887600	-0.104900	-0.280200	-0.293600
1627303017.347302	0.086800	0.242900	0.881000	-0.105200	-0.299100	-0.235300
1627303017.366267	0.081100	0.239300	0.877600	-0.111600	-0.312000	-0.172400
1627303017.367281	0.076300	0.228400	0.885400	-0.120200	-0.315300	-0.102400
1627303017.373664	0.075700	0.220500	0.886700	-0.122600	-0.306800	-0.049000
1627303017.398108	0.094000	0.214200	0.893700	-0.121700	-0.311000	0.010000
1627303017.398952	0.099400	0.210100	0.887000	-0.117100	-0.310700	0.071400
1627303017.406652	0.119900	0.206700	0.888100	-0.119500	-0.315600	0.116000
1627303017.417878	0.117700	0.215500	0.886600	-0.121400	-0.332400	0.163300
1627303017.441960	0.113900	0.226700	0.890500	-0.110100	-0.341900	0.221300
1627303017.442937	0.115000	0.231300	0.901400	-0.084700	-0.354100	0.262300
1627303017.446586	0.100300	0.241000	0.908900	-0.067300	-0.357800	0.302000
1627303017.461787	0.100200	0.242800	0.920800	-0.043800	-0.367200	0.345000
1627303017.462698	0.098900	0.250700	0.929800	-0.018400	-0.367600	0.383500
1627303017.479260	0.098400	0.253100	0.930100	0.016100	-0.348900	0.422300
1627303017.486618	0.105200	0.254900	0.936400	0.028600	-0.336400	0.459600
1627303017.495472	0.102700	0.262100	0.943500	0.024000	-0.336100	0.488600
1627303017.517101	0.099500	0.260100	0.945300	0.024000	-0.332400	0.521300
1627303017.518109	0.093800	0.261800	0.952500	0.019700	-0.313800	0.558200
1627303017.529033	0.100800	0.278800	0.969400	0.034700	-0.285700	0.583000
1627303017.541532	0.103100	0.296300	0.985100	0.059400	-0.262800	0.600400
1627303017.561952	0.116500	0.310100	0.998700	0.092700	-0.231600	0.616300
1627303017.562931	0.116500	0.310100	0.998700	0.092700	-0.231600	0.616300
1627303017.566690	0.119500	0.322100	1.002000	0.123900	-0.227700	0.637000
1627303017.577880	0.106900	0.324500	0.994900	0.126300	-0.233500	0.672500
1627303017.595083	0.090500	0.332600	0.985800	0.114400	-0.209600	0.708500
1627303017.595998	0.071900	0.331500	0.985700	0.142800	-0.157100	0.724100
1627303017.614086	0.060200	0.322500	0.992600	0.170300	-0.097900	0.725300
1627303017.624798	0.058100	0.324200	0.996800	0.195400	-0.029400	0.744800
1627303017.625712	0.071800	0.321700	0.993300	0.219200	0.035600	0.773300
1627303017.635275	0.101000	0.322300	0.989400	0.239300	0.095500	0.794000
1627303017.642142	0.127100	0.324100	0.985200	0.266500	0.145600	0.805600
1627303017.664570	0.135000	0.324500	0.981800	0.282100	0.185900	0.820300
1627303017.665093	0.134200	0.323900	0.979900	0.300700	0.217700	0.842300
1627303017.676774	0.133400	0.315700	0.970900	0.323600	0.261300	0.867000
1627303017.683682	0.143100	0.300000	0.966800	0.342600	0.317800	0.892400
1627303017.708488	0.153400	0.291600	0.959000	0.344100	0.360000	0.914100
1627303017.709190	0.161300	0.284200	0.953200	0.333700	0.387200	0.944000
1627303017.716653	0.166300	0.287000	0.948500	0.319700	0.408600	0.978200
1627303017.725476	0.166300	0.292000	0.945700	0.317500	0.425700	1.006300
1627303017.729126	0.164800	0.298700	0.940600	0.312900	0.443100	1.033500
1627303017.756888	0.163000	0.305200	0.932900	0.314200	0.462000	1.059800
1627303017.757898	0.162800	0.311300	0.925500	0.314500	0.480600	1.083600
1627303017.767994	0.162500	0.318800	0.918800	0.311100	0.500800	1.111400
1627303017.772865	0.172700	0.327600	0.910400	0.332200	0.528000	1.134600
1627303017.795721	0.183300	0.330700	0.906500	0.352000	0.547500	1.148900
1627303017.796550	0.190300	0.338000	0.898800	0.376200	0.565900	1.159900
1627303017.803990	0.201700	0.339400	0.891100	0.411600	0.592700	1.179800
1627303017.815454	0.206900	0.336100	0.890100	0.437000	0.612000	1.204200
1627303017.838169	0.204000	0.330800	0.896900	0.445500	0.628800	1.236300
1627303017.838997	0.200600	0.329000	0.898300	0.448600	0.652300	1.284200
1627303017.849207	0.200300	0.323600	0.900500	0.446100	0.670600	1.328500
1627303017.856693	0.208000	0.320800	0.902200	0.433900	0.676400	1.374000
1627303017.878354	0.203100	0.323100	0.897100	0.393600	0.672400	1.438200
1627303017.879186	0.197400	0.324200	0.899000	0.352700	0.683100	1.495000
1627303017.886629	0.193200	0.335400	0.905400	0.332200	0.699000	1.544200
1627303017.897894	0.194200	0.342500	0.915400	0.330400	0.720100	1.592400
1627303017.922148	0.194300	0.349600	0.920400	0.322100	0.724700	1.626900
1627303017.923386	0.193100	0.354100	0.916100	0.316300	0.725300	1.651400
1627303017.925418	0.195400	0.358000	0.914900	0.308100	0.721000	1.671200
1627303017.940145	0.196900	0.363000	0.911100	0.298900	0.716100	1.686500
1627303017.941434	0.190100	0.369100	0.908400	0.296500	0.721900	1.701200
1627303017.964295	0.186900	0.374600	0.907600	0.275100	0.739300	1.720400
1627303017.965385	0.182300	0.384600	0.903600	0.245800	0.755500	1.739900
1627303017.971828	0.178500	0.396200	0.901900	0.225000	0.770200	1.747600
1627303017.993952	0.172600	0.407100	0.898300	0.212500	0.780600	1.751900
1627303018.000070	0.172000	0.413000	0.897100	0.203300	0.790600	1.754600
1627303018.001156	0.166400	0.419200	0.893300	0.188600	0.800700	1.757700
1627303018.023208	0.170300	0.424700	0.891000	0.177000	0.810500	1.762600
1627303018.024285	0.178600	0.427600	0.887600	0.166300	0.820300	1.765000
1627303018.034128	0.176600	0.426000	0.885500	0.150200	0.823600	1.767700
1627303018.040292	0.173200	0.427400	0.880600	0.115300	0.826700	1.776600
1627303018.061802	0.166100	0.433500	0.877700	0.086900	0.838900	1.777200
1627303018.074722	0.165800	0.432600	0.880500	0.075300	0.841700	1.769600
1627303018.075616	0.162400	0.436300	0.880600	0.065900	0.833100	1.755200
1627303018.082488	0.161400	0.442900	0.879600	0.068900	0.821200	1.731100
1627303018.108561	0.168700	0.449000	0.874800	0.080200	0.815700	1.707000
1627303018.109478	0.182500	0.450000	0.871800	0.095200	0.812600	1.686800
1627303018.116829	0.184600	0.443700	0.874500	0.079300	0.795500	1.666300
1627303018.125411	0.179700	0.443500	0.874500	0.056400	0.785800	1.653200
1627303018.129096	0.175900	0.449000	0.884800	0.035600	0.788500	1.639500
1627303018.153623	0.166300	0.462300	0.900500	0.010000	0.786400	1.619600
1627303018.154535	0.155200	0.474900	0.905900	-0.005900	0.767400	1.610100
1627303018.165642	0.133300	0.487400	0.907600	-0.010500	0.755500	1.593600
1627303018.172174	0.114900	0.495800	0.907300	-0.009300	0.747600	1.562200
1627303018.197135	0.103500	0.496200	0.910000	0.004500	0.749100	1.535300
1627303018.197966	0.099500	0.491000	0.913800	0.020600	0.755500	1.506000
1627303018.205242	0.093600	0.472500	0.923700	0.033800	0.776900	1.473600
1627303018.216580	0.092800	0.456200	0.931400	0.034100	0.819700	1.449500
1627303018.217485	0.111600	0.443100	0.939100	0.028000	0.867000	1.428100
1627303018.241493	0.127600	0.422600	0.940100	-0.015100	0.890500	1.414400
1627303018.244051	0.127000	0.414600	0.935500	-0.084700	0.892400	1.411000
1627303018.259588	0.121900	0.420300	0.931500	-0.152200	0.882900	1.410100
1627303018.264245	0.108800	0.426500	0.932400	-0.195900	0.870700	1.407000
1627303018.285527	0.106400	0.433300	0.937000	-0.213900	0.866700	1.391100
1627303018.291311	0.101000	0.432000	0.930800	-0.230100	0.864600	1.381700
1627303018.291988	0.107300	0.421000	0.924800	-0.248400	0.881400	1.378600
1627303018.315790	0.112800	0.396500	0.912500	-0.281400	0.912200	1.378300
1627303018.316717	0.127000	0.386600	0.905500	-0.321100	0.926300	1.376800
1627303018.324202	0.134300	0.375200	0.903300	-0.368500	0.925700	1.372800
1627303018.335299	0.137900	0.374500	0.899400	-0.416700	0.912500	1.362700
1627303018.354548	0.127200	0.380500	0.903700	-0.456700	0.905500	1.348100
1627303018.355741	0.114900	0.385900	0.909900	-0.476900	0.900600	1.327000
1627303018.365516	0.098300	0.387600	0.917500	-0.491000	0.903000	1.302300
1627303018.373144	0.091400	0.387200	0.912000	-0.502300	0.901500	1.281500
1627303018.397111	0.093400	0.385100	0.901100	-0.507100	0.891700	1.269600
1627303018.397967	0.098000	0.397900	0.887200	-0.509300	0.870700	1.271100
1627303018.405388	0.101300	0.418000	0.881600	-0.490000	0.854800	1.276000
1627303018.415620	0.093100	0.428100	0.882700	-0.448800	0.849600	1.283600
1627303018.437666	0.071400	0.433600	0.893300	-0.397200	0.850800	1.294300
1627303018.439376	0.053000	0.428000	0.900100	-0.359000	0.859700	1.303200
1627303018.454651	0.052500	0.413000	0.901400	-0.319300	0.878600	1.307800
1627303018.463282	0.067500	0.394700	0.898200	-0.291200	0.882000	1.316000
1627303018.483465	0.077900	0.385900	0.888500	-0.287500	0.864600	1.323300
1627303018.485580	0.081500	0.387500	0.881500	-0.281700	0.832500	1.325800
1627303018.486672	0.069700	0.403300	0.884400	-0.252400	0.782700	1.316000
1627303018.501581	0.055200	0.412500	0.884400	-0.211200	0.745800	1.305000
1627303018.502526	0.041500	0.409300	0.878100	-0.168700	0.719200	1.298600
1627303018.525686	0.031900	0.390400	0.870400	-0.148000	0.689900	1.302300
1627303018.526540	0.023800	0.371900	0.865100	-0.132100	0.667600	1.303200
1627303018.536579	0.009900	0.352500	0.865600	-0.121700	0.647400	1.300700
1627303018.545436	-0.012000	0.343800	0.873800	-0.137000	0.623900	1.282100
1627303018.564800	-0.023700	0.342700	0.879800	-0.151300	0.608300	1.249400
1627303018.565630	-0.027800	0.349200	0.880100	-0.155300	0.596400	1.206100
1627303018.572315	-0.021000	0.352200	0.872300	-0.143400	0.571700	1.149200
1627303018.593962	-0.015400	0.354100	0.867300	-0.141800	0.535900	1.106500
1627303018.609332	-0.016200	0.352700	0.868400	-0.133900	0.508100	1.071700
1627303018.612850	-0.026400	0.338300	0.878800	-0.135400	0.487000	1.040500
1627303018.624714	-0.025900	0.322400	0.890300	-0.130500	0.485800	1.012100
1627303018.625621	-0.024800	0.310100	0.904100	-0.127500	0.487400	0.988300
1627303018.635329	-0.034400	0.299200	0.911100	-0.136300	0.468400	0.964800
1627303018.640999	-0.051300	0.283600	0.912100	-0.167200	0.440900	0.950700
1627303018.663741	-0.059700	0.269300	0.911700	-0.203800	0.422600	0.930600
1627303018.664676	-0.063800	0.264000	0.912500	-0.228000	0.399400	0.889900
1627303018.676828	-0.060300	0.267000	0.911700	-0.236200	0.370400	0.837700
1627303018.678606	-0.056600	0.277500	0.910200	-0.250000	0.343200	0.795600
1627303018.703568	-0.048300	0.293700	0.907600	-0.253900	0.321200	0.763200
1627303018.704470	-0.034900	0.307400	0.905800	-0.248700	0.307800	0.737800
1627303018.714243	-0.026100	0.314100	0.899700	-0.230400	0.301300	0.717100
1627303018.723491	-0.023400	0.316900	0.893800	-0.212100	0.293100	0.694100
1627303018.748669	-0.020500	0.316300	0.886400	-0.195900	0.287900	0.674600
1627303018.753393	-0.017800	0.308600	0.892600	-0.181900	0.287600	0.665700
1627303018.753996	-0.020400	0.299200	0.899000	-0.165100	0.280300	0.662700
1627303018.765454	-0.024800	0.292400	0.907700	-0.161100	0.267400	0.658100
1627303018.768552	-0.025100	0.288900	0.909900	-0.147600	0.254300	0.650800
1627303018.793225	-0.024700	0.282500	0.909300	-0.130200	0.244500	0.645900
1627303018.794126	-0.019000	0.279700	0.904100	-0.113700	0.237800	0.644400
1627303018.802789	-0.014300	0.278400	0.898400	-0.096300	0.239300	0.650800
1627303018.814300	-0.014200	0.274400	0.904400	-0.081700	0.245100	0.652900
1627303018.835742	-0.013500	0.274900	0.908700	-0.048700	0.245500	0.651700
1627303018.836578	-0.013700	0.270300	0.912600	-0.027000	0.240900	0.654700
1627303018.846713	-0.010700	0.266100	0.916000	-0.008100	0.236000	0.660200
1627303018.852932	-0.007300	0.258500	0.916000	0.002600	0.227100	0.682800
1627303018.875032	-0.003300	0.253100	0.915800	-0.002600	0.218000	0.712500
1627303018.876887	0.006100	0.253400	0.913800	-0.009300	0.209100	0.743000
1627303018.884206	0.013500	0.258500	0.910300	-0.009600	0.194400	0.777500
1627303018.895498	0.015100	0.265700	0.905300	-0.005000	0.177300	0.801400
1627303018.919480	0.009600	0.276200	0.902300	0.005100	0.159000	0.820600
1627303018.920305	-0.003900	0.284300	0.902200	0.030100	0.143400	0.838900
1627303018.922846	-0.022100	0.286700	0.903800	0.051800	0.134900	0.855100
1627303018.937833	-0.034900	0.284700	0.904200	0.070400	0.135200	0.863100
1627303018.938774	-0.034200	0.281200	0.902100	0.084800	0.138600	0.862400
1627303018.958663	-0.030200	0.284700	0.899000	0.097300	0.132700	0.859100
1627303018.964273	-0.027800	0.291500	0.894000	0.097300	0.120200	0.856300
1627303018.965948	-0.026500	0.297400	0.888700	0.089400	0.101000	0.857200
1627303018.990787	-0.031000	0.308300	0.885600	0.080500	0.078100	0.860000
1627303018.995413	-0.042700	0.318000	0.880100	0.077500	0.054900	0.858200
1627303019.005203	-0.060500	0.329100	0.878100	0.080500	0.032000	0.845900
1627303019.011807	-0.083000	0.340100	0.879800	0.084200	0.006900	0.828500
1627303019.032286	-0.100200	0.352300	0.878400	0.097000	-0.002900	0.813000
1627303019.033235	-0.110600	0.354500	0.882100	0.125100	-0.012900	0.791900
1627303019.043020	-0.111200	0.352800	0.877800	0.157200	-0.024600	0.768100
1627303019.050319	-0.104000	0.351100	0.870400	0.180700	-0.031300	0.738400
1627303019.074795	-0.079000	0.355600	0.867300	0.211200	-0.041700	0.703300
1627303019.075630	-0.049200	0.359300	0.864100	0.248200	-0.056000	0.664200
1627303019.083057	-0.023100	0.363500	0.867200	0.266500	-0.071300	0.639800
1627303019.090420	-0.011000	0.359500	0.871000	0.254300	-0.096000	0.617800
1627303019.114851	-0.014000	0.361100	0.875200	0.243300	-0.126300	0.589400
1627303019.115898	-0.018900	0.355800	0.870000	0.244200	-0.148900	0.555200
1627303019.122910	-0.025400	0.355500	0.866100	0.244500	-0.173000	0.512100
1627303019.132334	-0.031500	0.347500	0.862200	0.257100	-0.213000	0.453200
1627303019.156501	-0.038900	0.344500	0.854400	0.263800	-0.243900	0.400000
1627303019.157408	-0.036300	0.349200	0.853900	0.269900	-0.273800	0.355400
1627303019.165432	-0.013800	0.349400	0.848900	0.284800	-0.288400	0.309600
1627303019.171056	0.010600	0.343800	0.847000	0.281800	-0.302500	0.277200
1627303019.194835	0.032300	0.337600	0.845000	0.261300	-0.319600	0.243900
1627303019.195737	0.037800	0.331300	0.848900	0.227700	-0.351700	0.221600
1627303019.202895	0.030300	0.325400	0.853300	0.188900	-0.373700	0.216800
1627303019.213828	0.021100	0.320600	0.861800	0.153200	-0.390800	0.227800
1627303019.234703	0.015900	0.318000	0.873400	0.112900	-0.400800	0.239400
1627303019.235582	0.030600	0.330000	0.886600	0.088500	-0.418300	0.237200
1627303019.245102	0.043800	0.339100	0.892300	0.089400	-0.455800	0.227800
1627303019.254464	0.056900	0.352100	0.899900	0.076200	-0.494000	0.209100
1627303019.277760	0.065700	0.381300	0.908300	0.079300	-0.525500	0.196300
1627303019.280611	0.066400	0.388700	0.915400	0.086600	-0.526700	0.163300
1627303019.281588	0.070200	0.407700	0.929100	0.109200	-0.536800	0.136400
1627303019.287898	0.065700	0.414700	0.938700	0.122700	-0.543500	0.113800
1627303019.310735	0.062100	0.420300	0.946800	0.140700	-0.544100	0.094900
1627303019.311569	0.068400	0.422000	0.957600	0.192000	-0.539500	0.057900
1627303019.322874	0.071900	0.424100	0.968000	0.214600	-0.528800	0.023700
1627303019.330417	0.073600	0.430500	0.975500	0.226500	-0.524200	-0.006800
1627303019.350650	0.068800	0.436600	0.985100	0.249700	-0.511700	-0.030300
1627303019.353135	0.061400	0.440200	0.991100	0.251900	-0.503800	-0.050800
1627303019.365598	0.049400	0.447300	0.993500	0.270800	-0.497400	-0.069700
1627303019.370673	0.046000	0.454800	0.998700	0.269000	-0.492200	-0.094500
1627303019.393327	0.035000	0.457400	1.001100	0.297100	-0.475100	-0.127500
1627303019.396722	0.027700	0.452800	1.003400	0.307400	-0.449100	-0.159200
1627303019.404171	0.025000	0.447000	0.999900	0.290300	-0.423800	-0.192200
1627303019.414410	0.022800	0.443100	0.995200	0.275700	-0.392000	-0.232800
1627303019.438234	0.029500	0.437400	0.990700	0.270200	-0.362100	-0.274100
1627303019.439366	0.038300	0.436600	0.982900	0.257100	-0.330600	-0.321400
1627303019.441616	0.039400	0.432900	0.974100	0.228000	-0.305500	-0.377300
1627303019.460353	0.043700	0.433100	0.960800	0.197200	-0.286600	-0.427100
1627303019.461268	0.051000	0.437100	0.943800	0.170900	-0.271000	-0.475700
1627303019.501177	0.064600	0.450600	0.928100	0.147400	-0.260600	-0.531900
1627303019.502099	0.074500	0.464000	0.916000	0.140400	-0.261600	-0.582900
1627303019.502942	0.074700	0.469400	0.900000	0.127900	-0.267100	-0.630500
1627303019.506635	0.077400	0.473800	0.882000	0.115900	-0.268900	-0.689500
1627303019.507547	0.083700	0.474000	0.868000	0.119000	-0.272600	-0.735000
1627303019.522951	0.089700	0.472200	0.851800	0.125400	-0.282300	-0.775000
1627303019.537186	0.091700	0.470200	0.838900	0.120800	-0.294900	-0.820500
1627303019.551590	0.093100	0.474600	0.833100	0.110100	-0.307400	-0.856500
1627303019.563406	0.084400	0.476900	0.825900	0.113500	-0.310400	-0.895000
1627303019.564117	0.090800	0.481900	0.824100	0.125700	-0.321100	-0.948200
1627303019.565775	0.098800	0.478800	0.822300	0.131500	-0.345300	-0.992800
1627303019.591432	0.096200	0.481300	0.816200	0.139500	-0.377300	-1.031900
1627303019.606610	0.102900	0.471300	0.814200	0.141300	-0.391700	-1.074000
1627303019.614185	0.112400	0.463300	0.818000	0.124200	-0.420100	-1.106400
1627303019.621312	0.119400	0.463400	0.817300	0.118700	-0.434100	-1.134800
1627303019.622219	0.132600	0.447500	0.829500	0.098200	-0.455200	-1.164700
1627303019.626074	0.131200	0.444800	0.840000	0.056100	-0.488500	-1.182400
1627303019.646370	0.131800	0.441700	0.847300	0.017000	-0.508700	-1.195600
1627303019.651644	0.134900	0.441000	0.850300	-0.031600	-0.533400	-1.210200
1627303019.674518	0.135300	0.436600	0.854700	-0.079800	-0.548400	-1.226700
1627303019.675447	0.131700	0.431300	0.861900	-0.123200	-0.562100	-1.231600
1627303019.681569	0.123400	0.416100	0.878900	-0.183700	-0.563600	-1.223700
1627303019.693910	0.121000	0.392200	0.903900	-0.255200	-0.543500	-1.207800
1627303019.694581	0.129500	0.375600	0.931600	-0.341000	-0.525800	-1.192200
1627303019.719026	0.138900	0.370700	0.956700	-0.428900	-0.513200	-1.181500
1627303019.722832	0.135300	0.387500	0.961300	-0.520900	-0.530700	-1.173900
1627303019.737861	0.127600	0.405400	0.957600	-0.582300	-0.542600	-1.183300
1627303019.738764	0.124000	0.442700	0.944800	-0.601800	-0.558400	-1.209900
1627303019.757963	0.128300	0.471300	0.931900	-0.574600	-0.546800	-1.252700
1627303019.761764	0.132600	0.491100	0.927500	-0.524900	-0.520000	-1.289000
1627303019.770392	0.133400	0.504400	0.919900	-0.457000	-0.492500	-1.316800
1627303019.790997	0.151900	0.492400	0.914400	-0.395000	-0.450000	-1.336100
1627303019.791900	0.162200	0.487700	0.906700	-0.363300	-0.428000	-1.351000
1627303019.802548	0.175900	0.482500	0.899900	-0.324800	-0.415500	-1.360800
1627303019.809821	0.180700	0.472500	0.893700	-0.288400	-0.411200	-1.362000
1627303019.833696	0.175500	0.468600	0.889600	-0.268300	-0.409100	-1.357700
1627303019.834843	0.169700	0.459200	0.887200	-0.239000	-0.410000	-1.349800
1627303019.844252	0.165500	0.454800	0.890300	-0.196500	-0.404800	-1.339100
1627303019.853725	0.151200	0.452900	0.887100	-0.165700	-0.395700	-1.326600
1627303019.878872	0.142300	0.443800	0.884600	-0.134500	-0.377000	-1.317400
1627303019.879808	0.138300	0.428000	0.883500	-0.101800	-0.336400	-1.310100
1627303019.880641	0.142200	0.417000	0.881000	-0.075600	-0.305900	-1.313500
1627303019.892935	0.156900	0.403300	0.878700	-0.051400	-0.284500	-1.317100
1627303019.900288	0.166600	0.386800	0.881700	-0.043500	-0.278100	-1.320800
1627303019.923318	0.169100	0.374100	0.883900	-0.063300	-0.283600	-1.321100
1627303019.924171	0.165300	0.369900	0.883200	-0.082600	-0.296400	-1.318700
1627303019.935309	0.157200	0.364300	0.883500	-0.104000	-0.309200	-1.315600
1627303019.943017	0.154800	0.362200	0.881100	-0.125300	-0.312600	-1.319300
1627303019.961538	0.154500	0.368500	0.881700	-0.141200	-0.316200	-1.326000
1627303019.962451	0.151000	0.376600	0.885500	-0.161700	-0.327800	-1.322600
1627303019.971235	0.148600	0.380900	0.888700	-0.169000	-0.337000	-1.307700
1627303019.995112	0.151700	0.377900	0.892200	-0.171500	-0.333600	-1.284100
1627303019.996016	0.154300	0.364500	0.904700	-0.188900	-0.313500	-1.248100
1627303020.003571	0.157500	0.348000	0.916400	-0.227100	-0.297000	-1.204700
1627303020.012526	0.152100	0.330100	0.923300	-0.263100	-0.287200	-1.173300
1627303020.014392	0.146700	0.313100	0.929400	-0.312000	-0.286000	-1.147600
1627303020.039871	0.139500	0.308700	0.932100	-0.371200	-0.285400	-1.136000
1627303020.040893	0.141700	0.315900	0.937100	-0.422800	-0.304600	-1.134500
1627303020.050177	0.130000	0.326000	0.938500	-0.450300	-0.324500	-1.142400
1627303020.059292	0.117900	0.342500	0.937300	-0.464700	-0.337900	-1.160100
1627303020.071394	0.103400	0.361700	0.937300	-0.468700	-0.335500	-1.175400
1627303020.086487	0.101400	0.372200	0.934800	-0.454600	-0.312900	-1.187000
1627303020.090082	0.105200	0.377100	0.933800	-0.444200	-0.299700	-1.188500
1627303020.111336	0.099500	0.383300	0.931600	-0.432900	-0.277800	-1.186700
1627303020.112784	0.103100	0.379500	0.932000	-0.413100	-0.267700	-1.186100
1627303020.120005	0.084100	0.379500	0.930200	-0.400200	-0.246300	-1.185800
1627303020.132604	0.081700	0.377100	0.933200	-0.378900	-0.223100	-1.189500
1627303020.152492	0.078700	0.378500	0.932400	-0.359600	-0.203200	-1.196500
1627303020.154109	0.076500	0.381800	0.936300	-0.327500	-0.185500	-1.201400
1627303020.160008	0.079600	0.381000	0.942500	-0.301600	-0.178800	-1.203800
1627303020.171582	0.070100	0.376500	0.938700	-0.280200	-0.165700	-1.205900
1627303020.193926	0.068800	0.371800	0.939300	-0.254900	-0.140000	-1.214200
1627303020.195090	0.062400	0.366500	0.939300	-0.231600	-0.125600	-1.216000
1627303020.210261	0.056900	0.351700	0.938000	-0.224600	-0.100900	-1.222700
1627303020.216362	0.051900	0.343000	0.934700	-0.226800	-0.081700	-1.235000
1627303020.238979	0.046400	0.333900	0.932900	-0.230700	-0.067600	-1.246300
1627303020.240102	0.049000	0.330800	0.929100	-0.241100	-0.055400	-1.262500
1627303020.250950	0.056400	0.327800	0.928000	-0.248700	-0.041700	-1.288100
1627303020.251431	0.059900	0.327400	0.925500	-0.253000	-0.038900	-1.313800
1627303020.260636	0.064800	0.332000	0.918500	-0.254500	-0.041000	-1.327200
1627303020.276368	0.068700	0.336700	0.915300	-0.257000	-0.050800	-1.333900
1627303020.292589	0.065600	0.337600	0.914600	-0.262200	-0.058100	-1.337000
1627303020.302019	0.056500	0.341900	0.913600	-0.267700	-0.060900	-1.337300
1627303020.302492	0.048700	0.341600	0.914600	-0.261000	-0.060000	-1.332400
1627303020.309911	0.042800	0.337400	0.914400	-0.253300	-0.054500	-1.328100
1627303020.320567	0.033900	0.333700	0.916500	-0.252100	-0.044700	-1.326600
1627303020.343739	0.031400	0.320700	0.915600	-0.246000	-0.028500	-1.324500
1627303020.345216	0.027000	0.319800	0.915300	-0.246000	-0.015400	-1.321100
1627303020.348937	0.030500	0.313700	0.918600	-0.242000	-0.009300	-1.315600
1627303020.364186	0.033200	0.313100	0.925300	-0.239600	-0.009300	-1.314700
1627303020.367855	0.034500	0.310500	0.933100	-0.231600	-0.016300	-1.316500
1627303020.387618	0.026100	0.303500	0.936200	-0.228000	-0.028200	-1.312500
1627303020.389900	0.014400	0.294400	0.936200	-0.234700	-0.030700	-1.299400
1627303020.400259	0.011800	0.285000	0.937300	-0.244200	-0.026400	-1.280800
1627303020.407665	0.007300	0.279900	0.938500	-0.246300	-0.026400	-1.266400
1627303020.426229	0.000500	0.276900	0.938000	-0.249000	-0.027900	-1.249000
1627303020.428659	0.002200	0.275300	0.934800	-0.248700	-0.026100	-1.227300
1627303020.444259	0.007200	0.271900	0.935800	-0.244500	-0.020900	-1.209600
1627303020.470212	0.009500	0.266400	0.935800	-0.242600	-0.020300	-1.189500
1627303020.472444	0.005900	0.255200	0.938800	-0.242300	-0.017500	-1.165300
1627303020.473007	-0.002300	0.244600	0.942400	-0.247800	-0.015100	-1.145200
1627303020.479924	-0.009300	0.231400	0.941200	-0.251500	-0.011100	-1.129300
1627303020.490584	-0.012700	0.219800	0.940900	-0.259100	-0.004700	-1.111000
1627303020.515019	-0.012100	0.213500	0.942700	-0.267700	-0.003200	-1.097200
1627303020.516296	-0.009800	0.211500	0.943000	-0.267400	-0.004400	-1.084700
1627303020.518662	-0.006600	0.212900	0.946400	-0.264000	-0.006800	-1.072200
1627303020.534029	-0.005600	0.211800	0.947900	-0.261000	-0.005300	-1.063600
1627303020.535306	-0.007600	0.208700	0.948400	-0.251800	-0.006500	-1.052300
1627303020.557750	-0.012200	0.195700	0.946000	-0.248400	-0.001300	-1.031200
1627303020.560657	-0.019700	0.185100	0.942700	-0.244500	0.009000	-1.014400
1627303020.582879	-0.025100	0.171300	0.938000	-0.241700	0.022200	-1.000400
1627303020.586484	-0.020800	0.160200	0.937600	-0.236800	0.039300	-0.979600
1627303020.587478	-0.014800	0.153800	0.940400	-0.234700	0.049700	-0.960400
