1627303010.599070	0.089600	-0.764600	-0.650600	-0.295300	0.073600	-0.077900
1627303010.600013	0.098300	-0.734900	-0.654300	-0.267200	0.048900	-0.093800
1627303010.603748	0.074800	-0.710600	-0.625700	-0.193900	0.050700	-0.090400
1627303010.604386	0.071800	-0.747100	-0.635000	-0.089700	0.043700	-0.062900
1627303010.605038	0.077400	-0.779500	-0.618200	-0.027700	0.032700	-0.064400
1627303010.605654	0.077900	-0.806900	-0.626800	-0.055200	0.044600	-0.063500
1627303010.606219	0.105000	-0.809900	-0.634800	-0.111400	0.037000	-0.077000
1627303010.606781	0.108500	-0.794100	-0.638100	-0.174300	0.013200	-0.105700
1627303010.607343	0.106900	-0.758200	-0.638300	-0.204600	0.001600	-0.122200
1627303010.607904	0.122300	-0.734400	-0.641400	-0.174600	-0.027800	-0.126700
1627303010.608471	0.132400	-0.705200	-0.649400	-0.087900	-0.080300	-0.120600
1627303010.608971	0.115100	-0.692600	-0.640700	0.062400	-0.139900	-0.129200
1627303010.609472	0.102900	-0.707000	-0.647500	0.224600	-0.192100	-0.123400
1627303010.609972	0.103500	-0.729900	-0.635000	0.369300	-0.249500	-0.110300
1627303010.610472	0.093500	-0.766000	-0.620800	0.512900	-0.311800	-0.101400
1627303010.610987	0.060800	-0.812600	-0.615400	0.617300	-0.347200	-0.077000
1627303010.611437	0.022700	-0.854900	-0.612100	0.674500	-0.354600	-0.025700
1627303010.611893	0.007800	-0.864600	-0.635700	0.700400	-0.382100	0.026900
1627303010.612344	-0.052000	-0.881000	-0.623900	0.834800	-0.429100	0.065400
1627303010.612772	-0.084400	-0.950900	-0.679300	1.004000	-0.460000	0.223000
1627303010.613227	-0.114500	-1.024500	-0.689500	1.099600	-0.518600	0.415700
1627303010.613637	-0.196300	-1.115500	-0.661500	1.198000	-0.581800	0.598700
1627303010.614046	-0.280900	-1.233500	-0.684300	1.274000	-0.625500	0.844800
1627303010.614487	-0.322400	-1.139400	-0.699200	1.215400	-0.667600	1.154500
1627303010.614895	-0.538500	-1.029100	-0.555100	1.896500	-0.761400	1.718700
1627303010.615306	-0.385400	-1.199700	-0.567400	2.746800	-0.654800	1.825000
1627303010.615757	-0.405400	-1.356800	-0.651100	2.681200	-0.877200	1.865300
1627303010.616162	-0.555700	-1.328100	-0.598900	2.513500	-0.896100	2.171000
1627303010.616638	-0.521000	-1.278200	-0.547100	2.522300	-0.810600	2.361600
1627303010.617093	-0.538500	-1.273800	-0.525600	2.507400	-0.843300	2.508500
1627303010.617498	-0.593100	-1.256800	-0.492600	2.539700	-0.830100	2.664300
1627303010.617942	-0.598100	-1.218000	-0.431900	2.712000	-0.766000	2.821900
1627303010.618371	-0.588400	-1.201900	-0.375200	2.942300	-0.710100	2.934300
1627303010.618782	-0.589200	-1.186000	-0.329100	3.195800	-0.641700	3.024700
1627303010.619225	-0.578900	-1.158300	-0.272300	3.462500	-0.572000	3.103200
1627303010.619636	-0.556200	-1.108300	-0.231900	3.766700	-0.506700	3.151800
1627303010.620046	-0.527600	-1.045400	-0.191500	4.101100	-0.452000	3.168600
1627303010.620498	-0.508300	-0.984900	-0.145000	4.485300	-0.416300	3.153600
1627303010.620908	-0.507700	-0.903300	-0.093300	5.047000	-0.398600	3.076900
1627303010.621326	-0.534800	-0.829700	-0.050800	5.507900	-0.368600	2.991400
1627303010.621780	-0.559200	-0.753200	0.029500	6.001200	-0.313000	2.905300
1627303010.622187	-0.542700	-0.704000	0.090500	6.573000	-0.276100	2.838700
1627303010.622630	-0.490000	-0.690900	0.128400	7.116000	-0.288300	2.780100
1627303010.623048	-0.420500	-0.715300	0.204200	7.552500	-0.354900	2.714400
1627303010.623455	-0.358000	-0.768900	0.281700	7.853700	-0.436100	2.646000
1627303010.623922	-0.306500	-0.834500	0.383400	7.967600	-0.533900	2.558300
1627303010.624352	-0.314600	-0.869500	0.465300	7.805700	-0.545200	2.448400
1627303010.624759	-0.341200	-0.870400	0.532700	7.511300	-0.463900	2.291700
1627303010.625212	-0.362500	-0.862900	0.553600	7.151200	-0.311500	2.074500
1627303010.625620	-0.365200	-0.873700	0.636700	6.623100	-0.121800	1.829200
1627303010.626032	-0.323000	-0.925700	0.685300	5.966700	0.075500	1.617300
1627303010.626483	-0.251600	-0.991000	0.720900	5.062600	0.236700	1.445900
1627303010.626891	-0.217000	-1.030500	0.734700	3.850400	0.418200	1.280100
1627303010.627313	-0.207200	-1.043600	0.746900	2.777400	0.585500	1.168600
1627303010.627744	-0.211200	-1.031500	0.746500	1.736100	0.784400	1.060500
1627303010.628152	-0.254800	-0.990500	0.758200	0.776500	0.983800	0.948700
1627303010.628605	-0.334600	-0.905300	0.740500	0.023900	1.166800	0.846100
1627303010.629013	-0.396900	-0.802900	0.704200	-0.463600	1.331700	0.785000
1627303010.629422	-0.440700	-0.694800	0.648300	-0.733300	1.467900	0.795700
1627303010.629873	-0.468900	-0.603300	0.596400	-0.782400	1.557100	0.868700
1627303010.630281	-0.506300	-0.534400	0.553100	-0.681700	1.601700	0.942900
1627303010.630690	-0.544300	-0.472700	0.528400	-0.487700	1.632300	0.980100
1627303010.631141	-0.547900	-0.414700	0.527100	-0.229000	1.642300	0.997900
1627303010.631549	-0.535600	-0.381000	0.525100	0.066700	1.636200	1.012200
1627303010.631958	-0.544800	-0.374900	0.523100	0.363800	1.622500	1.034200
1627303010.632451	-0.601200	-0.395400	0.504300	0.645400	1.609400	1.055600
1627303010.632943	-0.621600	-0.402800	0.493000	0.811900	1.615200	1.096200
1627303010.633492	-0.532300	-0.399300	0.479400	0.894400	1.700100	1.184800
1627303010.634011	-0.448600	-0.425900	0.463500	0.902000	1.770600	1.251100
1627303010.634489	-0.495600	-0.447300	0.419300	0.841200	1.797200	1.305400
1627303010.634938	-0.590900	-0.438500	0.367400	0.713300	1.771800	1.335400
1627303010.635379	-0.668700	-0.386500	0.340600	0.597500	1.721100	1.344500
1627303010.635841	-0.725000	-0.331900	0.330700	0.607000	1.647800	1.327400
1627303010.636308	-0.769000	-0.351600	0.339700	0.663800	1.555900	1.277300
1627303010.636772	-0.800800	-0.406200	0.350500	0.590800	1.442600	1.218700
1627303010.637237	-0.819000	-0.416500	0.346700	0.379400	1.365000	1.172600
1627303010.637698	-0.810200	-0.357700	0.347900	0.163500	1.351300	1.144800
1627303010.638163	-0.795400	-0.284500	0.347500	0.056600	1.383600	1.115800
1627303010.638627	-0.763700	-0.233300	0.339000	0.074000	1.427000	1.070200
1627303010.639088	-0.769900	-0.219200	0.311500	0.147600	1.473100	1.013100
1627303010.639550	-0.794200	-0.234000	0.274300	0.175700	1.521700	0.979200
1627303010.640013	-0.788900	-0.236200	0.232700	0.146700	1.555600	0.965200
1627303010.640473	-0.784900	-0.221700	0.192100	0.089300	1.557700	0.988400
1627303010.640936	-0.793700	-0.194600	0.158000	0.062700	1.549800	1.045500
1627303010.641399	-0.785800	-0.170500	0.135500	0.070000	1.523800	1.069000
1627303010.641861	-0.787700	-0.152700	0.136600	0.087700	1.453600	1.036000
1627303010.642329	-0.808100	-0.142900	0.145000	0.099900	1.375700	0.981100
1627303010.642794	-0.832900	-0.133300	0.148900	0.073400	1.329000	0.936800
1627303010.643260	-0.852400	-0.116600	0.159500	0.043700	1.306700	0.908400
1627303010.643858	-0.868700	-0.099400	0.171100	0.045900	1.324700	0.899200
1627303010.644306	-0.852400	-0.089200	0.180900	0.084100	1.356500	0.908100
1627303010.644729	-0.810200	-0.091300	0.182100	0.139700	1.390700	0.918100
1627303010.645173	-0.768900	-0.102400	0.176000	0.161600	1.404700	0.911700
1627303010.645593	-0.777200	-0.080400	0.150300	0.113100	1.390400	0.891900
1627303010.646013	-0.829700	-0.054100	0.124600	0.063900	1.375700	0.873800
1627303010.646456	-0.879300	-0.042700	0.111700	0.034000	1.377200	0.864400
1627303010.646914	-0.858000	-0.032500	0.079800	0.011100	1.396800	0.875700
1627303010.647324	-0.606400	-0.043700	-0.074700	0.048900	1.471000	0.837500
1627303010.647767	-0.924900	-0.269800	-0.597300	-0.352400	0.876900	0.696700
1627303010.648237	-0.821000	-0.070700	0.084100	-0.988900	1.035800	0.787400
1627303010.648756	-0.842200	0.146900	0.191300	-0.702700	0.975900	0.848800
1627303010.649259	-0.955400	0.193400	0.186800	-0.046700	1.048900	0.845400
1627303010.649746	-1.029200	0.117600	0.089800	0.414200	1.117300	0.843300
1627303010.650246	-0.983400	0.044700	-0.010500	0.585300	1.159500	0.818600
1627303010.650759	-0.974900	-0.037400	-0.128900	0.501900	1.100500	0.777900
1627303010.651228	-0.962500	-0.049200	-0.118900	0.328400	1.058100	0.735800
1627303010.651694	-0.941200	-0.039600	-0.078600	0.229400	0.990500	0.695200
1627303010.652136	-0.979600	-0.044100	-0.063000	0.113700	0.929800	0.693300
1627303010.652558	-0.980700	-0.050400	-0.070700	-0.004500	0.920300	0.697000
1627303010.653010	-0.960400	-0.055700	-0.112900	-0.182900	0.918200	0.674100
1627303010.653431	-0.962300	-0.038600	-0.119900	-0.383900	0.902900	0.643900
1627303010.653917	-0.952900	-0.016800	-0.128900	-0.532000	0.871700	0.595600
1627303010.654545	-0.936900	0.030000	-0.120200	-0.621200	0.830800	0.552800
1627303010.655342	-0.956100	0.090300	-0.097500	-0.616300	0.776100	0.556200
1627303010.655797	-0.971200	0.125100	-0.092300	-0.532300	0.758400	0.549800
1627303010.656289	-1.000700	0.136500	-0.104700	-0.437000	0.748000	0.530500
1627303010.656715	-1.013800	0.120100	-0.134500	-0.401300	0.735200	0.503400
1627303010.657180	-1.007600	0.096800	-0.160600	-0.411300	0.720200	0.445000
1627303010.657626	-0.990100	0.097000	-0.188200	-0.439100	0.665600	0.390000
1627303010.658074	-0.964800	0.104400	-0.187900	-0.429100	0.598700	0.348200
1627303010.658552	-0.941500	0.128100	-0.161100	-0.340800	0.550100	0.321600
1627303010.658995	-0.935200	0.132700	-0.172400	-0.204600	0.522900	0.288900
1627303010.659426	-0.983400	0.144200	-0.196000	-0.091300	0.481100	0.216300
1627303010.659882	-1.018200	0.151700	-0.244300	0.018700	0.416300	0.138700
1627303010.660308	-1.036900	0.134200	-0.252600	0.139700	0.358900	0.099000
1627303010.660732	-1.035000	0.099700	-0.267500	0.284100	0.319800	0.098700
1627303010.661189	-1.019800	0.055400	-0.308700	0.363200	0.275200	0.114800
1627303010.661613	-0.977100	0.021600	-0.346700	0.366300	0.205300	0.104500
1627303010.662075	-0.936200	-0.006700	-0.355800	0.297300	0.127700	0.084600
1627303010.662502	-0.926100	-0.011000	-0.328900	0.169900	0.035800	0.053200
1627303010.662934	-0.959800	-0.003300	-0.284900	0.084100	-0.064100	0.020800
1627303010.663393	-0.980200	0.003700	-0.257700	0.050200	-0.142900	0.000300
1627303010.663819	-0.975600	-0.000900	-0.231200	0.025700	-0.223200	-0.013100
1627303010.664246	-0.968800	0.001500	-0.214500	-0.007000	-0.304200	-0.035400
1627303010.664744	-0.978500	-0.001500	-0.193400	-0.023400	-0.356100	-0.039700
1627303010.665216	-0.995600	0.024000	-0.186500	-0.016100	-0.397600	-0.019200
1627303010.665688	-0.985600	0.025300	-0.185100	0.031500	-0.410800	0.020500
1627303010.666180	-0.982700	-0.018100	-0.145100	0.045300	-0.414100	0.033000
1627303010.666615	-1.012000	-0.065400	-0.092800	0.000700	-0.416900	0.031500
1627303010.667050	-1.016000	-0.092900	-0.062000	-0.123600	-0.375700	0.029900
1627303010.667518	-1.050000	0.000200	0.003300	-0.179800	-0.390300	0.058600
1627303010.667986	-1.087500	-0.018600	0.040300	-0.175600	-0.271800	0.106000
1627303010.668469	-1.025600	-0.003400	0.018200	-0.306300	-0.152700	0.163700
1627303010.668892	-1.020800	0.033200	0.013100	-0.512800	-0.079100	0.156400
1627303010.669313	-1.008500	0.093500	-0.004600	-0.686500	-0.004600	0.133500
1627303010.669763	-0.978300	0.133800	-0.027200	-0.752200	0.043100	0.127100
1627303010.670351	-0.949800	0.166100	-0.036600	-0.745500	0.075200	0.126100
1627303010.670844	-0.946900	0.159500	-0.056600	-0.510000	0.095300	0.145700
1627303010.671292	-0.972300	0.099100	-0.079600	-0.283100	0.106300	0.193300
1627303010.671715	-1.004300	0.036700	-0.081900	-0.190200	0.119500	0.260500
1627303010.672135	-1.029300	-0.000100	-0.074300	-0.245200	0.142400	0.325900
1627303010.672590	-1.033900	0.015300	-0.060900	-0.356100	0.161900	0.376300
1627303010.673008	-1.027100	0.061900	-0.062100	-0.481600	0.177200	0.397700
1627303010.673454	-1.024000	0.123200	-0.064000	-0.547000	0.202800	0.390000
1627303010.673875	-1.016600	0.176100	-0.072400	-0.531400	0.236100	0.366200
1627303010.674292	-0.994000	0.176400	-0.080900	-0.485900	0.267000	0.346400
1627303010.674732	-0.975200	0.158400	-0.080800	-0.445300	0.265500	0.325600
1627303010.675151	-0.968100	0.146400	-0.099500	-0.412900	0.240700	0.319200
1627303010.675571	-0.958900	0.131800	-0.099400	-0.425400	0.222400	0.327100
1627303010.676017	-0.954500	0.120200	-0.093800	-0.459000	0.208300	0.333200
1627303010.676434	-0.944000	0.145500	-0.108500	-0.493800	0.197000	0.333200
1627303010.676848	-0.945700	0.174700	-0.124300	-0.482800	0.184200	0.333500
1627303010.677293	-0.953500	0.161600	-0.133800	-0.465100	0.179000	0.323800
1627303010.677710	-0.954700	0.156200	-0.142100	-0.488300	0.169900	0.299000
1627303010.678154	-0.958600	0.151900	-0.134000	-0.533500	0.161000	0.266600
1627303010.678571	-0.956300	0.147900	-0.122700	-0.601900	0.158200	0.240700
1627303010.678987	-0.954300	0.166600	-0.117100	-0.674900	0.161000	0.212600
1627303010.679431	-0.955000	0.209000	-0.121700	-0.724100	0.154300	0.167700
1627303010.679848	-0.969400	0.253100	-0.130200	-0.713400	0.152100	0.131300
1627303010.680263	-0.972900	0.272600	-0.133500	-0.668200	0.155500	0.113300
1627303010.680711	-0.969200	0.271500	-0.129300	-0.606200	0.159200	0.106900
1627303010.681203	-0.962000	0.258700	-0.131100	-0.556400	0.167700	0.099900
1627303010.681642	-0.954600	0.246300	-0.137200	-0.534700	0.166800	0.088000
1627303010.682128	-0.953700	0.238300	-0.137000	-0.541500	0.159800	0.092900
1627303010.682581	-0.954000	0.256200	-0.139900	-0.582400	0.147900	0.105100
1627303010.683009	-0.958000	0.292100	-0.143700	-0.613200	0.139000	0.107200
1627303010.683430	-0.965100	0.327400	-0.141600	-0.608400	0.130100	0.095300
1627303010.683834	-0.957200	0.357900	-0.152000	-0.565000	0.119500	0.081600
1627303010.684284	-0.953400	0.396400	-0.179900	-0.490800	0.106000	0.085500
1627303010.684691	-0.960400	0.406500	-0.192000	-0.397300	0.087100	0.111500
1627303010.685094	-0.954000	0.386600	-0.197000	-0.300800	0.069400	0.134400
1627303010.685540	-0.937000	0.375100	-0.198600	-0.252200	0.041000	0.142000
1627303010.685942	-0.915300	0.380900	-0.205600	-0.211300	0.019300	0.141700
1627303010.686343	-0.906900	0.368300	-0.210900	-0.170400	-0.010700	0.147800
1627303010.686778	-0.908700	0.348800	-0.214200	-0.145300	-0.041200	0.159700
1627303010.687180	-0.903900	0.336900	-0.212300	-0.135500	-0.067800	0.172000
1627303010.687594	-0.899900	0.348300	-0.209400	-0.143800	-0.109000	0.179300
1627303010.688029	-0.899800	0.369600	-0.197500	-0.137400	-0.146300	0.192400
1627303010.688434	-0.890500	0.396400	-0.187900	-0.088800	-0.175000	0.239800
1627303010.688880	-0.878500	0.426300	-0.193400	-0.049700	-0.190600	0.273700
1627303010.689308	-0.901700	0.440100	-0.182300	0.023600	-0.217400	0.275500
1627303010.689743	-0.922700	0.438100	-0.175400	0.086800	-0.229700	0.264200
1627303010.690242	-0.923700	0.428500	-0.165400	0.137500	-0.236400	0.250200
1627303010.690726	-0.912500	0.399400	-0.151100	0.175400	-0.232700	0.260500
1627303010.691183	-0.910600	0.385500	-0.140100	0.174200	-0.228400	0.279800
1627303010.691659	-0.911900	0.394300	-0.129400	0.154000	-0.230000	0.279200
1627303010.692063	-0.904800	0.420200	-0.122900	0.172000	-0.234500	0.270000
1627303010.692467	-0.903900	0.452500	-0.111700	0.220000	-0.228700	0.250500
1627303010.692912	-0.921000	0.467200	-0.099600	0.306700	-0.211600	0.211700
1627303010.693342	-0.933700	0.459000	-0.086900	0.388300	-0.193300	0.158200
1627303010.693781	-0.938800	0.460200	-0.089500	0.445700	-0.175000	0.106000
1627303010.694184	-0.934100	0.465200	-0.088900	0.537600	-0.159100	0.061700
1627303010.694585	-0.940700	0.452800	-0.098100	0.674200	-0.147200	0.025400
1627303010.695028	-0.944200	0.418600	-0.112900	0.779800	-0.138300	0.000000
1627303010.695435	-0.951800	0.371500	-0.118700	0.847300	-0.144100	-0.017400
1627303010.696679	-0.944000	0.318100	-0.111200	0.824100	-0.153600	-0.031500
1627303010.697081	-0.950600	0.290900	-0.107400	0.739500	-0.178600	-0.056200
1627303010.698839	-0.956300	0.299300	-0.111000	0.633500	-0.185700	-0.090100
1627303010.699244	-0.957800	0.319800	-0.116700	0.559900	-0.183500	-0.130100
1627303010.699694	-0.961400	0.335600	-0.120800	0.531500	-0.179900	-0.164000
1627303010.701754	-0.948900	0.333100	-0.125400	0.544700	-0.180800	-0.185400
1627303010.702189	-0.940300	0.322100	-0.116700	0.555000	-0.197000	-0.201600
1627303010.702591	-0.944300	0.304800	-0.107100	0.544000	-0.204900	-0.214400
1627303010.703017	-0.944300	0.299300	-0.113000	0.528500	-0.192700	-0.219300
1627303010.705092	-0.939000	0.311900	-0.114600	0.513800	-0.180500	-0.220200
1627303010.705529	-0.942000	0.312000	-0.114900	0.554700	-0.192100	-0.223900
1627303010.705930	-0.931400	0.298300	-0.102300	0.581000	-0.185400	-0.208300
1627303010.706336	-0.928200	0.270400	-0.099900	0.581300	-0.167300	-0.187800
1627303010.708042	-0.924400	0.233400	-0.105700	0.560500	-0.141700	-0.172000
1627303010.708451	-0.913900	0.195800	-0.111900	0.516300	-0.113300	-0.171300
1627303010.708898	-0.906100	0.162100	-0.121200	0.409700	-0.089800	-0.179600
1627303010.709304	-0.914700	0.166100	-0.120700	0.249000	-0.087300	-0.191200
1627303010.711421	-0.930800	0.221200	-0.110800	0.115800	-0.068700	-0.197900
1627303010.711903	-0.930400	0.275800	-0.103500	0.149400	-0.055600	-0.184800
1627303010.712310	-0.932100	0.290600	-0.094400	0.298800	-0.041500	-0.161600
1627303010.714449	-0.933600	0.278700	-0.093000	0.472600	-0.028400	-0.144200
1627303010.714937	-0.926900	0.239100	-0.095100	0.625600	-0.014000	-0.131900
1627303010.715342	-0.931600	0.184700	-0.121800	0.706800	-0.014000	-0.119400
1627303010.715746	-0.920800	0.152600	-0.150600	0.677200	-0.018900	-0.109600
1627303010.717851	-0.930900	0.144700	-0.134300	0.586200	-0.066600	-0.116700
1627303010.718299	-0.937100	0.158800	-0.147000	0.497000	-0.089800	-0.123700
1627303010.718703	-0.921400	0.202100	-0.152100	0.419100	-0.113600	-0.131300
1627303010.719107	-0.924000	0.223000	-0.132400	0.413600	-0.153300	-0.137400
1627303010.721621	-0.943700	0.241700	-0.130100	0.464000	-0.176200	-0.135900
1627303010.722101	-0.951900	0.251500	-0.127000	0.544000	-0.182000	-0.132200
1627303010.722537	-0.957600	0.233800	-0.110600	0.654000	-0.191500	-0.128000
1627303010.722965	-0.965500	0.208700	-0.093400	0.742000	-0.201600	-0.126100
1627303010.723379	-0.965300	0.198100	-0.088900	0.780100	-0.203400	-0.133200
1627303010.725484	-0.963900	0.183800	-0.090200	0.804900	-0.204900	-0.146000
1627303010.725891	-0.961700	0.163600	-0.106300	0.777400	-0.203700	-0.163700
1627303010.726301	-0.972500	0.167700	-0.145300	0.750500	-0.231500	-0.160300
1627303010.726738	-0.950900	0.188100	-0.143700	0.737700	-0.244900	-0.144800
1627303010.728846	-0.954700	0.155600	-0.141200	0.753900	-0.291000	-0.139600
1627303010.729254	-0.946800	0.096800	-0.138700	0.723300	-0.319500	-0.161000
1627303010.729658	-0.941800	0.059800	-0.123500	0.618000	-0.348800	-0.201000
1627303010.730105	-0.936800	0.053500	-0.103600	0.494000	-0.364000	-0.237300
1627303010.730510	-0.940100	0.072300	-0.079600	0.393500	-0.375000	-0.261400
1627303010.732614	-0.949500	0.106200	-0.064200	0.353100	-0.370800	-0.271500
1627303010.733018	-0.953200	0.151700	-0.050700	0.394400	-0.364000	-0.271500
1627303010.733466	-0.963500	0.184900	-0.041400	0.551700	-0.356100	-0.257500
1627303010.733899	-0.971800	0.182400	-0.045500	0.738900	-0.350600	-0.238500
1627303010.736021	-0.981600	0.158100	-0.044800	0.889500	-0.354300	-0.228500
1627303010.736424	-0.984500	0.129800	-0.051500	0.975600	-0.342100	-0.213800
1627303010.736831	-0.987300	0.097300	-0.048000	1.037000	-0.343900	-0.194600
1627303010.739017	-0.978400	0.073100	-0.041700	1.041900	-0.340800	-0.171000
1627303010.739488	-0.979200	0.063400	-0.036300	1.009800	-0.357000	-0.162800
1627303010.739892	-1.002100	0.068800	-0.033200	0.982600	-0.370500	-0.154200
1627303010.741138	-1.005600	0.072500	-0.027600	0.983300	-0.360400	-0.138000
1627303010.741540	-1.006000	0.059600	-0.017900	0.986000	-0.350000	-0.123400
1627303010.741988	-1.011000	0.041900	-0.016600	0.962500	-0.344200	-0.109600
1627303010.742390	-1.021500	0.026400	-0.018300	0.897700	-0.333800	-0.105400
1627303010.744912	-1.029200	0.023900	-0.010500	0.811000	-0.321300	-0.105700
1627303010.745350	-1.035800	0.036300	-0.005400	0.725500	-0.303900	-0.102000
1627303010.745755	-1.040400	0.054700	-0.005500	0.657400	-0.283700	-0.100500
1627303010.746159	-1.047200	0.055300	-0.003100	0.616400	-0.261400	-0.099000
1627303010.746607	-1.048800	0.056300	-0.004200	0.573400	-0.229700	-0.095000
1627303010.749119	-1.043500	0.053700	-0.010400	0.530300	-0.198200	-0.095000
1627303010.749522	-1.038800	0.050400	-0.012700	0.491200	-0.172800	-0.096200
1627303010.749957	-1.036700	0.053800	-0.007700	0.443600	-0.153300	-0.099300
1627303010.750361	-1.032700	0.060900	-0.004400	0.414200	-0.134700	-0.101700
1627303010.752478	-1.029200	0.067400	-0.002100	0.413600	-0.112700	-0.099000
1627303010.752887	-1.021700	0.079500	-0.000500	0.424600	-0.093100	-0.087000
1627303010.753411	-1.011200	0.096200	-0.004400	0.477800	-0.080000	-0.074800
1627303010.753817	-1.006100	0.097800	-0.008300	0.560800	-0.073300	-0.065100
1627303010.756380	-1.002100	0.084800	-0.014300	0.639600	-0.068700	-0.059900
1627303010.756780	-0.999800	0.072300	-0.017100	0.701300	-0.066900	-0.052500
1627303010.757215	-1.006000	0.066900	-0.013800	0.755400	-0.057700	-0.028100
1627303010.757618	-1.006100	0.069000	-0.011700	0.818000	-0.041800	0.005500
1627303010.758068	-1.004900	0.060700	-0.012900	0.871200	-0.032600	0.033300
1627303010.760146	-1.003300	0.045300	-0.012900	0.904800	-0.029300	0.054100
1627303010.760595	-0.998200	0.035600	-0.008500	0.914800	-0.027800	0.064800
1627303010.761004	-0.986600	0.038600	-0.009000	0.907800	-0.028400	0.067800
1627303010.761410	-0.983900	0.047100	-0.015700	0.906000	-0.028100	0.068100
1627303010.763483	-0.996200	0.046100	-0.021000	0.913600	-0.027500	0.071800
1627303010.763886	-1.008300	0.040200	-0.020100	0.918200	-0.031100	0.077000
1627303010.764288	-1.015400	0.034700	-0.020000	0.906600	-0.026500	0.080900
1627303010.764776	-1.016400	0.026100	-0.017500	0.894100	-0.019800	0.085500
1627303012.645359	-1.006200	0.010100	-0.047100	0.414800	0.067800	-0.015000
1627303012.646265	-1.039200	0.125900	0.160500	1.285600	0.631400	0.134400
1627303012.657870	-1.028300	0.113500	0.147800	1.307600	0.646600	0.162800
1627303012.673353	-1.012700	0.124600	0.126800	1.311900	0.655800	0.178700
1627303012.675936	-1.009900	0.131600	0.122600	1.364700	0.657600	0.192100
1627303012.685985	-1.003800	0.123200	0.106300	1.395000	0.665000	0.207400
1627303012.705280	-0.990100	0.121900	0.092400	1.407500	0.668300	0.207700
1627303012.706190	-0.981700	0.110700	0.085700	1.418500	0.671100	0.199500
1627303012.717132	-0.976200	0.097700	0.082600	1.403800	0.676600	0.187800
1627303012.724004	-0.965200	0.089400	0.078400	1.373000	0.680200	0.178100
1627303012.745370	-0.947400	0.086800	0.069500	1.330200	0.676300	0.172300
1627303012.746272	-0.930900	0.095900	0.054400	1.281100	0.654600	0.161000
1627303012.754653	-0.923800	0.112900	0.046400	1.269400	0.633200	0.155500
1627303012.764118	-0.924700	0.114600	0.030200	1.278900	0.619100	0.153600
1627303012.788038	-0.914300	0.115100	0.018900	1.267600	0.608100	0.146300
1627303012.788942	-0.908700	0.123200	0.021100	1.258100	0.581000	0.135600
1627303012.795980	-0.910900	0.142500	0.019400	1.257200	0.553200	0.129500
1627303012.805329	-0.908100	0.155200	0.018600	1.296000	0.530900	0.123100
1627303012.823406	-0.906500	0.144500	0.017800	1.359900	0.509200	0.122500
1627303012.824539	-0.898200	0.132600	0.009400	1.414800	0.491200	0.121300
1627303012.833160	-0.892200	0.119100	-0.004000	1.450000	0.468900	0.114800
1627303012.854060	-0.895300	0.106200	-0.009200	1.467400	0.443500	0.106900
1627303012.854967	-0.901100	0.106400	-0.009600	1.471900	0.421200	0.106900
1627303012.864958	-0.905900	0.111900	-0.012100	1.481100	0.403200	0.107800
1627303012.874188	-0.903000	0.110800	-0.018300	1.501300	0.384300	0.107500
1627303012.896567	-0.898900	0.088300	-0.030000	1.527200	0.361400	0.109000
1627303012.897475	-0.897600	0.064000	-0.045000	1.529400	0.340900	0.112100
1627303012.905414	-0.910000	0.041900	-0.053200	1.502200	0.322900	0.113300
1627303012.928029	-0.919800	0.029100	-0.058800	1.452400	0.312200	0.115800
1627303012.936366	-0.930300	0.038500	-0.056200	1.399900	0.303600	0.120300
1627303012.937075	-0.936400	0.060300	-0.059100	1.380000	0.296900	0.127100
1627303012.945298	-0.942500	0.067000	-0.056500	1.386100	0.291100	0.141100
1627303012.948560	-0.944100	0.058700	-0.062400	1.394400	0.282300	0.158500
1627303012.972104	-0.941200	0.057400	-0.068800	1.395900	0.273700	0.176200
1627303012.985056	-0.937900	0.063200	-0.074600	1.408400	0.261200	0.189400
1627303012.985712	-0.935500	0.057400	-0.083000	1.426400	0.249300	0.200100
1627303012.994425	-0.938600	0.048200	-0.089100	1.433500	0.237400	0.211100
1627303013.016584	-0.947800	0.051100	-0.092000	1.418500	0.227600	0.217500
1627303013.017463	-0.955600	0.059700	-0.094800	1.421200	0.215700	0.233100
1627303013.024649	-0.950900	0.060700	-0.091200	1.440800	0.196700	0.250200
1627303013.035265	-0.953600	0.055200	-0.080800	1.467100	0.171700	0.265700
1627303013.057707	-0.950300	0.038300	-0.082600	1.488100	0.144800	0.278900
1627303013.058412	-0.941400	0.026700	-0.083600	1.488700	0.118500	0.285600
1627303013.068515	-0.944900	0.024300	-0.089600	1.489400	0.098700	0.282800
1627303013.076338	-0.962600	0.022900	-0.095600	1.493600	0.091700	0.275500
1627303013.087215	-0.978100	0.021700	-0.100300	1.493900	0.100500	0.270600
1627303013.102836	-0.990600	0.029700	-0.108200	1.493600	0.114900	0.267900
1627303013.107141	-1.002800	0.032200	-0.111600	1.519300	0.127400	0.270900
1627303013.108079	-1.008200	0.019400	-0.118000	1.544900	0.138700	0.277000
1627303013.130711	-1.009600	-0.004200	-0.125000	1.535200	0.146900	0.280100
1627303013.146680	-1.014800	-0.016500	-0.129600	1.493300	0.150300	0.280100
1627303013.149739	-1.015100	-0.018400	-0.134500	1.435300	0.153100	0.280100
1627303013.159357	-1.016800	-0.014300	-0.131800	1.354100	0.154300	0.288900
1627303013.167236	-1.018900	-0.000900	-0.132800	1.295700	0.162800	0.301200
1627303013.190193	-1.019300	0.017600	-0.128700	1.256300	0.174100	0.312500
1627303013.190781	-1.014500	0.023400	-0.122800	1.239500	0.183300	0.317700
1627303013.194663	-1.012100	0.020800	-0.124000	1.227000	0.181500	0.319500
1627303013.204575	-1.006200	0.014400	-0.121900	1.212300	0.179600	0.323800
1627303013.209705	-0.996600	0.013300	-0.120600	1.198900	0.180200	0.330500
1627303013.232011	-0.980100	0.016000	-0.120200	1.193400	0.174100	0.330200
1627303013.234435	-0.975700	0.021100	-0.120000	1.205000	0.170200	0.324700
1627303013.249577	-0.969200	0.014500	-0.118900	1.215100	0.170800	0.315500
1627303013.253411	-0.967300	0.001800	-0.120700	1.218100	0.170200	0.301500
1627303013.276227	-0.965200	-0.007700	-0.134500	1.196100	0.176900	0.282800
1627303013.277009	-0.958600	-0.007300	-0.133500	1.173500	0.183300	0.257500
1627303013.283668	-0.961400	-0.013700	-0.133300	1.147300	0.190000	0.220800
1627303013.306936	-0.962200	-0.031100	-0.141500	1.105100	0.201000	0.177500
1627303013.315220	-0.951200	-0.042600	-0.148700	1.045300	0.207100	0.132000
1627303013.316133	-0.946000	-0.038700	-0.160500	0.979900	0.210800	0.091600
1627303013.326572	-0.944800	-0.028700	-0.167200	0.936500	0.211400	0.062000
1627303013.352897	-0.956400	-0.027800	-0.185700	0.907500	0.209300	0.044900
1627303013.353804	-0.972000	-0.027700	-0.195400	0.871500	0.215700	0.039700
1627303013.354629	-0.974400	-0.028400	-0.197400	0.828400	0.217800	0.039700
1627303013.364863	-0.973800	-0.023700	-0.199200	0.790800	0.212900	0.045800
1627303013.376630	-0.964400	-0.014000	-0.213500	0.769500	0.204700	0.056500
1627303013.384743	-0.958600	-0.006100	-0.225800	0.785300	0.190000	0.069300
1627303013.394724	-0.955100	-0.017900	-0.238000	0.816800	0.176300	0.090700
1627303013.397455	-0.949000	-0.028900	-0.246800	0.836300	0.164000	0.118800
1627303013.420897	-0.944800	-0.038200	-0.246200	0.858900	0.137500	0.153300
1627303013.423399	-0.952000	-0.047700	-0.252100	0.867200	0.105400	0.197300
1627303013.438411	-0.952100	-0.047400	-0.251700	0.852500	0.083700	0.232400
1627303013.440933	-0.951200	-0.045400	-0.250700	0.833900	0.070300	0.255000
1627303013.463139	-0.950400	-0.037100	-0.248300	0.815600	0.064800	0.266300
1627303013.464071	-0.948500	-0.041400	-0.242400	0.806100	0.056500	0.271800
1627303013.474836	-0.951400	-0.056200	-0.243000	0.792400	0.051000	0.274900
1627303013.480281	-0.952600	-0.069000	-0.250700	0.764600	0.047400	0.278300
1627303013.502853	-0.942600	-0.084100	-0.255500	0.691900	0.044600	0.278600
1627303013.503681	-0.932900	-0.080100	-0.264900	0.632000	0.034900	0.275800
1627303013.511026	-0.931900	-0.071700	-0.266500	0.581900	0.029400	0.272800
1627303013.530663	-0.923500	-0.065600	-0.269300	0.545900	0.021100	0.267900
1627303013.533328	-0.922600	-0.049400	-0.263100	0.506800	0.013200	0.260800
1627303013.545872	-0.937000	-0.022300	-0.250900	0.498200	0.011900	0.245900
1627303013.552214	-0.941400	-0.021400	-0.241800	0.519300	0.022000	0.229100
1627303013.572654	-0.932600	-0.041300	-0.244600	0.507700	0.039700	0.210100
1627303013.573551	-0.921800	-0.039700	-0.254200	0.471400	0.051600	0.187500
1627303013.579940	-0.915600	-0.046800	-0.264900	0.450900	0.051300	0.164000
1627303013.603481	-0.915200	-0.057000	-0.278600	0.410300	0.045200	0.139300
1627303013.604534	-0.926800	-0.053000	-0.280500	0.360200	0.038500	0.119100
1627303013.620086	-0.936000	-0.040800	-0.275000	0.322300	0.034900	0.104200
1627303013.623429	-0.937600	-0.028600	-0.273800	0.289900	0.025100	0.091600
1627303013.643653	-0.935500	-0.020400	-0.278600	0.285300	0.003100	0.077300
1627303013.644809	-0.933200	-0.021500	-0.281700	0.285000	-0.017100	0.071200
1627303013.654575	-0.943100	-0.033600	-0.289200	0.278900	-0.027200	0.072100
1627303013.661011	-0.940900	-0.041100	-0.296300	0.254500	-0.027500	0.072700
1627303013.680953	-0.943600	-0.039600	-0.302100	0.220300	-0.032300	0.073600
1627303013.683585	-0.957400	-0.033100	-0.303800	0.197700	-0.033300	0.076100
1627303013.698996	-0.954100	-0.027100	-0.303200	0.175700	-0.031700	0.083700
1627303013.703483	-0.944100	-0.022300	-0.308300	0.166500	-0.045800	0.094700
1627303013.723887	-0.933300	-0.028400	-0.305500	0.171100	-0.065900	0.110300
1627303013.724738	-0.931400	-0.037700	-0.305700	0.154300	-0.087600	0.126500
1627303013.738350	-0.936600	-0.036300	-0.302000	0.127100	-0.107800	0.135600
1627303013.744802	-0.947100	-0.030400	-0.294600	0.099900	-0.124300	0.142300
1627303013.765229	-0.949300	-0.022100	-0.282800	0.072800	-0.133100	0.143900
1627303013.766157	-0.946700	-0.018700	-0.270100	0.057500	-0.149300	0.140200
1627303013.775811	-0.944600	-0.026600	-0.268100	0.049200	-0.165800	0.137100
1627303013.783717	-0.940400	-0.030000	-0.268700	0.034000	-0.182600	0.132000
1627303013.805854	-0.937600	-0.036100	-0.267600	0.007100	-0.193300	0.127100
1627303013.807015	-0.940300	-0.040500	-0.268100	-0.033200	-0.197900	0.116700
1627303013.814864	-0.937600	-0.043600	-0.261000	-0.079600	-0.197600	0.099000
1627303013.826913	-0.931500	-0.042200	-0.249300	-0.121200	-0.200900	0.076700
1627303013.842948	-0.926800	-0.046800	-0.243900	-0.167600	-0.201900	0.053800
1627303013.850876	-0.919700	-0.042500	-0.245100	-0.201200	-0.201600	0.037900
1627303013.851819	-0.921900	-0.039400	-0.245500	-0.230500	-0.200900	0.019600
1627303013.869646	-0.920800	-0.032800	-0.243200	-0.256200	-0.195400	-0.000900
1627303013.873533	-0.922500	-0.028400	-0.234700	-0.279100	-0.187200	-0.018600
1627303013.888502	-0.914700	-0.031400	-0.232900	-0.297700	-0.182000	-0.034500
1627303013.902941	-0.910300	-0.034500	-0.238800	-0.324000	-0.175300	-0.050400
1627303013.903865	-0.910300	-0.034100	-0.241300	-0.352700	-0.176500	-0.077000
1627303013.914500	-0.910900	-0.029400	-0.243400	-0.369500	-0.179600	-0.098600
1627303013.919879	-0.911500	-0.023200	-0.236800	-0.367700	-0.184400	-0.116400
1627303013.942494	-0.916700	-0.027300	-0.235200	-0.359700	-0.193000	-0.127700
1627303013.942955	-0.921500	-0.029300	-0.230600	-0.354200	-0.197600	-0.133200
1627303013.953795	-0.924900	-0.032300	-0.225300	-0.345100	-0.203400	-0.128600
1627303013.960385	-0.931200	-0.036300	-0.228900	-0.356400	-0.210700	-0.113000
1627303013.984202	-0.936600	-0.038800	-0.231900	-0.377100	-0.215900	-0.094700
1627303013.985123	-0.940100	-0.035900	-0.231900	-0.395200	-0.218700	-0.082500
1627303013.992321	-0.936000	-0.037400	-0.234600	-0.412000	-0.221400	-0.070200
1627303014.002659	-0.932000	-0.037700	-0.237900	-0.429700	-0.229000	-0.051900
1627303014.024429	-0.927700	-0.041700	-0.239500	-0.455000	-0.236100	-0.030200
1627303014.033820	-0.923600	-0.037400	-0.238500	-0.485900	-0.244900	-0.010700
1627303014.034452	-0.925800	-0.032600	-0.236500	-0.514900	-0.253800	0.007300
1627303014.041626	-0.927000	-0.026700	-0.231300	-0.545400	-0.261400	0.018000
1627303014.063201	-0.922200	-0.022900	-0.218100	-0.576600	-0.275800	0.024100
1627303014.071469	-0.923000	-0.014200	-0.211800	-0.606800	-0.296200	0.025400
1627303014.072377	-0.924700	-0.005100	-0.203000	-0.628800	-0.311800	0.017100
1627303014.081867	-0.920700	-0.017600	-0.194900	-0.644700	-0.332900	0.008600
1627303014.104360	-0.913700	-0.031400	-0.190700	-0.689300	-0.358200	-0.008500
1627303014.114079	-0.911700	-0.028900	-0.186000	-0.754000	-0.393700	-0.031100
1627303014.115065	-0.909700	-0.034900	-0.176900	-0.803200	-0.420200	-0.036000
1627303014.124161	-0.938500	-0.046600	-0.164300	-0.858200	-0.458400	-0.065700
1627303014.148373	-0.956300	-0.054200	-0.158200	-0.909200	-0.474000	-0.117900
1627303014.151583	-0.954000	-0.057000	-0.148300	-0.980100	-0.490500	-0.166500
1627303014.163326	-0.952400	-0.063100	-0.142100	-1.037500	-0.499000	-0.202800
1627303014.164264	-0.964600	-0.067300	-0.136600	-1.103800	-0.514000	-0.238500
1627303014.182647	-0.975000	-0.065100	-0.137500	-1.175800	-0.522300	-0.278200
1627303014.183573	-0.976900	-0.051000	-0.134000	-1.236900	-0.527500	-0.303600
1627303014.194125	-0.981600	-0.033200	-0.122700	-1.264400	-0.532300	-0.321600
1627303014.212796	-0.978500	-0.022100	-0.105200	-1.271100	-0.533600	-0.327100
1627303014.213706	-0.976800	-0.021000	-0.086500	-1.271400	-0.533900	-0.329600
1627303014.224666	-0.970000	-0.028000	-0.075400	-1.273600	-0.533600	-0.328000
1627303014.232559	-0.966600	-0.027600	-0.064000	-1.285800	-0.535400	-0.325300
1627303014.256244	-0.962000	-0.026000	-0.053100	-1.291000	-0.540900	-0.323100
1627303014.256918	-0.967900	-0.019800	-0.043000	-1.291300	-0.547600	-0.320400
1627303014.267752	-0.976200	-0.014600	-0.030500	-1.286100	-0.551600	-0.320700
1627303014.276248	-0.981800	-0.006700	-0.023400	-1.277600	-0.551900	-0.326200
1627303014.291728	-0.984300	-0.002400	-0.013700	-1.255900	-0.550100	-0.327400
1627303014.292633	-0.986800	-0.014400	-0.006600	-1.239700	-0.548500	-0.325000
1627303014.303797	-0.990200	-0.035300	0.001700	-1.263800	-0.546100	-0.325300
1627303014.309127	-0.993200	-0.044600	0.017500	-1.327000	-0.544200	-0.325900
1627303014.332034	-0.997300	-0.053000	0.025300	-1.387500	-0.542100	-0.322800
1627303014.333355	-0.997700	-0.057000	0.034500	-1.465700	-0.539400	-0.315200
1627303014.348655	-0.998400	-0.048600	0.041900	-1.552800	-0.540600	-0.311200
1627303014.350878	-1.005000	-0.025500	0.047200	-1.629400	-0.547900	-0.310900
1627303014.369654	-1.006500	0.001000	0.060900	-1.669100	-0.555200	-0.308500
1627303014.372125	-1.011800	0.022700	0.073000	-1.672200	-0.560400	-0.298100
1627303014.379274	-1.016500	0.029400	0.080600	-1.643200	-0.560100	-0.277000
1627303014.400674	-1.016200	0.031100	0.088400	-1.620600	-0.553700	-0.253200
1627303014.412942	-1.016100	0.034100	0.093600	-1.592200	-0.546700	-0.235200
1627303014.413850	-1.015900	0.039200	0.099500	-1.559200	-0.539700	-0.214400
1627303014.421578	-1.014400	0.039600	0.103900	-1.532600	-0.531400	-0.190900
1627303014.440857	-1.010100	0.040000	0.106800	-1.508500	-0.524700	-0.171600
1627303014.451617	-1.001600	0.032200	0.113200	-1.487400	-0.520100	-0.157900
1627303014.452533	-0.992600	0.026100	0.114400	-1.480700	-0.519800	-0.140200
1627303014.459174	-0.991500	0.024200	0.121100	-1.484000	-0.516500	-0.125500
1627303014.478555	-0.988900	0.018900	0.131700	-1.491100	-0.512800	-0.114800
1627303014.491530	-0.982200	0.015900	0.134400	-1.510900	-0.503000	-0.101400
1627303014.498448	-0.976100	0.024700	0.137000	-1.530800	-0.492000	-0.094100
1627303014.499388	-0.970100	0.035200	0.141400	-1.527700	-0.483500	-0.091000
1627303014.521130	-0.964000	0.033900	0.141700	-1.506300	-0.474000	-0.085500
1627303014.521967	-0.958400	0.033300	0.140700	-1.495000	-0.461500	-0.080300
1627303014.530406	-0.950100	0.040300	0.140100	-1.487100	-0.449000	-0.078500
1627303014.551302	-0.944000	0.042500	0.138300	-1.476400	-0.441000	-0.074500
1627303014.552177	-0.940200	0.043300	0.137200	-1.470600	-0.427300	-0.074500
1627303014.560880	-0.933300	0.051900	0.142900	-1.460800	-0.416300	-0.071200
1627303014.567778	-0.933500	0.049700	0.142600	-1.451000	-0.408900	-0.062900
1627303014.585083	-0.923600	0.059700	0.141000	-1.433900	-0.405300	-0.053800
1627303014.598562	-0.922600	0.059300	0.143300	-1.420800	-0.411100	-0.049800
1627303014.599530	-0.928500	0.055800	0.142000	-1.409500	-0.424200	-0.049800
1627303014.622467	-0.937100	0.052700	0.140500	-1.402200	-0.436100	-0.056800
1627303014.623331	-0.935400	0.048000	0.141500	-1.400600	-0.445000	-0.069600
1627303014.633462	-0.936800	0.042800	0.145100	-1.382600	-0.463900	-0.088000
1627303014.639622	-0.942100	0.029700	0.146600	-1.378000	-0.483800	-0.100800
1627303014.659824	-0.943100	0.030000	0.152700	-1.390600	-0.492300	-0.111800
1627303014.662043	-0.957800	0.039700	0.162700	-1.388400	-0.505800	-0.121600
1627303014.672478	-0.981900	0.052700	0.168000	-1.373200	-0.514600	-0.133200
1627303014.677390	-1.002300	0.054300	0.170700	-1.331900	-0.522000	-0.145700
1627303014.700485	-1.001600	0.045300	0.179200	-1.292200	-0.541200	-0.148400
1627303014.701977	-1.011000	0.036100	0.183100	-1.256200	-0.563500	-0.152100
1627303014.712175	-1.012500	0.027300	0.192900	-1.225600	-0.584000	-0.153000
1627303014.719457	-1.013900	0.017100	0.204700	-1.195100	-0.609600	-0.149400
1627303014.738771	-1.018300	0.011800	0.215700	-1.172200	-0.630700	-0.138000
1627303014.742224	-1.028700	-0.001000	0.225800	-1.151400	-0.646900	-0.120300
1627303014.750890	-1.031200	-0.011200	0.235100	-1.135800	-0.659700	-0.095900
1627303014.762285	-1.030500	-0.017100	0.239100	-1.128800	-0.671900	-0.069300
1627303014.780488	-1.025800	-0.012200	0.240600	-1.108700	-0.680500	-0.038200
1627303014.781519	-1.037500	-0.016500	0.246100	-1.057000	-0.703700	-0.005500
1627303014.792165	-1.059400	-0.026000	0.252700	-0.988000	-0.726000	0.020500
1627303014.800252	-1.062300	-0.039700	0.260400	-0.932700	-0.729300	0.052800
1627303014.824041	-1.072100	-0.059200	0.273800	-0.889000	-0.728700	0.089500
1627303014.824954	-1.082000	-0.085400	0.279200	-0.878700	-0.717100	0.123400
1627303014.834741	-1.076500	-0.095200	0.296000	-0.899100	-0.693000	0.150900
1627303014.844126	-1.072800	-0.094200	0.318600	-0.912900	-0.676200	0.179000
1627303014.866866	-1.071400	-0.095800	0.338600	-0.928800	-0.651500	0.216300
1627303014.867859	-1.063800	-0.091800	0.354700	-0.947700	-0.623100	0.246200
1627303014.871124	-1.055400	-0.098600	0.374900	-0.957800	-0.591900	0.269400
1627303014.878056	-1.047400	-0.109500	0.390100	-0.988900	-0.555600	0.284400
1627303014.901421	-1.036600	-0.118000	0.407500	-1.027700	-0.519500	0.289900
1627303014.902288	-1.016800	-0.128800	0.420400	-1.079600	-0.474600	0.297200
1627303014.912294	-1.015900	-0.116200	0.433000	-1.129700	-0.456900	0.295700
1627303014.919043	-1.007600	-0.106200	0.438800	-1.151400	-0.426000	0.291400
1627303014.939505	-0.993200	-0.096200	0.449600	-1.154200	-0.394600	0.290200
1627303014.950266	-0.997900	-0.092500	0.455400	-1.149900	-0.362500	0.284400
1627303014.951188	-0.997400	-0.100100	0.460200	-1.154800	-0.316700	0.272100
1627303014.960362	-0.990600	-0.110000	0.464100	-1.178600	-0.272700	0.255300
1627303014.984693	-0.985500	-0.125400	0.468900	-1.217100	-0.232100	0.240100
1627303014.993065	-0.972700	-0.128400	0.467500	-1.271800	-0.193600	0.223300
1627303014.993964	-0.963400	-0.127400	0.466600	-1.340200	-0.153300	0.211700
1627303015.003982	-0.957400	-0.104400	0.467300	-1.379300	-0.123700	0.208300
1627303015.027849	-0.951800	-0.083000	0.469200	-1.388100	-0.102000	0.209800
1627303015.028753	-0.957900	-0.065800	0.469500	-1.361900	-0.082100	0.214400
1627303015.030918	-0.969200	-0.060700	0.467500	-1.320600	-0.060100	0.223300
1627303015.040792	-0.971300	-0.061200	0.463700	-1.272100	-0.039100	0.234300
1627303015.048705	-0.975200	-0.062700	0.456200	-1.220700	-0.022600	0.248300
1627303015.070118	-0.979600	-0.069300	0.449500	-1.172200	-0.006100	0.267900
1627303015.070653	-0.984300	-0.069200	0.437000	-1.151700	0.000900	0.282200
1627303015.075095	-0.996600	-0.069300	0.433700	-1.138000	0.001300	0.299000
1627303015.098343	-1.007200	-0.068700	0.425700	-1.142200	0.006100	0.313700
1627303015.100697	-1.011700	-0.059300	0.422600	-1.147400	0.016500	0.334500
1627303015.115664	-1.016400	-0.048200	0.418700	-1.143200	0.029400	0.359200
1627303015.121044	-1.021000	-0.038300	0.418800	-1.121500	0.044000	0.391900
1627303015.140173	-1.032100	-0.028700	0.422200	-1.095200	0.058100	0.423300
1627303015.141088	-1.041000	-0.020900	0.424800	-1.074100	0.078200	0.450200
1627303015.149231	-1.043100	-0.009600	0.424200	-1.057900	0.103900	0.472200
1627303015.157795	-1.043900	0.004200	0.418300	-1.029200	0.129200	0.492700
1627303015.177780	-1.042100	0.024700	0.410200	-0.995900	0.159800	0.511000
1627303015.179899	-1.048500	0.040000	0.409100	-0.947100	0.187900	0.525000
1627303015.190897	-1.055500	0.044100	0.409300	-0.883500	0.219900	0.543100
1627303015.198607	-1.064800	0.043500	0.410600	-0.843200	0.259300	0.558000
1627303015.222394	-1.059300	0.050200	0.401600	-0.831900	0.303000	0.560500
1627303015.223433	-1.059800	0.049400	0.389300	-0.821500	0.342700	0.562900
1627303015.233694	-1.046800	0.045500	0.368800	-0.832800	0.379700	0.557100
1627303015.243558	-1.037100	0.066300	0.358400	-0.845400	0.402600	0.540900
1627303015.267574	-1.043000	0.082400	0.353000	-0.833500	0.420900	0.526900
1627303015.268461	-1.059300	0.095700	0.348100	-0.811200	0.447500	0.522900
1627303015.270981	-1.075200	0.107500	0.343800	-0.797400	0.478900	0.517400
1627303015.286376	-1.084800	0.123300	0.338900	-0.787300	0.514400	0.508900
1627303015.289903	-1.083300	0.140700	0.333400	-0.762000	0.549800	0.499400
1627303015.313802	-1.074300	0.150400	0.325400	-0.709800	0.573900	0.490800
1627303015.314639	-1.067300	0.153100	0.317100	-0.650200	0.592000	0.484700
1627303015.322062	-1.067900	0.162500	0.303100	-0.586100	0.616400	0.484400
1627303015.332293	-1.069100	0.175700	0.299200	-0.480700	0.652400	0.499100
1627303015.333303	-1.067700	0.178500	0.297200	-0.395500	0.677800	0.518900
1627303015.355700	-1.069000	0.175200	0.287000	-0.329500	0.705000	0.535100
1627303015.370482	-1.060700	0.164800	0.271600	-0.283700	0.732200	0.537600
1627303015.371392	-1.056800	0.157200	0.260500	-0.246100	0.758400	0.536700
1627303015.377970	-1.046900	0.147900	0.248400	-0.222600	0.785900	0.535700
1627303015.400941	-1.044600	0.137100	0.237200	-0.189900	0.814000	0.535700
1627303015.409042	-1.037800	0.130000	0.228500	-0.181400	0.852200	0.534800
1627303015.409949	-1.026600	0.137600	0.228600	-0.174600	0.880300	0.535400
1627303015.420366	-1.017300	0.147500	0.220000	-0.160000	0.904100	0.537300
1627303015.445320	-1.006200	0.158600	0.203400	-0.135500	0.931600	0.538500
1627303015.451442	-0.994300	0.168800	0.196400	-0.093100	0.949900	0.537600
1627303015.452376	-0.978500	0.172000	0.190400	-0.055500	0.960600	0.538500
1627303015.461075	-0.976000	0.185400	0.181800	-0.014900	0.971900	0.533600
1627303015.464101	-0.972500	0.185200	0.160400	0.035800	0.992100	0.522900
1627303015.479609	-0.960600	0.175300	0.142200	0.064500	1.007700	0.507900
1627303015.494909	-0.943400	0.168100	0.130200	0.075500	1.010700	0.489900
1627303015.498259	-0.936400	0.172700	0.117400	0.078000	0.995400	0.471600
1627303015.519258	-0.931000	0.193500	0.104600	0.088600	0.979200	0.460300
1627303015.520512	-0.922000	0.215500	0.099100	0.131700	0.962800	0.455700
1627303015.536160	-0.923700	0.225200	0.083600	0.196500	0.946600	0.445300
1627303015.551196	-0.930400	0.216900	0.064800	0.262100	0.943200	0.430700
1627303015.553456	-0.934800	0.198100	0.045700	0.296900	0.946000	0.405300
1627303015.564907	-0.924600	0.178300	0.034200	0.291800	0.935300	0.374500
1627303015.572617	-0.904800	0.171800	0.025100	0.271000	0.918500	0.358000
1627303015.590272	-0.883700	0.178300	0.025100	0.258200	0.891300	0.342700
1627303015.591164	-0.873700	0.184100	0.016500	0.270100	0.861400	0.333500
1627303015.601561	-0.862400	0.208500	0.001700	0.310100	0.824100	0.328000
1627303015.633674	-0.865600	0.213900	-0.001200	0.360800	0.772800	0.322800
1627303015.635273	-0.869400	0.211900	-0.005400	0.399600	0.738600	0.321900
1627303015.636181	-0.885600	0.214400	-0.010000	0.421900	0.712300	0.314900
1627303015.639676	-0.898600	0.204200	-0.012800	0.444500	0.704400	0.299900
1627303015.647877	-0.882000	0.172000	-0.015000	0.438400	0.698300	0.291400
1627303015.669197	-0.869000	0.160300	-0.025100	0.387100	0.678100	0.288000
1627303015.670109	-0.856600	0.179800	-0.033600	0.330500	0.645100	0.281600
1627303015.673784	-0.839800	0.204300	-0.035900	0.313400	0.615500	0.284400
1627303015.697215	-0.828500	0.230000	-0.042700	0.320200	0.572100	0.291100
1627303015.700873	-0.851200	0.259500	-0.054300	0.355900	0.539700	0.299900
1627303015.715723	-0.880200	0.280300	-0.059800	0.426800	0.542500	0.307600
1627303015.717124	-0.886000	0.263100	-0.054600	0.497900	0.552900	0.310300
1627303015.739036	-0.879900	0.238000	-0.056900	0.530900	0.550700	0.296300
1627303015.739948	-0.862500	0.228500	-0.075300	0.533400	0.538800	0.261200
1627303015.754765	-0.849400	0.227400	-0.092000	0.527200	0.516200	0.235800
1627303015.757905	-0.845000	0.243000	-0.107400	0.531500	0.492400	0.216900
1627303015.782724	-0.847700	0.262600	-0.116900	0.554700	0.469500	0.202200
1627303015.783558	-0.859600	0.278000	-0.127800	0.600500	0.448700	0.190000
1627303015.790809	-0.874300	0.285800	-0.127900	0.661300	0.432500	0.182000
1627303015.802296	-0.882100	0.276500	-0.135300	0.717500	0.416000	0.166200
1627303015.825166	-0.883900	0.241000	-0.143600	0.760000	0.398900	0.141400
1627303015.825996	-0.876300	0.202300	-0.156200	0.748100	0.380600	0.119100
1627303015.840356	-0.867900	0.188500	-0.172500	0.701000	0.354000	0.097100
1627303015.841261	-0.862500	0.187600	-0.180400	0.647000	0.320700	0.072700
1627303015.845453	-0.866300	0.208600	-0.193000	0.609100	0.286800	0.048900
1627303015.866303	-0.879900	0.236500	-0.197300	0.606400	0.260300	0.022000
1627303015.868293	-0.890600	0.238800	-0.185200	0.658900	0.230300	-0.001200
1627303015.876890	-0.903000	0.210900	-0.184000	0.702300	0.198000	-0.023200
1627303015.896907	-0.904300	0.188800	-0.189500	0.706800	0.176600	-0.047000
1627303015.910327	-0.897100	0.168200	-0.196000	0.683300	0.154900	-0.070500
1627303015.911242	-0.891000	0.172900	-0.201900	0.651900	0.130100	-0.087000
1627303015.917875	-0.886600	0.194500	-0.200300	0.649100	0.097200	-0.095000
1627303015.936986	-0.884600	0.209800	-0.193600	0.678400	0.060500	-0.092200
1627303015.947743	-0.895900	0.211800	-0.192100	0.730400	0.026300	-0.084000
1627303015.948766	-0.909100	0.204200	-0.195900	0.776800	0.004600	-0.085500
1627303015.955003	-0.923600	0.189800	-0.197900	0.810700	-0.008800	-0.086400
1627303015.976885	-0.930800	0.166400	-0.189300	0.827500	-0.019800	-0.088300
1627303015.990376	-0.933000	0.150600	-0.182500	0.815900	-0.033300	-0.087000
1627303015.991285	-0.925300	0.154700	-0.176800	0.801500	-0.047000	-0.088300
1627303015.999130	-0.921900	0.158900	-0.173800	0.811600	-0.069600	-0.084000
1627303016.020614	-0.926600	0.154400	-0.181300	0.842100	-0.090700	-0.067800
1627303016.031770	-0.943200	0.150900	-0.185800	0.869300	-0.098600	-0.051900
1627303016.032679	-0.952800	0.153400	-0.185100	0.897700	-0.096500	-0.040600
1627303016.041884	-0.959600	0.142600	-0.178700	0.931900	-0.095900	-0.029300
1627303016.064965	-0.966100	0.126000	-0.177700	0.954500	-0.092500	-0.018900
1627303016.065970	-0.960600	0.109900	-0.175700	0.958500	-0.088500	-0.005500
1627303016.068521	-0.949700	0.105600	-0.177500	0.946600	-0.089200	0.006700
1627303016.081320	-0.942500	0.117600	-0.181300	0.955800	-0.096500	0.026000
1627303016.103521	-0.945800	0.109000	-0.185500	0.982300	-0.097400	0.045200
1627303016.104506	-0.946400	0.096200	-0.184700	0.990900	-0.098600	0.061400
1627303016.117798	-0.948900	0.099600	-0.184400	0.988100	-0.102600	0.074800
1627303016.118719	-0.952000	0.102400	-0.191200	0.990900	-0.104400	0.084000
1627303016.124045	-0.955900	0.099600	-0.198100	0.987200	-0.098300	0.090400
1627303016.144886	-0.952000	0.099000	-0.193200	0.977100	-0.089800	0.096800
1627303016.160075	-0.937000	0.099000	-0.192400	0.972000	-0.088800	0.107800
1627303016.166075	-0.919200	0.096400	-0.193100	0.968600	-0.103800	0.117600
1627303016.191313	-0.906600	0.106700	-0.191000	0.985100	-0.124000	0.127400
1627303016.192253	-0.906200	0.111300	-0.193800	1.025400	-0.148400	0.137100
1627303016.195525	-0.910600	0.109500	-0.196300	1.076400	-0.164600	0.143900
1627303016.207332	-0.917100	0.098100	-0.201000	1.126500	-0.174700	0.147200
1627303016.208272	-0.913800	0.074800	-0.200900	1.155200	-0.186000	0.143900
1627303016.226317	-0.909300	0.061200	-0.203900	1.146700	-0.206700	0.131300
1627303016.228445	-0.914300	0.056400	-0.206200	1.131100	-0.227200	0.118500
1627303016.236543	-0.918300	0.043500	-0.210000	1.117600	-0.247100	0.109700
1627303016.257985	-0.928000	0.029800	-0.213400	1.088900	-0.263900	0.100500
1627303016.258889	-0.941200	0.033600	-0.215500	1.049200	-0.273000	0.084600
1627303016.270986	-0.951800	0.039700	-0.207400	1.023000	-0.277900	0.068400
1627303016.275563	-0.960400	0.046800	-0.206900	1.008000	-0.288000	0.056500
1627303016.299332	-0.974000	0.060200	-0.198600	1.005600	-0.297200	0.041500
1627303016.309150	-0.996000	0.073400	-0.191800	1.019300	-0.295000	0.035400
1627303016.310090	-0.997800	0.078000	-0.186600	1.036400	-0.287100	0.040300
1627303016.321635	-0.991000	0.079700	-0.184600	1.052900	-0.290400	0.047700
1627303016.341933	-0.996700	0.079200	-0.184700	1.058400	-0.304200	0.058000
1627303016.353122	-1.002300	0.084200	-0.183500	1.051700	-0.309400	0.063500
1627303016.354038	-1.010500	0.095900	-0.162100	1.060500	-0.321300	0.075400
1627303016.359103	-1.014500	0.098500	-0.151500	1.073100	-0.327700	0.096200
1627303016.379678	-1.021000	0.109000	-0.146000	1.081900	-0.327400	0.116400
1627303016.387895	-1.021600	0.126000	-0.141200	1.103300	-0.319100	0.132600
1627303016.388793	-1.022500	0.130100	-0.131300	1.149100	-0.309400	0.155500
1627303016.398458	-1.018100	0.123300	-0.126500	1.193700	-0.306600	0.182000
1627303016.400385	-1.021200	0.130900	-0.119800	1.229400	-0.309400	0.201900
1627303016.426274	-1.032000	0.132000	-0.106000	1.282000	-0.300800	0.221100
1627303016.426786	-1.032000	0.122300	-0.094800	1.310700	-0.284900	0.242500
1627303016.441782	-1.028000	0.119000	-0.085900	1.325300	-0.269400	0.263600
1627303016.443902	-1.018700	0.126800	-0.089000	1.343700	-0.255300	0.281000
1627303016.470610	-1.017800	0.133700	-0.089600	1.372700	-0.240000	0.293800
1627303016.471517	-1.023100	0.139900	-0.090500	1.407200	-0.218000	0.306700
1627303016.477217	-1.023600	0.139900	-0.085200	1.442600	-0.194800	0.317400
1627303016.489063	-1.014400	0.136400	-0.083600	1.476200	-0.170400	0.325900
1627303016.511613	-1.009800	0.129000	-0.083400	1.487800	-0.160600	0.329900
1627303016.512537	-1.004800	0.133400	-0.087300	1.489400	-0.154200	0.329000
1627303016.519706	-1.003100	0.147500	-0.090600	1.504900	-0.150900	0.331100
1627303016.532897	-1.002700	0.159500	-0.092700	1.531800	-0.142900	0.329000
1627303016.555625	-1.000500	0.163200	-0.091300	1.569100	-0.139200	0.327400
1627303016.557898	-1.001800	0.167400	-0.089600	1.593200	-0.138300	0.325900
1627303016.558839	-0.997600	0.186200	-0.084700	1.613100	-0.137100	0.323800
1627303016.564250	-1.003100	0.207400	-0.082600	1.651200	-0.138900	0.326200
1627303016.579335	-1.008300	0.219700	-0.070300	1.710800	-0.136800	0.335700
1627303016.602415	-1.004300	0.217000	-0.065200	1.764900	-0.137700	0.350300
1627303016.603419	-1.004300	0.217000	-0.065200	1.764900	-0.137700	0.350300
1627303016.607097	-0.977400	0.230300	-0.075700	1.825600	-0.148700	0.394000
1627303016.621094	-0.977400	0.230300	-0.075700	1.825600	-0.148700	0.394000
1627303016.622004	-0.976600	0.246800	-0.069600	1.884000	-0.171600	0.409900
1627303016.643787	-0.973600	0.257900	-0.062300	1.947800	-0.191200	0.425800
1627303016.647214	-0.974200	0.275800	-0.048200	2.000300	-0.213500	0.447800
1627303016.657196	-0.968800	0.289400	-0.034500	2.063300	-0.226900	0.474000
1627303016.663707	-0.971700	0.294900	-0.025900	2.128600	-0.255600	0.493900
1627303016.682362	-0.966700	0.290900	-0.024500	2.190000	-0.288000	0.507300
1627303016.689588	-0.963600	0.288900	-0.014500	2.241600	-0.330800	0.518900
1627303016.703512	-0.971200	0.288700	0.004600	2.296600	-0.370800	0.536300
1627303016.704424	-0.978800	0.282100	0.020300	2.332000	-0.399500	0.544900
1627303016.726965	-0.980200	0.283200	0.028400	2.350700	-0.415100	0.543400
1627303016.728001	-0.975800	0.283400	0.035300	2.372400	-0.433100	0.534800
1627303016.738288	-0.969400	0.281200	0.046500	2.400800	-0.457200	0.520800
1627303016.743240	-0.976400	0.282800	0.056800	2.421800	-0.478900	0.507600
1627303016.764595	-0.989400	0.285400	0.070400	2.465800	-0.499000	0.491800
1627303016.768273	-0.993000	0.272700	0.090200	2.533300	-0.516500	0.470400
1627303016.772920	-0.996300	0.258200	0.106600	2.578200	-0.531400	0.452000
1627303016.795787	-1.003400	0.251300	0.121000	2.611800	-0.542100	0.426700
1627303016.807752	-1.009600	0.234300	0.123700	2.638700	-0.545800	0.399500
1627303016.808918	-1.007600	0.213500	0.128700	2.647900	-0.544900	0.367400
1627303016.817803	-1.008400	0.189100	0.130200	2.647600	-0.545500	0.335400
1627303016.841746	-1.007300	0.174100	0.135000	2.629200	-0.546400	0.307900
1627303016.842545	-1.011700	0.178500	0.149800	2.616400	-0.544900	0.279800
1627303016.851966	-1.015900	0.175900	0.155500	2.630100	-0.540300	0.262100
1627303016.865527	-1.024500	0.154700	0.168300	2.657300	-0.533900	0.245000
1627303016.885910	-1.030900	0.124600	0.174000	2.655800	-0.522300	0.231500
1627303016.891564	-1.034700	0.103600	0.173500	2.635300	-0.509100	0.218700
1627303016.892469	-1.034500	0.084000	0.169100	2.602400	-0.490800	0.205300
1627303016.905430	-1.036700	0.074800	0.159400	2.562000	-0.476700	0.190600
1627303016.922129	-1.041600	0.075600	0.158900	2.524800	-0.452900	0.167700
1627303016.926545	-1.052600	0.072600	0.162100	2.502200	-0.422100	0.145400
1627303016.927441	-1.070300	0.067600	0.167400	2.487200	-0.376000	0.124900
1627303016.937223	-1.067900	0.030300	0.167600	2.470100	-0.322500	0.107200
1627303016.942936	-1.047500	-0.007800	0.154800	2.400200	-0.281300	0.093200
1627303016.966673	-1.028900	-0.015400	0.145400	2.303600	-0.255600	0.074200
1627303016.967838	-1.017700	0.001000	0.133900	2.225800	-0.238500	0.057400
1627303016.971721	-1.017600	0.003200	0.128500	2.181200	-0.220500	0.057700
1627303016.994926	-1.026400	-0.000900	0.118300	2.138700	-0.190300	0.066600
1627303016.997202	-1.018400	0.005500	0.117100	2.094400	-0.153900	0.076100
1627303017.012631	-1.005100	0.013700	0.110800	2.064800	-0.135900	0.084000
1627303017.014759	-1.002400	0.013900	0.105200	2.046800	-0.127900	0.098400
1627303017.033810	-0.995500	0.010000	0.101200	2.032700	-0.122800	0.115800
1627303017.037199	-0.984500	-0.001100	0.091100	2.011600	-0.120000	0.139600
1627303017.046078	-0.976100	0.001600	0.079800	1.984800	-0.122100	0.164900
1627303017.052269	-0.992100	-0.000100	0.080200	1.973200	-0.127000	0.182000
1627303017.074039	-1.007800	-0.006000	0.079600	1.953600	-0.123100	0.199500
1627303017.076174	-1.012500	-0.020400	0.078500	1.914500	-0.114800	0.208000
1627303017.086077	-1.010700	-0.037800	0.063100	1.848900	-0.109900	0.204000
1627303017.094973	-1.003100	-0.050900	0.051900	1.769700	-0.111800	0.194900
1627303017.116293	-0.998700	-0.054800	0.040400	1.676000	-0.120000	0.181700
1627303017.117379	-1.010500	-0.055900	0.034800	1.594400	-0.124600	0.169200
1627303017.127294	-1.012800	-0.051500	0.028800	1.526300	-0.117600	0.152100
1627303017.133502	-1.012200	-0.045200	0.021900	1.462200	-0.107200	0.129500
1627303017.153872	-1.009900	-0.048300	0.010300	1.423100	-0.098600	0.103500
1627303017.157299	-1.012000	-0.056500	-0.001000	1.381800	-0.092500	0.077900
1627303017.167314	-1.012600	-0.063200	-0.007200	1.337300	-0.082400	0.044900
1627303017.175056	-1.008400	-0.079300	-0.017900	1.280400	-0.070500	0.004600
1627303017.198781	-1.006000	-0.093300	-0.026600	1.206200	-0.059800	-0.021400
1627303017.199818	-1.000600	-0.093800	-0.034100	1.113400	-0.048800	-0.051000
1627303017.207234	-0.999400	-0.084500	-0.038900	1.029100	-0.045500	-0.077600
1627303017.222201	-1.006600	-0.082000	-0.043200	0.960300	-0.042400	-0.098000
1627303017.226010	-1.008800	-0.080000	-0.045700	0.894700	-0.032600	-0.115100
1627303017.245538	-1.001600	-0.077600	-0.047900	0.842500	-0.029600	-0.128300
1627303017.253545	-0.990800	-0.085300	-0.051500	0.799400	-0.033900	-0.138400
1627303017.254454	-0.980700	-0.085200	-0.058600	0.762100	-0.036000	-0.141700
1627303017.278902	-0.977100	-0.086400	-0.069600	0.728200	-0.039400	-0.140800
1627303017.279908	-0.971800	-0.087300	-0.073200	0.695500	-0.042700	-0.135300
1627303017.286603	-0.964600	-0.087600	-0.074100	0.655800	-0.049400	-0.125800
1627303017.307648	-0.960300	-0.084600	-0.079000	0.614600	-0.059800	-0.121300
1627303017.308517	-0.950100	-0.080100	-0.088000	0.572400	-0.072100	-0.117000
1627303017.316097	-0.935700	-0.074600	-0.090600	0.526900	-0.085500	-0.118200
1627303017.326610	-0.920000	-0.076000	-0.085700	0.502800	-0.104400	-0.121600
1627303017.349312	-0.911600	-0.090500	-0.083700	0.474700	-0.125500	-0.123700
1627303017.350216	-0.902200	-0.103300	-0.085200	0.428600	-0.148700	-0.127100
1627303017.359880	-0.897300	-0.106400	-0.092300	0.372700	-0.166700	-0.138700
1627303017.364157	-0.889000	-0.112300	-0.101000	0.320200	-0.186300	-0.150600
1627303017.376976	-0.890300	-0.116100	-0.106100	0.248400	-0.215000	-0.167700
1627303017.391991	-0.892500	-0.115200	-0.101700	0.176600	-0.244900	-0.188400
1627303017.397197	-0.882100	-0.124900	-0.093300	0.117400	-0.273000	-0.214100
1627303017.418781	-0.883900	-0.138900	-0.097200	0.052900	-0.310000	-0.233000
1627303017.419895	-0.887900	-0.141800	-0.090600	-0.021600	-0.343900	-0.249200
1627303017.430976	-0.888800	-0.136400	-0.090200	-0.073200	-0.375300	-0.258700
1627303017.441041	-0.901400	-0.135500	-0.075900	-0.123000	-0.404400	-0.264800
1627303017.463524	-0.914400	-0.127100	-0.071800	-0.172200	-0.424500	-0.274300
1627303017.465135	-0.927000	-0.127200	-0.068600	-0.212500	-0.438600	-0.284400
1627303017.477502	-0.938700	-0.129300	-0.063800	-0.248600	-0.446800	-0.288900
1627303017.478424	-0.949300	-0.136200	-0.056800	-0.291300	-0.458100	-0.287100
1627303017.496381	-0.963700	-0.136700	-0.050400	-0.347800	-0.470300	-0.285000
1627303017.497224	-0.973400	-0.120400	-0.038100	-0.388700	-0.481600	-0.283700
1627303017.507185	-0.996100	-0.107900	-0.022500	-0.403700	-0.495700	-0.275500
1627303017.516191	-1.014300	-0.111000	-0.007700	-0.408300	-0.499000	-0.253500
1627303017.542616	-1.033700	-0.112100	-0.003900	-0.427500	-0.500600	-0.233700
1627303017.543488	-1.048200	-0.099100	0.002200	-0.448000	-0.503300	-0.219300
1627303017.546846	-1.059200	-0.102500	0.009000	-0.442500	-0.502700	-0.201300
1627303017.557256	-1.051100	-0.106900	0.012500	-0.442500	-0.467900	-0.177100
1627303017.561039	-1.053800	-0.130400	0.033600	-0.453800	-0.452600	-0.147800
1627303017.578789	-1.131500	-0.136400	0.015400	-0.521900	-0.463000	-0.132600
1627303017.588471	-1.112200	-0.128500	0.026500	-0.572000	-0.424500	-0.097100
1627303017.592790	-1.106900	-0.126800	0.033100	-0.595200	-0.395200	-0.057700
1627303017.615002	-1.126600	-0.127800	0.041600	-0.622700	-0.364300	-0.025000
1627303017.615975	-1.126600	-0.142900	0.043000	-0.666400	-0.322800	0.007300
1627303017.622964	-1.106100	-0.145800	0.051400	-0.735400	-0.289500	0.034500
1627303017.648983	-1.095600	-0.133700	0.056200	-0.793100	-0.268700	0.059000
1627303017.649765	-1.094500	-0.121200	0.066700	-0.830700	-0.243400	0.088900
1627303017.659587	-1.091100	-0.115100	0.074100	-0.853600	-0.209200	0.123100
1627303017.661395	-1.082500	-0.110600	0.085100	-0.863700	-0.183200	0.142900
1627303017.687840	-1.073400	-0.115000	0.091900	-0.874700	-0.160300	0.155500
1627303017.688754	-1.064500	-0.120100	0.097000	-0.893300	-0.133700	0.164900
1627303017.694837	-1.055400	-0.129500	0.101600	-0.924500	-0.108700	0.171700
1627303017.706520	-1.048500	-0.132200	0.099700	-0.978200	-0.083000	0.174700
1627303017.730029	-1.038700	-0.125500	0.098600	-1.031700	-0.059200	0.178700
1627303017.731201	-1.028800	-0.119100	0.099900	-1.082400	-0.034500	0.184500
1627303017.734754	-1.021400	-0.116600	0.107400	-1.119300	-0.020100	0.191200
1627303017.755960	-1.024800	-0.109300	0.110500	-1.155100	-0.003600	0.203100
1627303017.773570	-1.023800	-0.104500	0.110000	-1.191700	0.018400	0.211400
1627303017.774510	-1.013200	-0.100600	0.118300	-1.221400	0.033600	0.220800
1627303017.775940	-1.002700	-0.098300	0.123200	-1.249200	0.037900	0.234000
1627303017.791313	-0.992900	-0.090100	0.128700	-1.270500	0.035800	0.251100
1627303017.794797	-0.980100	-0.089100	0.131300	-1.280900	0.032100	0.264800
1627303017.816353	-0.975200	-0.092400	0.132400	-1.284600	0.026600	0.279800
1627303017.817184	-0.981000	-0.096200	0.130200	-1.296200	0.021700	0.291700
1627303017.824687	-0.982700	-0.101800	0.133300	-1.321500	0.024800	0.303000
1627303017.837254	-0.977300	-0.102800	0.142000	-1.360000	0.028400	0.307900
1627303017.857668	-0.976600	-0.102200	0.142800	-1.402800	0.022900	0.308500
1627303017.858519	-0.983800	-0.111800	0.147100	-1.470600	0.022900	0.304500
1627303017.864892	-0.983200	-0.110500	0.143700	-1.563400	0.029000	0.295400
1627303017.877442	-0.981400	-0.092300	0.150300	-1.649000	0.030000	0.275500
1627303017.898788	-0.991100	-0.065900	0.153000	-1.716800	0.033000	0.254100
1627303017.899712	-0.999000	-0.042600	0.157000	-1.758900	0.046200	0.229400
1627303017.907370	-0.998300	-0.028600	0.162600	-1.782700	0.057800	0.204600
1627303017.921238	-1.003400	-0.017600	0.165200	-1.794300	0.062300	0.185400
1627303017.942309	-1.009000	-0.006500	0.166900	-1.802600	0.066600	0.166800
1627303017.943400	-1.013100	-0.002200	0.169600	-1.812700	0.070000	0.151800
1627303017.945857	-1.015500	0.001300	0.175900	-1.827600	0.074600	0.135000
1627303017.961089	-1.014800	0.009300	0.180100	-1.854200	0.079700	0.115500
1627303017.972730	-1.019300	0.029200	0.183500	-1.879300	0.086500	0.095900
1627303017.974934	-1.021100	0.045700	0.191900	-1.879600	0.097500	0.080000
1627303017.979172	-1.023600	0.053500	0.194800	-1.871000	0.111500	0.069000
1627303018.001915	-1.025800	0.059000	0.196400	-1.865800	0.130100	0.059000
1627303018.004245	-1.017600	0.057600	0.192600	-1.868900	0.143900	0.045800
1627303018.019884	-1.015100	0.059800	0.193600	-1.877100	0.152400	0.036700
1627303018.022294	-1.014300	0.059700	0.192000	-1.887500	0.160100	0.032100
1627303018.041204	-1.015400	0.060400	0.187700	-1.904300	0.170800	0.025400
1627303018.044740	-1.012800	0.073700	0.189600	-1.925700	0.183300	0.016800
1627303018.060202	-1.014300	0.089700	0.193000	-1.925100	0.195200	0.004900
1627303018.083593	-1.014800	0.103300	0.187300	-1.916200	0.214400	-0.005200
1627303018.090348	-1.013300	0.109100	0.185100	-1.902800	0.226100	-0.015600
1627303018.091253	-1.005700	0.120500	0.181800	-1.881400	0.230600	-0.021400
1627303018.093611	-1.000400	0.131100	0.187600	-1.840500	0.221500	-0.025300
1627303018.105426	-1.001600	0.125000	0.182300	-1.775400	0.212600	-0.021700
1627303018.130025	-1.001500	0.096900	0.170800	-1.739400	0.203100	-0.015600
1627303018.132316	-1.009400	0.090300	0.160600	-1.746100	0.193100	-0.014300
1627303018.135879	-1.020100	0.103800	0.156500	-1.762600	0.185400	-0.018900
1627303018.149152	-1.028700	0.124300	0.162000	-1.759800	0.179900	-0.019200
1627303018.174311	-1.044300	0.141700	0.154500	-1.737200	0.179000	-0.009800
1627303018.175229	-1.052100	0.152700	0.152500	-1.692900	0.187600	0.003100
1627303018.176124	-1.051300	0.150000	0.147900	-1.650500	0.196100	0.020200
1627303018.188432	-1.051400	0.143900	0.139800	-1.614100	0.204100	0.029300
1627303018.196215	-1.065700	0.141700	0.132200	-1.590300	0.218400	0.032400
1627303018.218660	-1.079500	0.135000	0.136500	-1.576300	0.237000	0.031500
1627303018.219633	-1.082800	0.128200	0.145000	-1.581500	0.257500	0.022900
1627303018.234757	-1.084800	0.136700	0.155500	-1.593100	0.273700	0.004000
1627303018.239726	-1.083900	0.150800	0.154900	-1.592800	0.298700	-0.027800
1627303018.240654	-1.079100	0.155600	0.151700	-1.585400	0.326800	-0.060800
1627303018.265158	-1.077300	0.150900	0.147000	-1.567400	0.358600	-0.089500
1627303018.267321	-1.076800	0.144900	0.137200	-1.553700	0.401700	-0.117300
1627303018.270253	-1.073600	0.140000	0.133100	-1.550000	0.435000	-0.142600
1627303018.293148	-1.065700	0.134400	0.127800	-1.550300	0.468000	-0.171000
1627303018.294367	-1.051300	0.134400	0.125200	-1.546600	0.495100	-0.205900
1627303018.309608	-1.038800	0.132700	0.125500	-1.540800	0.514400	-0.243700
1627303018.314767	-1.026900	0.127700	0.123400	-1.531100	0.521700	-0.277000
1627303018.336209	-1.017100	0.116200	0.112900	-1.511200	0.521400	-0.301200
1627303018.336933	-1.014800	0.104400	0.098100	-1.494700	0.526000	-0.315800
1627303018.347118	-1.020500	0.099100	0.082500	-1.477300	0.533600	-0.324100
1627303018.353639	-1.021900	0.084800	0.075900	-1.456500	0.544300	-0.328600
1627303018.374052	-1.019000	0.081300	0.072300	-1.445500	0.557400	-0.332900
1627303018.374891	-1.011000	0.065700	0.068700	-1.440400	0.561400	-0.328600
1627303018.385937	-0.998400	0.049400	0.059700	-1.446200	0.554100	-0.315200
1627303018.396191	-0.977400	0.040000	0.044200	-1.473900	0.536400	-0.291700
1627303018.416540	-0.964800	0.051100	0.031400	-1.496200	0.509800	-0.264500
1627303018.417374	-0.980100	0.060200	0.017900	-1.487400	0.493600	-0.243400
1627303018.424595	-0.986800	0.059400	0.012500	-1.469400	0.490600	-0.225400
1627303018.435966	-0.980600	0.048600	0.014000	-1.457800	0.476200	-0.210100
1627303018.436674	-0.975800	0.037000	0.014500	-1.467200	0.453900	-0.186300
1627303018.464213	-0.966600	0.035200	0.011600	-1.494700	0.427000	-0.168600
1627303018.465043	-0.951400	0.054200	0.000400	-1.526200	0.397400	-0.150300
1627303018.473592	-0.955700	0.086100	-0.005000	-1.530800	0.370800	-0.129200
1627303018.482555	-0.950800	0.105300	-0.002200	-1.493500	0.350400	-0.110600
1627303018.503493	-0.945600	0.110100	-0.002700	-1.441900	0.327500	-0.092200
1627303018.504904	-0.930500	0.108000	-0.009200	-1.403400	0.307300	-0.077300
1627303018.520360	-0.923600	0.108000	-0.021200	-1.377400	0.279500	-0.073000
1627303018.524759	-0.934000	0.100600	-0.036400	-1.363100	0.256900	-0.074200
1627303018.546367	-0.943100	0.104400	-0.054300	-1.381700	0.242900	-0.081200
1627303018.547198	-0.948200	0.121500	-0.054000	-1.397600	0.234300	-0.088300
1627303018.557283	-0.945800	0.147100	-0.047700	-1.392100	0.226400	-0.087000
1627303018.563884	-0.941400	0.172400	-0.039300	-1.349300	0.219600	-0.078800
1627303018.584271	-0.930400	0.178200	-0.041300	-1.278800	0.216600	-0.072700
1627303018.585475	-0.928600	0.170200	-0.056000	-1.213100	0.205900	-0.072100
1627303018.592901	-0.932100	0.159700	-0.071900	-1.153500	0.201900	-0.079700
1627303018.613767	-0.929600	0.142600	-0.079000	-1.100100	0.193100	-0.095300
1627303018.614607	-0.939100	0.137700	-0.084400	-1.074700	0.178400	-0.116700
1627303018.620301	-0.957000	0.144300	-0.086300	-1.050600	0.175300	-0.146000
1627303018.643037	-0.971900	0.144900	-0.085900	-1.008200	0.184200	-0.175000
1627303018.643961	-0.972400	0.137100	-0.092800	-0.969700	0.199500	-0.199700
1627303018.653678	-0.965000	0.128100	-0.103500	-0.928400	0.209600	-0.219300
1627303018.660395	-0.960800	0.116800	-0.113200	-0.884200	0.209900	-0.228500
1627303018.682847	-0.955000	0.106900	-0.121300	-0.836500	0.206800	-0.233000
1627303018.683755	-0.953700	0.093300	-0.122800	-0.801100	0.198600	-0.230900
1627303018.693838	-0.954200	0.077000	-0.126100	-0.785500	0.190900	-0.228200
1627303018.700294	-0.944900	0.071000	-0.128700	-0.782800	0.182100	-0.227800
1627303018.726585	-0.944600	0.071300	-0.122200	-0.763200	0.162500	-0.225700
1627303018.727505	-0.943700	0.065200	-0.112300	-0.735700	0.145100	-0.213200
1627303018.737307	-0.941700	0.060700	-0.109600	-0.710100	0.126800	-0.198200
1627303018.746629	-0.944000	0.053700	-0.110500	-0.667600	0.105700	-0.183300
1627303018.770624	-0.946400	0.036500	-0.116800	-0.636100	0.094400	-0.168300
1627303018.771538	-0.951700	0.018200	-0.123900	-0.622700	0.084600	-0.153900
1627303018.773928	-0.948600	0.003300	-0.123300	-0.628500	0.081000	-0.140800
1627303018.784701	-0.946700	-0.007900	-0.121000	-0.647100	0.067800	-0.127700
1627303018.792314	-0.945200	-0.013300	-0.119300	-0.667300	0.052900	-0.114800
1627303018.815306	-0.943100	-0.012100	-0.120200	-0.683800	0.039400	-0.103800
1627303018.816234	-0.945200	-0.008100	-0.118500	-0.684700	0.024200	-0.093200
1627303018.827121	-0.948200	-0.006800	-0.111800	-0.671600	0.012200	-0.081900
1627303018.834814	-0.950700	-0.014000	-0.112400	-0.662400	0.001300	-0.072700
1627303018.853839	-0.949200	-0.024000	-0.111500	-0.662700	-0.009100	-0.066900
1627303018.854840	-0.947800	-0.039300	-0.112100	-0.683500	-0.016200	-0.066600
1627303018.864813	-0.940300	-0.048500	-0.117100	-0.730500	-0.025000	-0.070500
1627303018.874118	-0.935700	-0.042200	-0.114100	-0.787000	-0.037800	-0.078200
1627303018.896411	-0.927900	-0.033100	-0.113500	-0.829800	-0.052500	-0.082800
1627303018.897243	-0.925400	-0.020800	-0.107700	-0.852400	-0.069900	-0.087300
1627303018.904732	-0.932300	-0.007700	-0.108000	-0.859100	-0.085800	-0.089500
1627303018.913809	-0.941400	0.011100	-0.109100	-0.846000	-0.094000	-0.090100
1627303018.918567	-0.943700	0.018800	-0.106300	-0.817900	-0.094700	-0.089200
1627303018.939611	-0.943000	0.015400	-0.106900	-0.802000	-0.099200	-0.089800
1627303018.957727	-0.945100	0.016500	-0.109900	-0.805400	-0.105000	-0.089500
1627303018.967917	-0.943500	0.023400	-0.110500	-0.820000	-0.113000	-0.089800
1627303018.968663	-0.938600	0.031900	-0.111900	-0.847200	-0.118200	-0.087700
1627303018.972321	-0.933100	0.046100	-0.115400	-0.871900	-0.126700	-0.087000
1627303018.982319	-0.926800	0.067300	-0.115400	-0.875900	-0.135600	-0.086100
1627303018.989879	-0.930300	0.086900	-0.117300	-0.863100	-0.142600	-0.081200
1627303019.012708	-0.936600	0.105200	-0.121000	-0.838600	-0.139600	-0.074500
1627303019.013537	-0.944800	0.129000	-0.124300	-0.793100	-0.130400	-0.065400
1627303019.023909	-0.944600	0.135100	-0.133300	-0.752500	-0.122100	-0.058900
1627303019.031265	-0.943600	0.138400	-0.141400	-0.730200	-0.120900	-0.054400
1627303019.051221	-0.928300	0.141500	-0.148600	-0.716500	-0.125500	-0.049800
1627303019.052332	-0.915500	0.143400	-0.152700	-0.709800	-0.146300	-0.048300
1627303019.063665	-0.905200	0.153000	-0.147300	-0.697200	-0.177400	-0.046700
1627303019.073878	-0.903100	0.163800	-0.137300	-0.669400	-0.220500	-0.051000
1627303019.091400	-0.907800	0.172100	-0.132900	-0.617800	-0.269100	-0.057400
1627303019.092283	-0.911300	0.173700	-0.128800	-0.562500	-0.304800	-0.062900
1627303019.106052	-0.912600	0.177400	-0.120500	-0.503000	-0.335300	-0.067500
1627303019.111631	-0.914300	0.184200	-0.113900	-0.427500	-0.361600	-0.066600
1627303019.134012	-0.914600	0.180300	-0.111000	-0.334700	-0.385400	-0.057700
1627303019.135009	-0.912800	0.164200	-0.109400	-0.252500	-0.404400	-0.041500
1627303019.144740	-0.913300	0.142100	-0.106100	-0.198500	-0.416300	-0.024700
1627303019.154149	-0.901900	0.116600	-0.094500	-0.180400	-0.425700	-0.016800
1627303019.173252	-0.895000	0.113000	-0.081900	-0.200300	-0.444700	-0.018000
1627303019.174157	-0.892000	0.126300	-0.071800	-0.205200	-0.463900	-0.025000
1627303019.181135	-0.898100	0.132000	-0.057900	-0.178300	-0.484400	-0.033900
1627303019.191604	-0.910500	0.130900	-0.047400	-0.142300	-0.494200	-0.043700
1627303019.217892	-0.918900	0.123400	-0.041700	-0.104100	-0.492900	-0.060800
1627303019.218800	-0.931500	0.118300	-0.036300	-0.061900	-0.491400	-0.086400
1627303019.222262	-0.939100	0.112500	-0.031900	-0.028900	-0.484400	-0.113000
1627303019.231715	-0.952100	0.100700	-0.032100	-0.000800	-0.486200	-0.128600
1627303019.255599	-0.956900	0.086100	-0.033000	0.009200	-0.489900	-0.139600
1627303019.260469	-0.955700	0.079300	-0.037500	-0.004200	-0.510700	-0.153000
1627303019.261384	-0.970300	0.086100	-0.035300	-0.012800	-0.537500	-0.163700
1627303019.276190	-0.991200	0.093000	-0.025800	-0.010300	-0.556800	-0.168300
1627303019.288806	-1.010900	0.099500	-0.011800	0.016000	-0.573000	-0.162200
1627303019.291038	-1.027800	0.097700	-0.002300	0.057800	-0.586400	-0.151200
1627303019.300982	-1.047500	0.090300	0.009900	0.107000	-0.593100	-0.133500
1627303019.309816	-1.061900	0.085800	0.013800	0.147000	-0.594000	-0.111800
1627303019.331325	-1.074800	0.080200	0.017700	0.186400	-0.591000	-0.091300
1627303019.333638	-1.085400	0.073100	0.023200	0.219700	-0.587300	-0.067500
1627303019.343348	-1.103000	0.076000	0.029400	0.232800	-0.578800	-0.046100
1627303019.349753	-1.124100	0.091800	0.046500	0.255100	-0.554600	-0.020200
1627303019.371583	-1.140100	0.099600	0.050700	0.280800	-0.523200	-0.001500
1627303019.372418	-1.150800	0.109600	0.058100	0.303400	-0.485600	0.012500
1627303019.383472	-1.164400	0.112700	0.064100	0.341500	-0.447400	0.026900
1627303019.392413	-1.172000	0.113200	0.065300	0.361100	-0.402200	0.039100
1627303019.415410	-1.172200	0.113600	0.066800	0.380600	-0.355500	0.049800
1627303019.416272	-1.165000	0.114500	0.069000	0.395900	-0.310900	0.065700
1627303019.421035	-1.158800	0.127000	0.068500	0.403900	-0.261700	0.075100
1627303019.437300	-1.153200	0.142700	0.068800	0.429800	-0.219600	0.080600
1627303019.462102	-1.139400	0.142800	0.078200	0.465200	-0.177700	0.088900
1627303019.463629	-1.125900	0.144500	0.083700	0.492400	-0.140200	0.099600
1627303019.472815	-1.109500	0.152300	0.086700	0.515600	-0.102000	0.107200
1627303019.473717	-1.089000	0.163500	0.086700	0.542200	-0.069300	0.112700
1627303019.499964	-1.070300	0.177900	0.089200	0.584100	-0.035700	0.119100
1627303019.508626	-1.047700	0.189700	0.084400	0.644500	0.001600	0.128600
1627303019.509668	-1.027700	0.187700	0.088100	0.702600	0.024800	0.138400
1627303019.515990	-1.010400	0.184100	0.085800	0.756000	0.040300	0.147200
1627303019.516903	-0.993200	0.180400	0.081500	0.803400	0.048000	0.154900
1627303019.540398	-0.983500	0.182700	0.079200	0.838800	0.057100	0.162200
1627303019.541305	-0.973900	0.188000	0.079700	0.874500	0.063300	0.171000
1627303019.549313	-0.954000	0.193700	0.074600	0.912700	0.077600	0.186900
1627303019.567331	-0.940700	0.204700	0.073000	0.952700	0.078800	0.204000
1627303019.581454	-0.955400	0.204800	0.068500	1.012300	0.055000	0.205600
1627303019.581987	-0.941900	0.202900	0.058600	1.061800	0.050100	0.214100
1627303019.590198	-0.930800	0.199200	0.058700	1.107600	0.033000	0.220800
1627303019.615115	-0.932500	0.199200	0.060700	1.149400	-0.000900	0.214400
1627303019.616105	-0.932300	0.197500	0.058000	1.192200	-0.026500	0.208900
1627303019.619094	-0.938800	0.195800	0.061800	1.234000	-0.062900	0.197900
1627303019.631756	-0.952600	0.184900	0.065800	1.274900	-0.098900	0.180500
1627303019.652561	-0.952900	0.179600	0.068100	1.293900	-0.121500	0.170400
1627303019.653570	-0.955600	0.179600	0.076400	1.315000	-0.156700	0.153300
1627303019.663566	-0.959800	0.181900	0.073600	1.336300	-0.171900	0.132600
1627303019.673706	-0.982800	0.175300	0.076400	1.359200	-0.190900	0.100200
1627303019.695801	-1.002900	0.159800	0.080000	1.375100	-0.195100	0.049200
1627303019.696948	-1.024300	0.134300	0.092900	1.362000	-0.195100	-0.018600
1627303019.712351	-1.050500	0.114500	0.099000	1.322600	-0.187800	-0.082200
1627303019.717275	-1.067700	0.103900	0.110400	1.265200	-0.171600	-0.136500
1627303019.718192	-1.078900	0.100300	0.127100	1.212300	-0.152400	-0.178400
1627303019.739592	-1.080300	0.109300	0.140100	1.172000	-0.132500	-0.210100
1627303019.740849	-1.078500	0.126700	0.155000	1.162900	-0.112100	-0.228200
1627303019.756121	-1.079200	0.138900	0.164700	1.187900	-0.095600	-0.234300
1627303019.757034	-1.073200	0.142200	0.173200	1.269800	-0.066900	-0.227500
1627303019.771311	-1.066000	0.124600	0.179200	1.346700	-0.048200	-0.218700
1627303019.781003	-1.053700	0.102300	0.180900	1.404100	-0.029300	-0.208300
1627303019.787880	-1.043100	0.080400	0.185200	1.442900	-0.012500	-0.194900
1627303019.811955	-1.040600	0.059600	0.185500	1.465200	0.004900	-0.171000
1627303019.812866	-1.039200	0.046800	0.186300	1.471600	0.029400	-0.151500
1627303019.822437	-1.033000	0.037000	0.187300	1.472900	0.057100	-0.126700
1627303019.831717	-1.028400	0.025500	0.183300	1.470100	0.082500	-0.094100
1627303019.855583	-1.026500	0.022500	0.177900	1.464300	0.108800	-0.068400
1627303019.859183	-1.026900	0.015300	0.170500	1.455500	0.135000	-0.040300
1627303019.860123	-1.024200	0.009900	0.163300	1.440500	0.164400	-0.013700
1627303019.869459	-1.014300	0.003400	0.155300	1.418200	0.188800	0.007600
1627303019.876822	-1.006100	-0.003300	0.146200	1.392500	0.202500	0.025700
1627303019.901591	-0.997400	0.000200	0.137200	1.358900	0.210800	0.044300
1627303019.902466	-0.996700	0.010000	0.131200	1.324700	0.218400	0.060200
1627303019.912175	-0.993000	0.020100	0.124400	1.305800	0.224500	0.072100
1627303019.922395	-0.984500	0.030600	0.122600	1.287500	0.240100	0.083400
1627303019.943927	-0.982100	0.047600	0.122200	1.276200	0.240400	0.091000
1627303019.944750	-0.994400	0.049100	0.109600	1.296300	0.229400	0.079100
1627303019.959318	-0.981600	0.049600	0.103400	1.301500	0.234600	0.072400
1627303019.972275	-0.978300	0.045500	0.099100	1.298800	0.230900	0.062300
1627303019.980566	-0.977900	0.043300	0.092000	1.287500	0.222400	0.044900
1627303019.981472	-0.967800	0.041700	0.086300	1.269100	0.221800	0.027500
1627303019.991098	-0.985000	0.045500	0.080000	1.254800	0.201600	-0.011600
1627303019.992945	-1.003100	0.041100	0.074200	1.252000	0.194900	-0.059200
1627303020.018831	-1.002800	0.026000	0.073200	1.240700	0.191200	-0.095600
1627303020.019470	-1.006200	0.019500	0.071000	1.206500	0.181500	-0.135600
1627303020.034435	-1.012100	0.031400	0.072300	1.166800	0.179900	-0.179000
1627303020.037518	-1.019700	0.044600	0.074300	1.164700	0.180800	-0.208900
1627303020.061585	-1.022600	0.044400	0.077400	1.174800	0.185400	-0.221700
1627303020.062051	-1.026100	0.039800	0.075800	1.188200	0.193700	-0.228200
1627303020.069960	-1.029900	0.032600	0.071800	1.201300	0.202200	-0.233000
1627303020.090651	-1.028400	0.020100	0.067900	1.208700	0.208900	-0.234300
1627303020.091768	-1.023900	0.008900	0.064200	1.209900	0.213500	-0.229700
1627303020.099433	-1.026000	-0.004500	0.061400	1.200100	0.219600	-0.214100
1627303020.110835	-1.037100	-0.007300	0.059600	1.192200	0.232200	-0.196400
1627303020.133221	-1.041300	-0.011000	0.064200	1.184500	0.250200	-0.173500
1627303020.134357	-1.040400	-0.006500	0.062700	1.175700	0.266400	-0.146900
1627303020.144303	-1.040200	0.003100	0.061800	1.179300	0.281300	-0.122500
1627303020.152019	-1.047000	0.001200	0.054300	1.193100	0.297800	-0.096500
1627303020.172071	-1.045400	-0.002200	0.046800	1.193700	0.319800	-0.073900
1627303020.173415	-1.043500	-0.000700	0.043200	1.192200	0.341800	-0.049200
1627303020.180526	-1.042100	0.004900	0.034300	1.189100	0.359500	-0.031800
1627303020.192129	-1.039600	0.010400	0.031900	1.195500	0.376300	-0.014700
1627303020.192618	-1.040800	0.009000	0.029400	1.204700	0.391900	0.004000
1627303020.216877	-1.039200	0.006200	0.023900	1.205000	0.412100	0.021100
1627303020.219274	-1.030200	0.010100	0.022300	1.194900	0.428900	0.032100
1627303020.237026	-1.020100	0.020800	0.020500	1.197700	0.440500	0.043700
1627303020.237635	-1.013300	0.023900	0.021500	1.214200	0.453300	0.057400
1627303020.261953	-1.006800	0.023200	0.013800	1.223300	0.459400	0.067500
1627303020.274629	-0.996300	0.025400	0.010700	1.230000	0.463100	0.073000
1627303020.275125	-0.989700	0.024800	0.001200	1.240700	0.461200	0.079100
1627303020.293088	-0.987200	0.020400	-0.008500	1.248700	0.460600	0.084600
1627303020.294266	-0.987200	0.013800	-0.012300	1.249600	0.458800	0.091600
1627303020.300166	-0.986800	0.010300	-0.019700	1.245300	0.458200	0.098700
1627303020.322677	-0.987800	0.012800	-0.022900	1.242300	0.458500	0.102600
1627303020.323205	-0.990600	0.007200	-0.025000	1.244700	0.457000	0.109400
1627303020.330533	-0.985700	0.002300	-0.033900	1.238300	0.456000	0.117300
1627303020.339337	-0.983900	-0.000100	-0.038800	1.228800	0.454500	0.120700
1627303020.343272	-0.981100	-0.000600	-0.047100	1.215400	0.451500	0.124900
1627303020.368383	-0.981000	0.002400	-0.052400	1.204100	0.448100	0.128000
1627303020.369673	-0.987100	0.005200	-0.059100	1.204100	0.441700	0.129200
1627303020.380579	-0.988400	0.004500	-0.061200	1.203800	0.439500	0.126500
1627303020.387106	-0.989600	-0.001800	-0.068700	1.199500	0.435600	0.122800
1627303020.408150	-0.987300	-0.006500	-0.080200	1.191600	0.436800	0.117900
1627303020.409607	-0.984600	-0.014800	-0.083300	1.181200	0.437100	0.111800
1627303020.419305	-0.979500	-0.023400	-0.091100	1.158300	0.434700	0.104500
1627303020.425753	-0.972000	-0.030000	-0.097700	1.130200	0.429500	0.095600
1627303020.445560	-0.965900	-0.028800	-0.107800	1.102700	0.417900	0.087700
1627303020.460296	-0.967000	-0.033000	-0.117100	1.084400	0.405300	0.078500
1627303020.460895	-0.969800	-0.031600	-0.116300	1.069400	0.400100	0.070300
1627303020.468832	-0.972700	-0.034800	-0.114700	1.062700	0.394300	0.062300
1627303020.492612	-0.972700	-0.041400	-0.117100	1.058100	0.388200	0.057400
1627303020.493200	-0.971900	-0.048200	-0.123400	1.044600	0.383300	0.051300
1627303020.500879	-0.966100	-0.054900	-0.131000	1.036100	0.375400	0.048600
1627303020.510635	-0.961500	-0.063700	-0.139000	1.020800	0.364400	0.044900
1627303020.514437	-0.960700	-0.074000	-0.142100	1.008300	0.353700	0.044900
1627303020.535985	-0.964500	-0.088500	-0.142200	0.990300	0.345800	0.048600
1627303020.538515	-0.967300	-0.097900	-0.142600	0.967100	0.341200	0.054400
1627303020.553043	-0.967200	-0.105100	-0.144000	0.946600	0.339700	0.058300
1627303020.557257	-0.967300	-0.112200	-0.144300	0.929200	0.340900	0.066000
1627303020.572027	-0.959400	-0.124800	-0.148700	0.906000	0.341500	0.076700
1627303020.582364	-0.949600	-0.141200	-0.157100	0.870600	0.337800	0.088300
