1627303035.098794	0.060800	-0.668200	-0.774800	-0.870400	0.209900	-0.195500
1627303035.103061	0.051900	-0.645000	-0.779500	-0.721400	0.184200	-0.187200
1627303035.103727	0.057100	-0.645500	-0.814000	-0.470600	0.093800	-0.089500
1627303035.104384	0.056600	-0.775000	-0.852900	-0.286100	-0.053700	-0.030500
1627303035.105050	0.032600	-0.872300	-0.883700	-0.365200	-0.138300	0.032400
1627303035.105654	0.024000	-0.845700	-0.869400	-0.527400	-0.197900	0.068100
1627303035.106227	0.001800	-0.726200	-0.812500	-0.576900	-0.271800	0.064800
1627303035.106798	-0.026200	-0.647300	-0.765300	-0.463300	-0.310000	0.080000
1627303035.107372	-0.051800	-0.602400	-0.732400	-0.290700	-0.305400	0.119100
1627303035.107950	-0.072000	-0.563500	-0.702800	-0.078100	-0.275200	0.155500
1627303035.108505	-0.077100	-0.531100	-0.687700	0.197700	-0.232700	0.183900
1627303035.109009	-0.074100	-0.522900	-0.676100	0.491200	-0.186300	0.194300
1627303035.109515	-0.073700	-0.540600	-0.667100	0.772800	-0.142600	0.208000
1627303035.110018	-0.067600	-0.617600	-0.688100	1.052300	-0.102000	0.282800
1627303035.110529	-0.055400	-0.661400	-0.673200	1.173200	-0.118200	0.278300
1627303035.111061	-0.090900	-0.726100	-0.686200	1.224500	-0.142600	0.279800
1627303035.111539	-0.127900	-0.799300	-0.671500	1.179000	-0.127900	0.388200
1627303035.112005	-0.147900	-0.822500	-0.660600	1.080700	-0.114800	0.468500
1627303035.112456	-0.186500	-0.816400	-0.662800	1.031800	-0.131900	0.502700
1627303035.112866	-0.226800	-0.818500	-0.664800	1.012900	-0.143200	0.540600
1627303035.113322	-0.270100	-0.814100	-0.659400	0.997300	-0.148100	0.600500
1627303035.113733	-0.300400	-0.800500	-0.648100	1.039800	-0.143500	0.670700
1627303035.114146	-0.326700	-0.790500	-0.634800	1.140200	-0.133400	0.762100
1627303035.114603	-0.344700	-0.794600	-0.621000	1.290500	-0.131300	0.862900
1627303035.115018	-0.373200	-0.803300	-0.614700	1.479900	-0.127000	0.973400
1627303035.115518	-0.392900	-0.821800	-0.605300	1.695500	-0.115100	1.086400
1627303035.115960	-0.407500	-0.853100	-0.594400	1.932500	-0.103800	1.204000
1627303035.116368	-0.427700	-0.907500	-0.575300	2.166800	-0.099800	1.322800
1627303035.116775	-0.455600	-0.958100	-0.567400	2.304600	-0.086400	1.412900
1627303035.117225	-0.472800	-1.001100	-0.551100	2.368400	-0.072400	1.506400
1627303035.117634	-0.483600	-1.024900	-0.543200	2.380900	-0.062000	1.597700
1627303035.118086	-0.497300	-1.028100	-0.526200	2.377600	-0.051000	1.675300
1627303035.118498	-0.520300	-1.015900	-0.493500	2.381800	-0.030500	1.744300
1627303035.118906	-0.560200	-1.003100	-0.455000	2.417600	0.010400	1.799600
1627303035.119358	-0.581800	-1.002900	-0.415600	2.475300	0.073000	1.847900
1627303035.119765	-0.578100	-1.016400	-0.376600	2.555300	0.132000	1.893400
1627303035.120174	-0.559800	-1.032200	-0.348000	2.645700	0.177800	1.941600
1627303035.120615	-0.551000	-1.040200	-0.317000	2.733700	0.201300	1.980100
1627303035.121033	-0.557900	-1.026500	-0.286300	2.832300	0.230600	2.004600
1627303035.121442	-0.574700	-1.002000	-0.251500	2.965500	0.259000	2.012800
1627303035.121891	-0.590100	-0.968400	-0.213700	3.179300	0.293200	2.019800
1627303035.122297	-0.590800	-0.936600	-0.180800	3.430400	0.307600	2.022600
1627303035.122740	-0.590700	-0.901600	-0.140700	3.728200	0.296000	2.008500
1627303035.123147	-0.595300	-0.871500	-0.100800	4.091600	0.264500	1.960900
1627303035.123555	-0.590300	-0.846400	-0.062900	4.512500	0.241600	1.921800
1627303035.124006	-0.574200	-0.830900	-0.027700	4.961800	0.179600	1.889400
1627303035.124443	-0.558200	-0.821200	0.014900	5.401600	0.090100	1.853700
1627303035.124851	-0.514000	-0.811500	0.066300	5.865900	-0.051600	1.798400
1627303035.125295	-0.459800	-0.805800	0.125000	6.200400	-0.216800	1.741300
1627303035.125704	-0.401600	-0.810300	0.172700	6.470000	-0.410500	1.679600
1627303035.126116	-0.368400	-0.814900	0.213600	6.639300	-0.626100	1.588900
1627303035.126583	-0.365500	-0.820100	0.271900	6.686900	-0.819700	1.466700
1627303035.127006	-0.361800	-0.831500	0.333500	6.613000	-0.954400	1.333500
1627303035.127437	-0.327500	-0.856100	0.382600	6.398000	-1.047300	1.199100
1627303035.127853	-0.272000	-0.897500	0.450900	5.936500	-1.148100	1.066900
1627303035.128259	-0.229600	-0.949800	0.501600	5.417200	-1.204300	0.960300
1627303035.128699	-0.196800	-0.997700	0.529400	4.732100	-1.253500	0.811200
1627303035.129108	-0.171400	-1.027100	0.539800	3.925800	-1.262600	0.643200
1627303035.129515	-0.186500	-1.082900	0.573700	3.042200	-1.213800	0.510100
1627303035.130061	-0.232400	-1.148600	0.608900	2.107600	-1.096500	0.467600
1627303035.130494	-0.265100	-1.146700	0.649700	1.141800	-0.901600	0.540600
1627303035.130904	-0.245100	-1.049200	0.667700	0.287800	-0.675600	0.660400
1627303035.131359	-0.227700	-0.940300	0.657500	-0.117500	-0.514300	0.711700
1627303035.131778	-0.242900	-0.850300	0.632200	-0.274200	-0.361600	0.704000
1627303035.132293	-0.280500	-0.773300	0.606700	-0.250700	-0.209800	0.667100
1627303035.132859	-0.298000	-0.696000	0.599400	-0.072900	-0.070500	0.670700
1627303035.133416	-0.297900	-0.633400	0.595700	0.228200	0.056500	0.726600
1627303035.133953	-0.284500	-0.582500	0.596100	0.636900	0.181800	0.796600
1627303035.134431	-0.298200	-0.573100	0.606400	1.127400	0.301500	0.851900
1627303035.134871	-0.341800	-0.606900	0.614900	1.486300	0.426700	0.891300
1627303035.135335	-0.390500	-0.667600	0.637100	1.727000	0.584900	0.915700
1627303035.135798	-0.406600	-0.736300	0.676100	1.802700	0.764200	0.931000
1627303035.136256	-0.350000	-0.806300	0.682100	1.700400	1.006700	0.938300
1627303035.136723	-0.217200	-0.882900	0.666000	1.421900	1.254100	0.905300
1627303035.137184	-0.245200	-0.931300	0.628900	1.020800	1.440500	0.893700
1627303035.137648	-0.399800	-0.887500	0.603100	0.634500	1.528400	0.966100
1627303035.138113	-0.520800	-0.736700	0.606400	0.419100	1.550100	1.064400
1627303035.138574	-0.559400	-0.579700	0.624400	0.472600	1.528700	1.131600
1627303035.139035	-0.604600	-0.512000	0.663500	0.701300	1.478300	1.140800
1627303035.139498	-0.666600	-0.576700	0.748300	0.831200	1.417500	1.142600
1627303035.139959	-0.720900	-0.659500	0.794100	0.702900	1.424300	1.168600
1627303035.140421	-0.738500	-0.596400	0.811300	0.361700	1.609700	1.233600
1627303035.140884	-0.709800	-0.489600	0.787800	0.249000	1.805400	1.281300
1627303035.141344	-0.714100	-0.446200	0.730700	0.334800	1.925500	1.280400
1627303035.141806	-0.704300	-0.460800	0.648700	0.447200	2.026600	1.279500
1627303035.142272	-0.678300	-0.495100	0.588400	0.487800	2.115800	1.283400
1627303035.142741	-0.679300	-0.509000	0.548200	0.490300	2.163400	1.325900
1627303035.143206	-0.706300	-0.491200	0.499100	0.463100	2.166800	1.406200
1627303035.143654	-0.721400	-0.410800	0.452000	0.451500	2.133200	1.431000
1627303035.144232	-0.717200	-0.347200	0.466900	0.516900	2.106600	1.407100
1627303035.144684	-0.385400	-0.577900	0.340300	0.509200	2.323500	1.231500
1627303035.145108	-0.796500	-1.005500	-1.180900	-0.311200	1.229400	1.046100
1627303035.145553	-0.537000	-0.400800	0.796900	-2.144100	1.854300	1.018600
1627303035.145977	-0.542200	-0.081300	0.677000	-1.010600	1.573900	1.324400
1627303035.146409	-0.749100	0.037000	0.805500	-0.164900	1.883600	1.381800
1627303035.146939	-0.748500	-0.326200	0.285300	0.696500	1.967300	1.190300
1627303035.147386	-0.711200	-0.386600	0.139600	0.388300	1.914800	1.106600
1627303035.147810	-0.678600	-0.281700	0.116000	0.159500	1.838400	1.124600
1627303035.148253	-0.707300	-0.184300	0.238300	0.213900	1.759900	1.135600
1627303035.148716	-0.769800	-0.160400	0.307000	0.427400	1.703700	1.127100
1627303035.149135	-0.817100	-0.186500	0.224400	0.574300	1.651500	1.062900
1627303035.149581	-0.827900	-0.158000	0.184800	0.606700	1.620700	1.007000
1627303035.150044	-0.840100	-0.141800	0.206900	0.721500	1.594100	1.025300
1627303035.150526	-0.849400	-0.173700	0.181600	0.749600	1.580300	1.072400
1627303035.151042	-0.824700	-0.202300	0.162500	0.682100	1.533000	1.074800
1627303035.151535	-0.818200	-0.213500	0.113500	0.541000	1.428800	1.019200
1627303035.152075	-0.832400	-0.193200	0.070200	0.399000	1.310000	0.942300
1627303035.152738	-0.843000	-0.160200	0.049700	0.337600	1.205000	0.874800
1627303035.153508	-0.859400	-0.164800	0.021700	0.358600	1.089200	0.826200
1627303035.154217	-0.871100	-0.193600	0.002400	0.373300	0.985700	0.809400
1627303035.154763	-0.891500	-0.218400	0.001300	0.363200	0.871100	0.792600
1627303035.155227	-0.903700	-0.251500	0.022000	0.317700	0.776400	0.775800
1627303035.155845	-0.892700	-0.274800	0.036500	0.196500	0.704400	0.778900
1627303035.156719	-0.860400	-0.304200	0.043900	-0.019800	0.657600	0.763300
1627303035.157206	-0.845700	-0.340100	0.043000	-0.362500	0.613600	0.720500
1627303035.157669	-0.857400	-0.327500	0.038700	-0.883500	0.563900	0.667700
1627303035.158095	-0.882300	-0.229400	0.062300	-1.271400	0.505800	0.629800
1627303035.158550	-0.923300	-0.111000	0.108800	-1.368600	0.463400	0.652400
1627303035.158971	-0.955200	-0.033000	0.141700	-1.291000	0.450200	0.703700
1627303035.159484	-0.943700	0.015100	0.172400	-1.107400	0.498200	0.753500
1627303035.159984	-0.873400	0.037500	0.165800	-0.886900	0.561400	0.764500
1627303035.160418	-0.830400	0.035600	0.160200	-0.664900	0.587700	0.727500
1627303035.160867	-0.887000	0.001100	0.124500	-0.424200	0.577000	0.666500
1627303035.161338	-0.938200	-0.003300	0.108200	-0.218300	0.565700	0.632900
1627303035.161759	-0.955600	-0.027300	0.098600	-0.032300	0.584600	0.635300
1627303035.162178	-0.932000	-0.077900	0.109300	0.078000	0.632600	0.649700
1627303035.162627	-0.939900	-0.101100	0.116800	0.105700	0.663700	0.638100
1627303035.163049	-0.970300	-0.097500	0.114500	0.103300	0.691200	0.615500
1627303035.163490	-0.986500	-0.103400	0.088300	0.069700	0.720900	0.588600
1627303035.163994	-0.995200	-0.115700	0.080400	-0.048800	0.741300	0.536000
1627303035.164552	-1.011800	-0.083500	0.058300	-0.159400	0.746500	0.487200
1627303035.165065	-1.005200	-0.058000	0.034300	-0.201800	0.747700	0.435900
1627303035.165487	-1.023700	-0.076200	0.015300	-0.244600	0.742200	0.378700
1627303035.165904	-1.045300	-0.089200	-0.029700	-0.315400	0.721200	0.324700
1627303035.166348	-1.037200	-0.088900	-0.073900	-0.410100	0.673800	0.271500
1627303035.166766	-1.026600	-0.104000	-0.107100	-0.523700	0.601100	0.231800
1627303035.167278	-1.017200	-0.078100	-0.145500	-0.691400	0.501600	0.188800
1627303035.167768	-1.008500	-0.021000	-0.168900	-0.727200	0.382100	0.135900
1627303035.168183	-0.991000	0.000400	-0.171900	-0.685300	0.267000	0.105700
1627303035.168678	-0.997700	-0.004400	-0.158400	-0.648700	0.152400	0.076100
1627303035.169166	-1.012100	0.003800	-0.125400	-0.609300	0.060200	0.037900
1627303035.169591	-1.021100	0.002400	-0.118900	-0.545400	-0.018900	-0.000900
1627303035.170050	-1.025900	-0.040200	-0.107100	-0.489800	-0.093400	-0.050100
1627303035.170462	-1.026900	-0.106400	-0.094200	-0.516400	-0.164900	-0.100200
1627303035.170872	-1.015300	-0.149800	-0.081500	-0.627000	-0.232700	-0.141400
1627303035.171324	-1.013100	-0.146600	-0.049000	-0.763500	-0.305400	-0.155500
1627303035.171737	-1.024400	-0.133200	-0.001200	-0.838300	-0.368600	-0.141700
1627303035.172144	-1.025100	-0.121000	0.026900	-0.886000	-0.390600	-0.115400
1627303035.172610	-1.034700	-0.105100	0.071500	-0.911600	-0.385100	-0.095600
1627303035.173023	-1.052700	-0.099700	0.100100	-0.912900	-0.338400	-0.062600
1627303035.173429	-1.057300	-0.099600	0.125200	-0.901300	-0.272700	-0.032700
1627303035.173898	-1.054900	-0.113500	0.147100	-0.902800	-0.204300	-0.011300
1627303035.174361	-1.048500	-0.120600	0.153600	-0.914400	-0.127600	0.015000
1627303035.174888	-1.045000	-0.119500	0.148400	-0.923900	-0.055900	0.044600
1627303035.175332	-1.035600	-0.110100	0.130600	-0.943100	0.020800	0.084000
1627303035.175745	-1.022200	-0.104000	0.129900	-0.957800	0.085200	0.116100
1627303035.176214	-1.023300	-0.083700	0.142700	-0.960800	0.150600	0.160400
1627303035.176640	-1.034200	-0.065400	0.136600	-0.935800	0.214400	0.195800
1627303035.177055	-1.033900	-0.049000	0.133700	-0.886600	0.275800	0.223300
1627303035.177565	-1.028900	-0.042400	0.127700	-0.844100	0.338100	0.247700
1627303035.177989	-1.023300	-0.029300	0.110400	-0.828600	0.388200	0.257200
1627303035.178413	-1.025500	-0.013400	0.092200	-0.821500	0.428200	0.256000
1627303035.178867	-1.026700	-0.004600	0.087600	-0.819100	0.462500	0.248600
1627303035.179290	-1.019800	0.019500	0.068400	-0.848400	0.506100	0.235500
1627303035.179740	-1.014300	0.034200	0.060400	-0.843500	0.530900	0.221400
1627303035.180161	-1.013100	0.021400	0.053100	-0.820600	0.542800	0.211400
1627303035.180581	-1.014900	0.011100	0.043700	-0.834100	0.551300	0.200700
1627303035.181029	-1.009600	0.024700	0.025600	-0.883200	0.560800	0.177500
1627303035.181449	-0.998700	0.048200	0.008700	-0.928100	0.561700	0.145700
1627303035.181871	-0.998300	0.082800	-0.013800	-0.965400	0.552900	0.111800
1627303035.182320	-0.998400	0.130600	-0.027700	-0.971200	0.542800	0.067500
1627303035.182741	-0.995600	0.138800	-0.025300	-0.927800	0.524800	0.040600
1627303035.183165	-0.995600	0.122600	-0.028900	-0.882000	0.499700	0.023500
1627303035.183615	-0.990500	0.104400	-0.036100	-0.868300	0.479600	0.010100
1627303035.184087	-0.976700	0.111100	-0.058300	-0.883500	0.460600	-0.005500
1627303035.184534	-0.965800	0.124800	-0.069100	-0.866400	0.435900	-0.020500
1627303035.184974	-0.959000	0.139300	-0.078500	-0.834100	0.409000	-0.030800
1627303035.185398	-0.957500	0.158200	-0.088500	-0.788900	0.368700	-0.041800
1627303035.185849	-0.959000	0.161900	-0.097300	-0.733900	0.340600	-0.046700
1627303035.186272	-0.955000	0.140100	-0.101000	-0.689900	0.321300	-0.044300
1627303035.186693	-0.952600	0.114400	-0.102700	-0.693300	0.302100	-0.043400
1627303035.187151	-0.946700	0.103500	-0.107900	-0.724700	0.287400	-0.040600
1627303035.187561	-0.945800	0.100200	-0.110200	-0.771100	0.276100	-0.040300
1627303035.187969	-0.941500	0.116000	-0.118400	-0.820000	0.269400	-0.040000
1627303035.188410	-0.933700	0.135400	-0.131500	-0.833200	0.258400	-0.039100
1627303035.188820	-0.927700	0.146500	-0.136800	-0.827300	0.235800	-0.042800
1627303035.189227	-0.936800	0.156100	-0.131100	-0.810200	0.205300	-0.049800
1627303035.189678	-0.944600	0.178700	-0.125700	-0.787900	0.184200	-0.052500
1627303035.190086	-0.950300	0.199700	-0.115700	-0.732100	0.167100	-0.050400
1627303035.190527	-0.960400	0.200400	-0.123200	-0.653900	0.157000	-0.040300
1627303035.190935	-0.961200	0.179600	-0.135700	-0.593700	0.156700	-0.041800
1627303035.191342	-0.957500	0.152200	-0.139900	-0.569300	0.157600	-0.047600
1627303035.191785	-0.945100	0.142200	-0.163300	-0.573500	0.156400	-0.054400
1627303035.192199	-0.943000	0.148900	-0.171300	-0.591900	0.145400	-0.059600
1627303035.192613	-0.958600	0.161900	-0.165800	-0.591200	0.139300	-0.057100
1627303035.193131	-0.967500	0.184400	-0.154100	-0.569300	0.145100	-0.055300
1627303035.193545	-0.962800	0.209800	-0.150300	-0.529900	0.153100	-0.064100
1627303035.193955	-0.956100	0.206900	-0.154100	-0.442500	0.160400	-0.074200
1627303035.194399	-0.951500	0.175300	-0.158600	-0.393600	0.161300	-0.078200
1627303035.194809	-0.943000	0.152500	-0.169600	-0.400700	0.154600	-0.077900
1627303035.195254	-0.928200	0.160600	-0.171500	-0.437300	0.168900	-0.061700
1627303035.195665	-0.974700	0.189200	-0.182500	-0.441300	0.126200	-0.063500
1627303035.196530	-0.981400	0.215100	-0.197300	-0.402500	0.127400	-0.053800
1627303035.196951	-0.970300	0.233400	-0.195800	-0.351500	0.126200	-0.037900
1627303035.197405	-0.966100	0.227300	-0.200100	-0.268700	0.121000	-0.022000
1627303035.199360	-0.960900	0.207200	-0.200400	-0.218600	0.116100	-0.004900
1627303035.199780	-0.952900	0.199300	-0.205600	-0.199700	0.107800	0.010100
1627303035.200248	-0.953100	0.201700	-0.206800	-0.195400	0.093500	0.024700
1627303035.202447	-0.956700	0.224100	-0.211100	-0.187200	0.073600	0.029300
1627303035.202894	-0.946800	0.243700	-0.201300	-0.135200	0.063300	0.043100
1627303035.203317	-0.933200	0.250400	-0.194800	-0.060100	0.050400	0.070300
1627303035.203736	-0.947400	0.252100	-0.193500	0.018700	0.028700	0.091900
1627303035.204181	-0.969100	0.250400	-0.191200	0.085000	0.015300	0.092900
1627303035.207007	-0.968100	0.242100	-0.187500	0.153400	0.010700	0.096200
1627303035.207446	-0.962000	0.227800	-0.180900	0.204700	0.012600	0.097400
1627303035.207897	-0.969000	0.206400	-0.184300	0.225500	0.004300	0.095600
1627303035.208317	-0.959800	0.189100	-0.191300	0.223600	-0.000900	0.093500
1627303035.210529	-0.946300	0.175800	-0.183700	0.200100	-0.010000	0.097700
1627303035.210955	-0.960400	0.182900	-0.178200	0.165300	-0.023200	0.096500
1627303035.211451	-0.969800	0.195800	-0.167200	0.155500	-0.018000	0.097100
1627303035.211874	-0.971400	0.215900	-0.148100	0.170800	-0.013700	0.091000
1627303035.214518	-0.966400	0.213700	-0.143800	0.231300	-0.004600	0.088600
1627303035.214944	-0.963600	0.186400	-0.158000	0.268800	-0.009100	0.086700
1627303035.215396	-0.946700	0.157700	-0.176000	0.254800	-0.013400	0.090100
1627303035.215818	-0.945600	0.157700	-0.188400	0.190000	-0.040600	0.075100
1627303035.217577	-0.950600	0.184000	-0.185700	0.166500	-0.065000	0.067500
1627303035.217987	-0.952000	0.203100	-0.182300	0.197700	-0.091300	0.074200
1627303035.218393	-0.955300	0.225000	-0.176900	0.266700	-0.111100	0.084000
1627303035.220120	-0.950800	0.221100	-0.168900	0.363200	-0.132500	0.093800
1627303035.220531	-0.953500	0.211700	-0.166300	0.476500	-0.155100	0.090100
1627303035.220961	-0.948000	0.183300	-0.165800	0.551400	-0.171900	0.091600
1627303035.223050	-0.951700	0.172500	-0.157700	0.600900	-0.189900	0.079400
1627303035.223491	-0.960700	0.154400	-0.147800	0.653100	-0.212500	0.073300
1627303035.223899	-0.975000	0.140700	-0.129900	0.685200	-0.229700	0.079700
1627303035.224312	-0.981400	0.105300	-0.131300	0.683600	-0.245800	0.084300
1627303035.224765	-0.976600	0.132700	-0.143100	0.717800	-0.265700	0.137800
1627303035.227371	-0.985500	0.124300	-0.119300	0.816800	-0.251300	0.164600
1627303035.227781	-1.000200	0.102500	-0.135100	0.911800	-0.258700	0.168600
1627303035.228233	-1.004300	0.075300	-0.146900	0.963700	-0.267500	0.154600
1627303035.228642	-1.002800	0.057100	-0.144300	0.943900	-0.281900	0.156400
1627303035.230328	-0.999400	0.049800	-0.142700	0.902000	-0.304200	0.170400
1627303035.230779	-0.994100	0.066200	-0.124600	0.845200	-0.312700	0.176900
1627303035.231186	-0.981700	0.093600	-0.112800	0.827200	-0.312100	0.181400
1627303035.231627	-0.972200	0.125000	-0.107200	0.823500	-0.311500	0.190600
1627303035.233719	-0.968000	0.136100	-0.096600	0.866000	-0.299000	0.214400
1627303035.234170	-0.969600	0.138900	-0.091100	0.879400	-0.282500	0.221700
1627303035.234579	-0.965900	0.162000	-0.070100	0.883100	-0.269400	0.215300
1627303035.236337	-0.966600	0.191900	-0.043100	0.884000	-0.246800	0.201000
1627303035.236747	-0.966800	0.216700	-0.017100	0.920300	-0.211000	0.175300
1627303035.237155	-0.969500	0.227800	0.000000	0.988100	-0.171900	0.138100
1627303035.238919	-0.979900	0.263100	0.008100	1.086500	-0.140800	0.105700
1627303035.239332	-0.991600	0.309000	0.000400	1.422200	-0.129800	0.129200
1627303035.239748	-0.988800	0.236600	-0.013200	1.837600	-0.097100	0.140500
1627303035.240203	-0.972500	0.185200	-0.029500	2.067200	-0.062600	0.128600
1627303035.242494	-1.008500	0.151400	-0.036000	2.188500	-0.059200	0.111800
1627303035.242904	-1.038500	0.093000	-0.030600	2.238300	-0.054000	0.108100
1627303035.243311	-1.060100	0.016200	-0.025600	2.179300	-0.044900	0.115200
1627303035.243764	-1.064900	-0.042000	-0.034200	1.997600	-0.030500	0.121300
1627303035.245860	-1.059000	-0.059400	-0.049100	1.730000	-0.027500	0.115500
1627303035.246311	-1.037400	-0.058200	-0.065600	1.473800	-0.023200	0.107200
1627303035.246721	-1.020000	-0.048600	-0.074300	1.264900	-0.022300	0.088000
1627303035.248451	-1.022100	-0.037500	-0.079700	1.104500	-0.036300	0.057700
1627303035.248864	-1.011000	-0.016100	-0.078700	0.977800	-0.027200	0.038500
1627303035.249274	-1.000600	0.022100	-0.063000	0.897100	-0.021000	0.034200
1627303035.249727	-0.992800	0.060200	-0.049000	0.906000	-0.018900	0.041200
1627303035.251865	-0.984300	0.074100	-0.056000	0.987800	-0.025000	0.050100
1627303035.252299	-0.978600	0.074300	-0.065900	1.066000	-0.036000	0.048600
1627303035.252708	-0.980500	0.064900	-0.076700	1.131700	-0.048500	0.049500
1627303035.253159	-0.981900	0.053100	-0.080700	1.179300	-0.057100	0.057400
1627303035.255401	-0.979100	0.043900	-0.082500	1.214500	-0.071100	0.069300
1627303035.255854	-0.977800	0.032000	-0.080600	1.227900	-0.090100	0.078800
1627303035.256267	-0.974200	0.025600	-0.076900	1.227600	-0.111100	0.089200
1627303035.256722	-0.973800	0.006000	-0.072600	1.219100	-0.132800	0.106900
1627303035.258803	-0.977800	-0.010100	-0.066000	1.186700	-0.138300	0.125800
1627303035.259255	-0.984100	-0.024000	-0.053800	1.124100	-0.133400	0.150300
1627303035.259662	-0.986300	-0.017800	-0.042600	1.047700	-0.121500	0.165600
1627303035.260069	-0.995200	-0.003900	-0.037500	1.000400	-0.113300	0.166800
1627303035.262640	-0.996600	0.013200	-0.040400	0.976800	-0.094000	0.164900
1627303035.263067	-0.993800	0.025900	-0.039900	0.969500	-0.071700	0.163700
1627303035.263475	-0.983600	0.038300	-0.045700	0.984500	-0.050400	0.161900
1627303035.263940	-0.977100	0.035800	-0.050700	1.001600	-0.040300	0.155800
1627303035.266057	-0.983600	0.027500	-0.048800	0.997600	-0.033300	0.148800
1627303035.266465	-0.989400	0.028700	-0.059800	0.974100	-0.025000	0.133800
1627303035.266871	-0.985100	0.033700	-0.065800	0.949000	-0.018600	0.112100
1627303035.267277	-0.988900	0.038000	-0.067300	0.946000	-0.016800	0.095600
1627303035.267684	-0.998700	0.042400	-0.060800	0.938400	-0.007000	0.076100
1627303037.139479	-0.977700	-0.072800	-0.086400	0.778300	-0.047900	-0.005500
1627303037.140382	-1.011200	0.029800	0.006000	0.996100	0.188800	0.007000
1627303037.163759	-1.012000	0.007400	-0.008200	1.040400	0.193100	0.024400
1627303037.167172	-0.998500	-0.002800	-0.017800	1.047100	0.205600	0.033900
1627303037.173823	-0.999800	-0.009000	-0.025800	1.044300	0.194900	0.031500
1627303037.174737	-1.000100	-0.011500	-0.040300	1.039200	0.177800	0.036700
1627303037.198177	-0.991000	-0.019700	-0.045500	1.018700	0.165300	0.051000
1627303037.199095	-0.990800	-0.028800	-0.046600	0.980800	0.155500	0.052800
1627303037.219055	-0.991900	-0.019300	-0.039800	0.940800	0.146600	0.055000
1627303037.226848	-0.990200	-0.012800	-0.027500	0.930400	0.136300	0.058300
1627303037.227760	-0.988600	-0.010600	-0.017600	0.931600	0.128300	0.062300
1627303037.234503	-0.991600	-0.010400	-0.009600	0.937400	0.117900	0.062900
1627303037.254843	-0.986800	0.001200	-0.008900	0.955500	0.108500	0.060500
1627303037.266930	-0.984100	0.008700	-0.010700	0.990600	0.099300	0.055600
1627303037.267837	-0.981600	0.001100	-0.013800	1.029700	0.090700	0.053800
1627303037.277001	-0.972900	-0.009500	-0.018900	1.055600	0.086200	0.048900
1627303037.297829	-0.968300	-0.016600	-0.023400	1.071800	0.080100	0.030500
1627303037.298675	-0.969500	-0.025900	-0.028600	1.081300	0.071200	0.011900
1627303037.308973	-0.977700	-0.031200	-0.032600	1.073400	0.064500	-0.003700
1627303037.320373	-0.986200	-0.033300	-0.026200	1.059600	0.062600	-0.017400
1627303037.333245	-0.996600	-0.029200	-0.017700	1.046200	0.065100	-0.027500
1627303037.337665	-0.996000	-0.025000	-0.014200	1.047700	0.073300	-0.036000
1627303037.347629	-0.984600	-0.034500	-0.013500	1.059300	0.075200	-0.046400
1627303037.350162	-0.979900	-0.046800	-0.015700	1.063300	0.068400	-0.054400
1627303037.372911	-0.976600	-0.049400	-0.019400	1.062400	0.058700	-0.063200
1627303037.376362	-0.981800	-0.059200	-0.023300	1.064200	0.044600	-0.066900
1627303037.385170	-0.984000	-0.060200	-0.020500	1.061800	0.033900	-0.068400
1627303037.391363	-0.989000	-0.056600	-0.018800	1.071200	0.021700	-0.068700
1627303037.415905	-0.989700	-0.050900	-0.017000	1.091400	0.013800	-0.070900
1627303037.416805	-0.991700	-0.059900	-0.013500	1.122500	0.005200	-0.069900
1627303037.419681	-0.993900	-0.079200	-0.009500	1.123100	0.006100	-0.070500
1627303037.435983	-0.991700	-0.090800	-0.002100	1.105400	0.009800	-0.071500
1627303037.455751	-0.994000	-0.096800	0.000100	1.084000	0.011000	-0.073000
1627303037.456678	-0.997300	-0.098900	0.005100	1.063000	0.018100	-0.068400
1627303037.465976	-0.999000	-0.094000	0.006700	1.041300	0.029000	-0.062600
1627303037.475413	-1.004600	-0.091400	0.015600	1.012300	0.043100	-0.060500
1627303037.500489	-0.999300	-0.074300	0.024500	0.973200	0.060800	-0.063500
1627303037.501470	-0.991300	-0.053600	0.027700	0.960300	0.073900	-0.071800
1627303037.505208	-0.983600	-0.047200	0.025800	0.971700	0.085600	-0.077600
1627303037.520281	-0.975200	-0.053200	0.022200	0.989400	0.095600	-0.082800
1627303037.521186	-0.974400	-0.058800	0.015000	0.995800	0.099000	-0.088900
1627303037.544339	-0.972300	-0.057000	0.004600	1.004300	0.102000	-0.099600
1627303037.546384	-0.976200	-0.048100	-0.007100	1.020200	0.100500	-0.109600
1627303037.556252	-0.978500	-0.031400	-0.015500	1.063300	0.102000	-0.113000
1627303037.566805	-0.979000	-0.025900	-0.019200	1.124700	0.101700	-0.107200
1627303037.588907	-0.986100	-0.031500	-0.026600	1.187900	0.099900	-0.095900
1627303037.589807	-0.985400	-0.031000	-0.028900	1.240700	0.099900	-0.081900
1627303037.599950	-0.980600	-0.028300	-0.031600	1.300900	0.099300	-0.068100
1627303037.610291	-0.977500	-0.035000	-0.036900	1.361700	0.094400	-0.052500
1627303037.635784	-0.974000	-0.047700	-0.035400	1.414200	0.081900	-0.037300
1627303037.636784	-0.974000	-0.061200	-0.035500	1.446900	0.063000	-0.023800
1627303037.643826	-0.976900	-0.069700	-0.033100	1.453600	0.047100	-0.011900
1627303037.654031	-0.981300	-0.069500	-0.028400	1.453600	0.033900	-0.002700
1627303037.654932	-0.981100	-0.068200	-0.020800	1.454800	0.025400	0.006100
1627303037.676221	-0.976000	-0.072400	-0.014200	1.451800	0.018400	0.010100
1627303037.684635	-0.976300	-0.078500	-0.008900	1.443800	0.010100	0.016200
1627303037.685545	-0.969100	-0.082500	-0.003200	1.431000	-0.003600	0.020200
1627303037.696708	-0.968600	-0.079500	0.006000	1.420600	-0.020700	0.022600
1627303037.718986	-0.970500	-0.073900	0.014800	1.412400	-0.033900	0.022600
1627303037.724710	-0.972000	-0.062500	0.027100	1.407800	-0.040600	0.024700
1627303037.734406	-0.974200	-0.055700	0.028700	1.414800	-0.043600	0.027200
1627303037.735343	-0.972300	-0.056500	0.033200	1.421200	-0.043000	0.029300
1627303037.738238	-0.973600	-0.053700	0.033600	1.427100	-0.044600	0.030500
1627303037.763891	-0.973600	-0.057500	0.048000	1.427400	-0.050700	0.032100
1627303037.765251	-0.977100	-0.060300	0.054200	1.417300	-0.058300	0.034800
1627303037.780896	-0.980600	-0.043300	0.059200	1.407800	-0.062300	0.034800
1627303037.784865	-0.982500	-0.034100	0.065900	1.420600	-0.065000	0.038500
1627303037.808435	-0.991300	-0.034300	0.077100	1.446600	-0.071100	0.045200
1627303037.809798	-1.003700	-0.040800	0.086700	1.457900	-0.073000	0.050100
1627303037.816351	-1.007600	-0.037400	0.094700	1.470400	-0.071100	0.051300
1627303037.823869	-1.007100	-0.034500	0.097800	1.510100	-0.067500	0.052200
1627303037.844451	-1.005900	-0.041100	0.097300	1.553800	-0.060700	0.052800
1627303037.845285	-1.007400	-0.058200	0.095800	1.589200	-0.059800	0.050700
1627303037.856378	-1.009900	-0.072400	0.097300	1.599900	-0.054000	0.050100
1627303037.867648	-1.009600	-0.085200	0.101100	1.598700	-0.049400	0.041500
1627303037.884229	-1.012300	-0.101700	0.101800	1.579800	-0.049400	0.031800
1627303037.885257	-1.006500	-0.115600	0.107900	1.534300	-0.048500	0.019200
1627303037.896279	-1.002800	-0.110500	0.119300	1.477100	-0.051600	0.011300
1627303037.906613	-1.004300	-0.102800	0.122100	1.453300	-0.052800	0.006700
1627303037.927190	-1.003200	-0.102300	0.130900	1.452100	-0.049800	0.006700
1627303037.928098	-1.007000	-0.110500	0.135600	1.451500	-0.044900	0.003100
1627303037.935302	-1.010600	-0.118800	0.134400	1.446300	-0.032300	0.002400
1627303037.943317	-1.010500	-0.127400	0.138700	1.426400	-0.022300	-0.004300
1627303037.965798	-1.007300	-0.126300	0.140400	1.392800	-0.007300	-0.017400
1627303037.966725	-1.001200	-0.119900	0.139600	1.376000	0.002500	-0.029600
1627303037.980192	-1.001200	-0.132800	0.138100	1.370900	0.008000	-0.033900
1627303037.984552	-1.002900	-0.140500	0.139400	1.341200	0.013800	-0.037300
1627303038.007294	-1.006200	-0.134800	0.135500	1.313100	0.023900	-0.042100
1627303038.008867	-1.009200	-0.130000	0.135000	1.304900	0.039400	-0.044900
1627303038.018727	-1.012600	-0.133200	0.129900	1.304900	0.055300	-0.042800
1627303038.019738	-1.012800	-0.134400	0.128800	1.306700	0.072400	-0.039700
1627303038.042561	-1.007300	-0.138500	0.118000	1.315000	0.085900	-0.032700
1627303038.045029	-1.008200	-0.150300	0.109300	1.323200	0.093200	-0.023800
1627303038.060540	-1.009300	-0.168100	0.102700	1.310400	0.101700	-0.018600
1627303038.067499	-1.005600	-0.177400	0.098400	1.272200	0.106600	-0.015000
1627303038.083283	-1.009600	-0.179800	0.101600	1.236500	0.110000	-0.008500
1627303038.084220	-1.004500	-0.172700	0.098900	1.206200	0.117300	0.005500
1627303038.098416	-1.002800	-0.173000	0.098500	1.197700	0.122500	0.028400
1627303038.110096	-0.998200	-0.180300	0.096900	1.182400	0.118200	0.045800
1627303038.113928	-1.000400	-0.184900	0.095900	1.161900	0.114000	0.059000
1627303038.129371	-0.994900	-0.185500	0.086900	1.137500	0.113700	0.072700
1627303038.133847	-0.987400	-0.191400	0.074100	1.114900	0.115500	0.080300
1627303038.153578	-0.987200	-0.207400	0.063200	1.083400	0.104200	0.078800
1627303038.156335	-0.990400	-0.215800	0.065200	1.028800	0.094100	0.073300
1627303038.171268	-0.990200	-0.204200	0.063800	0.963700	0.085200	0.071200
1627303038.177692	-0.990500	-0.199500	0.064800	0.933500	0.085200	0.072700
1627303038.199141	-0.987500	-0.199600	0.062300	0.910600	0.086500	0.070300
1627303038.200404	-0.986300	-0.201400	0.060400	0.887000	0.086500	0.066900
1627303038.204095	-0.982900	-0.206400	0.054200	0.853100	0.082500	0.064800
1627303038.217609	-0.983300	-0.214000	0.052200	0.818000	0.073300	0.062900
1627303038.239120	-0.983500	-0.210200	0.053200	0.762100	0.064500	0.060200
1627303038.239895	-0.980000	-0.200200	0.054300	0.714800	0.060500	0.055300
1627303038.243857	-0.979600	-0.200800	0.053000	0.698300	0.057500	0.058000
1627303038.258867	-0.982500	-0.206200	0.057100	0.676000	0.052900	0.063500
1627303038.259781	-0.984700	-0.205100	0.061400	0.644200	0.052600	0.064800
1627303038.279987	-0.987200	-0.203100	0.064000	0.621000	0.055000	0.063500
1627303038.283908	-0.988900	-0.212800	0.062000	0.592000	0.055900	0.061700
1627303038.298841	-0.986000	-0.216600	0.058200	0.539200	0.054400	0.057100
1627303038.316994	-0.986200	-0.214000	0.057100	0.485100	0.048600	0.050100
1627303038.318025	-0.983900	-0.206500	0.057000	0.443900	0.050100	0.050100
1627303038.324075	-0.985100	-0.187600	0.050200	0.418200	0.053800	0.055000
1627303038.339174	-0.987100	-0.175900	0.047700	0.423700	0.059900	0.062900
1627303038.359844	-0.991800	-0.182700	0.048200	0.438700	0.063300	0.069000
1627303038.362976	-0.996200	-0.198700	0.047400	0.431600	0.067800	0.078800
1627303038.363641	-0.992600	-0.200600	0.037800	0.394400	0.073900	0.086400
1627303038.373630	-0.992400	-0.202500	0.028200	0.352200	0.076100	0.090700
1627303038.379091	-0.995800	-0.208300	0.027700	0.303100	0.072100	0.096200
1627303038.401664	-0.995800	-0.201400	0.028800	0.239500	0.069400	0.105700
1627303038.404102	-0.993700	-0.179000	0.032600	0.192800	0.069400	0.114500
1627303038.421597	-0.994900	-0.168600	0.028700	0.173200	0.066600	0.121600
1627303038.431334	-0.994600	-0.165800	0.027000	0.150600	0.066000	0.126100
1627303038.444600	-0.993500	-0.160500	0.027300	0.118300	0.065400	0.128300
1627303038.445504	-0.989700	-0.145600	0.029100	0.087700	0.063900	0.126100
1627303038.448306	-0.987900	-0.133400	0.034200	0.081300	0.062300	0.123400
1627303038.473274	-0.986700	-0.128400	0.036000	0.091700	0.059300	0.124300
1627303038.474178	-0.985800	-0.132900	0.034800	0.101500	0.053200	0.129500
1627303038.488947	-0.981800	-0.134000	0.031100	0.100300	0.047700	0.132600
1627303038.495729	-0.984000	-0.136200	0.032500	0.095700	0.039100	0.133200
1627303038.517131	-0.992400	-0.142500	0.035600	0.072800	0.033900	0.130100
1627303038.518144	-0.993200	-0.136600	0.036900	0.046800	0.036700	0.125800
1627303038.525341	-0.994900	-0.146700	0.035600	0.031800	0.033300	0.120300
1627303038.535742	-0.992700	-0.153200	0.033200	-0.005100	0.032400	0.117000
1627303038.559650	-0.989700	-0.143800	0.030200	-0.050600	0.026600	0.113300
1627303038.563259	-0.992200	-0.136500	0.032500	-0.075400	0.023200	0.110900
1627303038.564199	-0.997900	-0.132100	0.034100	-0.093400	0.021700	0.105100
1627303038.576354	-1.003300	-0.128500	0.031400	-0.116300	0.028400	0.098400
1627303038.578191	-1.008100	-0.143700	0.030900	-0.124900	0.029700	0.092200
1627303038.601775	-1.011500	-0.156900	0.034900	-0.162700	0.032400	0.084000
1627303038.604059	-1.006800	-0.153400	0.039400	-0.214000	0.034500	0.070600
1627303038.615189	-1.010400	-0.138100	0.043200	-0.246100	0.041300	0.060200
1627303038.624103	-1.007300	-0.126700	0.038600	-0.257100	0.050100	0.053800
1627303038.644331	-1.003400	-0.125900	0.033300	-0.263200	0.055900	0.053800
1627303038.645166	-1.007900	-0.129500	0.035300	-0.284300	0.063000	0.058000
1627303038.656229	-1.002700	-0.124300	0.035500	-0.306600	0.074300	0.055300
1627303038.668822	-0.993400	-0.121300	0.033300	-0.323100	0.082200	0.053200
1627303038.687114	-0.990000	-0.125200	0.033900	-0.333800	0.092300	0.051000
1627303038.687950	-0.985000	-0.129800	0.036400	-0.358500	0.098100	0.049200
1627303038.697583	-0.975700	-0.122100	0.033400	-0.386300	0.100800	0.044600
1627303038.709071	-0.973500	-0.113800	0.036600	-0.407100	0.095900	0.041500
1627303038.729806	-0.972500	-0.106100	0.032800	-0.417500	0.092000	0.040000
1627303038.730721	-0.974700	-0.104100	0.030800	-0.419300	0.088000	0.037600
1627303038.733855	-0.975300	-0.111500	0.031000	-0.422000	0.084300	0.031200
1627303038.747074	-0.974100	-0.122600	0.034100	-0.439800	0.076400	0.022000
1627303038.761137	-0.977700	-0.122700	0.030800	-0.465100	0.070300	0.017400
1627303038.771371	-0.976300	-0.117200	0.028000	-0.497500	0.066300	0.015900
1627303038.772283	-0.979600	-0.114700	0.029300	-0.512100	0.059600	0.016800
1627303038.790488	-0.983000	-0.118300	0.026900	-0.526800	0.050700	0.016800
1627303038.792582	-0.987400	-0.121200	0.029400	-0.546000	0.043700	0.018300
1627303038.809055	-0.987100	-0.121800	0.024500	-0.572900	0.037300	0.024400
1627303038.831936	-0.987400	-0.121000	0.028600	-0.594600	0.029000	0.034200
1627303038.832778	-0.989100	-0.117900	0.026700	-0.615400	0.023200	0.045800
1627303038.836181	-0.993900	-0.114700	0.024300	-0.640700	0.017700	0.051300
1627303038.851070	-0.999800	-0.096800	0.024400	-0.669700	0.017700	0.062600
1627303038.860196	-1.006800	-0.087200	0.027600	-0.686500	0.019300	0.070900
1627303038.877523	-1.010900	-0.080200	0.036000	-0.699100	0.019600	0.080000
1627303038.879102	-1.008200	-0.065600	0.037800	-0.712200	0.025100	0.090700
1627303038.894083	-1.005000	-0.054800	0.041000	-0.707900	0.029400	0.102300
1627303038.899032	-1.003400	-0.048700	0.038700	-0.697500	0.035800	0.107200
1627303038.921457	-1.000000	-0.047500	0.035600	-0.689600	0.038800	0.100500
1627303038.922595	-0.999800	-0.049200	0.033600	-0.692700	0.044000	0.089200
1627303038.934458	-0.997300	-0.045900	0.030800	-0.694200	0.048600	0.077900
1627303038.935434	-0.996300	-0.047000	0.025600	-0.679800	0.057800	0.064500
1627303038.943286	-0.991100	-0.069800	0.020500	-0.675500	0.063000	0.044000
1627303038.964936	-0.981100	-0.092800	0.013400	-0.705500	0.061400	0.019200
1627303038.973422	-0.971800	-0.101200	0.006000	-0.754000	0.059000	-0.004900
1627303038.974329	-0.963300	-0.095700	-0.003500	-0.795000	0.051300	-0.030200
1627303038.983404	-0.959400	-0.090700	-0.009400	-0.811800	0.038800	-0.053800
1627303039.006269	-0.959700	-0.086900	-0.014000	-0.818500	0.030000	-0.070200
1627303039.012102	-0.953900	-0.083500	-0.017500	-0.804700	0.023200	-0.084900
1627303039.013000	-0.943800	-0.084200	-0.018200	-0.789500	0.017400	-0.093200
1627303039.022679	-0.943700	-0.107900	-0.015700	-0.779100	0.001300	-0.092500
1627303039.027171	-0.944600	-0.120400	-0.016100	-0.802900	-0.018300	-0.086700
1627303039.049964	-0.929700	-0.128900	-0.015000	-0.842900	-0.034500	-0.080000
1627303039.062076	-0.924300	-0.132700	-0.010700	-0.886900	-0.064400	-0.076700
1627303039.062996	-0.909700	-0.125200	-0.002100	-0.912000	-0.086400	-0.068400
1627303039.069449	-0.899200	-0.125100	0.005500	-0.922000	-0.114200	-0.065100
1627303039.087607	-0.895600	-0.124000	0.008800	-0.930000	-0.143800	-0.062900
1627303039.100415	-0.897000	-0.129800	0.010100	-0.927200	-0.164000	-0.063500
1627303039.117236	-0.893400	-0.143300	0.010700	-0.932400	-0.181400	-0.062000
1627303039.118138	-0.893300	-0.158600	0.010900	-0.963900	-0.205200	-0.061400
1627303039.122703	-0.896400	-0.166600	0.010600	-1.012400	-0.233900	-0.059200
1627303039.132573	-0.902700	-0.165500	0.014900	-1.057600	-0.249200	-0.055000
1627303039.136426	-0.905200	-0.161100	0.018900	-1.099200	-0.262900	-0.054400
1627303039.160088	-0.911600	-0.164400	0.025400	-1.135800	-0.277600	-0.053800
1627303039.162195	-0.916000	-0.168900	0.030200	-1.183800	-0.298400	-0.055300
1627303039.175639	-0.917700	-0.166300	0.035400	-1.238200	-0.319500	-0.061400
1627303039.194771	-0.918900	-0.159200	0.040900	-1.296800	-0.346600	-0.067800
1627303039.205968	-0.923000	-0.144000	0.041500	-1.348100	-0.368900	-0.073600
1627303039.206882	-0.931000	-0.130000	0.046400	-1.374700	-0.390300	-0.080300
1627303039.213502	-0.940300	-0.126700	0.056900	-1.390000	-0.405900	-0.087700
1627303039.226428	-0.952600	-0.126800	0.062300	-1.412900	-0.415400	-0.099900
1627303039.233866	-0.968100	-0.128100	0.067400	-1.438200	-0.418100	-0.113600
1627303039.246433	-0.971300	-0.110400	0.072300	-1.484600	-0.403400	-0.127700
1627303039.247345	-0.973500	-0.107500	0.084800	-1.499600	-0.375300	-0.130400
1627303039.271607	-1.013300	-0.103400	0.090800	-1.536900	-0.385400	-0.138400
1627303039.272752	-1.018800	-0.084100	0.094200	-1.576000	-0.379300	-0.129800
1627303039.282567	-1.018800	-0.064700	0.101000	-1.580200	-0.366500	-0.117000
1627303039.292765	-1.031000	-0.054700	0.099100	-1.556100	-0.365900	-0.107200
1627303039.315540	-1.034100	-0.049200	0.108300	-1.520100	-0.357900	-0.093500
1627303039.316380	-1.040300	-0.040800	0.109100	-1.468100	-0.362500	-0.073600
1627303039.325073	-1.045800	-0.040900	0.109900	-1.385100	-0.367400	-0.048300
1627303039.338838	-1.054300	-0.063500	0.105200	-1.337100	-0.378400	-0.028100
1627303039.359144	-1.063200	-0.084100	0.100300	-1.322800	-0.388800	-0.009800
1627303039.360002	-1.069300	-0.092800	0.107900	-1.323700	-0.390600	0.011900
1627303039.362561	-1.074700	-0.087200	0.115200	-1.324000	-0.388500	0.035100
1627303039.377547	-1.073000	-0.089600	0.120100	-1.305300	-0.376600	0.060800
1627303039.380170	-1.078700	-0.112400	0.122400	-1.303200	-0.372600	0.079400
1627303039.398544	-1.079500	-0.129500	0.124000	-1.352400	-0.367700	0.097700
1627303039.401082	-1.068600	-0.126800	0.131300	-1.406100	-0.356100	0.113900
1627303039.416636	-1.063700	-0.116500	0.143900	-1.441300	-0.344500	0.124900
1627303039.436318	-1.059700	-0.106900	0.151000	-1.466900	-0.329800	0.135300
1627303039.437424	-1.057600	-0.094000	0.160300	-1.491400	-0.316100	0.147200
1627303039.450669	-1.052700	-0.079600	0.173300	-1.501400	-0.296800	0.160400
1627303039.451606	-1.046100	-0.064200	0.184900	-1.496900	-0.273000	0.175600
1627303039.458323	-1.038900	-0.055400	0.196400	-1.484600	-0.247100	0.187200
1627303039.483142	-1.035000	-0.050800	0.203000	-1.466900	-0.216800	0.197300
1627303039.484023	-1.025600	-0.047400	0.202000	-1.454100	-0.192100	0.202800
1627303039.494046	-1.015300	-0.045500	0.200000	-1.448300	-0.171900	0.204000
1627303039.502869	-1.012000	-0.044300	0.202100	-1.452600	-0.153900	0.200700
1627303039.527394	-1.010500	-0.032700	0.206200	-1.456500	-0.131300	0.197000
1627303039.528312	-1.007700	-0.018800	0.202600	-1.449500	-0.106300	0.195200
1627303039.531437	-1.003400	-0.016400	0.202500	-1.438200	-0.088200	0.191200
1627303039.541325	-1.001100	-0.014000	0.202000	-1.433000	-0.075700	0.182700
1627303039.553964	-0.998900	-0.007300	0.201400	-1.424500	-0.064700	0.175000
1627303039.572017	-0.997300	-0.012600	0.201400	-1.411900	-0.059800	0.164900
1627303039.572751	-0.991000	-0.017300	0.194700	-1.409200	-0.060100	0.154900
1627303039.582681	-0.988900	-0.017900	0.189200	-1.413800	-0.064400	0.144200
1627303039.592670	-0.987100	-0.015600	0.182700	-1.410700	-0.070500	0.132900
1627303039.615169	-0.986900	-0.019300	0.183500	-1.403400	-0.077500	0.126500
1627303039.616245	-0.986100	-0.021900	0.182900	-1.403700	-0.083700	0.122800
1627303039.621057	-0.987800	-0.021700	0.183100	-1.409500	-0.092800	0.117000
1627303039.633879	-0.991200	-0.019400	0.184900	-1.412900	-0.100200	0.110600
1627303039.634867	-0.992900	-0.020400	0.190700	-1.406100	-0.105300	0.102300
1627303039.658693	-0.989900	-0.022500	0.193000	-1.407400	-0.107500	0.096500
1627303039.661301	-0.981000	-0.017700	0.195600	-1.407100	-0.112100	0.088900
1627303039.676963	-0.975100	-0.011700	0.195800	-1.393600	-0.120600	0.084300
1627303039.678987	-0.979900	-0.015500	0.199600	-1.375300	-0.130100	0.079700
1627303039.701715	-0.983200	-0.013700	0.209100	-1.368300	-0.132800	0.075400
1627303039.702572	-0.987300	-0.002100	0.215600	-1.352400	-0.129200	0.072400
1627303039.712682	-0.989400	-0.003700	0.221200	-1.319400	-0.127300	0.064100
1627303039.723724	-0.993300	-0.014200	0.223600	-1.292500	-0.125800	0.054400
1627303039.745463	-0.993700	-0.025800	0.225600	-1.295000	-0.122100	0.049200
1627303039.746297	-0.994800	-0.022600	0.226400	-1.301700	-0.120000	0.046700
1627303039.758198	-0.990500	-0.021100	0.222000	-1.300500	-0.113600	0.045200
1627303039.774502	-0.993400	-0.029100	0.215500	-1.294700	-0.113000	0.041500
1627303039.775413	-0.998000	-0.035400	0.214400	-1.307800	-0.111100	0.039100
1627303039.785170	-1.009200	-0.036700	0.214000	-1.326400	-0.106900	0.039700
1627303039.794201	-1.017300	-0.032600	0.218400	-1.347800	-0.097400	0.045500
1627303039.820710	-1.018300	-0.027100	0.219400	-1.364000	-0.085200	0.051300
1627303039.821596	-1.021100	-0.021400	0.219000	-1.374400	-0.078800	0.057400
1627303039.824224	-1.023200	-0.017600	0.214500	-1.380500	-0.068400	0.062600
1627303039.831341	-1.023600	-0.010900	0.215900	-1.376200	-0.057400	0.064800
1627303039.840271	-1.026100	-0.012300	0.214800	-1.367700	-0.049400	0.063800
1627303039.861349	-1.030900	-0.007600	0.212300	-1.363700	-0.036300	0.057400
1627303039.862470	-1.033800	0.006600	0.213100	-1.345400	-0.015500	0.044900
1627303039.877771	-1.034500	0.011700	0.209700	-1.308700	0.008900	0.036400
1627303039.880148	-1.036900	0.011400	0.208100	-1.268100	0.031200	0.031500
1627303039.900514	-1.037700	0.008900	0.201900	-1.233600	0.055600	0.028700
1627303039.901500	-1.031200	0.006000	0.197100	-1.205200	0.077300	0.023800
1627303039.909519	-1.026400	-0.001500	0.188600	-1.185600	0.093500	0.018000
1627303039.931211	-1.022600	-0.009800	0.185800	-1.186200	0.106300	0.011600
1627303039.939227	-1.019000	-0.012500	0.183300	-1.191100	0.122200	0.008300
1627303039.939839	-1.016100	-0.011100	0.177400	-1.190500	0.135600	0.007600
1627303039.953295	-1.015300	-0.012600	0.167200	-1.183200	0.145700	0.004900
1627303039.973679	-1.014200	-0.016500	0.158200	-1.179800	0.157900	0.004600
1627303039.984581	-1.014300	-0.012700	0.150800	-1.183500	0.174100	0.005200
1627303039.985483	-1.010600	-0.000100	0.144300	-1.173700	0.190000	0.009200
1627303039.990836	-1.004900	0.003900	0.138400	-1.148100	0.204100	0.014400
1627303040.011323	-0.999300	-0.002400	0.128900	-1.117200	0.212000	0.021400
1627303040.020710	-0.992100	-0.003100	0.121200	-1.105900	0.216300	0.024700
1627303040.033871	-0.983300	-0.000400	0.114000	-1.091900	0.215400	0.023800
1627303040.034895	-0.979900	0.007200	0.105000	-1.072600	0.214400	0.022900
1627303040.055216	-0.977800	0.011500	0.099700	-1.043000	0.213200	0.024700
1627303040.056173	-0.976800	0.017300	0.093300	-1.011200	0.211700	0.026300
1627303040.071560	-0.977200	0.024400	0.086100	-0.963600	0.208600	0.028400
1627303040.073852	-0.980800	0.024300	0.073200	-0.914400	0.203100	0.028100
1627303040.091367	-0.978000	0.018200	0.069100	-0.888700	0.201000	0.025700
1627303040.092277	-0.972500	0.015900	0.064500	-0.870700	0.195200	0.020200
1627303040.113152	-0.975000	0.019300	0.054900	-0.858800	0.190000	0.014400
1627303040.113984	-0.977300	0.022600	0.048800	-0.842900	0.183000	0.010100
1627303040.118835	-0.973100	0.021100	0.045000	-0.820300	0.176300	0.007600
1627303040.131513	-0.976300	0.018300	0.042000	-0.799200	0.166800	0.005800
1627303040.132432	-0.976700	0.023600	0.036300	-0.774800	0.158200	0.004300
1627303040.157946	-0.976100	0.029900	0.032800	-0.748500	0.151500	0.004300
1627303040.160148	-0.979100	0.030400	0.026900	-0.714600	0.144200	0.004300
1627303040.175151	-0.978500	0.025500	0.026700	-0.698100	0.135300	0.000600
1627303040.177947	-0.975200	0.026400	0.022300	-0.685900	0.123400	-0.002700
1627303040.200442	-0.976300	0.019300	0.022800	-0.674000	0.113300	-0.001500
1627303040.201300	-0.975800	0.025900	0.019900	-0.669700	0.106600	0.000600
1627303040.211296	-0.972700	0.036900	0.014800	-0.656600	0.101700	0.001800
1627303040.222899	-0.972200	0.046400	0.011500	-0.629100	0.096900	-0.002700
1627303040.245092	-0.976800	0.048100	0.009800	-0.590900	0.099300	-0.005500
1627303040.246144	-0.968800	0.052500	0.011000	-0.552800	0.106300	-0.004000
1627303040.248700	-0.965900	0.054200	0.008700	-0.501500	0.109100	-0.005500
1627303040.264081	-0.962300	0.043700	0.007600	-0.452300	0.106000	-0.005200
1627303040.266436	-0.960100	0.037500	0.007600	-0.421400	0.100500	-0.007000
1627303040.289231	-0.960700	0.041100	0.010600	-0.401300	0.094400	-0.009200
1627303040.290031	-0.958000	0.048800	0.012000	-0.377800	0.090100	-0.005200
1627303040.300326	-0.957000	0.056000	0.010600	-0.336200	0.087400	0.004000
1627303040.302838	-0.958300	0.059400	0.003100	-0.285200	0.084600	0.012200
1627303040.327005	-0.957400	0.053800	-0.004400	-0.237900	0.084300	0.016200
1627303040.330161	-0.953100	0.049900	-0.006600	-0.199700	0.081000	0.020500
1627303040.340175	-0.953400	0.046000	-0.009900	-0.152600	0.074600	0.030900
1627303040.347864	-0.953700	0.040500	-0.014600	-0.118100	0.069400	0.041500
1627303040.370191	-0.952100	0.036400	-0.015500	-0.099800	0.064200	0.050700
1627303040.371202	-0.952000	0.036900	-0.017100	-0.087300	0.055600	0.058600
1627303040.387090	-0.952900	0.041900	-0.017900	-0.070200	0.048900	0.065700
1627303040.391437	-0.949500	0.047600	-0.019400	-0.046700	0.042200	0.073600
1627303040.413064	-0.946200	0.052900	-0.021400	-0.013100	0.031800	0.083400
1627303040.413889	-0.949100	0.056500	-0.026100	0.034300	0.017700	0.093500
1627303040.418832	-0.947500	0.059300	-0.027600	0.065700	0.004000	0.094700
1627303040.425136	-0.947300	0.059300	-0.026500	0.101500	-0.010000	0.094100
1627303040.442542	-0.950300	0.064200	-0.027300	0.133800	-0.020100	0.093800
1627303040.459738	-0.949300	0.070300	-0.024200	0.174500	-0.030200	0.091000
1627303040.460653	-0.948100	0.069500	-0.022900	0.218800	-0.043600	0.085500
1627303040.470307	-0.945700	0.068700	-0.021600	0.260000	-0.055600	0.079100
1627303040.479517	-0.946300	0.069100	-0.017100	0.307300	-0.073900	0.071800
1627303040.503593	-0.950600	0.066200	-0.014500	0.336700	-0.086100	0.070900
1627303040.504503	-0.945200	0.066500	-0.010000	0.366000	-0.100500	0.064100
1627303040.508976	-0.942600	0.067500	-0.005400	0.391600	-0.114800	0.052200
1627303040.513300	-0.934600	0.074000	-0.002300	0.423700	-0.125200	0.045800
1627303040.536239	-0.936500	0.073500	0.003700	0.464300	-0.145400	0.029600
1627303040.551854	-0.947300	0.077400	0.000000	0.511400	-0.165500	0.004300
1627303040.557753	-0.945300	0.085400	0.002800	0.558700	-0.179000	-0.013400
1627303040.581024	-0.946000	0.085200	0.001100	0.608800	-0.193900	-0.030800
1627303040.581938	-0.951500	0.079700	0.009300	0.648200	-0.204000	-0.050400
1627303040.582770	-0.955900	0.073900	0.021400	0.678400	-0.215000	-0.068100
1627303040.592572	-0.952400	0.069600	0.032700	0.701300	-0.224800	-0.087000
1627303040.604072	-0.948400	0.075300	0.039800	0.731300	-0.237600	-0.108400
1627303040.626889	-0.947100	0.075200	0.047500	0.790200	-0.261700	-0.136800
1627303040.627791	-0.952400	0.068100	0.053600	0.847300	-0.281900	-0.162200
1627303040.631375	-0.967900	0.050200	0.059000	0.891900	-0.294400	-0.187500
1627303040.646437	-0.984500	0.029700	0.071200	0.913600	-0.295900	-0.204900
1627303040.648928	-0.992400	0.020400	0.075200	0.920000	-0.291400	-0.219900
1627303040.672956	-0.996300	0.011200	0.081500	0.928000	-0.291400	-0.234600
1627303040.673801	-1.002000	-0.010500	0.082800	0.927100	-0.289200	-0.244300
1627303040.683760	-1.008300	-0.021200	0.091600	0.890400	-0.280400	-0.247400
1627303040.693861	-1.011100	-0.015100	0.095500	0.871200	-0.270900	-0.241900
1627303040.716459	-1.014400	-0.010700	0.104700	0.874200	-0.260800	-0.230000
1627303040.717655	-1.023400	-0.006100	0.111900	0.892800	-0.250700	-0.217500
1627303040.729203	-1.032600	-0.008700	0.115500	0.921600	-0.240300	-0.205900
1627303040.729740	-1.044300	-0.011400	0.117600	0.948100	-0.225700	-0.192100
1627303040.738057	-1.049100	-0.017000	0.121900	0.967100	-0.200600	-0.182300
1627303040.759217	-1.053600	-0.016500	0.121200	0.984800	-0.166400	-0.172300
1627303040.760047	-1.055500	-0.017000	0.130500	0.997000	-0.141700	-0.161300
1627303040.768150	-1.056900	-0.010500	0.135000	1.008600	-0.120900	-0.149000
1627303040.787528	-1.058000	0.006100	0.132400	1.018700	-0.105600	-0.139600
1627303040.798483	-1.064600	0.017700	0.127800	1.048000	-0.088200	-0.128900
1627303040.799385	-1.065800	0.026500	0.132300	1.083100	-0.068700	-0.116700
1627303040.804590	-1.069500	0.031500	0.136400	1.123800	-0.053100	-0.107200
1627303040.824222	-1.067500	0.033700	0.146100	1.169300	-0.036900	-0.099900
1627303040.834041	-1.067700	0.037000	0.153800	1.217200	-0.027200	-0.097100
1627303040.852475	-1.067900	0.033000	0.156200	1.270100	-0.012500	-0.096500
1627303040.860889	-1.059700	0.027100	0.157000	1.324700	0.004000	-0.098300
1627303040.861787	-1.049300	0.014300	0.157500	1.379100	0.011600	-0.106300
1627303040.870161	-1.039700	0.007200	0.159500	1.422500	0.020800	-0.114200
1627303040.872026	-1.031000	0.003100	0.157500	1.478700	0.030600	-0.118800
1627303040.897197	-1.023800	-0.007800	0.161000	1.537000	0.037900	-0.122800
1627303040.898108	-1.023200	-0.022000	0.164300	1.571800	0.041900	-0.121600
1627303040.909279	-1.020000	-0.036600	0.173600	1.585600	0.046200	-0.123700
1627303040.912299	-1.016400	-0.047500	0.180200	1.587400	0.052600	-0.127400
1627303040.936725	-1.007900	-0.057100	0.186200	1.585000	0.059300	-0.131300
1627303040.937555	-1.004500	-0.063100	0.189100	1.581000	0.064800	-0.138700
1627303040.948934	-0.997800	-0.068200	0.194200	1.578900	0.078500	-0.150300
1627303040.957618	-0.992700	-0.067700	0.194900	1.581600	0.090100	-0.159400
1627303040.975043	-0.991700	-0.073700	0.199200	1.597200	0.102400	-0.164900
1627303040.990868	-0.985000	-0.080900	0.200400	1.605700	0.116100	-0.170100
1627303040.995108	-0.982900	-0.090200	0.202500	1.609400	0.127400	-0.179600
1627303041.016728	-0.983400	-0.099400	0.204800	1.609400	0.137500	-0.186000
1627303041.017847	-0.978100	-0.106900	0.206100	1.598400	0.145700	-0.193600
1627303041.029573	-0.977100	-0.115200	0.201000	1.582200	0.145400	-0.212000
1627303041.030483	-0.981800	-0.124300	0.195800	1.574600	0.140500	-0.228800
1627303041.037038	-0.992400	-0.127000	0.186400	1.571200	0.143900	-0.243700
1627303041.060009	-1.001800	-0.136700	0.177500	1.571200	0.154000	-0.259900
1627303041.061232	-1.010000	-0.150500	0.171800	1.563900	0.167700	-0.266000
1627303041.076740	-1.014600	-0.157800	0.168800	1.538800	0.178700	-0.268200
1627303041.080189	-1.013400	-0.161400	0.174600	1.505500	0.186300	-0.262100
1627303041.097116	-1.013700	-0.163000	0.178300	1.453900	0.185400	-0.247400
1627303041.098031	-1.006700	-0.158100	0.184200	1.395900	0.179600	-0.226300
1627303041.109818	-1.003100	-0.140400	0.197100	1.336600	0.167400	-0.192700
1627303041.133666	-1.002700	-0.111600	0.209600	1.311900	0.150300	-0.148700
1627303041.136980	-1.004000	-0.090100	0.225200	1.343100	0.138400	-0.101700
1627303041.137894	-1.010500	-0.085000	0.237400	1.402900	0.133200	-0.055000
1627303041.147855	-1.010700	-0.084700	0.246800	1.482000	0.133500	-0.012200
1627303041.154513	-1.009600	-0.099400	0.251700	1.570600	0.139900	0.022000
1627303041.178793	-1.007100	-0.111700	0.251100	1.625600	0.152100	0.046100
1627303041.179791	-1.005200	-0.120800	0.252700	1.666500	0.169200	0.069300
1627303041.189899	-0.998500	-0.127400	0.254600	1.704400	0.185100	0.094400
1627303041.199915	-0.995100	-0.129900	0.251600	1.738000	0.197000	0.123100
1627303041.224477	-1.002400	-0.131500	0.243000	1.779200	0.217200	0.143900
1627303041.225319	-1.005400	-0.155600	0.241000	1.818300	0.249900	0.165200
1627303041.230094	-1.006600	-0.189800	0.235600	1.808200	0.277700	0.186900
1627303041.245131	-1.002800	-0.212200	0.224600	1.738000	0.298700	0.201300
1627303041.246044	-0.994100	-0.217900	0.216900	1.640500	0.314300	0.209800
1627303041.268814	-0.995800	-0.215500	0.208300	1.546800	0.320700	0.216900
1627303041.276990	-0.997100	-0.213400	0.199600	1.464300	0.329300	0.227600
1627303041.277890	-0.997400	-0.203500	0.201400	1.397700	0.333600	0.248300
1627303041.289366	-1.000000	-0.197300	0.186600	1.349200	0.334800	0.272100
1627303041.311378	-1.002100	-0.197100	0.176000	1.308500	0.330200	0.287400
1627303041.317022	-1.008900	-0.208700	0.172700	1.252600	0.323500	0.283400
1627303041.317919	-1.015000	-0.220200	0.174600	1.168000	0.319500	0.266600
1627303041.327814	-1.015500	-0.231900	0.170200	1.069400	0.325600	0.244700
1627303041.332028	-1.010400	-0.232700	0.163200	0.944500	0.331100	0.228500
1627303041.356882	-1.003200	-0.214400	0.155500	0.813400	0.343000	0.214700
1627303041.371980	-1.002400	-0.176400	0.147700	0.690000	0.358300	0.197600
1627303041.372941	-1.011700	-0.133500	0.140700	0.624700	0.374800	0.181700
1627303041.374595	-1.012600	-0.111200	0.143100	0.614300	0.389500	0.159100
1627303041.397948	-1.012600	-0.111200	0.143100	0.614300	0.389500	0.159100
1627303041.399225	-1.010900	-0.101200	0.145900	0.628000	0.400100	0.135600
1627303041.408876	-1.003200	-0.089800	0.139400	0.653100	0.412700	0.124000
1627303041.420252	-0.997900	-0.078500	0.130400	0.694600	0.426400	0.120000
1627303041.441772	-1.002400	-0.064300	0.129300	0.742900	0.438600	0.116700
1627303041.442452	-1.004400	-0.047000	0.125700	0.814400	0.451800	0.117000
1627303041.446339	-1.010100	-0.048100	0.118400	0.872400	0.461800	0.115500
1627303041.450085	-1.015900	-0.066500	0.106800	0.908400	0.476500	0.112700
1627303041.472941	-1.016100	-0.086200	0.091600	0.898700	0.485100	0.106600
1627303041.476468	-1.012100	-0.095500	0.078200	0.857700	0.493000	0.096200
1627303041.489559	-1.012000	-0.107200	0.068200	0.804000	0.491800	0.088900
1627303041.511144	-1.015400	-0.099400	0.063000	0.733100	0.489900	0.091000
1627303041.512050	-1.015900	-0.072600	0.048300	0.665600	0.498500	0.096500
1627303041.516071	-1.017600	-0.059300	0.041900	0.650900	0.504600	0.102900
1627303041.526547	-1.022300	-0.059700	0.036500	0.644500	0.512900	0.110000
1627303041.532641	-1.021200	-0.061400	0.027600	0.635400	0.522900	0.113000
1627303041.555496	-1.010600	-0.066000	0.015400	0.626500	0.530900	0.116700
1627303041.556328	-0.996200	-0.069200	0.005500	0.602100	0.533600	0.121600
1627303041.566575	-0.985000	-0.065200	-0.008900	0.574900	0.529700	0.127400
1627303041.570414	-0.986700	-0.044900	-0.017800	0.548900	0.524200	0.135900
1627303041.597180	-0.994100	-0.038900	-0.019300	0.554100	0.522900	0.151500
1627303041.598090	-0.991800	-0.032000	-0.019000	0.569400	0.514100	0.170100
1627303041.609087	-0.986600	-0.036400	-0.024900	0.590200	0.505200	0.185100
1627303041.610991	-0.977400	-0.041900	-0.032500	0.603900	0.499100	0.195200
1627303041.634499	-0.964700	-0.039200	-0.039400	0.603900	0.486600	0.199100
1627303041.637693	-0.959100	-0.027300	-0.048200	0.608200	0.466400	0.207700
1627303041.646348	-0.962000	-0.019800	-0.057500	0.633500	0.445000	0.215000
1627303041.656202	-0.964700	-0.020000	-0.061400	0.659200	0.429500	0.225400
1627303041.678772	-0.965500	-0.029400	-0.064100	0.673900	0.416600	0.233100
1627303041.680411	-0.971900	-0.039400	-0.069200	0.665300	0.406600	0.239800
1627303041.695862	-0.969700	-0.044800	-0.078500	0.647000	0.400100	0.244000
1627303041.700450	-0.960800	-0.047600	-0.085700	0.629000	0.396200	0.247700
1627303041.720724	-0.947900	-0.046300	-0.095200	0.607900	0.384300	0.257200
1627303041.721834	-0.941700	-0.028000	-0.098000	0.620700	0.361100	0.264800
1627303041.726416	-0.930500	-0.052900	-0.101200	0.643300	0.343000	0.265100
1627303041.738928	-0.922500	-0.059100	-0.098000	0.592300	0.323800	0.275200
1627303041.739831	-0.921600	-0.048500	-0.093500	0.560200	0.305200	0.272100
1627303041.763762	-0.918500	-0.042400	-0.093900	0.552900	0.288100	0.271800
1627303041.766334	-0.910900	-0.049000	-0.101200	0.548300	0.270000	0.268800
1627303041.785170	-0.899400	-0.057500	-0.113900	0.524500	0.245000	0.259600
1627303041.795824	-0.890500	-0.060200	-0.115700	0.489400	0.218100	0.248300
1627303041.796730	-0.885500	-0.050800	-0.124800	0.455800	0.192800	0.239500
1627303041.807794	-0.887200	-0.042200	-0.123200	0.442000	0.168900	0.231500
1627303041.815722	-0.893100	-0.040200	-0.125100	0.439600	0.148800	0.228200
1627303041.838560	-0.903400	-0.037700	-0.124400	0.429500	0.126800	0.222100
1627303041.839470	-0.909400	-0.036600	-0.122900	0.419700	0.108500	0.211100
1627303041.846420	-0.905600	-0.031000	-0.124600	0.416100	0.087100	0.194600
1627303041.859628	-0.904300	-0.031400	-0.131500	0.425500	0.065100	0.177200
1627303041.884216	-0.911000	-0.038300	-0.139000	0.433200	0.043400	0.155500
1627303041.885138	-0.917600	-0.043800	-0.145000	0.427400	0.026000	0.132000
1627303041.886246	-0.924400	-0.045300	-0.150500	0.413900	0.010700	0.108400
1627303041.901808	-0.926600	-0.046600	-0.156000	0.396800	-0.000900	0.088300
1627303041.906851	-0.933600	-0.050700	-0.157500	0.371500	-0.013100	0.067200
1627303041.925867	-0.941400	-0.053600	-0.155600	0.336700	-0.027200	0.046400
1627303041.926795	-0.947400	-0.052900	-0.151600	0.298800	-0.037800	0.031500
1627303041.935899	-0.953200	-0.051500	-0.150300	0.265200	-0.045800	0.017700
1627303041.956264	-0.953100	-0.049200	-0.145300	0.233700	-0.055600	0.003400
1627303041.968161	-0.947300	-0.044100	-0.141000	0.206800	-0.065000	-0.005200
1627303041.969165	-0.941900	-0.035300	-0.137700	0.195200	-0.079100	-0.007900
1627303041.974517	-0.937700	-0.036300	-0.135700	0.207500	-0.098300	-0.005500
1627303041.995942	-0.935100	-0.042600	-0.132900	0.216300	-0.119400	-0.004600
1627303042.010491	-0.931300	-0.045400	-0.130400	0.224600	-0.139200	-0.002700
1627303042.011417	-0.929400	-0.052500	-0.127400	0.227900	-0.162800	-0.000600
1627303042.028060	-0.931000	-0.062400	-0.122600	0.226100	-0.186000	0.003400
1627303042.028893	-0.936900	-0.068100	-0.118700	0.220300	-0.206100	0.005500
1627303042.036321	-0.932900	-0.079500	-0.113600	0.211100	-0.222600	0.002400
1627303042.047744	-0.927500	-0.091600	-0.113900	0.189700	-0.236700	-0.002700
1627303042.072142	-0.929600	-0.104500	-0.110100	0.148500	-0.251300	-0.014000
1627303042.073108	-0.936800	-0.108000	-0.110500	0.100300	-0.266600	-0.027500
1627303042.076476	-0.943500	-0.105600	-0.108900	0.044400	-0.278200	-0.045800
1627303042.085201	-0.950700	-0.106800	-0.103500	-0.008500	-0.289800	-0.062900
1627303042.091467	-0.953400	-0.098600	-0.102200	-0.050600	-0.288300	-0.081900
1627303042.110903	-0.957600	-0.100300	-0.094400	-0.094600	-0.290400	-0.106000
1627303042.116570	-0.959700	-0.105200	-0.085300	-0.155100	-0.292600	-0.131000
1627303042.125783	-0.957300	-0.101900	-0.080900	-0.214300	-0.297500	-0.156700
1627303042.143871	-0.954100	-0.102800	-0.075000	-0.259500	-0.301700	-0.179000
1627303042.153960	-0.948700	-0.095900	-0.072000	-0.303800	-0.304500	-0.197600
1627303042.155050	-0.944900	-0.080900	-0.068000	-0.334700	-0.310000	-0.214400
1627303042.182087	-0.943200	-0.072600	-0.061200	-0.340800	-0.317600	-0.224200
1627303042.183010	-0.939100	-0.068800	-0.058100	-0.332200	-0.317000	-0.223300
1627303042.185204	-0.927700	-0.070700	-0.051100	-0.309900	-0.300200	-0.208300
1627303042.197106	-0.944100	-0.082300	-0.049000	-0.304400	-0.301100	-0.212600
1627303042.221912	-0.945600	-0.096200	-0.046600	-0.313300	-0.293800	-0.210400
1627303042.222704	-0.940100	-0.106800	-0.047400	-0.355500	-0.295300	-0.200400
1627303042.226374	-0.921900	-0.106400	-0.042500	-0.399700	-0.288000	-0.188100
1627303042.237745	-0.905600	-0.109700	-0.033900	-0.448000	-0.289800	-0.182600
1627303042.238647	-0.901700	-0.099600	-0.028100	-0.493200	-0.303900	-0.175300
1627303042.264232	-0.900000	-0.090200	-0.022700	-0.534100	-0.314300	-0.161000
1627303042.265067	-0.900800	-0.081300	-0.013100	-0.564700	-0.325300	-0.146600
1627303042.276293	-0.907600	-0.067900	0.000900	-0.592800	-0.341700	-0.130100
1627303042.282852	-0.891700	-0.046000	0.001300	-0.598000	-0.332000	-0.104500
1627303042.306347	-0.917600	-0.041500	0.016800	-0.593400	-0.380500	-0.108100
1627303042.307507	-0.939300	-0.048200	0.011700	-0.581800	-0.420900	-0.104800
1627303042.322704	-0.934600	-0.057100	0.016400	-0.588200	-0.459300	-0.106600
1627303042.327390	-0.924300	-0.061300	0.028800	-0.622400	-0.494200	-0.121600
1627303042.350487	-0.946800	-0.045900	0.036600	-0.650500	-0.530800	-0.149700
1627303042.351342	-0.968600	-0.044800	0.035000	-0.656600	-0.563800	-0.162500
1627303042.355043	-0.994900	-0.042600	0.036400	-0.657200	-0.592500	-0.163700
1627303042.368872	-1.021100	-0.044800	0.040600	-0.656900	-0.611100	-0.158200
1627303042.369769	-1.039900	-0.058800	0.044900	-0.668200	-0.617600	-0.154200
1627303042.394232	-1.046000	-0.079700	0.059700	-0.707000	-0.613000	-0.158200
1627303042.395210	-1.047200	-0.097700	0.067900	-0.763500	-0.614500	-0.166800
1627303042.406172	-1.048200	-0.105800	0.079100	-0.820900	-0.620900	-0.168000
1627303042.414225	-1.050500	-0.107700	0.087200	-0.861900	-0.619700	-0.162500
1627303042.436799	-1.066200	-0.107500	0.093400	-0.894200	-0.610800	-0.154800
1627303042.437822	-1.084400	-0.114100	0.106000	-0.919900	-0.588200	-0.146000
1627303042.444989	-1.110200	-0.126000	0.120100	-0.952300	-0.557100	-0.141700
1627303042.455448	-1.123400	-0.140100	0.140500	-1.006900	-0.503000	-0.144500
1627303042.474573	-1.111000	-0.156600	0.155300	-1.069900	-0.454800	-0.147500
1627303042.475493	-1.090900	-0.161000	0.167200	-1.142200	-0.417200	-0.138700
1627303042.480841	-1.068700	-0.157800	0.162000	-1.195700	-0.390300	-0.119100
1627303042.503003	-1.058600	-0.151700	0.164600	-1.240300	-0.366200	-0.093200
1627303042.505322	-1.070900	-0.146500	0.149700	-1.261100	-0.332000	-0.066000
1627303042.510766	-1.092700	-0.141500	0.148300	-1.276300	-0.277300	-0.040300
1627303042.534591	-1.099400	-0.139800	0.144000	-1.294000	-0.196700	0.003100
1627303042.535600	-1.083100	-0.134400	0.144500	-1.314500	-0.135600	0.048900
1627303042.546125	-1.059000	-0.116100	0.146200	-1.328300	-0.106900	0.099900
1627303042.553190	-1.046000	-0.097400	0.141600	-1.320600	-0.096200	0.152700
1627303042.574450	-1.029400	-0.084500	0.141200	-1.296200	-0.087900	0.183600
1627303042.575172	-1.025400	-0.073500	0.139200	-1.256800	-0.092800	0.205000
1627303042.590025	-1.033200	-0.075000	0.141200	-1.222600	-0.109900	0.218100
1627303042.592184	-1.033900	-0.068200	0.140600	-1.202100	-0.125500	0.227900
1627303042.615182	-1.034100	-0.062900	0.144900	-1.185600	-0.143500	0.230600
1627303042.624640	-1.033700	-0.060500	0.144000	-1.175500	-0.159400	0.237300
1627303042.625544	-1.032000	-0.052600	0.143300	-1.174300	-0.178600	0.247700
1627303042.636053	-1.035500	-0.045200	0.140000	-1.172200	-0.190300	0.256300
1627303042.659235	-1.040000	-0.044900	0.139600	-1.170000	-0.200900	0.259600
1627303042.661459	-1.041900	-0.054200	0.143600	-1.186500	-0.207400	0.261800
1627303042.665093	-1.040300	-0.053000	0.144000	-1.226500	-0.207700	0.259600
1627303042.678943	-1.041600	-0.047500	0.149000	-1.251000	-0.205800	0.254700
1627303042.679854	-1.047400	-0.043900	0.153700	-1.274500	-0.197300	0.247100
1627303042.702000	-1.045800	-0.043300	0.161000	-1.295300	-0.183800	0.237300
1627303042.705354	-1.044600	-0.045900	0.166500	-1.316300	-0.168600	0.225700
1627303042.709601	-1.037500	-0.049700	0.168600	-1.338900	-0.146900	0.214400
1627303042.734568	-1.035900	-0.043200	0.170500	-1.365500	-0.126100	0.195500
1627303042.735571	-1.036300	-0.037500	0.173100	-1.381100	-0.096800	0.173800
1627303042.745201	-1.027000	-0.032800	0.180500	-1.386600	-0.070200	0.150600
1627303042.752035	-1.023800	-0.027200	0.183500	-1.386000	-0.051300	0.124000
1627303042.771209	-1.026500	-0.019800	0.186900	-1.380500	-0.030500	0.098400
1627303042.783204	-1.018700	-0.014600	0.185200	-1.371300	-0.001500	0.078800
1627303042.783887	-1.015100	-0.008500	0.181500	-1.354800	0.019900	0.058600
1627303042.789081	-1.014900	-0.016500	0.180900	-1.343800	0.039700	0.041200
1627303042.811447	-1.013300	-0.014200	0.183300	-1.350900	0.057100	0.026600
1627303042.824005	-1.010400	-0.005500	0.180200	-1.350900	0.072100	0.021400
1627303042.824929	-1.005200	-0.004600	0.173600	-1.337100	0.078200	0.023200
1627303042.843178	-1.007200	-0.014500	0.168900	-1.331300	0.084600	0.027200
1627303042.844012	-1.005500	-0.016200	0.164200	-1.342000	0.088300	0.029000
1627303042.853250	-1.001000	-0.013500	0.159800	-1.344800	0.084000	0.033300
1627303042.876536	-1.003900	-0.013200	0.148100	-1.344400	0.077000	0.045800
1627303042.877565	-1.013400	-0.012800	0.144800	-1.341400	0.073900	0.060800
1627303042.892828	-1.020900	-0.012000	0.140300	-1.339600	0.074300	0.077600
1627303042.897961	-1.025000	-0.010400	0.139900	-1.339300	0.081300	0.095600
1627303042.920739	-1.022300	-0.000100	0.139900	-1.336200	0.081900	0.110300
1627303042.921853	-1.025500	0.007100	0.140600	-1.314800	0.081600	0.124900
1627303042.925112	-1.020600	0.000100	0.142300	-1.288900	0.079100	0.141100
1627303042.940661	-1.014900	0.003700	0.142900	-1.269600	0.071500	0.151200
1627303042.942664	-1.012200	0.013700	0.147600	-1.246400	0.062000	0.154200
1627303042.965486	-1.016400	0.014400	0.150400	-1.216500	0.053500	0.153900
1627303042.966317	-1.024800	0.011800	0.152600	-1.194500	0.048300	0.151500
1627303042.976323	-1.035400	0.012900	0.155900	-1.184400	0.052600	0.146000
1627303042.986364	-1.042600	0.020300	0.160600	-1.177700	0.062000	0.134400
1627303043.003262	-1.037200	0.026900	0.160900	-1.167000	0.075200	0.123700
1627303043.004211	-1.033400	0.022100	0.163000	-1.160900	0.084000	0.122200
1627303043.016506	-1.027300	0.028900	0.160800	-1.170000	0.090100	0.121300
1627303043.025232	-1.021400	0.045000	0.156900	-1.167900	0.093800	0.116100
1627303043.046726	-1.028900	0.053100	0.155800	-1.147700	0.093800	0.109700
1627303043.047878	-1.038900	0.051900	0.157300	-1.127000	0.098100	0.102000
1627303043.057637	-1.047000	0.049000	0.162000	-1.114500	0.106900	0.094100
1627303043.067661	-1.051400	0.050300	0.159800	-1.105900	0.117600	0.080900
1627303043.090456	-1.056900	0.047700	0.153200	-1.103500	0.131700	0.064500
1627303043.091637	-1.057400	0.050000	0.148300	-1.110800	0.143600	0.052800
1627303043.094174	-1.059200	0.060100	0.142800	-1.117200	0.154300	0.039100
1627303043.108731	-1.061500	0.073200	0.139500	-1.110200	0.165600	0.028400
1627303043.131678	-1.066400	0.076400	0.139900	-1.083900	0.176300	0.016500
1627303043.132834	-1.065800	0.070900	0.138900	-1.055500	0.190900	0.003700
1627303043.133867	-1.047600	0.071800	0.133700	-1.011500	0.202500	-0.006400
1627303043.149875	-1.041700	0.058100	0.126100	-0.970900	0.208300	-0.018900
1627303043.170131	-1.043100	0.050300	0.120000	-0.951700	0.208300	-0.029300
1627303043.171250	-1.054800	0.048200	0.115400	-0.944900	0.214400	-0.032400
1627303043.183398	-1.062100	0.048000	0.111600	-0.944600	0.231900	-0.033900
1627303043.184310	-1.062100	0.045300	0.106000	-0.948000	0.246200	-0.037900
1627303043.190820	-1.060800	0.038500	0.097300	-0.963300	0.260900	-0.039100
1627303043.213242	-1.053600	0.043300	0.089500	-0.994400	0.284400	-0.040600
1627303043.213934	-1.048100	0.054100	0.090300	-1.009400	0.305500	-0.034500
1627303043.224112	-1.045200	0.071000	0.091800	-1.006300	0.316200	-0.026600
1627303043.231616	-1.051900	0.088900	0.090000	-0.973000	0.317700	-0.026000
1627303043.254494	-1.017500	0.092000	0.090200	-0.920800	0.358300	0.009500
1627303043.255371	-1.011700	0.088300	0.095500	-0.886900	0.371400	0.029000
1627303043.265300	-1.001500	0.089200	0.087600	-0.847200	0.389800	0.042200
1627303043.275932	-0.983400	0.095200	0.077300	-0.789200	0.401100	0.052800
1627303043.291715	-0.975000	0.094100	0.070100	-0.739400	0.405000	0.058600
1627303043.303583	-0.976000	0.092700	0.062400	-0.691100	0.403500	0.057400
1627303043.306573	-0.976900	0.085400	0.056800	-0.649000	0.405600	0.058000
1627303043.307515	-0.978000	0.072900	0.048100	-0.625200	0.411800	0.054100
1627303043.330465	-0.982800	0.073600	0.039300	-0.616900	0.411100	0.045800
1627303043.334026	-0.977200	0.067700	0.034300	-0.614800	0.419100	0.033900
1627303043.344124	-0.964500	0.068700	0.029200	-0.623300	0.420900	0.024700
1627303043.351471	-0.955400	0.074100	0.025800	-0.627600	0.424900	0.019600
1627303043.373997	-0.947400	0.089000	0.019300	-0.627600	0.426400	0.017100
1627303043.375015	-0.943600	0.097300	0.009500	-0.596100	0.424600	0.012500
1627303043.390263	-0.941500	0.103100	0.001700	-0.558900	0.421800	0.007900
1627303043.395528	-0.945300	0.103800	-0.006100	-0.511800	0.419100	0.001200
1627303043.418122	-0.945400	0.099600	-0.010900	-0.473400	0.419100	-0.007000
1627303043.419279	-0.938100	0.101300	-0.016200	-0.438500	0.413300	-0.022600
1627303043.422554	-0.931300	0.097500	-0.022600	-0.405500	0.400800	-0.038800
1627303043.438245	-0.930200	0.092800	-0.033400	-0.385100	0.387600	-0.051900
1627303043.445226	-0.930300	0.094400	-0.036400	-0.365200	0.376600	-0.062300
1627303043.462387	-0.932300	0.090700	-0.042700	-0.339600	0.365000	-0.074500
1627303043.463830	-0.941800	0.088400	-0.049000	-0.318500	0.354900	-0.081900
1627303043.482702	-0.948700	0.086300	-0.051100	-0.294100	0.352200	-0.088600
1627303043.499662	-0.946300	0.085700	-0.058100	-0.267800	0.347300	-0.089200
1627303043.500570	-0.941700	0.082500	-0.067000	-0.244900	0.339400	-0.082500
1627303043.502695	-0.941000	0.079100	-0.073700	-0.222600	0.330200	-0.076000
1627303043.513340	-0.942700	0.078900	-0.080400	-0.203300	0.325300	-0.068100
1627303043.533354	-0.934300	0.090700	-0.085200	-0.176500	0.314900	-0.061100
1627303043.534257	-0.929300	0.090000	-0.085700	-0.131300	0.297200	-0.050100
1627303043.545192	-0.928200	0.077600	-0.089500	-0.082400	0.279200	-0.037000
1627303043.550752	-0.930100	0.070300	-0.090700	-0.056400	0.262400	-0.024700
1627303043.573275	-0.928700	0.068800	-0.094500	-0.041800	0.251100	-0.020800
1627303043.574106	-0.923600	0.070100	-0.096600	-0.025000	0.242200	-0.015600
1627303043.583849	-0.921100	0.071800	-0.100100	-0.003600	0.227900	-0.010700
1627303043.595046	-0.916400	0.074000	-0.107800	0.015600	0.216300	-0.001500
1627303043.616950	-0.914300	0.071400	-0.110400	0.034900	0.198600	0.004000
1627303043.617862	-0.909200	0.075900	-0.118200	0.056900	0.181500	0.008900
1627303043.625132	-0.904900	0.075200	-0.118800	0.082200	0.165900	0.010100
1627303043.637741	-0.898600	0.073400	-0.122900	0.103900	0.148500	0.012200
1627303043.660727	-0.893400	0.077000	-0.124300	0.120400	0.126500	0.018600
1627303043.661638	-0.893300	0.082800	-0.124000	0.150300	0.101400	0.027800
1627303043.663888	-0.892300	0.078400	-0.120200	0.190700	0.075500	0.039100
1627303043.679050	-0.885300	0.071500	-0.117600	0.223300	0.048300	0.051600
1627303043.682525	-0.876200	0.070900	-0.118000	0.271600	0.017400	0.059000
1627303043.702755	-0.872600	0.072300	-0.116300	0.327500	-0.010700	0.061700
1627303043.704016	-0.871900	0.066200	-0.122900	0.387400	-0.040600	0.062300
1627303043.719129	-0.869400	0.055200	-0.126100	0.438400	-0.068400	0.061700
1627303043.725198	-0.871100	0.041000	-0.125000	0.476200	-0.094700	0.059600
1627303043.746818	-0.875000	0.026600	-0.127100	0.501300	-0.118200	0.054700
1627303043.747653	-0.876100	0.011400	-0.129300	0.507400	-0.140800	0.044300
1627303043.755075	-0.873000	0.002200	-0.128100	0.489400	-0.167700	0.024400
1627303043.767806	-0.874900	0.003900	-0.120400	0.473800	-0.191800	0.007900
1627303043.788082	-0.871100	0.006800	-0.112300	0.467100	-0.217700	-0.009500
1627303043.789169	-0.873800	0.009600	-0.104000	0.469800	-0.246800	-0.027800
1627303043.792837	-0.878300	0.013200	-0.098000	0.483000	-0.277000	-0.055000
1627303043.806751	-0.885300	0.010400	-0.091800	0.508000	-0.307200	-0.082800
1627303043.807662	-0.889000	-0.000200	-0.088000	0.541300	-0.334400	-0.114800
1627303043.827744	-0.893700	-0.016500	-0.083400	0.558400	-0.362800	-0.151200
1627303043.842100	-0.900600	-0.024300	-0.081700	0.551400	-0.388500	-0.189100
1627303043.855157	-0.907000	-0.026400	-0.078700	0.542200	-0.409200	-0.223600
1627303043.865933	-0.918100	-0.028000	-0.074500	0.530300	-0.429700	-0.248000
1627303043.876537	-0.926600	-0.022600	-0.072000	0.512900	-0.441600	-0.258100
1627303043.877482	-0.926900	-0.012200	-0.061500	0.506800	-0.453500	-0.263300
1627303043.898746	-0.935300	-0.016500	-0.043900	0.513200	-0.474600	-0.259600
1627303043.900326	-0.936300	-0.019300	-0.028600	0.508600	-0.494500	-0.256900
1627303043.913154	-0.939300	-0.014300	-0.015700	0.510400	-0.511300	-0.257200
1627303043.913866	-0.941300	-0.008200	-0.006200	0.519300	-0.525000	-0.253200
1627303043.920694	-0.944800	-0.003200	0.004000	0.528800	-0.529300	-0.244300
1627303043.945874	-0.949200	0.006100	0.010400	0.556300	-0.525300	-0.235500
1627303043.946777	-0.951800	0.003900	0.017900	0.592300	-0.516100	-0.235500
1627303043.954089	-0.953900	-0.001300	0.021000	0.636300	-0.507600	-0.234600
1627303043.962655	-0.959100	-0.004300	0.027800	0.667400	-0.506400	-0.236700
1627303043.966535	-0.961300	-0.006700	0.034500	0.697100	-0.500600	-0.233700
1627303043.988811	-0.969500	-0.015600	0.042400	0.722400	-0.501800	-0.233000
1627303043.992906	-0.987400	-0.024200	0.046100	0.734000	-0.499700	-0.241000
1627303044.004480	-0.993700	-0.033400	0.047500	0.734900	-0.490800	-0.247400
1627303044.011719	-0.996800	-0.037600	0.049000	0.727300	-0.482600	-0.257800
1627303044.035356	-1.002100	-0.038000	0.053300	0.723300	-0.472500	-0.269700
1627303044.036140	-0.998000	-0.031000	0.054400	0.733100	-0.454800	-0.266600
1627303044.044002	-1.007900	-0.023800	0.054100	0.761500	-0.452000	-0.270600
1627303044.055218	-1.017100	-0.032000	0.054800	0.799100	-0.455400	-0.276400
1627303044.056132	-1.017100	-0.045400	0.055900	0.823800	-0.452300	-0.276700
1627303044.078733	-1.017100	-0.055800	0.062700	0.826900	-0.449900	-0.277300
1627303044.093831	-1.028600	-0.063800	0.071700	0.827200	-0.455100	-0.284000
1627303044.094754	-1.031700	-0.061800	0.080700	0.831200	-0.454500	-0.284700
1627303044.099884	-1.027000	-0.067600	0.087600	0.840900	-0.452900	-0.277000
1627303044.121200	-1.028300	-0.071400	0.094700	0.853400	-0.453500	-0.265100
1627303044.130510	-1.031900	-0.073600	0.100300	0.857400	-0.453500	-0.256600
1627303044.130958	-1.027600	-0.069500	0.106300	0.868100	-0.450200	-0.242200
1627303044.144582	-1.029800	-0.066800	0.113900	0.887700	-0.453800	-0.232400
1627303044.164269	-1.035300	-0.071300	0.124100	0.917600	-0.454800	-0.226900
1627303044.165125	-1.039700	-0.082000	0.141700	0.954500	-0.452900	-0.219900
1627303044.172004	-1.046000	-0.094000	0.156200	0.979900	-0.445900	-0.212000
1627303044.193688	-1.057500	-0.101300	0.166600	1.001000	-0.430900	-0.205200
1627303044.194604	-1.059700	-0.109600	0.182100	1.026000	-0.408000	-0.201600
1627303044.202287	-1.062000	-0.123900	0.192400	1.042500	-0.384800	-0.197600
1627303044.224272	-1.062700	-0.135500	0.204000	1.049500	-0.358500	-0.195500
1627303044.226445	-1.065800	-0.145800	0.210300	1.036700	-0.326800	-0.191800
1627303044.234052	-1.070600	-0.144700	0.214100	1.021700	-0.289200	-0.189100
1627303044.245224	-1.076700	-0.149800	0.222300	1.017200	-0.254700	-0.190300
1627303044.268092	-1.077900	-0.157300	0.225200	1.010100	-0.219600	-0.191200
1627303044.269040	-1.079300	-0.160000	0.231400	0.992400	-0.186000	-0.191500
1627303044.271413	-1.078100	-0.160400	0.233200	0.972900	-0.148400	-0.190900
1627303044.286498	-1.074100	-0.153200	0.233400	0.952400	-0.114500	-0.187800
1627303044.288980	-1.067400	-0.140400	0.235500	0.941700	-0.073300	-0.172900
1627303044.313191	-1.060300	-0.126800	0.232800	0.954500	-0.037500	-0.157000
1627303044.314253	-1.057700	-0.120700	0.235000	0.978400	-0.008200	-0.140200
1627303044.321474	-1.054800	-0.122600	0.230000	1.002800	0.016500	-0.122800
1627303044.332869	-1.054700	-0.121000	0.229100	1.016500	0.040300	-0.110900
1627303044.333796	-1.053300	-0.118700	0.230700	1.024800	0.063600	-0.099300
1627303044.356473	-1.046800	-0.109100	0.229200	1.034300	0.086200	-0.089200
1627303044.366480	-1.031900	-0.105100	0.230000	1.051700	0.108200	-0.078500
1627303044.376463	-1.025600	-0.103300	0.222400	1.060200	0.124000	-0.072100
1627303044.377369	-1.023100	-0.100300	0.219000	1.054700	0.136600	-0.068700
1627303044.402804	-1.015900	-0.096400	0.218000	1.047700	0.147900	-0.069600
1627303044.404044	-1.012600	-0.092000	0.219700	1.031800	0.155500	-0.071800
1627303044.419478	-1.009800	-0.086300	0.219200	1.019300	0.163100	-0.081200
1627303044.421317	-1.004000	-0.079600	0.220900	1.011400	0.169500	-0.094400
1627303044.442401	-0.998200	-0.066800	0.222800	1.014700	0.180200	-0.111500
1627303044.444036	-0.997700	-0.058600	0.218000	1.035200	0.189100	-0.127400
1627303044.451409	-0.997300	-0.052700	0.219000	1.064500	0.204400	-0.143900
1627303044.461482	-0.997900	-0.051000	0.219600	1.099000	0.214100	-0.161300
1627303044.484229	-0.998500	-0.051600	0.218300	1.139600	0.225100	-0.177800
1627303044.485142	-0.997400	-0.055900	0.219800	1.182700	0.235800	-0.195500
1627303044.506481	-0.995000	-0.071000	0.215200	1.225800	0.247100	-0.215000
1627303044.513710	-0.988200	-0.089000	0.215000	1.247500	0.255100	-0.232700
1627303044.514626	-0.980800	-0.095100	0.211500	1.248400	0.254200	-0.249800
1627303044.519617	-0.979900	-0.092800	0.207000	1.249900	0.251400	-0.261400
1627303044.541287	-0.980500	-0.094000	0.206500	1.260000	0.251700	-0.261400
1627303044.542974	-0.986100	-0.095900	0.211100	1.273700	0.250800	-0.251100
1627303044.558229	-0.982700	-0.102500	0.213400	1.286600	0.250500	-0.237900
1627303044.561437	-0.984400	-0.110400	0.215100	1.300000	0.242500	-0.224500
1627303044.584271	-0.981800	-0.120200	0.213100	1.313100	0.238600	-0.211700
1627303044.585117	-0.978100	-0.129500	0.216800	1.318600	0.226400	-0.199400
1627303044.595331	-0.979700	-0.135700	0.218100	1.325000	0.214400	-0.186000
1627303044.605439	-0.988300	-0.136000	0.220700	1.327200	0.204100	-0.168300
1627303044.620823	-1.001700	-0.130600	0.217500	1.340900	0.204400	-0.149700
1627303044.621892	-1.007200	-0.132200	0.221600	1.358900	0.208300	-0.130100
1627303044.631605	-1.013100	-0.137200	0.224400	1.370900	0.215700	-0.111200
1627303044.637005	-1.006800	-0.143400	0.222900	1.372100	0.226700	-0.095600
1627303044.657975	-1.000600	-0.149200	0.221100	1.361100	0.234000	-0.088300
1627303044.660042	-0.995000	-0.144500	0.219800	1.337300	0.238300	-0.078200
1627303044.675151	-0.990100	-0.125100	0.218600	1.317400	0.243200	-0.071200
1627303044.679042	-0.991700	-0.105200	0.223100	1.327800	0.245900	-0.063800
1627303044.703363	-0.995200	-0.097300	0.222700	1.354700	0.254800	-0.054700
1627303044.704256	-0.998000	-0.090600	0.221900	1.382500	0.266700	-0.049200
1627303044.710349	-1.001000	-0.096900	0.220800	1.402600	0.277700	-0.050700
1627303044.720738	-1.000100	-0.106200	0.217200	1.399600	0.286500	-0.055300
1627303044.745867	-0.994900	-0.108500	0.215700	1.380300	0.292600	-0.064700
1627303044.746778	-0.983500	-0.103400	0.214400	1.362600	0.290800	-0.078800
1627303044.750210	-0.977100	-0.106400	0.209800	1.349500	0.282900	-0.096500
1627303044.761435	-0.975000	-0.111000	0.202500	1.331100	0.272500	-0.114200
1627303044.766410	-0.977300	-0.108900	0.197000	1.299100	0.264500	-0.135000
1627303044.788904	-0.977300	-0.109100	0.196900	1.281400	0.255400	-0.152400
1627303044.791325	-0.976300	-0.110200	0.198000	1.265200	0.243500	-0.169800
1627303044.806998	-0.991100	-0.118400	0.199200	1.250200	0.227900	-0.193000
1627303044.820181	-0.999000	-0.134500	0.200200	1.228200	0.219600	-0.222000
1627303044.830092	-1.005100	-0.153700	0.201500	1.189400	0.210500	-0.259000
1627303044.831180	-1.017200	-0.158700	0.194800	1.132600	0.213500	-0.300200
1627303044.846932	-1.027600	-0.157600	0.189900	1.061100	0.221800	-0.337200
1627303044.859946	-1.045300	-0.147800	0.177500	1.026000	0.247400	-0.353700
1627303044.872020	-1.038900	-0.150600	0.187500	0.983300	0.267900	-0.371700
1627303044.872936	-1.044600	-0.156200	0.188500	0.946600	0.274600	-0.374800
1627303044.878385	-1.044700	-0.153300	0.184100	0.908400	0.291100	-0.371700
1627303044.898991	-1.047400	-0.142700	0.181400	0.903500	0.317700	-0.376600
1627303044.912058	-1.044800	-0.153100	0.176300	0.922800	0.352200	-0.379300
1627303044.912766	-1.034200	-0.168500	0.180500	0.932600	0.390400	-0.379300
1627303044.919319	-1.024800	-0.175300	0.179300	0.943600	0.417300	-0.373800
1627303044.945475	-1.016700	-0.181500	0.171800	0.958200	0.435900	-0.359200
1627303044.949580	-1.014300	-0.191300	0.163900	0.977100	0.449000	-0.347600
1627303044.950484	-1.012200	-0.202500	0.160200	0.988400	0.465800	-0.335100
1627303044.966184	-1.004300	-0.216200	0.154500	0.995200	0.480800	-0.322200
1627303044.989062	-0.997100	-0.234100	0.145300	1.004900	0.502200	-0.305700
1627303044.990087	-0.994100	-0.253500	0.135600	1.001300	0.522000	-0.286500
1627303044.992811	-0.991500	-0.273200	0.128400	0.980500	0.541600	-0.263300
1627303045.007768	-0.980700	-0.284700	0.123900	0.940800	0.554700	-0.237900
1627303045.010426	-0.966700	-0.293300	0.117100	0.899300	0.560800	-0.212000
1627303045.032793	-0.964800	-0.303100	0.105200	0.852500	0.565700	-0.176200
1627303045.033672	-0.955600	-0.308200	0.095700	0.792700	0.576400	-0.142000
1627303045.041262	-0.939300	-0.300800	0.083100	0.734900	0.580700	-0.098600
1627303045.052764	-0.937700	-0.297900	0.068200	0.690000	0.581000	-0.057100
1627303045.053665	-0.938200	-0.284500	0.061400	0.650900	0.580000	-0.018600
1627303045.080193	-0.934800	-0.278300	0.057500	0.629300	0.575200	0.010400
1627303045.081208	-0.928700	-0.274900	0.053000	0.611500	0.566900	0.038800
1627303045.096694	-0.918300	-0.264300	0.047400	0.585300	0.556200	0.061100
