1627303109.222634	0.558000	-0.676300	0.456100	-0.128100	-0.092700	-0.061200
1627303109.226056	0.545000	-0.670000	0.450400	-0.079800	-0.110400	-0.060900
1627303109.226686	0.539300	-0.675800	0.446500	-0.059400	-0.094500	-0.069700
1627303109.227313	0.539300	-0.675800	0.446500	-0.059400	-0.094500	-0.069700
1627303109.319340	-0.190200	-0.000600	0.948600	-0.050200	-0.075300	-0.410000
1627303109.319788	-0.189600	0.004300	0.948100	-0.046900	-0.084100	-0.418500
1627303109.321535	-0.196900	0.004900	0.947400	-0.045000	-0.092100	-0.425600
1627303109.322013	-0.199600	0.006700	0.949700	-0.035600	-0.098500	-0.434100
1627303109.322471	-0.199100	0.008200	0.953200	-0.028500	-0.098500	-0.437500
1627303109.324155	-0.197400	0.006700	0.957500	-0.018800	-0.092700	-0.436000
1627303109.324600	-0.198100	0.003700	0.964600	-0.001300	-0.091100	-0.438400
1627303109.325002	-0.199000	0.002700	0.971200	0.013900	-0.089300	-0.439600
1627303109.325403	-0.194700	0.001000	0.969600	0.025800	-0.086600	-0.435600
1627303109.327490	-0.196000	-0.000600	0.967400	0.038400	-0.091100	-0.436600
1627303109.327933	-0.200000	-0.004800	0.967900	0.043900	-0.091700	-0.439600
1627303109.328333	-0.203100	-0.008900	0.970600	0.049100	-0.091400	-0.441500
1627303109.328734	-0.203700	-0.012600	0.971700	0.053300	-0.081400	-0.444800
1627303109.330867	-0.198000	-0.012900	0.975200	0.052400	-0.075600	-0.445100
1627303109.331343	-0.203200	-0.013500	0.977900	0.046900	-0.069100	-0.449700
1627303109.331787	-0.208400	-0.012700	0.981300	0.040800	-0.055700	-0.459500
1627303109.332188	-0.205900	-0.012900	0.980000	0.041100	-0.036200	-0.465000
1627303109.332657	-0.203700	-0.015600	0.976900	0.037800	-0.029100	-0.465600
1627303109.334734	-0.208700	-0.017000	0.979600	0.033500	-0.020600	-0.470800
1627303109.335177	-0.206700	-0.019200	0.976800	0.031900	-0.005900	-0.474700
1627303109.335577	-0.198500	-0.018800	0.977200	0.028000	0.006300	-0.477200
1627303109.337659	-0.195200	-0.018700	0.972800	0.017900	0.006300	-0.483900
1627303109.338060	-0.195600	-0.016600	0.970700	0.007800	-0.002300	-0.494600
1627303109.338496	-0.198100	-0.017200	0.964700	-0.002900	-0.001600	-0.503100
1627303109.339300	-0.192300	-0.017600	0.959500	-0.009900	-0.003200	-0.506800
1627303109.339749	-0.185400	-0.017500	0.955300	-0.020300	-0.007100	-0.510800
1627303109.340153	-0.181300	-0.017000	0.957400	-0.017200	-0.011100	-0.519600
1627303109.342738	-0.178100	-0.017800	0.958100	-0.010500	-0.013200	-0.530000
1627303109.343174	-0.180200	-0.018600	0.958000	-0.004100	-0.020300	-0.549000
1627303109.343575	-0.184200	-0.019700	0.960900	-0.000700	-0.023600	-0.566100
1627303109.343977	-0.191800	-0.023600	0.961800	0.002300	-0.027900	-0.578000
1627303109.346076	-0.198200	-0.026200	0.962000	0.001700	-0.031600	-0.593900
1627303109.346502	-0.196200	-0.031200	0.961500	0.000800	-0.032200	-0.603000
1627303109.346925	-0.196000	-0.034200	0.959200	-0.002000	-0.032200	-0.611300
1627303109.348580	-0.202300	-0.038500	0.963400	-0.008400	-0.028200	-0.618600
1627303109.349026	-0.206900	-0.040600	0.966100	-0.012300	-0.024200	-0.622300
1627303109.349430	-0.204700	-0.044600	0.963400	-0.015400	-0.013200	-0.620700
1627303109.349833	-0.196000	-0.046600	0.961700	-0.015100	-0.005900	-0.619800
1627303109.351540	-0.193400	-0.050200	0.964200	-0.006200	-0.005600	-0.624700
1627303109.351942	-0.195700	-0.055400	0.963400	-0.000400	-0.001900	-0.628700
1627303109.352390	-0.192900	-0.060200	0.958500	-0.000100	0.005700	-0.621400
1627303109.354448	-0.183800	-0.064300	0.957300	-0.002900	0.009000	-0.616500
1627303109.354896	-0.183100	-0.064000	0.956900	-0.003800	0.009000	-0.618600
1627303109.355301	-0.184600	-0.070600	0.958400	0.003200	0.013600	-0.616200
1627303109.355704	-0.178500	-0.074800	0.955900	0.017000	0.019100	-0.602700
1627303109.357916	-0.171600	-0.080300	0.951400	0.030700	0.019100	-0.590500
1627303109.358366	-0.166100	-0.083000	0.945300	0.043600	0.012100	-0.581000
1627303109.358776	-0.162600	-0.087200	0.941800	0.053300	0.002600	-0.571300
1627303109.359188	-0.163200	-0.092500	0.941700	0.057300	-0.003500	-0.559700
1627303109.361362	-0.160000	-0.102200	0.944300	0.066800	-0.009600	-0.541600
1627303109.361804	-0.153700	-0.110000	0.940900	0.075300	-0.012900	-0.514400
1627303109.362202	-0.144400	-0.115100	0.940800	0.084200	-0.023000	-0.489400
1627303109.362599	-0.136400	-0.118200	0.938500	0.092400	-0.036500	-0.468300
1627303109.364687	-0.129900	-0.121600	0.937900	0.101300	-0.049000	-0.444800
1627303109.365083	-0.126600	-0.123500	0.938100	0.111700	-0.051700	-0.421900
1627303109.365527	-0.121300	-0.127100	0.940300	0.130600	-0.055700	-0.393200
1627303109.367186	-0.115600	-0.136100	0.939300	0.150800	-0.064300	-0.354100
1627303109.367632	-0.115100	-0.144400	0.940400	0.159900	-0.066700	-0.320800
1627303109.368037	-0.117900	-0.155300	0.944700	0.167300	-0.072500	-0.291500
1627303109.368485	-0.118800	-0.162500	0.946300	0.170300	-0.088400	-0.250900
1627303109.370696	-0.122900	-0.167500	0.941700	0.167300	-0.103000	-0.209600
1627303109.371095	-0.121100	-0.167100	0.940800	0.149800	-0.105800	-0.167500
1627303109.371528	-0.116100	-0.165900	0.939100	0.137900	-0.114000	-0.114900
1627303109.371926	-0.115700	-0.164400	0.943800	0.129100	-0.125000	-0.079500
1627303109.372368	-0.121500	-0.160000	0.951300	0.121700	-0.134500	-0.053200
1627303109.374863	-0.122600	-0.148900	0.957400	0.115300	-0.137300	-0.018100
1627303109.375265	-0.116200	-0.143800	0.960600	0.108300	-0.142800	0.017000
1627303109.375696	-0.116100	-0.136000	0.963400	0.102200	-0.150400	0.046900
1627303109.376328	-0.117800	-0.125400	0.968100	0.105300	-0.157700	0.079900
1627303109.378644	-0.121200	-0.115200	0.969500	0.112600	-0.163800	0.099500
1627303109.379057	-0.128700	-0.106700	0.974500	0.118400	-0.162000	0.113500
1627303109.379467	-0.134900	-0.098000	0.980000	0.123300	-0.153400	0.132500
1627303109.379905	-0.133200	-0.096100	0.986000	0.129700	-0.144900	0.156600
1627303109.382018	-0.128700	-0.093300	0.984900	0.125700	-0.139100	0.176400
1627303109.382426	-0.134900	-0.090900	0.991100	0.118700	-0.132400	0.193800
1627303109.382834	-0.142000	-0.081900	0.996700	0.114400	-0.118600	0.203600
1627303109.383269	-0.142800	-0.075700	1.000000	0.117800	-0.097900	0.214900
1627303109.385389	-0.137700	-0.070900	0.998700	0.120200	-0.079200	0.228700
1627303109.385796	-0.139300	-0.068100	0.999900	0.120200	-0.067900	0.242100
1627303109.386238	-0.147900	-0.073600	1.000400	0.118400	-0.053900	0.252200
1627303109.386635	-0.151600	-0.079800	1.001100	0.115000	-0.019400	0.264700
1627303109.388632	-0.143400	-0.083300	1.005100	0.109200	0.018200	0.274200
1627303109.389031	-0.135500	-0.080900	1.008400	0.105300	0.034400	0.280900
1627303109.389430	-0.130100	0.000000	14171252736.000000	3320299126784.000000	0.000000	0.000000
1627303109.390009	-0.129500	-0.049400	0.955400	-0.030400	0.095200	0.706400
1627303109.390408	-0.130100	-0.043000	0.956300	-0.028200	0.085400	0.734500
1627303109.390806	-0.127600	-0.039600	0.953500	-0.025500	0.074400	0.758300
1627303109.391209	-0.129000	-0.029900	0.951200	-0.022700	0.060400	0.779400
1627303109.391608	-0.128500	-0.022700	0.952400	-0.018800	0.051800	0.797400
1627303109.392028	-0.133300	-0.018100	0.954200	-0.019100	0.058800	0.817200
1627303109.392425	-0.128100	-0.014800	0.960200	-0.011700	0.050300	0.826100
1627303109.392830	-0.124100	-0.011000	0.962600	-0.008700	0.042000	0.841400
1627303109.403853	-0.125200	-0.009200	0.962000	-0.012000	0.041100	0.849600
1627303109.404754	-0.115500	-0.008100	0.964500	-0.015700	0.026200	0.851100
1627303109.405580	-0.116800	-0.003100	0.971700	-0.026100	0.009400	0.850500
1627303109.417194	-0.123800	-0.005700	0.974600	-0.023600	-0.003800	0.850500
1627303109.437740	-0.127100	-0.006700	0.982100	-0.038000	-0.008400	0.858200
1627303109.438636	-0.135700	-0.009800	0.984300	-0.047200	-0.015400	0.857900
1627303109.440804	-0.138400	-0.012700	0.985500	-0.057500	-0.015700	0.865800
1627303109.450305	-0.139600	-0.019800	0.989900	-0.075600	-0.010800	0.877100
1627303109.480113	-0.139300	-0.023600	0.994500	-0.088400	-0.022100	0.882600
1627303109.481015	-0.143900	-0.027700	0.996900	-0.093000	-0.022700	0.888400
1627303109.481829	-0.143900	-0.034700	0.998800	-0.104000	-0.016900	0.900900
1627303109.506463	-0.141700	-0.038200	0.998200	-0.119500	-0.007400	0.917100
1627303109.507364	-0.143600	-0.041600	1.000200	-0.137900	-0.001900	0.929300
1627303109.510645	-0.142800	-0.041600	0.998700	-0.162000	0.008400	0.945500
1627303109.520880	-0.135400	-0.041900	0.997300	-0.187400	0.021900	0.969000
1627303109.546773	-0.134600	-0.038700	0.995800	-0.201100	0.027700	0.986400
1627303109.547677	-0.134300	-0.036700	0.995000	-0.216400	0.032300	1.004800
1627303109.550734	-0.135300	-0.034100	0.994800	-0.232900	0.042000	1.029200
1627303109.580336	-0.136500	-0.032700	0.991100	-0.244800	0.050300	1.050900
1627303109.581217	-0.137200	-0.032100	0.986500	-0.255800	0.059100	1.072900
1627303109.581848	-0.133700	-0.024900	0.982400	-0.264300	0.066200	1.090900
1627303109.589370	-0.139500	-0.021200	0.981600	-0.267700	0.066800	1.102200
1627303109.624055	-0.136100	-0.017300	0.980100	-0.270700	0.071000	1.117200
1627303109.624953	-0.131600	-0.013100	0.975800	-0.276500	0.076200	1.139500
1627303109.626098	-0.126800	-0.004400	0.972700	-0.280800	0.075300	1.156000
1627303109.629500	-0.124100	0.002200	0.973800	-0.279000	0.072600	1.168500
1627303109.645012	-0.124600	0.009600	0.972500	-0.274700	0.066500	1.181900
1627303109.667425	-0.125200	0.011600	0.972900	-0.269500	0.061600	1.192300
1627303109.668298	-0.129400	0.012600	0.972900	-0.261000	0.056100	1.199600
1627303109.669249	-0.128800	0.013700	0.970500	-0.249000	0.051200	1.206400
1627303109.696465	-0.130400	0.013200	0.968000	-0.242000	0.046600	1.209100
1627303109.697390	-0.128900	0.013500	0.967700	-0.233500	0.043600	1.215200
1627303109.699534	-0.132000	0.015400	0.965900	-0.231600	0.039300	1.220400
1627303109.714545	-0.132900	0.015100	0.964800	-0.231900	0.036200	1.229300
1627303109.729103	-0.135700	0.014200	0.966200	-0.231300	0.036200	1.233800
1627303109.730069	-0.136700	0.013800	0.967700	-0.230400	0.037500	1.234800
1627303109.742045	-0.133100	0.019200	0.969800	-0.225500	0.034400	1.233800
1627303109.771327	-0.125100	0.020600	0.967000	-0.220300	0.032900	1.234800
1627303109.772237	-0.124000	0.024300	0.968000	-0.218800	0.023700	1.227100
1627303109.773072	-0.123300	0.027100	0.972000	-0.216400	0.019700	1.218900
1627303109.783289	-0.122700	0.027300	0.975000	-0.213000	0.017600	1.214300
1627303109.813943	-0.119800	0.027600	0.976300	-0.211200	0.012400	1.214000
1627303109.814858	-0.122400	0.029200	0.975000	-0.199300	0.003200	1.218000
1627303109.815810	-0.125000	0.028200	0.974500	-0.191300	0.002000	1.222200
1627303109.839162	-0.122900	0.026400	0.975500	-0.192800	0.001400	1.224400
1627303109.840086	-0.122400	0.023800	0.980500	-0.191900	0.001100	1.217000
1627303109.840903	-0.124400	0.020300	0.981600	-0.186700	0.004500	1.210300
1627303109.867667	-0.119500	0.017900	0.980800	-0.185200	0.014500	1.210300
1627303109.868571	-0.114400	0.012700	0.978100	-0.189200	0.016100	1.218000
1627303109.869513	-0.116200	0.009900	0.974600	-0.196800	0.012400	1.225000
1627303109.900255	-0.117700	0.005900	0.972300	-0.206000	0.013600	1.230500
1627303109.901183	-0.115100	0.003400	0.970800	-0.210000	0.013900	1.240900
1627303109.902006	-0.110700	0.002900	0.969600	-0.211500	0.006000	1.251000
1627303109.912003	-0.114300	0.000600	0.968300	-0.220600	-0.001300	1.256400
1627303109.935498	-0.113600	0.002100	0.965500	-0.225800	-0.005900	1.259800
1627303109.936400	-0.112100	0.003800	0.964600	-0.235300	-0.008700	1.260700
1627303109.938271	-0.111200	0.007100	0.965600	-0.248700	-0.010800	1.262300
1627303109.948118	-0.111500	0.014600	0.966200	-0.253300	-0.015400	1.264100
1627303109.976408	-0.110100	0.017300	0.968400	-0.248400	-0.022400	1.265600
1627303109.977106	-0.107100	0.020500	0.967200	-0.244200	-0.026400	1.269000
1627303109.978355	-0.102200	0.024500	0.964400	-0.242600	-0.031300	1.272000
1627303109.988269	-0.097300	0.023100	0.967500	-0.237700	-0.038300	1.275100
1627303110.017739	-0.098300	0.020300	0.970100	-0.234700	-0.047200	1.272900
1627303110.018455	-0.105500	0.018900	0.976700	-0.235600	-0.058100	1.261000
1627303110.024741	-0.115100	0.016500	0.982100	-0.240200	-0.068500	1.245100
1627303110.028113	-0.125900	0.015900	0.988900	-0.248700	-0.077400	1.231400
1627303110.043024	-0.132200	0.018900	0.990800	-0.258500	-0.078300	1.218000
1627303110.065065	-0.132100	0.021600	0.991100	-0.265200	-0.072500	1.210600
1627303110.066029	-0.132200	0.024400	0.991100	-0.272300	-0.064000	1.201500
1627303110.068252	-0.129500	0.022500	0.990100	-0.278700	-0.053300	1.194100
1627303110.098995	-0.126000	0.021400	0.992900	-0.285400	-0.044700	1.184700
1627303110.100728	-0.133400	0.019500	0.993500	-0.284800	-0.039500	1.172100
1627303110.113810	-0.135600	0.019700	0.987800	-0.288800	-0.020900	1.163000
1627303110.114427	-0.125400	0.019800	0.983300	-0.285100	-0.000700	1.162700
1627303110.125534	-0.112800	0.026500	0.981300	-0.286300	0.008400	1.156600
1627303110.127811	-0.106400	0.032100	0.978800	-0.285700	0.006300	1.141900
1627303110.143204	-0.107500	0.038600	0.982100	-0.278100	0.010000	1.121100
1627303110.165177	-0.108800	0.045000	0.983900	-0.269500	0.012700	1.109500
1627303110.166081	-0.109000	0.042500	0.980800	-0.257600	0.012400	1.107400
1627303110.169503	-0.106000	0.040300	0.977500	-0.249700	0.009400	1.110800
1627303110.184457	-0.104500	0.039900	0.976100	-0.238700	0.004500	1.113500
1627303110.199991	-0.102800	0.033800	0.976600	-0.226400	0.001700	1.112300
1627303110.225370	-0.107100	0.032500	0.981300	-0.208700	0.002900	1.101600
1627303110.226272	-0.112200	0.029300	0.986800	-0.196500	0.010900	1.090000
1627303110.227108	-0.112800	0.026900	0.988900	-0.190700	0.017900	1.080800
1627303110.228398	-0.113900	0.025600	0.988300	-0.193200	0.025500	1.071700
1627303110.256482	-0.114300	0.027800	0.992200	-0.189200	0.028300	1.070400
1627303110.257377	-0.125200	0.026000	0.994000	-0.189800	0.032600	1.070700
1627303110.258192	-0.140300	0.022000	0.997600	-0.198000	0.042300	1.079000
1627303110.269525	-0.146500	0.020600	1.001000	-0.208700	0.059400	1.089400
1627303110.300918	-0.143800	0.022900	1.003500	-0.210900	0.078100	1.093000
1627303110.303879	-0.144400	0.025600	1.011000	-0.206900	0.104600	1.081400
1627303110.304780	-0.144400	0.031500	1.020600	-0.199300	0.136100	1.069500
1627303110.331626	-0.135700	0.029200	1.026600	-0.197400	0.159900	1.060400
1627303110.332529	-0.137000	0.024800	1.023400	-0.207200	0.166300	1.049700
1627303110.334676	-0.144200	0.027000	1.015500	-0.223700	0.165700	1.043000
1627303110.338235	-0.155600	0.028600	1.005700	-0.241100	0.174900	1.039300
1627303110.372698	-0.162800	0.036300	0.997700	-0.255800	0.194800	1.034700
1627303110.373597	-0.163100	0.043200	0.998500	-0.267400	0.218900	1.033200
1627303110.374420	-0.162200	0.046600	0.999300	-0.265800	0.232900	1.030700
1627303110.378246	-0.164400	0.048700	0.991800	-0.266800	0.249100	1.020000
1627303110.406337	-0.159900	0.048600	0.984700	-0.264600	0.259200	1.003900
1627303110.407239	-0.157600	0.045000	0.979200	-0.258500	0.256400	0.981900
1627303110.408309	-0.158100	0.040800	0.973800	-0.266800	0.246700	0.959000
1627303110.418234	-0.169900	0.037700	0.966400	-0.271700	0.225000	0.937000
1627303110.449541	-0.175400	0.036600	0.957000	-0.294600	0.232300	0.918000
1627303110.452679	-0.179000	0.039900	0.947100	-0.311400	0.233500	0.897600
1627303110.453265	-0.172400	0.046100	0.944300	-0.322700	0.222500	0.877700
1627303110.458351	-0.181600	0.045000	0.938400	-0.328500	0.206700	0.856000
1627303110.489816	-0.190100	0.048300	0.936000	-0.328500	0.192900	0.828200
1627303110.491483	-0.194600	0.047600	0.931200	-0.326000	0.171200	0.794600
1627303110.492346	-0.200600	0.046400	0.929900	-0.330000	0.155300	0.763500
1627303110.515297	-0.208000	0.046600	0.928600	-0.328200	0.136400	0.733900
1627303110.516195	-0.215800	0.044900	0.928300	-0.327900	0.121100	0.703000
1627303110.519690	-0.216600	0.044300	0.925900	-0.328500	0.110100	0.681600
1627303110.550139	-0.219600	0.043300	0.922400	-0.326900	0.098200	0.657200
1627303110.551048	-0.224100	0.044200	0.922500	-0.323300	0.079900	0.614400
1627303110.553291	-0.239400	0.043100	0.928000	-0.316200	0.068900	0.578400
1627303110.580366	-0.244500	0.041100	0.931000	-0.308600	0.066800	0.548200
1627303110.581573	-0.242100	0.040000	0.930900	-0.302200	0.059700	0.521000
1627303110.582447	-0.238900	0.035600	0.927700	-0.294900	0.050300	0.495000
1627303110.591953	-0.236200	0.032300	0.929600	-0.293900	0.043000	0.463900
1627303110.617821	-0.233900	0.033200	0.933200	-0.281100	0.034100	0.421100
1627303110.618723	-0.237800	0.034900	0.934400	-0.269500	0.021300	0.378900
1627303110.619539	-0.241700	0.034100	0.935800	-0.262200	0.006300	0.344100
1627303110.628122	-0.248800	0.031600	0.935200	-0.255500	-0.001600	0.306900
1627303110.652658	-0.256800	0.024300	0.938100	-0.250300	0.000500	0.280900
1627303110.653560	-0.257700	0.019800	0.945400	-0.244500	0.000800	0.260700
1627303110.657054	-0.262300	0.013400	0.948900	-0.232900	0.001100	0.236300
1627303110.697496	-0.261400	0.008400	0.946500	-0.214200	0.001700	0.213700
1627303110.698197	-0.261800	0.003700	0.947900	-0.200500	0.002300	0.189000
1627303110.701582	-0.262300	0.003200	0.950100	-0.187400	0.008700	0.152900
1627303110.727776	-0.269900	0.003100	0.957400	-0.185200	0.013900	0.123000
1627303110.728668	-0.273100	0.001600	0.959800	-0.206900	0.023400	0.110500
1627303110.729507	-0.271600	-0.009000	0.964100	-0.219700	0.048100	0.118400
1627303110.731039	-0.260500	-0.021500	0.964200	-0.206600	0.058800	0.116600
1627303110.746192	-0.257300	-0.026200	0.963400	-0.198700	0.058200	0.104400
1627303110.767766	-0.265100	-0.032300	0.963600	-0.183400	0.051500	0.087300
1627303110.768670	-0.280600	-0.044400	0.966400	-0.177000	0.050900	0.065000
1627303110.769730	-0.299800	-0.055800	0.973600	-0.182800	0.055500	0.048800
1627303110.800153	-0.306300	-0.074000	0.979600	-0.212400	0.080500	0.052100
1627303110.801052	-0.297500	-0.093600	0.979900	-0.256700	0.096700	0.064300
1627303110.803216	-0.292500	-0.091400	0.987300	-0.277100	0.102800	0.067100
1627303110.808389	-0.294400	-0.092200	1.002600	-0.298800	0.100400	0.062500
1627303110.823990	-0.315400	-0.095700	0.999300	-0.354100	0.091500	0.059800
1627303110.839914	-0.327300	-0.107700	0.995600	-0.417300	0.101900	0.070100
1627303110.842120	-0.330100	-0.110400	0.982800	-0.446100	0.141000	0.081400
1627303110.876328	-0.294600	-0.107800	0.974700	-0.474800	0.185300	0.081400
1627303110.877232	-0.263500	-0.098600	0.970500	-0.485800	0.197200	0.036900
1627303110.879392	-0.255700	-0.069900	0.965500	-0.493700	0.203600	-0.022400
1627303110.880554	-0.282200	-0.058000	0.971900	-0.505900	0.222200	-0.098400
1627303110.895951	-0.309600	-0.054900	0.976200	-0.523600	0.252500	-0.144000
1627303110.917930	-0.309700	-0.057400	0.971100	-0.539500	0.292200	-0.159800
1627303110.918829	-0.281400	-0.056500	0.962300	-0.550200	0.316300	-0.166300
1627303110.919637	-0.273700	-0.044900	0.964000	-0.553000	0.313300	-0.187600
1627303110.928016	-0.272200	-0.044600	0.968300	-0.531900	0.311700	-0.211800
1627303110.968968	-0.271500	-0.043800	0.969800	-0.520600	0.333100	-0.239300
1627303110.969885	-0.268400	-0.046000	0.973500	-0.486100	0.356600	-0.262500
1627303111.000782	-0.284400	-0.054800	0.979400	-0.459200	0.374600	-0.277700
1627303111.003740	-0.284400	-0.054800	0.979400	-0.459200	0.374600	-0.277700
1627303111.004682	-0.314500	-0.107500	0.993300	-0.473500	0.442200	-0.269200
1627303111.007003	-0.314100	-0.139800	0.982100	-0.457400	0.479100	-0.268900
1627303111.008108	-0.314100	-0.139800	0.982100	-0.457400	0.479100	-0.268900
1627303111.021196	-0.317700	-0.145800	0.984600	-0.436600	0.482800	-0.279600
1627303111.021847	-0.312400	-0.155800	0.973800	-0.407000	0.495000	-0.293300
1627303111.026719	-0.302700	-0.165000	0.966700	-0.379200	0.519100	-0.302500
1627303111.038237	-0.315300	-0.178800	0.960700	-0.360800	0.524900	-0.324800
1627303111.062697	-0.319900	-0.190800	0.951500	-0.359300	0.543200	-0.327800
1627303111.063617	-0.312000	-0.199700	0.932300	-0.363000	0.550900	-0.305500
1627303111.066917	-0.287700	-0.190300	0.911900	-0.366600	0.561300	-0.306400
1627303111.092530	-0.278800	-0.170200	0.893400	-0.317500	0.520300	-0.335500
1627303111.093200	-0.293100	-0.154100	0.886700	-0.300700	0.500500	-0.395600
1627303111.097997	-0.303000	-0.133200	0.889900	-0.293000	0.478800	-0.445700
1627303111.109729	-0.297600	-0.127900	0.889600	-0.265500	0.486700	-0.468000
1627303111.124888	-0.284700	-0.133400	0.891200	-0.230700	0.483100	-0.469200
1627303111.137648	-0.302100	-0.142200	0.904100	-0.199600	0.468100	-0.462500
1627303111.138546	-0.317300	-0.158100	0.909500	-0.120800	0.459600	-0.461600
1627303111.166438	-0.321300	-0.151600	0.911500	-0.055700	0.440600	-0.465900
1627303111.167348	-0.319100	-0.151400	0.882700	0.009300	0.424700	-0.460700
1627303111.181952	-0.301800	-0.176400	0.861900	0.035600	0.433900	-0.479000
1627303111.183107	-0.324500	-0.179600	0.871200	0.004800	0.440000	-0.525400
1627303111.197656	-0.341800	-0.185500	0.872700	0.020600	0.448600	-0.546800
1627303111.198559	-0.329700	-0.220300	0.862500	0.029800	0.488300	-0.540100
1627303111.224195	-0.298500	-0.205900	0.858000	0.038400	0.502300	-0.559300
1627303111.225095	-0.281000	-0.198600	0.854000	0.071400	0.457400	-0.562700
1627303111.227245	-0.279500	-0.167800	0.868500	0.102200	0.370400	-0.556900
1627303111.236996	-0.318000	-0.185700	0.855800	0.120200	0.313900	-0.568200
1627303111.265222	-0.351200	-0.183300	0.846800	0.169100	0.336800	-0.588400
1627303111.266958	-0.330300	-0.193500	0.838000	0.226800	0.364900	-0.598400
1627303111.269527	-0.306600	-0.200900	0.841700	0.291300	0.332200	-0.603000
1627303111.278401	-0.306200	-0.200100	0.841300	0.320000	0.283600	-0.614900
1627303111.279302	-0.310300	-0.182700	0.859900	0.364300	0.267100	-0.635100
1627303111.305577	-0.312500	-0.182700	0.852200	0.410100	0.254900	-0.629000
1627303111.307465	-0.289800	-0.187300	0.849000	0.452500	0.240300	-0.627800
1627303111.322445	-0.261200	-0.184900	0.826000	0.450100	0.208500	-0.656500
1627303111.325847	-0.247700	-0.166400	0.817300	0.454700	0.151700	-0.707800
1627303111.349833	-0.294100	-0.154500	0.823200	0.487700	0.075900	-0.784500
1627303111.350999	-0.372800	-0.153800	0.839500	0.515400	0.065600	-0.843400
1627303111.358256	-0.369600	-0.159800	0.847700	0.520300	0.119300	-0.845800
1627303111.370804	-0.340000	-0.158000	0.859700	0.545100	0.119600	-0.844000
1627303111.371512	-0.330100	-0.164600	0.869900	0.606200	0.075900	-0.853500
1627303111.397044	-0.321700	-0.163200	0.870800	0.675500	0.021000	-0.868800
1627303111.410444	-0.319800	-0.159700	0.861900	0.722200	-0.029700	-0.900200
1627303111.411335	-0.324500	-0.150400	0.848300	0.742100	-0.066100	-0.938700
1627303111.414049	-0.307900	-0.141700	0.844200	0.773800	-0.090200	-0.959500
1627303111.436877	-0.290500	-0.127300	0.841300	0.794000	-0.122900	-0.970500
1627303111.437978	-0.298100	-0.110100	0.849200	0.827300	-0.168700	-0.992100
1627303111.453455	-0.339100	-0.116500	0.871500	0.857200	-0.206900	-1.026700
1627303111.457338	-0.341600	-0.117900	0.882900	0.885300	-0.177000	-1.049600
1627303111.479915	-0.306300	-0.124600	0.896700	0.915000	-0.158300	-1.059300
1627303111.480946	-0.289700	-0.133800	0.905800	0.936600	-0.177900	-1.088700
1627303111.492058	-0.278000	-0.127000	0.917800	0.955000	-0.182800	-1.119800
1627303111.507186	-0.264900	-0.125500	0.913600	0.953100	-0.216700	-1.144900
1627303111.523924	-0.289600	-0.121900	0.915400	0.926300	-0.263400	-1.166500
1627303111.524734	-0.299900	-0.114600	0.912600	0.898200	-0.246600	-1.178200
1627303111.526094	-0.282600	-0.106100	0.927000	0.892700	-0.214500	-1.190100
1627303111.536352	-0.269800	-0.082000	0.943400	0.926900	-0.233500	-1.220900
1627303111.556513	-0.260500	-0.068600	0.948500	0.936600	-0.241400	-1.248700
1627303111.557407	-0.273800	-0.069200	0.947300	0.960800	-0.248100	-1.275300
1627303111.564025	-0.281700	-0.081700	0.959200	0.994400	-0.227100	-1.316500
1627303111.586981	-0.264900	-0.083900	0.966400	1.013300	-0.200200	-1.336700
1627303111.597632	-0.254900	-0.081900	0.978800	1.026700	-0.211200	-1.362600
1627303111.605667	-0.270100	-0.079100	0.980800	1.010600	-0.225500	-1.409400
1627303111.606598	-0.260900	-0.057300	0.977400	1.003500	-0.208400	-1.438700
1627303111.624680	-0.242700	-0.051400	0.973900	1.010300	-0.214200	-1.459500
1627303111.626061	-0.223600	-0.049100	0.959500	0.997400	-0.236800	-1.473500
1627303111.641266	-0.196700	-0.035900	0.956300	0.999600	-0.247500	-1.475600
1627303111.643340	-0.194600	-0.017900	0.942900	1.011500	-0.264900	-1.505600
1627303111.666067	-0.192600	0.002700	0.941000	1.040200	-0.292400	-1.559300
1627303111.666883	-0.192700	0.014000	0.931200	1.065500	-0.294200	-1.599700
1627303111.674478	-0.181600	0.004800	0.919400	1.113500	-0.288700	-1.631400
1627303111.687205	-0.146000	0.005000	0.912200	1.148300	-0.294900	-1.655500
1627303111.709859	-0.122800	-0.012600	0.919700	1.186500	-0.322300	-1.666800
1627303111.710837	-0.113900	-0.017200	0.919300	1.200500	-0.363600	-1.654600
1627303111.715831	-0.122700	-0.048500	0.919900	1.150700	-0.420100	-1.666200
1627303111.729633	-0.126300	-0.040200	0.920200	1.110700	-0.445100	-1.676600
1627303111.730525	-0.115400	-0.033600	0.930700	1.121100	-0.468600	-1.666800
1627303111.754501	-0.106600	-0.037100	0.936000	1.110700	-0.504100	-1.661300
1627303111.755678	-0.109600	-0.037700	0.944200	1.095200	-0.532500	-1.665900
1627303111.765914	-0.101000	-0.039900	0.951700	1.091500	-0.547100	-1.651300
1627303111.776167	-0.075100	-0.011100	0.953400	1.155600	-0.592700	-1.587700
1627303111.799829	-0.086900	-0.056400	0.950100	1.081700	-0.625000	-1.572500
1627303111.800646	-0.075700	-0.049800	0.958100	1.035000	-0.615900	-1.558700
1627303111.805994	-0.069900	-0.038200	0.968500	1.015100	-0.664700	-1.531200
1627303111.819486	-0.080000	-0.025800	0.976400	0.996800	-0.692200	-1.512600
1627303111.820190	-0.081300	-0.009200	0.974600	0.933300	-0.703500	-1.490900
1627303111.844436	-0.085600	0.003200	0.973100	0.920800	-0.705100	-1.471700
1627303111.845369	-0.077000	0.007900	0.971400	0.896900	-0.706000	-1.449100
1627303111.863496	-0.059800	0.020800	0.977200	0.857200	-0.695900	-1.425900
1627303111.877362	-0.042800	0.029500	0.976900	0.823000	-0.719400	-1.391700
1627303111.879570	-0.055800	0.045500	0.975500	0.766500	-0.741700	-1.370900
1627303111.887132	-0.062100	0.064800	0.977300	0.745400	-0.736800	-1.356800
1627303111.894651	-0.055700	0.075800	0.982300	0.732900	-0.733800	-1.337300
1627303111.914924	-0.033100	0.102100	0.980600	0.737800	-0.731000	-1.304600
1627303111.917228	-0.029400	0.110500	0.980700	0.758000	-0.756700	-1.286300
1627303111.924605	-0.037700	0.108200	0.975100	0.746400	-0.760000	-1.277700
1627303111.933367	-0.043900	0.110100	0.981400	0.742700	-0.739000	-1.275900
1627303111.954992	-0.050900	0.111600	0.994900	0.726800	-0.746600	-1.274400
1627303111.955954	-0.050500	0.118700	1.001000	0.690800	-0.726400	-1.269500
1627303111.961534	-0.054800	0.126800	1.006300	0.660200	-0.707500	-1.257300
1627303111.983125	-0.043100	0.142700	1.001100	0.627800	-0.707200	-1.228200
1627303111.985710	-0.030200	0.146100	0.998800	0.611000	-0.695000	-1.205000
1627303112.000879	-0.024900	0.158700	1.010900	0.605900	-0.694100	-1.183700
1627303112.007117	-0.031000	0.161500	1.016500	0.586900	-0.680300	-1.180900
1627303112.028925	-0.027600	0.173600	1.024800	0.584800	-0.662000	-1.174800
1627303112.029748	-0.019900	0.178100	1.028600	0.591200	-0.646400	-1.156200
1627303112.037017	-0.014000	0.182500	1.033200	0.586600	-0.624400	-1.147000
1627303112.045788	0.000500	0.186600	1.032000	0.566500	-0.603700	-1.140900
1627303112.067325	0.014600	0.189700	1.031200	0.548400	-0.589300	-1.135700
1627303112.068138	0.009000	0.194600	1.033400	0.533200	-0.585000	-1.144900
1627303112.075758	-0.000500	0.198900	1.038700	0.506900	-0.565200	-1.151600
1627303112.085882	-0.007400	0.196200	1.041300	0.471500	-0.534600	-1.149100
1627303112.086772	-0.009200	0.197600	1.043100	0.430500	-0.497400	-1.144300
1627303112.110961	-0.004300	0.194600	1.048700	0.398200	-0.464400	-1.137800
1627303112.114609	0.004400	0.202000	1.049700	0.357800	-0.432300	-1.134800
1627303112.129668	0.017300	0.209200	1.051000	0.337400	-0.405100	-1.124400
1627303112.132106	0.014400	0.207900	1.046100	0.300700	-0.399000	-1.129000
1627303112.155966	0.010000	0.226000	1.039200	0.257100	-0.370900	-1.142700
1627303112.156941	0.010300	0.225200	1.046300	0.245400	-0.369100	-1.144300
1627303112.163918	-0.007300	0.235200	1.034800	0.189600	-0.347100	-1.165300
1627303112.184404	0.000100	0.248400	1.029300	0.148600	-0.315300	-1.176300
1627303112.199659	0.011600	0.273300	1.026900	0.132400	-0.294200	-1.179400
1627303112.205912	0.003500	0.279200	1.023400	0.117500	-0.279000	-1.187900
1627303112.206814	-0.008300	0.287700	1.018100	0.095500	-0.242300	-1.194600
1627303112.230057	0.004900	0.291700	1.013300	0.101900	-0.208100	-1.196800
1627303112.230958	0.002400	0.294400	1.004000	0.085100	-0.179400	-1.217900
1627303112.234498	0.014900	0.295500	1.001100	0.079300	-0.165700	-1.235900
1627303112.245787	0.023900	0.283900	0.998000	0.049700	-0.143700	-1.257300
1627303112.246926	0.010500	0.276700	0.994400	0.041100	-0.107000	-1.284400
1627303112.270634	0.018800	0.277100	0.998500	0.021600	-0.085900	-1.287500
1627303112.276887	0.016600	0.264300	1.009500	-0.005000	-0.083200	-1.257900
1627303112.289498	0.003700	0.249000	1.015100	-0.022100	-0.056000	-1.241700
1627303112.289993	0.005100	0.232900	1.024500	-0.031000	0.002300	-1.219700
1627303112.313468	0.018400	0.210700	1.043800	-0.042300	0.031300	-1.183700
1627303112.315929	0.022700	0.194600	1.054200	-0.071600	0.063100	-1.163200
1627303112.330783	0.023600	0.179900	1.072100	-0.093600	0.089100	-1.136900
1627303112.331671	0.032800	0.166000	1.083500	-0.115900	0.088800	-1.095400
1627303112.353404	0.023300	0.155600	1.074200	-0.154100	0.106500	-1.062400
1627303112.354944	0.029100	0.153200	1.083000	-0.188900	0.116600	-1.034300
1627303112.360147	0.021600	0.149700	1.094800	-0.206900	0.128800	-1.004700
1627303112.381873	0.016500	0.154800	1.093300	-0.242900	0.153800	-0.981500
1627303112.384451	0.004300	0.163000	1.072500	-0.278100	0.164800	-0.957000
1627303112.400161	-0.012700	0.172200	1.054600	-0.297300	0.203000	-0.947200
1627303112.403979	-0.008200	0.182900	1.054400	-0.309500	0.262300	-0.936900
1627303112.428370	-0.004000	0.187400	1.056200	-0.302200	0.302900	-0.921300
1627303112.435372	-0.002100	0.185700	1.040900	-0.306200	0.334600	-0.899000
1627303112.436278	-0.007600	0.174900	1.020900	-0.314400	0.355400	-0.873300
1627303112.445747	-0.023400	0.171900	1.007400	-0.331200	0.374600	-0.851600
1627303112.459017	-0.032800	0.160200	0.999800	-0.345000	0.417400	-0.836400
1627303112.473740	-0.037500	0.155900	1.003900	-0.369100	0.474500	-0.815600
1627303112.477056	-0.033900	0.147500	1.001100	-0.368500	0.508700	-0.793900
1627303112.488410	-0.036300	0.140300	0.986900	-0.372400	0.529200	-0.768300
1627303112.494895	-0.050200	0.129200	0.965900	-0.369100	0.550600	-0.740500
1627303112.528939	-0.058600	0.122800	0.954000	-0.362400	0.567700	-0.721500
1627303112.529871	-0.072000	0.111300	0.945200	-0.349200	0.593300	-0.699800
1627303112.533329	-0.079000	0.092000	0.938000	-0.339800	0.624200	-0.664700
1627303112.535372	-0.083500	0.069200	0.926500	-0.345000	0.647100	-0.632700
1627303112.564226	-0.081900	0.046100	0.919100	-0.363900	0.667300	-0.589600
1627303112.565120	-0.079800	0.019400	0.910500	-0.384000	0.678200	-0.530300
1627303112.567175	-0.079300	0.002300	0.905300	-0.405700	0.680100	-0.484500
1627303112.574032	-0.084800	-0.003700	0.900600	-0.423100	0.680100	-0.446300
1627303112.595191	-0.087400	-0.009400	0.902500	-0.441500	0.673400	-0.409400
1627303112.595769	-0.097900	-0.014800	0.918000	-0.435700	0.668500	-0.385900
1627303112.603206	-0.104600	-0.027600	0.935700	-0.394400	0.651400	-0.364500
1627303112.613860	-0.098500	-0.032600	0.939700	-0.339200	0.634600	-0.324200
1627303112.640132	-0.077500	-0.033400	0.919600	-0.299100	0.594000	-0.274100
1627303112.641027	-0.068800	-0.036400	0.897700	-0.277800	0.519100	-0.231900
1627303112.643341	-0.092500	-0.045800	0.887600	-0.281100	0.461100	-0.216300
1627303112.654456	-0.107500	-0.049900	0.890100	-0.268900	0.417100	-0.207200
1627303112.660702	-0.115100	-0.046400	0.891000	-0.290900	0.383200	-0.192800
1627303112.681058	-0.112200	-0.049100	0.884800	-0.298800	0.349000	-0.163500
1627303112.683325	-0.105800	-0.055500	0.877900	-0.300100	0.324600	-0.150100
1627303112.700802	-0.107300	-0.059100	0.876200	-0.297000	0.295200	-0.149500
1627303112.701697	-0.092300	-0.058500	0.870700	-0.286900	0.251900	-0.140600
1627303112.724592	-0.078400	-0.062600	0.867600	-0.267400	0.199600	-0.126900
1627303112.726157	-0.072300	-0.060700	0.861200	-0.259100	0.133700	-0.115600
1627303112.741765	-0.085400	-0.059900	0.855300	-0.251200	0.055200	-0.099700
1627303112.744732	-0.094700	-0.056500	0.857200	-0.220900	-0.000700	-0.073400
1627303112.745627	-0.109000	-0.056300	0.864400	-0.180900	-0.051400	-0.046500
1627303112.772300	-0.121700	-0.053300	0.872300	-0.132700	-0.099100	-0.016300
1627303112.773113	-0.130700	-0.056400	0.878800	-0.073100	-0.134200	0.022500
1627303112.786983	-0.142500	-0.063500	0.882300	-0.019400	-0.168100	0.057900
1627303112.790791	-0.151700	-0.075100	0.886200	0.028900	-0.190700	0.104400
1627303112.813724	-0.145500	-0.082200	0.893900	0.072300	-0.213900	0.158100
1627303112.814662	-0.147100	-0.084200	0.900300	0.110800	-0.244200	0.185900
1627303112.823439	-0.152000	-0.089600	0.908600	0.138900	-0.268000	0.205800
1627303112.832120	-0.159500	-0.088000	0.918900	0.171800	-0.291800	0.229600
1627303112.852752	-0.167100	-0.097300	0.923100	0.177900	-0.295800	0.247600
1627303112.853642	-0.168200	-0.090200	0.932700	0.170900	-0.288700	0.265000
1627303112.860351	-0.164700	-0.081700	0.946000	0.177300	-0.284500	0.298600
1627303112.875766	-0.153300	-0.073600	0.954700	0.166000	-0.279600	0.334700
1627303112.885839	-0.147700	-0.059300	0.959600	0.152000	-0.282000	0.363700
1627303112.892228	-0.146900	-0.045200	0.966300	0.148600	-0.278100	0.389900
1627303112.912834	-0.143900	-0.035000	0.969100	0.152300	-0.271000	0.410400
1627303112.913861	-0.138700	-0.022600	0.971700	0.165400	-0.264000	0.419300
1627303112.922078	-0.147500	-0.007900	0.973000	0.168200	-0.255500	0.423200
1627303112.930919	-0.153400	0.004600	0.973800	0.174600	-0.239600	0.429600
1627303112.952693	-0.148800	0.010100	0.972400	0.187100	-0.214800	0.448600
1627303112.953286	-0.133300	0.020100	0.964700	0.213100	-0.201400	0.469700
1627303112.967147	-0.118500	0.027000	0.952300	0.228600	-0.206300	0.480300
1627303112.975135	-0.120400	0.033200	0.941300	0.246100	-0.215800	0.481300
1627303112.993888	-0.114000	0.034900	0.930300	0.266200	-0.213900	0.484300
1627303112.994660	-0.091600	0.035300	0.921100	0.276000	-0.208100	0.496200
1627303113.006050	-0.067700	0.047400	0.916100	0.291300	-0.223100	0.509700
1627303113.012658	-0.061600	0.051000	0.914900	0.320600	-0.257900	0.524600
1627303113.022245	-0.063400	0.054000	0.913200	0.334000	-0.285100	0.538700
1627303113.033288	-0.075800	0.054600	0.912700	0.352000	-0.311000	0.560400
1627303113.040950	-0.091700	0.055900	0.913200	0.362400	-0.334000	0.570100
1627303113.063127	-0.097000	0.054800	0.914800	0.364600	-0.332700	0.583300
1627303113.066931	-0.090000	0.058200	0.920300	0.389600	-0.337300	0.607400
1627303113.076772	-0.082900	0.056200	0.918200	0.418600	-0.350400	0.641000
1627303113.084714	-0.070400	0.061800	0.921000	0.415000	-0.350400	0.670000
1627303113.104718	-0.071500	0.065700	0.931800	0.426600	-0.363600	0.700000
1627303113.105879	-0.078000	0.067500	0.937000	0.424400	-0.372700	0.732300
1627303113.113584	-0.065900	0.074300	0.941800	0.408500	-0.375800	0.775100
1627303113.124800	-0.062500	0.083700	0.943700	0.399400	-0.391100	0.809000
1627303113.148541	-0.057100	0.089200	0.943000	0.393300	-0.399000	0.842600
1627303113.149324	-0.047400	0.095700	0.950200	0.394200	-0.406000	0.884400
1627303113.152051	-0.039200	0.101100	0.954000	0.388100	-0.420700	0.909800
1627303113.167133	-0.031200	0.110400	0.955900	0.368500	-0.428900	0.925100
1627303113.167837	-0.035300	0.124600	0.965900	0.367300	-0.441800	0.937300
1627303113.193000	-0.026200	0.136100	0.968300	0.356600	-0.443300	0.947700
1627303113.194445	-0.010700	0.149800	0.975000	0.347500	-0.437800	0.963800
1627303113.201353	-0.005400	0.158900	0.984400	0.348400	-0.445100	0.976400
1627303113.215795	0.002900	0.169100	0.988900	0.345900	-0.443000	0.986800
1627303113.230822	0.009300	0.175900	0.992800	0.335200	-0.443900	0.995000
1627303113.231714	0.013500	0.186200	0.990800	0.317200	-0.443900	1.010900
1627303113.256223	0.016800	0.193700	0.991600	0.309900	-0.444800	1.018500
1627303113.257047	0.020300	0.195700	0.987800	0.303500	-0.435400	1.025800
1627303113.262628	0.013200	0.192600	0.986700	0.283600	-0.427700	1.048400
1627303113.284338	0.002900	0.189900	0.985700	0.259800	-0.407600	1.071700
1627303113.295208	0.011600	0.188500	0.988900	0.235100	-0.382500	1.105300
1627303113.296103	0.015100	0.187900	0.998200	0.217700	-0.357200	1.135800
1627303113.305275	0.024400	0.198200	1.006200	0.195400	-0.341900	1.149200
1627303113.329333	0.042400	0.203400	1.006500	0.194400	-0.324800	1.173100
1627303113.330221	0.060700	0.207400	0.995000	0.205400	-0.315300	1.201500
1627303113.333356	0.077300	0.208400	0.985000	0.212200	-0.305500	1.220100
1627303113.343366	0.073000	0.202900	0.981000	0.204200	-0.312600	1.226800
1627303113.351074	0.061800	0.194300	0.975500	0.175800	-0.293900	1.227700
1627303113.376186	0.078000	0.192400	0.965900	0.141600	-0.272900	1.245100
1627303113.377006	0.112700	0.198100	0.955400	0.110100	-0.270700	1.271700
1627303113.387095	0.123000	0.221900	0.950200	0.099800	-0.280500	1.296500
1627303113.397071	0.133500	0.234300	0.951900	0.104300	-0.293000	1.329100
1627303113.421373	0.143100	0.253900	0.948200	0.084800	-0.293600	1.347200
1627303113.421814	0.140900	0.274000	0.954700	0.105900	-0.300100	1.341700
1627303113.423295	0.115100	0.283300	0.964200	0.147100	-0.306200	1.321800
1627303113.434632	0.077000	0.283000	0.971100	0.179200	-0.307400	1.315100
1627303113.440924	0.061900	0.282100	0.970300	0.209700	-0.263700	1.332500
1627303113.463610	0.080700	0.283400	0.967800	0.258600	-0.214500	1.372800
1627303113.464433	0.109000	0.280900	0.965000	0.316300	-0.202600	1.401800
1627303113.472103	0.124400	0.280600	0.970000	0.361800	-0.204800	1.425400
1627303113.485960	0.102500	0.273100	0.978800	0.407000	-0.218500	1.434500
1627303113.506239	0.075000	0.266000	0.981600	0.429900	-0.203800	1.438500
1627303113.507051	0.093800	0.259800	0.979200	0.447600	-0.153700	1.465700
1627303113.510994	0.129200	0.259400	0.974200	0.483100	-0.115600	1.484900
1627303113.527104	0.149700	0.258500	0.967800	0.496800	-0.103700	1.483100
1627303113.544414	0.165200	0.261400	0.963400	0.500800	-0.085300	1.479100
1627303113.545308	0.175500	0.260300	0.967400	0.498300	-0.066700	1.475700
1627303113.555867	0.178300	0.261400	0.963600	0.472100	-0.062100	1.473300
1627303113.557721	0.178800	0.266000	0.957900	0.436000	-0.055400	1.480300
1627303113.583461	0.184000	0.267600	0.950100	0.407300	-0.042600	1.490400
1627303113.587188	0.190100	0.271500	0.945300	0.390800	-0.016300	1.489500
1627303113.590806	0.209100	0.278600	0.943600	0.375900	0.017900	1.490100
1627303113.603402	0.234900	0.288300	0.940100	0.353300	0.040500	1.493800
1627303113.623817	0.244100	0.292200	0.939700	0.340400	0.048800	1.484300
1627303113.624902	0.246200	0.289900	0.936600	0.325800	0.062500	1.470600
1627303113.632058	0.226700	0.286500	0.941300	0.299500	0.081400	1.467800
1627303113.640748	0.200200	0.280400	0.941900	0.287300	0.094600	1.472100
1627303113.662753	0.189000	0.281000	0.939500	0.268700	0.126600	1.484000
1627303113.663580	0.211900	0.291400	0.940600	0.250900	0.177000	1.502300
1627303113.670831	0.234500	0.308800	0.941900	0.245800	0.199900	1.515200
1627303113.682657	0.246300	0.323200	0.946500	0.259200	0.201800	1.518500
1627303113.705214	0.243900	0.334800	0.950200	0.294000	0.197200	1.508400
1627303113.705868	0.225600	0.336800	0.953200	0.321800	0.196600	1.495900
1627303113.710436	0.207500	0.335700	0.956800	0.344700	0.212800	1.491600
1627303113.720779	0.214200	0.330800	0.950400	0.357200	0.241200	1.499600
1627303113.725921	0.231900	0.326500	0.947100	0.361200	0.267100	1.507200
1627303113.748662	0.248400	0.328000	0.945400	0.358200	0.278100	1.499000
1627303113.750887	0.254200	0.332600	0.949200	0.348400	0.280900	1.483100
1627303113.765791	0.260900	0.333300	0.950100	0.328500	0.303500	1.461400
1627303113.769838	0.264400	0.336200	0.957400	0.304100	0.309900	1.438800
1627303113.793630	0.250000	0.337900	0.957300	0.274800	0.312600	1.418300
1627303113.794549	0.252700	0.342700	0.960600	0.253100	0.340100	1.402800
1627303113.807277	0.262200	0.349000	0.964200	0.241800	0.349000	1.390200
1627303113.814599	0.261200	0.345800	0.962800	0.226500	0.352400	1.379800
1627303113.830227	0.251800	0.342000	0.965900	0.212200	0.379200	1.365500
1627303113.831110	0.251300	0.335900	0.971300	0.197200	0.397300	1.352000
1627303113.840735	0.249100	0.334000	0.974600	0.173700	0.408600	1.338300
1627303113.842520	0.251600	0.331100	0.973000	0.149500	0.419900	1.323600
1627303113.864658	0.254300	0.329700	0.965900	0.124800	0.436000	1.320600
1627303113.874968	0.262300	0.327500	0.958500	0.109200	0.451300	1.312300
1627303113.898982	0.262300	0.325600	0.955300	0.095500	0.473900	1.295900
1627303113.899878	0.251100	0.323900	0.965800	0.075900	0.495300	1.277200
1627303113.900944	0.250100	0.321200	0.971900	0.049400	0.494400	1.269600
1627303113.910944	0.244400	0.316700	0.963300	0.017000	0.513300	1.276300
1627303113.921031	0.242400	0.310400	0.953900	-0.004700	0.532600	1.275700
1627303113.941107	0.247300	0.312600	0.952500	-0.024300	0.538100	1.276000
1627303113.942275	0.242800	0.311400	0.951000	-0.044400	0.542600	1.272300
1627303113.953467	0.231900	0.304400	0.945400	-0.062400	0.568000	1.262900
1627303113.962295	0.241000	0.304600	0.951400	-0.078300	0.582000	1.246400
1627303113.979936	0.245600	0.306200	0.954700	-0.101200	0.592100	1.237800
1627303113.980993	0.237500	0.304400	0.953000	-0.119500	0.591800	1.225900
1627303113.992165	0.227100	0.299100	0.958300	-0.143700	0.599100	1.209700
1627303114.002106	0.223400	0.297500	0.967800	-0.160800	0.594900	1.193800
1627303114.019748	0.193800	0.290600	0.962200	-0.202300	0.623000	1.188900
1627303114.032723	0.195600	0.289800	0.970500	-0.227700	0.642500	1.177000
1627303114.033622	0.195800	0.295400	0.982100	-0.256100	0.658700	1.158700
1627303114.040334	0.198400	0.301100	1.002600	-0.249400	0.657200	1.138900
1627303114.064218	0.173000	0.295500	1.004200	-0.255800	0.643100	1.113200
1627303114.065078	0.151100	0.295500	0.987900	-0.303700	0.651700	1.085100
1627303114.073383	0.149300	0.292100	0.983900	-0.315600	0.658100	1.058500
1627303114.082850	0.137200	0.296000	0.981600	-0.315600	0.652900	1.028300
1627303114.106751	0.137800	0.303200	0.990700	-0.329400	0.671500	0.995600
1627303114.107641	0.120000	0.303800	0.987100	-0.327500	0.693500	0.954100
1627303114.111051	0.116100	0.300700	0.984700	-0.341600	0.732000	0.916200
1627303114.120809	0.128500	0.309100	0.977900	-0.353200	0.724700	0.874000
1627303114.124897	0.107500	0.305700	0.963300	-0.365400	0.731700	0.836500
1627303114.148693	0.116900	0.301600	0.959000	-0.365400	0.752500	0.801000
1627303114.150663	0.124000	0.296100	0.954800	-0.360200	0.758600	0.762300
1627303114.159360	0.114500	0.290400	0.947400	-0.364500	0.736900	0.715800
1627303114.163781	0.097500	0.288600	0.946200	-0.364800	0.724700	0.681000
1627303114.192115	0.079800	0.275300	0.944600	-0.377000	0.736600	0.645000
1627303114.194591	0.079500	0.268200	0.939500	-0.393500	0.725300	0.607400
1627303114.202231	0.063400	0.264200	0.931600	-0.418300	0.732900	0.580200
1627303114.219136	0.062600	0.259900	0.929700	-0.415800	0.718000	0.549100
1627303114.220019	0.047600	0.253700	0.924100	-0.424400	0.713100	0.521600
1627303114.230339	0.056200	0.251300	0.931600	-0.405700	0.678200	0.489500
1627303114.255874	0.028100	0.239300	0.928200	-0.396300	0.652000	0.453500
1627303114.258214	0.010600	0.218100	0.928700	-0.418600	0.639200	0.391500
1627303114.267184	0.002300	0.213000	0.924200	-0.447900	0.641900	0.352400
1627303114.268081	0.002400	0.213300	0.919400	-0.459800	0.625100	0.317500
1627303114.288292	0.001500	0.202400	0.913600	-0.468700	0.608300	0.276300
1627303114.290776	0.018400	0.201700	0.911400	-0.477200	0.587200	0.231700
1627303114.305528	0.012700	0.197800	0.910800	-0.479300	0.555800	0.185300
1627303114.308411	0.007100	0.194100	0.908400	-0.489100	0.506000	0.134900
1627303114.330031	-0.009200	0.185100	0.901100	-0.492800	0.468100	0.098600
1627303114.330673	-0.015400	0.178100	0.888800	-0.506200	0.462900	0.073800
1627303114.340124	-0.009800	0.171300	0.882400	-0.513600	0.451900	0.050900
1627303114.365755	-0.005600	0.168300	0.879900	-0.490300	0.423500	0.029200
1627303114.368778	-0.004500	0.164800	0.878100	-0.470500	0.398200	0.007500
1627303114.369453	-0.005500	0.154300	0.882000	-0.443600	0.362400	-0.021500
1627303114.381217	-0.015700	0.144300	0.886400	-0.417300	0.331900	-0.052300
1627303114.405807	-0.019400	0.134600	0.892800	-0.396300	0.306800	-0.084700
1627303114.410427	-0.022300	0.127300	0.894000	-0.379800	0.277500	-0.108500
1627303114.411322	-0.020600	0.118000	0.888800	-0.366900	0.241800	-0.127500
1627303114.422276	-0.021500	0.112400	0.888800	-0.366900	0.207900	-0.144600
1627303114.424033	-0.022700	0.113000	0.889300	-0.351100	0.172800	-0.164700
1627303114.451123	-0.026100	0.112500	0.894300	-0.324500	0.133100	-0.176300
1627303114.451938	-0.039700	0.107500	0.901900	-0.312900	0.097600	-0.189800
1627303114.461939	-0.044700	0.110800	0.906500	-0.286300	0.075000	-0.211800
1627303114.471094	-0.052900	0.110200	0.912200	-0.237100	0.055500	-0.230100
1627303114.488488	-0.055700	0.105800	0.916100	-0.210600	0.041400	-0.253600
1627303114.490764	-0.050900	0.105100	0.916500	-0.196800	0.022200	-0.268900
1627303114.506392	-0.040200	0.104000	0.920200	-0.169900	0.003900	-0.283500
1627303114.509632	-0.031400	0.104400	0.920000	-0.151600	-0.018400	-0.298500
1627303114.532784	-0.030400	0.109400	0.922000	-0.138500	-0.047500	-0.322300
1627303114.533678	-0.037700	0.117400	0.922500	-0.107900	-0.072200	-0.352300
1627303114.539020	-0.042200	0.121300	0.923500	-0.067600	-0.085600	-0.372100
1627303114.560640	-0.042400	0.127200	0.918500	-0.035900	-0.092400	-0.391400
1627303114.568990	-0.036300	0.129400	0.921900	0.010600	-0.104600	-0.412100
1627303114.569883	-0.027600	0.132000	0.924200	0.054600	-0.114700	-0.429800
1627303114.581084	-0.021200	0.128200	0.923800	0.095800	-0.130800	-0.454600
1627303114.582707	-0.027200	0.122200	0.926900	0.127500	-0.155600	-0.490900
1627303114.610638	-0.025800	0.115600	0.921000	0.143400	-0.171500	-0.516900
1627303114.611527	-0.019200	0.114500	0.918000	0.158400	-0.182800	-0.538300
1627303114.619724	-0.015900	0.112700	0.915400	0.187100	-0.204800	-0.568500
1627303114.627901	-0.013300	0.112300	0.913000	0.202400	-0.220900	-0.593600
1627303114.651298	-0.011800	0.112900	0.910300	0.216400	-0.237400	-0.617400
1627303114.652127	-0.010600	0.109300	0.911400	0.247300	-0.261600	-0.646700
1627303114.659470	-0.007100	0.105700	0.904900	0.255800	-0.281700	-0.669900
1627303114.669118	-0.009000	0.101300	0.903200	0.261300	-0.306500	-0.695300
1627303114.671963	-0.004800	0.100700	0.901600	0.267700	-0.330000	-0.720900
1627303114.694952	0.001000	0.097900	0.903900	0.265900	-0.342500	-0.736200
1627303114.699716	-0.007800	0.089800	0.909400	0.256400	-0.371200	-0.756400
1627303114.714974	-0.044200	0.083300	0.912400	0.237500	-0.388600	-0.799400
1627303114.719744	-0.082900	0.079800	0.917200	0.214000	-0.378900	-0.839100
1627303114.738643	-0.106300	0.079300	0.916100	0.194400	-0.354100	-0.870300
1627303114.740902	-0.094200	0.085900	0.908900	0.189200	-0.326900	-0.901100
1627303114.748249	-0.064100	0.099600	0.892000	0.213100	-0.311400	-0.918800
1627303114.758446	-0.020400	0.103600	0.876600	0.247000	-0.318100	-0.923100
1627303114.780081	0.021400	0.096100	0.864000	0.274500	-0.349500	-0.929800
1627303114.781032	0.057400	0.088100	0.857500	0.275400	-0.390200	-0.940500
1627303114.790992	0.079800	0.089100	0.857300	0.271400	-0.436300	-0.945400
1627303114.800942	0.091200	0.100300	0.868900	0.260400	-0.487300	-0.962200
1627303114.823866	0.092700	0.119800	0.884900	0.262200	-0.542900	-0.985700
1627303114.824839	0.095500	0.140700	0.897100	0.293700	-0.592700	-0.994300
1627303114.828420	0.098000	0.155800	0.907800	0.337700	-0.645800	-0.989100
1627303114.841003	0.100600	0.163000	0.916100	0.393900	-0.688000	-0.976300
1627303114.841908	0.114700	0.158200	0.932300	0.441500	-0.739000	-0.963700
1627303114.863572	0.115700	0.147500	0.948900	0.488000	-0.795800	-0.963100
1627303114.874737	0.120600	0.126200	0.957500	0.507500	-0.856900	-0.951500
1627303114.876472	0.127600	0.101200	0.961500	0.485500	-0.895900	-0.945100
1627303114.900365	0.121500	0.082300	0.976300	0.443400	-0.929500	-0.950600
1627303114.901063	0.113400	0.073700	0.998700	0.378600	-0.950300	-0.961600
1627303114.910901	0.102100	0.073200	1.018300	0.313300	-0.949700	-0.960100
1627303114.918906	0.103600	0.085700	1.020100	0.229900	-0.946000	-0.956400
1627303114.941526	0.119100	0.121700	1.026600	0.123900	-0.936900	-0.957000
1627303114.942420	0.133200	0.147100	1.031500	0.091800	-0.917000	-0.964700
1627303114.949696	0.148400	0.177900	1.046500	0.093000	-0.894400	-0.980800
1627303114.957919	0.158000	0.208700	1.046600	0.113200	-0.877900	-0.997300
1627303114.977789	0.162100	0.219700	1.045800	0.128200	-0.863600	-1.014400
1627303114.978684	0.163000	0.226600	1.037600	0.138900	-0.856900	-1.035200
1627303114.989754	0.159700	0.236700	1.031000	0.150500	-0.832700	-1.060300
1627303114.997730	0.159500	0.236200	1.029200	0.150800	-0.788400	-1.077700
1627303115.015938	0.181400	0.235200	1.028800	0.148600	-0.742300	-1.090800
1627303115.028899	0.203400	0.233200	1.031000	0.139200	-0.710200	-1.117400
1627303115.029794	0.200300	0.223300	1.027200	0.115000	-0.701400	-1.150700
1627303115.039029	0.182400	0.206700	1.020600	0.064000	-0.680000	-1.190700
1627303115.059389	0.190100	0.214700	1.014800	0.017600	-0.648500	-1.236200
1627303115.067735	0.210100	0.224700	1.009500	0.005100	-0.620800	-1.271600
1627303115.068628	0.212000	0.229000	1.003300	-0.012900	-0.602100	-1.304600
1627303115.080268	0.207200	0.229000	0.996200	-0.033700	-0.581700	-1.340000
1627303115.103159	0.205800	0.225700	0.988500	-0.067000	-0.550800	-1.360800
1627303115.107661	0.217700	0.227400	0.981100	-0.092100	-0.533100	-1.370300
1627303115.108320	0.227900	0.229500	0.974600	-0.122900	-0.519700	-1.375200
1627303115.119319	0.239900	0.237300	0.968800	-0.149200	-0.504700	-1.386200
1627303115.122361	0.252100	0.244600	0.962900	-0.154100	-0.498900	-1.393200
1627303115.147630	0.262500	0.251200	0.956300	-0.164700	-0.487900	-1.402300
1627303115.148500	0.270500	0.260000	0.953700	-0.180000	-0.482400	-1.411500
1627303115.158507	0.268100	0.263200	0.946900	-0.196200	-0.469600	-1.415500
1627303115.169175	0.272600	0.264900	0.948400	-0.193500	-0.464100	-1.420700
1627303115.189456	0.275500	0.263700	0.944600	-0.197100	-0.451500	-1.428600
1627303115.203310	0.279800	0.262300	0.940900	-0.201400	-0.435700	-1.435900
1627303115.204201	0.292400	0.267100	0.940800	-0.197400	-0.432600	-1.446900
1627303115.218157	0.295300	0.267000	0.936500	-0.187400	-0.433200	-1.461900
1627303115.219611	0.297400	0.269500	0.943400	-0.181500	-0.431100	-1.472300
1627303115.235091	0.297100	0.268100	0.946800	-0.176400	-0.428900	-1.479900
1627303115.239670	0.305900	0.267100	0.941200	-0.181200	-0.421300	-1.482700
1627303115.263626	0.308800	0.262800	0.939000	-0.179700	-0.421600	-1.489400
1627303115.265056	0.304600	0.264000	0.941800	-0.187700	-0.420100	-1.499500
1627303115.268295	0.304100	0.261700	0.941500	-0.194700	-0.410900	-1.506500
1627303115.283654	0.310900	0.261700	0.943100	-0.204100	-0.403900	-1.513200
1627303115.307491	0.306900	0.263400	0.946300	-0.218800	-0.400500	-1.527600
1627303115.308720	0.308200	0.263900	0.942400	-0.231900	-0.394100	-1.546500
1627303115.309580	0.310500	0.264000	0.942400	-0.236500	-0.382800	-1.556000
1627303115.324777	0.315100	0.265900	0.941300	-0.243200	-0.373400	-1.558700
1627303115.328320	0.316800	0.266600	0.937000	-0.254900	-0.362700	-1.561800
1627303115.348456	0.319000	0.266100	0.934700	-0.252100	-0.352600	-1.565100
1627303115.349507	0.313200	0.263200	0.937600	-0.250300	-0.338800	-1.569700
1627303115.357164	0.317100	0.258500	0.938800	-0.261900	-0.314400	-1.570000
1627303115.371371	0.329500	0.258200	0.937300	-0.271000	-0.292700	-1.567900
1627303115.390007	0.332000	0.256300	0.932900	-0.277500	-0.283900	-1.570900
1627303115.390818	0.330400	0.254400	0.932300	-0.288400	-0.272300	-1.572200
1627303115.401084	0.326800	0.249300	0.933500	-0.306800	-0.259100	-1.576400
1627303115.411040	0.321800	0.245700	0.940400	-0.321400	-0.243500	-1.580100
1627303115.426603	0.324500	0.241700	0.946800	-0.327900	-0.227100	-1.578900
1627303115.427495	0.329800	0.239900	0.946800	-0.339500	-0.214200	-1.577700
1627303115.437242	0.332200	0.245700	0.948500	-0.338500	-0.210300	-1.577700
1627303115.439028	0.327000	0.241900	0.953700	-0.329400	-0.213600	-1.580400
1627303115.467773	0.309600	0.235000	0.956700	-0.330600	-0.203200	-1.579800
1627303115.476574	0.309000	0.227700	0.963500	-0.337300	-0.184300	-1.572500
1627303115.477488	0.308600	0.224600	0.963700	-0.350800	-0.161400	-1.561500
1627303115.484015	0.309800	0.223600	0.966300	-0.363300	-0.147300	-1.553800
1627303115.506541	0.306500	0.224600	0.969400	-0.366000	-0.131100	-1.544100
1627303115.507433	0.310500	0.227700	0.971800	-0.372400	-0.106100	-1.533400
1627303115.528623	0.306000	0.230300	0.979500	-0.366000	-0.093300	-1.522100
1627303115.536733	0.290400	0.224600	0.978100	-0.371500	-0.078900	-1.516000
1627303115.537623	0.281700	0.225600	0.973800	-0.378900	-0.057800	-1.505000
1627303115.549628	0.278400	0.220700	0.971200	-0.376700	-0.016300	-1.483300
1627303115.556708	0.280600	0.223800	0.971900	-0.381600	0.018200	-1.475600
1627303115.577429	0.277100	0.222800	0.971400	-0.381000	0.040800	-1.469500
1627303115.578088	0.271000	0.223600	0.968800	-0.378900	0.075300	-1.463400
1627303115.590676	0.264900	0.221200	0.967400	-0.381300	0.108600	-1.457600
1627303115.597547	0.266500	0.215900	0.968400	-0.390500	0.136700	-1.447900
1627303115.618148	0.257900	0.216200	0.964700	-0.377000	0.154400	-1.432900
1627303115.619039	0.252900	0.210200	0.965600	-0.386500	0.168800	-1.426200
1627303115.628506	0.245500	0.209000	0.961800	-0.389200	0.179800	-1.418800
1627303115.636589	0.233300	0.199500	0.964600	-0.412500	0.205400	-1.410300
1627303115.659214	1.718400	-0.313800	1.038500	-0.460400	-0.312900	-2.671100
1627303115.672692	0.463100	-0.724100	1.278000	0.281500	-1.900200	-2.178100
1627303115.673617	-0.538900	-0.491000	1.072300	-0.391400	-1.775300	-1.942700
1627303115.679044	0.013500	0.918100	0.681000	-3.063600	-0.858100	-2.084100
1627303115.702045	0.005700	0.775300	0.619100	-3.900500	-0.675700	-1.122300
1627303115.707900	-0.130400	0.798200	0.813500	-2.353200	0.539000	-0.754200
1627303115.708788	-0.279900	0.745800	1.016600	-0.405700	1.801300	-0.464400
1627303115.718304	-0.279900	0.745800	1.016600	-0.405700	1.801300	-0.464400
1627303115.720249	0.275500	0.119300	1.026400	1.069800	2.051800	0.005100
1627303115.745266	0.709800	-0.087400	1.090600	0.988900	1.551800	-0.472300
1627303115.746149	0.709800	-0.087400	1.090600	0.988900	1.551800	-0.472300
1627303115.757187	0.635500	-0.158200	1.091800	0.658100	0.851400	-0.749600
1627303115.764134	0.386000	-0.193700	1.045700	0.087800	0.408200	-0.817400
1627303115.783608	0.237900	-0.138200	0.995400	-0.439600	0.345900	-0.838800
1627303115.787143	0.229500	-0.011100	0.959500	-0.690100	0.444900	-0.822600
1627303115.798492	0.234300	0.092900	0.938200	-0.721900	0.498700	-0.785400
1627303115.805641	0.215300	0.114900	0.932400	-0.651900	0.513900	-0.744700
1627303115.817197	0.190700	0.075900	0.934000	-0.511700	0.535300	-0.691000
1627303115.832881	0.170000	0.003400	0.925400	-0.357200	0.528000	-0.582300
1627303115.834822	0.163900	-0.059900	0.908100	-0.242000	0.487400	-0.416400
1627303115.856266	0.162000	-0.105100	0.876200	-0.218800	0.448600	-0.262200
1627303115.858359	0.195800	-0.130000	0.859300	-0.214500	0.389900	-0.107000
1627303115.875881	0.181500	-0.144400	0.864300	-0.198300	0.291900	0.029200
1627303115.887745	0.151600	-0.165600	0.888200	-0.147300	0.253700	0.114100
1627303115.888637	0.123200	-0.173000	0.916000	-0.101200	0.214000	0.153200
1627303115.898563	0.119500	-0.145600	0.927700	-0.095100	0.198100	0.191400
1627303115.905461	0.129300	-0.107300	0.931800	-0.121700	0.191400	0.231400
1627303115.917087	0.131600	-0.071500	0.927700	-0.182800	0.180700	0.282700
1627303115.931921	0.111900	-0.005400	0.928800	-0.266800	0.201200	0.354800
1627303115.935840	0.111000	0.020500	0.925400	-0.298800	0.245500	0.419300
1627303115.960107	0.088000	0.065400	0.924900	-0.288400	0.273200	0.487700
1627303115.960928	0.092200	0.089200	0.933300	-0.249400	0.324300	0.524900
1627303115.970907	0.091400	0.093100	0.945700	-0.215500	0.344400	0.513000
1627303115.980880	0.085400	0.094600	0.960300	-0.178800	0.347500	0.476400
1627303116.003461	0.071200	0.090000	0.961800	-0.145500	0.337700	0.432100
1627303116.004599	0.072300	0.082300	0.960300	-0.152200	0.323000	0.393000
1627303116.017546	0.071900	0.076400	0.963100	-0.189500	0.294900	0.364000
1627303116.018158	0.055500	0.073700	0.965700	-0.238700	0.268700	0.344100
1627303116.026525	0.033400	0.068800	0.971400	-0.255800	0.251300	0.338000
1627303116.048398	0.011800	0.063700	0.973900	-0.261300	0.250000	0.335600
1627303116.054809	0.002400	0.061300	0.972800	-0.239000	0.259800	0.343800
1627303116.055705	0.009000	0.059700	0.964000	-0.181900	0.271100	0.353300
1627303116.077984	0.028800	0.051400	0.964000	-0.123500	0.274800	0.366400
1627303116.078922	0.041500	0.033900	0.960900	-0.072500	0.265300	0.376200
1627303116.088322	0.045000	0.015700	0.960400	-0.040700	0.247600	0.383500
1627303116.097822	0.051500	0.004400	0.958100	-0.009000	0.230500	0.393600
1627303116.124281	0.049300	-0.010500	0.952300	-0.009000	0.210000	0.408900
1627303116.125177	0.048200	-0.015000	0.949700	-0.022400	0.190500	0.416500
1627303116.127163	0.047500	-0.016700	0.952300	-0.028800	0.183400	0.417100
1627303116.137003	0.050700	-0.019500	0.955300	-0.021200	0.173100	0.422600
1627303116.145143	0.057100	-0.024400	0.952900	-0.037700	0.152000	0.429000
1627303116.167404	0.062600	-0.032200	0.942100	-0.058500	0.131200	0.427800
1627303116.168529	0.059400	-0.037500	0.939800	-0.075300	0.105300	0.418600
1627303116.178313	0.052700	-0.037200	0.942300	-0.091400	0.086000	0.411000
1627303116.188507	0.051100	-0.036900	0.945300	-0.105200	0.076500	0.411900
1627303116.210054	0.040500	-0.035900	0.945200	-0.113400	0.065200	0.420500
1627303116.213571	0.030200	-0.036900	0.943000	-0.129600	0.054900	0.429600
1627303116.216480	0.033900	-0.033800	0.937400	-0.141800	0.051200	0.451900
1627303116.225594	0.032700	-0.031500	0.935200	-0.140900	0.047500	0.476100
1627303116.240550	0.031600	-0.027300	0.936000	-0.127800	0.043300	0.502600
1627303116.246004	0.029900	-0.026100	0.937000	-0.115900	0.034700	0.520700
1627303116.265571	0.025600	-0.021200	0.935400	-0.089000	0.022500	0.539600
1627303116.266760	0.023600	-0.015000	0.931900	-0.049900	0.012700	0.559100
1627303116.277158	0.028900	-0.007100	0.929100	-0.019400	0.005100	0.578400
1627303116.284742	0.028200	-0.003800	0.925700	0.009300	-0.009900	0.589400
1627303116.305061	0.025600	0.000000	0.920300	0.023700	-0.015700	0.599500
1627303116.305924	0.030300	0.005700	0.924900	0.039000	-0.023900	0.614400
1627303116.315816	0.028000	0.006700	0.920200	0.061900	-0.032200	0.628200
1627303116.327357	0.033400	0.024700	0.928300	0.093600	-0.063600	0.642800
1627303116.350686	0.034900	0.037100	0.925800	0.130000	-0.085300	0.653500
1627303116.352906	0.033000	0.038000	0.922600	0.146800	-0.096900	0.656600
1627303116.354278	0.024400	0.056300	0.924300	0.186500	-0.111000	0.661800
1627303116.362335	0.029900	0.061600	0.925300	0.205700	-0.113400	0.677300
1627303116.384007	0.036600	0.063800	0.925500	0.250900	-0.129300	0.693200
1627303116.384895	0.050900	0.068400	0.923800	0.279000	-0.133900	0.703000
1627303116.399800	0.054400	0.068800	0.920400	0.313300	-0.154100	0.709100
1627303116.402810	0.059400	0.076200	0.924000	0.337100	-0.162000	0.713700
1627303116.425055	0.061900	0.074100	0.925800	0.366400	-0.177600	0.719200
1627303116.425604	0.067100	0.073900	0.928600	0.386300	-0.194700	0.730200
1627303116.433556	0.073200	0.072300	0.926500	0.390800	-0.201700	0.742100
1627303116.457012	0.077300	0.068800	0.930700	0.403700	-0.213000	0.752500
1627303116.470025	0.085300	0.066500	0.932600	0.414700	-0.233500	0.764400
1627303116.470640	0.089800	0.066000	0.937700	0.415600	-0.255800	0.779700
1627303116.476498	0.090600	0.061500	0.941500	0.404300	-0.268900	0.794300
1627303116.498234	0.093300	0.059800	0.943000	0.389300	-0.272600	0.811700
1627303116.499771	0.100200	0.064100	0.950100	0.378900	-0.282300	0.828500
1627303116.513838	0.108400	0.067600	0.952100	0.367600	-0.292700	0.840500
1627303116.514869	0.109100	0.075000	0.960800	0.364900	-0.315000	0.862400
1627303116.517685	0.100100	0.067900	0.964600	0.349000	-0.313800	0.873100
1627303116.538695	0.099100	0.073900	0.977500	0.344700	-0.316800	0.893000
1627303116.546514	0.094100	0.075400	0.985800	0.349300	-0.324500	0.924400
1627303116.565728	0.100100	0.075100	0.984000	0.336500	-0.317200	0.948000
1627303116.580279	0.113000	0.078600	0.986200	0.333400	-0.312900	0.974200
1627303116.581444	0.120500	0.083600	0.986900	0.337700	-0.301900	1.001100
1627303116.586396	0.133400	0.080700	0.988500	0.308700	-0.278100	1.023400
1627303116.608388	0.148400	0.096400	0.992300	0.320600	-0.301300	1.041100
1627303116.615296	0.137600	0.106900	0.993300	0.320000	-0.298200	1.060700
1627303116.616192	0.125200	0.103800	0.988900	0.323000	-0.294900	1.072000
1627303116.626077	0.125200	0.104000	0.984500	0.306200	-0.272600	1.091200
1627303116.627888	0.129000	0.104000	0.981100	0.292500	-0.238700	1.121800
1627303116.654043	0.146000	0.116500	0.977800	0.295500	-0.237700	1.149500
1627303116.654932	0.156500	0.121800	0.971200	0.291000	-0.224300	1.176400
1627303116.659081	0.163500	0.127700	0.971200	0.307800	-0.231900	1.198700
1627303116.681176	0.161100	0.131700	0.965200	0.301000	-0.231000	1.212800
1627303116.684615	0.169900	0.134800	0.960600	0.285500	-0.216400	1.231400
1627303116.697300	0.193700	0.147900	0.958000	0.298300	-0.228000	1.250300
1627303116.702193	0.189900	0.150600	0.951500	0.288500	-0.227400	1.264400
1627303116.714973	0.192400	0.160400	0.958600	0.278400	-0.238400	1.280900
1627303116.724637	0.190400	0.163500	0.955600	0.276000	-0.223400	1.302000
1627303116.731490	0.197000	0.170000	0.960900	0.289700	-0.220900	1.317800
1627303116.757807	0.197500	0.175000	0.962500	0.290700	-0.208100	1.330700
1627303116.758694	0.205200	0.173800	0.967900	0.299500	-0.192200	1.339800
1627303116.768446	0.225100	0.176100	0.975200	0.311100	-0.190400	1.351100
1627303116.777837	0.231400	0.179400	0.974100	0.318400	-0.193100	1.357900
1627303116.803007	0.231900	0.179100	0.977500	0.321800	-0.197700	1.361800
1627303116.803981	0.228000	0.181500	0.981600	0.326100	-0.196500	1.365800
1627303116.805002	0.216800	0.178500	0.980200	0.327300	-0.182800	1.372200
1627303116.817719	0.221600	0.181600	0.982900	0.312000	-0.171200	1.375300
1627303116.840608	0.221200	0.186600	0.979000	0.314500	-0.170500	1.378300
1627303116.843862	0.227700	0.188000	0.976300	0.320600	-0.149800	1.386600
1627303116.844569	0.240500	0.190800	0.972700	0.319100	-0.138500	1.391500
1627303116.856251	0.246100	0.197400	0.968600	0.324600	-0.136000	1.396000
1627303116.872038	0.236900	0.199300	0.969800	0.340100	-0.135700	1.400600
1627303116.874581	0.233300	0.205100	0.967400	0.335500	-0.120200	1.409500
1627303116.887287	0.239700	0.209600	0.961500	0.340700	-0.087800	1.425400
1627303116.908998	0.254300	0.216700	0.954800	0.350200	-0.063600	1.434500
1627303116.909830	0.263800	0.221400	0.950100	0.350800	-0.047500	1.440600
1627303116.914523	0.265100	0.234100	0.944900	0.353300	-0.037700	1.446700
1627303116.928572	0.266400	0.239300	0.942100	0.373400	-0.018700	1.453100
1627303116.929462	0.273800	0.242800	0.940700	0.388400	0.000200	1.456800
1627303116.952394	0.281900	0.247900	0.942600	0.402400	0.018800	1.456800
1627303116.954630	0.283900	0.251200	0.940700	0.409800	0.033500	1.452200
1627303116.958958	0.286500	0.255700	0.938600	0.419200	0.042300	1.451900
1627303116.983887	0.291000	0.256500	0.936000	0.428400	0.053000	1.452200
1627303116.984774	0.297100	0.259800	0.938200	0.426900	0.056700	1.449800
1627303117.005943	0.291100	0.262100	0.940100	0.430500	0.054900	1.444000
1627303117.036386	0.281600	0.264600	0.945200	0.429000	0.059400	1.437600
1627303117.037304	0.283200	0.268300	0.943800	0.426900	0.069800	1.435100
1627303117.038426	0.287100	0.274700	0.946000	0.433300	0.077500	1.429300
1627303117.042218	0.286700	0.279200	0.948700	0.426900	0.086000	1.419900
1627303117.043107	0.287500	0.284900	0.951000	0.422900	0.094000	1.413400
1627303117.053719	0.289800	0.284500	0.953600	0.424400	0.104000	1.407000
1627303117.064616	0.296100	0.286400	0.953000	0.422000	0.117200	1.396300
1627303117.074111	0.297900	0.287800	0.957800	0.412800	0.125700	1.380500
1627303117.095462	0.297500	0.290800	0.959500	0.405200	0.130600	1.361200
1627303117.096346	0.285300	0.290800	0.965100	0.385000	0.140400	1.338300
1627303117.106089	0.278300	0.291100	0.965200	0.361800	0.158700	1.320600
1627303117.112780	0.281400	0.291500	0.967700	0.340400	0.178300	1.307500
1627303117.136875	0.282000	0.291600	0.967000	0.328500	0.192300	1.288800
1627303117.137761	0.279300	0.293200	0.967200	0.310500	0.202400	1.263200
1627303117.144388	0.275500	0.293500	0.967300	0.298300	0.212800	1.232600
1627303117.153450	0.265000	0.294900	0.967500	0.279300	0.225900	1.196000
1627303117.157558	0.252000	0.292700	0.971100	0.264100	0.247000	1.166700
1627303117.183447	0.253100	0.286900	0.968300	0.241800	0.274200	1.145000
1627303117.185699	0.256500	0.282800	0.967400	0.217700	0.302600	1.120500
1627303117.199025	0.260600	0.282100	0.966600	0.202100	0.318500	1.087200
1627303117.215944	0.263200	0.281400	0.958500	0.182500	0.327900	1.055800
1627303117.217467	0.255900	0.283100	0.955100	0.166000	0.335600	1.015200
1627303117.226000	0.242200	0.280400	0.955700	0.150200	0.349300	0.973900
1627303117.226884	0.236600	0.276200	0.956400	0.137000	0.369500	0.946700
1627303117.251192	0.233600	0.270100	0.955700	0.122400	0.390500	0.921100
1627303117.253236	0.235000	0.269000	0.952400	0.100700	0.407600	0.889900
1627303117.257438	0.233000	0.269400	0.951700	0.090900	0.421400	0.861500
1627303117.282635	0.234100	0.267600	0.951700	0.084500	0.424100	0.824600
1627303117.283183	0.232500	0.269900	0.955200	0.074400	0.429600	0.782100
1627303117.294957	0.236100	0.267900	0.953700	0.061300	0.438800	0.747600
1627303117.300337	0.237700	0.269200	0.956100	0.061000	0.428100	0.706700
1627303117.313115	0.224000	0.263800	0.954100	0.026800	0.453500	0.666400
1627303117.328734	0.221800	0.261500	0.956800	0.011200	0.454700	0.636700
1627303117.330968	0.217400	0.265500	0.957600	-0.002300	0.472100	0.612300
1627303117.357418	0.217700	0.257200	0.956400	-0.016600	0.488600	0.581100
1627303117.358240	0.220600	0.261000	0.962800	-0.009000	0.479700	0.551800
1627303117.363251	0.188800	0.247400	0.956500	-0.018400	0.499600	0.517600
1627303117.374820	0.188400	0.242200	0.960600	-0.030400	0.531900	0.484300
1627303117.397423	0.206900	0.255200	0.967400	-0.022100	0.534700	0.455000
1627303117.398436	0.188500	0.245500	0.952600	-0.002900	0.535900	0.435400
1627303117.405992	0.192600	0.233800	0.945100	-0.026400	0.573200	0.402800
1627303117.414735	0.199800	0.223900	0.943200	-0.041400	0.589700	0.379900
1627303117.437598	0.189900	0.213500	0.940400	-0.045300	0.577500	0.360300
1627303117.438624	0.174700	0.207900	0.934900	-0.067000	0.567400	0.337400
1627303117.442091	0.172900	0.205800	0.933700	-0.100900	0.584500	0.312700
1627303117.457468	0.172700	0.202600	0.927600	-0.125300	0.589100	0.298300
1627303117.458348	0.176600	0.200800	0.924200	-0.153400	0.583300	0.274500
1627303117.479917	0.178700	0.199200	0.923200	-0.190400	0.580200	0.252200
1627303117.481952	0.180300	0.195900	0.914700	-0.205400	0.556100	0.233600
1627303117.492372	0.176900	0.191400	0.910600	-0.229500	0.547200	0.212500
1627303117.501051	0.168600	0.192700	0.911300	-0.242300	0.517000	0.183500
1627303117.513727	0.156400	0.185200	0.909200	-0.254900	0.499600	0.160300
1627303117.529557	0.148600	0.185200	0.907100	-0.288800	0.492900	0.144700
1627303117.540605	0.146200	0.180900	0.904100	-0.301900	0.469300	0.133100
1627303117.555214	0.148300	0.181800	0.902200	-0.310100	0.452800	0.122700
1627303117.556117	0.146700	0.180800	0.897700	-0.298800	0.425700	0.104400
1627303117.558025	0.148700	0.175000	0.895900	-0.298800	0.389900	0.086000
1627303117.582788	0.146100	0.168100	0.891500	-0.302800	0.354800	0.065900
1627303117.583528	0.139000	0.166900	0.892200	-0.305600	0.310800	0.040200
1627303117.595841	0.121800	0.162700	0.895400	-0.312000	0.270500	0.012100
1627303117.601386	0.115700	0.161600	0.897000	-0.317800	0.242700	-0.005000
1627303117.613026	0.108600	0.162400	0.893100	-0.319600	0.214300	-0.020900
1627303117.628249	0.108000	0.165300	0.889600	-0.324200	0.181000	-0.037400
1627303117.630962	0.108900	0.163900	0.883900	-0.320200	0.148900	-0.049900
1627303117.655072	0.107900	0.160900	0.883500	-0.309500	0.115300	-0.071000
1627303117.655893	0.113500	0.163100	0.883700	-0.290900	0.076500	-0.099100
1627303117.662216	0.118300	0.162000	0.882400	-0.274700	0.043600	-0.118900
1627303117.674693	0.124000	0.157800	0.874600	-0.261000	0.006900	-0.137200
1627303117.675583	0.121800	0.151400	0.875500	-0.247200	-0.034900	-0.161100
1627303117.700092	0.118800	0.147500	0.879000	-0.234100	-0.074300	-0.184900
1627303117.703573	0.118700	0.143100	0.881100	-0.223100	-0.104300	-0.204700
1627303117.715259	0.119400	0.137300	0.879900	-0.200800	-0.148600	-0.228300
1627303117.740267	0.116700	0.135900	0.881000	-0.171500	-0.188300	-0.253600
1627303117.740968	0.117300	0.132000	0.881500	-0.147600	-0.222800	-0.278000
1627303117.741892	0.106400	0.127800	0.887500	-0.132700	-0.265200	-0.310400
1627303117.754578	0.099600	0.122100	0.889600	-0.128100	-0.293000	-0.333900
1627303117.759989	0.100300	0.116500	0.889000	-0.117700	-0.311400	-0.351700
1627303117.781065	0.110500	0.116500	0.890000	-0.104300	-0.336100	-0.369100
1627303117.781910	0.122100	0.115700	0.887700	-0.092400	-0.365400	-0.385300
1627303117.797839	0.131200	0.118900	0.889200	-0.085900	-0.390500	-0.399300
1627303117.802223	0.135700	0.120700	0.892300	-0.067300	-0.419500	-0.418800
1627303117.824154	0.136400	0.123000	0.899400	-0.052300	-0.442100	-0.435600
1627303117.825039	0.142600	0.124100	0.901500	-0.039200	-0.456100	-0.441800
1627303117.831464	0.158600	0.121200	0.902500	-0.022400	-0.478400	-0.450000
1627303117.855948	0.168800	0.116200	0.901900	-0.003200	-0.507100	-0.463400
1627303117.869832	0.161400	0.115000	0.908700	0.016700	-0.528500	-0.482400
1627303117.870758	0.157200	0.110600	0.918500	0.032300	-0.548400	-0.505300
1627303117.882379	0.158100	0.107200	0.922100	0.030400	-0.564600	-0.524200
1627303117.883091	0.159700	0.104400	0.924000	0.030400	-0.583500	-0.535200
1627303117.893618	0.159100	0.099400	0.924600	0.031000	-0.605500	-0.550800
1627303117.900820	0.170900	0.094400	0.922400	0.021900	-0.614000	-0.568500
1627303117.921699	0.192400	0.096800	0.921100	0.015800	-0.620100	-0.586800
1627303117.922600	0.216400	0.098300	0.919700	0.009300	-0.634500	-0.608200
1627303117.929215	0.232100	0.101900	0.924000	0.007800	-0.662600	-0.636900
1627303117.953235	0.246100	0.106000	0.933100	0.011500	-0.680600	-0.662300
1627303117.955104	0.242800	0.104200	0.938500	0.003500	-0.694400	-0.692200
1627303117.970393	0.242400	0.107100	0.950100	0.006900	-0.734700	-0.711100
1627303117.976324	0.237300	0.106400	0.950000	-0.004100	-0.748400	-0.723700
1627303117.999947	0.240400	0.107800	0.959600	-0.003200	-0.769200	-0.726400
1627303118.000937	0.248300	0.105100	0.955400	-0.000700	-0.780200	-0.727000
1627303118.002157	0.262800	0.108400	0.959600	0.003800	-0.782900	-0.739600
1627303118.017277	0.268200	0.111900	0.957500	0.021600	-0.801300	-0.746300
1627303118.022215	0.274300	0.112400	0.958400	0.014800	-0.794900	-0.762500
1627303118.045674	0.279200	0.118400	0.957200	0.017000	-0.795500	-0.779900
1627303118.046960	0.279100	0.115100	0.959200	0.010300	-0.799400	-0.794500
1627303118.053954	0.273100	0.111800	0.960200	-0.025800	-0.773500	-0.816200
1627303118.074442	0.276900	0.111600	0.967700	-0.049900	-0.757000	-0.821700
1627303118.085201	0.281500	0.104200	0.966200	-0.087200	-0.722200	-0.828700
1627303118.085900	0.296900	0.121000	0.975600	-0.120500	-0.702900	-0.843100
1627303118.095679	0.299100	0.130400	0.979500	-0.121100	-0.690100	-0.851600
1627303118.118446	0.297600	0.134300	0.987200	-0.140600	-0.669300	-0.866300
1627303118.121606	0.287100	0.143900	0.991200	-0.147300	-0.636900	-0.875500
1627303118.122487	0.296100	0.149500	0.997100	-0.147600	-0.588700	-0.877600
1627303118.132185	0.307700	0.157100	0.994000	-0.126300	-0.561800	-0.876700
1627303118.139034	0.319200	0.157800	0.997600	-0.120200	-0.530000	-0.877600
1627303118.163676	0.322300	0.159900	1.000600	-0.107000	-0.507100	-0.889800
1627303118.165228	0.317300	0.153400	0.997200	-0.114700	-0.476300	-0.909100
1627303118.176018	0.324300	0.151200	0.994000	-0.128400	-0.451500	-0.915500
1627303118.186121	0.331400	0.164700	0.991600	-0.140300	-0.429200	-0.929800
1627303118.207617	0.329100	0.163700	0.979200	-0.156500	-0.417000	-0.937500
1627303118.208510	0.334200	0.171600	0.972400	-0.174200	-0.393200	-0.949400
1627303118.211023	0.334600	0.172000	0.967500	-0.191000	-0.357500	-0.961300
1627303118.214585	0.338400	0.169600	0.967300	-0.199000	-0.335800	-0.973800
1627303118.237030	0.341200	0.170300	0.959500	-0.208400	-0.309200	-0.991500
1627303118.245146	0.346300	0.173700	0.954000	-0.215100	-0.296100	-1.016000
1627303118.267478	0.343500	0.176400	0.942400	-0.229500	-0.285700	-1.039800
1627303118.268297	0.339500	0.179200	0.938200	-0.245100	-0.260600	-1.057800
1627303118.270844	0.340600	0.182400	0.933800	-0.263400	-0.238700	-1.073700
1627303118.285813	0.344000	0.186500	0.930400	-0.271000	-0.227700	-1.084400
1627303118.288376	0.346200	0.185200	0.921300	-0.291500	-0.204100	-1.096900
1627303118.312634	0.353500	0.192700	0.919200	-0.310700	-0.187700	-1.109100
1627303118.313684	0.353300	0.195600	0.915600	-0.313500	-0.177600	-1.121000
1627303118.320960	0.357400	0.197300	0.911900	-0.312600	-0.166600	-1.132000
1627303118.332251	0.364900	0.201500	0.909200	-0.308300	-0.151600	-1.152500
1627303118.354984	0.366700	0.206500	0.908800	-0.304900	-0.148600	-1.166200
1627303118.355874	0.368000	0.204200	0.905400	-0.301300	-0.146400	-1.173300
1627303118.363014	0.371300	0.197400	0.905400	-0.299400	-0.143100	-1.176900
1627303118.374675	0.380000	0.195600	0.907300	-0.302200	-0.140000	-1.181800
1627303118.375736	0.386600	0.196200	0.908300	-0.298800	-0.139700	-1.187000
1627303118.398293	0.391800	0.200700	0.912400	-0.296700	-0.146100	-1.192500
1627303118.411425	0.392100	0.201500	0.915600	-0.293000	-0.146400	-1.193400
1627303118.412294	0.384500	0.197900	0.920200	-0.289400	-0.147900	-1.193700
1627303118.418950	0.379400	0.195300	0.920500	-0.300700	-0.137600	-1.193100
1627303118.442178	0.377000	0.195100	0.924600	-0.298500	-0.127500	-1.189500
1627303118.443191	0.378100	0.191800	0.926100	-0.300700	-0.118900	-1.191300
1627303118.453331	0.373900	0.188700	0.922700	-0.312300	-0.105500	-1.192500
1627303118.471377	0.375500	0.189100	0.922000	-0.318100	-0.090200	-1.195300
1627303118.472228	0.377100	0.184600	0.922200	-0.319000	-0.070400	-1.193100
1627303118.482032	0.384300	0.186500	0.923800	-0.323300	-0.053000	-1.191900
1627303118.491414	0.385400	0.184800	0.916300	-0.321400	-0.043500	-1.187000
1627303118.517862	0.383300	0.186800	0.914200	-0.322000	-0.031900	-1.185500
1627303118.518449	0.382300	0.188000	0.913700	-0.316200	-0.018400	-1.181500
1627303118.520550	0.378500	0.188600	0.914700	-0.313800	-0.004100	-1.180600
1627303118.534072	0.377300	0.189200	0.911700	-0.312600	0.012400	-1.170800
1627303118.548631	0.381000	0.186600	0.907800	-0.306800	0.032600	-1.155600
1627303118.550889	0.387500	0.183600	0.904700	-0.293900	0.053000	-1.135400
1627303118.562484	0.398300	0.183000	0.903600	-0.279600	0.065900	-1.117400
1627303118.585967	0.397800	0.176800	0.905600	-0.260000	0.068600	-1.096900
1627303118.587336	0.393600	0.167100	0.908200	-0.249400	0.070700	-1.075500
1627303118.590994	0.388500	0.162100	0.911500	-0.239000	0.074700	-1.061500
1627303118.606220	0.374600	0.154900	0.915200	-0.234700	0.075000	-1.042800
1627303118.608482	0.362700	0.154400	0.918500	-0.251200	0.090900	-1.015100
1627303118.630728	0.360700	0.149300	0.919600	-0.251200	0.105600	-0.989100
1627303118.632023	0.362200	0.152500	0.917200	-0.253000	0.120500	-0.963400
1627303118.647175	0.363000	0.156100	0.914900	-0.245100	0.137000	-0.931700
1627303118.652516	0.362100	0.155500	0.916300	-0.234400	0.141300	-0.912100
1627303118.671294	0.353800	0.156700	0.918900	-0.228600	0.149200	-0.894700
1627303118.672112	0.344400	0.155600	0.923300	-0.234100	0.161800	-0.880100
1627303118.683363	0.340700	0.157300	0.917200	-0.244200	0.174300	-0.865700
1627303118.694722	0.342500	0.161500	0.913500	-0.247800	0.191100	-0.847400
1627303118.711441	0.336400	0.165200	0.912500	-0.237700	0.211500	-0.828100
1627303118.712376	0.332600	0.167600	0.917000	-0.233200	0.227100	-0.811600
1627303118.719596	0.332200	0.166300	0.914400	-0.227100	0.241200	-0.791200
1627303118.730919	0.334200	0.165900	0.913800	-0.217000	0.250000	-0.767700
1627303118.731832	0.332600	0.163700	0.918300	-0.195900	0.253400	-0.753300
1627303118.754914	0.329700	0.163000	0.926100	-0.165100	0.245100	-0.739600
1627303118.767163	0.322500	0.158300	0.924200	-0.152500	0.254600	-0.714800
1627303118.769666	0.317600	0.152000	0.923500	-0.143100	0.255500	-0.698900
1627303118.777320	0.310400	0.148200	0.926900	-0.142500	0.257700	-0.684000
1627303118.797608	0.299400	0.143200	0.928200	-0.137900	0.258300	-0.664100
1627303118.800952	0.289700	0.138200	0.929200	-0.137000	0.277200	-0.649500
1627303118.810950	0.289600	0.142000	0.935100	-0.118000	0.276600	-0.639400
1627303118.818543	0.278400	0.140100	0.933700	-0.122900	0.283600	-0.628100
1627303118.841251	0.264300	0.141000	0.936900	-0.129300	0.281800	-0.615500
1627303118.841925	0.247100	0.137800	0.936800	-0.126300	0.294300	-0.598700
1627303118.860918	0.231900	0.135500	0.942900	-0.118900	0.310500	-0.578000
1627303118.872863	0.226300	0.133300	0.949000	-0.124100	0.339200	-0.558400
1627303118.873763	0.227200	0.133500	0.949100	-0.119900	0.367000	-0.540100
1627303118.883164	0.235400	0.142800	0.953000	-0.096600	0.374300	-0.523900
1627303118.891634	0.228400	0.137000	0.943100	-0.085900	0.377700	-0.506200
1627303118.910627	0.218400	0.138100	0.943600	-0.086600	0.382900	-0.490600
1627303118.911522	0.205200	0.135100	0.945400	-0.067600	0.382300	-0.466500
1627303118.919727	0.199100	0.127900	0.943200	-0.059700	0.391400	-0.441500
1627303118.930236	0.199800	0.128800	0.935500	-0.073400	0.401200	-0.426800
1627303118.956514	0.204100	0.130600	0.933000	-0.082300	0.402700	-0.414900
1627303118.957208	0.203100	0.144800	0.934800	-0.057200	0.382300	-0.395600
1627303118.959715	0.200300	0.139300	0.928500	-0.045000	0.378600	-0.387100
1627303118.972238	0.195800	0.133400	0.929600	-0.073400	0.385300	-0.382800
1627303118.976207	0.195700	0.138800	0.929700	-0.074300	0.387200	-0.382800
1627303118.998755	0.197800	0.138700	0.931400	-0.068200	0.381100	-0.381000
1627303118.999756	0.201500	0.146200	0.935500	-0.062400	0.381400	-0.383100
1627303119.009782	0.200400	0.153800	0.939300	-0.048700	0.360300	-0.377000
1627303119.021099	0.188500	0.151900	0.941000	-0.045300	0.341700	-0.370300
1627303119.045087	0.176000	0.145800	0.947800	-0.048700	0.325200	-0.369700
1627303119.045908	0.164800	0.145300	0.955400	-0.040700	0.315700	-0.369100
1627303119.048161	0.161400	0.144800	0.962000	-0.012300	0.308400	-0.370300
1627303119.053660	0.154400	0.146900	0.965900	0.001100	0.301000	-0.365700
1627303119.077921	0.149700	0.148800	0.966400	0.014800	0.298000	-0.355000
1627303119.078802	0.144000	0.147000	0.956500	0.018500	0.290700	-0.341300
1627303119.088243	0.136200	0.143100	0.953900	0.017900	0.290000	-0.327500
1627303119.095535	0.126000	0.140500	0.958000	0.026500	0.292800	-0.310400
1627303119.112206	0.116700	0.136600	0.967400	0.036500	0.300400	-0.300300
1627303119.123683	0.108200	0.135100	0.966700	0.035300	0.314800	-0.294500
1627303119.124604	0.109900	0.135600	0.959800	0.035900	0.323300	-0.280500
1627303119.148819	0.114100	0.138800	0.952800	0.044500	0.330400	-0.254200
1627303119.149632	0.116200	0.135000	0.947900	0.054600	0.331900	-0.230100
1627303119.155430	0.113900	0.131800	0.945600	0.053900	0.336200	-0.209000
1627303119.177648	0.109400	0.127900	0.943500	0.061900	0.344700	-0.190700
1627303119.178223	0.114600	0.126500	0.938600	0.072900	0.340100	-0.168100
1627303119.199707	0.114700	0.118500	0.936200	0.085400	0.326100	-0.151000
1627303119.200403	0.102100	0.112400	0.933300	0.069200	0.315100	-0.136300
