1627303133.073549	0.212400	-0.708100	-0.674100	-0.132800	0.000600	0.004000
1627303133.074190	0.177200	-0.692100	-0.647000	-0.055500	-0.034500	-0.004300
1627303133.074820	0.176400	-0.719200	-0.659900	0.031800	-0.076300	0.030500
1627303133.075448	0.172100	-0.742800	-0.652200	0.056600	-0.123100	0.015000
1627303133.076552	0.151400	-0.774900	-0.671500	0.063300	-0.164900	0.046700
1627303133.077104	0.138900	-0.774300	-0.700300	0.022700	-0.218400	0.065700
1627303133.077647	0.112200	-0.732800	-0.724500	0.026900	-0.264200	0.046700
1627303133.078190	0.100200	-0.729500	-0.693800	0.151000	-0.296200	0.066300
1627303133.078703	0.091200	-0.704000	-0.723500	0.553800	-0.304200	0.101100
1627303133.079189	0.062600	-0.636400	-0.842900	1.218700	-0.349400	0.247400
1627303133.079679	0.044600	-0.741500	-0.944600	2.213500	-0.469700	0.685100
1627303133.080170	-0.072500	-1.160200	-0.937500	3.088000	-0.680800	1.262700
1627303133.080658	-0.231400	-1.397600	-0.949800	3.387900	-0.820700	1.981000
1627303133.081148	-0.477900	-1.550900	-0.857900	3.756600	-1.082400	2.571400
1627303133.081750	-0.526700	-1.820700	-0.941000	3.675600	-1.146000	2.818800
1627303133.082343	-0.671900	-1.947300	-0.973600	2.459100	-1.290100	3.363700
1627303133.082922	-0.724200	-1.786300	-0.904200	1.649700	-1.245500	3.892400
1627303133.083401	-0.690100	-1.600700	-0.868800	1.223900	-1.236100	4.272100
1627303133.083805	-0.709200	-1.474500	-0.840300	1.074600	-1.267800	4.632800
1627303133.084376	-0.731900	-1.378500	-0.804300	1.138100	-1.257700	4.995100
1627303133.084785	-0.738800	-1.296000	-0.748900	1.332700	-1.213500	5.308700
1627303133.085188	-0.750900	-1.228100	-0.674300	1.641800	-1.128800	5.583300
1627303133.085635	-0.758900	-1.170300	-0.592200	2.066600	-0.997800	5.853600
1627303133.086040	-0.764900	-1.127600	-0.517700	2.461600	-0.879300	6.046300
1627303133.086453	-0.798100	-1.094100	-0.420800	2.876300	-0.753800	6.204900
1627303133.086900	-0.823600	-1.081200	-0.305800	3.257500	-0.600100	6.320300
1627303133.087301	-0.831200	-1.078000	-0.220800	3.564500	-0.422700	6.375900
1627303133.087714	-0.814000	-1.053700	-0.142800	3.767300	-0.243700	6.364900
1627303133.088147	-0.805900	-0.993900	-0.059100	3.902300	-0.062000	6.253700
1627303133.088547	-0.793700	-0.922600	0.001200	4.052900	0.119500	6.085800
1627303133.088991	-0.791100	-0.874000	0.049200	4.183900	0.258700	5.918400
1627303133.089394	-0.791300	-0.844600	0.103400	4.319500	0.372400	5.769300
1627303133.089793	-0.785400	-0.821300	0.167700	4.413000	0.489600	5.625200
1627303133.090237	-0.741800	-0.789200	0.211200	4.491500	0.596800	5.494400
1627303133.090636	-0.688200	-0.743500	0.221800	4.539700	0.660100	5.350000
1627303133.091035	-0.647300	-0.684000	0.247100	4.518000	0.700400	5.134000
1627303133.091487	-0.637800	-0.639300	0.281000	4.417800	0.752900	4.887800
1627303133.091887	-0.630400	-0.604000	0.317900	4.286200	0.830500	4.682900
1627303133.092378	-0.624400	-0.567000	0.343900	4.145100	0.919700	4.496600
1627303133.092843	-0.608500	-0.518400	0.356400	4.013800	1.033900	4.326200
1627303133.093246	-0.574300	-0.466400	0.372100	3.936200	1.138400	4.166100
1627303133.093680	-0.533600	-0.420200	0.379000	3.898000	1.248000	4.014300
1627303133.094082	-0.481700	-0.387700	0.364900	3.908400	1.368400	3.859800
1627303133.094483	-0.458100	-0.382200	0.341600	3.867200	1.471300	3.702800
1627303133.094918	-0.453700	-0.385900	0.307700	3.769700	1.561100	3.512500
1627303133.095324	-0.459100	-0.391600	0.261600	3.609700	1.643900	3.300200
1627303133.095726	-0.455100	-0.397000	0.215600	3.382700	1.717200	3.097700
1627303133.096171	-0.436500	-0.399400	0.159500	3.096500	1.799000	2.922700
1627303133.096571	-0.419100	-0.391700	0.100200	2.763600	1.876000	2.771800
1627303133.097026	-0.444900	-0.371600	0.042800	2.311900	1.963000	2.581500
1627303133.097473	-0.495700	-0.327900	-0.002800	1.944100	2.036400	2.426400
1627303133.097873	-0.529800	-0.273900	-0.044800	1.635700	2.097400	2.279800
1627303133.098366	-0.545700	-0.220800	-0.075600	1.386700	2.144800	2.145100
1627303133.098816	-0.548200	-0.170400	-0.109600	1.170800	2.192400	2.022900
1627303133.099216	-0.535600	-0.112700	-0.142200	0.999100	2.243700	1.907700
1627303133.099650	-0.534500	-0.055500	-0.173600	0.872400	2.275800	1.792300
1627303133.100052	-0.560200	0.003500	-0.217000	0.790500	2.267900	1.666100
1627303133.100450	-0.595300	0.053500	-0.252300	0.792700	2.252300	1.564400
1627303133.100893	-0.608000	0.092700	-0.283900	0.850100	2.226900	1.477400
1627303133.101292	-0.608600	0.116300	-0.319300	0.947500	2.174700	1.407100
1627303133.101688	-0.619000	0.113300	-0.351300	1.054100	2.121300	1.345400
1627303133.102132	-0.640000	0.090600	-0.380500	1.116400	2.074200	1.295000
1627303133.102530	-0.674200	0.065300	-0.397500	1.117600	2.036700	1.247400
1627303133.102955	-0.680300	0.051100	-0.411600	1.030900	1.999100	1.196400
1627303133.103374	-0.662800	0.061200	-0.433700	0.933800	1.947500	1.153600
1627303133.103774	-0.654500	0.076800	-0.462600	0.846400	1.885500	1.116400
1627303133.104250	-0.653300	0.094400	-0.486900	0.779200	1.828000	1.088000
1627303133.104785	-0.651100	0.115200	-0.522300	0.735900	1.762100	1.052800
1627303133.105306	-0.642900	0.141200	-0.551000	0.715100	1.672000	1.004600
1627303133.105928	-0.643300	0.168700	-0.569800	0.716000	1.565700	0.952600
1627303133.106408	-0.663100	0.184000	-0.555700	0.728500	1.491500	0.901600
1627303133.106873	-0.670000	0.192600	-0.542800	0.737700	1.455100	0.872300
1627303133.107376	-0.662700	0.189700	-0.547100	0.762700	1.434600	0.851200
1627303133.107874	-0.656500	0.174700	-0.561000	0.773700	1.405300	0.827700
1627303133.108383	-0.657500	0.159200	-0.583900	0.757200	1.361600	0.803600
1627303133.108868	-0.671300	0.153200	-0.602200	0.731900	1.327400	0.782200
1627303133.109325	-0.680200	0.151900	-0.633200	0.683000	1.309700	0.760200
1627303133.109829	-0.683300	0.146700	-0.652600	0.637800	1.296900	0.728800
1627303133.110308	-0.684100	0.141200	-0.670300	0.566600	1.287100	0.694900
1627303133.110767	-0.679100	0.144700	-0.693100	0.487800	1.266700	0.663400
1627303133.111274	-0.681600	0.153800	-0.703000	0.411200	1.257500	0.643900
1627303133.111752	-0.678200	0.164700	-0.702900	0.354700	1.260900	0.642000
1627303133.112206	-0.659900	0.174600	-0.717900	0.326600	1.252000	0.645100
1627303133.112714	-0.642900	0.177600	-0.756200	0.315000	1.223000	0.632300
1627303133.113193	-0.630000	0.183600	-0.796000	0.307000	1.189100	0.615500
1627303133.113711	-0.613500	0.199600	-0.832200	0.311600	1.146000	0.590700
1627303133.114197	-0.607900	0.222400	-0.845900	0.320200	1.103600	0.555900
1627303133.114663	-0.604100	0.237100	-0.829800	0.348300	1.076700	0.520500
1627303133.115292	-0.597400	0.243200	-0.810700	0.371500	1.062000	0.493900
1627303133.115755	-0.584800	0.234000	-0.809200	0.365100	1.043100	0.473700
1627303133.116166	-0.563100	0.216100	-0.822400	0.310400	1.013200	0.453000
1627303133.116602	-0.550500	0.204300	-0.832800	0.225200	0.977100	0.441400
1627303133.117013	-0.534500	0.216700	-0.847400	0.135100	0.937700	0.430400
1627303133.117424	-0.514400	0.246600	-0.860600	0.073100	0.898300	0.415100
1627303133.117858	-0.488800	0.281600	-0.883100	0.055000	0.847600	0.389700
1627303133.118269	-0.462000	0.305800	-0.899300	0.062700	0.776700	0.352800
1627303133.118681	-0.444900	0.303700	-0.910600	0.065700	0.691500	0.318000
1627303133.119239	-0.450200	0.284500	-0.907000	0.012600	0.592300	0.281300
1627303133.119659	-0.472200	0.270500	-0.885300	-0.095800	0.534500	0.262400
1627303133.120101	-0.500100	0.271400	-0.864000	-0.231800	0.494500	0.259000
1627303133.120517	-0.524300	0.297100	-0.856400	-0.335600	0.461800	0.282800
1627303133.120931	-0.529500	0.345600	-0.860800	-0.343500	0.437100	0.329300
1627303133.121374	-0.508200	0.400000	-0.872600	-0.230200	0.404100	0.384200
1627303133.121800	-0.478600	0.440200	-0.889200	0.010800	0.346400	0.426400
1627303133.122224	-0.456900	0.442400	-0.897700	0.275600	0.281900	0.437400
1627303133.122690	-0.449200	0.415300	-0.888500	0.436200	0.217200	0.425800
1627303133.123133	-0.460100	0.375700	-0.877100	0.499500	0.155800	0.403200
1627303133.123549	-0.469800	0.337400	-0.864000	0.467400	0.105700	0.382400
1627303133.123997	-0.465300	0.308700	-0.856200	0.379400	0.060200	0.372600
1627303133.124411	-0.458700	0.291600	-0.848900	0.261200	0.017100	0.373500
1627303133.124853	-0.444300	0.299200	-0.841300	0.147300	-0.022900	0.380600
1627303133.125436	-0.439600	0.331500	-0.837800	0.102100	-0.052200	0.385800
1627303133.125900	-0.437100	0.371900	-0.841600	0.158900	-0.072100	0.393100
1627303133.126345	-0.428800	0.406200	-0.844600	0.307600	-0.087900	0.401300
1627303133.126762	-0.420400	0.416000	-0.842800	0.517200	-0.100800	0.409300
1627303133.127177	-0.422200	0.389000	-0.842200	0.713300	-0.113900	0.417200
1627303133.127622	-0.430900	0.338600	-0.843500	0.833000	-0.125500	0.423900
1627303133.128038	-0.446700	0.273800	-0.846200	0.827800	-0.134400	0.432800
1627303133.128452	-0.456300	0.239000	-0.852800	0.727000	-0.142600	0.452400
1627303133.128896	-0.457400	0.231900	-0.859300	0.606700	-0.157000	0.478600
1627303133.129310	-0.456900	0.245000	-0.862300	0.516600	-0.173800	0.511000
1627303133.129753	-0.459400	0.268200	-0.857700	0.478700	-0.189300	0.546100
1627303133.130205	-0.466600	0.287500	-0.855000	0.499500	-0.202500	0.578200
1627303133.130664	-0.475500	0.297200	-0.850600	0.559900	-0.211000	0.608400
1627303133.131125	-0.480300	0.289100	-0.844200	0.651300	-0.223200	0.648100
1627303133.131619	-0.486500	0.269300	-0.840100	0.695500	-0.227500	0.678700
1627303133.132204	-0.491800	0.242100	-0.834000	0.691900	-0.231800	0.705600
1627303133.132681	-0.496000	0.217200	-0.832200	0.637200	-0.237300	0.728800
1627303133.133141	-0.491500	0.204700	-0.834800	0.545300	-0.245200	0.748300
1627303133.133591	-0.490600	0.211900	-0.833300	0.449400	-0.256800	0.761800
1627303133.134038	-0.496000	0.238200	-0.825000	0.399300	-0.263300	0.775200
1627303133.134453	-0.502100	0.268600	-0.814200	0.418500	-0.264800	0.794700
1627303133.134868	-0.503400	0.283700	-0.809000	0.485400	-0.261400	0.808200
1627303133.135316	-0.509400	0.287100	-0.808100	0.570300	-0.250100	0.820700
1627303133.135730	-0.511500	0.271900	-0.810100	0.639000	-0.233600	0.831100
1627303133.136174	-0.515400	0.246700	-0.814600	0.670500	-0.219900	0.834800
1627303133.136588	-0.518200	0.219000	-0.825100	0.653100	-0.209500	0.832600
1627303133.137000	-0.523300	0.207300	-0.834500	0.595100	-0.197600	0.829600
1627303133.137527	-0.524200	0.210800	-0.840700	0.526600	-0.185700	0.825600
1627303133.137959	-0.528000	0.219400	-0.841100	0.495200	-0.179000	0.821900
1627303133.138387	-0.536000	0.232500	-0.840900	0.495200	-0.167300	0.820100
1627303133.138855	-0.537800	0.239300	-0.844200	0.523900	-0.152700	0.816400
1627303133.139282	-0.537100	0.237100	-0.841900	0.564500	-0.133400	0.813100
1627303133.139696	-0.537000	0.223500	-0.841100	0.594400	-0.115100	0.809700
1627303133.140146	-0.545000	0.205700	-0.835000	0.593200	-0.095300	0.805700
1627303133.140564	-0.546800	0.196500	-0.837500	0.564500	-0.072700	0.805700
1627303133.141014	-0.537500	0.192500	-0.846100	0.530900	-0.055600	0.803600
1627303133.141430	-0.525500	0.194900	-0.851300	0.498800	-0.047300	0.796000
1627303133.141923	-0.522200	0.201200	-0.859600	0.478400	-0.047000	0.785300
1627303133.142369	-0.523100	0.211400	-0.862100	0.483300	-0.048500	0.779500
1627303133.142788	-0.522700	0.220100	-0.864600	0.509800	-0.050100	0.777300
1627303133.143203	-0.521100	0.222300	-0.860800	0.554100	-0.054000	0.768200
1627303133.143648	-0.520900	0.216800	-0.854000	0.580400	-0.053100	0.757800
1627303133.144061	-0.519700	0.203200	-0.851600	0.581000	-0.051300	0.747100
1627303133.144473	-0.519900	0.189700	-0.847800	0.551100	-0.050100	0.739500
1627303133.144916	-0.519200	0.180800	-0.847800	0.498200	-0.049400	0.730000
1627303133.145332	-0.515900	0.181300	-0.850700	0.443900	-0.052500	0.721700
1627303133.145782	-0.508500	0.185400	-0.850700	0.405100	-0.064100	0.711700
1627303133.146196	-0.502900	0.195700	-0.851800	0.388900	-0.075400	0.696700
1627303133.146612	-0.506300	0.204700	-0.849900	0.394100	-0.084600	0.682000
1627303133.147060	-0.509400	0.214400	-0.851600	0.413600	-0.086100	0.666500
1627303133.147473	-0.513200	0.218800	-0.853300	0.440500	-0.083000	0.653300
1627303133.147890	-0.512800	0.212600	-0.853000	0.461600	-0.074800	0.646000
1627303133.148342	-0.517300	0.203500	-0.855600	0.461300	-0.067500	0.641400
1627303133.148768	-0.517200	0.195600	-0.854700	0.441100	-0.055600	0.639900
1627303133.149190	-0.512800	0.192300	-0.857400	0.401400	-0.042700	0.640800
1627303133.149640	-0.511400	0.194900	-0.863400	0.371200	-0.032600	0.635600
1627303133.150063	-0.506600	0.206400	-0.866800	0.360200	-0.024100	0.636200
1627303133.150503	-0.503900	0.217400	-0.867400	0.373000	-0.013400	0.639600
1627303133.150948	-0.502100	0.222400	-0.864300	0.410000	-0.003300	0.641100
1627303133.151365	-0.504600	0.217400	-0.864400	0.455200	0.006800	0.641100
1627303133.151920	-0.502700	0.198400	-0.864000	0.484800	0.016500	0.638100
1627303133.152322	-0.495800	0.176300	-0.862200	0.490600	0.024800	0.631300
1627303133.152840	-0.489600	0.157200	-0.861500	0.465500	0.029700	0.616700
1627303133.153377	-0.484100	0.149000	-0.857500	0.426800	0.034500	0.599000
1627303133.153802	-0.475800	0.147900	-0.860100	0.386100	0.034200	0.578800
1627303133.154210	-0.466300	0.148700	-0.865500	0.358300	0.028100	0.555600
1627303133.154649	-0.463100	0.153200	-0.870400	0.341500	0.015900	0.530200
1627303133.155056	-0.468100	0.154100	-0.870600	0.347300	0.000900	0.496600
1627303133.155459	-0.478800	0.141000	-0.869300	0.357700	-0.012200	0.459700
1627303133.155898	-0.484400	0.123400	-0.865500	0.359900	-0.019500	0.423600
1627303133.156303	-0.478500	0.106200	-0.863900	0.340900	-0.027800	0.383900
1627303133.156751	-0.477100	0.091200	-0.862300	0.307600	-0.041200	0.342400
1627303133.157225	-0.483500	0.086900	-0.862500	0.267000	-0.049800	0.301500
1627303133.157626	-0.487400	0.089700	-0.858900	0.226700	-0.050100	0.259600
1627303133.158073	-0.484300	0.099700	-0.860800	0.198000	-0.055300	0.206500
1627303133.158475	-0.484700	0.100700	-0.864900	0.184200	-0.062900	0.160700
1627303133.158876	-0.488300	0.099900	-0.868900	0.171400	-0.067500	0.119700
1627303133.159321	-0.493400	0.100600	-0.868000	0.154900	-0.068700	0.085800
1627303133.159724	-0.502700	0.101300	-0.871200	0.148200	-0.069900	0.054100
1627303133.160124	-0.506500	0.105000	-0.879800	0.142100	-0.066900	0.027800
1627303133.160583	-0.509500	0.112800	-0.883200	0.140600	-0.058600	0.010400
1627303133.161003	-0.516100	0.121100	-0.886400	0.160700	-0.044000	0.000900
1627303133.161450	-0.524700	0.118200	-0.886200	0.181500	-0.030800	-0.003700
1627303133.161868	-0.530500	0.107800	-0.884900	0.180900	-0.016500	-0.008200
1627303133.162283	-0.526400	0.093400	-0.883500	0.152500	-0.006100	-0.010400
1627303133.162729	-0.520300	0.085100	-0.880500	0.091400	0.003400	-0.010400
1627303133.163144	-0.520300	0.085100	-0.880500	0.091400	0.003400	-0.016800
1627303133.163622	-0.520400	0.088000	-0.873900	0.012600	0.009800	-0.027800
1627303133.164091	-0.516600	0.095500	-0.870200	-0.055800	0.018700	-0.037900
1627303133.164508	-0.507600	0.112300	-0.866700	-0.112900	0.032100	-0.039700
1627303133.165365	-0.498200	0.122100	-0.861700	-0.134600	0.041600	-0.040000
1627303133.165778	-0.491800	0.130600	-0.856400	-0.133700	0.055000	-0.039100
1627303133.166209	-0.484700	0.138200	-0.851600	-0.116900	0.070600	-0.038500
1627303133.166629	-0.476200	0.137000	-0.847700	-0.095800	0.086200	-0.039700
1627303133.168435	-0.466900	0.132900	-0.845300	-0.075400	0.096900	-0.044600
1627303133.168882	-0.453700	0.123700	-0.843100	-0.071700	0.103600	-0.054700
1627303133.169324	-0.440100	0.111100	-0.844000	-0.098300	0.109700	-0.074200
1627303133.169756	-0.436900	0.103600	-0.847500	-0.144700	0.108500	-0.099300
1627303133.172355	-0.429900	0.102400	-0.847500	-0.205500	0.103000	-0.129800
1627303133.172833	-0.425400	0.111000	-0.846400	-0.262600	0.089500	-0.160700
1627303133.173274	-0.424700	0.123300	-0.847000	-0.300800	0.073600	-0.192700
1627303133.175517	-0.432100	0.137700	-0.843800	-0.306600	0.055000	-0.223900
1627303133.175932	-0.434600	0.149700	-0.846100	-0.282200	0.037600	-0.253800
1627303133.176371	-0.440800	0.151400	-0.849600	-0.228700	0.015300	-0.280100
1627303133.176781	-0.451700	0.147200	-0.855100	-0.178300	-0.005200	-0.299600
1627303133.177228	-0.465000	0.133400	-0.859000	-0.143800	-0.022000	-0.319800
1627303133.179318	-0.473800	0.123200	-0.869500	-0.136500	-0.040000	-0.346700
1627303133.179758	-0.477900	0.110600	-0.881000	-0.154800	-0.060700	-0.380900
1627303133.180173	-0.480700	0.100000	-0.891700	-0.199400	-0.087000	-0.421800
1627303133.181869	-0.486600	0.096800	-0.892100	-0.265400	-0.116900	-0.471600
1627303133.182269	-0.501300	0.100700	-0.890700	-0.322500	-0.139600	-0.519200
1627303133.182667	-0.514900	0.103100	-0.880900	-0.357600	-0.150200	-0.555900
1627303133.183110	-0.524300	0.109600	-0.874500	-0.371000	-0.153900	-0.589200
1627303133.184863	-0.531400	0.110400	-0.864500	-0.370100	-0.152700	-0.620000
1627303133.185329	-0.533800	0.107200	-0.856100	-0.364000	-0.147800	-0.644800
1627303133.185974	-0.532500	0.096900	-0.853100	-0.367700	-0.144700	-0.672600
1627303133.188644	-0.533100	0.091400	-0.846600	-0.393600	-0.139600	-0.708000
1627303133.189180	-0.534300	0.090900	-0.837500	-0.434600	-0.133100	-0.739800
1627303133.189583	-0.536100	0.094800	-0.832200	-0.469400	-0.118500	-0.765400
1627303133.190021	-0.537600	0.101900	-0.824300	-0.498100	-0.102900	-0.788000
1627303133.190435	-0.536500	0.104700	-0.819300	-0.516400	-0.083400	-0.805700
1627303133.192979	-0.534300	0.104600	-0.814300	-0.534400	-0.061400	-0.821600
1627303133.193426	-0.534800	0.101600	-0.807100	-0.558900	-0.040600	-0.833800
1627303133.193845	-0.530800	0.105200	-0.801600	-0.604400	-0.017100	-0.849400
1627303133.194340	-0.531200	0.112900	-0.798800	-0.642000	-0.003600	-0.859200
1627303133.196477	-0.529900	0.122100	-0.802500	-0.671300	0.007400	-0.863800
1627303133.196936	-0.529200	0.135900	-0.803300	-0.689000	0.012600	-0.865000
1627303133.197378	-0.530500	0.144700	-0.801900	-0.701200	0.017100	-0.860400
1627303133.197792	-0.534700	0.149800	-0.803800	-0.716500	0.021400	-0.856700
1627303133.199928	-0.537100	0.154800	-0.807100	-0.735400	0.025700	-0.854600
1627303133.200340	-0.542800	0.160600	-0.813500	-0.761400	0.030300	-0.850900
1627303133.200789	-0.546000	0.171100	-0.817700	-0.782400	0.031800	-0.848500
1627303133.201194	-0.547600	0.180900	-0.819500	-0.794400	0.029700	-0.844200
1627303133.203278	-0.549600	0.186900	-0.827000	-0.798000	0.026000	-0.843300
1627303133.203680	-0.555300	0.197500	-0.833600	-0.799600	0.020200	-0.849700
1627303133.204125	-0.560300	0.206900	-0.836200	-0.793100	0.016800	-0.855800
1627303133.204527	-0.564300	0.213100	-0.833000	-0.777900	0.012900	-0.862200
1627303133.204928	-0.571500	0.219000	-0.833100	-0.765300	0.005800	-0.871700
1627303133.206678	-0.575300	0.224600	-0.833000	-0.749200	0.002500	-0.881500
1627303133.207085	-0.576400	0.226700	-0.831300	-0.726600	-0.000300	-0.890000
1627303133.207521	-0.576300	0.224900	-0.822400	-0.703000	-0.001500	-0.898900
1627303133.209565	-0.577100	0.220900	-0.814600	-0.681700	-0.004600	-0.915100
1627303133.210012	-0.579200	0.217200	-0.814500	-0.659400	-0.004600	-0.931000
1627303133.210417	-0.583100	0.213400	-0.815600	-0.652300	-0.000300	-0.952900
1627303133.210819	-0.584500	0.214200	-0.812600	-0.644700	0.005200	-0.976800
1627303133.213338	-0.585800	0.210000	-0.805800	-0.625200	0.010700	-0.995400
1627303133.213744	-0.585100	0.202900	-0.805200	-0.599800	0.017700	-1.011600
1627303133.214162	-0.577300	0.193800	-0.803100	-0.562500	0.025700	-1.023800
1627303133.215870	-0.567300	0.178600	-0.800700	-0.521600	0.033000	-1.036600
1627303133.216275	-0.555100	0.167700	-0.797200	-0.487400	0.037900	-1.054300
1627303133.216676	-0.544800	0.152700	-0.795700	-0.450400	0.047400	-1.083700
1627303133.217121	-0.533800	0.132300	-0.794600	-0.433600	0.050700	-1.112700
1627303133.219207	-0.526200	0.111000	-0.796300	-0.444900	0.045200	-1.142000
1627303133.219608	-0.523200	0.092900	-0.793800	-0.485000	0.033000	-1.174400
1627303133.220008	-0.523100	0.078900	-0.791700	-0.543300	0.016500	-1.205800
1627303133.220444	-0.527700	0.076900	-0.786600	-0.609900	-0.007300	-1.235800
1627303133.222586	-0.533700	0.085200	-0.781000	-0.667300	-0.029600	-1.259900
1627303133.222988	-0.539200	0.110800	-0.771400	-0.702700	-0.055300	-1.283700
1627303133.223389	-0.540900	0.128500	-0.763800	-0.697800	-0.074200	-1.297200
1627303133.223826	-0.541400	0.137000	-0.761600	-0.678900	-0.094300	-1.304500
1627303133.225882	-0.545900	0.135600	-0.762500	-0.668200	-0.116600	-1.311500
1627303133.226317	-0.547500	0.128100	-0.764900	-0.669100	-0.142000	-1.319500
1627303133.226718	-0.552200	0.124600	-0.766600	-0.691700	-0.168300	-1.325900
1627303133.227160	-0.560900	0.128100	-0.763300	-0.723800	-0.197300	-1.328900
1627303133.228802	-0.574500	0.138100	-0.758900	-0.754000	-0.231500	-1.333200
1627303133.229200	-0.582800	0.144400	-0.751500	-0.767200	-0.257100	-1.332900
1627303133.229644	-0.595100	0.149300	-0.744400	-0.777600	-0.284300	-1.326200
1627303133.231741	-0.606100	0.155300	-0.742700	-0.793800	-0.309700	-1.321600
1627303133.232154	-0.617100	0.171000	-0.741500	-0.807200	-0.330100	-1.312100
1627303133.232555	-0.628900	0.185500	-0.738400	-0.809000	-0.346900	-1.298400
1627303133.232956	-0.642700	0.199800	-0.743200	-0.785200	-0.359800	-1.277600
1627303133.235400	-0.661100	0.207200	-0.749400	-0.738200	-0.364700	-1.240700
1627303133.235802	-0.679600	0.210200	-0.757200	-0.677400	-0.361900	-1.205800
1627303133.236214	-0.696900	0.202100	-0.765500	-0.609600	-0.350900	-1.168000
1627303133.236711	-0.705600	0.184200	-0.768900	-0.551500	-0.335000	-1.129500
1627303135.105273	-0.770900	0.197300	-0.671900	-1.038400	-0.118800	-0.836600
1627303135.114801	-0.812100	0.257800	-0.611500	0.774600	-0.112400	0.693000
1627303135.121860	-0.811000	0.246600	-0.613600	0.768800	-0.099800	0.679300
1627303135.131729	-0.809900	0.232200	-0.617600	0.742600	-0.091000	0.664000
1627303135.134450	-0.807400	0.226800	-0.621800	0.704400	-0.079400	0.647200
1627303135.160904	-0.800700	0.222900	-0.623400	0.672000	-0.067800	0.633500
1627303135.161720	-0.793000	0.225700	-0.624600	0.652200	-0.058000	0.617900
1627303135.170052	-0.791000	0.231600	-0.626500	0.648200	-0.049400	0.603500
1627303135.191438	-0.791700	0.238800	-0.627300	0.662200	-0.034500	0.587000
1627303135.192321	-0.791300	0.238900	-0.623500	0.689100	-0.020400	0.568700
1627303135.203236	-0.795300	0.223900	-0.622200	0.710500	-0.007300	0.543400
1627303135.209607	-0.798700	0.204600	-0.622300	0.704700	0.008300	0.516800
1627303135.231571	-0.793500	0.188000	-0.626500	0.672000	0.023900	0.489600
1627303135.241159	-0.787200	0.178100	-0.628200	0.618600	0.037600	0.457800
1627303135.242080	-0.782300	0.179200	-0.634500	0.560200	0.053500	0.428200
1627303135.247476	-0.775300	0.191900	-0.638400	0.523900	0.072100	0.402600
1627303135.271657	-0.764300	0.201300	-0.639500	0.522400	0.095000	0.382100
1627303135.282409	-0.754800	0.205600	-0.638100	0.550200	0.114600	0.362900
1627303135.283669	-0.749800	0.205600	-0.637700	0.581300	0.130500	0.341200
1627303135.290011	-0.748200	0.197600	-0.637300	0.598400	0.143000	0.318600
1627303135.310640	-0.747800	0.188000	-0.637200	0.587400	0.156100	0.297500
1627303135.325714	-0.747400	0.180900	-0.642100	0.551400	0.168000	0.282200
1627303135.326619	-0.741700	0.178300	-0.645500	0.508300	0.178100	0.274300
1627303135.341420	-0.739700	0.181500	-0.650300	0.467400	0.182700	0.274900
1627303135.342323	-0.737300	0.183300	-0.657000	0.425800	0.185100	0.280100
1627303135.354665	-0.731400	0.186000	-0.659500	0.400200	0.183000	0.286500
1627303135.377553	-0.728600	0.197000	-0.659800	0.388300	0.179000	0.292300
1627303135.378090	-0.729000	0.209100	-0.656500	0.386100	0.176900	0.300600
1627303135.381742	-0.730300	0.217700	-0.655400	0.399300	0.176600	0.315200
1627303135.390794	-0.726900	0.219700	-0.656400	0.422200	0.176300	0.331700
1627303135.398590	-0.727500	0.212300	-0.657500	0.429500	0.177200	0.351600
1627303135.413300	-0.730700	0.205100	-0.660200	0.411800	0.179900	0.367700
1627303135.428084	-0.730600	0.198200	-0.663700	0.385800	0.185700	0.374500
1627303135.428996	-0.731600	0.198000	-0.669100	0.352500	0.198600	0.379700
1627303135.450936	-0.721200	0.206400	-0.672200	0.326300	0.218700	0.386700
1627303135.451681	-0.710900	0.220900	-0.679600	0.327200	0.238300	0.393700
1627303135.457463	-0.703500	0.236000	-0.686400	0.355600	0.261800	0.401600
1627303135.479129	-0.699200	0.234700	-0.690900	0.407500	0.285600	0.405900
1627303135.490170	-0.694600	0.220800	-0.697900	0.458200	0.309400	0.402300
1627303135.491063	-0.685300	0.198200	-0.704500	0.477200	0.324400	0.387600
1627303135.501243	-0.674600	0.177200	-0.711100	0.464000	0.334800	0.368100
1627303135.510808	-0.666100	0.168100	-0.716200	0.423700	0.341800	0.349100
1627303135.521855	-0.664700	0.166600	-0.721700	0.378200	0.347300	0.334500
1627303135.530736	-0.669100	0.172500	-0.729100	0.339100	0.355600	0.322800
1627303135.552271	-0.669300	0.177500	-0.742700	0.313700	0.357700	0.317000
1627303135.553089	-0.661500	0.178300	-0.750200	0.304600	0.353700	0.312800
1627303135.558758	-0.657100	0.176300	-0.756100	0.299400	0.344900	0.307300
1627303135.580689	-0.656400	0.172000	-0.764600	0.292700	0.333300	0.296600
1627303135.591484	-0.652000	0.165500	-0.766000	0.283500	0.326500	0.284700
1627303135.600542	-0.640500	0.160600	-0.767300	0.266700	0.319200	0.274600
1627303135.601475	-0.637100	0.160500	-0.764300	0.244400	0.311600	0.263600
1627303135.613690	-0.634200	0.164800	-0.759800	0.215700	0.304900	0.241900
1627303135.620640	-0.626800	0.163600	-0.760400	0.194300	0.297800	0.222400
1627303135.630733	-0.627100	0.159200	-0.760000	0.171700	0.288700	0.205900
1627303135.634406	-0.619800	0.160800	-0.762500	0.153700	0.283800	0.190600
1627303135.655993	-0.614400	0.164100	-0.764300	0.141500	0.274900	0.175000
1627303135.661021	-0.614100	0.169400	-0.765400	0.139000	0.269100	0.158800
1627303135.684358	-0.609300	0.173200	-0.762600	0.144200	0.262700	0.139000
1627303135.697620	-0.602300	0.169200	-0.763200	0.155200	0.254800	0.115200
1627303135.698520	-0.598400	0.163100	-0.762500	0.154900	0.248300	0.095600
1627303135.702053	-0.594600	0.158400	-0.763900	0.148500	0.240100	0.078800
1627303135.703706	-0.591600	0.154200	-0.760400	0.138100	0.231200	0.064100
1627303135.727970	-0.586200	0.151700	-0.760100	0.124400	0.223900	0.048300
1627303135.730291	-0.580700	0.149200	-0.760400	0.107600	0.216300	0.027800
1627303135.740750	-0.577500	0.149200	-0.762000	0.091700	0.210200	0.006400
1627303135.750818	-0.578700	0.150400	-0.764300	0.075800	0.199500	-0.015900
1627303135.770963	-0.579000	0.150300	-0.767500	0.074300	0.191800	-0.033900
1627303135.771784	-0.577300	0.146700	-0.771700	0.077600	0.184500	-0.049500
1627303135.781837	-0.576700	0.144800	-0.774400	0.075800	0.176900	-0.070500
1627303135.791817	-0.575300	0.140700	-0.775500	0.069700	0.170200	-0.092200
1627303135.814822	-0.575800	0.140100	-0.777100	0.056900	0.166800	-0.115100
1627303135.815960	-0.575600	0.137500	-0.782200	0.042500	0.165000	-0.137400
1627303135.823219	-0.576400	0.132200	-0.789400	0.019600	0.165600	-0.164900
1627303135.838093	-0.579600	0.128200	-0.794300	-0.003000	0.165300	-0.183300
1627303135.839003	-0.574600	0.127000	-0.800400	-0.023100	0.163100	-0.202200
1627303135.858236	-0.570900	0.123300	-0.802700	-0.033200	0.158900	-0.221400
1627303135.860361	-0.568100	0.122300	-0.805400	-0.041800	0.153400	-0.238500
1627303135.875465	-0.566200	0.121200	-0.803700	-0.049400	0.146000	-0.253500
1627303135.880520	-0.561600	0.118400	-0.802900	-0.060100	0.139300	-0.272400
1627303135.902272	-0.566500	0.113300	-0.797200	-0.090300	0.132600	-0.290500
1627303135.903292	-0.566500	0.111600	-0.795900	-0.123900	0.125900	-0.301200
1627303135.912026	-0.564100	0.109000	-0.794400	-0.157800	0.119500	-0.311500
1627303135.921865	-0.562400	0.106000	-0.790800	-0.194500	0.110300	-0.319200
1627303135.922754	-0.560200	0.105300	-0.787500	-0.229300	0.100200	-0.329600
1627303135.951044	-0.555500	0.103800	-0.786000	-0.256200	0.088600	-0.342400
1627303135.953065	-0.555300	0.105000	-0.784300	-0.280300	0.074600	-0.355500
1627303135.960686	-0.555700	0.109700	-0.775000	-0.301700	0.065400	-0.366800
1627303135.978305	-0.552700	0.114400	-0.771900	-0.312700	0.054100	-0.379300
1627303135.986775	-0.553600	0.112700	-0.774000	-0.321900	0.041000	-0.393400
1627303135.989457	-0.558800	0.108900	-0.770300	-0.348400	0.027200	-0.406500
1627303136.002958	-0.570800	0.108500	-0.768100	-0.389400	0.013500	-0.417500
1627303136.024689	-0.582500	0.112200	-0.771500	-0.430600	0.002800	-0.433700
1627303136.025493	-0.591800	0.120100	-0.770000	-0.474300	-0.006400	-0.449900
1627303136.029910	-0.596600	0.128500	-0.771200	-0.508500	-0.013400	-0.462700
1627303136.044146	-0.599600	0.138300	-0.772000	-0.531400	-0.017400	-0.478300
1627303136.059231	-0.608000	0.145400	-0.773900	-0.544500	-0.018600	-0.493600
1627303136.063280	-0.612700	0.153600	-0.774500	-0.555500	-0.018000	-0.507300
1627303136.085658	-0.619300	0.160800	-0.770800	-0.567700	-0.015200	-0.517700
1627303136.087043	-0.622600	0.169200	-0.769900	-0.575100	-0.011000	-0.529900
1627303136.100074	-0.629200	0.177500	-0.769000	-0.586400	-0.004600	-0.544900
1627303136.100969	-0.634300	0.182400	-0.766700	-0.597400	0.000900	-0.556800
1627303136.107418	-0.637600	0.184100	-0.766700	-0.611100	0.002800	-0.572100
1627303136.131779	-0.639900	0.184100	-0.766600	-0.633700	0.008300	-0.586100
1627303136.139918	-0.642200	0.196500	-0.762100	-0.657200	0.017100	-0.594700
1627303136.140809	-0.640700	0.211200	-0.760500	-0.668500	0.028100	-0.601400
1627303136.153544	-0.640400	0.224100	-0.762500	-0.663600	0.037000	-0.605700
1627303136.177621	-0.641200	0.235000	-0.766800	-0.645000	0.050700	-0.609300
1627303136.178523	-0.643600	0.235500	-0.770300	-0.625800	0.064200	-0.614200
1627303136.179340	-0.644900	0.234600	-0.771700	-0.610500	0.078500	-0.616700
1627303136.189167	-0.637600	0.230500	-0.775400	-0.606500	0.094100	-0.617300
1627303136.198436	-0.628700	0.231900	-0.777600	-0.609000	0.108200	-0.619400
1627303136.209343	-0.621900	0.236600	-0.777000	-0.617200	0.121600	-0.621500
1627303136.224661	-0.615400	0.244500	-0.776000	-0.625500	0.137800	-0.622800
1627303136.231838	-0.612700	0.250600	-0.773200	-0.633400	0.149700	-0.624000
1627303136.250280	-0.631200	0.257100	-0.767600	-0.633400	0.149700	-0.626400
1627303136.251140	-0.644800	0.260300	-0.769500	-0.626100	0.156700	-0.629500
1627303136.257088	-0.632600	0.261000	-0.768200	-0.609000	0.170200	-0.635300
1627303136.278970	-0.617700	0.259300	-0.769000	-0.590300	0.180200	-0.642300
1627303136.290270	-0.612300	0.257800	-0.773600	-0.577800	0.186700	-0.642900
1627303136.291162	-0.611000	0.261100	-0.782300	-0.564100	0.194600	-0.640800
1627303136.299977	-0.604200	0.263400	-0.783300	-0.541200	0.198900	-0.639900
1627303136.309428	-0.605800	0.260500	-0.781200	-0.521600	0.194300	-0.643500
1627303136.320650	-0.601600	0.259600	-0.779500	-0.501100	0.190900	-0.647500
1627303136.329515	-0.600000	0.256100	-0.774800	-0.477900	0.187900	-0.650000
1627303136.349784	-0.596900	0.248000	-0.774400	-0.457200	0.185100	-0.646900
1627303136.350893	-0.593100	0.240700	-0.777700	-0.449500	0.180200	-0.638300
1627303136.356440	-0.582300	0.232400	-0.782500	-0.455600	0.169200	-0.635000
1627303136.380198	-0.572600	0.224600	-0.784400	-0.467200	0.152100	-0.637400
1627303136.381112	-0.571500	0.218900	-0.784500	-0.479800	0.132000	-0.643800
1627303136.393490	-0.574000	0.218900	-0.781200	-0.485000	0.112700	-0.648700
1627303136.400096	-0.576700	0.220600	-0.775400	-0.475500	0.098100	-0.651800
1627303136.409378	-0.570800	0.219700	-0.773100	-0.461100	0.082500	-0.654200
1627303136.424112	-0.569200	0.216300	-0.772000	-0.444000	0.066600	-0.658800
1627303136.429395	-0.573100	0.212000	-0.771100	-0.434900	0.049200	-0.665500
1627303136.453366	-0.574600	0.206500	-0.770800	-0.433000	0.032100	-0.668300
1627303136.454223	-0.576300	0.198400	-0.768100	-0.436100	0.013500	-0.670700
1627303136.458140	-0.580100	0.192600	-0.763100	-0.445600	-0.006400	-0.673500
1627303136.471994	-0.584400	0.192600	-0.757300	-0.459600	-0.023200	-0.678400
1627303136.490882	-0.589400	0.193800	-0.753400	-0.467200	-0.040000	-0.688700
1627303136.492938	-0.595900	0.199100	-0.749300	-0.467900	-0.057100	-0.701300
1627303136.497792	-0.608300	0.203400	-0.745200	-0.459000	-0.069300	-0.712000
1627303136.511987	-0.613300	0.206700	-0.742100	-0.441300	-0.076300	-0.717800
1627303136.512886	-0.615200	0.200600	-0.740200	-0.418100	-0.082100	-0.724500
1627303136.536566	-0.617900	0.192600	-0.737400	-0.403700	-0.087000	-0.733000
1627303136.538182	-0.623400	0.183200	-0.736200	-0.401300	-0.087000	-0.743700
1627303136.553119	-0.631100	0.176500	-0.730600	-0.406200	-0.086400	-0.754100
1627303136.558289	-0.634800	0.170700	-0.728100	-0.417200	-0.085500	-0.762000
1627303136.581008	-0.632100	0.167600	-0.724100	-0.432400	-0.088800	-0.770000
1627303136.582035	-0.632900	0.161100	-0.720500	-0.445300	-0.094300	-0.778800
1627303136.594342	-0.636000	0.158400	-0.715200	-0.462700	-0.102000	-0.785900
1627303136.599205	-0.642900	0.159400	-0.709700	-0.485000	-0.109000	-0.792300
1627303136.622172	-0.650000	0.168300	-0.701400	-0.500200	-0.113900	-0.794700
1627303136.623093	-0.656900	0.174200	-0.700100	-0.498700	-0.117600	-0.794400
1627303136.630825	-0.664200	0.170700	-0.700800	-0.490500	-0.125200	-0.790500
1627303136.638283	-0.668600	0.167800	-0.699800	-0.486200	-0.132800	-0.785300
1627303136.662328	-0.669900	0.161700	-0.700800	-0.490800	-0.141100	-0.784300
1627303136.663377	-0.669300	0.159200	-0.698200	-0.508500	-0.148700	-0.787400
1627303136.681765	-0.674600	0.159300	-0.694500	-0.529600	-0.154200	-0.792000
1627303136.691466	-0.680400	0.164900	-0.686300	-0.547600	-0.156700	-0.792600
1627303136.692382	-0.683300	0.168200	-0.685300	-0.560400	-0.165200	-0.792300
1627303136.698281	-0.684700	0.169600	-0.682100	-0.569000	-0.173100	-0.790100
1627303136.706129	-0.688100	0.165500	-0.679600	-0.578700	-0.181400	-0.793800
1627303136.727583	-0.689300	0.163500	-0.680900	-0.593100	-0.186000	-0.798100
1627303136.728506	-0.686200	0.168000	-0.677400	-0.611100	-0.192400	-0.801400
1627303136.738274	-0.686500	0.177900	-0.675200	-0.621800	-0.198800	-0.807300
1627303136.743696	-0.688800	0.188400	-0.669600	-0.619300	-0.206700	-0.812400
1627303136.767514	-0.692500	0.198700	-0.663300	-0.610500	-0.213200	-0.820100
1627303136.768408	-0.689600	0.204500	-0.652800	-0.601300	-0.229000	-0.836000
1627303136.785632	-0.687500	0.208600	-0.644200	-0.599200	-0.244300	-0.855500
1627303136.802767	-0.683700	0.219100	-0.635000	-0.597400	-0.258100	-0.877800
1627303136.803674	-0.683000	0.233300	-0.624400	-0.586700	-0.273600	-0.899200
1627303136.808120	-0.682000	0.242800	-0.621600	-0.556700	-0.293200	-0.920300
1627303136.819178	-0.679400	0.246100	-0.621600	-0.513700	-0.315200	-0.935800
1627303136.824216	-0.674400	0.235500	-0.628700	-0.456900	-0.341400	-0.944100
1627303136.845886	-0.676800	0.213100	-0.637100	-0.406800	-0.379300	-0.941900
1627303136.860887	-0.693000	0.201400	-0.638300	-0.391500	-0.412300	-0.933400
1627303136.865845	-0.717400	0.192300	-0.641800	-0.379900	-0.447700	-0.923000
1627303136.866783	-0.733400	0.187500	-0.642900	-0.367100	-0.476100	-0.906800
1627303136.899723	-0.742400	0.175400	-0.647100	-0.357000	-0.502400	-0.882400
1627303136.900712	-0.757400	0.164600	-0.651600	-0.354200	-0.520700	-0.856100
1627303136.902174	-0.757400	0.164600	-0.651600	-0.354200	-0.520700	-0.856100
1627303136.911745	-0.790400	0.136200	-0.659900	-0.387200	-0.534800	-0.791700
1627303136.934426	-0.790400	0.136200	-0.659900	-0.387200	-0.534800	-0.791700
1627303136.935582	-0.803200	0.129300	-0.658900	-0.422000	-0.536600	-0.763600
1627303136.936625	-0.810700	0.121700	-0.655900	-0.462700	-0.537200	-0.737300
1627303136.952509	-0.822000	0.115000	-0.651100	-0.505700	-0.537800	-0.717200
1627303136.955790	-0.832900	0.111800	-0.643100	-0.551200	-0.530800	-0.701000
1627303136.978437	-0.841300	0.113900	-0.630900	-0.588800	-0.517100	-0.683900
1627303136.979260	-0.841700	0.121000	-0.621600	-0.610800	-0.496300	-0.668000
1627303136.989597	-0.848500	0.125500	-0.611900	-0.625200	-0.471900	-0.646900
1627303136.999449	-0.851100	0.133400	-0.599400	-0.634000	-0.443200	-0.630700
1627303137.022650	-0.852100	0.142600	-0.585700	-0.646500	-0.417200	-0.623400
1627303137.024445	-0.851400	0.154700	-0.570200	-0.665500	-0.390900	-0.629800
1627303137.036339	-0.850500	0.170800	-0.552900	-0.682900	-0.360700	-0.653000
1627303137.037242	-0.851200	0.186900	-0.534800	-0.687200	-0.328600	-0.684500
1627303137.046598	-0.857800	0.202600	-0.520800	-0.678300	-0.279700	-0.726000
1627303137.054893	-0.861200	0.210600	-0.512700	-0.637100	-0.225100	-0.763900
1627303137.080095	-0.861700	0.212000	-0.510600	-0.588500	-0.177400	-0.791100
1627303137.081016	-0.859700	0.205900	-0.516200	-0.525300	-0.131300	-0.814300
1627303137.090984	-0.865500	0.201500	-0.524500	-0.465400	-0.084900	-0.827700
1627303137.097739	-0.870100	0.198500	-0.538500	-0.396700	-0.046100	-0.830800
1627303137.121497	-0.872100	0.189000	-0.554400	-0.315100	-0.022000	-0.821900
1627303137.122391	-0.874500	0.167500	-0.569300	-0.229300	-0.003900	-0.798100
1627303137.128253	-0.877100	0.143200	-0.577000	-0.178600	0.004300	-0.771500
1627303137.138801	-0.878900	0.119400	-0.582900	-0.163300	0.009500	-0.739400
1627303137.162383	-0.887900	0.102300	-0.583900	-0.179800	0.009200	-0.702800
1627303137.163202	-0.892700	0.085700	-0.589400	-0.217100	0.007400	-0.662500
1627303137.166951	-0.899300	0.068500	-0.593100	-0.272100	0.006800	-0.627700
1627303137.182310	-0.900100	0.054700	-0.595200	-0.349700	0.004000	-0.589800
1627303137.206608	-0.897600	0.044100	-0.599500	-0.475200	-0.002400	-0.549200
1627303137.207506	-0.892600	0.042600	-0.599100	-0.577800	-0.007300	-0.518000
1627303137.208393	-0.889000	0.051000	-0.600500	-0.668200	-0.014000	-0.486200
1627303137.219386	-0.886700	0.060200	-0.596400	-0.730500	-0.019200	-0.448700
1627303137.226669	-0.889300	0.073200	-0.589100	-0.765300	-0.017700	-0.412000
1627303137.249423	-0.896600	0.090500	-0.585300	-0.775400	-0.007600	-0.380000
1627303137.250192	-0.898300	0.104600	-0.577600	-0.765700	0.008000	-0.353100
1627303137.255712	-0.895600	0.116300	-0.572500	-0.735100	0.033300	-0.325000
1627303137.277861	-0.891700	0.123000	-0.568200	-0.720100	0.060800	-0.308200
1627303137.289995	-0.890700	0.126500	-0.565400	-0.713700	0.094100	-0.297800
1627303137.290445	-0.886700	0.130000	-0.563700	-0.718900	0.132300	-0.291100
1627303137.299463	-0.880900	0.134600	-0.564800	-0.744000	0.169200	-0.287400
1627303137.309112	-0.877600	0.142500	-0.564700	-0.774800	0.205300	-0.287100
1627303137.316450	-0.875100	0.157200	-0.565900	-0.796200	0.241300	-0.285300
1627303137.326521	-0.873200	0.175500	-0.566800	-0.796500	0.283500	-0.280700
1627303137.329196	-0.872300	0.190300	-0.566500	-0.768400	0.323200	-0.272700
1627303137.352851	-0.865700	0.199700	-0.564800	-0.724100	0.359800	-0.262700
1627303137.356540	-0.864000	0.205100	-0.564100	-0.677700	0.393700	-0.248000
1627303137.376926	-0.863400	0.211100	-0.566900	-0.632500	0.427600	-0.229100
1627303137.402151	-0.854200	0.215000	-0.570900	-0.590000	0.459100	-0.211000
1627303137.403637	-0.847000	0.215200	-0.579700	-0.551500	0.488700	-0.190900
1627303137.404525	-0.843600	0.213100	-0.585700	-0.521900	0.514700	-0.164600
1627303137.417558	-0.840100	0.214800	-0.595800	-0.505100	0.539100	-0.133500
1627303137.418448	-0.835000	0.220300	-0.603100	-0.488600	0.562300	-0.099900
1627303137.420059	-0.827800	0.227900	-0.612500	-0.466600	0.581600	-0.066600
1627303137.444237	-0.816200	0.235100	-0.615800	-0.438800	0.600800	-0.034500
1627303137.459912	-0.803600	0.240100	-0.623200	-0.407100	0.615200	-0.003000
1627303137.463298	-0.787000	0.241800	-0.629400	-0.373500	0.628600	0.029600
1627303137.464310	-0.777600	0.245600	-0.632300	-0.350300	0.637800	0.056800
1627303137.487981	-0.769800	0.249000	-0.635600	-0.334400	0.645400	0.083700
1627303137.500044	-0.761100	0.256000	-0.641800	-0.317300	0.653000	0.111500
1627303137.500940	-0.749500	0.266200	-0.643100	-0.297700	0.657300	0.139300
1627303137.508174	-0.736300	0.274200	-0.650600	-0.267800	0.655800	0.163100
1627303137.514949	-0.720000	0.279900	-0.657800	-0.229300	0.647900	0.182000
1627303137.534696	-0.707400	0.285400	-0.661500	-0.177100	0.633800	0.205000
1627303137.537032	-0.706900	0.290800	-0.660800	-0.123300	0.619800	0.223300
1627303137.548159	-0.700400	0.296900	-0.655500	-0.067400	0.610600	0.240700
1627303137.554598	-0.691200	0.299800	-0.655000	-0.006000	0.598700	0.263000
1627303137.575982	-0.679600	0.297000	-0.657800	0.059300	0.581300	0.287400
1627303137.577000	-0.666900	0.286000	-0.661400	0.109400	0.563600	0.310600
1627303137.589671	-0.657500	0.278700	-0.665500	0.143600	0.541600	0.327700
1627303137.597088	-0.649400	0.274300	-0.668900	0.167400	0.512500	0.341800
1627303137.605854	-0.644800	0.275100	-0.675300	0.186700	0.488700	0.352500
1627303137.621276	-0.641100	0.278000	-0.676900	0.212700	0.464000	0.365900
1627303137.625434	-0.637800	0.279100	-0.676300	0.251400	0.440500	0.381800
1627303137.648727	-0.637300	0.277000	-0.675900	0.292400	0.416900	0.397700
1627303137.649741	-0.631600	0.268800	-0.674800	0.328400	0.395300	0.410200
1627303137.655013	-0.623500	0.261100	-0.675400	0.355000	0.370800	0.419700
1627303137.679366	-0.621600	0.257700	-0.677100	0.375800	0.346400	0.425800
1627303137.690323	-0.621100	0.260300	-0.677900	0.398700	0.329900	0.432200
1627303137.691214	-0.621500	0.261400	-0.681600	0.429200	0.311300	0.440700
1627303137.696416	-0.622800	0.254600	-0.685300	0.461900	0.292000	0.449900
1627303137.705926	-0.618300	0.249100	-0.689500	0.489700	0.274600	0.458200
1627303137.716965	-0.614500	0.242400	-0.696300	0.510400	0.253500	0.462100
1627303137.725770	-0.612100	0.239000	-0.696400	0.530000	0.230000	0.467900
1627303137.747425	-0.612500	0.233900	-0.697600	0.549200	0.207100	0.476500
1627303137.749415	-0.612700	0.231900	-0.701400	0.567000	0.185700	0.484400
1627303137.759172	-0.615500	0.221600	-0.709000	0.581600	0.161000	0.491400
1627303137.769635	-0.616100	0.214500	-0.715900	0.592000	0.135600	0.497900
1627303137.792252	-0.615700	0.209200	-0.720000	0.594400	0.105400	0.505800
1627303137.793145	-0.617200	0.207300	-0.722300	0.596600	0.075200	0.514400
1627303137.795724	-0.617300	0.204600	-0.722800	0.599600	0.043400	0.521100
1627303137.810629	-0.615800	0.200900	-0.719400	0.604200	0.010100	0.523500
1627303137.811522	-0.621600	0.197100	-0.721100	0.605400	-0.014900	0.527500
1627303137.834738	-0.629900	0.194200	-0.720100	0.607600	-0.032600	0.533300
1627303137.835640	-0.631600	0.194800	-0.717900	0.616100	-0.050400	0.542100
1627303137.845568	-0.635000	0.190900	-0.719200	0.626200	-0.065900	0.551900
1627303137.855932	-0.636000	0.185500	-0.714800	0.633500	-0.078200	0.558300
1627303137.879739	-0.636500	0.179900	-0.711700	0.635400	-0.095900	0.562900
1627303137.880828	-0.636800	0.176400	-0.706100	0.629600	-0.112100	0.564800
1627303137.890787	-0.639800	0.176900	-0.701900	0.627400	-0.123100	0.566000
1627303137.900739	-0.640600	0.180300	-0.692300	0.637200	-0.133400	0.571200
1627303137.912568	-0.642300	0.184900	-0.689800	0.659800	-0.142300	0.575700
1627303137.915684	-0.644500	0.179700	-0.686300	0.684200	-0.147800	0.578500
1627303137.925914	-0.646400	0.172900	-0.687400	0.708100	-0.151800	0.576700
1627303137.933118	-0.649800	0.166900	-0.689500	0.720000	-0.157000	0.573000
1627303137.957503	-0.653000	0.160300	-0.692400	0.721200	-0.158800	0.568700
1627303137.958331	-0.651000	0.154500	-0.696300	0.719400	-0.157900	0.568100
1627303137.968185	-0.650900	0.151000	-0.701800	0.717500	-0.158800	0.568100
1627303137.978266	-0.650400	0.149000	-0.705100	0.720000	-0.157900	0.570900
1627303138.001143	-0.649200	0.148600	-0.709200	0.725800	-0.157300	0.574800
1627303138.002129	-0.650900	0.144800	-0.710800	0.737400	-0.156700	0.578800
1627303138.006135	-0.651900	0.138500	-0.714400	0.743500	-0.157000	0.583400
1627303138.015904	-0.649200	0.128300	-0.718400	0.739500	-0.158800	0.589500
1627303138.031712	-0.651000	0.117900	-0.725500	0.724600	-0.164000	0.596200
1627303138.035641	-0.647600	0.114500	-0.727200	0.694300	-0.171300	0.606300
1627303138.057278	-0.648600	0.112700	-0.730800	0.661000	-0.180800	0.615100
1627303138.058137	-0.646900	0.116000	-0.733400	0.631400	-0.192700	0.621900
1627303138.068342	-0.648800	0.121800	-0.735700	0.612200	-0.207100	0.629200
1627303138.078109	-0.651400	0.128100	-0.733500	0.605400	-0.221400	0.638400
1627303138.100784	-0.653100	0.132800	-0.736100	0.606700	-0.230000	0.641700
1627303138.101990	-0.653700	0.135300	-0.737400	0.610000	-0.236700	0.642300
1627303138.115133	-0.656100	0.138800	-0.740200	0.607900	-0.243700	0.645400
1627303138.116037	-0.661300	0.140100	-0.738200	0.600500	-0.248600	0.649700
1627303138.122548	-0.667200	0.141700	-0.736800	0.589900	-0.254100	0.652100
1627303138.146138	-0.670300	0.142000	-0.739400	0.570900	-0.262900	0.650600
1627303138.147020	-0.673500	0.144400	-0.742100	0.554100	-0.273600	0.648700
1627303138.156569	-0.681400	0.154400	-0.744800	0.547400	-0.282800	0.650000
1627303138.167021	-0.685900	0.163800	-0.745000	0.555700	-0.284600	0.653900
1627303138.189243	-0.684400	0.173600	-0.743700	0.577300	-0.287700	0.663400
1627303138.193978	-0.685100	0.177100	-0.746700	0.611500	-0.288000	0.676500
1627303138.194873	-0.686300	0.177500	-0.746200	0.647300	-0.286500	0.695800
1627303138.208211	-0.686300	0.176000	-0.743000	0.687000	-0.285200	0.718100
1627303138.210016	-0.692500	0.172900	-0.737400	0.716300	-0.287400	0.737900
1627303138.236334	-0.694700	0.168600	-0.731900	0.735900	-0.292000	0.755000
1627303138.237218	-0.692900	0.167700	-0.723500	0.746200	-0.300200	0.770600
1627303138.246036	-0.695300	0.165400	-0.716400	0.752000	-0.306600	0.786200
1627303138.253913	-0.697600	0.164400	-0.709100	0.751400	-0.313000	0.798100
1627303138.275330	-0.702000	0.163600	-0.704600	0.747500	-0.319800	0.813100
1627303138.286275	-0.706500	0.163100	-0.702400	0.752700	-0.328000	0.831700
1627303138.286940	-0.710700	0.165400	-0.698600	0.770400	-0.334400	0.848200
1627303138.293940	-0.713400	0.168500	-0.694300	0.801500	-0.334400	0.865300
1627303138.316178	-0.718900	0.173100	-0.689800	0.838800	-0.327100	0.880900
1627303138.317331	-0.719500	0.175200	-0.690400	0.882200	-0.316100	0.893400
1627303138.327466	-0.721700	0.169800	-0.689900	0.918800	-0.303300	0.903200
1627303138.345324	-0.723800	0.158700	-0.695300	0.932600	-0.291400	0.912600
1627303138.346215	-0.723300	0.149300	-0.694600	0.920000	-0.277000	0.916600
1627303138.356976	-0.729000	0.143800	-0.694900	0.893800	-0.268400	0.917800
1627303138.361361	-0.739500	0.146900	-0.692900	0.862900	-0.262900	0.919400
1627303138.385342	-0.749600	0.155200	-0.692100	0.840000	-0.252000	0.918400
1627303138.386245	-0.749800	0.163000	-0.692000	0.834200	-0.240000	0.916900
1627303138.397018	-0.748700	0.164300	-0.693600	0.837300	-0.232400	0.912900
1627303138.402634	-0.750600	0.158900	-0.696000	0.838800	-0.226600	0.909900
1627303138.425179	-0.755600	0.157600	-0.693100	0.838500	-0.222600	0.912000
1627303138.426072	-0.756700	0.159200	-0.686900	0.849800	-0.219900	0.916600
1627303138.440060	-0.755000	0.163500	-0.684200	0.873300	-0.221700	0.919400
1627303138.464226	-0.757700	0.169900	-0.682600	0.902300	-0.224500	0.922100
1627303138.465936	-0.760400	0.173000	-0.678000	0.946900	-0.225700	0.926100
1627303138.476337	-0.758800	0.171600	-0.672700	0.993000	-0.227500	0.932500
1627303138.477264	-0.758800	0.162100	-0.668300	1.030900	-0.229700	0.938000
1627303138.486324	-0.757000	0.144400	-0.665900	1.039500	-0.233000	0.935900
1627303138.509416	-0.757300	0.130700	-0.661500	1.018400	-0.241000	0.927900
1627303138.517430	-0.761800	0.121000	-0.654100	0.983000	-0.245200	0.921200
1627303138.518306	-0.762600	0.123200	-0.649200	0.946300	-0.249200	0.915100
1627303138.524295	-0.765700	0.130000	-0.642700	0.931300	-0.248900	0.910200
1627303138.531296	-0.769500	0.137000	-0.642600	0.941700	-0.242200	0.905300
1627303138.554944	-0.772000	0.137600	-0.642900	0.973200	-0.231500	0.904400
1627303138.555762	-0.773800	0.131300	-0.645400	1.008300	-0.217100	0.901600
1627303138.565643	-0.772900	0.119800	-0.645500	1.028800	-0.204600	0.890600
1627303138.576951	-0.772700	0.103300	-0.647700	1.028200	-0.191800	0.876900
1627303138.598843	-0.777300	0.091100	-0.651200	1.008600	-0.178600	0.858900
1627303138.600925	-0.782000	0.079300	-0.651100	0.979600	-0.165800	0.840300
1627303138.604463	-0.788000	0.071000	-0.649300	0.947500	-0.156700	0.824700
1627303138.614283	-0.796800	0.065700	-0.648900	0.907800	-0.149600	0.810000
1627303138.619388	-0.813100	0.063000	-0.650100	0.882200	-0.143500	0.792300
1627303138.643725	-0.826900	0.065900	-0.652100	0.872700	-0.129500	0.779800
1627303138.644619	-0.833500	0.064000	-0.654800	0.875700	-0.107200	0.772800
1627303138.662103	-0.831100	0.059300	-0.658000	0.889800	-0.083000	0.768200
1627303138.671293	-0.828100	0.050000	-0.668200	0.905400	-0.056800	0.761800
1627303138.674200	-0.821800	0.036600	-0.675800	0.902600	-0.032600	0.752300
1627303138.693130	-0.821300	0.019400	-0.679300	0.866900	-0.010400	0.732700
1627303138.716484	-0.821700	0.010900	-0.681300	0.818300	0.008600	0.708600
1627303138.717506	-0.817500	0.003900	-0.677500	0.756300	0.029700	0.686300
1627303138.720658	-0.814900	0.004200	-0.673200	0.694600	0.053800	0.668000
1627303138.733152	-0.809800	0.009000	-0.670900	0.644500	0.081900	0.652700
1627303138.734041	-0.800500	0.012800	-0.671100	0.605400	0.110900	0.641100
1627303138.758619	-0.790500	0.020400	-0.671300	0.575800	0.139600	0.631600
1627303138.759491	-0.776900	0.027600	-0.675700	0.560500	0.171400	0.614200
1627303138.766855	-0.759200	0.030400	-0.675700	0.557800	0.196400	0.603200
1627303138.778123	-0.752700	0.028600	-0.674800	0.548900	0.212600	0.591600
1627303138.779021	-0.744300	0.027500	-0.677100	0.533000	0.229100	0.574500
1627303138.801924	-0.728900	0.025000	-0.678800	0.510100	0.241600	0.560200
1627303138.813809	-0.718500	0.022700	-0.679800	0.482300	0.248300	0.545800
1627303138.814703	-0.707200	0.022500	-0.680200	0.443300	0.257800	0.529900
1627303138.821352	-0.696500	0.022300	-0.682700	0.406000	0.267600	0.511300
1627303138.844635	-0.688200	0.027200	-0.686800	0.373300	0.267600	0.496900
1627303138.845599	-0.689200	0.031100	-0.692300	0.338200	0.267600	0.484100
1627303138.859404	-0.688600	0.039400	-0.699800	0.319900	0.264800	0.471900
1627303138.865942	-0.679200	0.043200	-0.708100	0.320500	0.262400	0.458200
1627303138.886081	-0.674900	0.044700	-0.715800	0.318000	0.263000	0.442000
1627303138.886945	-0.668700	0.051100	-0.727500	0.310700	0.270000	0.420900
1627303138.902392	-0.673300	0.058500	-0.743800	0.309200	0.279500	0.398600
1627303138.906906	-0.687900	0.067500	-0.757000	0.303400	0.292900	0.387600
1627303138.926886	-0.699200	0.075900	-0.763500	0.304600	0.305500	0.377800
1627303138.928052	-0.706400	0.075100	-0.771400	0.312200	0.306400	0.364700
1627303138.943359	-0.710600	0.062500	-0.772800	0.294800	0.304200	0.345800
1627303138.946999	-0.709000	0.051800	-0.769500	0.247800	0.300000	0.324700
1627303138.947905	-0.711800	0.053100	-0.761400	0.173600	0.287100	0.304200
1627303138.969305	-0.703500	0.064500	-0.752100	0.116100	0.277700	0.296900
1627303138.996480	-0.691400	0.079800	-0.743200	0.096000	0.263600	0.296300
1627303138.998430	-0.682600	0.090300	-0.734400	0.103900	0.243500	0.292000
1627303138.999415	-0.673100	0.092700	-0.726300	0.119500	0.225700	0.283800
1627303139.013643	-0.668800	0.089600	-0.720000	0.129600	0.204700	0.270600
1627303139.014198	-0.661700	0.084600	-0.716400	0.138700	0.187300	0.255300
1627303139.017268	-0.657700	0.085200	-0.713900	0.144500	0.172900	0.239200
1627303139.042261	-0.658100	0.087400	-0.709400	0.151600	0.168900	0.229700
1627303139.048198	-0.658300	0.086500	-0.707400	0.163200	0.171100	0.220200
1627303139.052456	-0.652200	0.082400	-0.710900	0.173600	0.176000	0.208300
1627303139.075549	-0.644400	0.072100	-0.715100	0.175700	0.177500	0.195200
1627303139.086558	-0.635700	0.066000	-0.714500	0.164700	0.177500	0.179900
1627303139.087461	-0.632900	0.061200	-0.714600	0.151900	0.173200	0.157000
1627303139.093358	-0.632400	0.057600	-0.717200	0.131700	0.164400	0.133500
1627303139.101214	-0.637900	0.062000	-0.716300	0.118300	0.160100	0.119400
1627303139.122634	-0.637100	0.069000	-0.719600	0.121600	0.157300	0.107200
1627303139.132531	-0.631300	0.071400	-0.725200	0.142400	0.157000	0.097700
1627303139.133454	-0.622800	0.065700	-0.732900	0.172600	0.157300	0.088300
1627303139.142499	-0.615700	0.050800	-0.743800	0.192500	0.151200	0.074500
1627303139.166898	-0.613300	0.034400	-0.753500	0.187600	0.139000	0.051900
1627303139.167741	-0.614600	0.024800	-0.761200	0.156800	0.125300	0.021100
1627303139.178002	-0.610600	0.022700	-0.766400	0.132600	0.111200	-0.005500
1627303139.189575	-0.609900	0.020800	-0.769700	0.118300	0.092900	-0.026600
1627303139.206724	-0.606800	0.018900	-0.771900	0.111600	0.074900	-0.044900
1627303139.207626	-0.604600	0.016600	-0.774800	0.118900	0.056800	-0.065700
1627303139.214401	-0.608800	0.004400	-0.774900	0.128400	0.038200	-0.089200
1627303139.218774	-0.610600	-0.010900	-0.776900	0.117000	0.020800	-0.121300
1627303139.242641	-0.612800	-0.026400	-0.783100	0.093500	0.004300	-0.157900
1627303139.243529	-0.614600	-0.040400	-0.793900	0.054100	-0.009700	-0.191800
1627303139.248795	-0.613800	-0.047000	-0.797400	0.005600	-0.025600	-0.226600
1627303139.271815	-0.606900	-0.046500	-0.797600	-0.044200	-0.040900	-0.265400
1627303139.273254	-0.602900	-0.046400	-0.791900	-0.092200	-0.058600	-0.310000
1627303139.283332	-0.602400	-0.041600	-0.781400	-0.134000	-0.073600	-0.358300
1627303139.293247	-0.598800	-0.039200	-0.770300	-0.169100	-0.087900	-0.415100
1627303139.318137	-0.598400	-0.037700	-0.760500	-0.199700	-0.102000	-0.466100
1627303139.327422	-0.599000	-0.037200	-0.747400	-0.229000	-0.114800	-0.514300
1627303139.328278	-0.595500	-0.038500	-0.739000	-0.253100	-0.133100	-0.566000
1627303139.335371	-0.595300	-0.039400	-0.728500	-0.280000	-0.156000	-0.616400
1627303139.345812	-0.598300	-0.040600	-0.718300	-0.312700	-0.177700	-0.666400
1627303139.348363	-0.601100	-0.036300	-0.710600	-0.341100	-0.199400	-0.715000
1627303139.371015	-0.606800	-0.028400	-0.699700	-0.379300	-0.224200	-0.768200
1627303139.373342	-0.613300	-0.018600	-0.692300	-0.403400	-0.241600	-0.808800
1627303139.388422	-0.614900	-0.009400	-0.689900	-0.415000	-0.257800	-0.842700
1627303139.392225	-0.613000	-0.007000	-0.690100	-0.411000	-0.272700	-0.876600
1627303139.413827	-0.614100	-0.013800	-0.689500	-0.407700	-0.290100	-0.906200
1627303139.417235	-0.617900	-0.026400	-0.690200	-0.423000	-0.307500	-0.938600
1627303139.423225	-0.626300	-0.034500	-0.687500	-0.459000	-0.326800	-0.971900
1627303139.430733	-0.634800	-0.038500	-0.689600	-0.520700	-0.354300	-1.014000
1627303139.454952	-0.640000	-0.035900	-0.689700	-0.575400	-0.376300	-1.042100
1627303139.455830	-0.651100	-0.020300	-0.694000	-0.619700	-0.399500	-1.066600
1627303139.465808	-0.671500	0.004400	-0.697000	-0.645900	-0.419300	-1.088300
1627303139.474993	-0.687300	0.029500	-0.694900	-0.639500	-0.430000	-1.110500
1627303139.498988	-0.696300	0.042200	-0.700900	-0.598900	-0.429700	-1.139600
1627303139.499798	-0.705300	0.041600	-0.709700	-0.532900	-0.424800	-1.168000
1627303139.503179	-0.713300	0.024500	-0.723000	-0.469100	-0.416300	-1.192400
1627303139.518462	-0.717200	0.006700	-0.734500	-0.448900	-0.415700	-1.208600
1627303139.520679	-0.731000	-0.009300	-0.736500	-0.464800	-0.424200	-1.221100
1627303139.543518	-0.749100	-0.009000	-0.738000	-0.488300	-0.420900	-1.228100
1627303139.544325	-0.760500	-0.003900	-0.733400	-0.506900	-0.414100	-1.234600
1627303139.551194	-0.770800	-0.000900	-0.725600	-0.507900	-0.404700	-1.215300
1627303139.571743	-0.770100	-0.007000	-0.726700	-0.475200	-0.392800	-1.190900
1627303139.582770	-0.773900	-0.018600	-0.725700	-0.438200	-0.382700	-1.169800
1627303139.583985	-0.776200	-0.033900	-0.723900	-0.432700	-0.374100	-1.149600
1627303139.592746	-0.776400	-0.040800	-0.716700	-0.449800	-0.369500	-1.132800
1627303139.603072	-0.769800	-0.036100	-0.709100	-0.467500	-0.364300	-1.116700
1627303139.614225	-0.764800	-0.036900	-0.701800	-0.472100	-0.354300	-1.104100
1627303139.623050	-0.757000	-0.047100	-0.703600	-0.456600	-0.346000	-1.085500
1627303139.643528	-0.752100	-0.070400	-0.704600	-0.454100	-0.339900	-1.052500
1627303139.644640	-0.752400	-0.092500	-0.704600	-0.478200	-0.341400	-1.017400
1627303139.650172	-0.751200	-0.098100	-0.700600	-0.525900	-0.343900	-0.986200
1627303139.674152	-0.749500	-0.087800	-0.694600	-0.569900	-0.347900	-0.957800
1627303139.675041	-0.750500	-0.075600	-0.690600	-0.588800	-0.349100	-0.926400
1627303139.684540	-0.751800	-0.065600	-0.686300	-0.578100	-0.343000	-0.888200
1627303139.691317	-0.752200	-0.068600	-0.681600	-0.555500	-0.338100	-0.849400
1627303139.713800	-0.747900	-0.085300	-0.685300	-0.538400	-0.331100	-0.804500
1627303139.714690	-0.748200	-0.100100	-0.687100	-0.550300	-0.326800	-0.766600
1627303139.724625	-0.752100	-0.109100	-0.682900	-0.588200	-0.325300	-0.735800
1627303139.731384	-0.760400	-0.107500	-0.677400	-0.640100	-0.323100	-0.710100
1627303139.755578	-0.768300	-0.098500	-0.668500	-0.688400	-0.316400	-0.690000
1627303139.756477	-0.769400	-0.090800	-0.659500	-0.726200	-0.306600	-0.665800
1627303139.765787	-0.772700	-0.086900	-0.654100	-0.749800	-0.298100	-0.639600
1627303139.775193	-0.767600	-0.090700	-0.654100	-0.763500	-0.286800	-0.605700
1627303139.799083	-0.762100	-0.097900	-0.657200	-0.780900	-0.282200	-0.577900
1627303139.799987	-0.759200	-0.100700	-0.655400	-0.806000	-0.276700	-0.551000
1627303139.802255	-0.758800	-0.099000	-0.653300	-0.832500	-0.274900	-0.530800
1627303139.813252	-0.753500	-0.094800	-0.645500	-0.849000	-0.274900	-0.508800
1627303139.820690	-0.750700	-0.090900	-0.637700	-0.864600	-0.274200	-0.480100
1627303139.843576	-0.747700	-0.086200	-0.628300	-0.875300	-0.273300	-0.447100
1627303139.844666	-0.744500	-0.080200	-0.621600	-0.877400	-0.273000	-0.412300
1627303139.848721	-0.740600	-0.084500	-0.616500	-0.878400	-0.272100	-0.388200
1627303139.872995	-0.740000	-0.086700	-0.610400	-0.897900	-0.273300	-0.367100
1627303139.884064	-0.742700	-0.086500	-0.604900	-0.929700	-0.278800	-0.355200
1627303139.884972	-0.747900	-0.079500	-0.596900	-0.963000	-0.283400	-0.349400
1627303139.893837	-0.748000	-0.075800	-0.590600	-1.002400	-0.287400	-0.345100
1627303139.903416	-0.753700	-0.067900	-0.580400	-1.044500	-0.293800	-0.343900
1627303139.914366	-0.758100	-0.056900	-0.578500	-1.080900	-0.295000	-0.346000
1627303139.922946	-0.763700	-0.045800	-0.572500	-1.099500	-0.290100	-0.347000
1627303139.946386	-0.767900	-0.036000	-0.571900	-1.105000	-0.282500	-0.347600
1627303139.947288	-0.773400	-0.027100	-0.572400	-1.096400	-0.278200	-0.348500
1627303139.952498	-0.777700	-0.019200	-0.574200	-1.077500	-0.274900	-0.350000
1627303139.973870	-0.780200	-0.015300	-0.570300	-1.054600	-0.278200	-0.350000
1627303139.974685	-0.782700	-0.016100	-0.563200	-1.034400	-0.285900	-0.348800
1627303139.987476	-0.790800	-0.015000	-0.553700	-1.025900	-0.298400	-0.353700
1627303140.003598	-0.803300	-0.011500	-0.545300	-1.036000	-0.311200	-0.358600
1627303140.011115	-0.817100	-0.008400	-0.540500	-1.052500	-0.321000	-0.364100
1627303140.011672	-0.823600	-0.006300	-0.535900	-1.070500	-0.326800	-0.365600
1627303140.016066	-0.825700	-0.006700	-0.531100	-1.098000	-0.330400	-0.361300
1627303140.039815	-0.830100	-0.002300	-0.528800	-1.131300	-0.334700	-0.360400
1627303140.041968	-0.832200	0.009500	-0.527800	-1.175500	-0.337500	-0.363500
1627303140.056663	-0.831100	0.025900	-0.524700	-1.205500	-0.339300	-0.369900
1627303140.059382	-0.835000	0.048100	-0.520000	-1.221100	-0.341700	-0.376900
1627303140.081647	-0.837500	0.068500	-0.512600	-1.207300	-0.346000	-0.387600
1627303140.083207	-0.843400	0.078500	-0.505900	-1.185900	-0.349700	-0.395500
1627303140.092768	-0.857800	0.081900	-0.500400	-1.171900	-0.354600	-0.402200
1627303140.104178	-0.869800	0.088700	-0.495000	-1.171000	-0.355800	-0.411100
1627303140.126615	-0.883500	0.095100	-0.491000	-1.184700	-0.357300	-0.420900
1627303140.127738	-0.893300	0.104400	-0.486700	-1.209400	-0.357600	-0.434000
1627303140.131598	-0.904500	0.113000	-0.484300	-1.230500	-0.355800	-0.446800
1627303140.146743	-0.920300	0.122300	-0.485400	-1.255000	-0.351500	-0.463300
1627303140.147252	-0.933700	0.132700	-0.484500	-1.276600	-0.341100	-0.477700
1627303140.171501	-0.942900	0.137500	-0.484700	-1.291300	-0.324600	-0.489000
1627303140.182582	-0.953500	0.145400	-0.485000	-1.297100	-0.306600	-0.497200
1627303140.183338	-0.965600	0.153600	-0.483900	-1.291900	-0.277900	-0.499400
1627303140.192106	-0.973300	0.157800	-0.486000	-1.271800	-0.249800	-0.499100
1627303140.201690	-0.975800	0.165000	-0.484600	-1.240300	-0.222900	-0.502700
1627303140.212740	-0.976600	0.169700	-0.485400	-1.195100	-0.193600	-0.503700
1627303140.221672	-0.974100	0.176000	-0.482300	-1.141300	-0.161200	-0.505200
1627303140.244976	-0.973400	0.175900	-0.479700	-1.083900	-0.130400	-0.508500
1627303140.245444	-0.972700	0.168700	-0.476400	-1.043600	-0.095900	-0.516500
1627303140.257108	-0.970000	0.158400	-0.474100	-1.029500	-0.064100	-0.529600
1627303140.274055	-0.965000	0.151100	-0.472300	-1.044500	-0.040000	-0.541500
1627303140.275630	-0.955300	0.149500	-0.470100	-1.075100	-0.014900	-0.552200
1627303140.290837	-0.944000	0.152000	-0.469100	-1.109000	0.010700	-0.558600
1627303140.295431	-0.933000	0.163700	-0.466600	-1.133400	0.033000	-0.568100
1627303140.316749	-0.925400	0.179900	-0.467300	-1.145000	0.057100	-0.574800
1627303140.317274	-0.921900	0.196000	-0.466800	-1.135800	0.079100	-0.578800
1627303140.328055	-0.922700	0.205300	-0.465700	-1.110800	0.098700	-0.583400
1627303140.331472	-0.921800	0.205700	-0.462600	-1.087600	0.114000	-0.588000
1627303140.341706	-0.920800	0.201500	-0.463600	-1.072300	0.131700	-0.592800
1627303140.346860	-0.912000	0.196500	-0.466100	-1.073200	0.147200	-0.593100
1627303140.368009	-0.903300	0.199600	-0.467800	-1.082700	0.159500	-0.595000
1627303140.370283	-0.895900	0.205700	-0.470100	-1.091200	0.169500	-0.594100
1627303140.385713	-0.893300	0.220000	-0.475100	-1.091500	0.185700	-0.588900
1627303140.389177	-0.887100	0.232500	-0.478000	-1.072600	0.201600	-0.583400
1627303140.411880	-0.881700	0.241100	-0.483300	-1.041500	0.212300	-0.576300
1627303140.415324	-0.877000	0.241900	-0.492200	-1.006000	0.223600	-0.565000
1627303140.421544	-0.876500	0.238300	-0.497600	-0.976400	0.233100	-0.551000
1627303140.429099	-0.870800	0.233500	-0.502300	-0.958700	0.241000	-0.537600
1627303140.453565	-0.866800	0.232400	-0.502200	-0.954700	0.245900	-0.524700
1627303140.454111	-0.866300	0.235400	-0.499300	-0.962000	0.247100	-0.511000
1627303140.463982	-0.869900	0.242400	-0.501600	-0.967200	0.247700	-0.496600
1627303140.472934	-0.877000	0.251200	-0.501000	-0.962300	0.255700	-0.475900
1627303140.475431	-0.878800	0.262700	-0.502100	-0.938200	0.270600	-0.449300
1627303140.500043	-0.874900	0.272900	-0.507800	-0.897600	0.284700	-0.422100
1627303140.500516	-0.868500	0.275600	-0.513100	-0.853300	0.296600	-0.393400
1627303140.511508	-0.858800	0.277600	-0.519700	-0.807500	0.302700	-0.371100
1627303140.518390	-0.853500	0.271600	-0.525800	-0.764100	0.307600	-0.347300
1627303140.542878	-0.846900	0.268700	-0.528100	-0.745800	0.309700	-0.334700
1627303140.544001	-0.843400	0.264000	-0.527700	-0.740900	0.311900	-0.318600
1627303140.549634	-0.846100	0.269000	-0.528100	-0.739400	0.318900	-0.297800
1627303140.572786	-0.844100	0.276100	-0.524500	-0.725900	0.330800	-0.275200
1627303140.584971	-0.839000	0.280500	-0.525600	-0.703600	0.334500	-0.257200
1627303140.585438	-0.833000	0.284500	-0.530500	-0.673700	0.334800	-0.243700
1627303140.590824	-0.826200	0.288500	-0.536400	-0.631300	0.338100	-0.230900
1627303140.602794	-0.819500	0.294400	-0.540300	-0.585400	0.340900	-0.218100
1627303140.612793	-0.812700	0.294300	-0.546600	-0.531700	0.344300	-0.207700
1627303140.617121	-0.805100	0.289100	-0.553700	-0.482500	0.343900	-0.199400
1627303140.640378	-0.800000	0.283400	-0.560200	-0.444300	0.343900	-0.194200
1627303140.641509	-0.796600	0.276500	-0.563000	-0.413800	0.340300	-0.192100
1627303140.647322	-0.796900	0.273700	-0.563500	-0.393900	0.336000	-0.193600
1627303140.671064	-0.799100	0.273900	-0.566000	-0.372900	0.329600	-0.193900
1627303140.671524	-0.800000	0.277600	-0.567000	-0.351800	0.322000	-0.189400
1627303140.681652	-0.800300	0.279900	-0.571000	-0.328300	0.308800	-0.184500
1627303140.690983	-0.807700	0.282800	-0.575000	-0.303500	0.298100	-0.174100
1627303140.700269	-0.810700	0.288600	-0.576900	-0.273000	0.287400	-0.168000
1627303140.715348	-0.806000	0.292000	-0.582000	-0.230500	0.276400	-0.164000
1627303140.717939	-0.804600	0.288000	-0.581800	-0.181700	0.262700	-0.160300
1627303140.741617	-0.805700	0.278600	-0.577600	-0.151700	0.249600	-0.154800
1627303140.742756	-0.803000	0.271400	-0.574200	-0.142600	0.237000	-0.153600
1627303140.748351	-0.803600	0.266200	-0.571200	-0.144100	0.222400	-0.153600
1627303140.770303	-0.802500	0.263200	-0.570100	-0.146800	0.210500	-0.150600
1627303140.781220	-0.801100	0.268700	-0.565600	-0.131600	0.202200	-0.140500
1627303140.781712	-0.804100	0.272100	-0.561300	-0.102900	0.196100	-0.128000
1627303140.790926	-0.800900	0.273100	-0.557400	-0.051900	0.193400	-0.111200
1627303140.800445	-0.794700	0.263500	-0.553300	-0.009700	0.191200	-0.098000
1627303140.811520	-0.785800	0.251100	-0.549300	0.017200	0.191500	-0.081900
1627303140.822964	-0.780600	0.239700	-0.551500	0.030600	0.190300	-0.064700
1627303140.841560	-0.777200	0.236600	-0.554300	0.040400	0.189400	-0.052200
1627303140.843186	-0.776700	0.234600	-0.555100	0.053800	0.187000	-0.037600
1627303140.850323	-0.778300	0.234500	-0.554400	0.074600	0.190300	-0.024100
1627303140.864162	-0.774400	0.232500	-0.551500	0.107300	0.195500	-0.007900
1627303140.883363	-0.776200	0.231900	-0.553000	0.142700	0.201900	0.004900
1627303140.884248	-0.770300	0.224400	-0.559600	0.176900	0.212000	0.019600
1627303140.890340	-0.762500	0.212200	-0.563800	0.198000	0.223000	0.033000
1627303140.902898	-0.758700	0.203000	-0.571000	0.196800	0.236100	0.040000
1627303140.903480	-0.751100	0.193400	-0.581500	0.181800	0.243200	0.043400
1627303140.927923	-0.749400	0.186000	-0.589000	0.151900	0.242200	0.049800
1627303140.930227	-0.750000	0.184900	-0.595000	0.109400	0.236400	0.062300
1627303140.945397	-0.749800	0.190400	-0.591900	0.091100	0.229100	0.076700
1627303140.959447	-0.751700	0.199100	-0.590300	0.096300	0.220200	0.092900
1627303140.970210	-0.752400	0.208700	-0.585800	0.121900	0.215700	0.110000
1627303140.971553	-0.751500	0.212500	-0.588700	0.158900	0.209300	0.128600
1627303140.989451	-0.748200	0.207400	-0.593100	0.194000	0.203400	0.147200
1627303141.001528	-0.740600	0.193800	-0.601800	0.211100	0.191200	0.165900
1627303141.002279	-0.739000	0.182500	-0.608600	0.203200	0.175000	0.183600
1627303141.008411	-0.734400	0.179300	-0.614700	0.176600	0.157600	0.194600
1627303141.029150	-0.730700	0.182700	-0.615600	0.152500	0.140200	0.202500
1627303141.030935	-0.733500	0.193600	-0.617400	0.140000	0.124600	0.209800
1627303141.041620	-0.733400	0.203500	-0.619400	0.149400	0.111500	0.221700
1627303141.049402	-0.734300	0.208300	-0.622400	0.176000	0.102000	0.233100
1627303141.071805	-0.730500	0.202300	-0.625500	0.207800	0.094100	0.245300
1627303141.073005	-0.736800	0.192300	-0.632100	0.225200	0.085200	0.255700
1627303141.088726	-0.734600	0.185700	-0.642700	0.228200	0.076700	0.262400
1627303141.092988	-0.724400	0.181600	-0.648600	0.219700	0.062600	0.266600
1627303141.100560	-0.721600	0.180300	-0.650900	0.213600	0.044900	0.273400
1627303141.115543	-0.718500	0.185800	-0.645900	0.215100	0.030600	0.279800
1627303141.120460	-0.711500	0.188800	-0.640100	0.228500	0.021100	0.288900
1627303141.142921	-0.704700	0.190900	-0.634800	0.254800	0.011900	0.296900
1627303141.144311	-0.704300	0.188400	-0.633400	0.277700	0.003100	0.303600
1627303141.149705	-0.704300	0.184100	-0.635000	0.289000	-0.004600	0.305400
1627303141.172759	-0.702600	0.182900	-0.633100	0.295400	-0.012200	0.305700
1627303141.178727	-0.696700	0.179300	-0.634300	0.296600	-0.023800	0.305700
1627303141.179198	-0.692600	0.181600	-0.634900	0.293600	-0.035700	0.309100
1627303141.190441	-0.689200	0.191200	-0.634300	0.298200	-0.047000	0.317400
1627303141.192070	-0.683800	0.205300	-0.634900	0.329600	-0.057400	0.323500
1627303141.215740	-0.680500	0.216900	-0.632000	0.378500	-0.068700	0.329300
1627303141.219196	-0.683200	0.218600	-0.632300	0.432000	-0.080600	0.332000
1627303141.234152	-0.685700	0.213000	-0.635900	0.476500	-0.093700	0.335100
1627303141.237977	-0.689300	0.199700	-0.640900	0.503400	-0.108400	0.337800
1627303141.261564	-0.691800	0.189300	-0.638700	0.505300	-0.125500	0.343600
1627303141.262756	-0.695800	0.185700	-0.643800	0.489700	-0.142300	0.353100
1627303141.276592	-0.699500	0.185300	-0.644700	0.459400	-0.164900	0.363800
1627303141.279167	-0.702100	0.188600	-0.646700	0.442300	-0.187200	0.374500
1627303141.303033	-0.707800	0.196400	-0.647100	0.442900	-0.211300	0.390000
1627303141.305444	-0.718500	0.204000	-0.647900	0.468000	-0.237600	0.412000
1627303141.311496	-0.725800	0.214400	-0.645900	0.520500	-0.259000	0.433400
1627303141.319227	-0.732100	0.218400	-0.638100	0.588000	-0.275200	0.455100
1627303141.339317	-0.734000	0.216600	-0.637900	0.661300	-0.288300	0.475900
1627303141.341529	-0.738600	0.201200	-0.634000	0.723900	-0.300800	0.497900
1627303141.351585	-0.747200	0.182700	-0.636800	0.745900	-0.309400	0.512800
1627303141.361674	-0.752000	0.165800	-0.640400	0.733700	-0.315800	0.526300
1627303141.377834	-0.752800	0.156600	-0.639300	0.698000	-0.320100	0.534800
1627303141.381604	-0.756600	0.158000	-0.635900	0.655200	-0.324300	0.543100
1627303141.387797	-0.760900	0.167200	-0.629900	0.626800	-0.326800	0.554400
1627303141.400425	-0.763500	0.182900	-0.625700	0.626200	-0.326800	0.568700
1627303141.423338	-0.768900	0.195600	-0.621100	0.660400	-0.321900	0.587000
1627303141.424368	-0.772500	0.200400	-0.616800	0.708700	-0.317300	0.604200
1627303141.427891	-0.775000	0.198600	-0.613600	0.761500	-0.310000	0.617900
1627303141.443017	-0.781100	0.188600	-0.611500	0.799400	-0.305400	0.626100
1627303141.443510	-0.785000	0.178300	-0.613400	0.810100	-0.299900	0.634700
1627303141.468160	-0.787700	0.171900	-0.612700	0.800000	-0.292000	0.641400
1627303141.469186	-0.788300	0.169900	-0.611600	0.769100	-0.283100	0.647800
1627303141.480553	-0.787600	0.172900	-0.609600	0.734000	-0.277900	0.653600
1627303141.485472	-0.788200	0.182600	-0.613300	0.713900	-0.275500	0.660700
1627303141.507481	-0.792000	0.201000	-0.609600	0.720600	-0.271800	0.670100
1627303141.508230	-0.793700	0.213500	-0.606000	0.757500	-0.270900	0.681400
1627303141.517300	-0.796600	0.220600	-0.600100	0.816500	-0.268100	0.688100
1627303141.537858	-0.800700	0.214800	-0.599400	0.873600	-0.266300	0.693600
1627303141.544141	-0.799400	0.201500	-0.598300	0.913900	-0.264200	0.701300
1627303141.544614	-0.802700	0.190200	-0.598300	0.916700	-0.262300	0.710400
1627303141.567233	-0.804300	0.185300	-0.599200	0.895300	-0.260200	0.715600
1627303141.567976	-0.805400	0.187100	-0.599400	0.871500	-0.257100	0.721100
1627303141.577978	-0.799900	0.197300	-0.599200	0.852800	-0.256200	0.729400
1627303141.589220	-0.799100	0.211700	-0.599200	0.856800	-0.258400	0.737300
1627303141.612399	-0.800500	0.218500	-0.593600	0.885500	-0.259900	0.742200
1627303141.612867	-0.804100	0.217200	-0.589800	0.933200	-0.260800	0.744700
1627303141.620587	-0.804200	0.214200	-0.585700	0.963700	-0.260500	0.745900
1627303141.630626	-0.805700	0.209100	-0.580300	0.981700	-0.260500	0.751100
1627303141.632992	-0.805400	0.204800	-0.573400	0.986900	-0.259600	0.753500
1627303141.656658	-0.804000	0.202900	-0.572300	0.981400	-0.261400	0.752600
1627303141.657781	-0.800300	0.201500	-0.569700	0.969800	-0.264200	0.748600
1627303141.664746	-0.803300	0.205300	-0.569000	0.958200	-0.265700	0.746500
1627303141.687492	-0.808000	0.216400	-0.566400	0.957000	-0.265400	0.744700
1627303141.688139	-0.810400	0.222900	-0.563800	0.978400	-0.261700	0.744300
1627303141.699105	-0.811600	0.223000	-0.561400	1.006800	-0.258400	0.746800
1627303141.705936	-0.808600	0.220600	-0.561600	1.033700	-0.255000	0.748000
1627303141.729957	-0.810200	0.214800	-0.560700	1.055600	-0.255300	0.748600
1627303141.730528	-0.812000	0.208400	-0.556500	1.067600	-0.258100	0.748000
1627303141.737763	-0.817000	0.201900	-0.549800	1.065400	-0.262900	0.748300
1627303141.747283	-0.816000	0.199200	-0.548700	1.056600	-0.266600	0.749500
1627303141.773613	-0.819600	0.199200	-0.547200	1.053800	-0.273300	0.753200
1627303141.774091	-0.822600	0.199500	-0.545000	1.056300	-0.277600	0.758100
1627303141.777868	-0.824200	0.195900	-0.544200	1.062700	-0.281000	0.766300
1627303141.788014	-0.825400	0.192900	-0.543800	1.068800	-0.283100	0.774600
1627303141.792912	-0.826500	0.192700	-0.545800	1.074900	-0.285200	0.785600
1627303141.815528	-0.827500	0.190600	-0.543200	1.084700	-0.288300	0.790200
1627303141.817833	-0.830700	0.187400	-0.538300	1.095000	-0.290400	0.796300
1627303141.827795	-0.837000	0.182500	-0.534800	1.096300	-0.292300	0.802400
1627303141.835679	-0.843900	0.179200	-0.529800	1.091400	-0.290400	0.807300
1627303141.854101	-0.844700	0.178000	-0.527200	1.082200	-0.286200	0.808200
1627303141.857880	-0.845700	0.175200	-0.523400	1.068200	-0.279700	0.810000
1627303141.866712	-0.846800	0.172500	-0.520800	1.052000	-0.272400	0.813400
1627303141.875494	-0.849500	0.173800	-0.521000	1.032100	-0.263600	0.815200
1627303141.894299	-0.848100	0.176600	-0.520800	1.020500	-0.252900	0.815200
1627303141.896686	-0.850700	0.179400	-0.520400	1.016900	-0.244300	0.814000
1627303141.906567	-0.849900	0.181000	-0.519200	1.025100	-0.233900	0.811500
1627303141.914195	-0.854900	0.183100	-0.517300	1.036700	-0.227200	0.808800
1627303141.937841	-0.859500	0.177700	-0.515600	1.043100	-0.219000	0.807000
1627303141.939138	-0.859500	0.177700	-0.515600	1.043100	-0.219000	0.807000
1627303141.944576	-0.863000	0.173700	-0.513100	1.046500	-0.211600	0.805700
1627303141.966577	-0.865400	0.170400	-0.507700	1.043400	-0.200000	0.810000
1627303141.977496	-0.863400	0.167200	-0.508900	1.041900	-0.193900	0.815500
1627303141.977964	-0.863600	0.166700	-0.511400	1.040400	-0.188700	0.816700
1627303141.987335	-0.865100	0.165200	-0.514800	1.035500	-0.186600	0.813400
1627303141.997819	-0.863400	0.168500	-0.519200	1.030600	-0.184800	0.812200
1627303142.012184	-0.863300	0.171300	-0.523800	1.034300	-0.182600	0.811200
1627303142.024080	-0.865700	0.168700	-0.524700	1.045900	-0.178600	0.811200
1627303142.037469	-0.869500	0.163800	-0.527300	1.060800	-0.168900	0.809700
1627303142.038119	-0.871300	0.155800	-0.531700	1.059600	-0.157300	0.804800
1627303142.042224	-0.873700	0.151000	-0.533700	1.049800	-0.147200	0.797800
1627303142.065692	-0.875100	0.147100	-0.537500	1.036700	-0.136800	0.791700
1627303142.077651	-0.874900	0.145100	-0.543900	1.023900	-0.126700	0.784700
1627303142.086735	-0.872900	0.143300	-0.544700	1.015000	-0.116000	0.777300
1627303142.087335	-0.868800	0.138200	-0.547500	1.013200	-0.105600	0.769400
1627303142.097048	-0.864900	0.134800	-0.550200	1.008000	-0.096500	0.756900
1627303142.107871	-0.865200	0.132600	-0.550300	0.999100	-0.089800	0.748600
1627303142.115929	-0.866100	0.126700	-0.549600	0.991500	-0.085200	0.736400
1627303142.140163	-0.868000	0.122400	-0.551800	0.979600	-0.075400	0.726000
1627303142.141072	-0.867200	0.115800	-0.553000	0.964600	-0.066200	0.716200
1627303142.147512	-0.864600	0.110100	-0.553600	0.942600	-0.056800	0.702200
1627303142.169797	-0.858500	0.107500	-0.554100	0.919400	-0.044600	0.686000
1627303142.170682	-0.850800	0.105200	-0.556200	0.897700	-0.031700	0.669200
1627303142.180841	-0.846200	0.107100	-0.555500	0.881200	-0.020700	0.653000
1627303142.190680	-0.844500	0.106100	-0.554000	0.864700	-0.010000	0.634700
1627303142.205168	-0.842800	0.107100	-0.556200	0.850100	0.008300	0.614800
1627303142.207092	-0.837200	0.106400	-0.557000	0.841500	0.026900	0.598000
1627303142.217038	-0.832500	0.102200	-0.558700	0.828100	0.045500	0.582800
1627303142.223334	-0.828200	0.097800	-0.565700	0.802400	0.067200	0.562600
1627303142.244563	-0.830200	0.095700	-0.573600	0.766400	0.085200	0.542100
1627303142.246830	-0.834400	0.097700	-0.577000	0.731300	0.100500	0.522600
1627303142.264454	-0.832600	0.102200	-0.580000	0.703200	0.117600	0.507600
1627303142.286018	-0.825700	0.108900	-0.583500	0.684500	0.131700	0.495700
1627303142.286939	-0.824000	0.112100	-0.590500	0.676600	0.147600	0.487800
1627303142.288355	-0.822400	0.114900	-0.595600	0.673900	0.163700	0.481700
1627303142.303020	-0.815300	0.112700	-0.605000	0.664400	0.181500	0.476500
1627303142.303718	-0.812600	0.113000	-0.610200	0.650000	0.190600	0.473400
1627303142.325775	-0.816300	0.111300	-0.616100	0.631700	0.198000	0.474000
1627303142.326731	-0.818000	0.113500	-0.621600	0.612800	0.202800	0.477100
1627303142.342401	-0.815700	0.114500	-0.622200	0.592000	0.210500	0.485300
1627303142.355670	-0.810900	0.117900	-0.623700	0.575500	0.216300	0.491100
1627303142.357083	-0.806200	0.120700	-0.623500	0.556900	0.222100	0.496600
1627303142.372446	-0.797200	0.122600	-0.626700	0.539800	0.233100	0.505800
1627303142.376982	-0.787000	0.123700	-0.630200	0.528800	0.240400	0.515000
1627303142.401256	-0.776700	0.124900	-0.629500	0.517800	0.241600	0.523800
1627303142.402210	-0.769300	0.123700	-0.629200	0.504600	0.240400	0.525700
1627303142.409421	-0.764600	0.123300	-0.628500	0.486000	0.234600	0.523500
1627303142.420745	-0.760100	0.124600	-0.624800	0.465900	0.231200	0.518600
1627303142.421637	-0.758800	0.126100	-0.626800	0.452700	0.228200	0.516200
1627303142.444275	-0.757300	0.131500	-0.630500	0.440500	0.228200	0.514700
1627303142.460085	-0.752100	0.133900	-0.635600	0.437800	0.224500	0.511600
1627303142.465656	-0.744900	0.132200	-0.641000	0.436800	0.218400	0.506400
1627303142.466562	-0.744300	0.128400	-0.645100	0.426800	0.209300	0.496900
1627303142.488484	-0.741100	0.126100	-0.645400	0.414500	0.202500	0.483200
1627303142.489474	-0.735800	0.124900	-0.644800	0.402600	0.194900	0.471600
1627303142.498482	-0.735000	0.128300	-0.646700	0.388600	0.190300	0.457800
1627303142.509493	-0.733400	0.135000	-0.647700	0.378800	0.188200	0.444400
1627303142.533525	-0.732700	0.140400	-0.647500	0.379700	0.181800	0.432500
1627303142.534335	-0.726400	0.136400	-0.651600	0.386700	0.174700	0.417200
1627303142.536921	-0.722700	0.131200	-0.649400	0.387700	0.165900	0.402600
1627303142.552024	-0.723000	0.128400	-0.647700	0.380600	0.153700	0.382700
1627303142.552918	-0.724100	0.126800	-0.645300	0.371800	0.142400	0.361900
1627303142.573025	-0.728100	0.128300	-0.640500	0.366600	0.128600	0.345800
1627303142.576992	-0.736900	0.130000	-0.636800	0.363200	0.116100	0.330800
1627303142.592929	-0.735200	0.125400	-0.637100	0.366000	0.112700	0.321600
1627303142.594466	-0.731100	0.117700	-0.639300	0.367800	0.103900	0.312200
1627303142.618007	-0.727300	0.108900	-0.643700	0.361100	0.094700	0.300900
1627303142.618877	-0.725200	0.102500	-0.647300	0.352800	0.087700	0.285300
1627303142.625867	-0.718600	0.094200	-0.648400	0.348000	0.083700	0.266300
1627303142.639738	-0.712400	0.079800	-0.646100	0.336000	0.076700	0.240700
1627303142.658670	-0.710400	0.070700	-0.648600	0.309500	0.072700	0.218100
1627303142.659480	-0.712300	0.063100	-0.650000	0.276200	0.074600	0.194600
1627303142.671453	-0.716700	0.060500	-0.656000	0.245600	0.079400	0.172600
1627303142.687167	-0.718100	0.059900	-0.662800	0.219100	0.087700	0.155800
1627303142.696459	-0.719700	0.059900	-0.672400	0.199500	0.093800	0.139000
1627303142.697358	-0.716600	0.059000	-0.680300	0.190000	0.101400	0.122500
1627303142.705210	-0.713000	0.053300	-0.681800	0.171700	0.107500	0.097700
1627303142.727035	-0.710700	0.045000	-0.684200	0.144500	0.110300	0.072700
1627303142.735242	-0.708900	0.036900	-0.686300	0.101500	0.110600	0.046100
1627303142.744741	-0.704800	0.031500	-0.686500	0.043100	0.113000	0.022900
1627303142.745666	-0.701300	0.034100	-0.688000	-0.018000	0.113700	-0.001500
1627303142.769158	-0.696800	0.042400	-0.689700	-0.074500	0.114900	-0.023500
1627303142.772808	-0.689700	0.056500	-0.691500	-0.115100	0.115200	-0.045800
1627303142.775617	-0.681500	0.068000	-0.692500	-0.134900	0.110600	-0.072400
1627303142.788311	-0.676400	0.073100	-0.694200	-0.143800	0.101700	-0.092200
1627303142.789226	-0.672900	0.073200	-0.693000	-0.157500	0.090100	-0.113300
1627303142.813753	-0.672000	0.073900	-0.693800	-0.174600	0.078200	-0.137400
1627303142.817087	-0.668500	0.078000	-0.691900	-0.196300	0.065100	-0.160000
1627303142.825930	-0.665300	0.078900	-0.690700	-0.226600	0.049200	-0.183600
1627303142.833328	-0.663000	0.079100	-0.691900	-0.263500	0.031800	-0.208600
1627303142.856283	-0.666100	0.087500	-0.689700	-0.310300	0.013500	-0.239500
1627303142.857111	-0.672000	0.091700	-0.693200	-0.339600	-0.002400	-0.261400
1627303142.869442	-0.672700	0.102400	-0.694900	-0.354200	-0.019800	-0.278900
1627303142.875749	-0.669900	0.113400	-0.693100	-0.349300	-0.037500	-0.292900
1627303142.897885	-0.670900	0.120600	-0.693500	-0.328000	-0.056800	-0.309100
1627303142.898799	-0.674900	0.121600	-0.689000	-0.302600	-0.076000	-0.323800
1627303142.906044	-0.677100	0.114900	-0.687600	-0.283700	-0.098000	-0.336900
1627303142.918221	-0.682100	0.104700	-0.686000	-0.284000	-0.121200	-0.345400
1627303142.941142	-0.686000	0.096300	-0.680900	-0.298300	-0.138900	-0.351900
1627303142.942218	-0.690100	0.089400	-0.678800	-0.324000	-0.152400	-0.356100
1627303142.945795	-0.689500	0.084600	-0.676000	-0.357900	-0.164600	-0.362500
1627303142.950937	-0.687900	0.083400	-0.674100	-0.395500	-0.176800	-0.369900
1627303142.973726	-0.688200	0.086200	-0.670400	-0.427500	-0.187800	-0.379000
1627303142.976046	-0.691500	0.090800	-0.662500	-0.453200	-0.198800	-0.385100
1627303142.987030	-0.695600	0.093900	-0.656400	-0.466600	-0.210100	-0.390000
1627303142.993396	-0.701200	0.095000	-0.650300	-0.474600	-0.218700	-0.396100
1627303143.014734	-0.706900	0.090800	-0.649800	-0.485600	-0.228100	-0.406800
1627303143.016917	-0.715800	0.088700	-0.648200	-0.508500	-0.236700	-0.419000
1627303143.032278	-0.727100	0.087500	-0.645400	-0.537200	-0.240000	-0.430000
1627303143.035903	-0.737700	0.085100	-0.648100	-0.567400	-0.239100	-0.443500
1627303143.054831	-0.743900	0.088700	-0.651900	-0.607100	-0.237000	-0.456600
1627303143.056324	-0.749300	0.092900	-0.653300	-0.641600	-0.237300	-0.467300
1627303143.065543	-0.756100	0.097500	-0.655400	-0.668200	-0.235800	-0.476500
