1627303157.054143	0.731000	-0.492300	0.474400	-0.205700	-0.108800	-0.029700
1627303157.054929	0.732500	-0.474500	0.473600	-0.226800	-0.122300	-0.082000
1627303157.055561	0.715600	-0.440900	0.468000	-0.213000	-0.158300	-0.109800
1627303157.056180	0.705900	-0.420200	0.471400	-0.209000	-0.132400	-0.123800
1627303157.059177	0.705900	-0.420200	0.471400	-0.209000	-0.132400	-0.123800
1627303157.148841	-0.037700	0.051800	0.934700	-0.005300	0.057300	0.356600
1627303157.149273	-0.035600	0.048100	0.940200	0.008700	0.050000	0.371000
1627303157.149679	-0.043900	0.047900	0.950100	0.032600	0.039000	0.379900
1627303157.150084	-0.059400	0.042200	0.960200	0.045400	0.034700	0.386000
1627303157.152193	-0.066900	0.033200	0.960900	0.050900	0.038100	0.396000
1627303157.152629	-0.067400	0.024900	0.958500	0.042000	0.043000	0.417100
1627303157.153035	-0.069000	0.018600	0.956900	0.028600	0.039300	0.439100
1627303157.153438	-0.075200	0.013800	0.956800	0.004500	0.033200	0.459900
1627303157.155520	-0.089600	0.015100	0.964500	-0.019400	0.032600	0.484000
1627303157.155958	-0.098500	0.014300	0.968600	-0.046500	0.036800	0.509100
1627303157.156356	-0.103800	0.018700	0.971800	-0.075000	0.048400	0.535600
1627303157.156751	-0.104100	0.026100	0.973300	-0.090200	0.063400	0.570400
1627303157.158409	-0.099700	0.034500	0.978000	-0.095700	0.071000	0.606800
1627303157.158807	-0.101900	0.040900	0.975600	-0.104300	0.077200	0.636400
1627303157.159201	-0.108800	0.049100	0.976600	-0.105200	0.079900	0.667000
1627303157.160885	-0.113900	0.055500	0.977300	-0.100000	0.087800	0.696600
1627303157.161281	-0.113000	0.058800	0.973900	-0.092100	0.094900	0.721000
1627303157.161778	-0.108600	0.066400	0.975000	-0.089900	0.101900	0.747900
1627303157.163803	-0.112700	0.071700	0.976400	-0.090800	0.106500	0.767800
1627303157.164268	-0.113400	0.074300	0.982900	-0.093300	0.110500	0.788800
1627303157.164675	-0.105700	0.076500	0.976900	-0.096300	0.122700	0.814500
1627303157.165081	-0.091700	0.082400	0.968400	-0.096600	0.132700	0.835600
1627303157.166852	-0.075600	0.092400	0.959600	-0.087800	0.125700	0.843800
1627303157.167247	-0.065100	0.097000	0.954800	-0.069500	0.115900	0.845900
1627303157.167686	-0.060300	0.101200	0.947600	-0.038900	0.103700	0.846900
1627303157.168081	-0.060500	0.101300	0.946300	-0.021200	0.089400	0.852100
1627303157.170156	-0.063500	0.098900	0.943400	-0.007800	0.077200	0.861200
1627303157.170552	-0.061500	0.091800	0.940100	-0.001000	0.061900	0.879900
1627303157.170989	-0.056400	0.088700	0.937300	0.005700	0.043300	0.895100
1627303157.171382	-0.053000	0.086900	0.931000	0.008700	0.015500	0.910400
1627303157.173853	-0.052100	0.086500	0.925200	0.011200	-0.027300	0.928400
1627303157.174250	-0.060100	0.080900	0.926800	0.017000	-0.061500	0.936700
1627303157.174685	-0.070800	0.078900	0.931900	0.023400	-0.084100	0.944300
1627303157.175078	-0.073100	0.076900	0.937900	0.031300	-0.099100	0.958300
1627303157.177147	-0.068000	0.077000	0.941500	0.033800	-0.105200	0.977000
1627303157.177616	-0.058800	0.075900	0.946700	0.035900	-0.118000	0.996200
1627303157.178057	-0.053000	0.075100	0.946200	0.029200	-0.132400	1.024600
1627303157.178453	-0.051800	0.079300	0.954800	0.014500	-0.133900	1.046900
1627303157.180544	-0.053500	0.077100	0.963300	0.027700	-0.146400	1.063400
1627303157.180985	-0.059100	0.082900	0.970600	0.018200	-0.152200	1.097000
1627303157.181415	-0.064900	0.081800	0.972900	0.002000	-0.144000	1.133400
1627303157.181810	-0.066500	0.082600	0.975800	0.002300	-0.143700	1.170300
1627303157.183102	-0.062300	0.086300	0.971100	0.006900	-0.134800	1.212800
1627303157.183498	-0.053000	0.093100	0.971200	0.009000	-0.123800	1.244500
1627303157.183927	-0.038700	0.098500	0.969700	0.010900	-0.112200	1.272600
1627303157.186453	-0.017300	0.108400	0.964400	0.013000	-0.101200	1.302600
1627303157.186853	-0.007400	0.115500	0.962400	0.015200	-0.093600	1.325200
1627303157.187286	0.003900	0.126000	0.967200	0.015800	-0.096000	1.339500
1627303157.188922	-0.004400	0.134000	0.967700	0.017600	-0.113700	1.358500
1627303157.189320	-0.007300	0.139300	0.963100	0.019100	-0.121100	1.383800
1627303157.189760	-0.012200	0.143600	0.966400	0.012700	-0.112200	1.407300
1627303157.190157	-0.016200	0.147500	0.972700	0.012100	-0.096600	1.430500
1627303157.191834	-0.010700	0.151100	0.981300	0.020000	-0.082300	1.449500
1627303157.192230	-0.001300	0.156200	0.985500	0.030100	-0.093600	1.464800
1627303157.192626	-0.002200	0.158800	0.985000	0.043900	-0.104900	1.473000
1627303157.194700	-0.012200	0.164100	0.987500	0.053300	-0.115900	1.478500
1627303157.195131	-0.019000	0.160900	0.988500	0.048100	-0.108200	1.486700
1627303157.195531	-0.021200	0.155900	0.988600	0.042900	-0.099100	1.493500
1627303157.195931	-0.006500	0.157300	0.993900	0.036200	-0.080800	1.503500
1627303157.198433	0.005200	0.163900	0.992900	0.049700	-0.087800	1.510900
1627303157.198887	0.019900	0.167200	0.992800	0.055200	-0.084100	1.523100
1627303157.199294	0.027500	0.171300	0.986000	0.065200	-0.093300	1.531600
1627303157.199714	0.021700	0.172100	0.982900	0.067700	-0.085000	1.546300
1627303157.200153	0.013300	0.168200	0.984600	0.068900	-0.067300	1.558200
1627303157.202294	0.007400	0.164700	0.991500	0.088100	-0.045000	1.574400
1627303157.202688	0.018200	0.163800	0.992700	0.101300	-0.039800	1.595500
1627303157.203084	0.023800	0.158100	0.986800	0.103400	-0.036800	1.612300
1627303157.203524	0.039300	0.154400	0.978900	0.101600	-0.037400	1.628800
1627303157.205992	0.045400	0.157800	0.973100	0.103400	-0.039500	1.640700
1627303157.206387	0.054900	0.156200	0.967900	0.097900	-0.041000	1.647700
1627303157.206817	0.057700	0.161400	0.969100	0.086600	-0.045600	1.656000
1627303157.207213	0.058500	0.164800	0.967900	0.069800	-0.048700	1.669700
1627303157.207637	0.059200	0.168300	0.967700	0.048100	-0.045300	1.689600
1627303157.209701	0.065800	0.172400	0.969800	0.036200	-0.033400	1.714000
1627303157.210129	0.079800	0.179600	0.976700	0.038400	-0.040100	1.727100
1627303157.210523	0.084000	0.186000	0.979900	0.037100	-0.053600	1.739600
1627303157.211007	0.078200	0.189100	0.979900	0.028000	-0.061800	1.758300
1627303157.213043	0.087200	0.190600	0.980200	0.023700	-0.063000	1.767700
1627303157.213439	0.093500	0.196000	0.982900	0.038100	-0.076200	1.768400
1627303157.213836	0.092800	0.200600	0.983800	0.042300	-0.080100	1.764100
1627303157.214231	0.089100	0.206200	0.988200	0.038400	-0.077100	1.758900
1627303157.215821	0.088100	0.210000	0.994300	0.033800	-0.071000	1.750900
1627303157.216221	0.083400	0.215700	0.996300	0.026800	-0.056300	1.736600
1627303157.216926	0.104000	0.212600	0.982900	-0.054500	0.115000	1.075600
1627303157.217321	0.104000	0.208600	0.982700	-0.052300	0.115000	1.064300
1627303157.217716	0.103100	0.202100	0.981000	-0.045600	0.112300	1.049400
1627303157.218110	0.101000	0.199000	0.983400	-0.035900	0.113200	1.034100
1627303157.218512	0.096900	0.196500	0.985100	-0.031600	0.122400	1.017900
1627303157.218908	0.089800	0.189700	0.991200	-0.033100	0.135800	1.004500
1627303157.219304	0.085400	0.182100	0.993000	-0.035200	0.154100	0.999600
1627303157.219771	0.089600	0.178500	0.991800	-0.037100	0.171200	0.997100
1627303157.220167	0.097700	0.174200	0.988500	-0.043800	0.179200	0.987100
1627303157.243539	0.101900	0.174600	0.986600	-0.051400	0.182800	0.973300
1627303157.244430	0.106300	0.173700	0.982800	-0.055400	0.181600	0.962600
1627303157.247922	0.096100	0.172700	0.981700	-0.061200	0.189300	0.952500
1627303157.265970	0.090300	0.169800	0.981000	-0.066100	0.198400	0.940900
1627303157.266863	0.090300	0.169800	0.981000	-0.066100	0.198400	0.940900
1627303157.277807	0.082800	0.166300	0.982400	-0.075000	0.224400	0.926900
1627303157.304943	0.082800	0.166300	0.982400	-0.075000	0.224400	0.926900
1627303157.305837	0.092300	0.169700	0.984400	-0.076500	0.231400	0.923500
1627303157.306826	0.091400	0.167700	0.983000	-0.070400	0.218000	0.916800
1627303157.317723	0.075300	0.163600	0.976700	-0.078000	0.225900	0.908300
1627303157.332470	0.069000	0.160300	0.970100	-0.092100	0.259200	0.885000
1627303157.357208	0.081700	0.161300	0.970200	-0.099700	0.271700	0.862400
1627303157.358104	0.074300	0.164900	0.972500	-0.104000	0.271700	0.836500
1627303157.359494	0.060300	0.164600	0.975300	-0.114400	0.280900	0.809300
1627303157.388579	0.049300	0.169400	0.977500	-0.123500	0.291300	0.794900
1627303157.389473	0.052400	0.168600	0.974700	-0.131200	0.310800	0.782100
1627303157.390698	0.045000	0.172700	0.963400	-0.134200	0.314800	0.761600
1627303157.396629	0.049600	0.175700	0.958100	-0.134800	0.319700	0.734800
1627303157.411430	0.046600	0.180300	0.953700	-0.135400	0.322100	0.705100
1627303157.432247	0.043900	0.184600	0.954100	-0.124700	0.317500	0.664800
1627303157.433141	0.031200	0.186900	0.952000	-0.110700	0.323000	0.632100
1627303157.436663	0.033700	0.187300	0.948900	-0.103400	0.331600	0.594300
1627303157.462206	0.032700	0.189000	0.944300	-0.088400	0.328500	0.548200
1627303157.463117	0.034300	0.188700	0.946800	-0.075900	0.321200	0.509400
1627303157.466659	0.025900	0.189700	0.945100	-0.067900	0.309300	0.469000
1627303157.477712	0.025600	0.189700	0.946700	-0.054500	0.298600	0.426600
1627303157.509225	0.024400	0.189700	0.944800	-0.042300	0.287600	0.384700
1627303157.511195	0.026900	0.191200	0.940700	-0.023900	0.278100	0.341700
1627303157.512098	0.023600	0.191200	0.948200	-0.008700	0.266500	0.293100
1627303157.517822	0.015000	0.185300	0.949600	0.004500	0.254300	0.258600
1627303157.527806	0.014000	0.180500	0.950700	0.012700	0.244800	0.229600
1627303157.560948	0.013800	0.175700	0.951400	0.023100	0.232300	0.196000
1627303157.561839	0.017500	0.174300	0.953000	0.027700	0.222800	0.163600
1627303157.562655	0.013300	0.173100	0.957300	0.032600	0.214900	0.132500
1627303157.566506	0.014500	0.168500	0.961100	0.038100	0.208200	0.095800
1627303157.586004	0.010900	0.163500	0.963900	0.047800	0.201500	0.056700
1627303157.586898	0.008100	0.159700	0.965100	0.042300	0.201200	0.022800
1627303157.616027	0.004600	0.154500	0.967000	0.038700	0.197800	-0.010200
1627303157.617095	-0.001200	0.144800	0.962800	0.036800	0.193500	-0.040100
1627303157.617943	-0.003500	0.141000	0.962800	0.022800	0.186800	-0.064500
1627303157.648563	-0.000900	0.133300	0.960300	0.010600	0.178000	-0.087500
1627303157.649463	-0.003400	0.125900	0.960600	-0.011400	0.167300	-0.109100
1627303157.650280	-0.003500	0.124800	0.961500	-0.041400	0.159000	-0.127500
1627303157.660405	-0.000600	0.126500	0.961900	-0.068800	0.146800	-0.148500
1627303157.693571	-0.000100	0.126500	0.956500	-0.094200	0.138200	-0.169900
1627303157.694483	0.001800	0.130000	0.954800	-0.108500	0.128800	-0.188900
1627303157.695817	-0.002300	0.129500	0.951900	-0.112200	0.117200	-0.207800
1627303157.696672	-0.009300	0.126200	0.953900	-0.122600	0.108900	-0.230100
1627303157.711902	-0.014200	0.125700	0.957900	-0.128700	0.105300	-0.243800
1627303157.727843	-0.013300	0.130000	0.954100	-0.131200	0.100400	-0.255700
1627303157.748800	-0.006200	0.129200	0.954100	-0.130500	0.088500	-0.269800
1627303157.749708	-0.003700	0.129500	0.947300	-0.132400	0.074700	-0.285700
1627303157.750523	-0.004200	0.129600	0.946400	-0.128400	0.056700	-0.303700
1627303157.777328	-0.009800	0.129000	0.945100	-0.124700	0.035900	-0.322600
1627303157.778227	-0.012600	0.128200	0.939700	-0.118000	0.021000	-0.337900
1627303157.779281	-0.015100	0.128400	0.937000	-0.115000	0.009400	-0.352000
1627303157.794353	-0.018100	0.128700	0.935300	-0.107900	-0.001000	-0.372100
1627303157.807378	-0.016100	0.128300	0.932100	-0.100900	-0.005300	-0.384900
1627303157.808266	-0.008500	0.128100	0.929600	-0.089000	-0.012300	-0.396200
1627303157.838550	0.000000	0.132300	0.929200	-0.067300	-0.032500	-0.419200
1627303157.839462	0.002200	0.132400	0.924700	-0.054800	-0.052000	-0.440800
1627303157.840277	-0.002000	0.131200	0.922900	-0.047500	-0.067600	-0.459200
1627303157.847827	-0.002800	0.129200	0.921000	-0.038600	-0.083500	-0.476000
1627303157.878596	-0.001200	0.128100	0.922100	-0.027000	-0.097900	-0.491200
1627303157.880162	-0.000900	0.128700	0.926500	-0.014500	-0.110700	-0.507100
1627303157.891193	-0.002400	0.128800	0.927200	0.002000	-0.128100	-0.521800
1627303157.892098	0.002900	0.126000	0.928500	0.018500	-0.142100	-0.532800
1627303157.922397	0.004200	0.122400	0.928700	0.041100	-0.159900	-0.542900
1627303157.928202	0.004200	0.119500	0.927100	0.055200	-0.184300	-0.555400
1627303157.928799	0.003100	0.113600	0.928500	0.062800	-0.207800	-0.566700
1627303157.929961	0.003500	0.107900	0.928700	0.062500	-0.223100	-0.580400
1627303157.954588	0.008300	0.106100	0.934300	0.061600	-0.242300	-0.594800
1627303157.955141	0.009200	0.101300	0.936800	0.054200	-0.259100	-0.609700
1627303157.956678	0.007900	0.101000	0.938400	0.047500	-0.276500	-0.620400
1627303157.967873	0.017100	0.102800	0.944500	0.039900	-0.292400	-0.631100
1627303157.993764	0.024800	0.105300	0.949700	0.035600	-0.312300	-0.638100
1627303157.994664	0.024400	0.109100	0.957000	0.035000	-0.327500	-0.648800
1627303157.996665	0.022700	0.110500	0.965700	0.037100	-0.344900	-0.660800
1627303158.027312	0.017000	0.111500	0.974200	0.044500	-0.366600	-0.681500
1627303158.028568	0.007700	0.115700	0.979400	0.052400	-0.377900	-0.699800
1627303158.029339	-0.000200	0.113300	0.980600	0.051800	-0.373400	-0.718500
1627303158.036476	0.008500	0.116000	0.986000	0.047200	-0.360800	-0.735900
1627303158.049029	0.013300	0.116000	0.991000	0.043600	-0.360500	-0.745700
1627303158.073510	0.014200	0.115200	0.991500	0.035600	-0.355900	-0.757600
1627303158.074409	0.032300	0.120100	0.994900	0.020000	-0.346800	-0.776500
1627303158.076662	0.032700	0.126500	0.992100	0.019700	-0.355900	-0.795100
1627303158.087965	0.033900	0.129000	0.993800	0.017600	-0.359000	-0.813200
1627303158.103356	0.033200	0.132100	0.994900	0.013000	-0.351400	-0.833600
1627303158.125958	0.033700	0.133300	0.995000	0.015500	-0.343100	-0.851600
1627303158.126857	0.034700	0.133100	0.993200	0.016700	-0.338200	-0.870300
1627303158.127674	0.029800	0.132100	0.994400	0.017600	-0.330600	-0.890100
1627303158.158608	0.028100	0.132300	0.992400	0.018500	-0.319300	-0.907500
1627303158.159513	0.029500	0.132100	0.987800	0.014500	-0.306500	-0.925600
1627303158.160482	0.032500	0.134200	0.984300	0.008700	-0.293600	-0.942700
1627303158.170285	0.041000	0.138300	0.981600	0.002000	-0.276800	-0.959500
1627303158.201017	0.049400	0.141800	0.975700	-0.003800	-0.268000	-0.971700
1627303158.203021	0.062600	0.146700	0.975300	-0.007500	-0.277800	-0.996100
1627303158.206291	0.064600	0.150100	0.969600	-0.008700	-0.285400	-1.019600
1627303158.207194	0.067300	0.154400	0.962400	-0.008100	-0.280500	-1.037700
1627303158.235956	0.073400	0.156900	0.961900	-0.002000	-0.278100	-1.062100
1627303158.236858	0.072400	0.159700	0.961500	0.002300	-0.276500	-1.085300
1627303158.238010	0.076200	0.162200	0.958000	0.011800	-0.274700	-1.103600
1627303158.254769	0.084700	0.161100	0.955700	0.015500	-0.270700	-1.118000
1627303158.255680	0.095200	0.156000	0.952900	0.012100	-0.262800	-1.133600
1627303158.282255	0.102300	0.157100	0.955700	0.016400	-0.263400	-1.147600
1627303158.283155	0.112300	0.156400	0.960300	0.025200	-0.263700	-1.151600
1627303158.285432	0.116000	0.153100	0.964400	0.036500	-0.290000	-1.168700
1627303158.296831	0.112900	0.149300	0.961800	0.045700	-0.297900	-1.176000
1627303158.311976	0.112200	0.142500	0.959500	0.037400	-0.289700	-1.183700
1627303158.335985	0.121500	0.136600	0.963000	0.036500	-0.282900	-1.195300
1627303158.336896	0.124600	0.132700	0.965300	0.031600	-0.282900	-1.201700
1627303158.339109	0.126700	0.128800	0.966400	0.020600	-0.285700	-1.204700
1627303158.366068	0.135100	0.123300	0.966100	0.010600	-0.293000	-1.209900
1627303158.367159	0.131700	0.123400	0.963300	0.003500	-0.304300	-1.212100
1627303158.367985	0.128500	0.119100	0.958400	-0.010500	-0.306800	-1.207200
1627303158.377637	0.132800	0.118900	0.958600	-0.024300	-0.307100	-1.199200
1627303158.408746	0.144000	0.119500	0.959600	-0.030100	-0.314400	-1.198900
1627303158.410670	0.149300	0.124100	0.959100	-0.031300	-0.325400	-1.205900
1627303158.411803	0.143700	0.128300	0.959100	-0.022100	-0.333600	-1.213900
1627303158.425911	0.139900	0.131100	0.957000	-0.023900	-0.331800	-1.213300
1627303158.426806	0.131300	0.133700	0.955400	-0.028800	-0.325400	-1.208400
1627303158.436658	0.146700	0.136800	0.969100	-0.028200	-0.334000	-1.208100
1627303158.467331	0.138500	0.138800	0.969200	-0.016000	-0.338200	-1.204400
1627303158.468234	0.141700	0.143900	0.969700	-0.008100	-0.331500	-1.201100
1627303158.470172	0.145100	0.147500	0.968600	-0.004700	-0.319300	-1.201100
1627303158.477513	0.145500	0.150100	0.970500	0.007500	-0.323600	-1.207800
1627303158.492701	0.142500	0.151000	0.972300	0.009000	-0.320200	-1.208100
1627303158.508657	0.146500	0.152700	0.976000	0.004800	-0.308000	-1.209900
1627303158.520975	0.150800	0.157700	0.977300	0.003800	-0.300400	-1.216300
1627303158.521893	0.154800	0.159700	0.978400	-0.004100	-0.294600	-1.222700
1627303158.524100	0.154400	0.163800	0.982900	-0.011700	-0.292400	-1.231900
1627303158.555428	0.151100	0.168500	0.987100	-0.015100	-0.288400	-1.245000
1627303158.576027	0.146200	0.166600	0.988200	-0.027900	-0.277400	-1.255400
1627303158.576928	0.140700	0.173700	0.994000	-0.032500	-0.269500	-1.273800
1627303158.578060	0.137000	0.177600	0.996600	-0.037100	-0.261000	-1.288400
1627303158.579021	0.134900	0.183300	0.993500	-0.041700	-0.252400	-1.299400
1627303158.594553	0.134800	0.188100	0.989700	-0.046500	-0.239300	-1.313800
1627303158.603465	0.134200	0.188500	0.986900	-0.046200	-0.226700	-1.328400
1627303158.604375	0.132400	0.187700	0.982100	-0.050200	-0.213300	-1.341900
1627303158.634749	0.138900	0.187500	0.979900	-0.057200	-0.192800	-1.354700
1627303158.635653	0.148300	0.188400	0.974100	-0.064600	-0.177600	-1.366300
1627303158.636469	0.156700	0.192400	0.969600	-0.071900	-0.170500	-1.378500
1627303158.667350	0.156000	0.193100	0.967500	-0.073100	-0.165400	-1.391700
1627303158.670049	0.151000	0.189500	0.967800	-0.086900	-0.154400	-1.408500
1627303158.670955	0.143800	0.185300	0.969200	-0.098800	-0.143700	-1.419800
1627303158.673902	0.129500	0.176000	0.969100	-0.104600	-0.129000	-1.415500
1627303158.705305	0.137300	0.166900	0.963500	-0.124400	-0.107000	-1.399000
1627303158.707409	0.156700	0.167100	0.953400	-0.128700	-0.090200	-1.389200
1627303158.708259	0.176800	0.167000	0.947600	-0.119900	-0.093600	-1.396800
1627303158.724731	0.192900	0.166100	0.945100	-0.118300	-0.118000	-1.410300
1627303158.725441	0.196300	0.163700	0.941700	-0.126900	-0.140600	-1.421300
1627303158.736603	0.201900	0.163900	0.937500	-0.139700	-0.155000	-1.431100
1627303158.766134	0.217500	0.165600	0.935900	-0.154100	-0.161400	-1.437800
1627303158.767126	0.224600	0.164300	0.938700	-0.164400	-0.165700	-1.433500
1627303158.767954	0.226600	0.160300	0.943600	-0.173900	-0.166900	-1.434700
1627303158.777877	0.230100	0.157800	0.954300	-0.167800	-0.168100	-1.431100
1627303158.808822	0.225700	0.152000	0.961200	-0.157100	-0.168100	-1.424000
1627303158.811243	0.216700	0.140900	0.966100	-0.147300	-0.167200	-1.419100
1627303158.811903	0.197600	0.130100	0.978900	-0.127800	-0.165000	-1.399300
1627303158.815296	0.181400	0.116700	0.982300	-0.120500	-0.157400	-1.383400
1627303158.846000	0.171800	0.108300	0.986600	-0.116500	-0.144000	-1.364500
1627303158.846896	0.165600	0.101200	0.990600	-0.115900	-0.127500	-1.334800
1627303158.847725	0.164400	0.096200	0.993800	-0.123800	-0.110100	-1.303700
1627303158.855298	0.164900	0.093500	0.995100	-0.130200	-0.092700	-1.271000
1627303158.884697	0.168900	0.094500	0.995800	-0.133900	-0.077700	-1.230700
1627303158.885597	0.163700	0.097800	0.997800	-0.142500	-0.066700	-1.200500
1627303158.886738	0.155200	0.099400	1.001700	-0.148000	-0.055700	-1.174500
1627303158.912268	0.152600	0.102800	1.006500	-0.149500	-0.036500	-1.144300
1627303158.913164	0.148700	0.101200	1.004000	-0.147300	-0.014500	-1.114300
1627303158.913977	0.144800	0.105100	1.001000	-0.149500	0.001700	-1.084400
1627303158.944813	0.130400	0.107200	1.000700	-0.149500	0.022800	-1.051100
1627303158.945714	0.120400	0.108600	1.000000	-0.148300	0.048800	-1.019300
1627303158.947880	0.109900	0.110200	0.997600	-0.147300	0.077500	-0.988200
1627303158.957902	0.115400	0.115000	0.993700	-0.141500	0.115300	-0.954300
1627303158.972875	0.127700	0.119600	0.989600	-0.128100	0.146500	-0.926500
1627303158.998537	0.132200	0.123700	0.986600	-0.109500	0.157200	-0.908500
1627303158.999240	0.128100	0.123700	0.983200	-0.094500	0.163600	-0.892300
1627303159.000352	0.116300	0.121600	0.980600	-0.090200	0.175200	-0.877000
1627303159.004004	0.107400	0.117100	0.979900	-0.087500	0.186200	-0.859900
1627303159.032197	0.097300	0.110500	0.975200	-0.093000	0.202100	-0.833300
1627303159.033091	0.100600	0.107700	0.971300	-0.098800	0.218600	-0.806400
1627303159.035316	0.104900	0.108200	0.969000	-0.094800	0.228700	-0.785400
1627303159.046539	0.108600	0.109900	0.969500	-0.084100	0.227700	-0.769200
1627303159.073356	0.099000	0.108000	0.972700	-0.067300	0.214600	-0.761200
1627303159.073981	0.081700	0.108000	0.975800	-0.054500	0.205100	-0.759400
1627303159.074935	0.064100	0.106000	0.975700	-0.048400	0.205100	-0.748400
1627303159.083477	0.053800	0.104000	0.976000	-0.049300	0.207300	-0.731600
1627303159.105875	0.050300	0.101800	0.972700	-0.045300	0.206700	-0.714500
1627303159.106844	0.051400	0.105300	0.973900	-0.043800	0.208800	-0.703200
1627303159.108519	0.053700	0.113500	0.977300	-0.037700	0.198100	-0.704400
1627303159.124075	0.040600	0.117700	0.979600	-0.036800	0.192000	-0.710800
1627303159.139439	0.032200	0.123000	0.984500	-0.031900	0.198100	-0.710500
1627303159.140337	0.030400	0.123800	0.979500	-0.024300	0.218000	-0.698900
1627303159.172475	0.037800	0.124600	0.979400	-0.016300	0.232600	-0.679400
1627303159.173930	0.043300	0.122400	0.980300	-0.014200	0.252800	-0.660100
1627303159.176483	0.048300	0.119300	0.985700	0.002900	0.273200	-0.638800
1627303159.184349	0.053000	0.113300	0.987800	0.024300	0.284900	-0.621400
1627303159.204653	0.056400	0.107800	0.985600	0.033800	0.290000	-0.606700
1627303159.205687	0.050300	0.098600	0.981300	0.050900	0.275700	-0.589300
1627303159.216611	0.040200	0.089400	0.977900	0.064300	0.263200	-0.571900
1627303159.224216	0.036900	0.078700	0.972000	0.058200	0.269300	-0.552000
1627303159.244756	0.035400	0.072300	0.970600	0.059400	0.270800	-0.529100
1627303159.245641	0.041600	0.061900	0.969200	0.045700	0.274500	-0.499200
1627303159.252561	0.044100	0.049900	0.968900	0.034100	0.271400	-0.472300
1627303159.271513	0.047700	0.044600	0.967400	0.028300	0.252800	-0.446000
1627303159.286493	0.048000	0.043100	0.965700	0.008100	0.237500	-0.420100
1627303159.290512	0.047200	0.042000	0.962400	-0.001600	0.225600	-0.392600
1627303159.291416	0.048300	0.040500	0.955400	-0.027300	0.226200	-0.352300
1627303159.316049	0.054200	0.039900	0.954700	-0.043500	0.215200	-0.315300
1627303159.316863	0.057600	0.042600	0.955700	-0.051100	0.199000	-0.276200
1627303159.325667	0.052000	0.040300	0.951400	-0.051700	0.181300	-0.232500
1627303159.333009	0.048300	0.041900	0.948000	-0.052700	0.170000	-0.184000
1627303159.358059	0.050700	0.037600	0.948600	-0.049300	0.154100	-0.140600
1627303159.359024	0.046100	0.032700	0.950200	-0.049300	0.134000	-0.095700
1627303159.374267	0.040600	0.028200	0.948900	-0.053000	0.112000	-0.044100
1627303159.380451	0.036100	0.021500	0.947600	-0.061800	0.104300	-0.001900
1627303159.404609	0.035900	0.021500	0.952000	-0.069500	0.094900	0.038100
1627303159.405426	0.038500	0.023800	0.951900	-0.075000	0.079300	0.080200
1627303159.407011	0.044300	0.027300	0.950900	-0.078300	0.062800	0.116600
1627303159.422123	0.049000	0.029800	0.945200	-0.081400	0.046300	0.152600
1627303159.423996	0.045700	0.029200	0.945200	-0.089600	0.022800	0.199300
1627303159.446919	0.038800	0.028200	0.945100	-0.095100	0.005700	0.235700
1627303159.448053	0.034800	0.028000	0.947100	-0.100900	-0.002600	0.277200
1627303159.453437	0.034300	0.030500	0.944700	-0.105500	-0.010800	0.324900
1627303159.476616	0.035800	0.035500	0.943700	-0.106400	-0.023000	0.358200
1627303159.487399	0.033600	0.039300	0.941400	-0.104900	-0.036800	0.392700
1627303159.488303	0.035500	0.043600	0.940400	-0.096300	-0.049600	0.426900
1627303159.495002	0.030800	0.046600	0.945400	-0.083500	-0.057500	0.451000
1627303159.504280	0.029500	0.051400	0.947900	-0.071900	-0.058800	0.473000
1627303159.515366	0.036400	0.053200	0.950200	-0.052700	-0.058800	0.502300
1627303159.524343	0.039200	0.053300	0.954700	-0.035900	-0.063300	0.527100
1627303159.548194	0.036100	0.053700	0.957300	-0.023900	-0.068200	0.547200
1627303159.549002	0.029900	0.057900	0.961200	-0.006500	-0.064900	0.569800
1627303159.554683	0.030000	0.060300	0.963100	0.008400	-0.056300	0.591500
1627303159.575625	0.026500	0.062100	0.966200	0.016400	-0.045600	0.611100
1627303159.576444	0.026000	0.061300	0.969600	0.022800	-0.038300	0.638600
1627303159.581008	0.027000	0.060900	0.974100	0.032300	-0.028800	0.665400
1627303159.605186	0.031000	0.062700	0.975800	0.039900	-0.021200	0.682500
1627303159.606080	0.032800	0.066400	0.978800	0.054900	-0.020300	0.705800
1627303159.613024	0.031900	0.069300	0.980700	0.068300	-0.019700	0.731400
1627303159.622828	0.029700	0.073000	0.978800	0.076200	-0.018400	0.759500
1627303159.625667	0.033400	0.073500	0.976600	0.083600	-0.008100	0.793700
1627303159.648295	0.039200	0.078500	0.978500	0.095200	-0.000400	0.827300
1627303159.653649	0.038200	0.082300	0.978900	0.107400	0.002600	0.857200
1627303159.677079	0.042200	0.086400	0.978600	0.122400	0.003200	0.893000
1627303159.679135	0.046600	0.088300	0.973100	0.135800	0.002900	0.934500
1627303159.682973	0.044300	0.090100	0.969100	0.148600	-0.004400	0.963500
1627303159.696866	0.041600	0.092200	0.968000	0.155300	-0.006200	0.988000
1627303159.697767	0.040600	0.091600	0.969100	0.161800	-0.003200	1.020300
1627303159.721372	0.043900	0.093400	0.965300	0.160800	-0.000700	1.047200
1627303159.733612	0.052200	0.096100	0.964600	0.160200	-0.001000	1.071700
1627303159.734572	0.054100	0.100600	0.965100	0.163900	-0.012300	1.087200
1627303159.741224	0.050700	0.105600	0.963600	0.160200	-0.021800	1.105300
1627303159.760158	0.045900	0.108600	0.961500	0.150200	-0.027000	1.123600
1627303159.772448	0.037600	0.107900	0.959100	0.134600	-0.022400	1.139200
1627303159.773337	0.046400	0.111900	0.965500	0.128500	-0.029400	1.149200
1627303159.782390	0.050900	0.115400	0.965200	0.122700	-0.033100	1.161200
1627303159.805437	0.055700	0.119500	0.962500	0.112300	-0.039500	1.168800
1627303159.811068	0.059200	0.123500	0.963400	0.095500	-0.040400	1.173100
1627303159.820958	0.065600	0.129300	0.967800	0.093000	-0.049000	1.174900
1627303159.821880	0.057400	0.131300	0.970700	0.087500	-0.056900	1.177000
1627303159.823593	0.059100	0.132400	0.972400	0.083000	-0.059700	1.183800
1627303159.846554	0.064500	0.137300	0.968000	0.084500	-0.060000	1.196600
1627303159.861775	0.068000	0.136500	0.967200	0.093300	-0.055400	1.214600
1627303159.863059	0.076900	0.134200	0.967300	0.097300	-0.049300	1.226800
1627303159.884505	0.086900	0.130100	0.968800	0.104300	-0.044700	1.237800
1627303159.885385	0.092000	0.128200	0.968300	0.111400	-0.043500	1.247900
1627303159.891630	0.092200	0.122100	0.970700	0.115000	-0.042600	1.258000
1627303159.900594	0.097400	0.119500	0.970500	0.109500	-0.040100	1.269600
1627303159.923501	0.094000	0.117600	0.974200	0.107700	-0.043500	1.282100
1627303159.924400	0.084000	0.114000	0.975800	0.103700	-0.043500	1.294600
1627303159.928756	0.085700	0.110400	0.976000	0.098200	-0.035900	1.312300
1627303159.951474	0.095200	0.111600	0.972500	0.089100	-0.023300	1.333100
1627303159.963505	0.106400	0.115100	0.975200	0.080500	-0.023000	1.345000
1627303159.964390	0.106800	0.120500	0.977100	0.076200	-0.027600	1.351400
1627303159.973723	0.110500	0.125100	0.979500	0.067700	-0.023300	1.362700
1627303159.997878	0.113900	0.133200	0.977500	0.057000	-0.017500	1.373700
1627303160.001188	0.114900	0.139300	0.976800	0.055200	-0.016000	1.375900
1627303160.002194	0.116200	0.149500	0.976600	0.053600	-0.018100	1.376500
1627303160.011863	0.109300	0.159100	0.977200	0.057900	-0.015100	1.376500
1627303160.018523	0.109700	0.164100	0.976800	0.064900	-0.002300	1.377100
1627303160.043524	0.114400	0.171500	0.973600	0.075300	0.011200	1.378000
1627303160.044412	0.123700	0.180700	0.969800	0.089400	0.022500	1.381700
1627303160.049931	0.125600	0.183800	0.969500	0.111400	0.017900	1.374000
1627303160.073011	0.119000	0.186600	0.965700	0.130900	0.019700	1.365800
1627303160.074302	0.106800	0.192700	0.967300	0.152600	0.030700	1.348700
1627303160.084256	0.103800	0.194500	0.970300	0.171800	0.044200	1.336200
1627303160.091821	0.112700	0.199600	0.968800	0.195100	0.057000	1.325200
1627303160.113426	0.120700	0.202000	0.963600	0.223800	0.065600	1.315400
1627303160.114329	0.121500	0.201300	0.959700	0.242100	0.067700	1.303500
1627303160.121088	0.126000	0.200700	0.955800	0.254900	0.077500	1.298000
1627303160.143917	0.131200	0.194100	0.959200	0.275100	0.093700	1.292800
1627303160.150499	0.138700	0.185300	0.959800	0.287000	0.103700	1.293100
1627303160.151387	0.146200	0.180800	0.960300	0.295200	0.113800	1.293400
1627303160.173217	0.155600	0.170500	0.957900	0.309600	0.120500	1.293700
1627303160.174025	0.160000	0.164900	0.958500	0.320000	0.120500	1.293700
1627303160.185435	0.159900	0.161000	0.958100	0.319400	0.115000	1.296500
1627303160.193166	0.160200	0.154900	0.961800	0.312000	0.108900	1.302300
1627303160.212326	0.162500	0.154300	0.960700	0.299800	0.103100	1.306500
1627303160.220373	0.163800	0.153100	0.962300	0.286700	0.097000	1.309600
1627303160.221283	0.161500	0.153800	0.968100	0.269300	0.094300	1.316600
1627303160.241944	0.163300	0.156000	0.970500	0.251600	0.090000	1.326400
1627303160.242820	0.162200	0.157100	0.972800	0.230500	0.087200	1.337100
1627303160.249963	0.158100	0.164300	0.973100	0.207900	0.081700	1.344700
1627303160.272328	0.154500	0.169600	0.969400	0.187100	0.080800	1.349900
1627303160.273219	0.159700	0.183200	0.968300	0.174300	0.086000	1.358800
1627303160.283075	0.163300	0.193200	0.962600	0.166000	0.094000	1.364600
1627303160.292151	0.168300	0.204700	0.962400	0.157800	0.105300	1.370400
1627303160.301384	0.171600	0.212900	0.960400	0.148900	0.117800	1.372500
1627303160.317021	0.175800	0.224900	0.957500	0.145900	0.129700	1.372800
1627303160.321518	0.176000	0.234000	0.952800	0.148000	0.140700	1.367900
1627303160.343962	0.179400	0.243700	0.952900	0.153200	0.152300	1.362100
1627303160.345094	0.180800	0.250500	0.951000	0.165100	0.157800	1.352400
1627303160.350725	0.182900	0.259500	0.950400	0.177300	0.163300	1.340400
1627303160.372492	0.188100	0.262100	0.947900	0.185300	0.170300	1.335900
1627303160.383368	0.188600	0.262500	0.946900	0.190200	0.175200	1.331900
1627303160.383807	0.190800	0.264000	0.945900	0.194400	0.174900	1.327600
1627303160.393149	0.194500	0.264400	0.942300	0.203000	0.174300	1.319400
1627303160.402587	0.194000	0.263100	0.944900	0.211500	0.171800	1.306200
1627303160.413792	0.187300	0.261800	0.953100	0.214900	0.168200	1.284500
1627303160.423942	0.182600	0.260000	0.953900	0.215200	0.167900	1.271100
1627303160.443670	0.176600	0.255200	0.955300	0.208200	0.177600	1.256800
1627303160.445280	0.174100	0.254500	0.957500	0.197500	0.192600	1.231100
1627303160.452428	0.175200	0.258300	0.959700	0.184400	0.208500	1.210300
1627303160.463216	0.178700	0.260600	0.960200	0.175500	0.217700	1.195100
1627303160.487182	0.178600	0.262600	0.961500	0.162400	0.224400	1.173700
1627303160.488045	0.175800	0.260700	0.962800	0.146800	0.230200	1.163000
1627303160.491771	0.175300	0.258900	0.961100	0.131200	0.235100	1.149900
1627303160.505656	0.175000	0.260400	0.959700	0.116900	0.243600	1.124200
1627303160.506557	0.170200	0.259200	0.961200	0.098500	0.252800	1.102200
1627303160.534529	0.160300	0.256600	0.962900	0.081400	0.261900	1.089700
1627303160.535434	0.160200	0.255500	0.960600	0.052700	0.274500	1.076900
1627303160.545330	0.163300	0.256200	0.960100	0.037400	0.280600	1.060400
1627303160.549480	0.170400	0.259900	0.962900	0.031000	0.282400	1.040200
1627303160.571432	0.172500	0.261700	0.961200	0.030400	0.276300	1.016400
1627303160.572126	0.169700	0.259900	0.963500	0.026500	0.268100	0.995000
1627303160.578536	0.160200	0.257400	0.965200	0.017300	0.262300	0.975100
1627303160.601275	0.150800	0.254500	0.969600	0.007200	0.265300	0.949500
1627303160.602149	0.133900	0.249300	0.972400	-0.007100	0.267700	0.920200
1627303160.611671	0.124600	0.247600	0.977300	-0.020300	0.274500	0.895100
1627303160.618489	0.116000	0.247800	0.977900	-0.033700	0.279700	0.864900
1627303160.642329	0.109700	0.249400	0.977500	-0.041400	0.283000	0.836200
1627303160.643211	0.105100	0.252400	0.975100	-0.045000	0.285200	0.810800
1627303160.656629	0.103300	0.256300	0.974000	-0.051400	0.298000	0.784300
1627303160.661127	0.102800	0.252200	0.971200	-0.057200	0.313000	0.750300
1627303160.685252	0.097900	0.254900	0.973500	-0.055700	0.323900	0.719200
1627303160.686268	0.086300	0.253900	0.975500	-0.056600	0.333700	0.686200
1627303160.691881	0.080100	0.252300	0.977400	-0.058500	0.346200	0.650800
1627303160.701604	0.079100	0.255400	0.976300	-0.059100	0.350200	0.622100
1627303160.708175	0.072100	0.252000	0.972200	-0.061500	0.373400	0.599200
1627303160.726995	0.072300	0.248400	0.975300	-0.065800	0.376500	0.559800
1627303160.731807	0.073900	0.255400	0.974500	-0.059400	0.374300	0.528000
1627303160.740371	0.076900	0.254400	0.969500	-0.054200	0.370100	0.502000
1627303160.750673	0.075800	0.249600	0.965100	-0.045900	0.362100	0.462000
1627303160.768253	0.083100	0.250100	0.961500	-0.045300	0.350500	0.424800
1627303160.770475	0.073600	0.241000	0.957300	-0.047200	0.342900	0.391800
1627303160.781738	0.076800	0.233000	0.959400	-0.064900	0.345300	0.354500
1627303160.788096	0.073600	0.225800	0.964200	-0.078900	0.349000	0.323000
1627303160.809838	0.076700	0.223100	0.965700	-0.100000	0.343800	0.291300
1627303160.810727	0.069700	0.218400	0.963500	-0.116800	0.331900	0.251000
1627303160.820048	0.071000	0.214100	0.958500	-0.132400	0.324300	0.223800
1627303160.842853	0.074500	0.209100	0.954300	-0.144300	0.307100	0.189900
1627303160.849363	0.071000	0.211800	0.951000	-0.145800	0.280900	0.151400
1627303160.850246	0.057700	0.206300	0.948500	-0.160200	0.276300	0.127000
1627303160.872351	0.054100	0.204600	0.946500	-0.172400	0.281500	0.116900
1627303160.873262	0.064700	0.203000	0.951900	-0.182800	0.274200	0.105900
1627303160.890493	0.056200	0.196500	0.952300	-0.197700	0.257100	0.096700
1627303160.899969	0.048200	0.193500	0.957300	-0.216700	0.239300	0.091500
1627303160.900889	0.034400	0.187300	0.953500	-0.237100	0.236000	0.083600
1627303160.911784	0.021600	0.189000	0.950300	-0.253900	0.221900	0.070100
1627303160.918583	0.010400	0.194000	0.946800	-0.265800	0.219500	0.054900
1627303160.942489	0.008700	0.200900	0.944100	-0.273200	0.224700	0.041100
1627303160.943375	0.012300	0.207600	0.939700	-0.274700	0.230500	0.021300
1627303160.948705	0.021700	0.215600	0.932600	-0.274400	0.230500	0.001700
1627303160.970218	0.023300	0.212800	0.928600	-0.264000	0.232000	-0.022100
1627303160.971526	0.024200	0.214600	0.926100	-0.260300	0.230800	-0.054800
1627303160.981794	0.020300	0.214600	0.923200	-0.248400	0.220100	-0.086800
1627303160.991765	0.020100	0.212300	0.913200	-0.247200	0.220100	-0.107900
1627303161.011040	0.028100	0.211500	0.907500	-0.239600	0.210000	-0.133900
1627303161.011945	0.031900	0.215100	0.903700	-0.223700	0.189300	-0.167200
1627303161.020097	0.026500	0.215000	0.901600	-0.198300	0.167300	-0.203200
1627303161.042771	0.030400	0.208700	0.900100	-0.187400	0.165400	-0.240200
1627303161.049259	0.043700	0.210800	0.899700	-0.173600	0.159900	-0.270400
1627303161.050147	0.049700	0.207800	0.900300	-0.144900	0.139500	-0.298800
1627303161.072064	0.047900	0.203000	0.901600	-0.113700	0.109800	-0.329700
1627303161.072803	0.046900	0.197500	0.906200	-0.097900	0.089100	-0.348900
1627303161.084366	0.043700	0.190300	0.912400	-0.079500	0.063700	-0.364800
1627303161.095397	0.040200	0.185800	0.915600	-0.056900	0.030100	-0.383100
1627303161.109734	0.038100	0.181200	0.920000	-0.037100	0.005700	-0.396200
1627303161.110654	0.036400	0.177600	0.923000	-0.016000	-0.012300	-0.410300
1627303161.120439	0.030800	0.176300	0.926800	0.007200	-0.038300	-0.420700
1627303161.124896	0.023700	0.169800	0.930200	0.022500	-0.054800	-0.424700
1627303161.151133	0.021400	0.163600	0.935200	0.036800	-0.066400	-0.424300
1627303161.152013	0.017500	0.156500	0.947900	0.053300	-0.079200	-0.429500
1627303161.160405	0.015500	0.148400	0.954200	0.061300	-0.089600	-0.433800
1627303161.167463	0.013500	0.140500	0.961400	0.054600	-0.100300	-0.442400
1627303161.190002	0.007900	0.134900	0.966900	0.043600	-0.115000	-0.456100
1627303161.190878	0.002300	0.131100	0.968400	0.026100	-0.120800	-0.468000
1627303161.201658	0.000100	0.130400	0.965800	0.012700	-0.124100	-0.479300
1627303161.206425	0.008500	0.131000	0.964700	-0.006200	-0.124400	-0.490900
1627303161.229467	0.013300	0.132100	0.960900	-0.012900	-0.127200	-0.504100
1627303161.230284	0.017600	0.135400	0.960100	-0.013900	-0.128700	-0.516000
1627303161.234815	0.018700	0.134600	0.957800	-0.015100	-0.129000	-0.525800
1627303161.252890	0.023200	0.134500	0.951800	-0.020900	-0.129900	-0.534000
1627303161.265819	0.029800	0.131200	0.944900	-0.027600	-0.133000	-0.538600
1627303161.266707	0.038600	0.126100	0.937100	-0.032500	-0.142100	-0.544400
1627303161.288206	0.044600	0.125100	0.932300	-0.031300	-0.151900	-0.552300
1627303161.290543	0.046500	0.128200	0.930800	-0.024600	-0.162300	-0.562100
1627303161.301566	0.049600	0.128200	0.931900	-0.013600	-0.173000	-0.572800
1627303161.309384	0.052000	0.131500	0.937900	-0.010200	-0.185800	-0.583500
1627303161.329573	0.052600	0.136200	0.942000	-0.003200	-0.197100	-0.591100
1627303161.330386	0.051400	0.137800	0.948600	0.004800	-0.212400	-0.600900
1627303161.340390	0.050200	0.139200	0.954600	0.009000	-0.227700	-0.611300
1627303161.348263	0.043800	0.142500	0.960200	0.019400	-0.238400	-0.619800
1627303161.368275	0.036100	0.146600	0.965700	0.030400	-0.245700	-0.632700
1627303161.369156	0.031100	0.149800	0.968300	0.041700	-0.252700	-0.645800
1627303161.379312	0.030900	0.153300	0.973300	0.049700	-0.256100	-0.661700
1627303161.388049	0.029200	0.158000	0.977500	0.060700	-0.258800	-0.679400
1627303161.409728	0.022900	0.158600	0.983800	0.070100	-0.266500	-0.698000
1627303161.410631	0.022800	0.159900	0.984300	0.074700	-0.261900	-0.712400
1627303161.417116	0.022600	0.161700	0.982700	0.073200	-0.249300	-0.724300
1627303161.440156	0.030300	0.164400	0.985100	0.072900	-0.249700	-0.750200
1627303161.441272	0.035600	0.169600	0.989700	0.072600	-0.254200	-0.781400
1627303161.448230	0.034900	0.175000	0.987400	0.077200	-0.259100	-0.802200
1627303161.470146	0.037000	0.175700	0.981700	0.070100	-0.254500	-0.827200
1627303161.471040	0.041900	0.174100	0.978100	0.064300	-0.250300	-0.849800
1627303161.480481	0.050000	0.174200	0.978000	0.064600	-0.247800	-0.873300
1627303161.489736	0.051100	0.170400	0.976100	0.063700	-0.245400	-0.902300
1627303161.501502	0.055800	0.170900	0.977400	0.059400	-0.247200	-0.927700
1627303161.517019	0.059400	0.168600	0.972000	0.057300	-0.251200	-0.950900
1627303161.520498	0.063600	0.163800	0.970800	0.047800	-0.259700	-0.981500
1627303161.539493	0.062500	0.162000	0.970900	0.036800	-0.268000	-1.011700
1627303161.540585	0.061400	0.159300	0.972700	0.025800	-0.270400	-1.037000
1627303161.556089	0.068500	0.159100	0.971600	0.003800	-0.267100	-1.063300
1627303161.569396	0.073100	0.162600	0.971400	-0.009600	-0.268900	-1.085900
1627303161.579882	0.076900	0.164300	0.971300	-0.022700	-0.261900	-1.105500
1627303161.580773	0.080200	0.166000	0.976900	-0.029700	-0.264000	-1.135400
1627303161.589950	0.079300	0.169800	0.985000	-0.024900	-0.274700	-1.163500
1627303161.599225	0.072400	0.171000	0.985100	-0.022100	-0.279900	-1.181200
1627303161.610472	0.075800	0.172500	0.984900	-0.023900	-0.276500	-1.197100
1627303161.619293	0.079200	0.173500	0.983900	-0.018800	-0.275600	-1.215700
1627303161.646062	0.081100	0.178800	0.982800	-0.018100	-0.278100	-1.235900
1627303161.646973	0.076500	0.182600	0.982200	-0.024600	-0.277100	-1.257600
1627303161.649179	0.080100	0.189000	0.980700	-0.030700	-0.269500	-1.284100
1627303161.653586	0.081400	0.195900	0.975800	-0.031900	-0.261600	-1.309500
1627303161.679950	0.087300	0.205400	0.974100	-0.026100	-0.254800	-1.337300
1627303161.680838	0.097700	0.207600	0.967900	-0.017500	-0.245400	-1.367800
1627303161.690097	0.104900	0.210900	0.965500	-0.011400	-0.241400	-1.396200
1627303161.697344	0.114600	0.214700	0.961400	0.002600	-0.239900	-1.433500
1627303161.721310	0.123700	0.215500	0.962400	0.012700	-0.239300	-1.479600
1627303161.722018	0.123300	0.218100	0.961100	0.018200	-0.243500	-1.516300
1627303161.729317	0.119000	0.218900	0.957000	0.023700	-0.247800	-1.547100
1627303161.740480	0.114900	0.217200	0.955100	0.035300	-0.252700	-1.583500
1627303161.743513	0.120100	0.220500	0.948900	0.047200	-0.255500	-1.613400
1627303161.770706	0.132300	0.225200	0.945300	0.062500	-0.264900	-1.645800
1627303161.771828	0.142200	0.229500	0.941200	0.081700	-0.281100	-1.689400
1627303161.781738	0.145800	0.230300	0.944200	0.089700	-0.293300	-1.727900
1627303161.786877	0.147900	0.229000	0.946400	0.096400	-0.304300	-1.762800
1627303161.809579	0.148800	0.225100	0.944700	0.097900	-0.311000	-1.794500
1627303161.814274	0.158200	0.220100	0.942000	0.100100	-0.315900	-1.817700
1627303161.815187	0.166000	0.223900	0.943000	0.110400	-0.319300	-1.844600
1627303161.838474	0.171100	0.225000	0.947000	0.133000	-0.321100	-1.877600
1627303161.839304	0.179200	0.224000	0.950000	0.151100	-0.318100	-1.893200
1627303161.844803	0.189700	0.213500	0.952300	0.153800	-0.329400	-1.900500
1627303161.865197	0.187000	0.210100	0.950100	0.157500	-0.337000	-1.907800
1627303161.879932	0.184800	0.201500	0.953100	0.171200	-0.343700	-1.913300
1627303161.880813	0.184600	0.191800	0.954200	0.171800	-0.351700	-1.921300
1627303161.884926	0.177700	0.182900	0.955400	0.164800	-0.348000	-1.915800
1627303161.900576	0.184800	0.172500	0.955600	0.162400	-0.343400	-1.901100
1627303161.911655	0.188400	0.168500	0.958600	0.159000	-0.337300	-1.888000
1627303161.914289	0.195200	0.158000	0.965500	0.155600	-0.339100	-1.876400
1627303161.937003	0.193500	0.160400	0.967000	0.162400	-0.341000	-1.875800
1627303161.937889	0.197600	0.155500	0.973100	0.137000	-0.343100	-1.867800
1627303161.943514	0.186900	0.151500	0.975000	0.093600	-0.342200	-1.848300
1627303161.965283	0.175700	0.147000	0.974100	0.054900	-0.334000	-1.817400
1627303161.978738	0.170900	0.141600	0.976800	0.007200	-0.316200	-1.785000
1627303161.985632	0.171800	0.142700	0.976000	-0.023600	-0.300400	-1.740200
1627303161.986711	0.175300	0.146600	0.971900	-0.065500	-0.283300	-1.701700
1627303162.010363	0.181000	0.157000	0.972200	-0.069500	-0.273500	-1.675400
1627303162.012559	0.171000	0.164100	0.975200	-0.068200	-0.271000	-1.658900
1627303162.020196	0.155600	0.167200	0.979100	-0.070100	-0.266100	-1.640300
1627303162.031881	0.155300	0.164600	0.979100	-0.071000	-0.246600	-1.621300
1627303162.054269	0.144300	0.162100	0.978500	-0.095400	-0.227700	-1.591700
1627303162.056629	0.141200	0.161000	0.978900	-0.115300	-0.200500	-1.550200
1627303162.067313	0.145800	0.159700	0.970600	-0.135700	-0.175700	-1.516000
1627303162.068448	0.148700	0.164800	0.969800	-0.149200	-0.160800	-1.489100
1627303162.074693	0.144800	0.176100	0.971700	-0.147000	-0.154700	-1.467400
1627303162.094204	0.136700	0.181800	0.971400	-0.132700	-0.144000	-1.454000
1627303162.107351	0.124000	0.184600	0.976200	-0.120500	-0.123200	-1.440500
1627303162.108241	0.118400	0.188600	0.978000	-0.098800	-0.091100	-1.416400
1627303162.114968	0.121500	0.186500	0.974100	-0.068500	-0.070700	-1.395300
1627303162.137723	0.122900	0.185200	0.973000	-0.064000	-0.056600	-1.370300
1627303162.143990	0.108200	0.186200	0.976100	-0.048700	-0.032200	-1.335800
1627303162.146551	0.102800	0.179700	0.977800	-0.033700	-0.012300	-1.303100
1627303162.167397	0.091600	0.171800	0.977700	-0.018400	0.011200	-1.267600
1627303162.168313	0.081500	0.165200	0.979000	-0.001300	0.039600	-1.219400
1627303162.179291	0.084100	0.166700	0.983000	0.022800	0.066200	-1.183300
1627303162.186317	0.084100	0.168100	0.986500	0.044200	0.091500	-1.148800
1627303162.212321	0.080600	0.164700	0.985500	0.068600	0.110800	-1.106700
1627303162.213222	0.076400	0.167000	0.986300	0.082000	0.131200	-1.060900
1627303162.216314	0.075000	0.165200	0.982500	0.099500	0.136700	-1.025700
1627303162.238933	0.064700	0.163900	0.978300	0.101000	0.152600	-0.976900
1627303162.246708	0.064300	0.157200	0.976700	0.101300	0.171500	-0.926800
1627303162.247592	0.067100	0.153600	0.976800	0.093000	0.192300	-0.881600
1627303162.270705	0.068100	0.157800	0.982900	0.091800	0.201500	-0.838800
1627303162.271529	0.069000	0.161000	0.982800	0.072600	0.219800	-0.793600
1627303162.281813	0.080200	0.160400	0.975300	0.067100	0.231400	-0.746000
1627303162.289546	0.095000	0.160000	0.968100	0.063100	0.233500	-0.691600
1627303162.316598	0.106400	0.159700	0.967700	0.059400	0.231100	-0.637800
1627303162.317805	0.107100	0.158700	0.975700	0.061300	0.220400	-0.603300
1627303162.327495	0.090900	0.157600	0.985600	0.047800	0.209100	-0.585000
1627303162.328371	0.065200	0.156500	0.992100	0.026500	0.207300	-0.565500
1627303162.332581	0.049000	0.156100	0.990800	0.007200	0.227400	-0.541300
1627303162.353803	0.051400	0.157200	0.989900	-0.008100	0.237800	-0.529100
1627303162.357854	0.041900	0.169200	0.992800	-0.017200	0.233200	-0.527000
1627303162.375884	0.023200	0.175800	0.998000	-0.021200	0.235100	-0.530000
1627303162.399741	0.005500	0.182900	0.997200	-0.025500	0.245500	-0.520300
1627303162.400553	-0.006800	0.182900	0.995200	-0.023000	0.258900	-0.498300
1627303162.404206	-0.013500	0.178100	0.990400	-0.027900	0.274500	-0.474400
1627303162.418240	-0.015700	0.173800	0.983300	-0.032200	0.292500	-0.445700
1627303162.419135	-0.016600	0.165800	0.978000	-0.027000	0.316000	-0.413400
1627303162.441993	-0.018200	0.159400	0.968400	-0.021500	0.327000	-0.392900
1627303162.442835	-0.009300	0.155800	0.958700	-0.017500	0.341100	-0.371500
1627303162.448580	-0.001000	0.146600	0.951700	-0.012300	0.348400	-0.348600
1627303162.471392	-0.004800	0.141800	0.949300	-0.017200	0.337700	-0.331500
1627303162.472286	-0.009000	0.133100	0.943000	-0.027900	0.330100	-0.309500
1627303162.481903	-0.004200	0.126200	0.930500	-0.032500	0.322100	-0.270700
1627303162.490901	0.004000	0.125100	0.918600	-0.027900	0.303500	-0.236200
1627303162.501533	0.007900	0.126300	0.911700	-0.007500	0.269600	-0.200200
1627303162.516781	0.005200	0.113500	0.906100	0.003200	0.252800	-0.155900
1627303162.520485	-0.000500	0.112100	0.909800	0.010600	0.227100	-0.123500
1627303162.536718	-0.013100	0.102900	0.909100	0.004800	0.214900	-0.084700
1627303162.548165	-0.011100	0.103500	0.915000	-0.005300	0.205400	-0.042900
1627303162.549061	-0.002100	0.108500	0.918100	0.003200	0.179800	-0.012900
1627303162.571265	-0.004600	0.112300	0.920400	0.006600	0.144700	0.016400
1627303162.572184	-0.012500	0.116500	0.924600	0.009700	0.116900	0.061600
1627303162.581796	-0.020300	0.117800	0.930900	0.012100	0.100100	0.100700
1627303162.591830	-0.022100	0.117200	0.936600	0.011200	0.085700	0.138600
1627303162.607230	-0.023600	0.115600	0.939500	0.006600	0.061600	0.188700
1627303162.608043	-0.031900	0.111800	0.943000	0.005400	0.040200	0.235400
1627303162.619046	-0.031900	0.111800	0.943000	0.005400	0.040200	0.235400
1627303162.624265	-0.037400	0.114700	0.947000	0.013300	0.026800	0.273600
1627303162.647032	-0.036500	0.120400	0.948400	0.021000	0.014900	0.312400
1627303162.647845	-0.036000	0.121100	0.952100	0.024900	0.008400	0.343200
1627303162.657900	-0.043300	0.122900	0.954600	0.027700	-0.001600	0.364000
1627303162.665782	-0.039100	0.124900	0.951300	0.031300	-0.001300	0.396700
1627303162.684681	-0.033100	0.129000	0.947000	0.036800	-0.006500	0.432700
1627303162.686856	-0.024000	0.135100	0.942000	0.041700	-0.009000	0.459300
1627303162.698032	-0.014800	0.140900	0.939000	0.046600	-0.008700	0.488300
1627303162.705879	-0.008800	0.147600	0.935800	0.054900	-0.010200	0.523100
1627303162.728660	-0.001700	0.153300	0.936300	0.062200	-0.006200	0.546900
1627303162.729558	0.001700	0.160400	0.935700	0.077200	-0.002900	0.568600
1627303162.736316	-0.000900	0.160900	0.941400	0.088800	0.004800	0.600100
1627303162.748662	-0.002600	0.162200	0.947600	0.098200	0.018500	0.635800
1627303162.770001	-0.001600	0.159100	0.951200	0.107700	0.040800	0.687700
1627303162.770889	0.009000	0.155400	0.963700	0.120200	0.064600	0.750000
1627303162.781845	0.010300	0.150300	0.974000	0.124800	0.075900	0.800400
1627303162.787375	-0.002600	0.147900	0.982900	0.130900	0.085400	0.844100
1627303162.796711	-0.010700	0.146400	0.983600	0.128800	0.103400	0.905500
1627303162.812714	-0.008300	0.150600	0.981700	0.132100	0.114400	0.962000
1627303162.816821	-0.003900	0.154200	0.981900	0.132100	0.125400	1.013300
1627303162.839501	-0.005500	0.160800	0.985800	0.138500	0.125400	1.072000
1627303162.840622	-0.009000	0.165900	0.985700	0.128200	0.130900	1.116600
1627303162.844809	-0.008900	0.172900	0.983000	0.122400	0.137900	1.158400
1627303162.860465	0.000000	0.181900	0.977300	0.106800	0.148600	1.198100
1627303162.870961	0.002400	0.194500	0.973400	0.085100	0.152600	1.216700
1627303162.896384	0.003700	0.208400	0.970100	0.082300	0.151400	1.237200
1627303162.897267	0.010500	0.219600	0.967400	0.072300	0.158400	1.268700
1627303162.899415	0.011700	0.225300	0.963500	0.061600	0.153800	1.289700
1627303162.906765	0.006100	0.232500	0.960800	0.050900	0.143400	1.304100
1627303162.918248	0.003300	0.234300	0.954500	0.051500	0.147400	1.331900
1627303162.941675	0.012200	0.236100	0.947400	0.053900	0.149900	1.361200
1627303162.942908	0.017200	0.238600	0.946800	0.054200	0.143700	1.381400
1627303162.946531	0.020800	0.235600	0.942000	0.068300	0.131500	1.405500
1627303162.954499	0.024400	0.229900	0.937400	0.066500	0.121100	1.427500
1627303162.977472	0.023700	0.221300	0.936800	0.053900	0.102800	1.448600
1627303162.978171	0.016500	0.209000	0.936200	0.044500	0.082700	1.472700
1627303162.987875	0.014900	0.197800	0.938500	0.028600	0.068300	1.496200
1627303162.993689	0.017100	0.193000	0.937500	0.009300	0.054300	1.511500
1627303163.016125	0.017000	0.191800	0.938200	-0.012900	0.036200	1.523400
1627303163.017003	0.007300	0.194200	0.938400	-0.042300	0.023100	1.530700
1627303163.028065	0.000900	0.202100	0.941400	-0.060600	0.018800	1.536800
1627303163.031146	0.013300	0.210100	0.937300	-0.074600	0.031600	1.556400
1627303163.056132	0.035900	0.214700	0.932700	-0.081700	0.029800	1.580500
1627303163.057020	0.048600	0.222800	0.928800	-0.084100	0.022200	1.595500
1627303163.072028	0.055400	0.232400	0.930200	-0.072800	0.013900	1.618100
1627303163.074847	0.061300	0.239600	0.930200	-0.066100	0.006000	1.640400
1627303163.100244	0.066300	0.244600	0.930500	-0.066100	-0.004100	1.653200
1627303163.101243	0.067400	0.252000	0.932600	-0.064900	-0.015700	1.665400
1627303163.108030	0.064600	0.259600	0.938000	-0.056300	-0.027000	1.672100
1627303163.117462	0.059000	0.261600	0.945700	-0.051400	-0.030400	1.673400
1627303163.137685	0.054100	0.268300	0.951500	-0.064300	-0.021500	1.669700
1627303163.143089	0.043500	0.280000	0.960600	-0.034600	-0.025800	1.658700
1627303163.143978	0.035800	0.282800	0.965600	-0.034000	-0.025200	1.637600
1627303163.167028	0.033700	0.295900	0.968500	-0.040400	-0.007100	1.624200
1627303163.167944	0.038000	0.306300	0.968600	-0.010200	-0.012600	1.591800
1627303163.186817	0.033700	0.309900	0.964000	0.008100	-0.010500	1.553600
1627303163.187879	0.033900	0.321500	0.962000	0.020000	0.005700	1.521000
1627303163.210566	0.043900	0.325100	0.956800	0.030100	0.032900	1.485200
1627303163.212641	0.053700	0.331800	0.957200	0.055200	0.040500	1.442800
1627303163.226089	0.062400	0.335000	0.954100	0.068900	0.052100	1.413100
1627303163.226983	0.076200	0.335000	0.946300	0.090900	0.058500	1.390800
1627303163.231120	0.086200	0.328500	0.935500	0.116900	0.060700	1.372200
1627303163.254080	0.093100	0.325300	0.934000	0.148300	0.057300	1.353900
1627303163.264936	0.090800	0.315800	0.938400	0.177900	0.056100	1.324300
1627303163.265827	0.088900	0.305800	0.945100	0.192000	0.061300	1.298300
1627303163.273832	0.091400	0.293700	0.946300	0.200500	0.067700	1.279700
1627303163.295457	0.098800	0.282700	0.942000	0.197200	0.071700	1.264700
1627303163.307458	0.112200	0.270600	0.933700	0.184400	0.074700	1.256800
1627303163.308356	0.132200	0.266400	0.934200	0.173700	0.071000	1.243900
1627303163.311193	0.142000	0.265300	0.934200	0.177600	0.051800	1.221900
1627303163.335354	0.143300	0.261700	0.935500	0.167900	0.041100	1.215500
1627303163.346085	0.143200	0.257700	0.937400	0.147100	0.045400	1.220400
1627303163.350781	0.149500	0.252300	0.936300	0.135200	0.043300	1.224100
1627303163.351687	0.157100	0.249300	0.932500	0.125100	0.042300	1.232900
1627303163.373371	0.165400	0.248400	0.929300	0.116900	0.037500	1.247000
1627303163.375611	0.182900	0.253400	0.923000	0.114100	0.033800	1.263200
1627303163.386731	0.201800	0.254900	0.915900	0.116600	0.025500	1.281500
1627303163.394138	0.216100	0.257800	0.913500	0.119000	0.013600	1.298300
1627303163.417023	0.225300	0.259500	0.911400	0.122100	-0.000100	1.319100
1627303163.419122	0.228400	0.258700	0.917200	0.123900	-0.011100	1.340400
1627303163.426776	0.230500	0.259600	0.921000	0.116900	-0.013200	1.356000
1627303163.438210	0.232500	0.258700	0.921000	0.122400	-0.023900	1.377400
1627303163.456987	0.236100	0.256600	0.915300	0.121100	-0.030000	1.402100
1627303163.458167	0.236900	0.260300	0.911900	0.126000	-0.045900	1.419900
1627303163.468034	0.234100	0.259300	0.908900	0.121100	-0.055400	1.438800
1627303163.478143	0.228400	0.258200	0.905500	0.107400	-0.060000	1.468400
1627303163.499901	0.229100	0.255100	0.904100	0.100100	-0.052300	1.487700
1627303163.500706	0.240800	0.254900	0.903900	0.086000	-0.044100	1.508400
1627303163.512979	0.253400	0.256200	0.895900	0.080500	-0.036200	1.524600
1627303163.516997	0.266600	0.260000	0.892700	0.073200	-0.040400	1.522800
1627303163.539852	0.267100	0.276100	0.896600	0.067100	-0.045900	1.518200
1627303163.540747	0.262800	0.282600	0.906400	0.057600	-0.056000	1.496200
1627303163.546307	0.252300	0.289300	0.918300	0.059700	-0.065500	1.470600
1627303163.568209	0.245400	0.294600	0.924700	0.053300	-0.065200	1.451000
1627303163.569123	0.240100	0.297500	0.931900	0.035300	-0.060900	1.430200
1627303163.584698	0.238900	0.305500	0.934100	0.027400	-0.051400	1.412800
1627303163.589309	0.236900	0.304400	0.931500	0.014200	-0.039800	1.390200
1627303163.596777	0.246800	0.317400	0.939500	0.038700	-0.037700	1.367000
1627303163.611666	0.250100	0.315100	0.939000	0.045100	-0.035500	1.349000
1627303163.616578	0.248200	0.311500	0.943400	0.064000	-0.031300	1.327300
1627303163.637900	0.244900	0.309000	0.954500	0.071400	-0.022700	1.300400
1627303163.638960	0.239400	0.308800	0.960200	0.100100	-0.018400	1.279700
1627303163.644444	0.225300	0.302500	0.968000	0.109500	-0.002300	1.258600
1627303163.666515	0.215200	0.296600	0.969800	0.129400	0.023400	1.239300
1627303163.677583	0.222300	0.290500	0.968600	0.152000	0.059700	1.226800
1627303163.678463	0.236500	0.284100	0.963500	0.170300	0.088200	1.219500
1627303163.687616	0.242200	0.278600	0.963600	0.193500	0.107100	1.206700
1627303163.701747	0.243900	0.270600	0.964200	0.213100	0.120800	1.191100
1627303163.715948	0.241100	0.265600	0.964800	0.220700	0.143700	1.175800
1627303163.716635	0.238800	0.253800	0.963300	0.224100	0.172500	1.167000
1627303163.723708	0.243200	0.242600	0.959800	0.216700	0.204200	1.166300
1627303163.742784	0.247600	0.231900	0.959200	0.207000	0.224400	1.171500
1627303163.756184	0.254600	0.221600	0.958900	0.186500	0.244500	1.178600
1627303163.763006	0.259200	0.215800	0.959000	0.167900	0.255200	1.182800
1627303163.763921	0.264800	0.216600	0.958400	0.152000	0.267100	1.177600
1627303163.785391	0.264200	0.218100	0.961400	0.137000	0.267400	1.169100
1627303163.786638	0.252200	0.222000	0.961400	0.120800	0.264400	1.153200
1627303163.796767	0.247100	0.222400	0.962200	0.102200	0.274800	1.146200
1627303163.804273	0.247300	0.223900	0.960300	0.081100	0.290700	1.143400
1627303163.825773	0.245400	0.226000	0.960100	0.058800	0.298000	1.130900
1627303163.826593	0.240500	0.229900	0.959600	0.044500	0.300700	1.118100
1627303163.840427	0.238600	0.231300	0.958500	0.025800	0.310500	1.108900
1627303163.843234	0.230700	0.233600	0.955000	0.010300	0.321800	1.096400
1627303163.865842	0.226900	0.234400	0.953000	0.000800	0.331900	1.083300
1627303163.866647	0.223500	0.236800	0.953900	-0.008400	0.349000	1.067700
1627303163.876750	0.219700	0.240500	0.954500	-0.015400	0.364900	1.049400
1627303163.887094	0.224900	0.241800	0.951900	-0.020300	0.377700	1.035600
1627303163.906296	0.228900	0.245700	0.948100	-0.023000	0.385000	1.020300
1627303163.907187	0.223600	0.244400	0.946200	-0.022400	0.377700	0.997100
1627303163.914877	0.212200	0.243400	0.947400	-0.027000	0.370400	0.974800
1627303163.936540	0.199200	0.238600	0.945700	-0.032500	0.372800	0.955000
1627303163.938009	0.198000	0.236800	0.941200	-0.034900	0.382000	0.931500
1627303163.944491	0.201200	0.236700	0.937900	-0.037100	0.386300	0.911000
1627303163.967348	0.204300	0.237100	0.934700	-0.036500	0.385000	0.891800
1627303163.968407	0.209500	0.237500	0.928700	-0.030700	0.384700	0.860000
1627303163.978114	0.210400	0.239100	0.931500	-0.017800	0.371300	0.820000
1627303163.985098	0.198900	0.238500	0.935800	-0.017500	0.354800	0.783600
1627303163.994184	0.180300	0.231300	0.934400	-0.016600	0.343500	0.751000
1627303164.010280	0.180500	0.225500	0.926900	-0.020600	0.343500	0.724400
1627303164.014217	0.188700	0.226600	0.924600	-0.023000	0.344100	0.704200
1627303164.036981	0.186900	0.223500	0.928200	-0.019400	0.332200	0.670000
1627303164.038132	0.179900	0.224600	0.935700	-0.020300	0.322400	0.632500
1627303164.043694	0.173800	0.223800	0.938800	-0.016600	0.317200	0.604000
1627303164.065225	0.172100	0.220000	0.938200	-0.019700	0.312600	0.583600
1627303164.076245	0.171000	0.215300	0.934300	-0.016000	0.302900	0.557600
1627303164.077138	0.165300	0.210000	0.935100	-0.013600	0.298600	0.535300
1627303164.086308	0.164700	0.206800	0.938600	-0.005900	0.295500	0.509100
1627303164.095219	0.155400	0.199800	0.945900	-0.004100	0.294300	0.482500
1627303164.106726	0.149700	0.192000	0.945400	-0.013600	0.291300	0.462000
1627303164.115952	0.148600	0.185700	0.944600	-0.026700	0.286400	0.442200
1627303164.138272	0.148400	0.182000	0.939900	-0.048400	0.286400	0.418300
1627303164.139089	0.152500	0.182300	0.939800	-0.052300	0.284200	0.395400
1627303164.144894	0.153400	0.182900	0.940600	-0.052300	0.280000	0.371900
1627303164.163259	0.151600	0.184400	0.943500	-0.058800	0.268700	0.340200
1627303164.165503	0.147900	0.183500	0.947000	-0.065200	0.255800	0.322100
1627303164.171077	0.140500	0.176800	0.949700	-0.072800	0.242700	0.303500
1627303164.193940	0.134400	0.172100	0.950900	-0.088100	0.227700	0.280900
1627303164.194834	0.136400	0.168600	0.952300	-0.103700	0.216100	0.262600
1627303164.204997	0.135300	0.165500	0.952900	-0.123500	0.201800	0.244600
1627303164.213412	0.129800	0.162600	0.954700	-0.144000	0.178300	0.218300
1627303164.237512	0.124500	0.162600	0.952500	-0.158300	0.166700	0.192600
1627303164.238408	0.121700	0.163300	0.953900	-0.165700	0.154700	0.164500
1627303164.243278	0.116000	0.165800	0.952800	-0.175400	0.141600	0.127900
1627303164.267070	0.108300	0.166000	0.953500	-0.181500	0.125700	0.092800
1627303164.267984	0.101300	0.167700	0.952600	-0.199900	0.126600	0.065600
1627303164.278072	0.100300	0.168600	0.947900	-0.208700	0.121100	0.028300
1627303164.285639	0.097300	0.172500	0.944300	-0.215500	0.119300	-0.004100
1627303164.304804	0.094100	0.175400	0.942300	-0.220900	0.117500	-0.040100
1627303164.305688	0.089600	0.182900	0.940300	-0.220000	0.115900	-0.081700
1627303164.314938	0.088000	0.188100	0.935900	-0.215100	0.118400	-0.116200
1627303164.335436	0.080100	0.185500	0.934700	-0.208700	0.119900	-0.148500
1627303164.341817	0.075400	0.187400	0.934000	-0.202300	0.119000	-0.183100
1627303164.342711	0.075700	0.187700	0.927100	-0.195300	0.122100	-0.213900
1627303164.364821	0.083100	0.186800	0.922900	-0.183700	0.119300	-0.239900
1627303164.365676	0.094700	0.190900	0.913500	-0.169900	0.108300	-0.272500
1627303164.375571	0.106100	0.195700	0.907100	-0.147300	0.089700	-0.304900
1627303164.385777	0.106600	0.193100	0.902600	-0.133600	0.074100	-0.336100
1627303164.404874	0.104000	0.191400	0.900600	-0.117100	0.053300	-0.370600
1627303164.412936	0.105300	0.188700	0.900400	-0.108200	0.035600	-0.410600
1627303164.413853	0.109100	0.186800	0.898300	-0.107300	0.019100	-0.439000
1627303164.435664	0.122900	0.185200	0.894300	-0.102400	-0.006800	-0.466200
1627303164.436612	0.135500	0.187100	0.888300	-0.094500	-0.042300	-0.494000
1627303164.442101	0.137600	0.186200	0.886100	-0.082000	-0.076500	-0.523000
1627303164.464004	0.139900	0.185400	0.889300	-0.073700	-0.113700	-0.549900
1627303164.479455	0.139000	0.183200	0.893200	-0.056300	-0.155000	-0.579800
1627303164.485515	0.144500	0.178600	0.895100	-0.044700	-0.187700	-0.603000
1627303164.495371	0.149900	0.178000	0.895000	-0.027000	-0.219700	-0.623200
1627303164.496262	0.158900	0.171800	0.899800	-0.002900	-0.261300	-0.642100
1627303164.504391	0.164800	0.168800	0.900900	0.009300	-0.295500	-0.658300
1627303164.514870	0.162600	0.166500	0.907500	0.013900	-0.323900	-0.680000
1627303164.540769	0.155600	0.160500	0.915500	0.020000	-0.354700	-0.706600
1627303164.541286	0.156000	0.157000	0.924300	0.023700	-0.368200	-0.724900
1627303164.550123	0.148300	0.155900	0.931400	0.034100	-0.382200	-0.745400
1627303164.572179	0.144500	0.153000	0.938000	0.040800	-0.389200	-0.768900
1627303164.572939	0.147500	0.153900	0.943800	0.046900	-0.387700	-0.782900
1627303164.586064	0.155500	0.153900	0.949000	0.055500	-0.387700	-0.794800
1627303164.587236	0.154400	0.152600	0.954200	0.053000	-0.395000	-0.811300
1627303164.588768	0.147700	0.150800	0.960300	0.048700	-0.392900	-0.821700
1627303164.612721	0.143700	0.151900	0.963100	0.042000	-0.384700	-0.830300
1627303164.623554	0.148900	0.152200	0.969000	0.037100	-0.376100	-0.841000
1627303164.624480	0.156000	0.157600	0.970200	0.028300	-0.368200	-0.850700
1627303164.628697	0.159500	0.158600	0.974900	0.028300	-0.370300	-0.864200
1627303164.651496	0.157000	0.163700	0.976100	0.017000	-0.376700	-0.883100
1627303164.667301	0.150900	0.169600	0.974000	0.007800	-0.379500	-0.903600
1627303164.674286	0.151700	0.177400	0.969800	-0.001300	-0.369700	-0.922200
1627303164.682392	0.160500	0.184700	0.962000	-0.012000	-0.356600	-0.946600
1627303164.683310	0.174600	0.194200	0.967200	-0.014200	-0.364500	-0.973200
1627303164.688707	0.172000	0.196500	0.965900	-0.015700	-0.367600	-0.997900
1627303164.711676	0.169400	0.199600	0.966900	-0.022100	-0.362400	-1.019600
1627303164.713074	0.177500	0.200800	0.965900	-0.037700	-0.356900	-1.046200
1627303164.728365	0.179600	0.204200	0.961400	-0.039500	-0.357500	-1.078900
1627303164.733137	0.187400	0.206700	0.963000	-0.039800	-0.352900	-1.111300
1627303164.753268	0.191900	0.208100	0.966400	-0.046200	-0.351100	-1.147600
1627303164.754389	0.187500	0.204500	0.965900	-0.055100	-0.354400	-1.175700
1627303164.764018	0.179000	0.202000	0.960200	-0.070700	-0.348600	-1.199800
1627303164.778032	0.184400	0.201400	0.954000	-0.081400	-0.335200	-1.223400
1627303164.796792	0.191300	0.203200	0.950400	-0.091400	-0.321700	-1.243800
1627303164.798344	0.200200	0.203100	0.948000	-0.100900	-0.311700	-1.258800
1627303164.813106	0.211500	0.203900	0.946800	-0.113400	-0.304600	-1.281400
1627303164.821822	0.220600	0.207400	0.944100	-0.115600	-0.307400	-1.300000
1627303164.835840	0.225300	0.207600	0.938600	-0.127500	-0.307700	-1.317400
1627303164.836355	0.227700	0.213600	0.932400	-0.132700	-0.310400	-1.335800
1627303164.845531	0.230300	0.216400	0.931600	-0.136600	-0.314400	-1.348300
1627303164.851221	0.232900	0.217700	0.928700	-0.132400	-0.314400	-1.356200
1627303164.873799	0.240100	0.220800	0.925900	-0.121700	-0.316500	-1.364800
1627303164.874692	0.243800	0.216700	0.924200	-0.117700	-0.317200	-1.367800
1627303164.884278	0.246900	0.214100	0.920800	-0.117400	-0.320500	-1.372700
1627303164.894907	0.251300	0.211200	0.918600	-0.120800	-0.313800	-1.374200
1627303164.919517	0.258400	0.208600	0.917500	-0.121100	-0.319900	-1.384300
1627303164.920672	0.263900	0.208900	0.915200	-0.128100	-0.322300	-1.392900
1627303164.924148	0.267700	0.210900	0.913800	-0.134200	-0.323600	-1.397100
1627303164.939004	0.277000	0.214100	0.912800	-0.136300	-0.326000	-1.401400
1627303164.940659	0.284500	0.215700	0.913300	-0.137900	-0.333000	-1.403900
1627303164.960478	0.289600	0.215700	0.912600	-0.139700	-0.345900	-1.408800
1627303164.962919	0.295500	0.217400	0.912100	-0.147000	-0.359600	-1.405700
1627303164.977801	0.302000	0.216300	0.914400	-0.153400	-0.368500	-1.401400
1627303164.980313	0.305800	0.214200	0.917600	-0.153400	-0.385300	-1.397800
1627303165.002945	0.299000	0.213300	0.917100	-0.152500	-0.399300	-1.394400
1627303165.005050	0.290800	0.209000	0.919300	-0.170200	-0.389200	-1.388600
1627303165.011457	0.291300	0.209500	0.928000	-0.156500	-0.397200	-1.388900
1627303165.023112	0.295900	0.203100	0.930800	-0.148600	-0.401100	-1.378200
1627303165.045457	0.293200	0.198200	0.931200	-0.160200	-0.395700	-1.361700
1627303165.046550	0.297600	0.191000	0.934100	-0.167500	-0.392000	-1.349800
1627303165.061987	0.301500	0.187500	0.937600	-0.163500	-0.394400	-1.345800
1627303165.065675	0.302900	0.184000	0.938800	-0.165400	-0.392300	-1.341300
1627303165.066566	0.302500	0.178300	0.942500	-0.174800	-0.393500	-1.333300
1627303165.090973	0.300300	0.174700	0.947100	-0.197100	-0.389800	-1.322300
1627303165.093187	0.301100	0.169600	0.949700	-0.206600	-0.390500	-1.307400
1627303165.103105	0.300300	0.167800	0.951700	-0.225200	-0.387700	-1.289000
1627303165.110655	0.290800	0.168600	0.954200	-0.237100	-0.394700	-1.273800
1627303165.133348	0.283600	0.165900	0.953200	-0.251800	-0.391400	-1.257600
1627303165.134187	0.284100	0.168800	0.953100	-0.264000	-0.380400	-1.240500
1627303165.141662	0.288200	0.169700	0.948400	-0.270100	-0.363600	-1.221500
1627303165.152107	0.291000	0.172500	0.942600	-0.273800	-0.358100	-1.207200
1627303165.173949	0.296600	0.175000	0.941300	-0.277100	-0.353200	-1.199500
1627303165.174844	0.296300	0.178000	0.935100	-0.283000	-0.341300	-1.192800
1627303165.181277	0.296900	0.183800	0.934300	-0.282600	-0.334000	-1.189500
1627303165.191789	0.296000	0.185500	0.933100	-0.286000	-0.323000	-1.178800
1627303165.201861	0.297700	0.190600	0.927000	-0.291500	-0.309500	-1.163500
1627303165.210621	0.299100	0.194700	0.924700	-0.290000	-0.302500	-1.155600
1627303165.233747	0.295800	0.195300	0.925500	-0.289700	-0.296400	-1.149100
1627303165.234672	0.295300	0.197400	0.927600	-0.287200	-0.284800	-1.139100
1627303165.241308	0.296300	0.199700	0.931500	-0.280500	-0.272900	-1.134800
1627303165.263234	0.297900	0.201200	0.933800	-0.271700	-0.265500	-1.134500
1627303165.264421	0.293800	0.198000	0.935300	-0.268300	-0.261300	-1.136600
1627303165.274264	0.288600	0.197900	0.936500	-0.269800	-0.254800	-1.137200
1627303165.283126	0.281200	0.198900	0.939700	-0.264600	-0.249700	-1.138800
1627303165.302488	0.274000	0.195300	0.941500	-0.263100	-0.235000	-1.136900
1627303165.303395	0.271100	0.191500	0.940600	-0.266800	-0.218800	-1.133600
1627303165.311246	0.272700	0.191200	0.939000	-0.272000	-0.207500	-1.131700
1627303165.334094	0.268600	0.187400	0.937500	-0.280200	-0.196800	-1.136600
1627303165.340585	0.264500	0.191200	0.936400	-0.289100	-0.186700	-1.150100
1627303165.341474	0.259600	0.191500	0.938200	-0.300100	-0.177000	-1.156500
1627303165.363412	0.253400	0.192400	0.935500	-0.316500	-0.164700	-1.157700
1627303165.365571	0.253400	0.195900	0.930500	-0.323600	-0.156200	-1.159800
1627303165.377035	0.256300	0.202100	0.927500	-0.329100	-0.144000	-1.167200
1627303165.383161	0.258900	0.208700	0.921300	-0.326600	-0.140000	-1.170200
1627303165.403669	0.259800	0.214800	0.917700	-0.320200	-0.136900	-1.172000
1627303165.410556	0.263200	0.220000	0.916300	-0.308300	-0.138800	-1.175100
1627303165.411503	0.264900	0.222400	0.918000	-0.299400	-0.140900	-1.180000
1627303165.434636	0.264000	0.220900	0.921500	-0.294300	-0.136900	-1.184600
1627303165.435489	0.261500	0.221900	0.922600	-0.282300	-0.143100	-1.189500
1627303165.441189	0.257900	0.221800	0.923200	-0.277100	-0.146700	-1.195000
1627303165.462898	0.252900	0.219800	0.924200	-0.272600	-0.146100	-1.197100
1627303165.473852	0.251700	0.221800	0.928100	-0.266200	-0.140900	-1.199500
1627303165.474733	0.252300	0.219100	0.931200	-0.262200	-0.125600	-1.199800
1627303165.482514	0.256800	0.222300	0.936600	-0.251800	-0.103000	-1.204100
1627303165.500087	0.259200	0.220800	0.941500	-0.241400	-0.091700	-1.210800
1627303165.501384	0.258300	0.218800	0.942700	-0.237400	-0.081400	-1.219100
1627303165.512787	0.253100	0.215700	0.944100	-0.231600	-0.076200	-1.219700
1627303165.535070	0.251800	0.213700	0.942300	-0.235300	-0.071000	-1.217600
1627303165.536260	0.247600	0.211100	0.940100	-0.232600	-0.067900	-1.214500
1627303165.546673	0.243500	0.209800	0.940600	-0.235900	-0.054500	-1.213000
1627303165.550802	0.242900	0.210000	0.945400	-0.238100	-0.044100	-1.205300
1627303165.573596	0.247100	0.210600	0.944200	-0.237700	-0.029700	-1.198300
1627303165.574282	0.250200	0.211200	0.947300	-0.231300	-0.012600	-1.185200
1627303165.585439	0.254300	0.211800	0.950300	-0.217300	-0.003200	-1.169900
1627303165.591692	0.258700	0.206700	0.948100	-0.210900	0.002600	-1.155200
1627303165.595765	0.256700	0.203700	0.945600	-0.200500	0.006900	-1.137200
1627303165.621077	0.255200	0.199500	0.941900	-0.190400	0.010900	-1.118900
1627303165.621934	0.255400	0.196400	0.942500	-0.179100	0.014900	-1.103000
1627303165.631755	0.253900	0.189500	0.943600	-0.170200	0.023400	-1.079200
1627303165.639582	0.255100	0.180700	0.939700	-0.165100	0.031000	-1.052600
1627303165.657853	0.252400	0.173600	0.938800	-0.170900	0.041400	-1.031200
1627303165.661622	0.249000	0.169400	0.943200	-0.172100	0.055800	-1.005300
1627303165.676816	0.249400	0.164300	0.948400	-0.171500	0.065600	-0.976000
1627303165.679352	0.251500	0.158200	0.948900	-0.172700	0.072300	-0.948500
1627303165.701068	0.255500	0.156700	0.951900	-0.175700	0.073200	-0.917900
1627303165.702052	0.255100	0.154400	0.950100	-0.167200	0.063100	-0.884600
1627303165.708819	0.251600	0.150300	0.950600	-0.167200	0.055800	-0.853800
1627303165.734160	0.237900	0.144700	0.952100	-0.167500	0.050300	-0.819000
1627303165.740659	0.228800	0.137800	0.949700	-0.173900	0.063100	-0.775900
1627303165.741548	0.233800	0.135900	0.949700	-0.171800	0.076500	-0.738300
1627303165.762998	0.236900	0.131200	0.951800	-0.172700	0.086300	-0.702600
1627303165.764327	0.243900	0.129500	0.958600	-0.174500	0.083900	-0.667200
1627303165.779750	0.239100	0.127800	0.962300	-0.169900	0.075900	-0.636000
1627303165.785464	0.228300	0.122900	0.964600	-0.172400	0.072600	-0.599400
1627303165.801118	0.214000	0.116100	0.964200	-0.182500	0.075600	-0.562400
1627303165.802084	0.206100	0.111800	0.965000	-0.188900	0.081700	-0.528800
1627303165.813600	0.200400	0.106900	0.962200	-0.198000	0.092100	-0.493700
1627303165.828756	0.202500	0.103000	0.959400	-0.206000	0.110500	-0.449400
1627303165.831862	0.207000	0.100700	0.962500	-0.214500	0.123900	-0.413700
1627303165.842641	0.210900	0.100100	0.966200	-0.215800	0.134600	-0.386200
1627303165.865822	0.212300	0.096900	0.965300	-0.214200	0.147700	-0.345500
1627303165.866639	0.207600	0.092200	0.967400	-0.218800	0.156600	-0.313200
1627303165.870670	0.201500	0.090900	0.964700	-0.217000	0.156300	-0.283800
1627303165.885608	0.194100	0.087300	0.961700	-0.213000	0.155700	-0.254200
1627303165.887844	0.186900	0.089200	0.961800	-0.208400	0.156000	-0.223700
1627303165.910976	0.178700	0.089200	0.957500	-0.206900	0.163600	-0.190400
1627303165.911935	0.172700	0.085400	0.954700	-0.207500	0.177300	-0.152200
1627303165.922870	0.174100	0.087200	0.952500	-0.199000	0.189300	-0.118000
1627303165.932002	0.177400	0.080700	0.951500	-0.199900	0.200200	-0.081300
1627303165.954651	0.180100	0.085600	0.953900	-0.187400	0.196900	-0.048700
1627303165.955511	0.178600	0.085300	0.951500	-0.169900	0.188300	-0.020000
1627303165.959263	0.168100	0.088700	0.952100	-0.159300	0.182500	0.003300
1627303165.974705	0.155000	0.087600	0.953000	-0.153100	0.181300	0.029800
1627303166.000040	0.147600	0.090800	0.954500	-0.143400	0.179800	0.056400
1627303166.000939	0.141700	0.090200	0.952500	-0.141800	0.185300	0.080800
1627303166.001998	0.139800	0.095000	0.951000	-0.141200	0.188300	0.108000
1627303166.009182	0.146600	0.097900	0.947100	-0.133900	0.190800	0.137300
1627303166.016777	0.150800	0.101100	0.946200	-0.120800	0.187100	0.156600
1627303166.040896	0.146700	0.102200	0.949800	-0.111300	0.178600	0.171600
1627303166.041900	0.140700	0.103900	0.950800	-0.100300	0.170900	0.183800
1627303166.052859	0.140900	0.106800	0.949500	-0.086900	0.167900	0.196300
1627303166.060647	0.139600	0.107400	0.946900	-0.073100	0.160800	0.211000
1627303166.079745	0.140300	0.107400	0.945900	-0.062400	0.148000	0.224100
1627303166.080689	0.136100	0.108500	0.946200	-0.051100	0.142500	0.235700
1627303166.089253	0.139200	0.110100	0.946000	-0.038600	0.140100	0.247900
1627303166.099502	0.142900	0.106100	0.942500	-0.029100	0.133100	0.263800
1627303166.122626	0.146200	0.106900	0.943000	-0.016900	0.119300	0.273900
1627303166.124003	0.145300	0.102400	0.938500	-0.007800	0.105300	0.284000
1627303166.130006	0.142600	0.096700	0.938700	-0.001600	0.089100	0.289800
1627303166.140951	0.140500	0.094700	0.940800	0.007500	0.070700	0.293400
1627303166.155299	0.140700	0.092000	0.937100	0.012700	0.060700	0.301100
1627303166.169285	0.148200	0.086500	0.934100	0.011200	0.047500	0.312700
1627303166.170167	0.149500	0.082800	0.931300	0.001700	0.034100	0.320000
1627303166.193412	0.151400	0.079800	0.931300	0.000500	0.017300	0.331600
1627303166.194287	0.156100	0.078000	0.929800	-0.007100	0.004800	0.346600
1627303166.202958	0.158400	0.079300	0.933300	-0.005000	-0.008400	0.357000
1627303166.211869	0.151200	0.079500	0.936000	-0.000400	-0.024200	0.362400
1627303166.212843	0.142500	0.076200	0.940200	0.007800	-0.032800	0.373400
1627303166.236404	0.142800	0.075800	0.938800	0.017300	-0.035500	0.387800
1627303166.238808	0.145100	0.076200	0.936300	0.026100	-0.039800	0.400900
1627303166.243425	0.143100	0.076200	0.934400	0.035300	-0.055700	0.419600
1627303166.268816	0.139900	0.077000	0.935500	0.039300	-0.064300	0.439700
1627303166.269719	0.138400	0.077500	0.937400	0.046600	-0.065200	0.455300
1627303166.280678	0.139500	0.085100	0.941900	0.054600	-0.062400	0.469000
1627303166.286176	0.139900	0.088900	0.950700	0.062200	-0.062100	0.484000
1627303166.309972	0.137000	0.095500	0.955100	0.067400	-0.061800	0.494400
1627303166.310841	0.142200	0.106600	0.955600	0.080500	-0.059400	0.511500
1627303166.321714	0.145300	0.114000	0.951900	0.099800	-0.058100	0.533800
1627303166.328699	0.148300	0.116200	0.951400	0.108900	-0.054800	0.556100
1627303166.349977	0.149500	0.121100	0.950200	0.131200	-0.055400	0.575600
1627303166.350856	0.152000	0.125400	0.953900	0.156600	-0.050500	0.598200
1627303166.360638	0.157600	0.125500	0.951000	0.177000	-0.046200	0.618700
1627303166.371206	0.164200	0.127100	0.948500	0.195100	-0.042600	0.642200
1627303166.395289	0.169200	0.127100	0.948700	0.214900	-0.047800	0.658100
1627303166.396180	0.171300	0.129200	0.947000	0.229300	-0.052700	0.670600
1627303166.400555	0.173500	0.130500	0.948600	0.240300	-0.059100	0.687400
1627303166.410345	0.172400	0.132800	0.945300	0.248800	-0.064900	0.709400
1627303166.415610	0.176000	0.134000	0.943600	0.258300	-0.067000	0.723500
1627303166.440466	0.180900	0.131200	0.943400	0.254900	-0.063000	0.740900
1627303166.441655	0.191500	0.133100	0.945200	0.258600	-0.070100	0.761300
1627303166.451686	0.198500	0.134000	0.947900	0.264100	-0.083500	0.771700
1627303166.459358	0.201900	0.133800	0.947900	0.264400	-0.092400	0.784600
1627303166.480047	0.199800	0.130200	0.948200	0.258300	-0.102700	0.798900
1627303166.480927	0.197300	0.131600	0.952000	0.256700	-0.112200	0.809000
1627303166.488784	0.196200	0.126800	0.952000	0.251900	-0.114300	0.821200
1627303166.511535	0.204300	0.128500	0.956800	0.248800	-0.118900	0.842900
1627303166.519923	0.202400	0.124000	0.957900	0.243000	-0.124700	0.856000
1627303166.520791	0.200800	0.123000	0.960700	0.236900	-0.124400	0.869800
1627303166.531271	0.201400	0.119300	0.958000	0.219800	-0.115000	0.891800
1627303166.553969	0.208500	0.116900	0.960400	0.216700	-0.112200	0.909800
1627303166.558341	0.204600	0.117100	0.960400	0.205700	-0.107600	0.925100
1627303166.558851	0.204500	0.114100	0.965600	0.196900	-0.096000	0.942500
1627303166.575676	0.211800	0.114600	0.964800	0.191700	-0.080800	0.959300
1627303166.599868	0.220100	0.115600	0.962600	0.188000	-0.065800	0.974200
1627303166.600687	0.228300	0.120800	0.962300	0.182200	-0.054800	0.994100
1627303166.601842	0.230600	0.122300	0.961100	0.179500	-0.046200	1.015500
1627303166.616881	0.228100	0.122400	0.959400	0.175800	-0.042900	1.031000
1627303166.621874	0.227200	0.125700	0.958300	0.172800	-0.034300	1.053900
1627303166.642893	0.229400	0.125000	0.953700	0.181600	-0.027900	1.076200
1627303166.644070	0.241200	0.127000	0.947300	0.194100	-0.016900	1.098500
1627303166.657424	0.253300	0.131500	0.944300	0.207900	-0.009600	1.127300
1627303166.658311	0.261800	0.130700	0.945300	0.222500	-0.009000	1.156900
1627303166.664936	0.264900	0.129200	0.946400	0.230200	-0.004100	1.183100
1627303166.688381	0.262900	0.123500	0.946500	0.228600	0.010900	1.212200
1627303166.689470	0.268200	0.128700	0.952100	0.253700	0.011500	1.238100
1627303166.700553	0.264500	0.131700	0.947800	0.269900	0.013600	1.258600
1627303166.708224	0.269700	0.131200	0.941400	0.279700	0.024600	1.292200
1627303166.730817	0.279500	0.135300	0.937700	0.295500	0.036500	1.324600
1627303166.731625	0.285900	0.137200	0.935800	0.311700	0.043000	1.351400
1627303166.737407	0.292800	0.137700	0.935800	0.330400	0.054600	1.381100
1627303166.759049	0.298300	0.140600	0.937900	0.350500	0.062500	1.411300
1627303166.770037	0.300900	0.143200	0.936300	0.364300	0.057300	1.433300
1627303166.770939	0.297600	0.145100	0.935900	0.370400	0.052100	1.457700
1627303166.779925	0.293900	0.147700	0.927100	0.372800	0.056700	1.488000
1627303166.789474	0.298700	0.147200	0.928600	0.375300	0.062800	1.514800
1627303166.802917	0.300000	0.146600	0.931600	0.371300	0.068300	1.536800
1627303166.810490	0.304000	0.150400	0.936400	0.360900	0.072900	1.557900
1627303166.833405	0.304600	0.154100	0.938800	0.353600	0.074400	1.573500
1627303166.834192	0.305900	0.158100	0.945100	0.344400	0.072300	1.585700
1627303166.837855	0.300900	0.167000	0.947000	0.332500	0.074400	1.590000
1627303166.846247	0.296500	0.172000	0.951300	0.320900	0.083600	1.579900
1627303166.867350	0.297400	0.176900	0.960400	0.320600	0.099800	1.567100
1627303166.868065	0.301300	0.176300	0.962000	0.331900	0.122100	1.544200
1627303166.879364	0.301400	0.180200	0.955900	0.342900	0.146500	1.541700
1627303166.884990	0.298000	0.179100	0.951300	0.340100	0.156300	1.550300
1627303166.907067	0.283700	0.201000	0.938400	0.355100	0.136100	1.575600
1627303166.908213	0.272200	0.226100	0.937500	0.374600	0.116600	1.597300
1627303166.919112	0.260300	0.239500	0.938200	0.371000	0.125400	1.606200
1627303166.926820	0.253200	0.239500	0.944600	0.372800	0.165100	1.598200
1627303166.946728	0.254400	0.229400	0.937500	0.398800	0.199600	1.577200
1627303166.948281	0.258200	0.216400	0.928700	0.423500	0.227700	1.548700
1627303166.963414	0.262900	0.204600	0.926800	0.442100	0.249100	1.518200
1627303166.968144	0.271200	0.201000	0.929900	0.437000	0.267100	1.492900
1627303166.992236	0.279400	0.205200	0.934400	0.419200	0.277200	1.482500
1627303166.993159	0.279100	0.210100	0.931500	0.391700	0.276300	1.478500
1627303167.000570	0.275900	0.214400	0.925300	0.375300	0.272900	1.469300
1627303167.011907	0.275600	0.216900	0.918100	0.367000	0.272000	1.455900
1627303167.012780	0.284300	0.219100	0.913700	0.366400	0.274500	1.442500
1627303167.036558	0.293600	0.220000	0.913200	0.373700	0.274800	1.432400
1627303167.047523	0.295800	0.215500	0.917000	0.377100	0.270500	1.422300
1627303167.048414	0.295000	0.208000	0.919600	0.375600	0.268700	1.415900
