1627305575.171620	0.625000	-0.274000	-0.569800	1.229300	-0.418300	-0.754100
1627305575.187096	0.721600	-0.739000	-0.645400	0.054600	0.309800	-0.600800
1627305575.194099	0.729100	-0.748900	-0.664200	0.107200	0.297300	-0.691200
1627305575.200395	0.737500	-0.751000	-0.679600	0.167300	0.293300	-0.783800
1627305575.201314	0.740600	-0.742400	-0.684400	0.211900	0.293000	-0.866500
1627305575.209499	0.740700	-0.721300	-0.680900	0.233300	0.286900	-0.941100
1627305575.230746	0.740100	-0.695200	-0.673200	0.257400	0.281700	-1.003700
1627305575.232141	0.737400	-0.665300	-0.669300	0.269000	0.272800	-1.061700
1627305575.247236	0.738800	-0.633900	-0.670200	0.236400	0.274400	-1.115500
1627305575.252716	0.739300	-0.618700	-0.688700	0.222000	0.284100	-1.146300
1627305575.274797	0.733300	-0.622900	-0.711200	0.267500	0.304300	-1.174400
1627305575.275812	0.728500	-0.638300	-0.721400	0.301400	0.337300	-1.215300
1627305575.278184	0.727800	-0.641100	-0.710100	0.295300	0.374200	-1.267900
1627305575.291713	0.726900	-0.629200	-0.690300	0.308700	0.402300	-1.329000
1627305575.311174	0.728100	-0.606700	-0.670000	0.335300	0.420100	-1.399800
1627305575.312143	0.728500	-0.579100	-0.662500	0.337500	0.439300	-1.467000
1627305575.317194	0.726000	-0.549000	-0.654100	0.327100	0.455200	-1.519300
1627305575.331626	0.729200	-0.520900	-0.645900	0.349400	0.471700	-1.562600
1627305575.332551	0.722900	-0.501700	-0.634200	0.401900	0.479600	-1.599000
1627305575.356002	0.721200	-0.483600	-0.617800	0.440700	0.486600	-1.631300
1627305575.358232	0.712200	-0.457000	-0.590700	0.439500	0.486300	-1.655500
1627305575.373078	0.715200	-0.420700	-0.569500	0.436700	0.480200	-1.669200
1627305575.401550	0.712200	-0.394200	-0.557700	0.471800	0.462500	-1.665900
1627305575.402474	0.713300	-0.371300	-0.556800	0.463900	0.454900	-1.658500
1627305575.403469	0.715100	-0.351200	-0.555400	0.432400	0.455800	-1.649700
1627305575.428317	0.715100	-0.333900	-0.552200	0.436100	0.457900	-1.634700
1627305575.430828	0.709800	-0.321700	-0.556400	0.477000	0.460700	-1.621600
1627305575.440057	0.699300	-0.309200	-0.556000	0.500600	0.472000	-1.608700
1627305575.440975	0.690100	-0.286600	-0.547600	0.524100	0.492800	-1.591900
1627305575.446990	0.687400	-0.266700	-0.544400	0.599800	0.509200	-1.570600
1627305575.450585	0.687600	-0.248200	-0.540800	0.677100	0.526700	-1.548600
1627305575.478844	0.687400	-0.221900	-0.523100	0.712200	0.544400	-1.527200
1627305575.479763	0.695100	-0.194500	-0.502100	0.749500	0.558100	-1.498800
1627305575.488276	0.699300	-0.172700	-0.489300	0.821600	0.560900	-1.461500
1627305575.494487	0.706500	-0.165200	-0.471300	0.867700	0.557200	-1.421800
1627305575.522486	0.715200	-0.154200	-0.451700	0.889100	0.543200	-1.375400
1627305575.523399	0.722900	-0.145400	-0.439800	0.944300	0.528200	-1.341200
1627305575.529657	0.727400	-0.137800	-0.427200	1.008200	0.513200	-1.306100
1627305575.537027	0.734000	-0.128800	-0.407700	1.061900	0.493400	-1.270000
1627305575.559898	0.742200	-0.115200	-0.382100	1.103200	0.466200	-1.234000
1627305575.560801	0.750000	-0.110800	-0.365200	1.156600	0.427700	-1.188500
1627305575.567859	0.755900	-0.115600	-0.363500	1.207900	0.384600	-1.141400
1627305575.578170	0.759200	-0.122300	-0.361200	1.248300	0.333000	-1.091300
1627305575.603939	0.762500	-0.126500	-0.358300	1.276000	0.294200	-1.062600
1627305575.604852	0.768100	-0.125700	-0.354500	1.288300	0.257600	-1.043100
1627305575.608402	0.775100	-0.114600	-0.348800	1.284600	0.224900	-1.026900
1627305575.618132	0.783000	-0.096900	-0.365800	1.244300	0.193100	-1.009200
1627305575.622941	0.782500	-0.082500	-0.355300	1.278200	0.165600	-0.975900
1627305575.645997	0.783800	-0.088600	-0.344700	1.382000	0.129900	-0.940500
1627305575.647168	0.789700	-0.101200	-0.344400	1.326400	0.093900	-0.910500
1627305575.656924	0.790200	-0.098500	-0.349600	1.223200	0.073700	-0.891900
1627305575.666404	0.792400	-0.093800	-0.374100	1.175300	0.058100	-0.870800
1627305575.686124	0.794100	-0.091200	-0.408000	1.140700	0.064200	-0.846700
1627305575.688364	0.802500	-0.092800	-0.432100	1.140100	0.085900	-0.827100
1627305575.698244	0.798100	-0.097500	-0.437400	1.209800	0.108200	-0.802400
1627305575.706477	0.809400	-0.096100	-0.422100	1.317900	0.138500	-0.782200
1627305575.718223	0.817100	-0.089400	-0.392900	1.444300	0.144000	-0.759000
1627305575.733557	0.825900	-0.082400	-0.365600	1.576900	0.132300	-0.736400
1627305575.750356	0.836200	-0.075300	-0.336500	1.706100	0.103600	-0.710800
1627305575.751278	0.847400	-0.068200	-0.314200	1.833200	0.061200	-0.678100
1627305575.758252	0.856100	-0.060900	-0.291900	1.945900	0.011400	-0.641400
1627305575.771976	0.864400	-0.053800	-0.272000	2.016700	-0.045700	-0.602300
1627305575.794942	0.873500	-0.049900	-0.252900	2.026500	-0.112600	-0.554700
1627305575.795619	0.875600	-0.053200	-0.239400	2.026800	-0.189600	-0.503400
1627305575.796864	0.874000	-0.064600	-0.234100	2.016400	-0.260100	-0.454200
1627305575.806887	0.869600	-0.080900	-0.241900	2.015200	-0.335000	-0.413000
1627305575.827640	0.867800	-0.085000	-0.236500	2.026200	-0.419900	-0.374500
1627305575.828355	0.856000	-0.080600	-0.231600	1.998700	-0.510000	-0.324100
1627305575.838230	0.845100	-0.078900	-0.232400	1.985900	-0.609600	-0.260000
1627305575.850772	0.840000	-0.100200	-0.243300	2.018200	-0.730200	-0.174100
1627305575.872750	0.841700	-0.144700	-0.263800	2.029500	-0.836800	-0.105100
1627305575.875039	0.830800	-0.187600	-0.288200	2.006600	-0.933300	-0.056800
1627305575.876000	0.819500	-0.225700	-0.315300	2.005100	-1.019400	-0.029400
1627305575.890685	0.804000	-0.255200	-0.340900	2.034100	-1.098900	-0.018400
1627305575.908183	0.792500	-0.269300	-0.364700	2.019500	-1.161500	-0.016800
1627305575.916664	0.781000	-0.275500	-0.381600	2.006600	-1.216800	-0.019600
1627305575.917581	0.765000	-0.281400	-0.408800	2.004800	-1.271400	-0.016200
1627305575.925769	0.760700	-0.296800	-0.434400	1.976400	-1.298300	-0.014700
1627305575.928102	0.760000	-0.322800	-0.461300	1.964500	-1.318800	-0.013800
1627305575.960015	0.756500	-0.355200	-0.489500	1.947400	-1.329100	-0.025400
1627305575.960934	0.751200	-0.387800	-0.514200	1.907400	-1.337100	-0.054100
1627305575.970689	0.749100	-0.413900	-0.537200	1.870700	-1.334000	-0.099900
1627305575.971931	0.748400	-0.431200	-0.559300	1.832500	-1.331600	-0.155500
1627305575.996635	0.744500	-0.447900	-0.574500	1.780600	-1.320600	-0.234900
1627305575.997553	0.743000	-0.460400	-0.580200	1.743400	-1.310200	-0.306100
1627305576.005566	0.752300	-0.467500	-0.582600	1.691400	-1.300100	-0.381500
1627305576.026862	0.752600	-0.467200	-0.588100	1.617500	-1.298600	-0.452400
1627305576.028015	0.752600	-0.454500	-0.599200	1.561600	-1.301000	-0.516500
1627305576.043074	0.749000	-0.435500	-0.613500	1.536900	-1.305300	-0.571200
1627305576.047568	0.750100	-0.403200	-0.630100	1.502100	-1.301400	-0.610600
1627305576.048495	0.749400	-0.364700	-0.644700	1.466000	-1.292500	-0.628600
1627305576.072387	0.739500	-0.338700	-0.658800	1.447100	-1.280000	-0.623700
1627305576.075665	0.734700	-0.320200	-0.671400	1.427200	-1.258000	-0.604500
1627305576.090884	0.729900	-0.317900	-0.679400	1.427200	-1.234500	-0.577600
1627305576.092712	0.721800	-0.319600	-0.684100	1.423000	-1.212500	-0.545800
1627305576.116212	0.721300	-0.319300	-0.676400	1.387800	-1.186500	-0.516200
1627305576.117100	0.722800	-0.316900	-0.665600	1.325500	-1.169100	-0.485400
1627305576.125572	0.719600	-0.321300	-0.679800	1.292500	-1.158400	-0.454500
1627305576.134057	0.715700	-0.332400	-0.704800	1.292500	-1.139800	-0.437400
1627305576.156120	0.707400	-0.328900	-0.720000	1.277300	-1.111400	-0.425800
1627305576.156991	0.702800	-0.314700	-0.724900	1.255300	-1.070800	-0.410500
1627305576.171901	0.694300	-0.310200	-0.727500	1.290700	-1.034400	-0.384600
1627305576.178713	0.681900	-0.332400	-0.736000	1.361000	-0.994400	-0.352800
1627305576.202606	0.676900	-0.369300	-0.734900	1.352700	-0.943700	-0.350700
1627305576.203544	0.669400	-0.383800	-0.731000	1.295900	-0.895100	-0.368400
1627305576.205861	0.662700	-0.378800	-0.727800	1.251900	-0.855100	-0.403500
1627305576.220677	0.650100	-0.358000	-0.725600	1.209500	-0.824000	-0.425200
1627305576.222373	0.653900	-0.335200	-0.717800	1.152300	-0.789800	-0.431900
1627305576.246044	0.651700	-0.314200	-0.707200	1.096800	-0.770200	-0.412700
1627305576.246887	0.649900	-0.313400	-0.707600	1.052500	-0.758300	-0.373300
1627305576.254308	0.647000	-0.343300	-0.715800	1.005100	-0.748200	-0.327500
1627305576.267714	0.648400	-0.389300	-0.727400	0.985900	-0.736900	-0.310000
1627305576.286897	0.644500	-0.429200	-0.729400	0.986500	-0.730200	-0.322600
1627305576.287896	0.637500	-0.443700	-0.720200	0.947700	-0.727800	-0.353100
1627305576.303657	0.640000	-0.422000	-0.697500	0.870100	-0.733900	-0.387300
1627305576.306347	0.641700	-0.383100	-0.688600	0.783700	-0.750400	-0.398000
1627305576.307269	0.648400	-0.348800	-0.700600	0.728400	-0.764400	-0.380000
1627305576.332416	0.653200	-0.347700	-0.743300	0.701200	-0.773300	-0.336600
1627305576.334311	0.657200	-0.356300	-0.777700	0.696300	-0.762300	-0.294200
1627305576.344164	0.665500	-0.358000	-0.776200	0.677400	-0.742700	-0.261200
1627305576.351212	0.665200	-0.356200	-0.760500	0.680800	-0.729900	-0.221800
1627305576.371043	0.667100	-0.361800	-0.746700	0.692700	-0.725600	-0.183000
1627305576.374463	0.671800	-0.376200	-0.743800	0.656000	-0.725600	-0.147200
1627305576.386987	0.667400	-0.389500	-0.756700	0.591600	-0.720700	-0.120700
1627305576.403354	0.668300	-0.404500	-0.797700	0.538400	-0.700600	-0.103000
1627305576.411637	0.661900	-0.418900	-0.839100	0.552500	-0.666100	-0.093500
1627305576.412550	0.658700	-0.425800	-0.854600	0.594900	-0.612600	-0.084900
1627305576.433487	0.663800	-0.432000	-0.848900	0.631900	-0.564000	-0.075200
1627305576.434323	0.664900	-0.441700	-0.846600	0.645300	-0.518500	-0.068100
1627305576.449578	0.656500	-0.453200	-0.851000	0.641400	-0.477300	-0.066000
1627305576.455037	0.653900	-0.458700	-0.865100	0.579700	-0.420800	-0.070000
1627305576.476032	0.656500	-0.450900	-0.872700	0.508200	-0.349000	-0.077900
1627305576.477145	0.658900	-0.449800	-0.890600	0.474600	-0.292500	-0.078200
1627305576.487021	0.655400	-0.457400	-0.900900	0.429700	-0.227500	-0.080100
1627305576.497762	0.658400	-0.468500	-0.901400	0.389100	-0.157800	-0.087400
1627305576.520020	0.661900	-0.476800	-0.895900	0.327100	-0.091500	-0.100500
1627305576.520987	0.662400	-0.473400	-0.896400	0.243400	-0.029500	-0.115200
1627305576.524457	0.663300	-0.468300	-0.900600	0.177400	0.033400	-0.125600
1627305576.538837	0.663200	-0.470600	-0.905600	0.156900	0.096300	-0.125600
1627305576.539751	0.670700	-0.484300	-0.906500	0.130100	0.154000	-0.126500
1627305576.563738	0.677900	-0.497300	-0.905500	0.096500	0.207500	-0.135000
1627305576.564573	0.682900	-0.507100	-0.899400	0.074200	0.261200	-0.150300
1627305576.574397	0.679100	-0.516200	-0.894900	0.051600	0.305500	-0.168900
1627305576.578844	0.680200	-0.521500	-0.889200	0.002700	0.352300	-0.192800
1627305576.602777	0.689100	-0.531600	-0.886200	-0.022000	0.401100	-0.223300
1627305576.604594	0.693500	-0.537600	-0.878100	-0.055300	0.446600	-0.251400
1627305576.615695	0.700200	-0.539800	-0.864300	-0.121000	0.488500	-0.277100
1627305576.620083	0.702100	-0.540900	-0.853800	-0.185500	0.523600	-0.297500
1627305576.643699	0.704700	-0.546300	-0.852500	-0.236200	0.561500	-0.316500
1627305576.645758	0.708300	-0.551900	-0.851600	-0.295100	0.604200	-0.337500
1627305576.655766	0.708600	-0.550400	-0.846400	-0.352800	0.651900	-0.363800
1627305576.658848	0.709100	-0.539800	-0.832500	-0.409900	0.708400	-0.399800
1627305576.682777	0.713100	-0.519200	-0.814800	-0.498800	0.763100	-0.428200
1627305576.684591	0.707300	-0.496700	-0.800800	-0.538800	0.807700	-0.440200
1627305576.702767	0.702000	-0.479500	-0.805400	-0.597200	0.860200	-0.435300
1627305576.703821	0.695300	-0.469500	-0.804000	-0.666200	0.914600	-0.419700
1627305576.726081	0.692000	-0.472300	-0.803100	-0.635000	0.975600	-0.406000
1627305576.726927	0.686900	-0.488000	-0.782300	-0.614000	1.037600	-0.408100
1627305576.742002	0.684700	-0.504000	-0.741100	-0.656400	1.107300	-0.440200
1627305576.756271	0.688200	-0.505100	-0.711100	-0.680600	1.163200	-0.493000
1627305576.757153	0.688600	-0.489600	-0.679300	-0.703800	1.202300	-0.551900
1627305576.764660	0.690300	-0.458500	-0.634800	-0.760900	1.230100	-0.603900
1627305576.775603	0.691900	-0.418800	-0.592700	-0.823500	1.238600	-0.640800
1627305576.796577	0.694900	-0.387000	-0.566200	-0.860500	1.231000	-0.662500
1627305576.797502	0.706800	-0.362300	-0.547400	-0.889800	1.216900	-0.672300
1627305576.809627	0.717400	-0.332200	-0.522700	-0.955400	1.190400	-0.671100
1627305576.817009	0.726400	-0.300900	-0.505100	-0.999700	1.158900	-0.653000
1627305576.840212	0.737200	-0.268400	-0.489400	-1.018700	1.122900	-0.618500
1627305576.841123	0.748800	-0.247100	-0.482300	-1.018400	1.082900	-0.568100
1627305576.844545	0.749500	-0.233200	-0.479200	-1.001600	1.039200	-0.513200
1627305576.855784	0.740700	-0.226900	-0.471800	-0.975600	0.998200	-0.460900
1627305576.875620	0.748800	-0.217200	-0.462200	-0.966100	0.965300	-0.417900
1627305576.878213	0.745800	-0.201000	-0.443000	-0.955100	0.922500	-0.371100
1627305576.893577	0.751300	-0.183000	-0.421600	-0.953900	0.892300	-0.326800
1627305576.897689	0.765400	-0.165600	-0.406000	-0.977100	0.852600	-0.285900
1627305576.921276	0.767200	-0.158600	-0.395600	-0.990600	0.800900	-0.233100
1627305576.922399	0.763500	-0.160900	-0.387600	-0.976500	0.745300	-0.183000
1627305576.924515	0.776500	-0.167000	-0.380600	-0.992400	0.694000	-0.147200
1627305576.939394	0.774800	-0.171500	-0.368900	-1.002200	0.627500	-0.111500
1627305576.941538	0.777000	-0.165600	-0.365200	-1.008900	0.565100	-0.078500
1627305576.961886	0.778700	-0.156200	-0.362800	-1.030300	0.509600	-0.052900
1627305576.963096	0.780500	-0.145600	-0.369000	-1.015300	0.461300	-0.019000
1627305576.978465	0.791500	-0.138400	-0.375200	-1.003700	0.421000	0.012800
1627305576.984067	0.792100	-0.130500	-0.377100	-1.026300	0.384000	0.049100
1627305577.004023	0.792700	-0.129000	-0.378200	-1.044000	0.347400	0.090100
1627305577.005284	0.795000	-0.137900	-0.392900	-1.033300	0.311600	0.135900
1627305577.013312	0.799400	-0.151400	-0.405600	-1.043700	0.282900	0.175000
1627305577.025041	0.805500	-0.160800	-0.416000	-1.058400	0.266100	0.201600
1627305577.025927	0.806200	-0.168800	-0.429300	-1.058100	0.256700	0.222300
1627305577.049866	0.804900	-0.176800	-0.446700	-1.046200	0.256700	0.237600
1627305577.053267	0.806600	-0.181300	-0.456400	-1.050400	0.270700	0.244600
1627305577.063286	0.806500	-0.175000	-0.463400	-1.050700	0.289600	0.246100
1627305577.079284	0.809000	-0.160900	-0.467300	-1.042200	0.317400	0.251000
1627305577.094057	0.813800	-0.145900	-0.466600	-1.019300	0.340700	0.263900
1627305577.094966	0.820400	-0.137500	-0.460100	-0.978700	0.357400	0.283400
1627305577.100842	0.824500	-0.129500	-0.449200	-0.961600	0.370900	0.303900
1627305577.115868	0.827600	-0.121700	-0.437300	-0.966100	0.378800	0.330400
1627305577.131162	0.837400	-0.119300	-0.427900	-0.947800	0.378500	0.356100
1627305577.135065	0.837000	-0.123900	-0.431000	-0.936500	0.373600	0.381800
1627305577.157258	0.836300	-0.126600	-0.429000	-0.941700	0.375500	0.407400
1627305577.158020	0.841700	-0.119800	-0.417200	-0.950300	0.374200	0.425400
1627305577.161909	0.845000	-0.112900	-0.400100	-0.969200	0.360500	0.445600
1627305577.176335	0.845700	-0.110500	-0.393800	-0.979300	0.336700	0.472800
1627305577.196215	0.847900	-0.114300	-0.391100	-0.985100	0.308600	0.499000
1627305577.197065	0.846600	-0.121900	-0.397000	-1.000700	0.281100	0.521000
1627305577.203442	0.849400	-0.119400	-0.401100	-1.015900	0.254800	0.538800
1627305577.215226	0.849200	-0.112500	-0.411300	-1.021700	0.225800	0.562000
1627305577.216155	0.845200	-0.106400	-0.416400	-1.021700	0.205000	0.583700
1627305577.238460	0.845100	-0.102500	-0.422600	-1.025700	0.192200	0.611100
1627305577.242079	0.847300	-0.102700	-0.433800	-1.020800	0.180600	0.638600
1627305577.258818	0.838900	-0.109100	-0.441300	-0.997900	0.171400	0.669200
1627305577.259741	0.840200	-0.114100	-0.442500	-0.994200	0.166200	0.696700
1627305577.283551	0.841800	-0.115600	-0.441400	-1.007700	0.158000	0.727200
1627305577.284391	0.831800	-0.120600	-0.444700	-0.993300	0.144600	0.771200
1627305577.298342	0.829200	-0.134300	-0.450900	-0.968600	0.138100	0.810300
1627305577.321400	0.826000	-0.150300	-0.455900	-0.951500	0.133300	0.850900
1627305577.322552	0.819300	-0.167700	-0.453000	-0.933500	0.125600	0.888200
1627305577.323413	0.813000	-0.186800	-0.444000	-0.911800	0.114300	0.921200
1627305577.338740	0.810700	-0.201700	-0.430700	-0.930400	0.098400	0.948300
1627305577.346371	0.804700	-0.209200	-0.425400	-0.972900	0.074600	0.979200
1627305577.364576	0.806900	-0.214700	-0.429800	-1.009800	0.050500	1.012200
1627305577.365873	0.805700	-0.217700	-0.437500	-1.050400	0.030000	1.033600
1627305577.375777	0.806000	-0.221100	-0.449300	-1.078800	0.013200	1.049100
1627305577.385332	0.801900	-0.224700	-0.457000	-1.081600	0.001000	1.056500
1627305577.401844	0.812000	-0.229500	-0.465600	-1.077600	-0.010900	1.061300
1627305577.402766	0.804200	-0.231000	-0.479200	-1.078200	-0.024300	1.067500
1627305577.415640	0.805500	-0.222200	-0.499100	-1.079800	-0.028900	1.072600
1627305577.431936	0.811400	-0.212600	-0.521600	-1.036700	-0.024000	1.084300
1627305577.443912	0.812600	-0.200900	-0.536300	-1.005200	-0.008500	1.103500
1627305577.444838	0.819000	-0.193200	-0.539900	-0.978000	0.016600	1.131300
1627305577.453331	0.823900	-0.195300	-0.536500	-0.946600	0.036700	1.162400
1627305577.474359	0.817900	-0.208700	-0.534100	-0.923700	0.052600	1.198500
1627305577.485299	0.818400	-0.231200	-0.536500	-0.899600	0.072500	1.223800
1627305577.497792	0.822600	-0.254900	-0.533200	-0.887000	0.091100	1.233000
1627305577.498739	0.816700	-0.271000	-0.524300	-0.891600	0.104200	1.231800
1627305577.513571	0.814500	-0.277700	-0.514300	-0.912400	0.109700	1.223200
1627305577.514690	0.812500	-0.282700	-0.517500	-0.916700	0.113100	1.215000
1627305577.530679	0.814900	-0.291100	-0.525500	-0.896500	0.119200	1.206400
1627305577.533798	0.815600	-0.296500	-0.525800	-0.872700	0.125000	1.202500
1627305577.557190	0.812000	-0.301800	-0.527000	-0.861100	0.127800	1.199400
1627305577.558063	0.803800	-0.300500	-0.528300	-0.851000	0.125900	1.199700
1627305577.563311	0.799800	-0.300500	-0.531500	-0.810700	0.121300	1.209200
1627305577.577534	0.800900	-0.298700	-0.531200	-0.778900	0.117700	1.220800
1627305577.578462	0.805800	-0.294200	-0.529300	-0.780700	0.112800	1.237600
1627305577.599681	0.800900	-0.284700	-0.523300	-0.799700	0.104200	1.264800
1627305577.612758	0.798000	-0.284100	-0.528800	-0.811900	0.097200	1.297100
1627305577.613677	0.794400	-0.298600	-0.555500	-0.807600	0.100900	1.330100
1627305577.620714	0.786400	-0.317900	-0.576500	-0.799100	0.121700	1.361900
1627305577.643216	0.775500	-0.326800	-0.580100	-0.795400	0.146100	1.385700
1627305577.645608	0.768800	-0.336900	-0.579300	-0.777700	0.173900	1.407100
1627305577.660513	0.762300	-0.353100	-0.583400	-0.770000	0.200200	1.426000
1627305577.665115	0.758400	-0.375400	-0.583600	-0.769400	0.226400	1.441900
1627305577.666048	0.758400	-0.404100	-0.585300	-0.761500	0.248700	1.450500
1627305577.688588	0.756800	-0.433100	-0.583400	-0.745900	0.267000	1.449200
1627305577.692347	0.750500	-0.468000	-0.580000	-0.719700	0.282000	1.440400
1627305577.707395	0.750100	-0.502400	-0.579200	-0.677200	0.294200	1.417500
1627305577.710224	0.748800	-0.540800	-0.578100	-0.619200	0.304000	1.378700
1627305577.732711	0.759600	-0.578200	-0.574700	-0.604200	0.319000	1.312100
1627305577.733551	0.776500	-0.617300	-0.568600	-0.609400	0.322000	1.219600
1627305577.750071	0.795700	-0.656200	-0.563200	-0.669900	0.320800	1.098300
1627305577.761031	0.801300	-0.667500	-0.566500	-0.802700	0.314100	0.953800
1627305577.761878	0.829100	-0.674300	-0.596100	-0.966100	0.330600	0.777300
1627305577.774440	0.827100	-0.663100	-0.641800	-1.043700	0.357800	0.641700
1627305577.784039	0.838300	-0.605500	-0.675400	-1.178700	0.427400	0.534200
1627305577.801239	0.855700	-0.506000	-0.694700	-1.320400	0.508600	0.487400
1627305577.802090	0.868800	-0.419300	-0.720300	-1.329000	0.587400	0.524400
1627305577.810724	0.868800	-0.376200	-0.749600	-1.269700	0.664400	0.619100
1627305577.821534	0.857100	-0.379300	-0.749900	-1.213800	0.755700	0.741300
1627305577.822762	0.851700	-0.421400	-0.715200	-1.101100	0.821700	0.847200
1627305577.846047	0.845100	-0.481400	-0.664300	-0.983200	0.843100	0.907700
1627305577.855914	0.838300	-0.537600	-0.621000	-0.945400	0.836100	0.930000
1627305577.863287	0.837400	-0.584600	-0.594600	-0.941100	0.810400	0.914400
1627305577.882752	0.827800	-0.627600	-0.591800	-0.899600	0.771300	0.876300
1627305577.883664	0.819000	-0.668500	-0.601000	-0.844900	0.745000	0.815800
1627305577.889497	0.809700	-0.708600	-0.612800	-0.833900	0.734700	0.712800
1627305577.912192	0.805200	-0.726300	-0.616500	-0.865000	0.743800	0.602000
1627305577.913633	0.800400	-0.725800	-0.621000	-0.902000	0.768000	0.488100
1627305577.929104	0.794300	-0.711500	-0.619800	-0.948400	0.800900	0.376600
1627305577.933939	0.790000	-0.687500	-0.606900	-0.992100	0.840900	0.268100
1627305577.956363	0.797500	-0.663500	-0.589000	-1.024800	0.877000	0.175600
1627305577.957247	0.804300	-0.644300	-0.573700	-1.030600	0.902000	0.101400
1627305577.960721	0.816000	-0.626200	-0.557300	-1.037300	0.925600	0.027800
1627305577.977577	0.821400	-0.610700	-0.536300	-1.014700	0.935600	-0.023500
1627305577.978507	0.831200	-0.597300	-0.517900	-0.982900	0.940800	-0.066600
1627305578.002102	0.838600	-0.584100	-0.499900	-0.979600	0.933200	-0.106900
1627305578.011577	0.842500	-0.569300	-0.485700	-0.977700	0.911500	-0.147200
1627305578.012495	0.842400	-0.562000	-0.477400	-0.928300	0.878800	-0.187600
1627305578.024562	0.856900	-0.555900	-0.464400	-0.882400	0.842200	-0.224800
1627305578.045556	0.873000	-0.516600	-0.450600	-0.898600	0.793000	-0.258700
1627305578.050216	0.902800	-0.477800	-0.456500	-0.864100	0.762100	-0.263900
1627305578.051141	0.936200	-0.451900	-0.485800	-0.782000	0.735900	-0.262100
1627305578.062300	0.936900	-0.437100	-0.494900	-0.698600	0.718800	-0.253500
1627305578.080621	0.942600	-0.441700	-0.490800	-0.528800	0.717200	-0.252600
1627305578.083293	0.926000	-0.460000	-0.503400	-0.498800	0.711800	-0.272500
1627305578.092838	0.916600	-0.469100	-0.495100	-0.488700	0.731600	-0.308500
1627305578.111915	0.915300	-0.481700	-0.456800	-0.377300	0.734700	-0.369900
1627305578.112855	0.903700	-0.497900	-0.412700	-0.332100	0.712700	-0.433400
1627305578.123651	0.909900	-0.504600	-0.371600	-0.424300	0.683300	-0.518300
1627305578.131972	0.911500	-0.497400	-0.349600	-0.556600	0.636000	-0.604200
1627305578.155185	0.885900	-0.482200	-0.345200	-0.653400	0.587100	-0.684200
1627305578.156307	0.890600	-0.456900	-0.346300	-0.721800	0.574300	-0.767300
1627305578.163380	0.888200	-0.404100	-0.344500	-0.820400	0.564800	-0.837500
1627305578.174380	0.879600	-0.340300	-0.330000	-0.909600	0.565100	-0.876600
1627305578.189470	0.867300	-0.292700	-0.313100	-0.923100	0.556000	-0.877200
1627305578.200355	0.857100	-0.261600	-0.288700	-0.931000	0.546800	-0.855900
1627305578.201275	0.852700	-0.240500	-0.265100	-0.946300	0.524800	-0.819500
1627305578.210783	0.850200	-0.229200	-0.238600	-0.946900	0.485100	-0.773700
1627305578.235224	0.840000	-0.223800	-0.214500	-0.965500	0.433800	-0.719000
1627305578.236140	0.829300	-0.221100	-0.215600	-0.987800	0.377300	-0.651800
1627305578.239589	0.827500	-0.225300	-0.236900	-0.992400	0.334200	-0.589500
1627305578.249479	0.822400	-0.238500	-0.261400	-0.964300	0.307100	-0.543700
1627305578.256292	0.812500	-0.250100	-0.285600	-0.914200	0.297900	-0.512200
1627305578.278872	0.804100	-0.249000	-0.298700	-0.851900	0.302500	-0.496400
1627305578.279807	0.800700	-0.237900	-0.304300	-0.814300	0.321400	-0.486900
1627305578.289779	0.798800	-0.219200	-0.303600	-0.782600	0.347700	-0.475900
1627305578.293385	0.795400	-0.198200	-0.303800	-0.721500	0.380700	-0.449300
1627305578.310759	0.804400	-0.186000	-0.303000	-0.625000	0.421900	-0.418200
1627305578.323874	0.822600	-0.171800	-0.301900	-0.563600	0.462800	-0.385500
1627305578.344922	0.835200	-0.151000	-0.286900	-0.525700	0.494300	-0.348800
1627305578.345756	0.844100	-0.136100	-0.281600	-0.482000	0.515100	-0.305200
1627305578.349463	0.844200	-0.138300	-0.286700	-0.431000	0.529700	-0.269400
1627305578.364414	0.858200	-0.144700	-0.288700	-0.386400	0.553500	-0.249900
1627305578.366320	0.873200	-0.141100	-0.281700	-0.405700	0.578000	-0.244100
1627305578.388592	0.882400	-0.133800	-0.264300	-0.395300	0.585000	-0.231500
1627305578.389831	0.883400	-0.131700	-0.244000	-0.371200	0.573400	-0.219300
1627305578.398189	0.885600	-0.144400	-0.226000	-0.320800	0.551700	-0.213200
1627305578.420131	0.891600	-0.169400	-0.210800	-0.260600	0.523300	-0.228800
1627305578.421042	0.895000	-0.186500	-0.199200	-0.233400	0.490000	-0.263300
1627305578.432630	0.902800	-0.177700	-0.178500	-0.210800	0.459200	-0.315200
1627305578.442078	0.896700	-0.128800	-0.154400	-0.166200	0.399000	-0.354600
1627305578.462396	0.904100	-0.086100	-0.148100	-0.099900	0.350100	-0.351900
1627305578.463230	0.903600	-0.052500	-0.154700	-0.041000	0.298800	-0.321000
1627305578.473190	0.901200	-0.029500	-0.163600	0.025900	0.247800	-0.272500
1627305578.476314	0.897200	-0.017600	-0.166600	0.101400	0.203800	-0.217200
1627305578.499560	0.901000	-0.010600	-0.167700	0.154800	0.168700	-0.162800
1627305578.501045	0.901000	-0.011200	-0.168100	0.177400	0.133300	-0.104200
1627305578.516209	0.894400	-0.023400	-0.170000	0.217700	0.089000	-0.042800
1627305578.522554	0.892300	-0.047500	-0.171400	0.259000	0.058400	-0.001600
1627305578.544852	0.895800	-0.080100	-0.170000	0.306900	0.027000	0.020400
1627305578.545697	0.898800	-0.102200	-0.159500	0.347500	-0.007500	0.021700
1627305578.549498	0.906600	-0.106000	-0.148800	0.355200	-0.042700	0.004900
1627305578.560078	0.915800	-0.083400	-0.145600	0.343900	-0.074100	-0.009200
1627305578.560997	0.924200	-0.033700	-0.153800	0.326800	-0.110800	0.003900
1627305578.588482	0.924200	-0.033700	-0.153800	0.326800	-0.110800	0.003900
1627305578.589542	0.918300	0.023600	-0.195900	0.468200	-0.158700	0.137400
1627305578.603370	0.918300	0.023600	-0.195900	0.468200	-0.158700	0.137400
1627305578.622785	0.923100	0.026900	-0.203900	0.542100	-0.154800	0.202200
1627305578.623902	0.914400	0.033100	-0.198600	0.570500	-0.160600	0.270600
1627305578.630937	0.915400	0.029800	-0.193700	0.636200	-0.167300	0.345100
1627305578.642001	0.927400	0.002700	-0.185800	0.734500	-0.192900	0.413800
1627305578.645058	0.938700	-0.052600	-0.181200	0.802300	-0.227100	0.477400
1627305578.668707	0.896400	-0.102800	-0.165900	0.807800	-0.291000	0.515800
1627305578.669551	0.913900	-0.146700	-0.148700	0.835300	-0.331000	0.516500
1627305578.679526	0.916900	-0.194200	-0.137300	0.868000	-0.408300	0.493500
1627305578.688967	0.910300	-0.234600	-0.131600	0.862800	-0.490100	0.452300
1627305578.708376	0.911900	-0.264400	-0.135600	0.814500	-0.556400	0.391500
1627305578.709949	0.910200	-0.281900	-0.148100	0.791900	-0.637000	0.327700
1627305578.727566	0.906200	-0.310700	-0.176600	0.842900	-0.720400	0.249200
1627305578.747659	0.894200	-0.324100	-0.196900	0.831000	-0.791300	0.160900
1627305578.748575	0.884600	-0.320700	-0.212400	0.788300	-0.836800	0.080900
1627305578.749718	0.872300	-0.311900	-0.238000	0.788600	-0.875900	0.011300
1627305578.760767	0.866100	-0.295400	-0.266800	0.778200	-0.895400	-0.048900
1627305578.767712	0.867300	-0.269700	-0.292100	0.733900	-0.901200	-0.092000
1627305578.790848	0.867200	-0.241000	-0.317700	0.689300	-0.901500	-0.111200
1627305578.792435	0.856000	-0.215900	-0.355600	0.678300	-0.894500	-0.102400
1627305578.799598	0.848300	-0.204100	-0.386700	0.691800	-0.873400	-0.079700
1627305578.811591	0.843300	-0.196300	-0.411700	0.701200	-0.835600	-0.055000
1627305578.812509	0.843100	-0.179800	-0.422700	0.718300	-0.794300	-0.024200
1627305578.838413	0.842400	-0.161400	-0.420200	0.757100	-0.753700	0.016500
1627305578.839338	0.845000	-0.149000	-0.416500	0.796800	-0.718300	0.073300
1627305578.850737	0.850200	-0.146400	-0.425700	0.817600	-0.681300	0.143200
1627305578.855040	0.840700	-0.142800	-0.431000	0.810600	-0.635200	0.242200
1627305578.877368	0.831700	-0.140100	-0.433500	0.777000	-0.596100	0.328000
1627305578.878509	0.819300	-0.155800	-0.430700	0.775400	-0.561000	0.411700
1627305578.897856	0.804900	-0.193100	-0.409400	0.760800	-0.540200	0.481900
1627305578.907831	0.807400	-0.248700	-0.384200	0.689000	-0.535600	0.517400
1627305578.908747	0.794100	-0.311900	-0.357300	0.585500	-0.563400	0.524700
1627305578.918463	0.788600	-0.378800	-0.350300	0.494400	-0.599500	0.501500
1627305578.926893	0.797400	-0.454300	-0.366800	0.465100	-0.661200	0.423000
1627305578.948612	0.792600	-0.509300	-0.382100	0.500900	-0.709700	0.329200
1627305578.949455	0.777500	-0.524500	-0.384200	0.519200	-0.759200	0.215900
1627305578.959505	0.789400	-0.508900	-0.371700	0.547000	-0.803500	0.102000
1627305578.970264	0.785800	-0.487800	-0.369300	0.627000	-0.874100	0.011900
1627305578.971181	0.785400	-0.470900	-0.381800	0.671900	-0.943100	-0.063600
1627305578.995013	0.783000	-0.458000	-0.407200	0.689600	-1.012700	-0.128000
1627305578.997189	0.788900	-0.448700	-0.436500	0.735100	-1.076300	-0.198900
1627305579.008120	0.786100	-0.437100	-0.458500	0.760500	-1.125100	-0.250800
1627305579.014193	0.788200	-0.422000	-0.479100	0.769600	-1.155400	-0.292900
1627305579.037649	0.785800	-0.395800	-0.507700	0.765700	-1.183200	-0.317400
1627305579.038525	0.784200	-0.369800	-0.538000	0.787700	-1.198700	-0.320700
1627305579.053133	0.776400	-0.351700	-0.568700	0.819100	-1.197800	-0.307000
1627305579.072891	0.773600	-0.330000	-0.582500	0.765400	-1.174600	-0.283500
1627305579.073818	0.767100	-0.304900	-0.585700	0.607500	-1.145600	-0.262700
1627305579.077092	0.797400	-0.309700	-0.613200	0.531400	-1.106500	-0.257800
1627305579.087232	0.765900	-0.326200	-0.668800	0.436400	-1.074700	-0.219000
1627305579.096810	0.776900	-0.335900	-0.693800	0.370700	-0.988900	-0.212600
1627305579.115077	0.778900	-0.332400	-0.698600	0.371400	-0.923800	-0.210200
1627305579.117158	0.769500	-0.326900	-0.684900	0.371700	-0.866100	-0.186300
1627305579.126873	0.772700	-0.294900	-0.664200	0.274500	-0.802000	-0.149700
1627305579.131626	0.764500	-0.270600	-0.659800	0.222900	-0.749400	-0.084900
1627305579.156221	0.753400	-0.275600	-0.672200	0.297700	-0.710000	-0.015000
1627305579.157114	0.741600	-0.313200	-0.675400	0.415000	-0.668200	0.047000
1627305579.167102	0.739000	-0.366200	-0.659900	0.520100	-0.644100	0.073900
1627305579.169394	0.727200	-0.409200	-0.651900	0.587900	-0.639500	0.063500
1627305579.197729	0.721100	-0.431800	-0.620000	0.671900	-0.642500	0.029600
1627305579.198646	0.723800	-0.440700	-0.588700	0.766600	-0.673400	-0.023900
1627305579.208296	0.712200	-0.446300	-0.586300	0.821300	-0.716800	-0.066900
1627305579.212072	0.709600	-0.452600	-0.592700	0.872000	-0.747300	-0.106900
1627305579.236145	0.704000	-0.462300	-0.599400	0.942500	-0.777800	-0.150300
1627305579.237280	0.695400	-0.471900	-0.593800	1.013100	-0.813900	-0.192800
1627305579.252329	0.683100	-0.477500	-0.582200	1.043900	-0.859100	-0.234000
1627305579.255783	0.668800	-0.485600	-0.580100	1.067400	-0.914100	-0.271300
1627305579.279172	0.658900	-0.493900	-0.615100	1.084200	-0.976400	-0.321700
1627305579.280085	0.651500	-0.491700	-0.649900	1.071100	-1.010600	-0.362300
1627305579.289722	0.648100	-0.478100	-0.671400	1.064700	-1.024600	-0.396200
1627305579.298491	0.636100	-0.464100	-0.682700	1.072900	-1.039600	-0.415700
1627305579.308275	0.625200	-0.457900	-0.694100	1.112600	-1.040200	-0.416000
1627305579.323788	0.631500	-0.460100	-0.705100	1.132800	-1.028000	-0.415700
1627305579.328962	0.620500	-0.473000	-0.713000	1.145900	-1.023700	-0.408400
1627305579.349889	0.613400	-0.491600	-0.724700	1.165800	-1.010000	-0.408400
1627305579.350737	0.604400	-0.505200	-0.723100	1.163600	-1.003900	-0.417300
1627305579.360715	0.598000	-0.507400	-0.718600	1.149900	-0.997800	-0.427600
1627305579.370263	0.595200	-0.505500	-0.715200	1.132800	-0.995300	-0.437100
1627305579.392537	0.594200	-0.498800	-0.707500	1.146500	-0.995900	-0.436800
1627305579.393382	0.590600	-0.498400	-0.724200	1.166100	-0.999600	-0.424600
1627305579.398281	0.587200	-0.498900	-0.740500	1.141700	-0.983700	-0.409900
1627305579.401492	0.585900	-0.499300	-0.753500	1.150800	-0.954100	-0.389500
1627305579.423793	0.578400	-0.507800	-0.755500	1.165800	-0.926300	-0.364700
1627305579.436428	0.577300	-0.527200	-0.757900	1.168200	-0.896000	-0.345200
1627305579.437464	0.578400	-0.556500	-0.752300	1.164900	-0.869500	-0.340600
1627305579.447098	0.573400	-0.576400	-0.740800	1.133100	-0.846300	-0.351300
1627305579.456834	0.571500	-0.581800	-0.730100	1.090600	-0.826700	-0.369600
1627305579.480235	0.569300	-0.576000	-0.728100	1.048800	-0.805900	-0.393400
1627305579.481175	0.570300	-0.566800	-0.728000	1.015500	-0.789100	-0.411100
1627305579.487122	0.567700	-0.571200	-0.734900	1.032600	-0.777500	-0.421800
1627305579.509643	0.564900	-0.578100	-0.733900	1.044500	-0.762900	-0.433400
1627305579.511162	0.561400	-0.587600	-0.724400	1.049100	-0.750700	-0.452100
1627305579.526659	0.567100	-0.595000	-0.715800	1.051600	-0.745200	-0.477100
1627305579.528828	0.570900	-0.605300	-0.705900	1.057000	-0.751900	-0.502500
1627305579.529753	0.574800	-0.608300	-0.700200	1.049100	-0.761700	-0.528700
1627305579.553835	0.575800	-0.607700	-0.700800	1.026500	-0.769600	-0.555600
1627305579.556874	0.569300	-0.613400	-0.713000	1.049400	-0.776600	-0.578200
1627305579.571963	0.565600	-0.625700	-0.722900	1.092800	-0.775400	-0.601700
1627305579.575100	0.569100	-0.633900	-0.716300	1.078400	-0.769300	-0.628000
1627305579.599978	0.566800	-0.636800	-0.703900	1.060700	-0.777200	-0.650300
1627305579.600827	0.566500	-0.644700	-0.699500	1.084200	-0.791900	-0.671100
1627305579.609572	0.556400	-0.658600	-0.705700	1.072300	-0.808100	-0.699200
1627305579.618981	0.552400	-0.663900	-0.709000	1.054900	-0.819700	-0.726700
1627305579.639848	0.545800	-0.670400	-0.715600	1.056100	-0.830100	-0.752300
1627305579.640695	0.536900	-0.675800	-0.725700	1.061900	-0.841400	-0.772200
1627305579.648241	0.533800	-0.693400	-0.731700	1.092800	-0.842600	-0.791700
1627305579.660126	0.533300	-0.714200	-0.733600	1.118700	-0.844700	-0.819200
1627305579.675489	0.535300	-0.735800	-0.734600	1.123300	-0.848100	-0.856800
1627305579.676405	0.532800	-0.751500	-0.742600	1.106800	-0.858800	-0.918800
1627305579.686055	0.541100	-0.756300	-0.766400	1.088200	-0.861500	-0.971900
1627305579.689644	0.548100	-0.761000	-0.790200	1.096500	-0.857900	-1.019300
1627305579.705854	0.550500	-0.766000	-0.812500	1.105900	-0.848700	-1.057700
1627305579.717733	0.545800	-0.768400	-0.829800	1.082100	-0.830400	-1.087700
1627305579.718659	0.537800	-0.766500	-0.848100	1.027100	-0.802300	-1.112700
1627305579.743203	0.529100	-0.761000	-0.874300	0.956900	-0.761700	-1.133200
1627305579.745650	0.516200	-0.765100	-0.917200	0.893900	-0.686800	-1.156700
1627305579.761138	0.511500	-0.780400	-0.955700	0.870100	-0.606800	-1.177800
1627305579.763833	0.511600	-0.796400	-0.976300	0.848100	-0.508100	-1.219300
1627305579.787174	0.510400	-0.796100	-0.979400	0.770900	-0.399100	-1.279200
1627305579.788359	0.506800	-0.785900	-0.980100	0.695400	-0.291000	-1.349700
1627305579.804015	0.507100	-0.773600	-0.986000	0.663700	-0.181600	-1.426400
1627305579.807595	0.504900	-0.750400	-0.977200	0.632200	-0.065000	-1.511600
1627305579.828271	0.507700	-0.714200	-0.942500	0.600400	0.058100	-1.600800
1627305579.829340	0.512500	-0.674400	-0.902300	0.580900	0.138800	-1.665200
1627305579.836733	0.520300	-0.637800	-0.867800	0.553700	0.200200	-1.716000
1627305579.849958	0.527600	-0.599500	-0.834400	0.540300	0.245700	-1.753200
1627305579.869097	0.535500	-0.568000	-0.797200	0.585500	0.274100	-1.779800
1627305579.870316	0.544900	-0.520400	-0.785300	0.481900	0.308300	-1.799300
1627305579.880464	0.558500	-0.454300	-0.762700	0.378100	0.341000	-1.791700
1627305579.890062	0.577900	-0.408900	-0.754800	0.461800	0.366300	-1.758400
1627305579.916483	0.589000	-0.381000	-0.733800	0.450200	0.383700	-1.716300
1627305579.916941	0.601700	-0.356300	-0.699700	0.399100	0.394400	-1.669200
1627305579.918093	0.608800	-0.341300	-0.680900	0.409500	0.392000	-1.617000
1627305579.925326	0.618800	-0.328400	-0.675300	0.402200	0.382200	-1.567200
1627305579.928584	0.628100	-0.310700	-0.667700	0.365900	0.379100	-1.518900
1627305579.952868	0.636100	-0.288200	-0.657500	0.357600	0.375500	-1.461800
1627305579.956604	0.643600	-0.268900	-0.648400	0.339600	0.370600	-1.396800
1627305579.971613	0.651400	-0.257700	-0.641600	0.322200	0.362600	-1.330200
1627305579.975227	0.661000	-0.257100	-0.637100	0.319700	0.354100	-1.261800
1627305579.992770	0.670200	-0.267500	-0.634300	0.313300	0.349500	-1.199500
1627305579.995969	0.675800	-0.278100	-0.635300	0.290400	0.347100	-1.147800
1627305580.005660	0.684900	-0.283100	-0.635400	0.259300	0.351000	-1.110600
1627305580.013982	0.694300	-0.280200	-0.629900	0.207300	0.362000	-1.077900
1627305580.036439	0.706700	-0.268200	-0.625400	0.170100	0.382200	-1.050400
1627305580.037584	0.715500	-0.256600	-0.624900	0.146200	0.402000	-1.023500
1627305580.044563	0.724000	-0.253800	-0.619800	0.130400	0.427400	-0.995700
1627305580.055822	0.730700	-0.255100	-0.612200	0.131300	0.452100	-0.970700
1627305580.075259	0.740500	-0.254900	-0.592700	0.096200	0.474700	-0.956000
1627305580.076174	0.753100	-0.244400	-0.561800	0.029300	0.480800	-0.944700
1627305580.098951	0.761500	-0.237200	-0.534900	-0.009500	0.470800	-0.921800
1627305580.100992	0.769300	-0.224600	-0.536500	-0.097200	0.473800	-0.905000
1627305580.104577	0.778000	-0.202100	-0.545500	-0.204700	0.495800	-0.878800
1627305580.117645	0.774300	-0.188600	-0.554700	-0.218100	0.526400	-0.837200
1627305580.118595	0.772200	-0.186600	-0.558100	-0.194000	0.555100	-0.792600
1627305580.142378	0.783400	-0.183000	-0.549100	-0.226700	0.589000	-0.758100
1627305580.144558	0.781600	-0.157600	-0.527300	-0.283800	0.607000	-0.731200
1627305580.156851	0.782500	-0.122400	-0.500500	-0.296600	0.615800	-0.683300
1627305580.177957	0.788000	-0.101700	-0.490400	-0.286200	0.610000	-0.639600
1627305580.178885	0.797200	-0.092400	-0.487400	-0.300000	0.602700	-0.595600
1627305580.184616	0.798000	-0.079800	-0.477500	-0.316500	0.596000	-0.552300
1627305580.207298	0.796400	-0.070900	-0.454300	-0.296300	0.583200	-0.500300
1627305580.208366	0.798700	-0.076700	-0.431300	-0.242000	0.563300	-0.442300
1627305580.223458	0.798700	-0.102100	-0.407200	-0.172000	0.531200	-0.381200
1627305580.226407	0.794300	-0.131600	-0.389400	-0.086800	0.482400	-0.329000
1627305580.227331	0.793300	-0.140100	-0.366600	-0.020200	0.433500	-0.301800
1627305580.250686	0.799600	-0.133800	-0.347400	0.031100	0.379700	-0.279800
1627305580.254477	0.805300	-0.121200	-0.336100	0.026800	0.320800	-0.252000
1627305580.272941	0.806800	-0.106800	-0.340000	-0.001000	0.262500	-0.211100
1627305580.307529	0.808300	-0.108500	-0.359500	-0.008600	0.214800	-0.160700
1627305580.308432	0.805300	-0.118200	-0.381800	-0.030000	0.179100	-0.106900
1627305580.309425	0.799700	-0.127600	-0.392300	-0.072700	0.151300	-0.064200
1627305580.313788	0.796900	-0.130900	-0.397600	-0.110600	0.135700	-0.034500
1627305580.314593	0.788200	-0.132900	-0.412400	-0.133500	0.122000	-0.008900
1627305580.316751	0.787500	-0.129900	-0.423600	-0.156400	0.126800	0.011900
1627305580.337353	0.793800	-0.125900	-0.426500	-0.164400	0.136900	0.034800
1627305580.347006	0.800500	-0.128900	-0.421400	-0.141500	0.150700	0.059800
1627305580.368975	0.811600	-0.146400	-0.408000	-0.108800	0.160100	0.083700
1627305580.369910	0.817900	-0.164400	-0.393800	-0.106000	0.163800	0.097100
1627305580.379590	0.826900	-0.173800	-0.380900	-0.135400	0.163800	0.096800
1627305580.384585	0.842800	-0.174600	-0.368900	-0.152800	0.157100	0.091300
1627305580.406836	0.856600	-0.170200	-0.361000	-0.182400	0.140600	0.085800
1627305580.407752	0.864700	-0.150300	-0.363000	-0.249000	0.121700	0.085800
1627305580.414817	0.880600	-0.127700	-0.366700	-0.283800	0.103300	0.099800
1627305580.428396	0.896100	-0.117400	-0.375000	-0.244100	0.071300	0.139600
1627305580.430201	0.893900	-0.131000	-0.381300	-0.199200	0.041900	0.183200
1627305580.455140	0.893100	-0.153100	-0.387200	-0.175100	0.020600	0.212900
1627305580.456349	0.885900	-0.179000	-0.394700	-0.150600	0.002200	0.224500
1627305580.465724	0.878400	-0.196700	-0.409500	-0.145100	-0.007800	0.219000
1627305580.473188	0.872100	-0.201000	-0.425300	-0.158900	-0.006000	0.202500
1627305580.493001	0.864900	-0.188400	-0.430100	-0.170200	0.003100	0.189300
1627305580.493922	0.875900	-0.166500	-0.422900	-0.172600	0.023000	0.186000
1627305580.505815	0.876600	-0.151400	-0.413700	-0.177500	0.029100	0.203700
1627305580.513392	0.874900	-0.144500	-0.399000	-0.199800	0.025700	0.230900
1627305580.536201	0.873900	-0.147300	-0.390700	-0.217500	0.012000	0.262000
1627305580.537122	0.871100	-0.154200	-0.389300	-0.227900	-0.012700	0.295000
1627305580.544637	0.859500	-0.167700	-0.387800	-0.223900	-0.044500	0.328900
1627305580.555061	0.851100	-0.190900	-0.390000	-0.200700	-0.081200	0.360400
1627305580.556313	0.835800	-0.219100	-0.400900	-0.187300	-0.126400	0.384200
1627305580.578757	0.826900	-0.240200	-0.409800	-0.174500	-0.154800	0.388500
1627305580.584590	0.825900	-0.265100	-0.429200	-0.138400	-0.171900	0.377800
1627305580.609971	0.827800	-0.281100	-0.443100	-0.140200	-0.181000	0.359800
1627305580.610816	0.825300	-0.286900	-0.451400	-0.155500	-0.188100	0.341400
1627305580.615747	0.816700	-0.284300	-0.457800	-0.168300	-0.192600	0.320400
1627305580.626326	0.816900	-0.278100	-0.465000	-0.206500	-0.189600	0.298700
1627305580.627046	0.812100	-0.265700	-0.474900	-0.261800	-0.181300	0.283700
1627305580.652631	0.820400	-0.249100	-0.482700	-0.302400	-0.164800	0.276400
1627305580.653471	0.835300	-0.233000	-0.488500	-0.326600	-0.145300	0.278200
1627305580.663306	0.853300	-0.218800	-0.491300	-0.347600	-0.125700	0.291400
1627305580.665200	0.864900	-0.212400	-0.486200	-0.355000	-0.116000	0.312700
1627305580.696703	0.868300	-0.211900	-0.476600	-0.361700	-0.115400	0.340200
1627305580.697629	0.868200	-0.217000	-0.466700	-0.363500	-0.122700	0.370500
1627305580.703557	0.865200	-0.231400	-0.463700	-0.357100	-0.139200	0.401900
1627305580.708203	0.860500	-0.240500	-0.462400	-0.365700	-0.154500	0.417200
1627305580.731177	0.860100	-0.249900	-0.462200	-0.365000	-0.168800	0.428500
1627305580.737248	0.853500	-0.258800	-0.465100	-0.362900	-0.184700	0.436400
1627305580.758149	0.844500	-0.264800	-0.468600	-0.383700	-0.196600	0.439500
1627305580.762787	0.836500	-0.265000	-0.476600	-0.402900	-0.209400	0.434300
1627305580.763708	0.826700	-0.259400	-0.487300	-0.419700	-0.226200	0.429100
1627305580.774532	0.819900	-0.248700	-0.499300	-0.428900	-0.241500	0.427600
1627305580.795843	0.810200	-0.233200	-0.510400	-0.452400	-0.255900	0.433400
1627305580.805149	0.794100	-0.222900	-0.525900	-0.456400	-0.269900	0.454100
1627305580.806055	0.785300	-0.221600	-0.549300	-0.423100	-0.273000	0.480100
1627305580.815819	0.781900	-0.227200	-0.569100	-0.407500	-0.265900	0.506100
1627305580.839381	0.777300	-0.230200	-0.577000	-0.408400	-0.251300	0.534500
1627305580.842697	0.766600	-0.231200	-0.581400	-0.405700	-0.235400	0.569600
1627305580.843612	0.764200	-0.232400	-0.590000	-0.404800	-0.217100	0.604100
1627305580.853493	0.762500	-0.235700	-0.601700	-0.403800	-0.195400	0.632500
1627305580.856767	0.756500	-0.246000	-0.609300	-0.381200	-0.171600	0.660600
1627305580.879301	0.760000	-0.260600	-0.611600	-0.351900	-0.141900	0.681700
1627305580.895120	0.768800	-0.273900	-0.606800	-0.362000	-0.108000	0.694800
1627305580.896038	0.768700	-0.279300	-0.597000	-0.395600	-0.088800	0.708300
1627305580.918633	0.758400	-0.290000	-0.586300	-0.403500	-0.076900	0.727200
1627305580.919712	0.757600	-0.308000	-0.584400	-0.416100	-0.070200	0.737900
1627305580.923186	0.755600	-0.320200	-0.589200	-0.468600	-0.066800	0.741600
1627305580.937564	0.756100	-0.326000	-0.591400	-0.508000	-0.060400	0.737000
1627305580.938482	0.765700	-0.332400	-0.596200	-0.511300	-0.051200	0.730900
1627305580.961031	0.769300	-0.335200	-0.599600	-0.525700	-0.043900	0.734800
1627305580.963321	0.775000	-0.337600	-0.600300	-0.565700	-0.044800	0.744300
1627305580.975697	0.764900	-0.335200	-0.612900	-0.611200	-0.057000	0.767200
1627305580.996663	0.769200	-0.334700	-0.632900	-0.659500	-0.037800	0.782800
1627305580.997590	0.750900	-0.352500	-0.679000	-0.572100	-0.023400	0.785500
1627305581.006955	0.733000	-0.382800	-0.722700	-0.539400	0.043200	0.787400
1627305581.013369	0.741300	-0.401500	-0.739500	-0.565400	0.132000	0.756800
1627305581.016439	0.747800	-0.402800	-0.727700	-0.570900	0.221200	0.720800
1627305581.041121	0.758800	-0.407600	-0.700100	-0.570900	0.297600	0.684100
1627305581.044613	0.762000	-0.413000	-0.664800	-0.613100	0.358100	0.648100
1627305581.055819	0.760100	-0.405500	-0.641200	-0.678400	0.395300	0.617600
1627305581.070865	0.765700	-0.388900	-0.613500	-0.722700	0.416700	0.588500
1627305581.084185	0.772800	-0.376500	-0.589200	-0.719000	0.416100	0.573600
1627305581.085098	0.777200	-0.367600	-0.564700	-0.716600	0.402300	0.565600
1627305581.091061	0.777500	-0.362300	-0.545200	-0.728500	0.373600	0.559200
1627305581.103402	0.780600	-0.359100	-0.529300	-0.738000	0.332100	0.555600
1627305581.115772	0.782200	-0.362500	-0.520400	-0.728200	0.270400	0.564100
1627305581.125070	0.781400	-0.361700	-0.522800	-0.750800	0.212700	0.579100
1627305581.147335	0.783400	-0.359100	-0.538200	-0.781000	0.161400	0.594600
1627305581.148558	0.782600	-0.356900	-0.564100	-0.771600	0.122900	0.613000
1627305581.158268	0.775100	-0.357100	-0.594500	-0.755400	0.100900	0.634400
1627305581.165254	0.766400	-0.361800	-0.626600	-0.745000	0.101200	0.655400
1627305581.184968	0.763500	-0.370100	-0.652200	-0.727900	0.122600	0.678300
1627305581.185836	0.756500	-0.383700	-0.665000	-0.710500	0.152800	0.700600
1627305581.192206	0.755500	-0.399900	-0.665800	-0.701900	0.189200	0.713200
1627305581.205104	0.755200	-0.415600	-0.664400	-0.711400	0.225800	0.710700
1627305581.206010	0.757000	-0.426300	-0.658000	-0.728200	0.258200	0.702800
1627305581.232773	0.754400	-0.437300	-0.651500	-0.737700	0.279900	0.694200
1627305581.233608	0.751700	-0.449100	-0.648700	-0.756600	0.303700	0.681100
1627305581.243252	0.745000	-0.471700	-0.644500	-0.791700	0.331500	0.661500
1627305581.248889	0.745400	-0.493400	-0.641100	-0.840300	0.362300	0.632500
1627305581.271282	0.746300	-0.498800	-0.635700	-0.927700	0.387700	0.587600
1627305581.272121	0.744000	-0.489100	-0.627200	-0.998800	0.405400	0.541500
1627305581.284712	0.748400	-0.474200	-0.616600	-1.038800	0.422500	0.498400
1627305581.289053	0.747800	-0.453500	-0.611300	-1.086800	0.432900	0.462400
1627305581.312524	0.747200	-0.431800	-0.607500	-1.147600	0.443600	0.439200
1627305581.316398	0.754200	-0.412200	-0.603300	-1.190900	0.453400	0.422400
1627305581.317336	0.757900	-0.403400	-0.597300	-1.216000	0.455200	0.411700
1627305581.344254	0.754200	-0.406400	-0.588400	-1.250500	0.450300	0.407700
1627305581.345595	0.759300	-0.406200	-0.588000	-1.298100	0.447600	0.400700
1627305581.361133	0.761400	-0.397300	-0.596600	-1.349100	0.443300	0.389100
1627305581.363813	0.755700	-0.380700	-0.598500	-1.381800	0.444800	0.386000
1627305581.383008	0.756200	-0.361600	-0.605500	-1.397400	0.450600	0.384200
1627305581.383926	0.758700	-0.338100	-0.616900	-1.404100	0.461900	0.391500
1627305581.393305	0.755400	-0.321000	-0.620200	-1.381200	0.468900	0.409200
1627305581.408392	0.753900	-0.308200	-0.622300	-1.342100	0.481100	0.433400
1627305581.412430	0.753100	-0.294900	-0.618700	-1.306100	0.494300	0.462100
1627305581.427288	0.759400	-0.277200	-0.621300	-1.287500	0.506800	0.495700
1627305581.430130	0.763900	-0.263900	-0.626700	-1.245600	0.512600	0.536900
1627305581.453402	0.766800	-0.263400	-0.635900	-1.159800	0.517800	0.583700
1627305581.454422	0.763200	-0.269800	-0.637000	-1.084900	0.526400	0.633100
1627305581.464585	0.767000	-0.278700	-0.638700	-1.030000	0.532200	0.670700
1627305581.473962	0.771700	-0.294200	-0.639200	-0.954500	0.536100	0.697600
1627305581.474883	0.763900	-0.311500	-0.633800	-0.901400	0.538600	0.717700
1627305581.500040	0.763100	-0.325200	-0.624900	-0.862000	0.543200	0.730000
1627305581.500889	0.766600	-0.334400	-0.615200	-0.831400	0.545300	0.734500
1627305581.517580	0.770400	-0.340500	-0.603000	-0.821400	0.539800	0.734500
1627305581.536218	0.766400	-0.345000	-0.598600	-0.815600	0.530600	0.731500
1627305581.537289	0.764300	-0.346800	-0.603400	-0.818300	0.524800	0.724100
1627305581.540787	0.756800	-0.348600	-0.604700	-0.823800	0.523900	0.718700
1627305581.554072	0.751700	-0.349000	-0.605100	-0.832700	0.527900	0.710700
1627305581.554985	0.745500	-0.347800	-0.601400	-0.863500	0.530300	0.703700
1627305581.581188	0.740100	-0.342500	-0.601200	-0.914200	0.532500	0.693300
1627305581.583483	0.730100	-0.326200	-0.608500	-0.975300	0.537700	0.676800
1627305581.590809	0.719500	-0.293900	-0.611000	-1.039400	0.544100	0.668900
1627305581.615192	0.712300	-0.264500	-0.614100	-1.066600	0.553500	0.675900
1627305581.616104	0.700900	-0.236900	-0.618400	-1.054400	0.564500	0.693900
1627305581.620928	0.702600	-0.219800	-0.619900	-1.044600	0.585900	0.722900
1627305581.630862	0.722200	-0.210600	-0.608300	-1.027200	0.605800	0.753800
1627305581.634176	0.727800	-0.205900	-0.593900	-1.009800	0.608800	0.799300
1627305581.661078	0.733000	-0.212400	-0.583300	-0.979000	0.602400	0.860100
1627305581.662090	0.739000	-0.227200	-0.568200	-0.934700	0.587100	0.913200
1627305581.672032	0.746500	-0.252000	-0.549900	-0.900200	0.561800	0.959900
1627305581.691819	0.750700	-0.283600	-0.540000	-0.868700	0.516900	1.005100
1627305581.692731	0.755000	-0.326300	-0.539300	-0.829900	0.465600	1.043600
1627305581.710147	0.767700	-0.373700	-0.550900	-0.809800	0.419500	1.059200
1627305581.721967	0.771100	-0.415600	-0.566900	-0.823200	0.380100	1.052500
1627305581.730245	0.778800	-0.447600	-0.588600	-0.833900	0.352000	1.025900
1627305581.731194	0.786100	-0.466700	-0.609500	-0.828400	0.342800	0.989600
1627305581.737280	0.786300	-0.482400	-0.624100	-0.836300	0.343700	0.952000
1627305581.757091	0.788600	-0.486100	-0.621300	-0.875100	0.355300	0.914400
1627305581.772029	0.796000	-0.486800	-0.624500	-0.965200	0.367800	0.879000
1627305581.775097	0.800700	-0.503200	-0.643600	-0.948700	0.373000	0.850600
1627305581.776026	0.806000	-0.521400	-0.649800	-0.962200	0.383100	0.819400
1627305581.798781	0.814000	-0.527200	-0.636400	-1.068500	0.392600	0.779100
1627305581.801017	0.819000	-0.525000	-0.635700	-1.111800	0.384600	0.762900
1627305581.812300	0.833700	-0.545900	-0.653300	-1.081300	0.381600	0.753200
1627305581.820080	0.831800	-0.573000	-0.671000	-1.055900	0.395600	0.728400
1627305581.840745	0.829500	-0.592700	-0.680300	-1.066000	0.427100	0.681100
1627305581.842112	0.824000	-0.602900	-0.682000	-1.038200	0.469500	0.618200
1627305581.856878	0.827800	-0.608400	-0.676100	-1.009500	0.529100	0.538800
1627305581.861549	0.852700	-0.613600	-0.643400	-0.957300	0.581900	0.430600
1627305581.881210	0.817600	-0.617600	-0.619800	-0.881500	0.605800	0.341400
1627305581.882438	0.835300	-0.598800	-0.593100	-0.998200	0.671700	0.233600
1627305581.892341	0.833400	-0.562300	-0.574300	-1.045500	0.714200	0.146600
1627305581.901705	0.830600	-0.533100	-0.551900	-0.989000	0.747800	0.076300
1627305581.923782	0.831500	-0.517200	-0.534500	-0.947800	0.774700	0.010000
1627305581.924630	0.842700	-0.470200	-0.536600	-1.145100	0.809800	-0.066000
1627305581.932282	0.844100	-0.399200	-0.527700	-1.234000	0.836400	-0.109100
1627305581.942662	0.838900	-0.365400	-0.525900	-1.109400	0.840000	-0.108800
1627305581.965026	0.841200	-0.359700	-0.515500	-1.070600	0.846400	-0.095900
1627305581.965868	0.841900	-0.358300	-0.496700	-1.086200	0.845200	-0.084900
1627305581.969534	0.837800	-0.360400	-0.482700	-1.046200	0.834800	-0.074900
1627305581.984755	0.838100	-0.365400	-0.476900	-1.012000	0.822600	-0.078800
1627305581.986673	0.837900	-0.365400	-0.471300	-1.005500	0.810400	-0.094100
1627305582.009612	0.836900	-0.357800	-0.467400	-0.979000	0.798800	-0.111800
1627305582.012218	0.832300	-0.350600	-0.465300	-0.939300	0.795400	-0.128000
1627305582.027526	0.831200	-0.345900	-0.461200	-0.905400	0.798200	-0.145100
1627305582.030128	0.834100	-0.341600	-0.451000	-0.878800	0.806100	-0.161600
1627305582.048631	0.836200	-0.337500	-0.435800	-0.844600	0.810400	-0.177200
1627305582.049479	0.843300	-0.337600	-0.417800	-0.807600	0.812500	-0.195200
1627305582.059504	0.854400	-0.337500	-0.401600	-0.777400	0.804600	-0.218700
1627305582.070476	0.855100	-0.330700	-0.391500	-0.771600	0.793000	-0.238900
1627305582.092700	0.849200	-0.317400	-0.382300	-0.732800	0.787800	-0.253800
1627305582.093539	0.847700	-0.300900	-0.371900	-0.671700	0.784700	-0.262400
1627305582.102352	0.844500	-0.290200	-0.360600	-0.581000	0.774400	-0.260900
1627305582.111685	0.847400	-0.286900	-0.345900	-0.450000	0.763400	-0.264200
1627305582.112607	0.852400	-0.280300	-0.321300	-0.337300	0.742900	-0.271600
1627305582.134893	0.866700	-0.251200	-0.278000	-0.289600	0.713600	-0.286200
1627305582.139580	0.878300	-0.229600	-0.241800	-0.268500	0.662900	-0.291700
1627305582.153361	0.882400	-0.225100	-0.225300	-0.238900	0.603300	-0.286500
1627305582.172037	0.878400	-0.236700	-0.229600	-0.233100	0.538900	-0.284700
1627305582.182792	0.884400	-0.259200	-0.235100	-0.220900	0.488800	-0.302400
1627305582.183725	0.894500	-0.259000	-0.218300	-0.242600	0.426800	-0.332000
1627305582.202247	0.898400	-0.250600	-0.215800	-0.271000	0.359300	-0.358000
1627305582.203821	0.896700	-0.242600	-0.233900	-0.269700	0.280500	-0.382400
1627305582.219502	0.898300	-0.231000	-0.256000	-0.275200	0.242300	-0.398000
1627305582.225166	0.899000	-0.214500	-0.283700	-0.305200	0.227900	-0.409600
1627305582.241128	0.898400	-0.196900	-0.315700	-0.296300	0.234400	-0.410800
1627305582.242294	0.904900	-0.186900	-0.344800	-0.240400	0.254500	-0.409300
1627305582.249543	0.915900	-0.179700	-0.359300	-0.187600	0.287500	-0.414500
1627305582.260179	0.923500	-0.166600	-0.363500	-0.177200	0.323900	-0.419700
1627305582.282604	0.929100	-0.149300	-0.350100	-0.135400	0.364500	-0.421800
1627305582.283468	0.933600	-0.143400	-0.344200	-0.082500	0.400500	-0.417600
1627305582.289695	0.940200	-0.136700	-0.336100	-0.093200	0.434100	-0.416600
1627305582.301710	0.950300	-0.124600	-0.319500	-0.109400	0.466200	-0.418500
1627305582.321297	0.954100	-0.111200	-0.302500	-0.077600	0.492800	-0.412700
1627305582.322335	0.962800	-0.100800	-0.283700	-0.050100	0.519900	-0.406900
1627305582.329490	0.968400	-0.086900	-0.261000	-0.066900	0.541900	-0.395900
1627305582.341618	0.968500	-0.080100	-0.239100	-0.033300	0.555700	-0.373600
1627305582.368686	0.973300	-0.080800	-0.222000	0.024700	0.556000	-0.357100
1627305582.370355	0.970300	-0.085100	-0.200900	0.056100	0.541900	-0.337800
1627305582.385170	0.966600	-0.097900	-0.191800	0.101400	0.513500	-0.326500
1627305582.385853	0.967900	-0.101000	-0.173600	0.193000	0.476300	-0.326200
1627305582.389838	0.957400	-0.101600	-0.154500	0.237600	0.426500	-0.317700
1627305582.402961	0.954600	-0.100300	-0.141600	0.294400	0.358100	-0.312200
1627305582.407449	0.944600	-0.107400	-0.144800	0.378700	0.284800	-0.306100
1627305582.428271	0.947300	-0.118700	-0.150100	0.449500	0.218500	-0.311600
1627305582.430573	0.947500	-0.130600	-0.153100	0.520400	0.155600	-0.327100
1627305582.445722	0.942500	-0.136800	-0.155200	0.579700	0.096600	-0.349400
1627305582.448713	0.943600	-0.133200	-0.160000	0.621200	0.043200	-0.373900
1627305582.469423	0.936800	-0.129000	-0.172200	0.686300	-0.005100	-0.390700
1627305582.470577	0.934300	-0.127200	-0.197600	0.779700	-0.046900	-0.410200
1627305582.483414	0.928600	-0.122200	-0.211900	0.872000	-0.073800	-0.430700
1627305582.491701	0.929100	-0.105700	-0.209100	0.931200	-0.083900	-0.448400
1627305582.509048	0.932300	-0.080000	-0.195900	0.949800	-0.095500	-0.455400
1627305582.509959	0.935500	-0.061400	-0.187300	0.957800	-0.116000	-0.449900
1627305582.520978	0.935500	-0.061400	-0.187300	0.957800	-0.116000	-0.449900
1627305582.523376	0.934000	-0.064500	-0.185500	0.967300	-0.138300	-0.438600
1627305582.549105	0.933100	-0.074700	-0.190600	0.957500	-0.159300	-0.430400
1627305582.550021	0.932300	-0.090000	-0.189300	0.937000	-0.182300	-0.432500
1627305582.562429	0.936300	-0.097900	-0.185400	0.948000	-0.207900	-0.440500
1627305582.582149	0.939300	-0.102700	-0.187400	0.971200	-0.237200	-0.451500
1627305582.588983	0.939000	-0.102200	-0.189500	0.977000	-0.265000	-0.464000
1627305582.598955	0.940300	-0.096800	-0.200600	0.974600	-0.293100	-0.476500
1627305582.599894	0.945900	-0.086500	-0.212300	0.986200	-0.322700	-0.483500
1627305582.603303	0.950400	-0.072900	-0.223300	1.021600	-0.346600	-0.482900
1627305582.628902	0.958400	-0.057100	-0.235700	1.077200	-0.368900	-0.473800
1627305582.629817	0.961300	-0.044400	-0.244400	1.093100	-0.384400	-0.457300
1627305582.640867	0.961900	-0.037000	-0.251300	1.112600	-0.398500	-0.437700
1627305582.650809	0.960900	-0.039800	-0.265500	1.154800	-0.409800	-0.415700
1627305582.666993	0.962000	-0.045900	-0.277800	1.173400	-0.416800	-0.397700
1627305582.681730	0.962000	-0.046800	-0.282700	1.177100	-0.427500	-0.384000
1627305582.682665	0.961500	-0.047400	-0.287500	1.214300	-0.442500	-0.366500
1627305582.697665	0.961800	-0.054300	-0.293300	1.260200	-0.464800	-0.341200
1627305582.698509	0.961200	-0.067500	-0.305300	1.298000	-0.486800	-0.320100
1627305582.710912	0.964400	-0.083500	-0.314500	1.350000	-0.506600	-0.303000
1627305582.726952	0.959600	-0.100000	-0.324000	1.387800	-0.524000	-0.293900
1627305582.738901	0.953700	-0.109100	-0.329700	1.409500	-0.540200	-0.287400
1627305582.739816	0.941400	-0.118300	-0.338500	1.438500	-0.555200	-0.281300
1627305582.747070	0.929300	-0.133200	-0.350600	1.487100	-0.568300	-0.277700
1627305582.765849	0.923600	-0.148800	-0.364500	1.518300	-0.572300	-0.283200
1627305582.768293	0.919200	-0.152300	-0.370500	1.517300	-0.574700	-0.293600
1627305582.783658	0.914100	-0.150800	-0.373200	1.530500	-0.576300	-0.301500
1627305582.807671	0.907200	-0.152200	-0.379600	1.553400	-0.575000	-0.303000
1627305582.808509	0.900400	-0.151100	-0.381600	1.566500	-0.571700	-0.302400
1627305582.809655	0.898400	-0.147900	-0.380200	1.570200	-0.570500	-0.297500
1627305582.825538	0.898400	-0.144300	-0.378200	1.572000	-0.572600	-0.283200
1627305582.830239	0.891500	-0.139600	-0.374100	1.549700	-0.582700	-0.264200
1627305582.851238	0.891100	-0.138700	-0.374500	1.532300	-0.602500	-0.240700
1627305582.852163	0.887900	-0.144700	-0.376600	1.543000	-0.623600	-0.219900
1627305582.862334	0.889800	-0.155200	-0.386800	1.531700	-0.645000	-0.205600
1627305582.869213	0.882200	-0.165800	-0.394400	1.519800	-0.661200	-0.198000
1627305582.890282	0.879000	-0.177700	-0.401600	1.546000	-0.674600	-0.202200
1627305582.891192	0.872600	-0.186400	-0.405300	1.557000	-0.688400	-0.208600
1627305582.899724	0.871100	-0.186800	-0.404700	1.534100	-0.703300	-0.216600
1627305582.910308	0.870000	-0.190600	-0.406200	1.531400	-0.720700	-0.212600
1627305582.932664	0.863400	-0.206800	-0.415900	1.562800	-0.742100	-0.204700
1627305582.933505	0.862100	-0.230000	-0.426300	1.588500	-0.760100	-0.204700
1627305582.940820	0.863800	-0.248000	-0.434400	1.597400	-0.779700	-0.214400
1627305582.950319	0.859600	-0.256800	-0.438600	1.624200	-0.801700	-0.226400
1627305582.967485	0.857700	-0.259600	-0.427700	1.658800	-0.833700	-0.238300
1627305582.968326	0.859300	-0.257600	-0.420700	1.670100	-0.869200	-0.240700
1627305582.978645	0.853600	-0.264800	-0.428800	1.662400	-0.906700	-0.237700
1627305582.988329	0.837900	-0.277600	-0.446400	1.649300	-0.939700	-0.234600
1627305582.998385	0.836500	-0.288200	-0.461900	1.650800	-0.965700	-0.235200
1627305583.013468	0.840200	-0.303800	-0.478900	1.660000	-0.988000	-0.235200
1627305583.019000	0.832800	-0.319600	-0.494900	1.664600	-1.005100	-0.238900
1627305583.041324	0.818400	-0.332800	-0.512200	1.671000	-1.015800	-0.249000
1627305583.042178	0.815800	-0.335300	-0.524000	1.661500	-1.011800	-0.260900
1627305583.046980	0.810800	-0.329700	-0.532200	1.640100	-1.004200	-0.269400
1627305583.071662	0.805100	-0.321300	-0.533200	1.634900	-0.999000	-0.271300
1627305583.072596	0.803800	-0.312700	-0.533400	1.627600	-0.993500	-0.264200
1627305583.083512	0.795700	-0.307300	-0.537200	1.590000	-0.992300	-0.250500
1627305583.085880	0.783900	-0.298800	-0.543300	1.537500	-0.988600	-0.234300
1627305583.097147	0.774900	-0.298700	-0.548700	1.491100	-0.993200	-0.209600
1627305583.107145	0.766800	-0.315400	-0.564300	1.493800	-1.002000	-0.187600
1627305583.116448	0.764200	-0.338300	-0.582900	1.505100	-1.000200	-0.181800
