1627305616.770438	0.621600	-0.080100	-0.827900	0.004200	-0.040700	0.015900
1627305616.774396	0.623400	-0.087800	-0.830900	0.003300	-0.026000	0.013400
1627305616.775030	0.626100	-0.094600	-0.825700	-0.006800	-0.016600	0.007900
1627305616.775664	0.626100	-0.094600	-0.825700	-0.006800	-0.016600	0.007900
1627305616.867174	0.766700	-0.405500	-0.315300	0.416200	-0.204700	-0.614500
1627305616.867576	0.766700	-0.371500	-0.301300	0.429000	-0.276200	-0.685400
1627305616.868882	0.771500	-0.340700	-0.291600	0.449800	-0.351000	-0.731200
1627305616.869325	0.770800	-0.317400	-0.286600	0.491000	-0.430700	-0.752600
1627305616.869748	0.773300	-0.293300	-0.284700	0.522800	-0.531500	-0.756300
1627305616.871516	0.773300	-0.293300	-0.284700	0.522800	-0.531500	-0.756300
1627305616.871917	0.772800	-0.269800	-0.305100	0.572300	-0.714200	-0.730000
1627305616.872319	0.772800	-0.269800	-0.305100	0.572300	-0.714200	-0.730000
1627305616.872754	0.771700	-0.259300	-0.331200	0.596100	-0.809500	-0.701900
1627305616.874839	0.772800	-0.252700	-0.351200	0.601900	-0.882200	-0.671000
1627305616.875241	0.771100	-0.245200	-0.376200	0.575000	-0.941400	-0.639900
1627305616.875642	0.762800	-0.236900	-0.394500	0.560400	-0.993000	-0.597700
1627305616.876086	0.762000	-0.240100	-0.405500	0.570100	-1.034600	-0.551600
1627305616.878588	0.760100	-0.250100	-0.415800	0.574700	-1.065400	-0.511900
1627305616.878989	0.757600	-0.270600	-0.424700	0.601000	-1.094700	-0.480500
1627305616.879438	0.753900	-0.299800	-0.435900	0.641900	-1.117600	-0.465200
1627305616.879841	0.747600	-0.325200	-0.447800	0.659600	-1.141800	-0.465200
1627305616.880241	0.742200	-0.343600	-0.460800	0.679800	-1.167700	-0.481100
1627305616.881933	0.738900	-0.353600	-0.483200	0.715800	-1.192200	-0.506100
1627305616.882336	0.728400	-0.359000	-0.511000	0.750700	-1.200100	-0.534200
1627305616.882738	0.711400	-0.353100	-0.538800	0.732900	-1.194000	-0.555900
1627305616.884509	0.686300	-0.332200	-0.551900	0.727100	-1.172900	-0.569600
1627305616.884911	0.669300	-0.318100	-0.578100	0.804400	-1.153100	-0.576700
1627305616.885357	0.647700	-0.318500	-0.614600	0.876200	-1.134700	-0.584300
1627305616.887420	0.631100	-0.359300	-0.660000	0.989200	-1.128300	-0.610900
1627305616.887857	0.664200	-0.412600	-0.736300	1.028900	-1.121000	-0.659400
1627305616.888262	0.671800	-0.455200	-0.778400	0.835900	-1.092600	-0.736400
1627305616.888709	0.747200	-0.457900	-0.779100	0.616600	-1.034300	-0.860100
1627305616.890768	0.772500	-0.447900	-0.712900	0.540200	-1.009800	-0.999700
1627305616.891203	0.740200	-0.411900	-0.733600	0.413100	-0.997300	-1.116700
1627305616.891605	0.687300	-0.343100	-0.754600	0.256500	-0.997300	-1.224200
1627305616.893286	0.666100	-0.309900	-0.731900	0.294000	-1.008600	-1.279800
1627305616.893708	0.656500	-0.294300	-0.708400	0.353300	-1.046500	-1.318000
1627305616.894110	0.672100	-0.284400	-0.733200	0.446100	-1.103300	-1.362200
1627305616.894548	0.682900	-0.282300	-0.776600	0.571400	-1.129600	-1.405300
1627305616.897051	0.677100	-0.282300	-0.820200	0.655400	-1.136900	-1.445000
1627305616.897455	0.645800	-0.273200	-0.875900	0.695400	-1.117900	-1.492700
1627305616.897857	0.633100	-0.253500	-0.927700	0.687400	-1.070000	-1.516200
1627305616.898375	0.611900	-0.229900	-0.948100	0.637000	-0.995500	-1.521700
1627305616.898776	0.610400	-0.197400	-0.937300	0.620500	-0.892800	-1.515300
1627305616.900872	0.613200	-0.173600	-0.915600	0.643400	-0.807300	-1.495400
1627305616.901273	0.617700	-0.149400	-0.902000	0.630900	-0.738300	-1.464900
1627305616.901717	0.627100	-0.138300	-0.891400	0.677300	-0.660100	-1.421500
1627305616.903809	0.632900	-0.136600	-0.879500	0.719500	-0.598100	-1.383900
1627305616.904210	0.626500	-0.131500	-0.879600	0.670900	-0.549200	-1.342400
1627305616.904617	0.627700	-0.122100	-0.879500	0.672500	-0.494900	-1.296000
1627305616.905063	0.627900	-0.126800	-0.873500	0.717700	-0.437700	-1.257800
1627305616.905467	0.633400	-0.129500	-0.853000	0.707600	-0.399300	-1.225100
1627305616.907561	0.651500	-0.118000	-0.818600	0.719800	-0.371800	-1.199800
1627305616.907963	0.658800	-0.121000	-0.791600	0.856600	-0.371800	-1.182600
1627305616.908404	0.655000	-0.140100	-0.779100	0.956200	-0.388000	-1.174400
1627305616.910065	0.647500	-0.169900	-0.786400	0.992900	-0.414200	-1.173800
1627305616.910468	0.643900	-0.187600	-0.791000	1.007200	-0.435900	-1.186600
1627305616.910903	0.627200	-0.189500	-0.796400	1.003900	-0.446000	-1.189100
1627305616.911305	0.621700	-0.198100	-0.804300	1.061600	-0.439300	-1.213800
1627305616.911707	0.625500	-0.196800	-0.816000	1.024600	-0.429800	-1.239800
1627305616.912153	0.633200	-0.177000	-0.812000	0.993800	-0.431600	-1.260200
1627305616.915115	0.617300	-0.171500	-0.801300	1.063700	-0.446300	-1.281300
1627305616.915611	0.601200	-0.178300	-0.775400	1.112300	-0.477100	-1.310600
1627305616.916025	0.611100	-0.171600	-0.789200	1.042300	-0.512600	-1.314900
1627305616.916428	0.612200	-0.174900	-0.794700	1.013600	-0.539500	-1.332300
1627305616.918538	0.607400	-0.187400	-0.797200	1.021600	-0.566900	-1.354000
1627305616.918986	0.595300	-0.179900	-0.799000	0.943700	-0.593500	-1.373200
1627305616.919389	0.587500	-0.154100	-0.803700	0.930600	-0.618300	-1.390000
1627305616.919791	0.583400	-0.131200	-0.830200	1.012100	-0.637500	-1.398900
1627305616.920225	0.575100	-0.123700	-0.840600	1.060700	-0.641800	-1.399800
1627305616.922735	0.569200	-0.111700	-0.860700	1.040500	-0.647600	-1.391600
1627305616.923136	0.565100	-0.101300	-0.882100	1.046600	-0.644800	-1.380300
1627305616.923571	0.571400	-0.108800	-0.894200	1.065600	-0.639000	-1.373800
1627305616.923974	0.578200	-0.121600	-0.895300	1.047800	-0.635700	-1.372600
1627305616.926066	0.568100	-0.110500	-0.905900	0.980600	-0.636000	-1.372900
1627305616.926467	0.571900	-0.100300	-0.932400	0.977000	-0.633500	-1.376600
1627305616.926868	0.574300	-0.094000	-0.957200	0.979400	-0.616700	-1.374200
1627305616.927314	0.571700	-0.079300	-0.961500	0.929300	-0.592600	-1.366200
1627305616.929402	0.571800	-0.061400	-0.972800	0.940000	-0.562100	-1.358600
1627305616.929821	0.563200	-0.053000	-0.991900	0.984900	-0.518100	-1.344500
1627305616.930225	0.563400	-0.047100	-1.010600	0.976100	-0.450300	-1.321600
1627305616.930662	0.574200	-0.031700	-1.013300	0.937300	-0.391000	-1.298100
1627305616.931070	0.593500	-0.016400	-1.022300	0.895700	-0.339100	-1.267900
1627305616.933587	0.580900	-0.012900	-1.007700	0.899700	-0.284700	-1.240100
1627305616.933988	0.592500	-0.004800	-1.000400	0.842000	-0.254200	-1.218100
1627305616.934388	0.598800	0.004300	-0.997900	0.819100	-0.219700	-1.190900
1627305616.934788	0.609400	0.006200	-0.991700	0.851700	-0.178700	-1.163400
1627305616.935947	0.651700	-0.029400	-0.978500	0.789700	0.681700	-0.366500
1627305616.936348	0.659300	-0.027800	-0.965600	0.769000	0.771800	-0.355800
1627305616.936751	0.664700	-0.029400	-0.945800	0.789400	0.843500	-0.351600
1627305616.937155	0.670800	-0.026500	-0.917100	0.762900	0.907100	-0.345500
1627305616.937555	0.686400	-0.020400	-0.878500	0.728700	0.972400	-0.336900
1627305616.937958	0.697900	-0.016400	-0.862700	0.722600	1.019800	-0.330500
1627305616.938439	0.693400	-0.015300	-0.842200	0.684700	1.066200	-0.316700
1627305616.938845	0.691700	-0.008400	-0.796600	0.639200	1.115100	-0.294500
1627305616.939246	0.695700	0.002400	-0.751200	0.639200	1.142900	-0.270300
1627305616.949503	0.699500	0.011500	-0.713400	0.674000	1.150800	-0.247100
1627305616.950425	0.709200	0.018700	-0.684000	0.697200	1.144700	-0.212900
1627305616.951457	0.713600	0.014000	-0.663800	0.712200	1.131600	-0.179900
1627305616.952958	0.719100	-0.000600	-0.640000	0.717700	1.112300	-0.147500
1627305616.968658	0.721900	-0.020800	-0.617700	0.686200	1.083900	-0.121300
1627305616.990832	0.725100	-0.036600	-0.600300	0.652600	1.054300	-0.106300
1627305616.991744	0.727500	-0.046800	-0.584400	0.622700	1.025300	-0.100200
1627305616.993871	0.735100	-0.053300	-0.564500	0.595200	0.993800	-0.098700
1627305617.006332	0.737500	-0.060100	-0.554000	0.580200	0.960800	-0.098700
1627305617.021358	0.738600	-0.065700	-0.544600	0.546900	0.934600	-0.098700
1627305617.037302	0.742600	-0.068100	-0.529700	0.501100	0.910400	-0.097800
1627305617.049488	0.749900	-0.069000	-0.509800	0.450700	0.886600	-0.092300
1627305617.050403	0.754600	-0.068400	-0.489300	0.420200	0.860600	-0.086100
1627305617.051807	0.759200	-0.065800	-0.468800	0.389600	0.831000	-0.078500
1627305617.061402	0.756000	-0.057600	-0.450400	0.346300	0.795000	-0.064200
1627305617.076431	0.756000	-0.051600	-0.431200	0.322400	0.760500	-0.046100
1627305617.103353	0.760400	-0.045900	-0.418900	0.309300	0.722900	-0.022300
1627305617.104274	0.765400	-0.046300	-0.410000	0.281800	0.681700	0.010100
1627305617.106458	0.774200	-0.047100	-0.405200	0.236000	0.650800	0.038500
1627305617.110041	0.776000	-0.055300	-0.385600	0.206400	0.619700	0.065300
1627305617.148277	0.784900	-0.062900	-0.359300	0.183200	0.571700	0.088000
1627305617.149201	0.787800	-0.067700	-0.352900	0.161500	0.520700	0.104100
1627305617.150027	0.788500	-0.073600	-0.358400	0.140400	0.467900	0.120300
1627305617.151549	0.795200	-0.085700	-0.354600	0.130600	0.399400	0.135000
1627305617.167251	0.800900	-0.099400	-0.353100	0.080200	0.340200	0.142300
1627305617.179609	0.804700	-0.109500	-0.358600	0.029200	0.283100	0.143800
1627305617.180524	0.800900	-0.116600	-0.366300	-0.029100	0.218900	0.139300
1627305617.204512	0.802900	-0.118500	-0.366100	-0.097200	0.172800	0.131000
1627305617.205429	0.803200	-0.113800	-0.362700	-0.142400	0.125200	0.124600
1627305617.232179	0.805800	-0.105100	-0.353100	-0.166900	0.066800	0.117000
1627305617.233100	0.809900	-0.097300	-0.348400	-0.166600	0.017300	0.118800
1627305617.233938	0.808100	-0.092000	-0.351800	-0.149800	-0.032400	0.124600
1627305617.248726	0.805300	-0.091600	-0.368500	-0.163800	-0.088600	0.145400
1627305617.260802	0.806200	-0.098000	-0.377800	-0.182100	-0.131100	0.169500
1627305617.261707	0.809100	-0.110000	-0.384000	-0.200200	-0.165300	0.190900
1627305617.290687	0.809100	-0.128900	-0.388800	-0.231900	-0.207100	0.208600
1627305617.291609	0.810800	-0.140300	-0.395400	-0.247500	-0.242300	0.215600
1627305617.292785	0.816800	-0.147500	-0.408600	-0.272900	-0.274600	0.218100
1627305617.299990	0.827300	-0.152100	-0.421300	-0.319000	-0.306100	0.216800
1627305617.328527	0.835300	-0.164600	-0.425900	-0.333900	-0.333300	0.214700
1627305617.329716	0.839600	-0.178800	-0.429000	-0.368100	-0.358000	0.208900
1627305617.331429	0.845300	-0.186400	-0.437300	-0.417300	-0.390100	0.195200
1627305617.358476	0.844600	-0.188500	-0.447100	-0.433200	-0.423700	0.177100
1627305617.359386	0.839200	-0.188100	-0.462900	-0.443000	-0.455200	0.160300
1627305617.360375	0.839500	-0.180800	-0.486100	-0.461900	-0.482300	0.144200
1627305617.390906	0.829800	-0.173200	-0.512200	-0.490900	-0.495500	0.131300
1627305617.393264	0.829800	-0.163500	-0.538600	-0.551700	-0.492100	0.125200
1627305617.394422	0.836700	-0.152500	-0.551100	-0.622600	-0.470100	0.126400
1627305617.401484	0.838700	-0.144700	-0.570400	-0.710500	-0.444200	0.138700
1627305617.411302	0.813700	-0.128800	-0.560500	-0.829400	-0.420000	0.153900
1627305617.435832	0.814900	-0.120400	-0.531900	-0.890700	-0.411500	0.162500
1627305617.436735	0.813600	-0.119800	-0.516000	-0.886800	-0.428300	0.166800
1627305617.441363	0.803100	-0.119000	-0.505600	-0.907500	-0.460700	0.167700
1627305617.452721	0.800700	-0.112100	-0.516800	-0.894100	-0.510400	0.160900
1627305617.467821	0.798800	-0.098800	-0.558300	-0.843400	-0.561800	0.148400
1627305617.489530	0.797100	-0.089500	-0.593800	-0.822600	-0.596300	0.141400
1627305617.490451	0.785600	-0.075600	-0.628700	-0.804600	-0.621900	0.139900
1627305617.491276	0.773900	-0.060500	-0.662400	-0.777400	-0.629900	0.145100
1627305617.522718	0.758800	-0.047400	-0.692500	-0.760600	-0.617000	0.160300
1627305617.524524	0.748000	-0.034300	-0.723000	-0.760600	-0.588000	0.184500
1627305617.525433	0.738500	-0.037600	-0.731100	-0.733800	-0.543400	0.216500
1627305617.535188	0.732100	-0.049200	-0.728800	-0.721200	-0.510400	0.237000
1627305617.560794	0.729000	-0.059300	-0.732400	-0.748100	-0.484200	0.250400
1627305617.561842	0.723900	-0.057000	-0.739000	-0.769800	-0.452400	0.257200
1627305617.562678	0.721300	-0.046400	-0.730700	-0.775900	-0.430700	0.262400
1627305617.572764	0.726100	-0.032000	-0.714200	-0.779000	-0.420900	0.271800
1627305617.597005	0.726700	-0.015600	-0.701900	-0.746900	-0.420000	0.295000
1627305617.597918	0.725500	-0.011200	-0.709400	-0.722500	-0.417000	0.325300
1627305617.600128	0.718000	-0.016400	-0.708900	-0.706000	-0.412700	0.361300
1627305617.611269	0.718800	-0.036700	-0.722800	-0.684900	-0.402900	0.400100
1627305617.637035	0.703600	-0.058800	-0.733800	-0.694000	-0.401400	0.415700
1627305617.637940	0.703200	-0.075400	-0.748400	-0.717300	-0.406300	0.421200
1627305617.640138	0.694600	-0.080600	-0.760300	-0.795100	-0.414200	0.398000
1627305617.662282	0.721300	-0.084500	-0.786900	-0.789600	-0.402600	0.386100
1627305617.663201	0.695700	-0.080700	-0.806200	-0.849200	-0.384900	0.387300
1627305617.690759	0.687600	-0.065300	-0.811200	-0.897200	-0.366300	0.368600
1627305617.691684	0.700900	-0.055900	-0.789900	-0.876700	-0.345500	0.356700
1627305617.692558	0.698900	-0.053000	-0.766200	-0.831200	-0.341200	0.349700
1627305617.700156	0.697800	-0.050500	-0.759500	-0.793300	-0.344300	0.354600
1627305617.725861	0.680400	-0.055500	-0.759200	-0.745400	-0.354700	0.347000
1627305617.726774	0.702500	-0.060800	-0.753100	-0.699500	-0.364400	0.341200
1627305617.728838	0.701900	-0.066200	-0.756200	-0.685500	-0.375100	0.334700
1627305617.743681	0.692500	-0.059900	-0.765100	-0.671700	-0.387000	0.340800
1627305617.769789	0.687500	-0.067600	-0.784800	-0.605200	-0.387000	0.333800
1627305617.770722	0.702400	-0.076200	-0.801800	-0.592600	-0.385800	0.336000
1627305617.771556	0.705100	-0.071700	-0.804400	-0.676300	-0.387700	0.332900
1627305617.798272	0.696900	-0.051500	-0.794200	-0.670800	-0.392200	0.334700
1627305617.799189	0.695300	-0.042000	-0.779700	-0.660100	-0.407500	0.340800
1627305617.800242	0.707400	-0.046400	-0.785200	-0.571000	-0.428300	0.336300
1627305617.811288	0.707900	-0.049700	-0.808100	-0.567000	-0.444200	0.335700
1627305617.838614	0.694800	-0.047500	-0.823400	-0.596900	-0.455200	0.339000
1627305617.839529	0.698200	-0.041500	-0.827000	-0.574000	-0.460000	0.339600
1627305617.840358	0.705100	-0.042100	-0.843000	-0.573100	-0.459400	0.343000
1627305617.850325	0.693700	-0.034200	-0.850300	-0.596900	-0.457300	0.343300
1627305617.874817	0.695800	-0.030600	-0.859600	-0.575200	-0.441100	0.347000
1627305617.875817	0.696400	-0.030300	-0.862700	-0.577700	-0.425500	0.355500
1627305617.878893	0.690300	-0.029400	-0.862200	-0.601200	-0.412100	0.364400
1627305617.888774	0.681000	-0.024000	-0.849000	-0.584400	-0.387400	0.374100
1627305617.915887	0.675500	-0.015500	-0.850300	-0.578900	-0.376100	0.384800
1627305617.916808	0.668700	0.002800	-0.860500	-0.562100	-0.362300	0.397400
1627305617.918886	0.660600	0.023600	-0.877000	-0.511400	-0.340300	0.423900
1627305617.944516	0.657700	0.030800	-0.878500	-0.494000	-0.327800	0.454500
1627305617.945450	0.657700	0.027600	-0.884600	-0.479300	-0.315300	0.484100
1627305617.976133	0.652700	0.020500	-0.892800	-0.461000	-0.298500	0.515600
1627305617.984466	0.642800	0.017000	-0.907000	-0.470800	-0.278000	0.543000
1627305617.985404	0.635700	0.022100	-0.921500	-0.468600	-0.250500	0.570800
1627305617.986386	0.637700	0.026400	-0.925800	-0.416400	-0.210800	0.603200
1627305617.988831	0.628300	0.024700	-0.922200	-0.401700	-0.176900	0.633100
1627305618.004011	0.619900	0.024400	-0.924600	-0.408800	-0.146700	0.659700
1627305618.027126	0.615700	0.025800	-0.945400	-0.428600	-0.099000	0.697000
1627305618.028227	0.613900	0.028300	-0.957800	-0.444200	-0.047700	0.734900
1627305618.029087	0.609700	0.028800	-0.956300	-0.470500	0.007900	0.771200
1627305618.055921	0.607500	0.039200	-0.947500	-0.521800	0.065300	0.817300
1627305618.056834	0.608800	0.046000	-0.928500	-0.525800	0.118100	0.862800
1627305618.059047	0.609400	0.045400	-0.907600	-0.488800	0.150500	0.900400
1627305618.073945	0.615600	0.038000	-0.891100	-0.459200	0.169800	0.938600
1627305618.088974	0.619400	0.024800	-0.883200	-0.424300	0.180400	0.970700
1627305618.105065	0.621800	0.002400	-0.880200	-0.395000	0.186900	0.991700
1627305618.115749	0.626700	-0.022000	-0.883300	-0.377900	0.192400	1.003300
1627305618.116658	0.626500	-0.044100	-0.886700	-0.366000	0.205200	1.003600
1627305618.118894	0.618900	-0.053100	-0.895900	-0.369100	0.215300	1.001500
1627305618.133832	0.620700	-0.061500	-0.903200	-0.346800	0.231100	0.995100
1627305618.159597	0.630100	-0.070200	-0.908000	-0.289000	0.254400	0.989300
1627305618.160603	0.639200	-0.080100	-0.911300	-0.241700	0.271500	0.986200
1627305618.161729	0.633800	-0.095200	-0.911700	-0.197400	0.295000	0.976100
1627305618.189534	0.648800	-0.105500	-0.928000	-0.198900	0.322500	0.966400
1627305618.190464	0.656600	-0.112800	-0.936900	-0.200200	0.354800	0.957200
1627305618.191285	0.652700	-0.122900	-0.924800	-0.195900	0.384800	0.946200
1627305618.198828	0.645800	-0.136000	-0.924700	-0.215400	0.413200	0.934900
1627305618.213931	0.658300	-0.134300	-0.933500	-0.231000	0.441000	0.928500
1627305618.234623	0.653000	-0.136500	-0.934300	-0.211200	0.477000	0.924500
1627305618.235539	0.648900	-0.144300	-0.927900	-0.196800	0.529900	0.922400
1627305618.237536	0.649300	-0.138300	-0.915000	-0.246600	0.569000	0.930600
1627305618.275910	0.655400	-0.144400	-0.908100	-0.187300	0.610200	0.929100
1627305618.276823	0.661600	-0.169600	-0.911500	-0.152500	0.661200	0.925800
1627305618.277831	0.658300	-0.193000	-0.898600	-0.171800	0.698500	0.912300
1627305618.278975	0.667400	-0.214200	-0.876700	-0.134800	0.726900	0.883300
1627305618.305839	0.672700	-0.229900	-0.863200	-0.142700	0.747900	0.839000
1627305618.306765	0.677100	-0.229500	-0.862800	-0.165000	0.761400	0.803300
1627305618.307593	0.684000	-0.234900	-0.853100	-0.130200	0.776700	0.763600
1627305618.333402	0.686300	-0.240700	-0.840700	-0.150400	0.786100	0.717100
1627305618.334309	0.690900	-0.231700	-0.826700	-0.174800	0.790100	0.678400
1627305618.337728	0.688700	-0.221200	-0.817500	-0.139100	0.794100	0.647500
1627305618.363551	0.685700	-0.210000	-0.812300	-0.124100	0.807500	0.623700
1627305618.364468	0.680200	-0.196700	-0.804300	-0.111000	0.824600	0.614200
1627305618.367718	0.674400	-0.185300	-0.807000	-0.093300	0.850000	0.614500
1627305618.377564	0.672700	-0.174400	-0.807900	-0.105800	0.885100	0.631000
1627305618.407111	0.668900	-0.174300	-0.797400	-0.084100	0.928800	0.653300
1627305618.408019	0.669900	-0.183600	-0.783900	-0.053200	0.964800	0.672200
1627305618.409034	0.672000	-0.197300	-0.763900	-0.065200	0.995600	0.690300
1627305618.436198	0.667800	-0.213000	-0.748300	-0.076800	1.021300	0.701300
1627305618.437108	0.673800	-0.233200	-0.729200	-0.070000	1.039000	0.699700
1627305618.437935	0.677100	-0.257100	-0.705800	-0.096000	1.050900	0.689000
1627305618.452755	0.681600	-0.274800	-0.681800	-0.131400	1.057300	0.667400
1627305618.463996	0.682300	-0.284300	-0.659700	-0.159800	1.056100	0.642900
1627305618.479328	0.687300	-0.279900	-0.639200	-0.181500	1.047300	0.618500
1627305618.495298	0.689500	-0.280900	-0.620700	-0.177300	1.031400	0.591300
1627305618.497196	0.691800	-0.279300	-0.601200	-0.189800	1.015800	0.573900
1627305618.498110	0.697600	-0.275800	-0.572500	-0.199600	0.996000	0.560800
1627305618.512733	0.705100	-0.272800	-0.543500	-0.181200	0.964200	0.547900
1627305618.538298	0.707600	-0.276200	-0.518300	-0.169000	0.929400	0.535700
1627305618.539221	0.717500	-0.278300	-0.500400	-0.178800	0.887200	0.524700
1627305618.540049	0.721800	-0.272200	-0.487700	-0.196500	0.839600	0.513100
1627305618.567296	0.729600	-0.267700	-0.481200	-0.176000	0.800500	0.508500
1627305618.568205	0.734900	-0.274800	-0.463300	-0.128100	0.762600	0.503000
1627305618.569092	0.736100	-0.281500	-0.441500	-0.091700	0.703000	0.497500
1627305618.582609	0.740500	-0.288700	-0.440300	-0.044400	0.650500	0.490500
1627305618.598267	0.744300	-0.306800	-0.448000	0.026200	0.604400	0.478600
1627305618.599187	0.739500	-0.328100	-0.445400	0.004500	0.551200	0.461200
1627305618.629373	0.741800	-0.332000	-0.435100	-0.021200	0.510600	0.444400
1627305618.640860	0.750500	-0.334100	-0.426500	0.006900	0.470300	0.428200
1627305618.641935	0.750400	-0.341300	-0.423600	0.028900	0.419000	0.410800
1627305618.642811	0.754400	-0.350600	-0.425900	0.058800	0.383600	0.394900
1627305618.652905	0.757400	-0.362900	-0.426500	0.096100	0.350300	0.376000
1627305618.679788	0.759800	-0.376800	-0.428100	0.098900	0.317600	0.348500
1627305618.680703	0.764800	-0.381700	-0.427600	0.099200	0.290100	0.322500
1627305618.681530	0.765000	-0.389600	-0.429300	0.105600	0.266600	0.292900
1627305618.695043	0.767200	-0.397100	-0.426600	0.091500	0.239400	0.258700
1627305618.707145	0.771400	-0.398200	-0.417500	0.071100	0.211000	0.227200
1627305618.708051	0.775400	-0.391400	-0.418200	0.058200	0.184100	0.198800
1627305618.733465	0.775600	-0.395500	-0.418800	0.075900	0.156900	0.165200
1627305618.734369	0.778400	-0.405200	-0.420500	0.083300	0.136500	0.135600
1627305618.738882	0.778900	-0.406200	-0.414300	0.052400	0.115400	0.105700
1627305618.751559	0.782800	-0.404300	-0.413600	0.067700	0.091900	0.067800
1627305618.765899	0.782700	-0.407500	-0.422200	0.091500	0.071100	0.029000
1627305618.766803	0.783900	-0.406700	-0.422400	0.068900	0.050000	-0.006100
1627305618.793362	0.782100	-0.402500	-0.417500	0.056100	0.024700	-0.044000
1627305618.794389	0.784400	-0.396000	-0.415200	0.067700	-0.001000	-0.080300
1627305618.796425	0.785200	-0.391000	-0.412100	0.090600	-0.026900	-0.111500
1627305618.806385	0.789200	-0.392500	-0.414400	0.131500	-0.054100	-0.146900
1627305618.814927	0.792800	-0.388700	-0.415800	0.162400	-0.082200	-0.184200
1627305618.836668	0.795400	-0.385500	-0.429600	0.186500	-0.106000	-0.217500
1627305618.838892	0.796400	-0.381600	-0.444500	0.199600	-0.123800	-0.250500
1627305618.845049	0.794900	-0.376300	-0.450000	0.191100	-0.135100	-0.282200
1627305618.869412	0.793700	-0.366600	-0.443400	0.175200	-0.142700	-0.303900
1627305618.870323	0.791400	-0.355100	-0.441500	0.183500	-0.154600	-0.323200
1627305618.875058	0.793000	-0.343800	-0.441000	0.213100	-0.169900	-0.340000
1627305618.898216	0.795500	-0.340000	-0.438600	0.229300	-0.183900	-0.351900
1627305618.899067	0.796800	-0.336300	-0.440100	0.253400	-0.199500	-0.364100
1627305618.906424	0.799100	-0.330600	-0.443100	0.290700	-0.220000	-0.376300
1627305618.919483	0.801900	-0.329300	-0.444100	0.313900	-0.238900	-0.387300
1627305618.943008	0.804700	-0.330900	-0.435800	0.349900	-0.263700	-0.397700
1627305618.943833	0.806500	-0.335700	-0.437900	0.386600	-0.303700	-0.413600
1627305618.946469	0.807000	-0.339500	-0.447100	0.383800	-0.336300	-0.426100
1627305618.953490	0.804400	-0.336300	-0.454200	0.378900	-0.369000	-0.440400
1627305618.970566	0.803600	-0.338000	-0.455700	0.382900	-0.412700	-0.462400
1627305618.976452	0.802600	-0.335600	-0.464200	0.382000	-0.453900	-0.480200
1627305618.984170	0.801500	-0.330100	-0.481800	0.387500	-0.493000	-0.498500
1627305619.007167	0.795300	-0.325300	-0.507300	0.409800	-0.525100	-0.519600
1627305619.007885	0.791500	-0.321200	-0.522100	0.424400	-0.542500	-0.533300
1627305619.021359	0.789200	-0.314200	-0.531000	0.432700	-0.551700	-0.547000
1627305619.025251	0.784400	-0.303700	-0.540800	0.451000	-0.554100	-0.556800
1627305619.048491	0.781700	-0.293500	-0.552000	0.473000	-0.549800	-0.561700
1627305619.049391	0.778900	-0.289700	-0.559000	0.506300	-0.541600	-0.561700
1627305619.059049	0.782300	-0.293800	-0.570600	0.527700	-0.530000	-0.557400
1627305619.065111	0.791100	-0.300000	-0.575700	0.535300	-0.518100	-0.553800
1627305619.084892	0.795000	-0.316900	-0.578600	0.548800	-0.503400	-0.558000
1627305619.100727	0.799900	-0.337000	-0.574100	0.544500	-0.490300	-0.573300
1627305619.101649	0.802500	-0.346800	-0.571900	0.521300	-0.482600	-0.594400
1627305619.103943	0.803000	-0.349200	-0.572500	0.528000	-0.475300	-0.621900
1627305619.127664	0.796800	-0.353800	-0.575600	0.534700	-0.469800	-0.651200
1627305619.139628	0.786300	-0.348900	-0.573400	0.524900	-0.466800	-0.681400
1627305619.148284	0.777100	-0.336300	-0.570800	0.528000	-0.471700	-0.705000
1627305619.149217	0.769900	-0.318000	-0.576700	0.552700	-0.480500	-0.726300
1627305619.167707	0.763900	-0.302400	-0.596600	0.576900	-0.489400	-0.741300
1627305619.169201	0.755600	-0.290800	-0.609400	0.596400	-0.497600	-0.752900
1627305619.184481	0.750700	-0.280400	-0.617600	0.607100	-0.507400	-0.766000
1627305619.187176	0.750900	-0.266400	-0.630400	0.588500	-0.523000	-0.781300
1627305619.210249	0.752200	-0.255400	-0.644700	0.582700	-0.535800	-0.794700
1627305619.211369	0.752600	-0.246100	-0.646700	0.582400	-0.545900	-0.809700
1627305619.226343	0.747400	-0.234600	-0.650100	0.583000	-0.555000	-0.825000
1627305619.230745	0.738200	-0.224600	-0.661900	0.612300	-0.556000	-0.835100
1627305619.231659	0.732100	-0.212200	-0.678500	0.628500	-0.542800	-0.843000
1627305619.254349	0.726100	-0.198100	-0.681500	0.641900	-0.514400	-0.845500
1627305619.256549	0.718100	-0.187400	-0.662100	0.690200	-0.490000	-0.846700
1627305619.267701	0.719000	-0.176500	-0.649800	0.746700	-0.473800	-0.842100
1627305619.273728	0.716300	-0.164700	-0.647800	0.795200	-0.461600	-0.831700
1627305619.295486	0.709700	-0.165000	-0.642900	0.849900	-0.457000	-0.822500
1627305619.296313	0.714000	-0.176100	-0.634000	0.875600	-0.462800	-0.815800
1627305619.302733	0.713700	-0.194000	-0.616900	0.857900	-0.482600	-0.819200
1627305619.315061	0.710800	-0.207300	-0.605000	0.846900	-0.509500	-0.834800
1627305619.330328	0.708100	-0.220900	-0.599100	0.846900	-0.543700	-0.857100
1627305619.334679	0.711300	-0.229600	-0.604200	0.812300	-0.588600	-0.890000
1627305619.355710	0.709500	-0.229600	-0.609600	0.799200	-0.619500	-0.916300
1627305619.356549	0.705900	-0.231800	-0.608800	0.821200	-0.646400	-0.942900
1627305619.366450	0.710000	-0.232100	-0.612100	0.845000	-0.674500	-0.969800
1627305619.373674	0.703100	-0.222700	-0.618300	0.863000	-0.697100	-0.987200
1627305619.396559	0.700600	-0.211400	-0.627900	0.875300	-0.716600	-0.997900
1627305619.397344	0.711500	-0.204200	-0.641000	0.911600	-0.741000	-1.004000
1627305619.413466	0.719700	-0.209400	-0.649200	0.929900	-0.764900	-1.005200
1627305619.416976	0.731900	-0.216200	-0.656700	0.908300	-0.794800	-1.005500
1627305619.417896	0.743400	-0.229100	-0.673600	0.898500	-0.826300	-1.006400
1627305619.446618	0.751600	-0.246300	-0.689300	0.872500	-0.845800	-1.009800
1627305619.447705	0.747900	-0.256600	-0.702800	0.834900	-0.857400	-1.017100
1627305619.456343	0.733300	-0.259600	-0.714700	0.767100	-0.862000	-1.026900
1627305619.463442	0.719000	-0.247600	-0.720900	0.739300	-0.858600	-1.036700
1627305619.485451	0.708100	-0.233600	-0.724100	0.773900	-0.855600	-1.048900
1627305619.486277	0.708100	-0.233600	-0.724100	0.773900	-0.855600	-1.048900
1627305619.495038	0.700400	-0.215800	-0.731600	0.827900	-0.858900	-1.060200
1627305619.505962	0.694800	-0.205000	-0.744400	0.904000	-0.876700	-1.077000
1627305619.525468	0.695200	-0.198900	-0.769700	0.988000	-0.902900	-1.096200
1627305619.526384	0.684900	-0.201000	-0.809900	1.030700	-0.932200	-1.117900
1627305619.536444	0.676500	-0.200700	-0.856300	1.027100	-0.954500	-1.142300
1627305619.546007	0.676000	-0.199000	-0.904500	1.026800	-0.960600	-1.163400
1627305619.546905	0.671600	-0.194300	-0.952400	1.007200	-0.944200	-1.185400
1627305619.576777	0.663000	-0.175500	-0.993000	0.975100	-0.900200	-1.206500
1627305619.578848	0.656000	-0.153900	-1.030300	0.977600	-0.839100	-1.217500
1627305619.591008	0.645400	-0.128900	-1.062500	0.971200	-0.748400	-1.213500
1627305619.591924	0.638300	-0.097500	-1.085400	0.942500	-0.626200	-1.195800
1627305619.615461	0.634400	-0.072500	-1.097200	0.933300	-0.512300	-1.167400
1627305619.616554	0.634300	-0.048200	-1.093400	0.921400	-0.384900	-1.124600
1627305619.635883	0.636100	-0.023100	-1.076400	0.911300	-0.242000	-1.066000
1627305619.644707	0.644200	-0.010000	-1.066200	0.928700	-0.123200	-1.007600
1627305619.645623	0.649400	-0.009900	-1.044300	0.951300	-0.003400	-0.949600
1627305619.655191	0.658900	-0.007800	-1.012900	0.935400	0.137100	-0.866500
1627305619.666416	0.663300	-0.010400	-0.977100	0.926600	0.237300	-0.801200
1627305619.687094	0.674600	-0.017500	-0.937900	0.954400	0.319100	-0.740400
1627305619.688011	0.686600	-0.028800	-0.895300	0.949500	0.387200	-0.675600
1627305619.695207	0.699200	-0.037600	-0.871500	0.921100	0.416500	-0.634100
1627305619.703895	0.712600	-0.047600	-0.841100	0.912800	0.419600	-0.598100
1627305619.707098	0.722400	-0.065200	-0.811000	0.891500	0.396700	-0.558600
1627305619.734187	0.731800	-0.086500	-0.794800	0.877100	0.361000	-0.533300
1627305619.735375	0.737400	-0.108000	-0.782200	0.867900	0.319700	-0.518600
1627305619.747731	0.737700	-0.134000	-0.771600	0.886300	0.272100	-0.517700
1627305619.752413	0.738200	-0.153000	-0.782800	0.914100	0.243400	-0.530500
1627305619.764366	0.737700	-0.163100	-0.805700	0.929600	0.232700	-0.550700
1627305619.775362	0.730600	-0.166400	-0.834000	0.929600	0.246100	-0.579100
1627305619.781526	0.730300	-0.158200	-0.851000	0.904900	0.274200	-0.599000
1627305619.805828	0.731400	-0.143600	-0.852500	0.870100	0.306000	-0.612700
1627305619.806744	0.727300	-0.117900	-0.842000	0.851100	0.345400	-0.619700
1627305619.813986	0.728400	-0.090700	-0.837800	0.826400	0.379600	-0.615200
1627305619.826499	0.727200	-0.062500	-0.831400	0.812700	0.407700	-0.599900
1627305619.847259	0.725100	-0.039100	-0.814600	0.824300	0.435200	-0.570300
1627305619.848183	0.724100	-0.023200	-0.795500	0.842000	0.455600	-0.536000
1627305619.853980	0.727700	-0.016000	-0.783700	0.853000	0.472400	-0.500300
1627305619.863888	0.728900	-0.009800	-0.769700	0.860900	0.490500	-0.458200
1627305619.868398	0.730300	-0.008100	-0.760500	0.877700	0.510600	-0.416300
1627305619.891723	0.735500	-0.009500	-0.745600	0.885700	0.527400	-0.380300
1627305619.893840	0.736200	-0.016700	-0.731900	0.879800	0.546400	-0.344200
1627305619.903947	0.738300	-0.018200	-0.714400	0.852100	0.563800	-0.309700
1627305619.910805	0.739600	-0.014800	-0.689900	0.811700	0.573800	-0.280400
1627305619.930456	0.743700	-0.014500	-0.663600	0.798300	0.573500	-0.250500
1627305619.932923	0.743400	-0.017900	-0.638400	0.787600	0.566800	-0.216300
1627305619.947728	0.746700	-0.017900	-0.618200	0.743300	0.554900	-0.186300
1627305619.960178	0.753500	-0.018100	-0.601300	0.712500	0.537500	-0.156700
1627305619.973408	0.759800	-0.026200	-0.581700	0.708200	0.515800	-0.123400
1627305619.974310	0.762700	-0.038000	-0.565300	0.671200	0.490200	-0.101100
1627305619.977847	0.764000	-0.048100	-0.550300	0.621100	0.465100	-0.078800
1627305620.001340	0.763300	-0.053600	-0.533300	0.580500	0.431500	-0.057400
1627305620.014590	0.767700	-0.057900	-0.521600	0.541700	0.401900	-0.040000
1627305620.015503	0.769400	-0.057700	-0.513700	0.496800	0.367700	-0.019300
1627305620.018963	0.768100	-0.064800	-0.507100	0.442800	0.325500	0.007600
1627305620.041701	0.769500	-0.069200	-0.501500	0.400600	0.291300	0.029000
1627305620.042873	0.769300	-0.071500	-0.494900	0.352100	0.258900	0.049800
1627305620.052965	0.767200	-0.069200	-0.486600	0.304100	0.223800	0.075100
1627305620.063426	0.767800	-0.072300	-0.488200	0.289100	0.198200	0.093400
1627305620.086366	0.767700	-0.080200	-0.480100	0.284600	0.177100	0.112100
1627305620.087450	0.772600	-0.091100	-0.476600	0.257700	0.153900	0.129800
1627305620.102926	0.777000	-0.100700	-0.477100	0.235100	0.137700	0.142600
1627305620.108334	0.779200	-0.108400	-0.481400	0.207900	0.127900	0.150900
1627305620.109345	0.779200	-0.117700	-0.477800	0.158700	0.117200	0.156100
1627305620.133004	0.777000	-0.121000	-0.471200	0.101600	0.105000	0.161900
1627305620.133830	0.780600	-0.120800	-0.463500	0.055800	0.089400	0.165500
1627305620.144015	0.779800	-0.116600	-0.456400	0.006900	0.062200	0.176500
1627305620.153538	0.778000	-0.113500	-0.454300	-0.034900	0.031400	0.190900
1627305620.173278	0.779100	-0.121700	-0.452000	-0.062400	-0.000700	0.205800
1627305620.174183	0.779100	-0.134300	-0.452100	-0.100600	-0.040700	0.220800
1627305620.183163	0.782000	-0.151000	-0.458400	-0.133300	-0.080100	0.230600
1627305620.204979	0.785400	-0.166500	-0.473400	-0.164400	-0.108500	0.233600
1627305620.217049	0.780300	-0.180500	-0.490000	-0.196800	-0.130800	0.232100
1627305620.217751	0.779200	-0.189900	-0.498400	-0.206900	-0.150000	0.222000
1627305620.222783	0.782300	-0.196400	-0.503400	-0.228000	-0.166800	0.211700
1627305620.246024	0.783600	-0.195700	-0.510300	-0.242900	-0.186100	0.201300
1627305620.246933	0.779900	-0.198700	-0.525800	-0.227700	-0.200100	0.191800
1627305620.253025	0.782000	-0.206800	-0.542700	-0.229800	-0.205900	0.183200
1627305620.262776	0.783700	-0.218500	-0.556200	-0.266400	-0.207100	0.173200
1627305620.266030	0.785200	-0.225700	-0.566900	-0.297000	-0.205900	0.161600
1627305620.296717	0.786700	-0.228300	-0.578600	-0.319300	-0.203200	0.145700
1627305620.297550	0.785800	-0.226400	-0.592500	-0.345200	-0.195200	0.134100
1627305620.300005	0.782700	-0.217000	-0.599600	-0.387100	-0.181800	0.121900
1627305620.324595	0.787600	-0.210400	-0.600200	-0.402700	-0.168700	0.117300
1627305620.325496	0.783600	-0.201700	-0.604700	-0.421600	-0.160400	0.118200
1627305620.335257	0.786300	-0.188600	-0.604100	-0.479000	-0.147000	0.126700
1627305620.342662	0.788300	-0.177400	-0.598400	-0.487300	-0.133500	0.141400
1627305620.362522	0.792000	-0.168300	-0.589000	-0.513200	-0.126800	0.159100
1627305620.363422	0.794600	-0.158900	-0.582400	-0.549300	-0.129900	0.187800
1627305620.371582	0.798500	-0.156400	-0.576900	-0.556600	-0.140000	0.208300
1627305620.381645	0.801500	-0.155400	-0.573200	-0.579800	-0.157100	0.226000
1627305620.402426	0.797600	-0.149300	-0.568000	-0.606100	-0.190300	0.244600
1627305620.403330	0.793000	-0.149800	-0.574300	-0.596900	-0.218400	0.253500
1627305620.416566	0.791700	-0.153300	-0.587300	-0.599700	-0.240700	0.259000
1627305620.420132	0.787800	-0.151000	-0.608200	-0.629600	-0.257800	0.264500
1627305620.442683	0.784800	-0.145500	-0.622200	-0.646100	-0.264000	0.271800
1627305620.453378	0.778000	-0.139500	-0.635600	-0.673600	-0.263000	0.279800
1627305620.454283	0.780500	-0.132200	-0.650000	-0.705300	-0.258800	0.294400
1627305620.462847	0.780800	-0.124500	-0.658000	-0.721500	-0.254500	0.307300
1627305620.484618	0.774300	-0.119500	-0.669400	-0.715700	-0.250800	0.320400
1627305620.485519	0.766000	-0.116600	-0.696000	-0.709900	-0.240100	0.338400
1627305620.492915	0.763200	-0.111200	-0.716100	-0.726100	-0.218400	0.357600
1627305620.501486	0.759400	-0.107900	-0.723900	-0.737100	-0.191600	0.376900
1627305620.505874	0.755600	-0.107100	-0.730800	-0.748400	-0.155500	0.401900
1627305620.531697	0.754600	-0.107700	-0.727900	-0.767300	-0.122800	0.431000
1627305620.532804	0.748900	-0.113500	-0.724100	-0.773800	-0.095400	0.452300
1627305620.545308	0.743400	-0.118800	-0.724000	-0.779000	-0.071800	0.474000
1627305620.550954	0.738400	-0.119100	-0.721700	-0.803100	-0.053800	0.489600
1627305620.572352	0.731600	-0.119600	-0.716100	-0.815900	-0.044400	0.503600
1627305620.573247	0.721700	-0.112500	-0.710000	-0.830900	-0.036700	0.519500
1627305620.587784	0.713500	-0.103000	-0.706200	-0.848300	-0.032100	0.540600
1627305620.602670	0.712400	-0.094200	-0.697600	-0.846500	-0.028200	0.564700
1627305620.604027	0.712600	-0.094200	-0.687100	-0.829400	-0.026600	0.591300
1627305620.620722	0.712300	-0.101600	-0.682500	-0.829000	-0.027900	0.617000
1627305620.630688	0.705900	-0.109400	-0.679900	-0.854400	-0.031500	0.632500
1627305620.631448	0.707600	-0.113400	-0.674100	-0.895300	-0.042200	0.642000
1627305620.641672	0.703200	-0.113200	-0.672600	-0.944500	-0.066000	0.639600
1627305620.649058	0.697000	-0.108300	-0.690100	-0.987900	-0.092600	0.631300
1627305620.670799	0.688500	-0.103800	-0.705300	-1.050800	-0.112500	0.620900
1627305620.671698	0.682700	-0.090100	-0.697000	-1.121000	-0.132900	0.617600
1627305620.682882	0.681500	-0.077000	-0.692900	-1.137500	-0.150600	0.619700
1627305620.686482	0.681800	-0.070200	-0.691900	-1.135100	-0.167700	0.631000
1627305620.711120	0.676400	-0.073100	-0.703200	-1.158900	-0.187300	0.657300
1627305620.712025	0.676500	-0.082200	-0.721400	-1.195600	-0.197100	0.682600
1627305620.721393	0.677400	-0.094600	-0.740500	-1.251800	-0.198600	0.703700
1627305620.730119	0.681600	-0.100800	-0.736600	-1.366600	-0.196800	0.720500
1627305620.754855	0.684600	-0.097200	-0.722000	-1.422500	-0.200100	0.731500
1627305620.763217	0.674000	-0.090100	-0.705400	-1.443900	-0.206800	0.733900
1627305620.764159	0.676100	-0.074300	-0.694200	-1.479300	-0.229700	0.745900
1627305620.774083	0.678600	-0.055500	-0.688100	-1.509900	-0.253300	0.762000
1627305620.774981	0.680500	-0.043300	-0.684700	-1.488800	-0.280500	0.781900
1627305620.799243	0.683100	-0.034700	-0.680400	-1.443000	-0.320200	0.803000
1627305620.801450	0.685500	-0.028900	-0.687300	-1.412400	-0.362600	0.820700
1627305620.816462	0.681400	-0.025400	-0.717000	-1.346500	-0.399600	0.835000
1627305620.819551	0.677600	-0.033200	-0.753200	-1.289600	-0.424900	0.847300
1627305620.841901	0.674800	-0.036900	-0.776900	-1.288700	-0.439900	0.856400
1627305620.842862	0.668600	-0.036700	-0.800900	-1.284400	-0.444500	0.855500
1627305620.853127	0.653200	-0.030500	-0.832200	-1.284400	-0.443600	0.859500
1627305620.863250	0.643700	-0.023700	-0.851700	-1.288400	-0.435000	0.866200
1627305620.886336	0.637900	-0.015700	-0.864000	-1.278300	-0.424000	0.882400
1627305620.887704	0.633700	-0.011500	-0.883700	-1.231300	-0.411200	0.906200
1627305620.903141	0.627600	-0.015100	-0.904700	-1.186400	-0.392200	0.935800
1627305620.905585	0.621700	-0.028800	-0.919800	-1.162600	-0.373900	0.961500
1627305620.906465	0.621800	-0.048300	-0.935900	-1.144300	-0.351000	0.985300
1627305620.928959	0.613800	-0.071000	-0.951200	-1.131700	-0.328400	1.002400
1627305620.931241	0.611100	-0.086900	-0.953500	-1.140900	-0.309800	1.007300
1627305620.949559	0.600100	-0.093800	-0.949800	-1.148500	-0.295100	1.009700
1627305620.950439	0.592500	-0.094600	-0.953100	-1.108200	-0.279800	1.007300
1627305620.974260	0.584200	-0.098400	-0.963700	-1.067000	-0.262700	1.006400
1627305620.976223	0.574700	-0.102100	-0.978300	-1.049000	-0.238000	1.005800
1627305620.981204	0.574000	-0.103100	-0.990500	-0.993400	-0.201000	1.003000
1627305621.002711	0.579000	-0.110200	-1.001300	-0.946600	-0.163200	1.001200
1627305621.011010	0.580800	-0.111600	-1.011400	-0.927700	-0.111500	0.998100
1627305621.011923	0.588600	-0.108900	-1.015600	-0.914900	-0.039800	0.996600
1627305621.021365	0.589000	-0.100800	-1.006100	-0.922200	0.025300	1.000000
1627305621.023912	0.593500	-0.086400	-0.992600	-0.941800	0.085200	1.009400
1627305621.048172	0.600800	-0.072500	-0.968000	-0.950300	0.149000	1.027500
1627305621.050229	0.608200	-0.066000	-0.942100	-0.929200	0.186300	1.047900
1627305621.061591	0.615500	-0.064000	-0.916900	-0.929200	0.208500	1.068400
1627305621.069905	0.630100	-0.060700	-0.909200	-0.928900	0.220200	1.095900
1627305621.091826	0.639600	-0.065100	-0.893400	-0.894700	0.223800	1.109600
1627305621.093887	0.640300	-0.076400	-0.873900	-0.847100	0.213700	1.117000
1627305621.101573	0.654800	-0.083500	-0.874000	-0.807100	0.190200	1.113600
1627305621.110901	0.662000	-0.087600	-0.882400	-0.755700	0.172200	1.104400
1627305621.135472	0.665300	-0.094700	-0.887800	-0.694700	0.159400	1.092800
1627305621.136645	0.664900	-0.102400	-0.895900	-0.656800	0.154500	1.078200
1627305621.140278	0.666400	-0.101900	-0.902000	-0.618000	0.159400	1.069000
1627305621.154542	0.662400	-0.105600	-0.913600	-0.570300	0.179200	1.063500
1627305621.155446	0.658200	-0.111600	-0.922400	-0.527000	0.216200	1.060800
1627305621.179196	0.652800	-0.118200	-0.932500	-0.515400	0.255000	1.056800
1627305621.180022	0.648700	-0.126100	-0.940800	-0.503500	0.295000	1.053400
1627305621.191410	0.641500	-0.137300	-0.944800	-0.513200	0.347500	1.042400
1627305621.198599	0.635900	-0.142600	-0.937500	-0.546200	0.391800	1.031700
1627305621.218001	0.629400	-0.141400	-0.925700	-0.550800	0.431200	1.018900
1627305621.220240	0.620200	-0.139000	-0.927100	-0.538000	0.476700	1.009700
1627305621.235239	0.611600	-0.135900	-0.925800	-0.541300	0.526200	1.003300
1627305621.237050	0.610500	-0.134900	-0.920800	-0.530300	0.572300	1.002700
1627305621.259574	0.598500	-0.143700	-0.895600	-0.480900	0.614500	0.999700
1627305621.260464	0.599400	-0.155500	-0.885400	-0.448500	0.653000	0.995400
1627305621.275527	0.600600	-0.167600	-0.878100	-0.446300	0.692400	0.993600
1627305621.289997	0.598600	-0.186400	-0.864500	-0.412400	0.747600	0.985000
1627305621.302310	0.604400	-0.205000	-0.842200	-0.407900	0.806300	0.971900
1627305621.303224	0.609900	-0.211900	-0.806800	-0.440500	0.851800	0.954800
1627305621.305246	0.618700	-0.207800	-0.761100	-0.436300	0.879900	0.931300
1627305621.329071	0.629000	-0.200200	-0.720700	-0.405700	0.880500	0.905600
1627305621.329919	0.636000	-0.203000	-0.686400	-0.382200	0.858500	0.885700
1627305621.344980	0.647700	-0.208100	-0.658000	-0.356500	0.812400	0.866200
1627305621.348046	0.660400	-0.227300	-0.645800	-0.317400	0.741500	0.836900
1627305621.368320	0.673200	-0.247600	-0.650000	-0.298200	0.672800	0.805100
1627305621.374767	0.680200	-0.264500	-0.657100	-0.320500	0.600400	0.762700
1627305621.375749	0.681400	-0.277100	-0.673800	-0.338500	0.528600	0.706100
1627305621.400569	0.689100	-0.283900	-0.687700	-0.346200	0.477900	0.652400
1627305621.401398	0.693400	-0.285800	-0.700600	-0.365700	0.429400	0.598600
1627305621.411480	0.693800	-0.276100	-0.719700	-0.388900	0.377100	0.532700
1627305621.419583	0.692000	-0.260500	-0.736500	-0.389800	0.348400	0.486200
1627305621.438093	0.691500	-0.241600	-0.751700	-0.371200	0.333800	0.450200
1627305621.440372	0.687500	-0.219200	-0.771000	-0.339400	0.334400	0.423900
1627305621.450152	0.689200	-0.202600	-0.782200	-0.322000	0.348400	0.416300
1627305621.454613	0.678000	-0.195700	-0.779900	-0.259700	0.365800	0.413200
1627305621.478003	0.680400	-0.195900	-0.787100	-0.221800	0.393000	0.423900
1627305621.480237	0.679900	-0.195200	-0.795000	-0.224000	0.422400	0.438600
1627305621.495174	0.679400	-0.197800	-0.803800	-0.196500	0.462700	0.455100
1627305621.498371	0.685100	-0.216800	-0.789200	-0.193400	0.514000	0.468200
1627305621.522846	0.681800	-0.229000	-0.765100	-0.214800	0.551200	0.471300
1627305621.523739	0.682100	-0.236000	-0.753500	-0.213600	0.577500	0.468800
1627305621.539334	0.680900	-0.243200	-0.744600	-0.227300	0.610200	0.464500
1627305621.547048	0.686200	-0.242600	-0.714800	-0.234100	0.631900	0.456900
1627305621.562520	0.690600	-0.245100	-0.681800	-0.210500	0.638000	0.445300
1627305621.563433	0.694300	-0.244400	-0.658400	-0.171500	0.630700	0.429100
1627305621.570294	0.704300	-0.248300	-0.656000	-0.123800	0.619700	0.411400
1627305621.576474	0.712500	-0.254000	-0.654100	-0.093600	0.611700	0.393100
1627305621.599622	0.713600	-0.260100	-0.635300	-0.073100	0.601600	0.370800
1627305621.600520	0.718600	-0.261400	-0.612100	-0.045900	0.587000	0.345400
1627305621.613109	0.721700	-0.258900	-0.595000	-0.002200	0.568300	0.324100
1627305621.614140	0.727100	-0.257400	-0.583400	0.050900	0.544500	0.300800
1627305621.640054	0.734700	-0.256200	-0.572500	0.080200	0.517300	0.280700
1627305621.640950	0.739600	-0.258900	-0.562500	0.111100	0.488900	0.261400
1627305621.649094	0.744300	-0.265000	-0.551900	0.139800	0.451100	0.238200
1627305621.660188	0.744100	-0.271200	-0.551800	0.152000	0.409800	0.212300
1627305621.683255	0.748800	-0.277000	-0.554900	0.150800	0.378100	0.190600
1627305621.684077	0.756200	-0.278100	-0.553600	0.141900	0.348400	0.165200
1627305621.691436	0.758900	-0.277000	-0.544200	0.151400	0.316100	0.135600
1627305621.705207	0.759400	-0.276700	-0.537500	0.176400	0.290400	0.113300
1627305621.724609	0.757700	-0.271100	-0.537100	0.193200	0.265400	0.091300
1627305621.725522	0.759900	-0.269400	-0.541000	0.219800	0.241500	0.073600
1627305621.728963	0.759400	-0.271100	-0.535600	0.237200	0.224700	0.060500
1627305621.749661	0.768200	-0.277300	-0.527000	0.251000	0.205200	0.045200
1627305621.762470	0.771100	-0.290200	-0.514900	0.254600	0.181400	0.020800
1627305621.763377	0.770400	-0.289800	-0.510400	0.237500	0.157500	-0.000300
1627305621.770308	0.770100	-0.285600	-0.513500	0.234500	0.133700	-0.022900
1627305621.779025	0.771400	-0.280300	-0.505100	0.255500	0.106200	-0.048600
1627305621.801187	0.775400	-0.276100	-0.491000	0.273000	0.076600	-0.070600
1627305621.802083	0.782700	-0.271100	-0.480200	0.308100	0.040600	-0.091300
1627305621.810175	0.780600	-0.268200	-0.481400	0.382600	-0.004300	-0.114600
1627305621.818944	0.780900	-0.272000	-0.486900	0.425400	-0.036400	-0.131700
1627305621.822280	0.780600	-0.277700	-0.486200	0.450700	-0.063600	-0.146300
1627305621.845663	0.785800	-0.283100	-0.481600	0.468100	-0.097200	-0.169500
1627305621.849096	0.783400	-0.286600	-0.482400	0.495900	-0.131400	-0.190000
1627305621.858859	0.776900	-0.286500	-0.499600	0.497400	-0.160700	-0.208300
1627305621.867410	0.772200	-0.278300	-0.512700	0.494100	-0.184800	-0.223000
1627305621.886895	0.780200	-0.278000	-0.514300	0.529500	-0.205300	-0.238900
1627305621.888933	0.779700	-0.282500	-0.516500	0.537500	-0.227000	-0.254400
1627305621.903852	0.774400	-0.281500	-0.519800	0.522800	-0.258800	-0.273100
1627305621.905890	0.773700	-0.283400	-0.519300	0.540500	-0.285600	-0.288000
1627305621.928057	0.770300	-0.292500	-0.526700	0.562200	-0.312800	-0.301200
1627305621.929135	0.765900	-0.299400	-0.535000	0.561900	-0.340900	-0.315800
1627305621.941471	0.763300	-0.304100	-0.542200	0.572600	-0.363500	-0.332600
1627305621.965505	0.759300	-0.307400	-0.555700	0.580200	-0.376700	-0.347300
1627305621.966645	0.753100	-0.308700	-0.571700	0.577800	-0.381900	-0.362900
1627305621.967670	0.747200	-0.311500	-0.581500	0.575600	-0.377000	-0.378700
1627305621.978258	0.747100	-0.314100	-0.589700	0.570100	-0.365700	-0.391600
1627305621.998317	0.741200	-0.316700	-0.601200	0.554000	-0.347600	-0.407500
1627305621.999221	0.739400	-0.318800	-0.599100	0.535600	-0.331200	-0.424000
1627305622.015822	0.743000	-0.321000	-0.594400	0.523100	-0.324400	-0.440400
1627305622.026961	0.745800	-0.322300	-0.597400	0.522500	-0.322900	-0.462700
1627305622.027964	0.752200	-0.326800	-0.602300	0.510900	-0.327800	-0.488700
1627305622.043470	0.753900	-0.331700	-0.598100	0.482200	-0.334500	-0.515300
1627305622.044392	0.755200	-0.330800	-0.586900	0.467800	-0.351600	-0.547000
1627305622.068203	0.752000	-0.331400	-0.582500	0.470900	-0.378500	-0.587400
1627305622.070186	0.749500	-0.328100	-0.582300	0.473600	-0.403800	-0.620000
1627305622.080146	0.740500	-0.317700	-0.581900	0.476100	-0.429800	-0.654900
1627305622.088646	0.736100	-0.303700	-0.591100	0.496500	-0.458200	-0.686300
1627305622.111321	0.727900	-0.289900	-0.607500	0.526200	-0.476800	-0.708300
1627305622.112796	0.723600	-0.274800	-0.625400	0.550000	-0.486300	-0.723300
1627305622.128263	0.721300	-0.262100	-0.641400	0.572900	-0.486000	-0.734300
1627305622.132239	0.721400	-0.255400	-0.645000	0.591500	-0.480800	-0.740400
1627305622.155920	0.724500	-0.256300	-0.646600	0.606500	-0.478100	-0.742800
1627305622.156745	0.728000	-0.259200	-0.648800	0.629700	-0.475000	-0.746500
1627305622.159093	0.726700	-0.263300	-0.647900	0.635500	-0.473200	-0.751400
1627305622.171044	0.725000	-0.266500	-0.647700	0.634900	-0.473200	-0.762400
1627305622.171954	0.726400	-0.264600	-0.635900	0.629100	-0.482300	-0.778300
1627305622.196740	0.722800	-0.260000	-0.631700	0.625700	-0.498500	-0.792600
1627305622.197886	0.720600	-0.251500	-0.632100	0.655400	-0.517200	-0.806000
1627305622.207715	0.711800	-0.246900	-0.638400	0.691400	-0.539200	-0.816700
1627305622.218269	0.706700	-0.243800	-0.645800	0.696000	-0.555300	-0.824100
1627305622.235491	0.704800	-0.241500	-0.652000	0.700300	-0.570900	-0.829600
1627305622.237810	0.702300	-0.247300	-0.665000	0.729000	-0.583100	-0.839300
1627305622.255862	0.697000	-0.255600	-0.673600	0.750300	-0.593800	-0.849400
1627305622.272384	0.690200	-0.263700	-0.680100	0.750000	-0.600800	-0.865300
1627305622.273288	0.685200	-0.270400	-0.691900	0.758300	-0.606700	-0.890300
1627305622.280224	0.681000	-0.279500	-0.697900	0.760100	-0.606700	-0.919100
1627305622.286542	0.676800	-0.280000	-0.691200	0.769000	-0.607000	-0.950800
1627305622.310467	0.667500	-0.278900	-0.700700	0.781800	-0.607300	-0.988700
1627305622.311286	0.659400	-0.270400	-0.713700	0.787600	-0.601200	-1.023800
1627305622.321478	0.649800	-0.258900	-0.718400	0.788800	-0.590500	-1.047300
1627305622.334980	0.638800	-0.242700	-0.727400	0.824900	-0.589200	-1.069000
1627305622.354425	0.630200	-0.237500	-0.748300	0.889300	-0.589900	-1.091600
1627305622.355346	0.638100	-0.235500	-0.788500	0.915600	-0.582200	-1.112700
1627305622.357890	0.647000	-0.233400	-0.811800	0.928400	-0.550800	-1.142900
1627305622.372441	0.651400	-0.237100	-0.809900	0.999600	-0.509800	-1.186300
1627305622.373357	0.653000	-0.240400	-0.812600	1.033200	-0.477500	-1.224200
1627305622.395426	0.653800	-0.233200	-0.814600	1.022800	-0.440800	-1.258700
1627305622.397690	0.642700	-0.219200	-0.798500	1.021000	-0.402000	-1.296900
1627305622.412697	0.666900	-0.207300	-0.778100	1.039300	-0.387400	-1.326500
1627305622.415903	0.661400	-0.193200	-0.764900	1.004200	-0.390700	-1.341800
1627305622.439353	0.650600	-0.178500	-0.746300	0.999900	-0.406300	-1.344800
1627305622.440248	0.655300	-0.168700	-0.730100	0.985500	-0.430400	-1.341500
1627305622.446459	0.662600	-0.153600	-0.708700	0.944000	-0.468900	-1.328300
1627305622.459715	0.662800	-0.135300	-0.704300	0.951600	-0.528200	-1.306000
1627305622.482165	0.655300	-0.133900	-0.711100	0.965400	-0.579500	-1.283400
1627305622.483038	0.647200	-0.139000	-0.718800	0.952800	-0.635400	-1.263900
1627305622.486444	0.640000	-0.142300	-0.727900	0.903700	-0.698900	-1.249200
1627305622.496389	0.638900	-0.137600	-0.735800	0.884100	-0.745900	-1.248300
1627305622.502328	0.643400	-0.134200	-0.743300	0.885300	-0.787200	-1.252000
1627305622.528072	0.644800	-0.129800	-0.756600	0.895700	-0.837900	-1.262700
1627305622.529182	0.641000	-0.130100	-0.770800	0.906100	-0.877000	-1.276400
1627305622.540530	0.633500	-0.120800	-0.793500	0.878300	-0.906000	-1.287400
1627305622.542552	0.621200	-0.095700	-0.824600	0.859100	-0.917900	-1.297500
1627305622.568168	0.616700	-0.076400	-0.845000	0.885000	-0.915100	-1.300200
1627305622.569012	0.614500	-0.060100	-0.865600	0.885300	-0.901400	-1.294100
1627305622.592133	0.616000	-0.036000	-0.887900	0.868900	-0.872400	-1.275800
1627305622.592971	0.626500	-0.021400	-0.908300	0.897000	-0.835400	-1.253800
1627305622.596480	0.629800	-0.017300	-0.928600	0.931500	-0.791700	-1.224200
1627305622.602398	0.635500	-0.018900	-0.954600	0.946100	-0.727600	-1.188800
1627305622.624343	0.640000	-0.023700	-0.985000	0.946100	-0.661900	-1.160400
1627305622.629284	0.639800	-0.028600	-1.013300	0.926300	-0.592300	-1.136500
1627305622.637940	0.632200	-0.032600	-1.041700	0.849000	-0.506500	-1.117600
1627305622.642548	0.631100	-0.033400	-1.064200	0.776600	-0.415100	-1.101400
1627305622.666323	0.631800	-0.032300	-1.081800	0.732000	-0.323800	-1.090400
1627305622.672444	0.642900	-0.030600	-1.081300	0.689900	-0.213600	-1.079400
1627305622.673373	0.652700	-0.024300	-1.067100	0.681600	-0.106400	-1.068700
1627305622.698054	0.659900	-0.022200	-1.056900	0.714900	-0.019600	-1.059900
1627305622.698884	0.665800	-0.023100	-1.050700	0.747300	0.074200	-1.049800
1627305622.709064	0.671300	-0.018300	-1.035600	0.710600	0.165200	-1.034800
1627305622.718304	0.675200	-0.006000	-1.009200	0.672800	0.233300	-1.017100
1627305622.735649	0.678500	0.019000	-0.972300	0.659300	0.290100	-0.989900
1627305622.736494	0.684700	0.047500	-0.945400	0.630600	0.328600	-0.945000
1627305622.746517	0.689500	0.069500	-0.926800	0.640700	0.350000	-0.896800
1627305622.753662	0.693000	0.077500	-0.907300	0.677000	0.359400	-0.838100
1627305622.776812	0.695700	0.081200	-0.885300	0.685300	0.353300	-0.770300
1627305622.777664	0.697900	0.082000	-0.873800	0.694500	0.339300	-0.714400
1627305622.788952	0.700300	0.073100	-0.872300	0.758000	0.325500	-0.663400
1627305622.795871	0.697600	0.066500	-0.869100	0.775400	0.313000	-0.610600
1627305622.815972	0.688700	0.067700	-0.876700	0.762300	0.310600	-0.566000
1627305622.816799	0.685500	0.069800	-0.886600	0.807500	0.322200	-0.525100
1627305622.826541	0.684800	0.066200	-0.894200	0.823600	0.344800	-0.469800
1627305622.834766	0.681200	0.061000	-0.896200	0.858800	0.374700	-0.433100
1627305622.855981	0.679400	0.051000	-0.893600	0.866400	0.409500	-0.397700
1627305622.856890	0.678600	0.047600	-0.888900	0.840100	0.459900	-0.354600
1627305622.866473	0.677000	0.038800	-0.874800	0.856300	0.506000	-0.322200
1627305622.871587	0.675300	0.031200	-0.853000	0.852400	0.549700	-0.294500
1627305622.895826	0.672500	0.028000	-0.827000	0.815700	0.592500	-0.261200
1627305622.896725	0.670400	0.032000	-0.809100	0.786700	0.620300	-0.233700
1627305622.913449	0.671600	0.037400	-0.793900	0.762300	0.640100	-0.201600
1627305622.914360	0.675900	0.033300	-0.762000	0.739000	0.657500	-0.161000
1627305622.938088	0.679100	0.024000	-0.738500	0.726800	0.662700	-0.128000
1627305622.939333	0.685400	0.017800	-0.728100	0.689000	0.663000	-0.099000
1627305622.946396	0.691900	0.008700	-0.711900	0.642800	0.660600	-0.067800
1627305622.955844	0.694000	0.003100	-0.699000	0.605600	0.656000	-0.041900
1627305622.976618	0.697300	-0.001000	-0.687900	0.574100	0.647100	-0.021700
1627305622.978927	0.703000	-0.006100	-0.674200	0.525900	0.638300	0.003300
1627305622.994583	0.707300	-0.008300	-0.661900	0.473900	0.628800	0.022600
1627305622.998401	0.712500	-0.011100	-0.645600	0.433300	0.615400	0.040600
1627305623.015822	0.719700	-0.017000	-0.626600	0.378600	0.598900	0.058900
1627305623.016728	0.722500	-0.019800	-0.608000	0.326400	0.577200	0.075700
1627305623.025249	0.730100	-0.020300	-0.595200	0.283600	0.554000	0.090400
1627305623.033997	0.732700	-0.021400	-0.587600	0.262600	0.521600	0.105400
1627305623.058703	0.736300	-0.027100	-0.577400	0.237200	0.489900	0.116700
1627305623.059613	0.742700	-0.031700	-0.566400	0.187100	0.457500	0.124600
1627305623.066520	0.746200	-0.029300	-0.555700	0.156000	0.414700	0.132200
1627305623.075302	0.749500	-0.030800	-0.557300	0.147700	0.372300	0.139300
1627305623.098381	0.751600	-0.033200	-0.560200	0.122100	0.340200	0.147800
1627305623.099288	0.753700	-0.037400	-0.565100	0.083600	0.313000	0.159700
1627305623.106639	0.753100	-0.039900	-0.562500	0.056400	0.287000	0.169800
1627305623.115179	0.751300	-0.043100	-0.567300	0.020100	0.263800	0.178400
1627305623.118409	0.752300	-0.043200	-0.579300	-0.010800	0.246400	0.188400
1627305623.141724	0.747200	-0.050000	-0.594600	-0.029700	0.235400	0.197900
1627305623.144112	0.746100	-0.055700	-0.604900	-0.077100	0.237300	0.206800
1627305623.156510	0.746100	-0.055700	-0.604900	-0.077100	0.237300	0.206800
1627305623.162439	0.751500	-0.073000	-0.614600	-0.126200	0.263800	0.222300
1627305623.184416	0.751500	-0.073000	-0.614600	-0.126200	0.263800	0.222300
1627305623.185507	0.756200	-0.082200	-0.614600	-0.159200	0.282500	0.225400
1627305623.195219	0.761600	-0.088500	-0.611600	-0.217300	0.301700	0.226000
1627305623.203487	0.768900	-0.092200	-0.595300	-0.263700	0.326100	0.224800
1627305623.221691	0.774700	-0.095800	-0.576800	-0.294800	0.339000	0.224200
1627305623.225196	0.781200	-0.098400	-0.565800	-0.334900	0.345100	0.225100
1627305623.239031	0.793700	-0.101900	-0.553200	-0.368100	0.343900	0.224200
1627305623.252771	0.799000	-0.106100	-0.545900	-0.387400	0.335900	0.222600
1627305623.264601	0.802000	-0.112400	-0.528900	-0.418500	0.320300	0.220800
1627305623.265501	0.810100	-0.113800	-0.513100	-0.453400	0.290100	0.216500
1627305623.269160	0.811800	-0.111100	-0.504800	-0.468600	0.255000	0.214400
1627305623.295173	0.815800	-0.108500	-0.504300	-0.476600	0.218600	0.209800
1627305623.298913	0.815800	-0.105700	-0.503300	-0.507100	0.169500	0.208000
1627305623.310881	0.815600	-0.101100	-0.507200	-0.541300	0.128500	0.210400
1627305623.311891	0.810500	-0.092700	-0.517300	-0.572200	0.093700	0.218100
1627305623.334351	0.808300	-0.088900	-0.524400	-0.592000	0.060400	0.227200
1627305623.335545	0.807700	-0.085000	-0.528300	-0.614300	0.034500	0.238800
1627305623.345254	0.806500	-0.079200	-0.537400	-0.638800	0.010900	0.247400
1627305623.355876	0.804700	-0.079000	-0.551600	-0.642100	-0.013800	0.256600
1627305623.378959	0.803100	-0.078100	-0.567000	-0.657700	-0.040700	0.266300
1627305623.380070	0.804600	-0.076000	-0.587300	-0.681200	-0.064200	0.270300
1627305623.394949	0.801500	-0.082200	-0.615500	-0.668400	-0.083800	0.277600
1627305623.399546	0.803500	-0.088400	-0.649700	-0.696500	-0.090200	0.280700
1627305623.400467	0.803000	-0.093600	-0.679800	-0.734700	-0.084100	0.280400
1627305623.423197	0.797200	-0.101200	-0.709400	-0.749000	-0.063300	0.275800
1627305623.425227	0.800000	-0.102200	-0.733900	-0.830900	-0.032700	0.271800
1627305623.436642	0.797100	-0.090000	-0.741900	-0.921600	0.002100	0.270000
1627305623.444624	0.789800	-0.072300	-0.740400	-0.956100	0.039900	0.265700
1627305623.465845	0.778700	-0.050700	-0.732700	-0.984500	0.079700	0.271800
1627305623.466761	0.766700	-0.025800	-0.718100	-1.008000	0.109000	0.289800
1627305623.474241	0.759200	-0.004900	-0.703600	-0.972300	0.142000	0.325900
1627305623.496297	0.753300	-0.000700	-0.674800	-0.885600	0.180400	0.379300
1627305623.508347	0.754800	-0.003500	-0.653800	-0.848900	0.205500	0.434000
1627305623.509388	0.757000	-0.011600	-0.638500	-0.833900	0.226300	0.490500
1627305623.517823	0.760500	-0.025300	-0.622200	-0.798500	0.244600	0.548200
1627305623.543582	0.768200	-0.047900	-0.601100	-0.810100	0.248600	0.584000
1627305623.544484	0.774300	-0.065700	-0.571000	-0.848900	0.237600	0.609000
1627305623.545306	0.778000	-0.077900	-0.542800	-0.873900	0.200300	0.625800
1627305623.553956	0.778800	-0.085900	-0.530400	-0.874300	0.154800	0.631000
1627305623.558660	0.777200	-0.093600	-0.523700	-0.882800	0.104700	0.632500
1627305623.581735	0.773100	-0.097900	-0.515900	-0.905400	0.037200	0.630100
1627305623.584020	0.768200	-0.100300	-0.513700	-0.923400	-0.017500	0.625800
1627305623.590234	0.769900	-0.096400	-0.514200	-0.953700	-0.068800	0.620900
1627305623.603821	0.770800	-0.094000	-0.518300	-0.966800	-0.128300	0.621200
1627305623.619660	0.772600	-0.094100	-0.521900	-0.977200	-0.170800	0.626400
1627305623.620577	0.773100	-0.086300	-0.533400	-0.995800	-0.209900	0.635300
1627305623.640669	0.772100	-0.087500	-0.553600	-0.987900	-0.247500	0.642000
1627305623.643251	0.772300	-0.093300	-0.566500	-1.005300	-0.277100	0.641700
1627305623.653870	0.764800	-0.089400	-0.561600	-1.045600	-0.308200	0.637100
1627305623.658618	0.769500	-0.083900	-0.587300	-1.052000	-0.338800	0.629800
1627305623.681837	0.760100	-0.077300	-0.608800	-1.070300	-0.353800	0.627300
1627305623.682771	0.750400	-0.069500	-0.619900	-1.123200	-0.360800	0.628900
1627305623.692839	0.756100	-0.045700	-0.624600	-1.194700	-0.368700	0.642000
1627305623.702316	0.752100	-0.023600	-0.625100	-1.218500	-0.378500	0.661900
1627305623.725554	0.748200	-0.015300	-0.626800	-1.206900	-0.392500	0.683900
1627305623.726453	0.742100	-0.008400	-0.636800	-1.211800	-0.411200	0.713200
1627305623.736718	0.732900	-0.004900	-0.639800	-1.195000	-0.433800	0.739100
1627305623.748447	0.736600	-0.010100	-0.656700	-1.135100	-0.453900	0.758400
1627305623.764561	0.736800	-0.022300	-0.677500	-1.089300	-0.466800	0.773300
1627305623.765380	0.736300	-0.033700	-0.698000	-1.055400	-0.469200	0.783100
1627305623.771537	0.736600	-0.049000	-0.720300	-1.021500	-0.456100	0.789800
1627305623.792767	0.736000	-0.066200	-0.731700	-1.011700	-0.435000	0.794100
1627305623.793883	0.728600	-0.087500	-0.737700	-1.021500	-0.408700	0.789500
1627305623.809291	0.722800	-0.102800	-0.740800	-1.049900	-0.391300	0.779500
1627305623.812253	0.718800	-0.110700	-0.740200	-1.122000	-0.377300	0.763900
1627305623.835456	0.711900	-0.111100	-0.734600	-1.201700	-0.371800	0.741600
1627305623.836443	0.707800	-0.101900	-0.725600	-1.254200	-0.378500	0.722900
1627305623.852110	0.707600	-0.089600	-0.729600	-1.315600	-0.393200	0.711000
1627305623.855842	0.708000	-0.071300	-0.732300	-1.360200	-0.412100	0.707700
1627305623.856761	0.704700	-0.060300	-0.736700	-1.363200	-0.427400	0.710700
1627305623.880540	0.700100	-0.048700	-0.741600	-1.365400	-0.447200	0.721100
1627305623.882922	0.692900	-0.032700	-0.750100	-1.354400	-0.475900	0.737000
1627305623.893076	0.687300	-0.023900	-0.763800	-1.315300	-0.499100	0.752000
1627305623.901009	0.681200	-0.017500	-0.775900	-1.276800	-0.520800	0.765700
1627305623.930848	0.675000	-0.015300	-0.790400	-1.248700	-0.548300	0.785300
1627305623.931747	0.674200	-0.014300	-0.810700	-1.220300	-0.567300	0.800800
1627305623.954632	0.667500	-0.016400	-0.835400	-1.185500	-0.576700	0.814600
1627305623.955466	0.663900	-0.022700	-0.862900	-1.160400	-0.575200	0.830200
1627305623.956760	0.663100	-0.026700	-0.873200	-1.148500	-0.565100	0.838100
1627305623.971797	0.663000	-0.028100	-0.884800	-1.125300	-0.549500	0.843600
1627305623.973608	0.661300	-0.028600	-0.906400	-1.100300	-0.523000	0.845100
1627305623.994247	0.655900	-0.036000	-0.917700	-1.081900	-0.487800	0.844200
1627305623.995436	0.653900	-0.041400	-0.921500	-1.059000	-0.456400	0.839000
1627305624.002928	0.653000	-0.044300	-0.924600	-1.035200	-0.419100	0.829800
1627305624.016317	0.647500	-0.044700	-0.934200	-0.984200	-0.384300	0.822200
1627305624.035219	0.645900	-0.046800	-0.947400	-0.937800	-0.345800	0.816700
1627305624.036822	0.645100	-0.050800	-0.952100	-0.898400	-0.295700	0.810000
1627305624.051718	0.648100	-0.052200	-0.963000	-0.864500	-0.248100	0.803900
1627305624.059654	0.656000	-0.052200	-0.964800	-0.846200	-0.199800	0.797200
1627305624.060558	0.665000	-0.046100	-0.959100	-0.831800	-0.151300	0.789800
1627305624.080064	0.654100	-0.040500	-0.949200	-0.791500	-0.107900	0.782200
1627305624.082826	0.659800	-0.027600	-0.955900	-0.773800	-0.075800	0.781900
1627305624.097592	0.660000	-0.013900	-0.964200	-0.728600	-0.037600	0.794100
1627305624.100872	0.660200	-0.005500	-0.970200	-0.671700	0.003600	0.809400
1627305624.124283	0.660800	-0.009300	-0.974200	-0.635100	0.039000	0.827400
1627305624.125114	0.658700	-0.016800	-0.979100	-0.595100	0.083600	0.846600
1627305624.137937	0.659300	-0.024400	-0.982800	-0.574600	0.133400	0.862200
1627305624.142407	0.662700	-0.032800	-0.985800	-0.539800	0.180800	0.870200
1627305624.162235	0.662100	-0.039900	-0.986200	-0.501600	0.234800	0.871700
1627305624.163129	0.669900	-0.045400	-0.982900	-0.490900	0.297400	0.873200
1627305624.170472	0.679800	-0.039900	-0.974500	-0.476300	0.352700	0.872000
1627305624.193927	0.682500	-0.037100	-0.958300	-0.441100	0.405600	0.873200
1627305624.204740	0.680800	-0.032700	-0.942300	-0.409100	0.453200	0.874400
1627305624.205647	0.687400	-0.028400	-0.929900	-0.394400	0.482200	0.876900
1627305624.214030	0.687600	-0.024900	-0.909300	-0.370900	0.502700	0.879300
1627305624.233814	0.693000	-0.022600	-0.888800	-0.332700	0.510600	0.880200
1627305624.242488	0.696400	-0.026200	-0.883100	-0.290900	0.506300	0.879300
1627305624.253476	0.698000	-0.036300	-0.875200	-0.239300	0.500800	0.879000
1627305624.254440	0.684400	-0.050800	-0.872700	-0.147000	0.496000	0.877500
1627305624.268959	0.682700	-0.063000	-0.889200	-0.097500	0.500500	0.876600
1627305624.271423	0.675800	-0.080900	-0.906600	-0.048400	0.518600	0.877800
1627305624.285909	0.664200	-0.114300	-0.917200	0.003000	0.568700	0.870500
1627305624.286825	0.665900	-0.139800	-0.910900	-0.009000	0.617800	0.863800
1627305624.311746	0.661000	-0.158600	-0.900000	-0.019000	0.671900	0.852100
1627305624.312882	0.654900	-0.175900	-0.886400	-0.013200	0.742400	0.832900
1627305624.322780	0.651100	-0.190900	-0.865800	-0.012900	0.796500	0.814900
1627305624.329640	0.655000	-0.199700	-0.837200	-0.018700	0.845700	0.797200
1627305624.349575	0.662800	-0.214800	-0.790400	-0.009900	0.887800	0.769700
1627305624.352998	0.671500	-0.225000	-0.763100	0.002600	0.912600	0.739700
1627305624.362832	0.674400	-0.234300	-0.747400	-0.012900	0.925400	0.711000
1627305624.369949	0.674300	-0.242100	-0.728100	-0.044700	0.927800	0.671600
1627305624.390658	0.676400	-0.247800	-0.708100	-0.062700	0.916500	0.632500
1627305624.391480	0.691400	-0.256000	-0.703000	-0.051100	0.896400	0.594700
1627305624.401556	0.669700	-0.267100	-0.694900	-0.008000	0.881700	0.542700
1627305624.409801	0.673800	-0.256600	-0.705600	-0.107000	0.875000	0.510700
1627305624.431855	0.679700	-0.238300	-0.698500	-0.067900	0.883200	0.485000
1627305624.433089	0.683100	-0.240500	-0.673100	-0.009000	0.889100	0.460000
1627305624.443101	0.688100	-0.246000	-0.654900	-0.047400	0.888400	0.440400
1627305624.447344	0.695400	-0.252100	-0.637900	-0.034900	0.892100	0.423300
1627305624.471834	0.700300	-0.260500	-0.607800	-0.023900	0.890600	0.411700
1627305624.474150	0.696700	-0.270400	-0.582000	-0.042300	0.875000	0.401000
1627305624.496336	0.698200	-0.280000	-0.558700	-0.027000	0.854800	0.383000
1627305624.500918	0.700400	-0.294400	-0.537600	-0.024500	0.822800	0.356700
1627305624.501822	0.702600	-0.299700	-0.515700	-0.056900	0.773900	0.317900
1627305624.515381	0.705400	-0.304900	-0.499000	-0.032500	0.723200	0.274300
1627305624.533772	0.715600	-0.313000	-0.495400	0.004500	0.666400	0.219300
1627305624.541007	0.723400	-0.318000	-0.491900	0.014600	0.607700	0.150000
1627305624.541901	0.721400	-0.320300	-0.487200	0.001400	0.566500	0.091600
1627305624.551627	0.721300	-0.322600	-0.478600	0.024600	0.529900	0.021700
1627305624.555243	0.732700	-0.313400	-0.470500	-0.023600	0.494700	-0.043700
1627305624.581984	0.727800	-0.288300	-0.451200	-0.070400	0.463600	-0.092900
1627305624.582755	0.732400	-0.265000	-0.425000	-0.035500	0.430900	-0.137200
1627305624.597796	0.752300	-0.239000	-0.406500	-0.015700	0.379600	-0.166800
1627305624.611551	0.742300	-0.216700	-0.386400	0.031100	0.332200	-0.184800
1627305624.613048	0.746800	-0.200900	-0.387500	0.114100	0.285200	-0.191200
1627305624.625171	0.752900	-0.193000	-0.396200	0.176700	0.235400	-0.184800
1627305624.628418	0.756100	-0.199500	-0.402000	0.244200	0.203000	-0.178100
1627305624.652111	0.764300	-0.214600	-0.392900	0.286700	0.167600	-0.177800
1627305624.653044	0.773300	-0.230100	-0.382100	0.305300	0.118100	-0.181700
1627305624.661466	0.778600	-0.237500	-0.380900	0.339800	0.076000	-0.191200
1627305624.676339	0.780800	-0.244400	-0.382000	0.353300	0.030200	-0.198800
1627305624.693006	0.781600	-0.251600	-0.378800	0.373100	-0.026300	-0.209800
1627305624.694038	0.782000	-0.261100	-0.366900	0.411300	-0.083100	-0.223300
1627305624.709710	0.787800	-0.269200	-0.356100	0.427200	-0.145400	-0.239800
1627305624.710617	0.792500	-0.275600	-0.364700	0.489200	-0.227300	-0.260900
1627305624.714071	0.792600	-0.290900	-0.389300	0.559800	-0.299100	-0.287400
1627305624.740359	0.795900	-0.307900	-0.418500	0.569500	-0.364400	-0.313400
1627305624.741438	0.795300	-0.324000	-0.439200	0.569800	-0.433200	-0.350300
1627305624.756386	0.793900	-0.335100	-0.461100	0.585400	-0.490900	-0.389100
1627305624.758551	0.792000	-0.343000	-0.487300	0.580800	-0.539200	-0.429800
1627305624.778013	0.787000	-0.343100	-0.515400	0.564600	-0.578900	-0.475000
1627305624.781464	0.784500	-0.339200	-0.535300	0.580200	-0.607600	-0.521700
1627305624.790231	0.782600	-0.333000	-0.559600	0.593700	-0.626800	-0.559900
1627305624.798692	0.785500	-0.325000	-0.578600	0.597000	-0.640200	-0.603900
1627305624.820584	0.783400	-0.317300	-0.595200	0.605600	-0.647300	-0.647800
1627305624.821559	0.774300	-0.304300	-0.613000	0.608900	-0.651200	-0.686600
1627305624.833978	0.773800	-0.287500	-0.638800	0.616300	-0.650900	-0.726000
1627305624.838422	0.769300	-0.273900	-0.660200	0.640400	-0.641800	-0.766000
1627305624.851857	0.764200	-0.263100	-0.666300	0.658100	-0.630500	-0.795400
1627305624.862944	0.759800	-0.250200	-0.675300	0.683100	-0.616100	-0.822500
1627305624.869171	0.758100	-0.235400	-0.678500	0.737800	-0.591700	-0.850900
1627305624.891185	0.753700	-0.223800	-0.676300	0.778100	-0.570900	-0.872300
1627305624.892089	0.749600	-0.203900	-0.680100	0.803200	-0.552600	-0.890700
1627305624.901617	0.741900	-0.187600	-0.686300	0.851100	-0.530000	-0.903500
1627305624.907719	0.735400	-0.178600	-0.682400	0.874400	-0.513200	-0.909600
1627305624.926259	0.731800	-0.169300	-0.676500	0.886600	-0.501600	-0.913600
1627305624.937331	0.733600	-0.162200	-0.677700	0.920200	-0.488800	-0.917200
1627305624.938231	0.730200	-0.163100	-0.677400	0.945800	-0.476800	-0.920300
1627305624.962165	0.726100	-0.160500	-0.669700	0.944300	-0.469200	-0.923600
1627305624.963107	0.718000	-0.149800	-0.658400	0.934800	-0.467100	-0.924300
1627305624.966646	0.718100	-0.146700	-0.650400	0.947300	-0.469500	-0.925500
1627305624.988767	0.719700	-0.143700	-0.647000	0.965700	-0.483300	-0.926700
1627305624.999643	0.716200	-0.146500	-0.641700	0.973000	-0.508000	-0.932200
1627305625.000554	0.708600	-0.146200	-0.637200	0.986400	-0.534900	-0.939500
1627305625.010181	0.706100	-0.144300	-0.647500	0.997400	-0.564500	-0.947200
1627305625.033004	0.701200	-0.143900	-0.662000	1.014200	-0.590500	-0.954500
1627305625.039651	0.695300	-0.151900	-0.670000	1.021600	-0.606000	-0.960600
1627305625.040564	0.693600	-0.159500	-0.676400	1.013600	-0.620400	-0.969500
1627305625.049089	0.692900	-0.165300	-0.683100	0.992600	-0.640900	-0.986900
1627305625.069998	0.692500	-0.167600	-0.691800	0.981600	-0.662900	-1.010400
1627305625.082480	0.691200	-0.172500	-0.700400	0.965700	-0.687300	-1.037000
1627305625.083393	0.688800	-0.176100	-0.712200	0.939100	-0.720000	-1.071500
1627305625.090287	0.685400	-0.173100	-0.721100	0.929300	-0.747200	-1.102900
1627305625.108816	0.679600	-0.169100	-0.733300	0.940300	-0.767000	-1.130100
1627305625.110138	0.669400	-0.162700	-0.748200	0.964100	-0.777700	-1.158200
1627305625.124638	0.665000	-0.156900	-0.766100	0.984900	-0.777100	-1.177500
1627305625.125557	0.665300	-0.147100	-0.779100	1.005100	-0.768800	-1.192700
1627305625.147014	0.659300	-0.145000	-0.788300	1.013300	-0.755700	-1.204300
1627305625.149252	0.652300	-0.141700	-0.797500	0.991900	-0.749000	-1.218100
1627305625.159118	0.655300	-0.143800	-0.811300	0.970300	-0.747200	-1.234000
1627305625.163659	0.652200	-0.138900	-0.818500	0.925400	-0.747500	-1.253500
1627305625.186845	0.643900	-0.129900	-0.821400	0.886900	-0.748400	-1.275200
1627305625.190267	0.637200	-0.115500	-0.833400	0.871300	-0.749000	-1.289500
1627305625.198939	0.631100	-0.098400	-0.852700	0.865200	-0.742600	-1.299900
1627305625.207314	0.622700	-0.084200	-0.864000	0.901800	-0.721500	-1.307000
1627305625.229384	0.618300	-0.075400	-0.869000	0.932700	-0.696100	-1.309700
1627305625.230672	0.609700	-0.064300	-0.874100	0.950400	-0.665300	-1.307900
1627305625.240193	0.600500	-0.051100	-0.887700	0.970900	-0.624400	-1.303000
1627305625.244652	0.604200	-0.045200	-0.898800	0.964800	-0.589900	-1.296600
1627305625.267496	0.605700	-0.047100	-0.895600	0.926900	-0.554700	-1.288300
1627305625.268785	0.599000	-0.048600	-0.881800	0.886900	-0.523000	-1.284100
1627305625.282917	0.592500	-0.045800	-0.873200	0.862700	-0.501600	-1.287100
1627305625.291547	0.594200	-0.036400	-0.873200	0.831300	-0.482300	-1.286500
1627305625.301581	0.593400	-0.026100	-0.868500	0.830700	-0.456400	-1.285000
1627305625.310114	0.593900	-0.024000	-0.857200	0.850800	-0.437100	-1.282800
1627305625.336094	0.596600	-0.024000	-0.852400	0.854200	-0.424000	-1.284100
1627305625.337009	0.594600	-0.024500	-0.849600	0.848700	-0.407800	-1.289500
1627305625.339197	0.595700	-0.022500	-0.850800	0.821200	-0.396200	-1.292900
1627305625.351511	0.592900	-0.014400	-0.850500	0.780900	-0.384600	-1.294100
1627305625.355906	0.591400	0.001200	-0.849700	0.746100	-0.369300	-1.292300
1627305625.379254	0.588500	0.011500	-0.847800	0.733500	-0.356500	-1.283100
1627305625.380079	0.588100	0.023200	-0.840600	0.726500	-0.347000	-1.270600
1627305625.390211	0.593400	0.033400	-0.829700	0.743900	-0.336600	-1.251400
1627305625.397177	0.597700	0.038100	-0.825400	0.780300	-0.326600	-1.230600
1627305625.416887	0.607300	0.033300	-0.829600	0.816000	-0.311900	-1.211100
1627305625.419005	0.611900	0.022600	-0.824600	0.855100	-0.290800	-1.196100
1627305625.429156	0.620700	0.013900	-0.819500	0.889600	-0.276200	-1.190900
1627305625.435972	0.631300	0.010000	-0.819200	0.897600	-0.272800	-1.185700
1627305625.459714	0.632600	0.003500	-0.832900	0.915900	-0.274300	-1.177200
1627305625.464725	0.634900	-0.008700	-0.851100	0.918000	-0.278600	-1.171000
1627305625.465636	0.639800	-0.022500	-0.877400	0.892400	-0.283800	-1.167700
1627305625.487954	0.638500	-0.036000	-0.897600	0.855700	-0.284700	-1.172000
1627305625.489159	0.640400	-0.027600	-0.908200	0.784200	-0.292100	-1.177800
1627305625.498935	0.633500	-0.007400	-0.939700	0.751300	-0.301500	-1.176500
1627305625.509695	0.635900	0.002300	-0.978400	0.816300	-0.296300	-1.175300
1627305625.533154	0.634600	-0.000200	-1.009900	0.820000	-0.289300	-1.168600
1627305625.534056	0.627400	0.003100	-1.031400	0.815400	-0.276800	-1.163100
1627305625.539101	0.622900	0.009300	-1.069700	0.847800	-0.249000	-1.160000
1627305625.552345	0.616800	0.013500	-1.116300	0.866100	-0.201300	-1.151500
1627305625.553261	0.611000	0.025500	-1.150300	0.831900	-0.136600	-1.135900
1627305625.576467	0.606700	0.046100	-1.173100	0.803500	-0.042200	-1.113900
1627305625.591599	0.606400	0.075200	-1.179600	0.804400	0.089700	-1.078500
1627305625.607411	0.604500	0.103000	-1.164400	0.809600	0.212200	-1.037300
1627305625.611700	0.600600	0.134000	-1.142900	0.846600	0.341700	-0.982900
1627305625.612588	0.600000	0.161700	-1.119800	0.896000	0.477000	-0.908100
1627305625.620094	0.606300	0.173500	-1.090900	0.909800	0.578100	-0.837500
1627305625.641718	0.609400	0.171400	-1.053800	0.918300	0.667900	-0.763000
1627305625.642966	0.618400	0.167800	-1.012100	0.868900	0.741200	-0.687800
1627305625.657133	0.625200	0.168500	-0.982900	0.782700	0.784300	-0.625800
1627305625.658046	0.639000	0.164900	-0.941800	0.749100	0.813300	-0.572700
1627305625.662956	0.647700	0.144900	-0.883900	0.741200	0.825800	-0.521700
1627305625.685035	0.658300	0.131600	-0.843800	0.717100	0.813600	-0.495400
1627305625.697168	0.664600	0.124400	-0.820100	0.710900	0.791000	-0.475600
1627305625.698073	0.664400	0.121200	-0.809900	0.709700	0.764700	-0.454500
1627305625.705286	0.662200	0.121500	-0.800500	0.676100	0.747900	-0.434900
1627305625.727596	0.664700	0.127800	-0.786600	0.641600	0.730800	-0.412700
1627305625.738412	0.663500	0.142200	-0.767700	0.609800	0.708800	-0.380000
1627305625.744494	0.663600	0.154400	-0.760900	0.590000	0.689300	-0.346700
1627305625.745418	0.665400	0.170300	-0.756200	0.573200	0.673400	-0.306700
1627305625.766800	0.664600	0.174300	-0.750000	0.570400	0.659700	-0.249600
1627305625.769053	0.666500	0.170900	-0.747900	0.566800	0.653900	-0.196400
1627305625.780258	0.675500	0.162200	-0.742800	0.547800	0.654200	-0.142300
1627305625.788365	0.676500	0.147700	-0.733400	0.521600	0.658800	-0.081000
1627305625.806920	0.677500	0.131000	-0.725600	0.485200	0.670400	-0.032100
1627305625.807772	0.679600	0.115200	-0.717900	0.442200	0.684700	0.010400
1627305625.817817	0.689700	0.097000	-0.693700	0.425700	0.696600	0.048200
1627305625.823508	0.693000	0.077600	-0.672900	0.426000	0.700300	0.076000
1627305625.845728	0.699500	0.062600	-0.658200	0.407600	0.698800	0.092200
1627305625.847948	0.711200	0.053700	-0.636400	0.378600	0.687500	0.105400
1627305625.857768	0.716400	0.042600	-0.625200	0.361800	0.675200	0.114800
1627305625.866145	0.726900	0.034800	-0.612300	0.316600	0.662100	0.124300
1627305625.888034	0.726200	0.027700	-0.602500	0.237200	0.645600	0.133500
1627305625.890291	0.726800	0.025100	-0.591400	0.159000	0.631000	0.145700
1627305625.900245	0.728900	0.025000	-0.571500	0.097600	0.614500	0.155100
1627305625.909896	0.736100	0.024200	-0.549000	0.064000	0.587600	0.163100
1627305625.931787	0.737700	0.023300	-0.533900	0.027100	0.547300	0.173200
1627305625.934218	0.736000	0.023300	-0.524800	-0.013200	0.510000	0.180200
1627305625.937897	0.735500	0.024500	-0.507400	-0.045000	0.467200	0.190000
1627305625.942396	0.740000	0.024300	-0.495600	-0.071300	0.407700	0.201000
1627305625.960638	0.739600	0.019200	-0.488200	-0.069400	0.354200	0.206800
1627305625.967886	0.745100	0.008900	-0.488200	-0.077100	0.298000	0.208000
1627305625.980222	0.740800	0.004600	-0.495200	-0.122900	0.240300	0.208600
1627305625.997110	0.738900	0.003300	-0.502700	-0.156800	0.199100	0.206200
1627305625.998009	0.738800	0.003700	-0.502200	-0.180900	0.161200	0.204300
1627305626.014568	0.738900	0.006500	-0.500400	-0.210900	0.122100	0.207100
1627305626.015499	0.734000	0.007400	-0.509000	-0.233500	0.097400	0.208900
1627305626.040656	0.727300	0.007100	-0.511800	-0.255100	0.076300	0.216800
1627305626.041488	0.725100	0.003300	-0.512500	-0.312900	0.051200	0.232400
1627305626.050349	0.724400	0.002400	-0.498400	-0.343700	0.027700	0.243400
1627305626.060963	0.732400	0.003900	-0.486600	-0.360800	-0.004300	0.251400
1627305626.084430	0.737700	0.005600	-0.479700	-0.392900	-0.057500	0.266900
1627305626.085327	0.735200	0.003500	-0.478900	-0.391400	-0.102400	0.276400
1627305626.087637	0.740800	-0.008100	-0.481900	-0.391100	-0.147000	0.282200
1627305626.102934	0.744900	-0.025400	-0.488600	-0.457000	-0.197100	0.285600
1627305626.104636	0.741000	-0.034300	-0.494900	-0.519000	-0.239200	0.283100
1627305626.125632	0.738900	-0.041500	-0.503400	-0.549900	-0.274300	0.275500
1627305626.127858	0.736900	-0.044900	-0.507400	-0.616500	-0.316200	0.259600
1627305626.137939	0.732200	-0.038900	-0.515000	-0.678800	-0.356200	0.242500
1627305626.143305	0.725200	-0.030500	-0.525400	-0.715100	-0.391600	0.226000
1627305626.165869	0.715200	-0.020300	-0.533700	-0.762500	-0.429500	0.214700
1627305626.167807	0.711800	-0.009800	-0.548100	-0.803400	-0.464300	0.210400
1627305626.177806	0.709200	-0.007400	-0.558600	-0.820200	-0.493300	0.209500
1627305626.186992	0.710900	-0.002400	-0.571200	-0.866000	-0.525700	0.209200
1627305626.204315	0.709500	0.006800	-0.576400	-0.918500	-0.560200	0.205800
1627305626.209115	0.707800	0.020600	-0.582500	-0.924300	-0.592000	0.204300
1627305626.217891	0.701400	0.040300	-0.594400	-0.930500	-0.632300	0.206800
1627305626.222249	0.693000	0.065800	-0.618300	-0.930500	-0.667400	0.219600
1627305626.247297	0.689200	0.088500	-0.656400	-0.926200	-0.685500	0.244300
1627305626.248226	0.692500	0.104500	-0.677700	-0.925300	-0.692800	0.286200
1627305626.257826	0.701300	0.110100	-0.682300	-0.896200	-0.701000	0.329900
1627305626.265294	0.704000	0.107300	-0.686400	-0.832100	-0.714800	0.360700
1627305626.285206	0.709600	0.097300	-0.718000	-0.781100	-0.729700	0.387900
1627305626.286773	0.707600	0.087800	-0.757000	-0.767300	-0.730400	0.416600
1627305626.297511	0.706700	0.076500	-0.786500	-0.757000	-0.714500	0.432800
1627305626.315989	0.705600	0.063200	-0.804700	-0.763700	-0.681500	0.449900
1627305626.316891	0.712400	0.053300	-0.812900	-0.784100	-0.635700	0.466100
1627305626.325376	0.721300	0.053600	-0.823200	-0.775900	-0.593200	0.477700
1627305626.349694	0.720900	0.054400	-0.837500	-0.765500	-0.543700	0.496300
1627305626.350204	0.720700	0.054000	-0.839600	-0.770700	-0.485100	0.526200
1627305626.355982	0.722400	0.052500	-0.840500	-0.766400	-0.438100	0.553700
1627305626.377991	0.724400	0.050200	-0.831200	-0.764600	-0.398300	0.580000
1627305626.378814	0.721200	0.052200	-0.820900	-0.783800	-0.363500	0.606900
1627305626.386537	0.721400	0.060700	-0.813200	-0.778300	-0.353400	0.620600
1627305626.398378	0.720300	0.069300	-0.803300	-0.782000	-0.358600	0.631900
1627305626.399295	0.720800	0.085600	-0.800400	-0.826600	-0.389500	0.654500
1627305626.423180	0.727700	0.101600	-0.814700	-0.841300	-0.421600	0.676500
1627305626.426694	0.725300	0.104100	-0.830700	-0.841600	-0.452400	0.701000
1627305626.436578	0.716800	0.100700	-0.848600	-0.833900	-0.486600	0.726300
1627305626.447892	0.706100	0.097200	-0.864700	-0.793300	-0.510700	0.744000
1627305626.457736	0.693000	0.097900	-0.890100	-0.776200	-0.524500	0.761700
1627305626.463530	0.676600	0.103400	-0.921800	-0.737400	-0.516900	0.790800
1627305626.485584	0.661300	0.100200	-0.935900	-0.669300	-0.490900	0.814300
1627305626.486577	0.648600	0.094600	-0.947800	-0.640300	-0.458200	0.836900
1627305626.496384	0.634500	0.089200	-0.959700	-0.622000	-0.412100	0.861000
1627305626.503537	0.625200	0.087500	-0.967900	-0.600900	-0.362000	0.885700
1627305626.523370	0.617200	0.083400	-0.973400	-0.602100	-0.312500	0.907700
1627305626.526692	0.609600	0.073700	-0.974600	-0.623500	-0.252700	0.935200
1627305626.539147	0.601900	0.061400	-0.970800	-0.650100	-0.193400	0.960300
1627305626.543402	0.595600	0.044600	-0.972300	-0.687900	-0.141200	0.978600
1627305626.565595	0.592400	0.033700	-0.960300	-0.750200	-0.080400	0.995100
1627305626.566750	0.594800	0.028000	-0.926800	-0.781700	-0.026900	1.004600
1627305626.577843	0.595800	0.021700	-0.893400	-0.772200	0.001800	1.008200
1627305626.585954	0.597400	0.022600	-0.873700	-0.765200	0.018600	1.010400
1627305626.604529	0.598600	0.024000	-0.862500	-0.748700	0.025000	1.010700
1627305626.606653	0.601800	0.022100	-0.848000	-0.725200	0.025300	1.011000
1627305626.621529	0.601600	0.017100	-0.842700	-0.706900	0.018600	1.011900
1627305626.632111	0.605800	0.013100	-0.843000	-0.709000	0.011800	1.013700
1627305626.636592	0.605100	0.011000	-0.846400	-0.725500	0.007900	1.014900
1627305626.646505	0.607300	0.008900	-0.851200	-0.729200	0.002700	1.012800
1627305626.649649	0.612400	0.003200	-0.856700	-0.754500	-0.008600	1.007300
1627305626.674438	0.612100	0.004400	-0.856200	-0.806100	-0.021100	1.004900
1627305626.676639	0.623200	0.012100	-0.856400	-0.838500	-0.040100	1.001800
1627305626.691472	0.630400	0.022700	-0.860100	-0.833600	-0.058100	1.001800
1627305626.694577	0.632400	0.036900	-0.868000	-0.842500	-0.071200	1.007300
1627305626.718194	0.632700	0.058600	-0.882600	-0.854100	-0.080400	1.018600
1627305626.719143	0.630600	0.080600	-0.899900	-0.820500	-0.085600	1.042100
1627305626.722769	0.631800	0.091800	-0.912500	-0.794500	-0.090200	1.068100
1627305626.743050	0.626800	0.099400	-0.938000	-0.783800	-0.095100	1.100200
1627305626.750987	0.618000	0.104000	-0.977400	-0.744100	-0.086500	1.143800
1627305626.751892	0.613900	0.095700	-1.007300	-0.707800	-0.059900	1.181700
