1627305616.771385	0.635100	-0.540500	-0.576300	0.044500	0.000100	0.044300
1627305616.772231	0.635000	-0.534800	-0.567500	-0.003400	0.005300	0.034800
1627305616.773064	0.635500	-0.540200	-0.571400	0.006100	-0.002000	0.036900
1627305616.773757	0.633100	-0.556900	-0.581900	0.017400	-0.007800	0.036300
1627305616.776297	0.632600	-0.570400	-0.590800	-0.003400	-0.006600	0.018600
1627305616.776929	0.635300	-0.570600	-0.588700	-0.030900	0.001000	-0.006800
1627305616.777489	0.631500	-0.561500	-0.582400	-0.043400	-0.000800	-0.026600
1627305616.778040	0.631300	-0.557400	-0.580200	-0.030600	-0.000500	-0.040700
1627305616.778591	0.636200	-0.559200	-0.584100	-0.029100	0.001600	-0.059300
1627305616.779152	0.636400	-0.556800	-0.582500	-0.060500	0.002200	-0.081900
1627305616.779708	0.641000	-0.546600	-0.579300	-0.066600	0.001300	-0.098700
1627305616.780218	0.642700	-0.536000	-0.576800	-0.063300	-0.004200	-0.108200
1627305616.780713	0.643400	-0.522700	-0.575000	-0.072700	-0.010900	-0.111800
1627305616.781207	0.640300	-0.513500	-0.577100	-0.074300	-0.017600	-0.108200
1627305616.781708	0.642900	-0.509000	-0.580700	-0.063600	-0.023400	-0.101100
1627305616.782200	0.642200	-0.509800	-0.589600	-0.045300	-0.029200	-0.097800
1627305616.782662	0.641400	-0.504800	-0.592800	-0.036400	-0.035600	-0.093500
1627305616.783115	0.647200	-0.502400	-0.594200	-0.020800	-0.043900	-0.087400
1627305616.783561	0.647100	-0.495100	-0.598100	0.007900	-0.053700	-0.080700
1627305616.783991	0.645400	-0.486500	-0.600500	0.017100	-0.055800	-0.071800
1627305616.784439	0.643700	-0.474500	-0.601600	-0.007700	-0.048800	-0.057500
1627305616.784844	0.641000	-0.467400	-0.602800	-0.001900	-0.041400	-0.032400
1627305616.785248	0.640400	-0.477900	-0.614400	0.044200	-0.034700	-0.000600
1627305616.785702	0.638400	-0.489300	-0.618300	0.050000	-0.020400	0.022300
1627305616.786107	0.641400	-0.493400	-0.616600	0.040000	-0.006600	0.032700
1627305616.786506	0.639200	-0.497900	-0.612200	0.054600	-0.000500	0.042400
1627305616.786950	0.641500	-0.501800	-0.610500	0.064100	0.005900	0.048200
1627305616.787354	0.641500	-0.501800	-0.610500	0.064100	0.005900	0.048200
1627305616.787753	0.638400	-0.504000	-0.610100	0.051600	0.007400	0.053700
1627305616.788196	0.642600	-0.501100	-0.609400	0.035400	0.013800	0.058600
1627305616.788597	0.647300	-0.487300	-0.610400	0.009700	0.015700	0.063500
1627305616.789040	0.659300	-0.463100	-0.617400	-0.059000	0.019600	0.072400
1627305616.789449	0.666300	-0.433300	-0.634600	-0.091100	0.019000	0.091000
1627305616.789851	0.650100	-0.405200	-0.648200	-0.062700	0.034000	0.140800
1627305616.790298	0.664800	-0.387500	-0.654700	-0.039800	0.076500	0.202200
1627305616.790698	0.666400	-0.396700	-0.666900	0.070500	0.106100	0.274600
1627305616.791100	0.655000	-0.427700	-0.663700	0.307800	0.133900	0.349400
1627305616.791546	0.662500	-0.446300	-0.601100	0.399500	0.164100	0.397600
1627305616.791949	0.672200	-0.435900	-0.541600	0.380800	0.150700	0.429400
1627305616.792351	0.663100	-0.442600	-0.510500	0.423300	0.115200	0.479800
1627305616.792805	0.667200	-0.477700	-0.497300	0.471800	0.074600	0.511600
1627305616.793208	0.658800	-0.519200	-0.491600	0.397900	0.038300	0.539100
1627305616.793654	0.636100	-0.554800	-0.492100	0.397900	-0.007800	0.554000
1627305616.794056	0.651700	-0.585700	-0.467800	0.340800	-0.042100	0.533600
1627305616.794464	0.630500	-0.607500	-0.460300	0.293200	-0.107100	0.535700
1627305616.794900	0.613800	-0.636200	-0.471300	0.330100	-0.184100	0.527500
1627305616.795302	0.601200	-0.662100	-0.479400	0.360100	-0.255600	0.511600
1627305616.795702	0.591900	-0.674700	-0.483600	0.295600	-0.319100	0.489900
1627305616.796148	0.589500	-0.686000	-0.509600	0.287100	-0.378600	0.470000
1627305616.796550	0.569100	-0.705700	-0.555300	0.347500	-0.434500	0.445900
1627305616.796956	0.575200	-0.720100	-0.595600	0.350000	-0.443100	0.405000
1627305616.797403	0.540000	-0.715200	-0.630600	0.300800	-0.448000	0.374400
1627305616.797803	0.532300	-0.716900	-0.649300	0.372000	-0.412500	0.347200
1627305616.798229	0.522100	-0.735700	-0.662600	0.431800	-0.368000	0.319500
1627305616.798651	0.539200	-0.778900	-0.701700	0.459600	-0.301100	0.293800
1627305616.799053	0.495100	-0.836900	-0.742300	0.830400	-0.287000	0.303600
1627305616.799500	0.451400	-0.843100	-0.689500	1.065600	-0.165100	0.272700
1627305616.799902	0.502700	-0.795300	-0.585700	0.857000	-0.056100	0.145000
1627305616.800302	0.482400	-0.761400	-0.543500	0.814800	-0.042100	0.105300
1627305616.800749	0.499000	-0.788800	-0.535000	0.822500	-0.033800	0.066600
1627305616.801151	0.495600	-0.822500	-0.544600	0.622400	-0.033200	0.006700
1627305616.801552	0.491500	-0.833000	-0.550500	0.423900	-0.023100	-0.071500
1627305616.801997	0.480800	-0.835600	-0.554100	0.368300	-0.016100	-0.157600
1627305616.802400	0.474200	-0.843000	-0.552600	0.353600	-0.008800	-0.253200
1627305616.802802	0.475600	-0.832500	-0.546600	0.226600	0.003100	-0.368100
1627305616.803241	0.479900	-0.794900	-0.540600	0.091900	0.009600	-0.477700
1627305616.803645	0.487500	-0.759000	-0.544400	0.049700	0.005000	-0.559300
1627305616.804085	0.493400	-0.720800	-0.560200	-0.024500	0.000700	-0.627700
1627305616.804568	0.492900	-0.670700	-0.571000	-0.121900	0.003100	-0.675600
1627305616.805059	0.498300	-0.622400	-0.577800	-0.125000	0.006500	-0.694900
1627305616.805589	0.505900	-0.590700	-0.582200	-0.095700	0.011700	-0.697300
1627305616.806060	0.508300	-0.554300	-0.588700	-0.147000	0.016000	-0.685700
1627305616.806522	0.516400	-0.518600	-0.589700	-0.198600	0.022100	-0.664300
1627305616.806964	0.527200	-0.492200	-0.593000	-0.193100	0.021200	-0.634700
1627305616.807419	0.530000	-0.471600	-0.596800	-0.210800	0.020300	-0.590100
1627305616.807874	0.526900	-0.453500	-0.602500	-0.222400	0.024500	-0.534800
1627305616.808331	0.540000	-0.442100	-0.602300	-0.199500	0.032500	-0.477700
1627305616.808786	0.539600	-0.436800	-0.599900	-0.177500	0.030300	-0.412100
1627305616.809246	0.540400	-0.441000	-0.588700	-0.153400	0.029400	-0.328700
1627305616.809703	0.541500	-0.452800	-0.583100	-0.121900	0.017800	-0.261800
1627305616.810157	0.547900	-0.472500	-0.577600	-0.103600	0.004400	-0.215400
1627305616.810614	0.556400	-0.488000	-0.575400	-0.142400	-0.013700	-0.188800
1627305616.811070	0.563500	-0.488900	-0.577400	-0.219400	-0.040500	-0.172300
1627305616.811522	0.557100	-0.482300	-0.583300	-0.261500	-0.066500	-0.151200
1627305616.811977	0.554700	-0.483600	-0.596600	-0.287800	-0.076600	-0.125600
1627305616.812430	0.548500	-0.502900	-0.610800	-0.329300	-0.068600	-0.092900
1627305616.812896	0.546600	-0.524200	-0.621200	-0.349500	-0.045700	-0.087100
1627305616.813406	0.549700	-0.542100	-0.621300	-0.378800	-0.019500	-0.102700
1627305616.813899	0.560300	-0.542100	-0.615200	-0.430700	-0.002400	-0.131100
1627305616.814531	0.569200	-0.524700	-0.610400	-0.494500	-0.000500	-0.157000
1627305616.815001	0.606700	-0.493400	-0.627100	-0.551400	-0.005400	-0.179000
1627305616.815476	0.644300	-0.445800	-0.646500	-0.587100	-0.035300	-0.212900
1627305616.815917	0.598100	-0.352100	-0.640300	-0.791400	-0.055800	-0.197300
1627305616.816335	0.606100	-0.303000	-0.647100	-0.889800	-0.002000	-0.114900
1627305616.816752	0.634400	-0.335000	-0.689100	-0.758400	0.041000	-0.030300
1627305616.817191	0.638300	-0.391400	-0.731900	-0.748400	0.099100	0.009700
1627305616.817609	0.624000	-0.393800	-0.726900	-0.885800	0.177200	0.012500
1627305616.818025	0.624000	-0.338700	-0.688200	-0.921800	0.251500	0.030200
1627305616.818466	0.620600	-0.301900	-0.648900	-0.819800	0.290300	0.103200
1627305616.818919	0.631000	-0.317100	-0.626000	-0.742600	0.320800	0.212200
1627305616.819326	0.646200	-0.340800	-0.616200	-0.823500	0.341300	0.290700
1627305616.819784	0.657600	-0.356800	-0.611500	-0.880000	0.351300	0.352400
1627305616.820243	0.649700	-0.378100	-0.619900	-0.814000	0.339100	0.412600
1627305616.820701	0.645000	-0.402000	-0.628500	-0.785000	0.331200	0.477700
1627305616.821169	0.643200	-0.421600	-0.647600	-0.773700	0.330900	0.529600
1627305616.821606	0.660900	-0.434600	-0.666900	-0.651800	0.341300	0.566900
1627305616.822068	0.648200	-0.416600	-0.643700	-0.615500	0.366300	0.594000
1627305616.822526	0.651100	-0.372900	-0.590100	-0.691900	0.369400	0.631900
1627305616.822944	0.648700	-0.347300	-0.577400	-0.637200	0.344900	0.703400
1627305616.823393	0.646900	-0.353100	-0.579600	-0.579200	0.321400	0.771200
1627305616.823809	0.633800	-0.375600	-0.579600	-0.629900	0.291200	0.824900
1627305616.824224	0.612500	-0.389300	-0.589100	-0.666800	0.268300	0.872900
1627305616.824743	0.605500	-0.452000	-0.632700	-0.530000	0.248400	0.912000
1627305616.825310	0.588400	-0.533100	-0.672500	-0.399300	0.238300	0.912900
1627305616.825776	0.567300	-0.573700	-0.680900	-0.432900	0.260600	0.872900
1627305616.826346	0.568800	-0.560900	-0.652800	-0.467700	0.286300	0.821000
1627305616.827067	0.570300	-0.528000	-0.624000	-0.440500	0.282300	0.789500
1627305616.827944	0.573100	-0.506100	-0.613200	-0.478400	0.267000	0.775500
1627305616.828533	0.566500	-0.494800	-0.622200	-0.563300	0.251200	0.779100
1627305616.828955	0.566700	-0.491000	-0.635100	-0.571200	0.247200	0.781900
1627305616.829407	0.561900	-0.482700	-0.637200	-0.603000	0.247500	0.785200
1627305616.829824	0.551900	-0.452900	-0.616900	-0.729700	0.251200	0.808100
1627305616.830258	0.559400	-0.457500	-0.614500	-0.676900	0.213300	0.827700
1627305616.830705	0.521100	-0.500600	-0.644700	-0.597500	0.175400	0.875000
1627305616.831123	0.524900	-0.530200	-0.666500	-0.652200	0.166900	0.891800
1627305616.831539	0.539800	-0.555900	-0.684100	-0.619200	0.151000	0.897300
1627305616.831983	0.539300	-0.602200	-0.715500	-0.433500	0.143000	0.901600
1627305616.832401	0.533000	-0.627900	-0.726600	-0.396200	0.152200	0.870800
1627305616.832971	0.562500	-0.622900	-0.710000	-0.430100	0.191900	0.820100
1627305616.833402	0.534200	-0.602100	-0.706100	-0.485100	0.180900	0.798700
1627305616.833830	0.535300	-0.596200	-0.716100	-0.467700	0.187600	0.786500
1627305616.834291	0.548300	-0.613500	-0.747100	-0.439600	0.198000	0.776400
1627305616.834714	0.532600	-0.634500	-0.788500	-0.479900	0.220900	0.776700
1627305616.835127	0.534100	-0.646000	-0.822500	-0.507100	0.284800	0.750400
1627305616.835573	0.532100	-0.644500	-0.837500	-0.474400	0.340300	0.732100
1627305616.835987	0.535900	-0.646100	-0.837900	-0.459400	0.414000	0.719600
1627305616.836407	0.541000	-0.655500	-0.826900	-0.423100	0.473800	0.712500
1627305616.837026	0.539100	-0.677400	-0.814700	-0.389200	0.526000	0.706100
1627305616.837615	0.558500	-0.693200	-0.804600	-0.417000	0.586200	0.686900
1627305616.838050	0.557600	-0.715500	-0.805100	-0.437100	0.636600	0.662500
1627305616.838483	0.565200	-0.744000	-0.807300	-0.444800	0.707200	0.620300
1627305616.838898	0.579300	-0.763900	-0.809600	-0.480800	0.778600	0.558600
1627305616.839342	0.574100	-0.764000	-0.790800	-0.547700	0.842800	0.499700
1627305616.839756	0.585100	-0.768100	-0.774700	-0.545600	0.903300	0.440100
1627305616.840169	0.594700	-0.782800	-0.762300	-0.487500	0.943000	0.380500
1627305616.840721	0.597900	-0.797400	-0.739900	-0.476800	0.976300	0.315200
1627305616.841125	0.602800	-0.795000	-0.704800	-0.509200	0.996700	0.236400
1627305616.841527	0.610500	-0.784800	-0.681600	-0.528100	0.996400	0.164900
1627305616.841980	0.621700	-0.786500	-0.681900	-0.533300	0.983000	0.102600
1627305616.842390	0.619000	-0.792700	-0.699500	-0.528100	0.970100	0.040900
1627305616.842794	0.617800	-0.786500	-0.718900	-0.529400	0.978100	-0.026900
1627305616.843249	0.630000	-0.767800	-0.723500	-0.536700	1.003400	-0.098700
1627305616.843653	0.626300	-0.739300	-0.721200	-0.545600	1.031200	-0.153700
1627305616.844114	0.632100	-0.693600	-0.709000	-0.550700	1.075500	-0.201300
1627305616.844575	0.641400	-0.667200	-0.698100	-0.504600	1.114000	-0.222400
1627305616.844978	0.626200	-0.654300	-0.694300	-0.453300	1.138400	-0.232800
1627305616.845421	0.651000	-0.643900	-0.687100	-0.463700	1.194000	-0.249900
1627305616.845881	0.658800	-0.639900	-0.692300	-0.442300	1.236200	-0.266700
1627305616.846319	0.641000	-0.626600	-0.680200	-0.376000	1.272500	-0.280700
1627305616.846762	0.671500	-0.611800	-0.643800	-0.362900	1.337300	-0.299400
1627305616.847165	0.653700	-0.594600	-0.606900	-0.345800	1.359000	-0.294800
1627305616.847566	0.680200	-0.604400	-0.586700	-0.267600	1.397100	-0.303300
1627305616.848075	0.688600	-0.620700	-0.576700	-0.264900	1.416700	-0.320100
1627305616.848488	0.667600	-0.621300	-0.557700	-0.290800	1.428900	-0.337800
1627305616.848925	0.687100	-0.617700	-0.515100	-0.241300	1.451800	-0.369000
1627305616.849330	0.695200	-0.619800	-0.482900	-0.215700	1.443600	-0.403800
1627305616.849732	0.687100	-0.611000	-0.441800	-0.273400	1.428000	-0.426700
1627305616.850183	0.705800	-0.615400	-0.407800	-0.240700	1.395000	-0.477400
1627305616.850599	0.704200	-0.619600	-0.394800	-0.231000	1.357700	-0.517100
1627305616.851012	0.713300	-0.619100	-0.382800	-0.263600	1.337300	-0.572100
1627305616.851460	0.690800	-0.592000	-0.361600	-0.299100	1.294500	-0.615800
1627305616.851874	0.724400	-0.564600	-0.335400	-0.289600	1.275900	-0.657300
1627305616.852288	0.730100	-0.544300	-0.328100	-0.266100	1.223400	-0.687900
1627305616.852731	0.732800	-0.517800	-0.321900	-0.295100	1.184300	-0.702800
1627305616.853147	0.747900	-0.489100	-0.318600	-0.278900	1.145200	-0.711400
1627305616.853579	0.756800	-0.470700	-0.310500	-0.199200	1.108800	-0.711100
1627305616.854008	0.763400	-0.449800	-0.291500	-0.201600	1.077700	-0.704700
1627305616.854423	0.771600	-0.419900	-0.270900	-0.237400	1.046500	-0.686000
1627305616.854865	0.781400	-0.398700	-0.255000	-0.205300	1.007700	-0.657600
1627305616.855279	0.790800	-0.388400	-0.247300	-0.170800	0.968000	-0.625300
1627305616.855692	0.797000	-0.372800	-0.231900	-0.240700	0.935000	-0.592900
1627305616.856180	0.803800	-0.364900	-0.214500	-0.196400	0.887100	-0.549200
1627305616.856594	0.808800	-0.368200	-0.207800	-0.159800	0.839400	-0.515300
1627305616.857006	0.810200	-0.372700	-0.201800	-0.142400	0.794200	-0.488100
1627305616.857449	0.809900	-0.367400	-0.191400	-0.099000	0.749600	-0.467300
1627305616.857860	0.813600	-0.360000	-0.180800	-0.055600	0.702900	-0.445700
1627305616.858343	0.815200	-0.351700	-0.174200	0.000900	0.653400	-0.419400
1627305616.858795	0.820600	-0.349000	-0.177900	0.060400	0.603300	-0.393700
1627305616.859210	0.828700	-0.346600	-0.171800	0.126400	0.558100	-0.373600
1627305616.859655	0.840900	-0.348400	-0.167400	0.162100	0.518400	-0.364700
1627305616.860072	0.838400	-0.350600	-0.158000	0.186000	0.474400	-0.359800
1627305616.860479	0.840300	-0.351600	-0.152800	0.216200	0.437800	-0.360400
1627305616.860927	0.842900	-0.352200	-0.146400	0.237600	0.404500	-0.364700
1627305616.861328	0.846200	-0.350000	-0.146200	0.251300	0.370600	-0.370200
1627305616.861733	0.846700	-0.339100	-0.141200	0.272700	0.330600	-0.377500
1627305616.862174	0.846100	-0.321400	-0.124000	0.300500	0.288100	-0.380600
1627305616.862577	0.848500	-0.300900	-0.103500	0.320000	0.238300	-0.372400
1627305616.862978	0.853400	-0.292200	-0.090200	0.348400	0.177500	-0.353700
1627305616.863424	0.851100	-0.298300	-0.093000	0.391800	0.107600	-0.336600
1627305616.863825	0.852100	-0.310200	-0.103000	0.423900	0.042900	-0.330500
1627305616.864270	0.847000	-0.306800	-0.105700	0.422700	-0.017900	-0.333300
1627305616.864672	0.842400	-0.278000	-0.082900	0.437300	-0.093400	-0.337200
1627305616.865074	0.841400	-0.275000	-0.066200	0.477300	-0.178000	-0.331700
1627305616.865521	0.837900	-0.290200	-0.074500	0.508200	-0.268100	-0.329300
1627305616.865924	0.831800	-0.311800	-0.095900	0.498400	-0.359100	-0.340000
1627305616.866326	0.828200	-0.310500	-0.113800	0.478300	-0.438500	-0.360400
1627305616.866772	0.826400	-0.288700	-0.135700	0.486200	-0.512400	-0.375400
1627305616.868011	0.831100	-0.259500	-0.157200	0.518600	-0.577800	-0.375100
1627305616.868412	0.843400	-0.215500	-0.175700	0.565300	-0.645000	-0.335400
1627305616.870237	0.849900	-0.190600	-0.191000	0.643800	-0.691100	-0.273400
1627305616.870638	0.855000	-0.183100	-0.212200	0.730200	-0.725900	-0.193700
1627305616.871041	0.858900	-0.190200	-0.231300	0.810600	-0.752200	-0.108200
1627305616.873155	0.858300	-0.201700	-0.245200	0.860700	-0.766200	-0.028400
1627305616.873581	0.857200	-0.206100	-0.255500	0.879300	-0.776300	0.049800
1627305616.873993	0.860200	-0.210400	-0.262900	0.904300	-0.783600	0.127300
1627305616.874395	0.855500	-0.218000	-0.272200	0.922400	-0.788500	0.214400
1627305616.876487	0.855800	-0.233200	-0.279200	0.937000	-0.784000	0.284900
1627305616.876893	0.855100	-0.255600	-0.283700	0.944000	-0.774200	0.345100
1627305616.877339	0.849100	-0.281100	-0.282700	0.962700	-0.763500	0.390300
1627305616.877741	0.843900	-0.310900	-0.278400	0.991700	-0.755900	0.419600
1627305616.878150	0.839000	-0.338400	-0.267000	1.019200	-0.755500	0.430600
1627305616.880686	0.830300	-0.369100	-0.259600	1.061300	-0.763200	0.435800
1627305616.881086	0.826200	-0.393100	-0.264600	1.099200	-0.779400	0.427300
1627305616.881488	0.823900	-0.408300	-0.267000	1.153300	-0.795300	0.413500
1627305616.883253	0.815900	-0.423600	-0.271700	1.182900	-0.805300	0.394300
1627305616.883653	0.800200	-0.437500	-0.283100	1.180700	-0.806200	0.370800
1627305616.884100	0.781200	-0.459100	-0.300400	1.225600	-0.797100	0.344200
1627305616.885761	0.756600	-0.494300	-0.312600	1.293100	-0.785800	0.317000
1627305616.886161	0.726300	-0.545200	-0.297500	1.334100	-0.799200	0.272700
1627305616.886608	0.733300	-0.586500	-0.271600	1.343500	-0.824000	0.231500
1627305616.887016	0.752400	-0.608800	-0.258300	1.215000	-0.884400	0.187800
1627305616.889110	0.754000	-0.610400	-0.256000	1.054000	-0.959900	0.143200
1627305616.889514	0.806000	-0.571900	-0.306400	0.919300	-1.053000	0.065900
1627305616.889961	0.795900	-0.555700	-0.318000	0.950100	-1.160600	-0.004600
1627305616.890365	0.775900	-0.543900	-0.319800	0.829200	-1.243600	-0.048300
1627305616.892012	0.740800	-0.551900	-0.345300	0.788900	-1.347800	-0.051300
1627305616.892458	0.723400	-0.603000	-0.391400	0.895500	-1.425700	-0.037600
1627305616.892859	0.719600	-0.656000	-0.436000	0.939500	-1.465400	-0.044600
1627305616.894953	0.731200	-0.678700	-0.460800	0.934300	-1.485500	-0.085900
1627305616.895357	0.740600	-0.682300	-0.481600	1.017000	-1.513300	-0.141100
1627305616.895809	0.723300	-0.688600	-0.511100	1.139500	-1.546000	-0.188800
1627305616.896214	0.708900	-0.691500	-0.528200	1.160600	-1.546600	-0.240100
1627305616.896616	0.698400	-0.680900	-0.539200	1.084500	-1.519100	-0.302100
1627305616.899220	0.681400	-0.679300	-0.556400	1.053400	-1.484900	-0.353400
1627305616.899625	0.682600	-0.688400	-0.571700	1.027400	-1.433600	-0.411800
1627305616.900026	0.682000	-0.676600	-0.580300	0.935200	-1.377700	-0.475000
1627305616.900471	0.687000	-0.645000	-0.580900	0.849700	-1.315700	-0.529700
1627305616.902118	0.696400	-0.615200	-0.585600	0.858500	-1.261600	-0.569400
1627305616.902518	0.695300	-0.599700	-0.599500	0.888500	-1.211900	-0.593200
1627305616.902962	0.690200	-0.581200	-0.603800	0.824600	-1.136100	-0.603900
1627305616.903364	0.688600	-0.579000	-0.600600	0.845400	-1.081100	-0.606900
1627305616.905871	0.685200	-0.596800	-0.607100	0.902200	-1.028900	-0.608800
1627305616.906318	0.683600	-0.610100	-0.609400	0.877800	-0.973900	-0.630100
1627305616.906721	0.691500	-0.606700	-0.596600	0.861300	-0.933900	-0.662500
1627305616.907124	0.694000	-0.587200	-0.572100	0.941300	-0.918600	-0.685700
1627305616.908816	0.686500	-0.572500	-0.551400	1.010600	-0.918600	-0.688500
1627305616.909218	0.677900	-0.558200	-0.531600	1.060100	-0.933000	-0.676300
1627305616.909663	0.694700	-0.574600	-0.534200	1.149000	-0.929900	-0.668600
1627305616.912556	0.646200	-0.590000	-0.538100	1.206400	-0.956800	-0.665300
1627305616.912972	0.663200	-0.600300	-0.523700	1.215900	-0.927500	-0.691500
1627305616.913402	0.661000	-0.595800	-0.515300	1.146500	-0.940600	-0.727000
1627305616.913807	0.664700	-0.592700	-0.518200	1.158100	-0.960200	-0.741000
1627305616.914303	0.629500	-0.587500	-0.511500	1.218300	-1.014600	-0.737300
1627305616.914710	0.654500	-0.578000	-0.492200	1.215000	-1.024300	-0.740400
1627305616.916878	0.637000	-0.541100	-0.486200	1.088500	-1.079300	-0.724200
1627305616.917282	0.656100	-0.529400	-0.496000	1.131000	-1.106500	-0.691500
1627305616.917685	0.637700	-0.555100	-0.534400	1.249500	-1.152300	-0.654600
1627305616.918133	0.622200	-0.583400	-0.560800	1.245200	-1.164800	-0.631100
1627305616.920626	0.625400	-0.600200	-0.565700	1.243700	-1.153500	-0.629800
1627305616.921029	0.615200	-0.611800	-0.567600	1.313000	-1.162400	-0.635300
1627305616.921474	0.607900	-0.620700	-0.574500	1.324300	-1.164200	-0.643000
1627305616.921878	0.600300	-0.612100	-0.577000	1.249200	-1.165700	-0.648800
1627305616.922288	0.603500	-0.603400	-0.584600	1.232700	-1.162700	-0.644200
1627305616.924375	0.603500	-0.608800	-0.600200	1.262900	-1.168800	-0.633800
1627305616.924819	0.609900	-0.622400	-0.620800	1.262600	-1.164500	-0.626500
1627305616.925221	0.591200	-0.631000	-0.630000	1.223500	-1.165400	-0.620100
1627305616.925622	0.603600	-0.640300	-0.631800	1.219200	-1.148600	-0.618500
1627305616.927714	0.596700	-0.661100	-0.650800	1.222000	-1.151400	-0.616400
1627305616.928152	0.592500	-0.682400	-0.672100	1.196300	-1.134000	-0.628900
1627305616.928565	0.589700	-0.694100	-0.687900	1.173700	-1.108300	-0.663700
1627305616.928966	0.582600	-0.694500	-0.696700	1.160600	-1.073500	-0.703700
1627305616.931537	0.588000	-0.683800	-0.705100	1.105900	-1.024600	-0.748600
1627305616.931982	0.596200	-0.662500	-0.708100	1.012500	-0.981600	-0.780100
1627305616.932383	0.599500	-0.643200	-0.724200	0.941600	-0.945800	-0.798100
1627305616.932784	0.585100	-0.633900	-0.738000	0.930600	-0.921400	-0.790800
1627305616.933185	0.601100	-0.635500	-0.740400	0.928500	-0.881700	-0.793500
1627305616.935189	0.602300	-0.637700	-0.744600	0.892400	-0.848700	-0.797500
1627305616.935590	0.610200	-0.643300	-0.749800	0.869800	-0.810800	0.000000
1627305618.815836	0.640000	-0.603600	-0.745000	0.547000	0.061200	-0.893400
1627305618.816671	0.874500	-0.353000	-0.192900	0.118500	-0.090900	-0.081600
1627305618.817494	0.870800	-0.361000	-0.200100	0.159700	-0.119600	-0.089200
1627305618.835752	0.873300	-0.362200	-0.202100	0.189000	-0.147400	-0.104500
1627305618.848558	0.876100	-0.356600	-0.199800	0.206100	-0.181600	-0.119100
1627305618.849473	0.877800	-0.348400	-0.201800	0.212500	-0.221300	-0.130500
1627305618.868496	0.877400	-0.345500	-0.214200	0.221100	-0.248800	-0.137500
1627305618.878462	0.875900	-0.342300	-0.229600	0.228700	-0.267500	-0.141100
1627305618.879368	0.874000	-0.335800	-0.235100	0.246100	-0.278500	-0.140800
1627305618.885124	0.876500	-0.335600	-0.241200	0.281600	-0.290100	-0.139900
1627305618.895022	0.876000	-0.344400	-0.247400	0.324300	-0.302900	-0.138400
1627305618.897304	0.876100	-0.349200	-0.253900	0.345100	-0.314500	-0.144500
1627305618.920388	0.878100	-0.344100	-0.249500	0.350600	-0.329200	-0.154000
1627305618.942101	0.881200	-0.339700	-0.253300	0.390600	-0.349900	-0.151500
1627305618.954422	0.882700	-0.335700	-0.255500	0.442200	-0.368900	-0.143600
1627305618.955261	0.885400	-0.330300	-0.254000	0.457800	-0.388100	-0.133500
1627305618.956203	0.883100	-0.322500	-0.253100	0.468500	-0.411300	-0.114600
1627305618.969666	0.882700	-0.324800	-0.254800	0.511500	-0.438800	-0.087100
1627305618.986152	0.877900	-0.346100	-0.262900	0.561900	-0.474200	-0.055000
1627305618.987043	0.875200	-0.364900	-0.271200	0.583000	-0.508800	-0.036400
1627305618.996460	0.873700	-0.377600	-0.278000	0.592200	-0.537500	-0.026600
1627305619.005183	0.867400	-0.388100	-0.293600	0.614200	-0.563400	-0.023200
1627305619.026908	0.866300	-0.399300	-0.311300	0.630100	-0.579300	-0.028700
1627305619.028019	0.861600	-0.402000	-0.322900	0.636800	-0.584800	-0.037600
1627305619.035296	0.861600	-0.405200	-0.334500	0.653000	-0.584800	-0.049500
1627305619.046352	0.855700	-0.407800	-0.341200	0.686600	-0.577200	-0.062600
1627305619.067287	0.858200	-0.410600	-0.337600	0.687200	-0.568600	-0.077300
1627305619.077022	0.864700	-0.408600	-0.335400	0.679500	-0.563100	-0.086200
1627305619.077963	0.871300	-0.412600	-0.326900	0.679800	-0.563100	-0.094400
1627305619.083975	0.875200	-0.419100	-0.322100	0.679800	-0.567700	-0.102700
1627305619.104983	0.875400	-0.430200	-0.321500	0.678900	-0.573800	-0.119100
1627305619.117059	0.879000	-0.437400	-0.317700	0.666400	-0.582700	-0.141400
1627305619.117971	0.875700	-0.439100	-0.308200	0.669200	-0.602800	-0.169500
1627305619.126545	0.869100	-0.445400	-0.309900	0.681100	-0.621800	-0.188500
1627305619.150046	0.858500	-0.451800	-0.321000	0.700600	-0.639200	-0.207400
1627305619.151644	0.850100	-0.454700	-0.334600	0.711000	-0.650200	-0.228500
1627305619.165968	0.841400	-0.449300	-0.341900	0.719900	-0.660300	-0.242200
1627305619.166880	0.835900	-0.446500	-0.353800	0.752500	-0.674000	-0.246800
1627305619.188078	0.820600	-0.449800	-0.370000	0.794700	-0.686200	-0.243800
1627305619.190353	0.814200	-0.452900	-0.382300	0.792200	-0.700300	-0.245000
1627305619.197600	0.808200	-0.448400	-0.387900	0.763200	-0.719800	-0.240400
1627305619.208430	0.805800	-0.451500	-0.400400	0.772700	-0.744200	-0.233100
1627305619.209412	0.799400	-0.465000	-0.422500	0.802900	-0.764400	-0.230900
1627305619.232647	0.793300	-0.476100	-0.440300	0.816700	-0.773000	-0.238600
1627305619.236262	0.783900	-0.479000	-0.451200	0.813900	-0.770800	-0.258400
1627305619.251430	0.776200	-0.475100	-0.461100	0.816400	-0.761700	-0.284700
1627305619.253439	0.766800	-0.478800	-0.479100	0.853600	-0.746400	-0.314300
1627305619.274714	0.761600	-0.480100	-0.488400	0.898500	-0.720700	-0.348200
1627305619.275654	0.758900	-0.466700	-0.482500	0.898500	-0.691100	-0.384300
1627305619.294571	0.756100	-0.439900	-0.466600	0.904300	-0.673400	-0.404700
1627305619.304848	0.753500	-0.417400	-0.448400	0.934600	-0.669100	-0.407200
1627305619.305752	0.752800	-0.405200	-0.436200	0.948600	-0.678000	-0.391300
1627305619.312718	0.746000	-0.402800	-0.421900	0.961100	-0.700300	-0.368700
1627305619.335596	0.740000	-0.407700	-0.410900	0.996300	-0.731400	-0.344300
1627305619.336416	0.743200	-0.416000	-0.398300	1.014900	-0.767200	-0.327100
1627305619.347729	0.749400	-0.427000	-0.392100	1.007900	-0.806600	-0.315200
1627305619.354785	0.745800	-0.439300	-0.395900	1.032300	-0.846900	-0.303600
1627305619.374571	0.748900	-0.456200	-0.410600	1.073200	-0.876200	-0.304900
1627305619.375492	0.754200	-0.465100	-0.421400	1.094000	-0.896400	-0.315500
1627305619.384059	0.747900	-0.458100	-0.429600	1.091600	-0.908000	-0.326500
1627305619.394831	0.755100	-0.440300	-0.429100	1.105000	-0.919000	-0.325300
1627305619.395733	0.767600	-0.435900	-0.431400	1.140400	-0.936100	-0.307000
1627305619.418724	0.776500	-0.439100	-0.436200	1.161500	-0.956200	-0.279800
1627305619.428814	0.792600	-0.445400	-0.438000	1.142000	-0.972400	-0.250500
1627305619.445707	0.804900	-0.451300	-0.437700	1.130400	-0.992000	-0.218100
1627305619.464350	0.814100	-0.465600	-0.436500	1.125500	-1.011800	-0.191800
1627305619.465178	0.803600	-0.486700	-0.440800	1.092500	-1.029800	-0.168900
1627305619.466602	0.791100	-0.506200	-0.457600	1.079000	-1.039300	-0.159800
1627305619.482096	0.773900	-0.534300	-0.477300	1.122100	-1.037800	-0.163400
1627305619.484541	0.759000	-0.564700	-0.495500	1.168200	-1.032000	-0.182400
1627305619.506875	0.742700	-0.582400	-0.508400	1.196900	-1.030400	-0.211100
1627305619.507704	0.736000	-0.590000	-0.515600	1.256500	-1.038700	-0.235800
1627305619.515217	0.732200	-0.594800	-0.522600	1.315100	-1.061600	-0.252000
1627305619.524562	0.719400	-0.603400	-0.539600	1.359700	-1.097300	-0.256600
1627305619.547729	0.717700	-0.622200	-0.560500	1.391500	-1.123000	-0.251700
1627305619.548895	0.717900	-0.655500	-0.590200	1.417500	-1.141900	-0.252300
1627305619.563832	0.709200	-0.698900	-0.625400	1.423600	-1.145300	-0.273100
1627305619.574823	0.701200	-0.733600	-0.653000	1.387500	-1.130300	-0.324400
1627305619.575915	0.694000	-0.749000	-0.677500	1.313300	-1.099500	-0.391900
1627305619.593105	0.683700	-0.750700	-0.702000	1.241200	-1.053000	-0.466400
1627305619.595086	0.678200	-0.738000	-0.729100	1.148400	-0.975200	-0.561400
1627305619.610738	0.674600	-0.724400	-0.752400	1.068700	-0.897900	-0.631400
1627305619.614542	0.668800	-0.712900	-0.772300	1.015200	-0.807800	-0.695800
1627305619.636800	0.671500	-0.695200	-0.783700	0.961800	-0.703600	-0.762100
1627305619.638947	0.677200	-0.672400	-0.776000	0.896100	-0.598200	-0.825900
1627305619.642568	0.687400	-0.648800	-0.761800	0.852400	-0.494100	-0.882400
1627305619.668500	0.691200	-0.625200	-0.743300	0.788600	-0.385400	-0.932500
1627305619.669407	0.697400	-0.597000	-0.719800	0.718300	-0.273600	-0.978600
1627305619.674026	0.701700	-0.573000	-0.701400	0.689900	-0.197800	-1.007300
1627305619.683927	0.708000	-0.543700	-0.675900	0.645900	-0.137000	-1.019300
1627305619.708006	0.722400	-0.511100	-0.651400	0.607500	-0.100100	-1.008900
1627305619.709229	0.735500	-0.487300	-0.632100	0.604700	-0.081800	-0.967900
1627305619.716472	0.742800	-0.476600	-0.612400	0.618100	-0.076600	-0.909600
1627305619.733272	0.753300	-0.487400	-0.593500	0.650500	-0.084200	-0.839400
1627305619.753330	0.752900	-0.515300	-0.582800	0.703100	-0.098000	-0.781300
1627305619.754238	0.751300	-0.547500	-0.573100	0.744600	-0.110500	-0.760900
1627305619.755079	0.749100	-0.573500	-0.567900	0.768100	-0.123300	-0.773400
1627305619.763460	0.744900	-0.581700	-0.564600	0.760200	-0.133700	-0.808500
1627305619.783690	0.744300	-0.576800	-0.560700	0.727800	-0.141900	-0.849700
1627305619.784586	0.745200	-0.564500	-0.572000	0.702100	-0.149900	-0.884000
1627305619.796495	0.744500	-0.549400	-0.596600	0.685000	-0.143500	-0.914800
1627305619.804001	0.738400	-0.535900	-0.614600	0.652000	-0.123600	-0.942900
1627305619.828211	0.739600	-0.515300	-0.624400	0.614800	-0.099500	-0.960900
1627305619.829078	0.735400	-0.494900	-0.634900	0.593100	-0.075000	-0.964900
1627305619.836467	0.728600	-0.482400	-0.642100	0.597700	-0.046300	-0.962400
1627305619.845083	0.729100	-0.468000	-0.651500	0.592500	-0.011200	-0.957000
1627305619.869524	0.727900	-0.453600	-0.652300	0.583600	0.026400	-0.951800
1627305619.870401	0.728800	-0.434000	-0.647900	0.579700	0.074900	-0.943800
1627305619.874076	0.729500	-0.420800	-0.639900	0.578700	0.117400	-0.933400
1627305619.883979	0.731300	-0.408700	-0.627400	0.571100	0.151600	-0.926400
1627305619.890801	0.730800	-0.391600	-0.614300	0.543900	0.183700	-0.919700
1627305619.911710	0.730500	-0.372700	-0.598600	0.496900	0.209900	-0.908400
1627305619.913962	0.733800	-0.351200	-0.587600	0.470000	0.231000	-0.890400
1627305619.923963	0.736300	-0.333400	-0.577500	0.464500	0.246300	-0.862300
1627305619.929553	0.736200	-0.306400	-0.567000	0.439800	0.267300	-0.820700
1627305619.952288	0.741000	-0.286900	-0.550800	0.410100	0.281400	-0.781900
1627305619.953212	0.748300	-0.268200	-0.532300	0.397600	0.288100	-0.736400
1627305619.959198	0.752300	-0.262100	-0.519700	0.397600	0.288400	-0.686600
1627305619.978906	0.755500	-0.257000	-0.509200	0.372900	0.286000	-0.641700
1627305619.992442	0.759000	-0.249400	-0.497100	0.334100	0.284100	-0.595900
1627305619.993342	0.763100	-0.236700	-0.484500	0.317900	0.281100	-0.553200
1627305620.000286	0.766500	-0.224600	-0.470200	0.289800	0.273100	-0.492100
1627305620.019991	0.770100	-0.212200	-0.460000	0.258300	0.263100	-0.435000
1627305620.022676	0.774000	-0.210100	-0.455100	0.247300	0.253600	-0.371400
1627305620.037962	0.774500	-0.211500	-0.454100	0.232700	0.243800	-0.313700
1627305620.040782	0.771900	-0.211800	-0.455000	0.200000	0.242000	-0.261500
1627305620.064343	0.769200	-0.213900	-0.450100	0.174000	0.240800	-0.215400
1627305620.065167	0.772000	-0.216900	-0.442600	0.178300	0.238300	-0.171400
1627305620.075205	0.774200	-0.226000	-0.435800	0.183200	0.236800	-0.129500
1627305620.084631	0.778600	-0.230800	-0.424000	0.144100	0.237100	-0.106300
1627305620.085537	0.783000	-0.226000	-0.411300	0.107800	0.233400	-0.087100
1627305620.110209	0.786100	-0.222800	-0.403000	0.083000	0.223400	-0.066600
1627305620.112582	0.788900	-0.219400	-0.398900	0.049100	0.210500	-0.044900
1627305620.128099	0.787700	-0.213000	-0.401000	0.007900	0.200500	-0.020800
1627305620.132080	0.791500	-0.204100	-0.395900	-0.029700	0.189800	0.013400
1627305620.154454	0.791100	-0.192300	-0.388500	-0.061100	0.176300	0.062900
1627305620.155288	0.797100	-0.189200	-0.382700	-0.084400	0.161100	0.116000
1627305620.161508	0.799600	-0.197500	-0.378100	-0.094100	0.144000	0.172800
1627305620.184146	0.799100	-0.214700	-0.374000	-0.104200	0.123800	0.227500
1627305620.193259	0.806500	-0.237100	-0.373400	-0.114300	0.106400	0.268700
1627305620.194253	0.807900	-0.259200	-0.375100	-0.129900	0.088400	0.297500
1627305620.204064	0.802700	-0.283700	-0.375600	-0.144800	0.071600	0.319500
1627305620.223751	0.804300	-0.304000	-0.378100	-0.135700	0.054200	0.331700
1627305620.232475	0.807900	-0.314500	-0.377100	-0.148500	0.039200	0.335600
1627305620.233371	0.813000	-0.318500	-0.373900	-0.168000	0.023300	0.337200
1627305620.241434	0.813100	-0.322000	-0.371000	-0.165000	0.008300	0.340800
1627305620.242773	0.819800	-0.332000	-0.370000	-0.170800	-0.008500	0.347600
1627305620.270860	0.821000	-0.347400	-0.374100	-0.183300	-0.023700	0.353400
1627305620.271797	0.822000	-0.369600	-0.387000	-0.202200	-0.039000	0.350000
1627305620.295804	0.824700	-0.378800	-0.392600	-0.240100	-0.048200	0.338100
1627305620.302337	0.820600	-0.379000	-0.396200	-0.279800	-0.056100	0.328300
1627305620.303049	0.827000	-0.376700	-0.399800	-0.315300	-0.061900	0.321300
1627305620.311560	0.825800	-0.376100	-0.412100	-0.330200	-0.065300	0.317000
1627305620.322662	0.827600	-0.371500	-0.419900	-0.358000	-0.061600	0.317000
1627305620.344594	0.830900	-0.356100	-0.428600	-0.417000	-0.054900	0.319500
1627305620.345506	0.832000	-0.337200	-0.436000	-0.450600	-0.039900	0.335300
1627305620.355212	0.834400	-0.328200	-0.443100	-0.462500	-0.026200	0.359200
1627305620.360200	0.834700	-0.324500	-0.442400	-0.480800	-0.017000	0.389700
1627305620.383706	0.836700	-0.324000	-0.443700	-0.493600	-0.012700	0.425400
1627305620.384605	0.831300	-0.328400	-0.447400	-0.503400	-0.016700	0.458700
1627305620.391628	0.819900	-0.333600	-0.451500	-0.504900	-0.022500	0.491700
1627305620.400224	0.818400	-0.340600	-0.456100	-0.493000	-0.029500	0.519500
1627305620.422292	0.811000	-0.347400	-0.464000	-0.491500	-0.035600	0.547900
1627305620.435832	0.806600	-0.356300	-0.471900	-0.501900	-0.039900	0.566200
1627305620.436780	0.807000	-0.361800	-0.479500	-0.517500	-0.036900	0.579700
1627305620.441462	0.800500	-0.370400	-0.488000	-0.538500	-0.032900	0.593400
1627305620.463771	0.802100	-0.382300	-0.501100	-0.555900	-0.025900	0.605300
1627305620.470875	0.798300	-0.397100	-0.515500	-0.563600	-0.016400	0.614200
1627305620.471783	0.791100	-0.412800	-0.531900	-0.558100	-0.001400	0.618800
1627305620.481502	0.784900	-0.425200	-0.542200	-0.585600	0.023000	0.616600
1627305620.482714	0.781000	-0.429900	-0.546300	-0.616400	0.048700	0.610500
1627305620.506777	0.781200	-0.431800	-0.548100	-0.637800	0.075200	0.605600
1627305620.516503	0.782300	-0.434000	-0.547600	-0.669900	0.103600	0.599200
1627305620.525141	0.778800	-0.435700	-0.547900	-0.701900	0.132700	0.595000
1627305620.530789	0.773300	-0.441000	-0.544200	-0.712300	0.159500	0.592500
1627305620.551851	0.764200	-0.445100	-0.544100	-0.730000	0.183400	0.590700
1627305620.552918	0.758500	-0.446700	-0.542200	-0.755700	0.204700	0.590400
1627305620.558982	0.751600	-0.445700	-0.538800	-0.773100	0.221200	0.593400
1627305620.588996	0.741700	-0.440800	-0.537800	-0.788700	0.237400	0.598900
1627305620.590387	0.738400	-0.431400	-0.538000	-0.801200	0.255400	0.606900
1627305620.600919	0.736300	-0.423100	-0.531200	-0.804600	0.274400	0.619100
1627305620.601824	0.734600	-0.414600	-0.527500	-0.801500	0.289600	0.632800
1627305620.621632	0.730200	-0.404900	-0.513500	-0.826200	0.301900	0.653600
1627305620.622647	0.724200	-0.396600	-0.506700	-0.857100	0.302800	0.676500
1627305620.629151	0.715300	-0.393300	-0.506600	-0.862000	0.292100	0.703700
1627305620.650953	0.704000	-0.395300	-0.508300	-0.875100	0.272500	0.735500
1627305620.651852	0.695400	-0.399000	-0.506600	-0.906900	0.245700	0.769700
1627305620.661704	0.688500	-0.411900	-0.515900	-0.932500	0.219100	0.800800
1627305620.666662	0.684200	-0.422000	-0.530800	-0.962800	0.199800	0.824000
1627305620.690801	0.687500	-0.417800	-0.536500	-1.019300	0.194000	0.844500
1627305620.691714	0.693700	-0.408800	-0.526100	-1.043700	0.190400	0.867400
1627305620.701569	0.696200	-0.404200	-0.521500	-1.065100	0.186700	0.904400
1627305620.709046	0.695800	-0.405600	-0.519700	-1.118900	0.183400	0.944400
1627305620.732325	0.701200	-0.410800	-0.528800	-1.188200	0.180000	0.980100
1627305620.733226	0.694300	-0.419800	-0.542600	-1.237400	0.176600	1.013700
1627305620.743929	0.686600	-0.418300	-0.554000	-1.261800	0.180300	1.038400
1627305620.752831	0.680500	-0.412200	-0.557300	-1.289900	0.187300	1.068400
1627305620.777275	0.678700	-0.400600	-0.553300	-1.307000	0.188900	1.095900
1627305620.778188	0.680500	-0.397200	-0.566200	-1.291400	0.185800	1.133100
1627305620.780392	0.676100	-0.408000	-0.584400	-1.232200	0.187600	1.171900
1627305620.792894	0.674900	-0.426300	-0.603800	-1.180900	0.193100	1.201500
1627305620.798318	0.669900	-0.442300	-0.612100	-1.146300	0.199500	1.222900
1627305620.820457	0.666900	-0.451400	-0.612500	-1.106900	0.202300	1.239100
1627305620.821289	0.662700	-0.462900	-0.622900	-1.063600	0.202600	1.253800
1627305620.831401	0.653100	-0.478800	-0.640300	-1.029400	0.206000	1.264500
1627305620.841001	0.645500	-0.499500	-0.649800	-1.012000	0.212400	1.269300
1627305620.863957	0.636000	-0.518700	-0.658300	-1.012000	0.219400	1.271800
1627305620.865093	0.633900	-0.540600	-0.672200	-1.005500	0.236200	1.266600
1627305620.869972	0.629400	-0.562700	-0.683600	-0.996400	0.260600	1.257400
1627305620.884467	0.632900	-0.583400	-0.686300	-0.986300	0.292700	1.244300
1627305620.885368	0.629500	-0.594200	-0.682000	-0.992400	0.327500	1.232400
1627305620.907543	0.629500	-0.602300	-0.679700	-0.996700	0.353200	1.226300
1627305620.909895	0.629200	-0.616200	-0.676000	-0.984800	0.374900	1.221700
1627305620.924853	0.623900	-0.635300	-0.677200	-0.966100	0.393200	1.220800
1627305620.928119	0.620500	-0.654800	-0.674200	-0.953300	0.410900	1.213500
1627305620.951433	0.610400	-0.671800	-0.669100	-0.947200	0.428600	1.202200
1627305620.953684	0.603300	-0.691500	-0.662500	-0.907500	0.449400	1.178300
1627305620.968865	0.597800	-0.709800	-0.658800	-0.875100	0.471100	1.145600
1627305620.973377	0.592000	-0.726200	-0.655900	-0.862300	0.489100	1.109900
1627305620.990619	0.595100	-0.743500	-0.661400	-0.839400	0.514100	1.063500
1627305620.991494	0.602100	-0.751000	-0.664200	-0.830500	0.540100	1.006700
1627305621.001433	0.605700	-0.744000	-0.660000	-0.867200	0.570000	0.943800
1627305621.025951	0.614700	-0.725600	-0.659200	-0.906000	0.603300	0.879600
1627305621.026842	0.616800	-0.699600	-0.662400	-0.942900	0.641200	0.818500
1627305621.030187	0.623200	-0.667600	-0.663500	-1.003700	0.684000	0.772700
1627305621.045240	0.629600	-0.641100	-0.663200	-1.025700	0.716000	0.749500
1627305621.047276	0.633100	-0.627900	-0.663700	-1.003700	0.743200	0.742200
1627305621.070798	0.642900	-0.613800	-0.659900	-1.019900	0.771600	0.738200
1627305621.071614	0.651600	-0.601400	-0.659100	-1.039700	0.793900	0.740600
1627305621.080266	0.654100	-0.601700	-0.663100	-0.957300	0.800600	0.752200
1627305621.090922	0.654800	-0.618500	-0.664700	-0.871500	0.806400	0.760200
1627305621.111999	0.662000	-0.625200	-0.657600	-0.856800	0.811900	0.750700
1627305621.112890	0.666100	-0.629200	-0.649200	-0.802700	0.804000	0.740600
1627305621.121338	0.670900	-0.639500	-0.647600	-0.734900	0.795700	0.726600
1627305621.130226	0.673000	-0.646700	-0.648300	-0.712600	0.793600	0.703400
1627305621.134563	0.677600	-0.648200	-0.647300	-0.708400	0.804300	0.672500
1627305621.156268	0.677500	-0.645400	-0.645900	-0.675400	0.818700	0.638000
1627305621.161438	0.675700	-0.646500	-0.642100	-0.643600	0.841300	0.593700
1627305621.176698	0.673300	-0.643200	-0.632200	-0.665600	0.858700	0.559500
1627305621.178287	0.668800	-0.643600	-0.624000	-0.670200	0.873000	0.528700
1627305621.199515	0.665000	-0.652800	-0.617600	-0.678100	0.882500	0.499000
1627305621.200348	0.658900	-0.666400	-0.615100	-0.694300	0.893800	0.464200
1627305621.211431	0.653900	-0.670800	-0.608900	-0.721500	0.908100	0.420900
1627305621.217091	0.650000	-0.668000	-0.601400	-0.754500	0.924300	0.372600
1627305621.237950	0.643300	-0.661400	-0.594400	-0.763000	0.945400	0.318800
1627305621.240110	0.641600	-0.666700	-0.589500	-0.765800	0.961300	0.280700
1627305621.251477	0.635000	-0.664800	-0.581100	-0.744100	0.976900	0.243400
1627305621.258670	0.642500	-0.657100	-0.562000	-0.769700	1.001600	0.195100
1627305621.278527	0.644300	-0.641700	-0.536500	-0.787500	1.019000	0.152400
1627305621.279423	0.644300	-0.641700	-0.536500	-0.787500	1.019000	0.152400
1627305621.288999	0.654200	-0.623200	-0.502700	-0.778300	1.050200	0.057100
1627305621.306227	0.654200	-0.623200	-0.502700	-0.778300	1.050200	0.057100
1627305621.320775	0.658200	-0.603800	-0.484600	-0.824400	1.063000	-0.007700
1627305621.326897	0.664300	-0.572500	-0.464100	-0.843700	1.062700	-0.049200
1627305621.327981	0.674300	-0.535300	-0.443200	-0.835400	1.042500	-0.067500
1627305621.348502	0.683500	-0.502300	-0.427700	-0.797800	1.012000	-0.058700
1627305621.350962	0.695100	-0.484700	-0.415000	-0.734900	0.970800	-0.029700
1627305621.352745	0.704600	-0.486800	-0.403300	-0.653400	0.916700	0.010700
1627305621.376587	0.718800	-0.496300	-0.390300	-0.614900	0.847100	0.052800
1627305621.380291	0.720900	-0.508500	-0.381100	-0.599000	0.767600	0.088200
1627305621.395102	0.723600	-0.517200	-0.380000	-0.575200	0.698600	0.108100
1627305621.399654	0.732200	-0.530400	-0.384200	-0.547700	0.627100	0.121200
1627305621.420507	0.733400	-0.550400	-0.402000	-0.516800	0.558700	0.130700
1627305621.421614	0.733500	-0.564500	-0.426000	-0.506200	0.502800	0.129800
1627305621.428788	0.733200	-0.574700	-0.447600	-0.490600	0.462200	0.117300
1627305621.437182	0.737200	-0.578200	-0.470700	-0.463400	0.436900	0.093100
1627305621.455522	0.741700	-0.579000	-0.489100	-0.455800	0.431100	0.064700
1627305621.459115	0.731900	-0.580800	-0.500100	-0.446000	0.432300	0.042400
1627305621.469094	0.739500	-0.582300	-0.509500	-0.402900	0.451500	0.016200
1627305621.477094	0.742300	-0.575000	-0.508100	-0.422800	0.479300	-0.011300
1627305621.499279	0.746300	-0.564100	-0.500000	-0.450300	0.507100	-0.034200
1627305621.500120	0.749500	-0.554100	-0.490400	-0.442600	0.534900	-0.050700
1627305621.507743	0.744800	-0.556200	-0.480100	-0.454800	0.559300	-0.071200
1627305621.519575	0.745700	-0.553700	-0.466400	-0.477400	0.582200	-0.099300
1627305621.520469	0.746600	-0.542100	-0.449300	-0.511000	0.597500	-0.125600
1627305621.547957	0.746900	-0.529300	-0.434100	-0.523600	0.604800	-0.142400
1627305621.550124	0.748500	-0.529900	-0.431900	-0.487500	0.602700	-0.155500
1627305621.560187	0.747200	-0.527300	-0.427100	-0.455500	0.603900	-0.173800
1627305621.578702	0.751800	-0.515600	-0.414400	-0.453900	0.601500	-0.199200
1627305621.579725	0.764200	-0.497100	-0.398100	-0.413900	0.584100	-0.219300
1627305621.590249	0.768300	-0.487900	-0.395800	-0.367200	0.560300	-0.228200
1627305621.597661	0.771400	-0.482900	-0.393900	-0.336900	0.543500	-0.240100
1627305621.618338	0.770600	-0.473600	-0.392500	-0.306700	0.532500	-0.255100
1627305621.619242	0.775100	-0.461300	-0.382200	-0.251700	0.519300	-0.268800
1627305621.627677	0.780900	-0.442900	-0.371600	-0.208100	0.502500	-0.278600
1627305621.637742	0.787700	-0.426900	-0.358900	-0.180600	0.480200	-0.277100
1627305621.662628	0.794600	-0.410300	-0.349500	-0.125900	0.442700	-0.271300
1627305621.663528	0.793500	-0.403800	-0.345000	-0.089200	0.411200	-0.256600
1627305621.669084	0.796800	-0.398900	-0.336500	-0.070300	0.379100	-0.244100
1627305621.678904	0.807000	-0.400800	-0.335700	-0.044300	0.346100	-0.230300
1627305621.682336	0.807400	-0.404100	-0.339700	-0.019000	0.313500	-0.220200
1627305621.707139	0.811600	-0.406500	-0.340900	0.003900	0.286000	-0.219000
1627305621.708057	0.811600	-0.406100	-0.339400	0.039700	0.260600	-0.222400
1627305621.717777	0.812400	-0.397000	-0.336200	0.059200	0.237100	-0.228800
1627305621.722797	0.817300	-0.383700	-0.329800	0.063200	0.218500	-0.228800
1627305621.750568	0.821300	-0.371300	-0.322300	0.090000	0.195900	-0.220600
1627305621.751397	0.825400	-0.372200	-0.322800	0.131300	0.171700	-0.210500
1627305621.760178	0.825200	-0.373400	-0.321000	0.143200	0.147300	-0.205300
1627305621.783495	0.824000	-0.371200	-0.317600	0.140100	0.125600	-0.205600
1627305621.784410	0.825600	-0.365400	-0.315300	0.161500	0.094800	-0.199500
1627305621.787764	0.825000	-0.366000	-0.322500	0.219600	0.062400	-0.191200
1627305621.798907	0.829100	-0.369800	-0.328900	0.261700	0.039200	-0.190000
1627305621.823204	0.832800	-0.366700	-0.326900	0.300800	0.018100	-0.192100
1627305621.824035	0.833100	-0.358000	-0.320900	0.345100	-0.004500	-0.191800
1627305621.827665	0.833600	-0.349200	-0.314100	0.395200	-0.028300	-0.187000
1627305621.842838	0.837200	-0.345700	-0.316300	0.444700	-0.051800	-0.179600
1627305621.844745	0.838700	-0.347900	-0.317300	0.492600	-0.077500	-0.169900
1627305621.868322	0.836800	-0.355700	-0.316500	0.553700	-0.100700	-0.157900
1627305621.869147	0.832200	-0.362900	-0.311900	0.561900	-0.118700	-0.151500
1627305621.880027	0.835600	-0.364100	-0.314700	0.549700	-0.140400	-0.148800
1627305621.885984	0.837000	-0.366600	-0.319200	0.578700	-0.164200	-0.143600
1627305621.906787	0.833900	-0.371800	-0.318700	0.596200	-0.190500	-0.136600
1627305621.907608	0.836500	-0.374000	-0.316700	0.594600	-0.214600	-0.128300
1627305621.927033	0.837500	-0.376600	-0.317700	0.625800	-0.243600	-0.111800
1627305621.944700	0.834100	-0.391000	-0.319600	0.664600	-0.267500	-0.096200
1627305621.945647	0.832300	-0.404100	-0.319200	0.673100	-0.285800	-0.089200
1627305621.947725	0.832500	-0.411500	-0.316300	0.675600	-0.302600	-0.090400
1627305621.957635	0.828500	-0.421900	-0.316300	0.688400	-0.320000	-0.093200
1627305621.964719	0.823500	-0.427900	-0.315100	0.677700	-0.332800	-0.103600
1627305621.979266	0.822400	-0.429900	-0.317300	0.653300	-0.342900	-0.117300
1627305621.988863	0.821300	-0.434300	-0.318000	0.663000	-0.352100	-0.133800
1627305621.995058	0.817600	-0.442500	-0.319200	0.652400	-0.358800	-0.146900
1627305622.016743	0.819000	-0.450000	-0.321200	0.634300	-0.366400	-0.163700
1627305622.017597	0.819700	-0.453100	-0.316300	0.616900	-0.379900	-0.178400
1627305622.023902	0.822100	-0.449100	-0.308700	0.596200	-0.400900	-0.190600
1627305622.045235	0.824600	-0.448000	-0.307600	0.578400	-0.430900	-0.195200
1627305622.047620	0.823400	-0.450000	-0.312400	0.572000	-0.465700	-0.195800
1627305622.063184	0.821800	-0.456200	-0.318000	0.578700	-0.510600	-0.196400
1627305622.067286	0.818500	-0.457800	-0.319200	0.589100	-0.546300	-0.200400
1627305622.089561	0.810500	-0.460800	-0.323400	0.615100	-0.582400	-0.203800
1627305622.092931	0.806600	-0.464400	-0.336700	0.652700	-0.612300	-0.208900
1627305622.098895	0.798500	-0.473000	-0.356000	0.687200	-0.636700	-0.214400
1627305622.109497	0.792700	-0.475000	-0.369300	0.710100	-0.651400	-0.225700
1627305622.110393	0.789700	-0.469600	-0.380000	0.723500	-0.659600	-0.238000
1627305622.133183	0.787500	-0.469700	-0.389800	0.747000	-0.667900	-0.248000
1627305622.137711	0.789400	-0.472900	-0.398700	0.766300	-0.668500	-0.255700
1627305622.146358	0.794200	-0.472300	-0.400300	0.767800	-0.668500	-0.261500
1627305622.154997	0.793900	-0.472300	-0.397300	0.768700	-0.668800	-0.269100
1627305622.172877	0.790000	-0.471900	-0.393600	0.777600	-0.674300	-0.273400
1627305622.176423	0.788300	-0.474200	-0.392500	0.787400	-0.684100	-0.278600
1627305622.192114	0.785500	-0.473900	-0.396900	0.789500	-0.698100	-0.283500
1627305622.195829	0.781700	-0.469600	-0.401200	0.810900	-0.713400	-0.283800
1627305622.219171	0.775400	-0.468300	-0.406000	0.852700	-0.726500	-0.279800
1627305622.220039	0.770600	-0.468600	-0.404300	0.878400	-0.739100	-0.275500
1627305622.231398	0.766200	-0.470100	-0.405500	0.883600	-0.749100	-0.268200
1627305622.234585	0.764900	-0.475500	-0.409200	0.905900	-0.761400	-0.261200
1627305622.256783	0.761700	-0.489300	-0.410200	0.944300	-0.774200	-0.254800
1627305622.257722	0.754400	-0.508900	-0.407800	0.965700	-0.788500	-0.255400
1627305622.270226	0.747600	-0.520900	-0.401500	0.957500	-0.804400	-0.267000
1627305622.288337	0.741500	-0.530600	-0.396400	0.954700	-0.826100	-0.282300
1627305622.289238	0.739400	-0.541500	-0.400400	0.966300	-0.853600	-0.303000
1627305622.296497	0.728000	-0.551300	-0.406000	0.988900	-0.874100	-0.332300
1627305622.306533	0.722400	-0.547100	-0.410500	0.980400	-0.891200	-0.367500
1627305622.309547	0.718300	-0.541300	-0.416500	0.990800	-0.905500	-0.394600
1627305622.335903	0.705300	-0.549900	-0.448500	1.063800	-0.916800	-0.415400
1627305622.336728	0.689200	-0.562600	-0.464600	1.115700	-0.917400	-0.425200
1627305622.346378	0.688800	-0.584600	-0.469700	1.175300	-0.917700	-0.443500
1627305622.353519	0.693200	-0.609000	-0.477800	1.196000	-0.924800	-0.471300
1627305622.374184	0.686200	-0.638700	-0.483000	1.215900	-0.936400	-0.521700
1627305622.376571	0.689200	-0.660300	-0.477300	1.240900	-0.950700	-0.598700
1627305622.391902	0.693400	-0.655300	-0.469700	1.174900	-0.966300	-0.684200
1627305622.394433	0.679200	-0.612500	-0.480100	1.083300	-0.990400	-0.777100
1627305622.416818	0.690700	-0.574300	-0.479900	1.105300	-1.001100	-0.822300
1627305622.417872	0.704500	-0.543100	-0.483900	1.117800	-1.026800	-0.843000
1627305622.431400	0.700100	-0.519000	-0.488300	1.086100	-1.044800	-0.836000
1627305622.438447	0.698000	-0.499300	-0.499500	1.093700	-1.055800	-0.812500
1627305622.460607	0.706200	-0.483600	-0.505900	1.098000	-1.062800	-0.772800
1627305622.461829	0.713300	-0.470000	-0.510900	1.100700	-1.067100	-0.724200
1627305622.465388	0.706200	-0.458300	-0.507700	1.114800	-1.078100	-0.647900
1627305622.480594	0.699100	-0.460400	-0.506800	1.138600	-1.094300	-0.576400
1627305622.503401	0.686500	-0.475200	-0.512600	1.153300	-1.112000	-0.506400
1627305622.504280	0.674200	-0.493300	-0.521200	1.164300	-1.130300	-0.450200
1627305622.506409	0.670800	-0.508300	-0.525000	1.168500	-1.148300	-0.412100
1627305622.521479	0.668700	-0.520300	-0.530400	1.181700	-1.173100	-0.383000
1627305622.527030	0.664400	-0.535600	-0.542400	1.208500	-1.205800	-0.358600
1627305622.543450	0.657200	-0.542200	-0.562500	1.201200	-1.238400	-0.343000
1627305622.546442	0.645800	-0.540900	-0.588000	1.189000	-1.254300	-0.331700
1627305622.555280	0.636000	-0.543000	-0.614500	1.223800	-1.256500	-0.322900
1627305622.567263	0.635000	-0.555800	-0.642800	1.275400	-1.246100	-0.320400
1627305622.576354	0.630600	-0.573600	-0.664400	1.263800	-1.223500	-0.324400
1627305622.591213	0.632700	-0.583100	-0.677000	1.235700	-1.189600	-0.338800
1627305622.603319	0.641800	-0.601700	-0.694100	1.231800	-1.147400	-0.365300
1627305622.606480	0.642600	-0.615800	-0.711900	1.209800	-1.099800	-0.399800
1627305622.616395	0.649200	-0.619600	-0.727800	1.170700	-1.045400	-0.438300
1627305622.623435	0.650500	-0.618200	-0.730100	1.124600	-0.997400	-0.472800
1627305622.643439	0.644500	-0.625100	-0.728800	1.070200	-0.957100	-0.498500
1627305622.646498	0.636600	-0.644700	-0.732800	1.020100	-0.919900	-0.523800
1627305622.651445	0.634800	-0.675400	-0.742800	0.953200	-0.883500	-0.559000
1627305622.674210	0.637900	-0.707200	-0.752700	0.846900	-0.831600	-0.620700
1627305622.676590	0.644800	-0.731000	-0.761000	0.761400	-0.779100	-0.706200
1627305622.692127	0.649000	-0.736900	-0.770900	0.696000	-0.729300	-0.794200
1627305622.697145	0.656600	-0.719000	-0.766400	0.632800	-0.678900	-0.882400
1627305622.719217	0.659800	-0.682100	-0.760000	0.563500	-0.630300	-0.957300
1627305622.720048	0.668100	-0.640300	-0.761400	0.509700	-0.584500	-1.010400
1627305622.727611	0.669900	-0.601800	-0.772900	0.493800	-0.540500	-1.042200
1627305622.734741	0.673800	-0.565200	-0.780800	0.473100	-0.477300	-1.052600
1627305622.754572	0.677900	-0.537800	-0.779800	0.457200	-0.420800	-1.043700
1627305622.756689	0.683600	-0.522300	-0.776500	0.470000	-0.373100	-1.016500
1627305622.766585	0.683000	-0.518100	-0.776000	0.489300	-0.330400	-0.982300
1627305622.775908	0.683800	-0.516200	-0.777100	0.480100	-0.288800	-0.946300
1627305622.796765	0.681800	-0.509000	-0.776000	0.486500	-0.247900	-0.912400
1627305622.797913	0.682300	-0.508100	-0.773800	0.542400	-0.208800	-0.880600
1627305622.805288	0.673600	-0.507700	-0.771000	0.571700	-0.158400	-0.845800
1627305622.815057	0.668100	-0.507000	-0.765900	0.580600	-0.113500	-0.828400
1627305622.835672	0.668700	-0.512700	-0.768600	0.607500	-0.067400	-0.817100
1627305622.836490	0.663700	-0.524000	-0.767600	0.636800	-0.019800	-0.807900
1627305622.846486	0.658700	-0.528600	-0.757600	0.631900	0.030900	-0.815500
1627305622.851633	0.660200	-0.523300	-0.741100	0.588800	0.080400	-0.831100
1627305622.874767	0.656100	-0.509600	-0.725600	0.548200	0.125600	-0.850000
1627305622.875815	0.655900	-0.496700	-0.712800	0.534100	0.180600	-0.867800
1627305622.885313	0.653300	-0.482900	-0.701800	0.508200	0.222400	-0.881200
1627305622.892872	0.650600	-0.461100	-0.683000	0.453800	0.263100	-0.890100
1627305622.915181	0.654900	-0.436200	-0.663200	0.411100	0.297900	-0.888200
1627305622.916716	0.658700	-0.413900	-0.648300	0.390300	0.321400	-0.870200
1627305622.931600	0.660600	-0.404400	-0.638500	0.374100	0.343700	-0.846700
1627305622.937171	0.664400	-0.395100	-0.624100	0.342600	0.366000	-0.821900
1627305622.956760	0.672500	-0.376200	-0.606000	0.283700	0.382500	-0.793200
1627305622.957749	0.679300	-0.362400	-0.597200	0.265100	0.390700	-0.762700
1627305622.963931	0.680400	-0.357800	-0.592800	0.248000	0.398100	-0.727300
1627305622.974617	0.685900	-0.352100	-0.586100	0.218600	0.406900	-0.694300
1627305622.975524	0.690800	-0.340000	-0.575100	0.171600	0.414900	-0.662800
1627305622.999314	0.694200	-0.323000	-0.557700	0.122400	0.417000	-0.628300
1627305623.009088	0.702100	-0.309200	-0.542500	0.084600	0.410300	-0.584900
1627305623.011403	0.707500	-0.303600	-0.537400	0.049700	0.400500	-0.539100
1627305623.035874	0.712400	-0.296400	-0.538800	0.024100	0.397500	-0.503700
1627305623.036879	0.715000	-0.284100	-0.532100	-0.011000	0.391700	-0.462800
1627305623.049085	0.718100	-0.275900	-0.522500	-0.018100	0.380700	-0.418800
1627305623.056588	0.722200	-0.269700	-0.518100	-0.015600	0.365400	-0.373600
1627305623.077280	0.724600	-0.272800	-0.519500	-0.030300	0.350100	-0.331100
1627305623.078146	0.729600	-0.270300	-0.515700	-0.045600	0.332400	-0.286200
1627305623.085236	0.733400	-0.264000	-0.508200	-0.059900	0.314700	-0.241600
1627305623.095206	0.738200	-0.264800	-0.503400	-0.068200	0.298800	-0.203400
1627305623.119333	0.737700	-0.265900	-0.508800	-0.076400	0.284500	-0.167400
1627305623.120440	0.739400	-0.269200	-0.510700	-0.096900	0.275300	-0.132600
1627305623.123937	0.739100	-0.277500	-0.511600	-0.109700	0.268000	-0.100800
1627305623.139611	0.738200	-0.285800	-0.511800	-0.123400	0.261800	-0.071800
1627305623.140856	0.737100	-0.295400	-0.509900	-0.160700	0.257900	-0.046200
1627305623.163338	0.741500	-0.306000	-0.513100	-0.200400	0.258800	-0.033600
1627305623.164159	0.744400	-0.316700	-0.509800	-0.235500	0.260900	-0.026600
1627305623.176587	0.747800	-0.323200	-0.503100	-0.268500	0.264600	-0.029000
1627305623.183496	0.755200	-0.321700	-0.497100	-0.318900	0.268900	-0.037000
1627305623.204402	0.759900	-0.311900	-0.487700	-0.384600	0.270700	-0.043100
1627305623.205239	0.766000	-0.302000	-0.481700	-0.424600	0.268300	-0.047700
1627305623.215253	0.776900	-0.290500	-0.477300	-0.461600	0.267000	-0.047100
1627305623.220791	0.787100	-0.277700	-0.470200	-0.507100	0.264000	-0.039700
1627305623.243369	0.796800	-0.271200	-0.460700	-0.526000	0.253000	-0.026000
1627305623.244268	0.800800	-0.270300	-0.461300	-0.527500	0.237700	-0.004000
1627305623.251774	0.804700	-0.269500	-0.455900	-0.548000	0.222400	0.016800
1627305623.270238	0.809300	-0.265000	-0.452500	-0.567900	0.204100	0.039700
1627305623.284731	0.810900	-0.255500	-0.448000	-0.568500	0.181800	0.068100
1627305623.292276	0.813100	-0.245100	-0.449300	-0.567500	0.149800	0.109900
1627305623.293200	0.814600	-0.235500	-0.452800	-0.572100	0.124700	0.151200
1627305623.312726	0.816300	-0.231400	-0.460400	-0.578500	0.104600	0.196100
1627305623.313916	0.809900	-0.234500	-0.468900	-0.586800	0.087400	0.243400
1627305623.329047	0.808500	-0.242900	-0.477900	-0.574600	0.078600	0.285500
1627305623.333433	0.804700	-0.255500	-0.491200	-0.567500	0.075200	0.321300
1627305623.356784	0.800900	-0.266800	-0.493900	-0.590500	0.071900	0.350300
1627305623.358054	0.795900	-0.278900	-0.495700	-0.589500	0.061800	0.386000
1627305623.363922	0.794400	-0.297400	-0.505400	-0.585000	0.050500	0.412300
1627305623.377225	0.795300	-0.317500	-0.513100	-0.588000	0.036700	0.437000
1627305623.378135	0.795200	-0.338100	-0.522200	-0.598100	0.027900	0.455100
1627305623.401372	0.796800	-0.357400	-0.532600	-0.635700	0.020600	0.462700
1627305623.403895	0.794700	-0.377200	-0.544600	-0.660700	0.014100	0.463000
1627305623.419028	0.792500	-0.390000	-0.551000	-0.725500	0.014800	0.455100
1627305623.422277	0.792000	-0.394800	-0.564800	-0.835700	0.017800	0.444100
1627305623.445535	0.785000	-0.395800	-0.587900	-0.899900	0.021800	0.434000
1627305623.446615	0.773900	-0.402300	-0.615100	-0.917000	0.037400	0.423300
1627305623.452746	0.766400	-0.402700	-0.629000	-0.952700	0.067300	0.406800
1627305623.475321	0.759500	-0.396100	-0.634400	-0.985100	0.108500	0.391500
1627305623.484681	0.760300	-0.385100	-0.632200	-0.962200	0.159200	0.380200
1627305623.485578	0.762800	-0.373200	-0.621200	-0.928600	0.225500	0.371100
1627305623.495399	0.764300	-0.348600	-0.602300	-0.944100	0.294200	0.362200
1627305623.518736	0.765300	-0.317400	-0.575100	-0.960900	0.346100	0.369800
1627305623.522274	0.769700	-0.292500	-0.550400	-0.942600	0.380400	0.395200
1627305623.523174	0.773800	-0.286000	-0.532100	-0.920000	0.398100	0.430000
1627305623.532990	0.771600	-0.284900	-0.514200	-0.924900	0.405100	0.463600
1627305623.541574	0.772900	-0.279200	-0.494300	-0.939300	0.398400	0.498700
1627305623.562290	0.772300	-0.275100	-0.474000	-0.910500	0.373900	0.549100
1627305623.563184	0.768200	-0.273600	-0.464700	-0.894700	0.342500	0.594600
1627305623.580823	0.761800	-0.267800	-0.454100	-0.902300	0.309800	0.638300
1627305623.592378	0.764200	-0.258300	-0.450700	-0.901100	0.276800	0.680800
1627305623.593290	0.764900	-0.256500	-0.456700	-0.882400	0.243800	0.728400
1627305623.602916	0.769900	-0.259400	-0.466100	-0.862300	0.220300	0.773000
1627305623.621401	0.771900	-0.265000	-0.476900	-0.855600	0.208100	0.818500
1627305623.622833	0.770500	-0.270900	-0.478300	-0.848900	0.194000	0.867400
1627305623.637710	0.763300	-0.286100	-0.478500	-0.837900	0.175400	0.905000
1627305623.639754	0.757100	-0.303200	-0.489100	-0.844000	0.151300	0.934000
1627305623.659534	0.749800	-0.310400	-0.497600	-0.856800	0.132700	0.952300
1627305623.662971	0.754600	-0.301500	-0.508400	-0.894400	0.119800	0.963300
1627305623.672908	0.740200	-0.297600	-0.518800	-0.903800	0.107300	0.992300
1627305623.680937	0.741700	-0.300000	-0.537400	-0.895900	0.107600	1.015500
1627305623.703231	0.742300	-0.304000	-0.554200	-0.964300	0.111900	1.053100
1627305623.704066	0.733400	-0.308600	-0.565400	-0.979300	0.118600	1.083300
1627305623.715285	0.726600	-0.317000	-0.577400	-0.957300	0.126500	1.115700
1627305623.724631	0.720600	-0.338600	-0.590700	-0.950900	0.135100	1.144700
1627305623.749355	0.710900	-0.360800	-0.600800	-0.906900	0.145500	1.169200
1627305623.750194	0.713000	-0.387100	-0.604100	-0.865000	0.157400	1.178300
1627305623.754047	0.712500	-0.407700	-0.605300	-0.842100	0.169000	1.175000
1627305623.763668	0.717400	-0.418200	-0.598300	-0.837200	0.184900	1.155400
1627305623.783490	0.722400	-0.420500	-0.589200	-0.840900	0.197700	1.139800
1627305623.790808	0.723400	-0.425400	-0.577900	-0.837200	0.207200	1.125500
1627305623.791749	0.717400	-0.432600	-0.561400	-0.851900	0.209900	1.115400
1627305623.813170	0.713600	-0.433600	-0.542600	-0.910500	0.203500	1.104700
1627305623.813998	0.707000	-0.428700	-0.528600	-0.983200	0.184600	1.097700
1627305623.823923	0.701800	-0.423500	-0.530800	-1.033300	0.152200	1.103800
1627305623.833690	0.697500	-0.418800	-0.544900	-1.068800	0.122300	1.122100
1627305623.834607	0.700000	-0.416000	-0.562100	-1.111200	0.104200	1.146300
1627305623.859144	0.699200	-0.421500	-0.578900	-1.107900	0.092000	1.176800
1627305623.862884	0.696200	-0.439800	-0.600000	-1.076100	0.087400	1.204900
1627305623.877945	0.689300	-0.458100	-0.618000	-1.069100	0.090800	1.229300
1627305623.879614	0.678300	-0.472500	-0.627700	-1.068200	0.097200	1.243700
1627305623.901944	0.670300	-0.483200	-0.638100	-1.039100	0.101800	1.259900
1627305623.902782	0.660600	-0.489000	-0.646900	-1.009500	0.105500	1.274800
1627305623.916414	0.660500	-0.491500	-0.661600	-0.978700	0.113700	1.289800
1627305623.932716	0.655900	-0.499000	-0.672500	-0.938300	0.123200	1.310300
1627305623.936382	0.653200	-0.516200	-0.683300	-0.888300	0.139100	1.327400
1627305623.951858	0.650100	-0.540300	-0.692300	-0.850100	0.158000	1.335600
1627305623.953605	0.646000	-0.563500	-0.693500	-0.834200	0.181200	1.323700
1627305623.974516	0.645500	-0.575200	-0.689000	-0.843700	0.205300	1.295000
1627305623.975414	0.638900	-0.585200	-0.684800	-0.854300	0.220300	1.265400
1627305623.982855	0.638800	-0.600300	-0.688500	-0.835100	0.232200	1.231500
1627305623.993348	0.633700	-0.623200	-0.704300	-0.805200	0.243800	1.193000
1627305624.017240	0.633900	-0.636700	-0.706700	-0.803300	0.269800	1.145600
1627305624.018105	0.633300	-0.644700	-0.698400	-0.803000	0.291800	1.093400
1627305624.022868	0.635600	-0.650300	-0.699100	-0.774300	0.312600	1.041500
1627305624.033446	0.637100	-0.655400	-0.703100	-0.754800	0.339400	0.977700
1627305624.034364	0.639800	-0.652200	-0.704200	-0.768500	0.366600	0.920800
1627305624.061823	0.652100	-0.649000	-0.712800	-0.763000	0.390700	0.868300
1627305624.062779	0.648900	-0.644300	-0.714000	-0.744100	0.400500	0.821900
1627305624.078324	0.643200	-0.644700	-0.730500	-0.712600	0.429800	0.782200
1627305624.079228	0.653600	-0.641500	-0.740800	-0.692200	0.465000	0.737600
1627305624.101784	0.654500	-0.638700	-0.741200	-0.683300	0.497900	0.704900
1627305624.102701	0.653700	-0.640000	-0.741600	-0.649700	0.538000	0.671300
1627305624.110121	0.656600	-0.645300	-0.740200	-0.633800	0.570600	0.642900
1627305624.123380	0.655600	-0.652200	-0.741600	-0.639000	0.605500	0.610200
1627305624.143413	0.655500	-0.658800	-0.742300	-0.630500	0.641800	0.570200
1627305624.144243	0.657000	-0.664400	-0.741300	-0.615500	0.678500	0.522300
1627305624.150267	0.658100	-0.666700	-0.734600	-0.616700	0.712700	0.471900
1627305624.171437	0.665900	-0.659800	-0.731100	-0.625000	0.747800	0.411100
1627305624.184746	0.673600	-0.644500	-0.731000	-0.632900	0.785100	0.346300
1627305624.185661	0.673600	-0.629600	-0.726300	-0.628900	0.813500	0.300800
1627305624.191490	0.673300	-0.612700	-0.721400	-0.617300	0.839400	0.264800
1627305624.215057	0.677400	-0.598000	-0.713300	-0.612100	0.857100	0.238800
1627305624.219662	0.673700	-0.589700	-0.709500	-0.580100	0.868100	0.223200
1627305624.220563	0.678300	-0.582800	-0.706900	-0.548000	0.874200	0.211900
1627305624.232915	0.686500	-0.587000	-0.702500	-0.501300	0.878200	0.203700
1627305624.255280	0.682500	-0.607800	-0.697900	-0.398600	0.880700	0.197600
1627305624.256483	0.679200	-0.624500	-0.681800	-0.341500	0.897100	0.168900
1627305624.267216	0.684200	-0.627900	-0.657100	-0.369600	0.910900	0.133100
1627305624.268137	0.684200	-0.627600	-0.631800	-0.342400	0.920100	0.101700
1627305624.287699	0.684700	-0.636000	-0.621100	-0.315600	0.931400	0.060100
1627305624.290185	0.689900	-0.641500	-0.606600	-0.351600	0.951200	0.009400
1627305624.305351	0.687100	-0.633100	-0.583100	-0.386100	0.977500	-0.052300
1627305624.310833	0.688100	-0.624100	-0.554800	-0.392800	0.999500	-0.110300
1627305624.330553	0.689700	-0.617200	-0.529500	-0.406600	1.011700	-0.158900
1627305624.331386	0.697000	-0.606100	-0.508800	-0.425800	1.019600	-0.206800
1627305624.341534	0.702400	-0.585900	-0.487100	-0.439000	1.019300	-0.254500
1627305624.348659	0.711300	-0.557500	-0.459400	-0.479000	1.012600	-0.296000
1627305624.370855	0.713700	-0.526200	-0.435100	-0.511700	0.990000	-0.313700
1627305624.371708	0.713400	-0.516200	-0.422700	-0.472300	0.946000	-0.311900
1627305624.382921	0.728900	-0.526500	-0.435300	-0.442300	0.907500	-0.308200
1627305624.389752	0.720800	-0.527000	-0.449700	-0.575200	0.886500	-0.317100
1627305624.410710	0.716900	-0.529900	-0.414300	-0.414500	0.871500	-0.319500
1627305624.411662	0.726700	-0.548800	-0.392600	-0.285900	0.844600	-0.345200
1627305624.421476	0.728100	-0.549200	-0.381300	-0.442300	0.815600	-0.383700
1627305624.430957	0.733900	-0.517500	-0.376300	-0.528100	0.785400	-0.424600
1627305624.449719	0.748200	-0.472900	-0.373700	-0.476200	0.754200	-0.453000
1627305624.450677	0.761500	-0.446500	-0.372600	-0.484800	0.742000	-0.457000
1627305624.470909	0.763300	-0.422400	-0.368000	-0.497300	0.735300	-0.445000
1627305624.475384	0.759900	-0.407000	-0.346400	-0.465500	0.728200	-0.422100
1627305624.489582	0.760900	-0.407300	-0.319800	-0.412100	0.707800	-0.397100
1627305624.490482	0.756600	-0.417100	-0.291700	-0.379100	0.671700	-0.380000
1627305624.495442	0.754900	-0.427200	-0.266200	-0.376000	0.618300	-0.376900
1627305624.516310	0.751500	-0.432500	-0.249500	-0.325300	0.530600	-0.381800
1627305624.529571	0.761000	-0.427000	-0.238900	-0.300300	0.450000	-0.398600
1627305624.530466	0.762300	-0.406100	-0.244000	-0.305800	0.371200	-0.417300
1627305624.532871	0.757000	-0.381100	-0.244900	-0.294500	0.297300	-0.433100
1627305624.559773	0.767300	-0.354500	-0.247200	-0.256900	0.232800	-0.443200
1627305624.560675	0.777300	-0.333100	-0.255400	-0.238000	0.176600	-0.446000
1627305624.570421	0.761800	-0.315600	-0.272200	-0.227300	0.122900	-0.434700
1627305624.577727	0.794300	-0.302500	-0.278900	-0.153700	0.082600	-0.437400
1627305624.598810	0.781900	-0.291600	-0.298200	-0.128600	0.043200	-0.418800
1627305624.609698	0.781900	-0.282200	-0.304900	-0.058700	0.020300	-0.414800
1627305624.610684	0.790900	-0.269300	-0.305700	0.011200	0.004100	-0.403800
1627305624.629756	0.795800	-0.253300	-0.305900	0.043300	-0.010000	-0.386100
1627305624.630843	0.802400	-0.245600	-0.311900	0.094900	-0.021900	-0.361700
1627305624.640279	0.810400	-0.247200	-0.314600	0.182600	-0.033500	-0.331400
1627305624.651192	0.817000	-0.248700	-0.306400	0.230900	-0.043000	-0.304500
1627305624.677265	0.825600	-0.243200	-0.292400	0.259000	-0.057300	-0.282300
1627305624.678101	0.827600	-0.241300	-0.275900	0.302000	-0.080200	-0.248700
1627305624.680271	0.830800	-0.245800	-0.268800	0.363100	-0.112000	-0.212900
1627305624.690996	0.831200	-0.263500	-0.268300	0.434900	-0.145300	-0.180200
1627305624.691907	0.838100	-0.278900	-0.266600	0.496600	-0.180400	-0.157900
1627305624.715048	0.840000	-0.287200	-0.254300	0.554000	-0.226500	-0.134100
1627305624.729695	0.845700	-0.296600	-0.244400	0.620900	-0.284900	-0.106300
1627305624.730591	0.851400	-0.315900	-0.250900	0.684400	-0.345000	-0.076400
1627305624.739058	0.852500	-0.335600	-0.260300	0.725000	-0.400900	-0.049500
1627305624.759468	0.852200	-0.357700	-0.271700	0.744300	-0.452300	-0.030300
1627305624.760377	0.854400	-0.376200	-0.282100	0.773300	-0.498100	-0.018400
1627305624.772938	0.848500	-0.398300	-0.294800	0.808100	-0.539000	-0.014100
1627305624.777105	0.842800	-0.420200	-0.310900	0.832600	-0.582100	-0.022900
1627305624.799594	0.843500	-0.435400	-0.319300	0.832300	-0.618400	-0.038200
1627305624.800416	0.844500	-0.446700	-0.334100	0.850600	-0.653500	-0.055600
1627305624.819646	0.832600	-0.462400	-0.353800	0.880800	-0.687100	-0.079400
1627305624.839329	0.825100	-0.473400	-0.373200	0.882300	-0.714000	-0.110000
1627305624.840157	0.820300	-0.477900	-0.391200	0.862200	-0.740900	-0.138700
1627305624.841308	0.812500	-0.484500	-0.413800	0.884500	-0.764100	-0.168600
1627305624.850952	0.805800	-0.500100	-0.440800	0.922400	-0.776300	-0.210800
1627305624.871254	0.801100	-0.504400	-0.455800	0.926600	-0.777500	-0.252900
1627305624.872163	0.793100	-0.503300	-0.466900	0.958700	-0.774500	-0.298400
1627305624.879043	0.787200	-0.496100	-0.475600	0.994100	-0.769300	-0.348200
1627305624.888948	0.783700	-0.478400	-0.477300	0.984100	-0.764100	-0.391600
1627305624.910891	0.776600	-0.462600	-0.484300	0.991100	-0.762900	-0.419700
1627305624.911821	0.764800	-0.455100	-0.491800	1.028300	-0.759500	-0.436800
1627305624.925366	0.763700	-0.446900	-0.499900	1.042400	-0.749100	-0.458200
1627305624.939057	0.763700	-0.446900	-0.499900	1.042400	-0.749100	-0.458200
1627305624.940133	0.754400	-0.435800	-0.500500	1.074500	-0.737200	-0.479900
1627305624.952378	0.754400	-0.435800	-0.500500	1.074500	-0.737200	-0.479900
1627305624.967711	0.751300	-0.429600	-0.495100	1.081500	-0.731700	-0.488700
1627305624.980922	0.746500	-0.419300	-0.489600	1.065600	-0.729000	-0.491800
1627305624.981847	0.742100	-0.410200	-0.485500	1.063200	-0.733300	-0.487200
1627305624.987661	0.740700	-0.409800	-0.488600	1.096100	-0.746400	-0.473500
1627305625.011605	0.733600	-0.418300	-0.494100	1.140700	-0.762000	-0.456000
1627305625.023301	0.726000	-0.423600	-0.494300	1.161800	-0.773000	-0.442300
1627305625.024206	0.729700	-0.424000	-0.487800	1.171300	-0.787600	-0.432500
1627305625.031468	0.726900	-0.427500	-0.484100	1.191700	-0.805000	-0.420600
1627305625.050062	0.717400	-0.434300	-0.486900	1.206100	-0.824000	-0.407200
1627305625.060833	0.715300	-0.443000	-0.486900	1.200300	-0.841100	-0.398000
1627305625.061843	0.711200	-0.447500	-0.484500	1.190200	-0.865200	-0.389500
1627305625.069093	0.709000	-0.457500	-0.482400	1.194200	-0.901800	-0.376900
1627305625.091274	0.708900	-0.471800	-0.483000	1.200900	-0.945200	-0.364100
1627305625.099673	0.704700	-0.492700	-0.492100	1.208500	-0.986800	-0.352200
1627305625.100579	0.704100	-0.511700	-0.508300	1.216800	-1.021000	-0.353100
1627305625.107814	0.697900	-0.528000	-0.522300	1.241200	-1.045700	-0.362900
1627305625.126409	0.691900	-0.537200	-0.534100	1.261400	-1.059500	-0.384000
1627305625.129141	0.689200	-0.537000	-0.539400	1.259600	-1.065000	-0.412100
1627305625.143735	0.688000	-0.533900	-0.541500	1.253100	-1.071700	-0.437100
1627305625.146104	0.679200	-0.529500	-0.542500	1.245500	-1.082100	-0.449300
1627305625.164568	0.675900	-0.526700	-0.545500	1.214000	-1.096100	-0.455100
1627305625.169108	0.673500	-0.526000	-0.554000	1.186900	-1.115000	-0.449900
1627305625.177780	0.667400	-0.535800	-0.569700	1.192700	-1.136400	-0.441400
1627305625.185911	0.659500	-0.553200	-0.586500	1.201500	-1.152900	-0.439500
1627305625.208215	0.652200	-0.573000	-0.600600	1.177400	-1.159900	-0.446900
1627305625.209037	0.642000	-0.586800	-0.618400	1.183200	-1.163000	-0.464000
1627305625.219047	0.631600	-0.601800	-0.634800	1.207000	-1.157500	-0.491500
1627305625.228489	0.627700	-0.608600	-0.649300	1.196900	-1.141300	-0.530600
1627305625.245551	0.613400	-0.595500	-0.653800	1.160600	-1.117800	-0.573000
1627305625.249194	0.607100	-0.570200	-0.643700	1.122400	-1.093100	-0.609100
1627305625.260119	0.611100	-0.545700	-0.637700	1.094000	-1.079600	-0.621000
1627305625.266921	0.609100	-0.544400	-0.645500	1.083000	-1.075900	-0.619100
1627305625.289663	0.595100	-0.558500	-0.653600	1.072900	-1.071700	-0.619800
1627305625.290646	0.591900	-0.564100	-0.654100	1.034400	-1.054300	-0.632300
1627305625.312472	0.591200	-0.563000	-0.647600	0.996900	-1.045400	-0.649100
1627305625.313393	0.586100	-0.562100	-0.645900	0.997800	-1.042000	-0.665600
1627305625.320265	0.585100	-0.558300	-0.649500	0.993800	-1.036900	-0.684500
1627305625.332906	0.583700	-0.545700	-0.649000	0.966000	-1.034100	-0.703400
1627305625.356804	0.579800	-0.523700	-0.648900	0.928200	-1.030700	-0.718400
1627305625.358248	0.581100	-0.510900	-0.654200	0.912300	-1.028900	-0.720900
1627305625.359172	0.578000	-0.504400	-0.662000	0.903400	-1.026500	-0.713200
1627305625.374815	0.578100	-0.505900	-0.670400	0.888800	-1.015800	-0.705300
1627305625.378339	0.574300	-0.508700	-0.679700	0.873800	-1.003300	-0.698200
1627305625.398115	0.573500	-0.514200	-0.685800	0.866500	-0.985200	-0.694900
1627305625.398943	0.577400	-0.517600	-0.688200	0.877100	-0.962900	-0.698200
1627305625.406537	0.585900	-0.514500	-0.686900	0.893000	-0.934500	-0.712300
1627305625.415974	0.588600	-0.512600	-0.688600	0.897600	-0.912500	-0.726700
1627305625.436895	0.587800	-0.513800	-0.692000	0.930000	-0.896000	-0.744100
1627305625.437738	0.598900	-0.512600	-0.686600	0.956000	-0.871900	-0.765800
1627305625.443977	0.613600	-0.508200	-0.677400	0.947700	-0.858800	-0.778600
1627305625.466525	0.614700	-0.502400	-0.665500	0.948900	-0.857900	-0.770900
1627305625.468076	0.621300	-0.512200	-0.663900	0.963900	-0.864900	-0.752000
1627305625.483459	0.626200	-0.545500	-0.671900	0.968500	-0.874100	-0.729700
1627305625.487038	0.625400	-0.578100	-0.688700	0.951400	-0.887800	-0.720900
1627305625.510599	0.624100	-0.599200	-0.703100	0.893300	-0.888700	-0.717800
1627305625.511425	0.617800	-0.613000	-0.720300	0.882600	-0.896700	-0.718100
1627305625.521459	0.622700	-0.639400	-0.746100	0.931800	-0.899100	-0.716900
1627305625.532248	0.616100	-0.671100	-0.783300	0.959300	-0.900600	-0.719000
1627305625.554182	0.605100	-0.702500	-0.812100	0.934900	-0.877400	-0.736700
1627305625.555291	0.606600	-0.718900	-0.825200	0.936700	-0.841100	-0.770600
1627305625.568480	0.600100	-0.732800	-0.839000	0.927500	-0.806600	-0.803300
1627305625.569387	0.595700	-0.750200	-0.863900	0.886900	-0.757400	-0.845800
1627305625.575389	0.592000	-0.763500	-0.885000	0.839000	-0.688700	-0.908100
1627305625.610739	0.587900	-0.768900	-0.910200	0.778800	-0.603700	-0.990200
1627305625.622236	0.580400	-0.752600	-0.928100	0.710400	-0.502300	-1.087700
1627305625.622951	0.574500	-0.700800	-0.925000	0.626700	-0.367300	-1.195500
1627305625.623733	0.574600	-0.638200	-0.914600	0.561300	-0.251900	-1.261800
1627305625.627625	0.575400	-0.584600	-0.902000	0.535400	-0.155100	-1.288300
1627305625.638520	0.576800	-0.546000	-0.883700	0.527400	-0.070800	-1.290200
1627305625.639436	0.579600	-0.512600	-0.856100	0.443400	0.003500	-1.274600
1627305625.664152	0.587900	-0.481400	-0.826700	0.362200	0.057200	-1.245900
1627305625.675995	0.592700	-0.470300	-0.806500	0.347500	0.089300	-1.206800
1627305625.677002	0.593300	-0.474700	-0.789400	0.348400	0.110400	-1.167700
1627305625.684135	0.600500	-0.465700	-0.770500	0.295900	0.126800	-1.154600
1627305625.706331	0.604700	-0.439800	-0.751100	0.267800	0.133600	-1.137200
1627305625.720882	0.604200	-0.411100	-0.744400	0.274200	0.136000	-1.110900
1627305625.721780	0.604600	-0.385400	-0.744900	0.263500	0.142700	-1.073600
1627305625.726608	0.603800	-0.366500	-0.749000	0.255000	0.155300	-1.029000
1627305625.746361	0.604100	-0.357500	-0.748300	0.273600	0.170500	-0.981100
1627305625.748127	0.608400	-0.352700	-0.745700	0.277300	0.195900	-0.925200
1627305625.763160	0.608600	-0.349200	-0.743000	0.243100	0.220900	-0.884000
1627305625.765885	0.612900	-0.337200	-0.740000	0.215000	0.248700	-0.842700
1627305625.789276	0.620000	-0.328700	-0.737200	0.191100	0.282900	-0.804500
1627305625.790108	0.627800	-0.317900	-0.728900	0.166400	0.318700	-0.762400
1627305625.797734	0.632300	-0.312000	-0.713600	0.141100	0.355900	-0.720200
1627305625.806004	0.633800	-0.312300	-0.694800	0.113900	0.391400	-0.681100
1627305625.824411	0.641100	-0.321200	-0.681800	0.097400	0.430400	-0.649700
1627305625.826591	0.647300	-0.330100	-0.668000	0.087000	0.457300	-0.629800
1627305625.841547	0.649800	-0.331200	-0.646700	0.056500	0.476000	-0.621900
1627305625.844824	0.658400	-0.318400	-0.623500	0.016700	0.487600	-0.613600
1627305625.867052	0.665400	-0.295800	-0.599000	-0.006800	0.487000	-0.602300
1627305625.867959	0.676500	-0.274700	-0.579800	-0.035200	0.479000	-0.580000
1627305625.880268	0.685900	-0.253400	-0.569500	-0.073400	0.465300	-0.543100
1627305625.887125	0.692000	-0.233200	-0.554800	-0.130500	0.450000	-0.497000
1627305625.910948	0.689700	-0.227300	-0.552700	-0.159200	0.438100	-0.451800
1627305625.911835	0.692400	-0.227200	-0.550200	-0.173500	0.426500	-0.409000
1627305625.930854	0.697400	-0.225800	-0.544600	-0.211100	0.413600	-0.370200
1627305625.943408	0.697300	-0.217200	-0.534400	-0.248400	0.395600	-0.329900
1627305625.944266	0.697100	-0.204100	-0.523800	-0.265200	0.377000	-0.285300
1627305625.946618	0.699000	-0.194600	-0.521100	-0.269100	0.350700	-0.228200
1627305625.959731	0.701700	-0.190800	-0.517800	-0.262700	0.322600	-0.167400
1627305625.983348	0.699000	-0.191500	-0.513400	-0.237400	0.295100	-0.111200
1627305625.984248	0.701000	-0.193800	-0.508800	-0.229100	0.268000	-0.066000
1627305625.986520	0.699000	-0.193500	-0.503500	-0.248700	0.242000	-0.021700
1627305625.994043	0.699000	-0.198100	-0.505500	-0.254500	0.213600	0.019800
1627305626.016338	0.699600	-0.204100	-0.509600	-0.249600	0.189500	0.057400
1627305626.017534	0.699100	-0.201400	-0.510300	-0.274900	0.171400	0.091300
1627305626.033042	0.698000	-0.194500	-0.505000	-0.311600	0.158000	0.120900
1627305626.039745	0.698000	-0.188800	-0.501500	-0.322300	0.147900	0.159100
1627305626.062132	0.695700	-0.193200	-0.509200	-0.324400	0.137800	0.204000
1627305626.063025	0.694700	-0.198600	-0.511400	-0.330800	0.132300	0.244600
1627305626.066521	0.703600	-0.198400	-0.505500	-0.345200	0.125600	0.281900
1627305626.081989	0.706400	-0.192700	-0.493000	-0.362900	0.110000	0.324000
1627305626.083476	0.705900	-0.184300	-0.474400	-0.364400	0.078600	0.386300
1627305626.105559	0.711200	-0.184600	-0.468800	-0.368400	0.045600	0.434900
1627305626.106709	0.711500	-0.189700	-0.465600	-0.400200	0.013500	0.483200
1627305626.116479	0.708500	-0.192500	-0.467300	-0.426100	-0.020700	0.529000
1627305626.124723	0.703500	-0.206300	-0.471700	-0.433500	-0.053400	0.573600
1627305626.144205	0.697400	-0.218500	-0.477800	-0.454200	-0.085100	0.609000
1627305626.147927	0.693800	-0.226700	-0.482200	-0.494200	-0.119300	0.642300
1627305626.160313	0.682500	-0.234300	-0.490400	-0.523600	-0.163000	0.683800
1627305626.164963	0.678700	-0.237500	-0.498200	-0.543100	-0.191100	0.715600
1627305626.187942	0.673700	-0.244000	-0.504500	-0.566900	-0.221300	0.753200
1627305626.188907	0.674600	-0.251200	-0.517500	-0.581000	-0.247000	0.790100
1627305626.196234	0.670000	-0.259500	-0.539400	-0.606300	-0.271100	0.824300
1627305626.203351	0.664700	-0.267100	-0.562500	-0.617300	-0.287300	0.857900
1627305626.223158	0.658100	-0.279400	-0.589100	-0.599000	-0.300500	0.893100
1627305626.226769	0.648400	-0.292100	-0.615500	-0.569400	-0.303800	0.929100
1627305626.237720	0.648100	-0.295000	-0.630900	-0.560500	-0.293400	0.955700
1627305626.244919	0.650800	-0.300000	-0.648100	-0.573300	-0.278200	0.987700
1627305626.267489	0.650500	-0.318700	-0.674400	-0.546800	-0.260100	1.025300
1627305626.268403	0.650900	-0.346800	-0.703400	-0.499700	-0.235100	1.051300
1627305626.283992	0.653400	-0.367700	-0.715900	-0.460600	-0.202700	1.064700
1627305626.298407	0.657100	-0.380600	-0.711500	-0.448400	-0.173700	1.070800
1627305626.299224	0.656700	-0.393200	-0.703100	-0.438700	-0.151100	1.077500
1627305626.305315	0.657100	-0.412800	-0.704700	-0.428000	-0.132500	1.075400
1627305626.326279	0.660400	-0.439900	-0.717800	-0.435000	-0.105900	1.058300
1627305626.335828	0.669600	-0.460400	-0.728600	-0.464900	-0.069500	1.026500
1627305626.336760	0.680700	-0.464100	-0.731000	-0.496700	-0.028600	0.988700
1627305626.345065	0.684000	-0.459400	-0.724000	-0.521400	0.012900	0.955700
1627305626.347594	0.689200	-0.456800	-0.725500	-0.543100	0.059700	0.929700
1627305626.369083	0.691300	-0.457600	-0.727900	-0.557800	0.104900	0.910500
1627305626.376257	0.687300	-0.457400	-0.731200	-0.577900	0.143300	0.895200
1627305626.377169	0.679600	-0.450400	-0.733400	-0.603900	0.173900	0.886000
1627305626.400436	0.676000	-0.437000	-0.728500	-0.600200	0.191600	0.888500
1627305626.410256	0.672100	-0.426100	-0.724600	-0.589200	0.196200	0.908900
1627305626.422280	0.673000	-0.413500	-0.724100	-0.612100	0.191600	0.943800
1627305626.439653	0.678300	-0.415800	-0.741700	-0.619200	0.178800	1.003600
1627305626.440570	0.667400	-0.438400	-0.774500	-0.574300	0.171700	1.061700
1627305626.464441	0.657000	-0.477100	-0.801300	-0.506200	0.180300	1.101700
1627305626.465234	0.649200	-0.515000	-0.812700	-0.478700	0.206300	1.120300
1627305626.466773	0.638500	-0.539600	-0.809300	-0.479000	0.236200	1.121200
1627305626.482194	0.624800	-0.557600	-0.805200	-0.464900	0.267700	1.105600
1627305626.484664	0.611200	-0.571200	-0.807100	-0.449000	0.297900	1.076000
1627305626.504446	0.598800	-0.581300	-0.805500	-0.453900	0.343700	1.037500
1627305626.505277	0.592300	-0.580300	-0.802700	-0.469200	0.391400	1.006700
1627305626.518903	0.585600	-0.574200	-0.792200	-0.486600	0.434700	0.978300
1627305626.522462	0.581300	-0.566800	-0.775600	-0.510100	0.474700	0.954800
1627305626.544304	0.578900	-0.564600	-0.757000	-0.561400	0.509900	0.936400
1627305626.545460	0.573700	-0.568100	-0.742700	-0.604800	0.538600	0.920500
1627305626.556513	0.569800	-0.572800	-0.734900	-0.660400	0.568500	0.901000
1627305626.564697	0.568600	-0.572100	-0.730200	-0.746500	0.608800	0.875300
1627305626.586855	0.567300	-0.570200	-0.723600	-0.758700	0.631400	0.853300
1627305626.591673	0.565300	-0.567100	-0.711800	-0.757800	0.653700	0.830400
1627305626.594060	0.569000	-0.555400	-0.696700	-0.770400	0.667800	0.809400
1627305626.603629	0.571300	-0.539700	-0.681600	-0.772800	0.671400	0.799300
1627305626.630062	0.574000	-0.531600	-0.679000	-0.742300	0.669900	0.796800
1627305626.631126	0.579000	-0.527300	-0.673000	-0.726700	0.669300	0.798400
1627305626.650558	0.579600	-0.517600	-0.668900	-0.752000	0.667500	0.801700
1627305626.651498	0.578500	-0.511000	-0.666000	-0.751100	0.660400	0.811500
1627305626.655404	0.585000	-0.511500	-0.664100	-0.745900	0.652800	0.825900
1627305626.670724	0.585800	-0.514200	-0.664300	-0.770700	0.636000	0.843300
1627305626.673520	0.588700	-0.518600	-0.673000	-0.790800	0.623200	0.866200
1627305626.695738	0.596200	-0.526400	-0.691400	-0.788400	0.614000	0.883300
1627305626.696602	0.598400	-0.534300	-0.714100	-0.783500	0.608500	0.897900
1627305626.717256	0.600300	-0.532800	-0.734600	-0.788100	0.617100	0.905300
1627305626.724684	0.600800	-0.530900	-0.756500	-0.777700	0.629300	0.913800
1627305626.725593	0.598000	-0.537100	-0.775100	-0.745600	0.647300	0.929100
1627305626.731679	0.597700	-0.552200	-0.792200	-0.715400	0.668400	0.945600
1627305626.753123	0.593300	-0.571500	-0.808300	-0.697700	0.695000	0.960900
1627305626.755087	0.589200	-0.595300	-0.822600	-0.684200	0.729800	0.967600
