1627305699.774759	0.708700	-0.364100	-0.640000	0.003600	-0.033500	-0.037600
1627305699.775599	0.709000	-0.362800	-0.640900	-0.012000	-0.025300	-0.046800
1627305699.776419	0.712300	-0.353500	-0.643100	-0.020200	-0.021000	-0.054400
1627305699.777112	0.715700	-0.348000	-0.644500	-0.014400	-0.015200	-0.057800
1627305699.777746	0.718100	-0.342900	-0.645300	-0.011000	-0.007200	-0.054400
1627305699.779651	0.719500	-0.340000	-0.642100	-0.004900	0.001300	-0.049800
1627305699.780279	0.725500	-0.340000	-0.637000	0.003600	0.003100	-0.045500
1627305699.780836	0.724900	-0.341300	-0.634900	0.001500	0.002800	-0.041000
1627305699.781387	0.724200	-0.341300	-0.635400	-0.012300	0.000100	-0.039400
1627305699.781940	0.730000	-0.338400	-0.636600	-0.019600	-0.006900	-0.040300
1627305699.782493	0.730700	-0.334700	-0.643900	-0.019900	-0.017300	-0.037300
1627305699.783048	0.730700	-0.334700	-0.643900	-0.019900	-0.017300	-0.037300
1627305699.783560	0.726400	-0.328600	-0.659400	-0.014400	-0.015500	-0.026300
1627305699.784052	0.726400	-0.328600	-0.659400	-0.014400	-0.015500	-0.026300
1627305699.784542	0.726400	-0.329300	-0.661600	0.001800	-0.004500	-0.018400
1627305699.785034	0.725500	-0.331400	-0.660000	0.013400	0.009600	-0.010100
1627305699.785525	0.720700	-0.331800	-0.655400	0.017700	0.023300	-0.005200
1627305699.785990	0.724500	-0.332800	-0.649200	-0.000700	0.040100	-0.004300
1627305699.786440	0.724900	-0.330900	-0.644300	-0.013800	0.049900	-0.002800
1627305699.786886	0.721300	-0.331900	-0.644700	-0.006200	0.058100	0.001500
1627305699.787327	0.721800	-0.331900	-0.639300	-0.003400	0.067900	0.003000
1627305699.787770	0.718300	-0.331400	-0.627300	-0.016900	0.073700	0.007000
1627305699.788170	0.718300	-0.331400	-0.619600	-0.012300	0.074300	0.011900
1627305699.788567	0.718900	-0.337900	-0.606700	-0.000400	0.069100	0.015500
1627305699.789007	0.718800	-0.344800	-0.602500	-0.010700	0.058400	0.012500
1627305699.789406	0.720800	-0.345100	-0.598300	-0.021700	0.048400	0.006100
1627305699.789803	0.726400	-0.340500	-0.593800	-0.024500	0.032500	0.000900
1627305699.790246	0.727900	-0.334700	-0.587900	-0.023300	0.016600	0.001500
1627305699.790644	0.721900	-0.327600	-0.584200	-0.021700	0.003800	0.008200
1627305699.791065	0.722200	-0.325300	-0.578900	-0.026000	-0.006600	0.020100
1627305699.791484	0.721300	-0.334400	-0.575100	-0.017500	-0.022800	0.039400
1627305699.791882	0.722700	-0.353000	-0.577500	0.001500	-0.042400	0.054900
1627305699.792322	0.718000	-0.367400	-0.581800	0.005400	-0.063700	0.059500
1627305699.792728	0.712000	-0.377200	-0.583100	0.011900	-0.082400	0.058000
1627305699.793124	0.705900	-0.382200	-0.581100	0.023800	-0.097600	0.052500
1627305699.793555	0.705000	-0.387100	-0.578100	0.034800	-0.111100	0.046400
1627305699.793952	0.705200	-0.392600	-0.574600	0.032900	-0.125400	0.045200
1627305699.794350	0.705200	-0.407300	-0.578900	0.041800	-0.148000	0.040300
1627305699.794791	0.703700	-0.421900	-0.587500	0.046400	-0.167300	0.023200
1627305699.795189	0.704000	-0.426000	-0.595300	0.027100	-0.187100	0.001200
1627305699.795587	0.712300	-0.420500	-0.610600	0.001200	-0.211300	-0.026300
1627305699.796032	0.715300	-0.409400	-0.639200	-0.007700	-0.233300	-0.044000
1627305699.796432	0.711900	-0.393600	-0.671100	0.003600	-0.241500	-0.053200
1627305699.796864	0.706300	-0.373000	-0.701300	0.031400	-0.226800	-0.051000
1627305699.797262	0.696800	-0.359300	-0.716300	0.087900	-0.183800	-0.032700
1627305699.797660	0.695800	-0.359900	-0.715300	0.142300	-0.134900	-0.010400
1627305699.798101	0.702900	-0.372600	-0.710600	0.159400	-0.092500	0.004600
1627305699.798499	0.707400	-0.387200	-0.717800	0.146600	-0.060400	0.005800
1627305699.798896	0.701500	-0.392000	-0.718600	0.142000	-0.025300	-0.002200
1627305699.799339	0.701300	-0.389400	-0.713400	0.129100	0.012000	-0.018400
1627305699.799736	0.702500	-0.388900	-0.697900	0.157600	0.040400	-0.032100
1627305699.800139	0.707300	-0.396000	-0.682100	0.199700	0.059300	-0.054100
1627305699.800579	0.710900	-0.398100	-0.670400	0.182300	0.055400	-0.084300
1627305699.800978	0.715200	-0.381200	-0.657200	0.149900	0.038600	-0.116700
1627305699.801420	0.716100	-0.351700	-0.646100	0.098600	0.019000	-0.141400
1627305699.801818	0.711400	-0.324500	-0.645400	0.046700	-0.001100	-0.146600
1627305699.802218	0.711100	-0.315100	-0.655800	0.042400	-0.008800	-0.143000
1627305699.802664	0.721900	-0.318400	-0.668200	0.023800	0.000100	-0.146300
1627305699.803067	0.737900	-0.316200	-0.672600	-0.050100	0.023000	-0.163700
1627305699.803468	0.746300	-0.303600	-0.672200	-0.096300	0.038600	-0.182700
1627305699.803905	0.762700	-0.284500	-0.679300	-0.146400	0.048000	-0.200700
1627305699.804307	0.778600	-0.250500	-0.700700	-0.226100	0.051700	-0.206500
1627305699.804714	0.798500	-0.205300	-0.737100	-0.280100	0.062100	-0.187300
1627305699.805147	0.817500	-0.166500	-0.779300	-0.283200	0.086500	-0.137200
1627305699.805547	0.849100	-0.132700	-0.844800	-0.286200	0.125900	-0.058400
1627305699.805982	0.855100	-0.116200	-0.909100	-0.270100	0.192800	0.055900
1627305699.806391	0.844100	-0.118900	-0.961700	-0.198900	0.269800	0.164300
1627305699.806836	0.857200	-0.133400	-0.998400	-0.147900	0.359600	0.265100
1627305699.807305	0.855300	-0.163500	-1.029400	-0.087100	0.457300	0.364700
1627305699.807815	0.860100	-0.200300	-1.066000	-0.023600	0.563000	0.434900
1627305699.808329	0.884400	-0.236000	-1.110800	0.037200	0.681200	0.475800
1627305699.808813	0.874400	-0.251100	-1.130600	0.098900	0.858100	0.513700
1627305699.809265	0.878100	-0.260600	-1.111100	0.215000	1.054800	0.554000
1627305699.809686	0.827300	-0.285800	-1.072100	0.297100	1.229500	0.597400
1627305699.810149	0.818700	-0.336400	-1.026900	0.383300	1.400500	0.604400
1627305699.810605	0.806300	-0.393800	-0.973600	0.384500	1.563900	0.584000
1627305699.811058	0.782600	-0.421400	-0.900600	0.274800	1.711400	0.526800
1627305699.811518	0.773400	-0.420300	-0.815800	0.167900	1.831200	0.460900
1627305699.811971	0.758700	-0.408600	-0.722900	0.098600	1.927400	0.404400
1627305699.812427	0.734500	-0.401600	-0.645500	0.007900	1.983900	0.368000
1627305699.812884	0.713100	-0.399400	-0.571300	-0.072400	2.013500	0.350300
1627305699.813339	0.691400	-0.412600	-0.495700	-0.084400	2.015300	0.340800
1627305699.813793	0.695300	-0.448700	-0.417700	-0.050800	1.990600	0.310600
1627305699.814257	0.677400	-0.480600	-0.342000	-0.059300	1.937500	0.272100
1627305699.814712	0.672700	-0.499400	-0.265400	-0.062700	1.852200	0.213800
1627305699.815167	0.668800	-0.514500	-0.186800	0.047000	1.710500	0.133100
1627305699.815621	0.659500	-0.510100	-0.114700	0.155400	1.579200	0.069000
1627305699.816078	0.661400	-0.468300	-0.029100	0.081800	1.433800	0.020400
1627305699.816532	0.651900	-0.425300	0.027100	0.092200	1.259100	0.017700
1627305699.816984	0.662500	-0.409800	0.057500	0.137700	1.066700	0.038100
1627305699.817606	0.670900	-0.412000	0.057600	0.101000	0.873600	0.055600
1627305699.818065	0.678300	-0.403400	0.047400	0.052200	0.684000	0.067200
1627305699.818492	0.680500	-0.375400	0.034400	-0.066600	0.464400	0.103800
1627305699.819002	0.670300	-0.371600	0.001700	-0.079200	0.312900	0.156400
1627305699.819570	0.659100	-0.403600	-0.040000	-0.045000	0.195600	0.206700
1627305699.820052	0.652200	-0.454100	-0.081500	-0.049500	0.114300	0.230300
1627305699.820550	0.652500	-0.500200	-0.113300	-0.073700	0.056000	0.218700
1627305699.821016	0.654800	-0.532100	-0.138800	-0.057500	0.009000	0.182600
1627305699.821609	0.668300	-0.554800	-0.157300	-0.016200	-0.033800	0.125200
1627305699.822105	0.686300	-0.554200	-0.173100	-0.017800	-0.078400	0.054900
1627305699.822673	0.702000	-0.533600	-0.189200	-0.042500	-0.107100	0.002700
1627305699.823210	0.701800	-0.509800	-0.209700	-0.033700	-0.129700	-0.026600
1627305699.823691	0.701800	-0.492800	-0.225200	-0.010700	-0.136400	-0.039700
1627305699.824177	0.700100	-0.484500	-0.234400	0.011900	-0.136400	-0.038200
1627305699.824654	0.704200	-0.486100	-0.233900	0.057100	-0.135500	-0.026900
1627305699.825119	0.716600	-0.502600	-0.222800	0.135600	-0.145900	-0.013800
1627305699.825566	0.728600	-0.526000	-0.213400	0.211300	-0.170000	-0.010700
1627305699.826022	0.738000	-0.540500	-0.202800	0.251000	-0.200300	-0.023900
1627305699.826438	0.752300	-0.550000	-0.192600	0.310900	-0.238800	-0.048900
1627305699.826851	0.767100	-0.561800	-0.180500	0.357300	-0.285500	-0.089200
1627305699.827293	0.782100	-0.562300	-0.174700	0.352700	-0.340200	-0.139600
1627305699.827706	0.796300	-0.557700	-0.172500	0.331000	-0.397300	-0.194600
1627305699.828120	0.804800	-0.546000	-0.179700	0.320000	-0.460200	-0.256900
1627305699.828670	0.816500	-0.534900	-0.185400	0.310600	-0.521600	-0.315500
1627305699.829186	0.825400	-0.521700	-0.193800	0.291900	-0.569200	-0.363500
1627305699.829621	0.831200	-0.497800	-0.201400	0.255300	-0.612900	-0.394300
1627305699.830033	0.839400	-0.468500	-0.208400	0.217400	-0.649900	-0.408400
1627305699.830446	0.843600	-0.451700	-0.225800	0.197300	-0.682500	-0.400100
1627305699.830880	0.845000	-0.448500	-0.252900	0.186000	-0.707600	-0.382400
1627305699.831293	0.846300	-0.456700	-0.288900	0.186300	-0.719200	-0.363500
1627305699.831704	0.845600	-0.464200	-0.316000	0.189900	-0.717100	-0.358000
1627305699.832137	0.848800	-0.464200	-0.332300	0.201500	-0.704500	-0.359800
1627305699.832550	0.841200	-0.468100	-0.346200	0.235100	-0.689900	-0.360100
1627305699.832964	0.843100	-0.470600	-0.356600	0.255000	-0.675800	-0.371700
1627305699.833398	0.849900	-0.465600	-0.368700	0.248000	-0.663300	-0.384600
1627305699.833812	0.845700	-0.456200	-0.379900	0.253500	-0.652900	-0.391300
1627305699.834260	0.855300	-0.453600	-0.394400	0.310000	-0.637700	-0.387000
1627305699.834712	0.861800	-0.456500	-0.407600	0.372600	-0.619300	-0.377900
1627305699.835167	0.867300	-0.462300	-0.413800	0.413500	-0.593700	-0.368400
1627305699.835631	0.874000	-0.467900	-0.418800	0.478300	-0.568300	-0.359800
1627305699.836042	0.887200	-0.481000	-0.418300	0.567700	-0.548200	-0.369900
1627305699.836495	0.917000	-0.496700	-0.429000	0.648700	-0.535300	-0.412400
1627305699.836950	0.908300	-0.485700	-0.429800	0.650800	-0.518500	-0.468000
1627305699.837588	0.914300	-0.418000	-0.413300	0.523500	-0.510000	-0.543700
1627305699.838128	0.917100	-0.352500	-0.397800	0.459900	-0.527700	-0.544000
1627305699.838699	0.891600	-0.328100	-0.419300	0.491100	-0.563700	-0.491200
1627305699.839177	0.870500	-0.343600	-0.450200	0.564700	-0.591200	-0.425200
1627305699.839600	0.867600	-0.363400	-0.467200	0.533800	-0.615400	-0.368400
1627305699.840051	0.867600	-0.382800	-0.481400	0.482200	-0.646500	-0.322600
1627305699.840530	0.875600	-0.412600	-0.507800	0.552200	-0.685900	-0.281000
1627305699.840989	0.857900	-0.463500	-0.552700	0.623600	-0.715800	-0.256900
1627305699.841416	0.849600	-0.498200	-0.584100	0.628500	-0.709400	-0.267600
1627305699.841829	0.845900	-0.515500	-0.604200	0.678000	-0.681900	-0.294200
1627305699.842276	0.837400	-0.529300	-0.617800	0.771200	-0.646500	-0.325600
1627305699.842710	0.845700	-0.546000	-0.627400	0.853600	-0.612900	-0.365900
1627305699.843177	0.842900	-0.555500	-0.631700	0.898500	-0.583300	-0.408100
1627305699.843647	0.843000	-0.552200	-0.629300	0.893600	-0.551200	-0.457900
1627305699.844076	0.847800	-0.542700	-0.623700	0.906500	-0.517300	-0.504000
1627305699.844506	0.841400	-0.548100	-0.625200	0.925400	-0.484300	-0.540600
1627305699.844965	0.843000	-0.551100	-0.619300	0.903700	-0.450100	-0.582500
1627305699.845382	0.874500	-0.543000	-0.607300	0.844500	-0.428100	-0.628600
1627305699.845832	0.934000	-0.532200	-0.612200	0.772700	-0.431200	-0.662200
1627305699.846248	0.978100	-0.519700	-0.649500	0.728700	-0.450100	-0.675600
1627305699.846663	0.987500	-0.505100	-0.725200	0.712800	-0.454700	-0.675300
1627305699.847108	0.966600	-0.478400	-0.796900	0.725300	-0.418300	-0.667700
1627305699.847523	0.941200	-0.464700	-0.852900	0.881700	-0.331900	-0.654000
1627305699.847935	0.897300	-0.459500	-0.871900	1.089100	-0.196600	-0.643300
1627305699.848381	0.865000	-0.450800	-0.844200	1.215600	-0.028600	-0.649400
1627305699.848796	0.819600	-0.439600	-0.780300	1.332200	0.135400	-0.663100
1627305699.849215	0.797100	-0.429800	-0.675800	1.409500	0.258200	-0.681500
1627305699.849659	0.789300	-0.424200	-0.563800	1.350300	0.315300	-0.693700
1627305699.850073	0.776600	-0.425300	-0.522800	1.201200	0.306700	-0.705000
1627305699.850513	0.785900	-0.429700	-0.512600	1.079000	0.268900	-0.716600
1627305699.850926	0.786700	-0.442900	-0.524300	1.007900	0.221500	-0.728500
1627305699.851339	0.788600	-0.457600	-0.539400	0.960500	0.184900	-0.759600
1627305699.851786	0.779700	-0.469700	-0.541400	0.940400	0.163500	-0.799300
1627305699.852202	0.763200	-0.474900	-0.532300	0.936100	0.162000	-0.847600
1627305699.852622	0.753500	-0.465300	-0.505200	0.890900	0.181800	-0.913600
1627305699.853069	0.738800	-0.445600	-0.476800	0.856100	0.214200	-0.961800
1627305699.853486	0.732800	-0.424300	-0.447800	0.840800	0.244700	-0.997600
1627305699.853902	0.726400	-0.403200	-0.421900	0.831600	0.268300	-1.017400
1627305699.854359	0.725100	-0.379300	-0.395100	0.829200	0.275300	-1.025400
1627305699.854780	0.730700	-0.354500	-0.367300	0.844200	0.268600	-1.020200
1627305699.855220	0.732300	-0.333100	-0.338300	0.880500	0.244400	-1.002200
1627305699.855737	0.738900	-0.313400	-0.304700	0.919600	0.191900	-0.965800
1627305699.856156	0.743500	-0.303600	-0.278400	0.935200	0.125900	-0.924300
1627305699.856607	0.748500	-0.305100	-0.261800	0.975200	0.048400	-0.886700
1627305699.857027	0.753300	-0.315300	-0.251700	1.009100	-0.037200	-0.856500
1627305699.857440	0.750600	-0.318100	-0.245500	0.992600	-0.123000	-0.833600
1627305699.857884	0.741000	-0.314500	-0.247100	0.970300	-0.209100	-0.817100
1627305699.858383	0.722400	-0.314500	-0.252900	1.000500	-0.290700	-0.792300
1627305699.858823	0.711100	-0.316800	-0.263700	1.016700	-0.369200	-0.768500
1627305699.859267	0.703100	-0.318500	-0.272100	1.005400	-0.429000	-0.753500
1627305699.859710	0.694500	-0.323500	-0.288200	1.039900	-0.480400	-0.745900
1627305699.860127	0.683600	-0.325400	-0.299400	1.064700	-0.516700	-0.745000
1627305699.860569	0.681800	-0.323000	-0.306400	1.058600	-0.535600	-0.750200
1627305699.860983	0.677000	-0.313700	-0.309900	1.043000	-0.547900	-0.756000
1627305699.861418	0.679600	-0.303500	-0.313000	1.035700	-0.552100	-0.759900
1627305699.861839	0.683500	-0.296000	-0.311400	1.025900	-0.549100	-0.756600
1627305699.862253	0.687900	-0.290400	-0.306400	0.982200	-0.549400	-0.752000
1627305699.862689	0.688200	-0.287100	-0.304900	0.947400	-0.559500	-0.745300
1627305699.863103	0.705000	-0.290800	-0.309300	0.934900	-0.583000	-0.745900
1627305699.863516	0.712500	-0.294600	-0.324000	0.909500	-0.616600	-0.753200
1627305699.863957	0.717800	-0.285300	-0.335800	0.870100	-0.646800	-0.763600
1627305699.864370	0.728000	-0.263500	-0.344600	0.873500	-0.672200	-0.764200
1627305699.864788	0.735000	-0.248500	-0.350000	0.902200	-0.695700	-0.749300
1627305699.865229	0.737900	-0.245400	-0.355300	0.913200	-0.715500	-0.729400
1627305699.865647	0.746300	-0.241100	-0.357900	0.905900	-0.735100	-0.711700
1627305699.866083	0.744100	-0.236300	-0.363500	0.893600	-0.764100	-0.697900
1627305699.866496	0.749600	-0.230500	-0.368200	0.879300	-0.798300	-0.683600
1627305699.866908	0.753500	-0.219200	-0.376100	0.855800	-0.840200	-0.661600
1627305699.867348	0.742600	-0.208100	-0.395400	0.847200	-0.887500	-0.626200
1627305699.867760	0.740100	-0.203400	-0.407500	0.855200	-0.922600	-0.590700
1627305699.868228	0.728400	-0.204000	-0.416500	0.864600	-0.947700	-0.550700
1627305699.868672	0.708700	-0.208600	-0.414100	0.870400	-0.966600	-0.509500
1627305699.870974	0.703500	-0.217800	-0.408400	0.869800	-0.987400	-0.471000
1627305699.871376	0.688800	-0.232500	-0.400500	0.858800	-1.018800	-0.434700
1627305699.871776	0.675300	-0.246200	-0.393900	0.825200	-1.057600	-0.400800
1627305699.872220	0.664100	-0.263300	-0.400300	0.758600	-1.129700	-0.361700
1627305699.872622	0.659700	-0.297000	-0.423000	0.758300	-1.200300	-0.334200
1627305699.875107	0.663100	-0.344600	-0.458400	0.784000	-1.269000	-0.339700
1627305699.875531	0.671900	-0.385300	-0.489900	0.766300	-1.334300	-0.391600
1627305699.875951	0.679200	-0.399000	-0.519300	0.712200	-1.394500	-0.478300
1627305699.877181	0.683300	-0.381500	-0.540200	0.668500	-1.441900	-0.574200
1627305699.877578	0.687100	-0.342400	-0.561300	0.637400	-1.476400	-0.657900
1627305699.878044	0.690100	-0.292200	-0.595100	0.590000	-1.497100	-0.727900
1627305699.879845	0.693500	-0.255600	-0.634600	0.536600	-1.497400	-0.756600
1627305699.880251	0.703100	-0.225000	-0.678800	0.504200	-1.477900	-0.776100
1627305699.880685	0.707400	-0.199000	-0.723400	0.466000	-1.435400	-0.787400
1627305699.881083	0.721400	-0.168200	-0.754400	0.396400	-1.375600	-0.797500
1627305699.883236	0.743900	-0.132200	-0.775500	0.320000	-1.310500	-0.801800
1627305699.883651	0.768900	-0.090800	-0.809400	0.256200	-1.239000	-0.784400
1627305699.884104	0.813400	-0.008700	-0.858200	0.108100	-1.144400	-0.766100
1627305699.884503	0.842900	0.118500	-0.913100	-0.108200	-1.039600	-0.711700
1627305699.887063	0.829300	0.276200	-0.955600	-0.215700	-0.877400	-0.560200
1627305699.887505	0.783800	0.395500	-0.950400	-0.122800	-0.670900	-0.290200
1627305699.887909	0.747600	0.381800	-0.887200	0.078100	-0.442200	0.048800
1627305699.888306	0.752700	0.225500	-0.768300	0.380200	-0.270200	0.351200
1627305699.888753	0.769700	-0.000600	-0.666100	0.364600	-0.185000	0.515200
1627305699.890831	0.765000	-0.114600	-0.620700	-0.095700	-0.180700	0.521600
1627305699.891229	0.751500	-0.106400	-0.616000	-0.256000	-0.224100	0.494800
1627305699.891627	0.747100	-0.089100	-0.636500	-0.071500	-0.286400	0.498100
1627305699.893307	0.746600	-0.087600	-0.654400	0.048800	-0.346000	0.521000
1627305699.893706	0.747300	-0.093800	-0.664200	0.047600	-0.400900	0.549100
1627305699.894106	0.738600	-0.119000	-0.652600	0.136200	-0.455300	0.578500
1627305699.894548	0.720300	-0.179900	-0.623500	0.215900	-0.525300	0.580600
1627305699.896630	0.706500	-0.227700	-0.590900	0.127000	-0.615700	0.538800
1627305699.897027	0.679900	-0.251700	-0.566000	0.030800	-0.723200	0.479500
1627305699.897428	0.660300	-0.262600	-0.557300	-0.023300	-0.856300	0.407700
1627305699.897861	0.645400	-0.262500	-0.579800	-0.077600	-1.007800	0.343300
1627305699.898284	0.640400	-0.245600	-0.630000	-0.127700	-1.159300	0.296200
1627305699.900859	0.628500	-0.222300	-0.694300	-0.099600	-1.292200	0.274600
1627305699.901289	0.628300	-0.214100	-0.784900	0.026200	-1.403400	0.266600
1627305699.901690	0.598600	-0.220700	-0.841300	0.137700	-1.453500	0.276400
1627305699.902086	0.599500	-0.235400	-0.870800	0.253200	-1.471500	0.265100
1627305699.904169	0.600200	-0.252200	-0.896000	0.311800	-1.476100	0.240300
1627305699.904566	0.583000	-0.243800	-0.916700	0.259300	-1.466900	0.203700
1627305699.906251	0.582500	-0.209100	-0.933600	0.197300	-1.444600	0.167300
1627305699.906648	0.569600	-0.163100	-0.953400	0.159100	-1.418000	0.164300
1627305699.907089	0.567500	-0.120800	-0.998700	0.095200	-1.375300	0.208300
1627305699.908725	0.569000	-0.105500	-1.040900	0.058900	-1.325200	0.269100
1627305699.909124	0.563400	-0.106100	-1.087900	0.045500	-1.254600	0.336300
1627305699.909557	0.555900	-0.117100	-1.122700	0.053100	-1.160200	0.404700
1627305699.909956	0.549600	-0.134500	-1.138200	0.057400	-1.048800	0.471900
1627305699.910405	0.532800	-0.158100	-1.146000	0.072000	-0.932100	0.529600
1627305699.912434	0.502100	-0.164300	-1.153700	0.037800	-0.811100	0.576000
1627305699.912875	0.580100	-0.056400	-1.256700	-0.475000	-0.648300	0.553100
1627305699.913273	0.720100	0.158100	-1.344700	-1.036100	-0.473000	0.524400
1627305699.913671	0.569200	0.256500	-1.351400	-0.446000	-0.299800	0.803900
1627305699.916263	0.528600	0.074700	-1.325000	0.417800	-0.098600	1.079700
1627305699.916661	0.540300	-0.226300	-1.252900	0.495100	0.084400	1.235400
1627305699.917058	0.502600	-0.406200	-1.137300	0.275100	0.210800	1.204000
1627305699.917489	0.485200	-0.405800	-1.013400	0.052500	0.266100	1.091900
1627305699.917891	0.470700	-0.340100	-0.969600	0.021900	0.261500	1.042700
1627305699.919956	0.465100	-0.338700	-1.024700	0.189900	0.263400	1.069000
1627305699.920353	0.461400	-0.371600	-1.081500	0.272100	0.309800	1.098000
1627305699.922011	0.454100	-0.398200	-1.070800	0.261700	0.380700	1.119100
1627305699.922406	0.454500	-0.440700	-1.008700	0.301400	0.443600	1.124600
1627305699.922800	0.445600	-0.501500	-0.939000	0.297100	0.484200	1.104400
1627305699.923239	0.436300	-0.572300	-0.870400	0.098300	0.506200	1.035100
1627305699.923641	0.438600	-0.619600	-0.831700	-0.120400	0.502500	0.928200
1627305699.925706	0.441500	-0.628800	-0.839800	-0.258100	0.483300	0.810300
1627305699.926105	0.450400	-0.590100	-0.853900	-0.399300	0.467100	0.691800
1627305699.926545	0.449100	-0.528700	-0.887200	-0.464600	0.448500	0.609600
1627305699.926943	0.459600	-0.479600	-0.943700	-0.373900	0.451800	0.567500
1627305699.929477	0.465000	-0.444800	-0.964500	-0.264300	0.474700	0.546400
1627305699.929910	0.475700	-0.404200	-0.940800	-0.271900	0.525700	0.529300
1627305699.930316	0.491200	-0.369300	-0.902700	-0.319200	0.567000	0.522000
1627305699.930714	0.492900	-0.348800	-0.890900	-0.340900	0.587400	0.537800
1627305699.931179	0.491100	-0.344100	-0.899200	-0.388900	0.617700	0.558600
1627305699.932840	0.499600	-0.341900	-0.908000	-0.445400	0.662000	0.574800
1627305699.933238	0.496000	-0.329600	-0.907600	-0.475600	0.694300	0.596500
1627305699.934920	0.491700	-0.318000	-0.899800	-0.467100	0.724300	0.629500
1627305699.935317	0.495100	-0.314900	-0.879400	-0.410600	0.741400	0.679900
1627305699.935713	0.494300	-0.325000	-0.875600	-0.377900	0.741100	0.726300
1627305699.936111	0.491800	-0.345900	-0.877400	-0.327200	0.746600	0.767500
1627305699.938103	0.494300	-0.368200	-0.872400	-0.295700	0.758800	0.795900
1627305699.938505	0.000000	13980445696.000000	13.265900	0.000000	0.000000	0.512100
1627305701.820185	0.460900	-0.541600	-0.820200	-0.539100	1.491200	0.751000
1627305701.843696	0.571800	-0.456200	-0.844000	0.914700	-0.298300	-1.376900
1627305701.849895	0.572500	-0.452900	-0.829800	0.906500	-0.254000	-1.382700
1627305701.850794	0.573000	-0.446800	-0.812000	0.877100	-0.210000	-1.393700
1627305701.856548	0.571500	-0.428200	-0.792100	0.846600	-0.167300	-1.399200
1627305701.878109	0.571400	-0.414400	-0.778000	0.844500	-0.138900	-1.398900
1627305701.878927	0.577800	-0.398400	-0.754200	0.841400	-0.120900	-1.392200
1627305701.898406	0.585000	-0.383700	-0.734600	0.821600	-0.114400	-1.376600
1627305701.908159	0.588300	-0.365100	-0.715800	0.797700	-0.119600	-1.353700
1627305701.919313	0.592200	-0.349000	-0.708400	0.787400	-0.131900	-1.323200
1627305701.933161	0.538500	-0.332900	-0.724400	0.796200	-0.158100	-1.277000
1627305701.935208	0.647900	-0.316900	-0.746700	0.886600	-0.115400	-1.234900
1627305701.936672	0.640400	-0.250000	-0.692100	0.821600	-0.134600	-1.194600
1627305701.952310	0.619100	-0.216200	-0.706300	0.748300	-0.156900	-1.109700
1627305701.954884	0.623900	-0.246200	-0.765500	0.842600	-0.154500	-1.022600
1627305701.977584	0.614900	-0.315700	-0.848900	0.919900	-0.106800	-0.955400
1627305701.979212	0.625500	-0.346100	-0.851400	0.869200	-0.017300	-0.959100
1627305701.994295	0.631700	-0.327000	-0.786000	0.848400	0.067600	-0.967600
1627305701.999905	0.623900	-0.312100	-0.740400	0.870700	0.114900	-0.963400
1627305702.023060	0.629600	-0.312600	-0.716700	0.790700	0.145500	-0.954800
1627305702.024488	0.637700	-0.317100	-0.704700	0.701800	0.172400	-0.949000
1627305702.026493	0.635400	-0.314600	-0.691700	0.665500	0.199500	-0.947800
1627305702.042130	0.641800	-0.300500	-0.672700	0.587900	0.222100	-0.949300
1627305702.043024	0.642900	-0.279300	-0.650500	0.531700	0.232800	-0.942900
1627305702.068023	0.680200	-0.230100	-0.615500	0.410100	0.242000	-0.928200
1627305702.068858	0.677700	-0.195200	-0.610100	0.255300	0.241700	-0.889500
1627305702.078998	0.664600	-0.182900	-0.619300	0.293500	0.255100	-0.837800
1627305702.084815	0.678100	-0.183300	-0.627300	0.261400	0.275300	-0.791400
1627305702.105994	0.674000	-0.174600	-0.620200	0.211000	0.298200	-0.738000
1627305702.106863	0.676900	-0.164800	-0.599100	0.250700	0.308900	-0.692400
1627305702.114120	0.687100	-0.146400	-0.566700	0.265400	0.304600	-0.647200
1627305702.135004	0.690300	-0.114500	-0.528200	0.223500	0.280800	-0.568100
1627305702.144782	0.695800	-0.103400	-0.510000	0.259300	0.249300	-0.490300
1627305702.145668	0.697500	-0.110200	-0.503700	0.319400	0.214500	-0.409900
1627305702.155344	0.695800	-0.128700	-0.506800	0.326800	0.178800	-0.336900
1627305702.176344	0.706400	-0.136800	-0.491200	0.350000	0.149100	-0.281900
1627305702.187124	0.700600	-0.141800	-0.472400	0.359700	0.105500	-0.235200
1627305702.187943	0.698400	-0.138400	-0.455700	0.310300	0.052600	-0.181500
1627305702.192949	0.704500	-0.136200	-0.451300	0.307500	-0.018500	-0.120700
1627305702.215605	0.704600	-0.147100	-0.462200	0.307800	-0.076000	-0.066600
1627305702.216502	0.712300	-0.157500	-0.475200	0.283700	-0.126100	-0.020200
1627305702.231767	0.715900	-0.163200	-0.485200	0.253800	-0.171900	0.026800
1627305702.234682	0.718000	-0.170900	-0.496800	0.240600	-0.213400	0.075700
1627305702.250552	0.722000	-0.186000	-0.520500	0.245800	-0.243300	0.123400
1627305702.255227	0.722500	-0.208400	-0.546600	0.228100	-0.255600	0.161800
1627305702.264077	0.721300	-0.223500	-0.562900	0.188700	-0.247900	0.189600
1627305702.272297	0.718900	-0.240000	-0.573000	0.193900	-0.233300	0.211600
1627305702.291860	0.714500	-0.262200	-0.579600	0.204300	-0.212200	0.227200
1627305702.295408	0.719100	-0.281100	-0.590000	0.158500	-0.189000	0.233300
1627305702.306558	0.721400	-0.279400	-0.600500	0.079400	-0.169100	0.230900
1627305702.311193	0.725000	-0.267600	-0.620600	0.013400	-0.147100	0.232700
1627305702.335560	0.716200	-0.249400	-0.652500	-0.021400	-0.113200	0.254100
1627305702.336661	0.709600	-0.239000	-0.676000	-0.060800	-0.049700	0.282800
1627305702.343952	0.715800	-0.229200	-0.679700	-0.080100	0.016900	0.311200
1627305702.353505	0.710900	-0.230100	-0.687400	-0.096000	0.080100	0.344200
1627305702.374464	0.715100	-0.226200	-0.688500	-0.118300	0.152500	0.367400
1627305702.375138	0.716100	-0.216100	-0.670900	-0.157400	0.224600	0.392100
1627305702.386314	0.716400	-0.202000	-0.636800	-0.170500	0.286300	0.426400
1627305702.393822	0.710600	-0.200900	-0.586100	-0.187000	0.332400	0.487700
1627305702.417232	0.702600	-0.211700	-0.542800	-0.223600	0.352300	0.550400
1627305702.417928	0.705900	-0.229500	-0.503700	-0.257500	0.348000	0.602000
1627305702.423707	0.707300	-0.252800	-0.474600	-0.289600	0.318000	0.649300
1627305702.431301	0.705700	-0.268600	-0.457000	-0.332100	0.269500	0.683800
1627305702.454372	0.707900	-0.269700	-0.435500	-0.388000	0.206300	0.711600
1627305702.455044	0.705900	-0.258800	-0.409200	-0.443500	0.125600	0.746400
1627305702.466230	0.709700	-0.246300	-0.384000	-0.490000	-0.003600	0.809700
1627305702.470075	0.709200	-0.251700	-0.383800	-0.512900	-0.124500	0.870500
1627305702.494794	0.714400	-0.267200	-0.393800	-0.540100	-0.234800	0.926000
1627305702.495671	0.701900	-0.284900	-0.421900	-0.577000	-0.347800	0.972200
1627305702.505662	0.687600	-0.306200	-0.455800	-0.568800	-0.450400	1.020100
1627305702.515579	0.675000	-0.331800	-0.502200	-0.556200	-0.539000	1.058600
1627305702.534982	0.659400	-0.356000	-0.571400	-0.609400	-0.614400	1.086100
1627305702.544724	0.652500	-0.371800	-0.657200	-0.648500	-0.673400	1.097700
1627305702.545628	0.642000	-0.376100	-0.743700	-0.684200	-0.686500	1.116000
1627305702.554398	0.627400	-0.377700	-0.813600	-0.700400	-0.651100	1.151100
1627305702.574329	0.620500	-0.384600	-0.858200	-0.674800	-0.588200	1.211300
1627305702.575205	0.610500	-0.422200	-0.910600	-0.609400	-0.504800	1.287100
1627305702.581574	0.608600	-0.485400	-0.951000	-0.508600	-0.386300	1.323400
1627305702.604703	0.608600	-0.538700	-0.956300	-0.431000	-0.246400	1.322200
1627305702.605792	0.610100	-0.577000	-0.941700	-0.388600	-0.099800	1.279700
1627305702.616655	0.595700	-0.592000	-0.921300	-0.397700	0.013200	1.239100
1627305702.618908	0.600000	-0.604500	-0.898700	-0.383100	0.111600	1.181400
1627305702.644929	0.604700	-0.612900	-0.867700	-0.445400	0.194000	1.121500
1627305702.645819	0.613900	-0.605700	-0.823200	-0.559000	0.254200	1.057400
1627305702.656530	0.619000	-0.592300	-0.777100	-0.665000	0.281700	1.007000
1627305702.662727	0.618800	-0.596200	-0.743500	-0.739500	0.286300	0.960600
1627305702.684665	0.620000	-0.609600	-0.729200	-0.807000	0.275300	0.901300
1627305702.685552	0.616100	-0.613000	-0.723000	-0.855900	0.258800	0.835600
1627305702.694329	0.612300	-0.596400	-0.713300	-0.877900	0.238000	0.770300
1627305702.701504	0.610800	-0.566900	-0.707300	-0.884000	0.206900	0.724500
1627305702.714136	0.610100	-0.533600	-0.715700	-0.890100	0.172700	0.694200
1627305702.723941	0.614300	-0.492200	-0.736300	-0.933100	0.143300	0.681700
1627305702.732279	0.603100	-0.434400	-0.772300	-0.981700	0.129300	0.703700
1627305702.756708	0.599000	-0.399200	-0.808500	-0.964300	0.140300	0.755300
1627305702.757527	0.589500	-0.391500	-0.837400	-0.900200	0.171400	0.820700
1627305702.767747	0.579300	-0.405000	-0.853800	-0.842700	0.221500	0.880800
1627305702.774770	0.571300	-0.424700	-0.860200	-0.804000	0.279000	0.930600
1627305702.794499	0.567300	-0.443500	-0.857400	-0.756000	0.332700	0.967000
1627305702.795315	0.558700	-0.461800	-0.850000	-0.699800	0.383100	0.997500
1627305702.805269	0.548800	-0.475500	-0.842700	-0.643000	0.435600	1.020100
1627305702.812548	0.544800	-0.490000	-0.837200	-0.609400	0.481100	1.031700
1627305702.835563	0.542000	-0.501700	-0.825300	-0.594100	0.519000	1.034500
1627305702.836376	0.539200	-0.514300	-0.815600	-0.595300	0.555100	1.028400
1627305702.844098	0.539200	-0.522600	-0.805800	-0.629500	0.584400	1.008200
1627305702.854917	0.541600	-0.526200	-0.799000	-0.687300	0.611000	0.984100
1627305702.876805	0.534900	-0.524000	-0.796800	-0.713800	0.632600	0.962400
1627305702.877931	0.533000	-0.526000	-0.796600	-0.718700	0.660700	0.940400
1627305702.887727	0.534700	-0.527300	-0.789600	-0.723900	0.679400	0.921800
1627305702.897734	0.534900	-0.521400	-0.779300	-0.746800	0.688200	0.906500
1627305702.913983	0.533100	-0.512500	-0.771000	-0.770700	0.688500	0.898200
1627305702.914886	0.540200	-0.504800	-0.775800	-0.798100	0.685800	0.894900
1627305702.925346	0.539800	-0.496700	-0.789100	-0.811000	0.683000	0.900400
1627305702.927791	0.538300	-0.495100	-0.812600	-0.782000	0.689800	0.911400
1627305702.952102	0.538900	-0.497200	-0.825000	-0.746200	0.714800	0.919600
1627305702.953101	0.539400	-0.499100	-0.824200	-0.758700	0.738600	0.925100
1627305702.967879	0.540600	-0.500700	-0.830700	-0.755700	0.759700	0.928500
1627305702.971491	0.542200	-0.508500	-0.839000	-0.753200	0.785400	0.934600
1627305702.994821	0.542700	-0.515900	-0.846800	-0.753600	0.815300	0.939800
1627305702.995724	0.539200	-0.530400	-0.851300	-0.734300	0.851000	0.941000
1627305703.005406	0.539600	-0.546500	-0.850700	-0.719700	0.896800	0.930900
1627305703.010488	0.536500	-0.563100	-0.848300	-0.730300	0.949700	0.911700
1627305703.035161	0.538000	-0.569500	-0.840900	-0.736500	0.991200	0.883900
1627305703.043332	0.536400	-0.569300	-0.828400	-0.749900	1.030000	0.859200
1627305703.044233	0.532600	-0.567400	-0.816800	-0.767600	1.066100	0.838100
1627305703.053008	0.532500	-0.569000	-0.804300	-0.770000	1.096000	0.820700
1627305703.078676	0.529300	-0.568800	-0.791000	-0.770700	1.125000	0.801100
1627305703.079576	0.532100	-0.565600	-0.769900	-0.795100	1.147300	0.777600
1627305703.082756	0.533900	-0.562100	-0.751300	-0.829300	1.165300	0.758100
1627305703.095383	0.537000	-0.556800	-0.741200	-0.840600	1.177200	0.742200
1627305703.116260	0.536100	-0.554300	-0.734300	-0.840300	1.189400	0.730000
1627305703.117153	0.535300	-0.548500	-0.718000	-0.851300	1.199500	0.723800
1627305703.125393	0.540600	-0.544800	-0.700200	-0.867800	1.202900	0.719600
1627305703.135098	0.544800	-0.547500	-0.688100	-0.880600	1.193400	0.717100
1627305703.138520	0.548100	-0.551600	-0.686800	-0.905700	1.180900	0.712200
1627305703.160544	0.554700	-0.549300	-0.688700	-0.946600	1.169300	0.701500
1627305703.162817	0.555300	-0.544100	-0.695300	-0.963100	1.158900	0.693600
1627305703.177869	0.556900	-0.540300	-0.700000	-0.939900	1.156500	0.690200
1627305703.181622	0.558000	-0.536600	-0.697600	-0.964000	1.163500	0.689900
1627305703.204647	0.558200	-0.537600	-0.689800	-0.988100	1.173000	0.693600
1627305703.205775	0.561800	-0.542100	-0.681000	-0.989300	1.181800	0.696100
1627305703.212919	0.568700	-0.554900	-0.670800	-1.010700	1.187600	0.693000
1627305703.233834	0.571200	-0.563500	-0.661500	-1.038200	1.191600	0.678000
1627305703.240907	0.575800	-0.565700	-0.649300	-1.073600	1.193700	0.662100
1627305703.241796	0.581700	-0.572100	-0.639800	-1.101700	1.192200	0.645000
1627305703.251588	0.582400	-0.578600	-0.630100	-1.108800	1.188800	0.625200
1627305703.255243	0.589500	-0.577100	-0.619400	-1.121600	1.186100	0.598900
1627305703.280943	0.589400	-0.569700	-0.603000	-1.129500	1.180000	0.573300
1627305703.281842	0.598600	-0.558600	-0.583500	-1.147300	1.164400	0.544600
1627305703.299695	0.602800	-0.548700	-0.575300	-1.172000	1.149700	0.528400
1627305703.300593	0.602700	-0.543900	-0.576500	-1.171700	1.141500	0.515500
1627305703.326942	0.602400	-0.543000	-0.572500	-1.157900	1.142400	0.499000
1627305703.327755	0.597000	-0.534300	-0.551500	-1.188800	1.151300	0.479200
1627305703.331450	0.586700	-0.520900	-0.520100	-1.230300	1.159800	0.461200
1627305703.343726	0.593400	-0.513200	-0.483000	-1.248100	1.172300	0.442200
1627305703.344639	0.620200	-0.513200	-0.451000	-1.321400	1.161000	0.412900
1627305703.372902	0.628100	-0.506300	-0.437300	-1.417900	1.139400	0.398300
1627305703.375149	0.628700	-0.492700	-0.429900	-1.418800	1.103900	0.388200
1627305703.388426	0.635600	-0.480500	-0.417600	-1.394400	1.060900	0.381500
1627305703.389326	0.644900	-0.462000	-0.403200	-1.424000	1.000100	0.385100
1627305703.414694	0.649200	-0.450800	-0.408800	-1.372400	0.921300	0.391500
1627305703.415517	0.662000	-0.434600	-0.406900	-1.271000	0.839100	0.398900
1627305703.422684	0.692900	-0.397100	-0.400900	-1.311000	0.745700	0.423600
1627305703.432246	0.693700	-0.373200	-0.426800	-1.249900	0.667200	0.472500
1627305703.453193	0.691500	-0.375100	-0.454000	-1.090800	0.619800	0.520400
1627305703.455267	0.708500	-0.382800	-0.460900	-0.998500	0.596900	0.567500
1627305703.462695	0.730200	-0.384200	-0.455800	-1.001900	0.579500	0.604400
1627305703.472139	0.751500	-0.400600	-0.458700	-0.929800	0.549900	0.641400
1627305703.473197	0.758700	-0.442600	-0.490200	-0.806700	0.521500	0.668000
1627305703.499154	0.767200	-0.475600	-0.510100	-0.812500	0.506500	0.661500
1627305703.506320	0.766500	-0.475800	-0.514200	-0.824100	0.498900	0.642600
1627305703.518704	0.771500	-0.480100	-0.523300	-0.766700	0.494300	0.635300
1627305703.519700	0.773400	-0.497600	-0.542500	-0.720900	0.499500	0.629500
1627305703.540339	0.773700	-0.519900	-0.574200	-0.724500	0.525400	0.610800
1627305703.541227	0.780400	-0.534700	-0.596200	-0.709600	0.567300	0.572300
1627305703.559690	0.777200	-0.534500	-0.599500	-0.667400	0.626800	0.522000
1627305703.570735	0.780800	-0.521100	-0.588300	-0.662800	0.695900	0.474900
1627305703.571764	0.785800	-0.503700	-0.572500	-0.662800	0.751800	0.447100
1627305703.577961	0.791100	-0.502900	-0.563400	-0.619200	0.803700	0.427600
1627305703.599470	0.795700	-0.517900	-0.562100	-0.579200	0.855300	0.401600
1627305703.601524	0.792000	-0.528800	-0.544200	-0.580400	0.911200	0.357300
1627305703.613929	0.788200	-0.522200	-0.508300	-0.591100	0.957900	0.303600
1627305703.619874	0.790000	-0.498800	-0.446300	-0.616100	0.985400	0.250100
1627305703.641758	0.791700	-0.480100	-0.404100	-0.634400	0.986900	0.218000
1627305703.642970	0.790600	-0.466100	-0.373800	-0.638100	0.969500	0.195100
1627305703.652822	0.793000	-0.456300	-0.354100	-0.632000	0.950000	0.176800
1627305703.661123	0.805800	-0.444000	-0.333000	-0.641800	0.921900	0.160000
1627305703.680704	0.809300	-0.425200	-0.312300	-0.653700	0.884000	0.153900
1627305703.682839	0.805100	-0.416900	-0.302100	-0.619200	0.838200	0.154500
1627305703.692999	0.795900	-0.412700	-0.278000	-0.556900	0.778300	0.153600
1627305703.698890	0.797000	-0.406700	-0.253100	-0.557200	0.720600	0.143800
1627305703.720920	0.795400	-0.392100	-0.222900	-0.548600	0.645500	0.137100
1627305703.724071	0.795400	-0.378900	-0.201000	-0.523600	0.556300	0.140500
1627305703.731562	0.794200	-0.375400	-0.188200	-0.476800	0.459800	0.147200
1627305703.741037	0.799200	-0.374900	-0.184700	-0.444800	0.359900	0.148400
1627305703.762133	0.801800	-0.368400	-0.175900	-0.449300	0.258500	0.152400
1627305703.763032	0.792500	-0.361700	-0.183200	-0.442900	0.122600	0.158800
1627305703.770258	0.793200	-0.368800	-0.205400	-0.393500	0.019300	0.156000
1627305703.777772	0.795900	-0.372200	-0.232300	-0.394700	-0.076300	0.152100
1627305703.801106	0.796500	-0.363300	-0.256200	-0.409000	-0.162100	0.145000
1627305703.802032	0.797500	-0.353600	-0.285500	-0.370500	-0.239700	0.140500
1627305703.811678	0.799000	-0.350200	-0.319300	-0.331800	-0.298600	0.140800
1627305703.817879	0.804900	-0.342900	-0.358900	-0.322600	-0.339500	0.140500
1627305703.840922	0.803100	-0.331400	-0.391200	-0.281100	-0.363700	0.145700
1627305703.841813	0.801600	-0.325000	-0.412100	-0.225800	-0.369200	0.154500
1627305703.855310	0.802400	-0.320300	-0.426400	-0.185500	-0.366100	0.166400
1627305703.859109	0.802900	-0.314000	-0.434700	-0.168000	-0.359100	0.184100
1627305703.882168	0.806600	-0.315700	-0.443800	-0.133200	-0.355100	0.202800
1627305703.883070	0.806000	-0.323600	-0.456500	-0.074000	-0.350500	0.221400
1627305703.896626	0.802500	-0.330800	-0.460800	-0.043700	-0.345000	0.241300
1627305703.909504	0.801600	-0.332000	-0.457200	-0.041300	-0.344700	0.260200
1627305703.910362	0.798600	-0.340500	-0.456900	-0.013800	-0.346900	0.280700
1627305703.916620	0.790500	-0.349000	-0.457300	-0.000100	-0.352400	0.301100
1627305703.939241	0.786900	-0.356900	-0.458300	0.012500	-0.360600	0.316700
1627305703.940096	0.783300	-0.366200	-0.459100	0.041800	-0.372200	0.333200
1627305703.955065	0.777800	-0.383100	-0.465000	0.079700	-0.382900	0.345700
1627305703.962192	0.778900	-0.398900	-0.462600	0.109600	-0.389600	0.348500
1627305703.978102	0.778200	-0.414700	-0.458100	0.139200	-0.394800	0.337500
1627305703.981543	0.775100	-0.427200	-0.452100	0.135600	-0.402200	0.318200
1627305703.990366	0.764000	-0.427400	-0.446300	0.098900	-0.408600	0.294400
1627305704.000120	0.759900	-0.426400	-0.435400	0.065600	-0.420200	0.271200
1627305704.019543	0.754400	-0.425000	-0.432400	0.047600	-0.433900	0.255000
1627305704.020557	0.746200	-0.423100	-0.428300	0.026500	-0.451300	0.241300
1627305704.029207	0.735400	-0.419400	-0.417000	0.021600	-0.483100	0.228700
1627305704.051238	0.725800	-0.419800	-0.412800	0.051300	-0.515800	0.227800
1627305704.063400	0.720800	-0.421500	-0.408800	0.049400	-0.557300	0.230300
1627305704.064299	0.724900	-0.425400	-0.410800	0.065900	-0.606500	0.233300
1627305704.072889	0.719100	-0.436400	-0.426900	0.120900	-0.657800	0.238500
1627305704.097407	0.709000	-0.445800	-0.444700	0.154500	-0.701800	0.235800
1627305704.100992	0.699000	-0.442600	-0.449300	0.162700	-0.742400	0.231800
1627305704.101927	0.721200	-0.450900	-0.462900	0.206100	-0.794900	0.221100
1627305704.108051	0.682700	-0.466400	-0.498200	0.214100	-0.829500	0.233000
1627305704.129319	0.683800	-0.488500	-0.532500	0.248300	-0.849900	0.215000
1627305704.130135	0.664800	-0.508500	-0.560300	0.294700	-0.861500	0.206400
1627305704.141443	0.683300	-0.507300	-0.565300	0.287400	-0.864600	0.180500
1627305704.149811	0.683100	-0.496200	-0.583000	0.226300	-0.882300	0.169500
1627305704.168141	0.675300	-0.503500	-0.619300	0.322800	-0.887800	0.162500
1627305704.170255	0.675400	-0.519800	-0.652000	0.400100	-0.876800	0.141700
1627305704.188443	0.675300	-0.521400	-0.659100	0.382000	-0.865800	0.120000
1627305704.189345	0.674800	-0.523400	-0.665500	0.439500	-0.864300	0.106000
1627305704.212769	0.686400	-0.537200	-0.670700	0.501500	-0.863700	0.096800
1627305704.220885	0.678200	-0.571200	-0.698700	0.524400	-0.853600	0.079100
1627305704.221776	0.654900	-0.607900	-0.720800	0.568100	-0.819700	0.039700
1627305704.236623	0.651700	-0.625600	-0.715700	0.566500	-0.776900	-0.031200
1627305704.249010	0.645900	-0.616000	-0.691700	0.502400	-0.745200	-0.107200
1627305704.250003	0.643900	-0.598000	-0.681900	0.443100	-0.734200	-0.160400
1627305704.265979	0.643900	-0.598000	-0.681900	0.443100	-0.734200	-0.160400
1627305704.269721	0.642700	-0.584500	-0.690300	0.401900	-0.725300	-0.201900
1627305704.290543	0.637100	-0.580000	-0.708400	0.373500	-0.707000	-0.239500
1627305704.291940	0.628100	-0.577900	-0.722900	0.344800	-0.676400	-0.275200
1627305704.301448	0.622400	-0.575100	-0.723300	0.333200	-0.639800	-0.313700
1627305704.309939	0.620100	-0.573000	-0.715200	0.318500	-0.605600	-0.356200
1627305704.331817	0.616300	-0.568100	-0.710400	0.316700	-0.580500	-0.400100
1627305704.334130	0.605600	-0.559600	-0.701700	0.317300	-0.561600	-0.436200
1627305704.341453	0.604600	-0.543800	-0.691900	0.318500	-0.547200	-0.466100
1627305704.352315	0.601000	-0.529200	-0.683000	0.349700	-0.542400	-0.486900
1627305704.353308	0.597000	-0.519400	-0.674300	0.383300	-0.542700	-0.501900
1627305704.376770	0.600300	-0.511200	-0.669800	0.392400	-0.543900	-0.510400
1627305704.379043	0.596800	-0.502900	-0.666100	0.410800	-0.555800	-0.517400
1627305704.391621	0.602700	-0.499300	-0.662700	0.450500	-0.565300	-0.521100
1627305704.397220	0.601400	-0.498300	-0.660600	0.468800	-0.578400	-0.523800
1627305704.420613	0.598900	-0.501000	-0.666600	0.490800	-0.585100	-0.525100
1627305704.421438	0.593800	-0.504500	-0.673000	0.530800	-0.586600	-0.526900
1627305704.428930	0.589800	-0.515900	-0.674600	0.581800	-0.577800	-0.528400
1627305704.441008	0.582800	-0.526200	-0.669800	0.619700	-0.568000	-0.537600
1627305704.464101	0.579000	-0.535600	-0.654500	0.633700	-0.558200	-0.554400
1627305704.465495	0.576300	-0.534300	-0.644900	0.633100	-0.557600	-0.565700
1627305704.477296	0.569900	-0.534500	-0.642300	0.630400	-0.564000	-0.573900
1627305704.478190	0.573900	-0.536700	-0.643200	0.644100	-0.565900	-0.587700
1627305704.487864	0.570200	-0.534100	-0.633200	0.645300	-0.577500	-0.596800
1627305704.507898	0.567900	-0.540000	-0.627200	0.652700	-0.594600	-0.599600
1627305704.519802	0.566900	-0.559000	-0.632700	0.680800	-0.618400	-0.606600
1627305704.520733	0.562900	-0.584200	-0.639600	0.699100	-0.648000	-0.630400
1627305704.525545	0.556200	-0.592400	-0.641100	0.699400	-0.667000	-0.666200
1627305704.547556	0.551300	-0.590100	-0.643900	0.702100	-0.685600	-0.706800
1627305704.563479	0.547900	-0.582800	-0.648200	0.710100	-0.704500	-0.746200
1627305704.564622	0.540600	-0.568800	-0.653600	0.718000	-0.721300	-0.777100
1627305704.577177	0.539700	-0.552900	-0.656600	0.700300	-0.734200	-0.798700
1627305704.578077	0.539800	-0.542600	-0.666000	0.704000	-0.747900	-0.811600
1627305704.591765	0.538300	-0.548200	-0.687000	0.758900	-0.758300	-0.821600
1627305704.605452	0.530600	-0.557700	-0.701000	0.793800	-0.758300	-0.833900
1627305704.607918	0.530300	-0.555400	-0.697600	0.803800	-0.756500	-0.852800
1627305704.623486	0.532700	-0.551000	-0.688400	0.810300	-0.763800	-0.865600
1627305704.625938	0.535200	-0.553500	-0.690800	0.839300	-0.780000	-0.876600
1627305704.648079	0.546900	-0.564200	-0.702500	0.883000	-0.799800	-0.893100
1627305704.648896	0.553600	-0.574300	-0.718500	0.903100	-0.814200	-0.913900
1627305704.659062	0.562600	-0.573900	-0.726100	0.906800	-0.819400	-0.935900
1627305704.664783	0.573200	-0.577100	-0.734600	0.918100	-0.816000	-0.940800
1627305704.685686	0.578500	-0.593300	-0.757900	0.934600	-0.802600	-0.935600
1627305704.687934	0.583300	-0.616100	-0.775400	0.949800	-0.775400	-0.938900
1627305704.698997	0.579500	-0.637800	-0.787800	0.948300	-0.743000	-0.942600
1627305704.704930	0.590500	-0.654900	-0.792700	0.945600	-0.710300	-0.960600
1627305704.726955	0.602300	-0.672100	-0.802500	0.954700	-0.677700	-0.984100
1627305704.727968	0.601400	-0.688400	-0.816400	0.959300	-0.645600	-1.019600
1627305704.738978	0.599000	-0.695600	-0.828700	0.952900	-0.615700	-1.057100
1627305704.747395	0.596100	-0.698000	-0.837500	0.939500	-0.591800	-1.100800
1627305704.767036	0.592400	-0.702900	-0.850000	0.945900	-0.571100	-1.142000
1627305704.767962	0.598100	-0.710800	-0.863900	0.963600	-0.548800	-1.192100
1627305704.777930	0.597300	-0.722300	-0.878900	0.963300	-0.515800	-1.246500
1627305704.784241	0.587800	-0.726600	-0.885900	0.931800	-0.461100	-1.328700
1627305704.807304	0.581100	-0.726900	-0.886700	0.893000	-0.404600	-1.409600
1627305704.808204	0.569700	-0.718900	-0.882700	0.844800	-0.349600	-1.493000
1627305704.817879	0.563400	-0.704100	-0.879300	0.774500	-0.292200	-1.581600
1627305704.825411	0.555900	-0.676600	-0.880100	0.702100	-0.232300	-1.667400
1627305704.848664	0.547200	-0.643300	-0.880200	0.649900	-0.172200	-1.740100
1627305704.849562	0.539100	-0.605200	-0.876000	0.609000	-0.108900	-1.798100
1627305704.859065	0.543200	-0.554300	-0.861100	0.548800	-0.037200	-1.849700
1627305704.865289	0.544800	-0.509600	-0.845100	0.501200	0.017200	-1.874200
1627305704.888558	0.552200	-0.463900	-0.827000	0.470900	0.053500	-1.872900
1627305704.889459	0.556300	-0.422700	-0.810500	0.439800	0.077100	-1.850000
1627305704.897993	0.557700	-0.389400	-0.802400	0.436400	0.093900	-1.807900
1627305704.901803	0.563000	-0.363200	-0.803100	0.469100	0.113100	-1.759300
1627305704.923889	0.566300	-0.344500	-0.803500	0.498100	0.140300	-1.707700
1627305704.927769	0.571500	-0.336300	-0.801400	0.549100	0.181200	-1.639600
1627305704.934668	0.570200	-0.341300	-0.796000	0.627300	0.217600	-1.588900
1627305704.953094	0.570300	-0.348900	-0.783800	0.672200	0.255700	-1.555900
1627305704.962779	0.578400	-0.340500	-0.761600	0.658200	0.289600	-1.532400
1627305704.971473	0.590900	-0.324100	-0.742400	0.648700	0.312900	-1.504000
1627305704.973638	0.600100	-0.318000	-0.732400	0.684700	0.333900	-1.467600
1627305704.996981	0.608500	-0.322100	-0.725600	0.722600	0.356800	-1.432500
1627305704.997818	0.617900	-0.322400	-0.711800	0.716800	0.387700	-1.400700
1627305705.008918	0.621000	-0.311300	-0.690900	0.696000	0.411200	-1.379700
1627305705.018681	0.627800	-0.303100	-0.677000	0.688100	0.431400	-1.356800
1627305705.039357	0.640900	-0.300800	-0.663800	0.691800	0.448800	-1.338100
1627305705.040376	0.653400	-0.298500	-0.653000	0.678600	0.461600	-1.322900
1627305705.049097	0.659100	-0.285200	-0.634000	0.651700	0.471400	-1.309700
1627305705.058669	0.666300	-0.262000	-0.614000	0.645300	0.475700	-1.287700
1627305705.081948	0.675900	-0.241100	-0.600600	0.659100	0.470500	-1.248300
1627305705.082896	0.683700	-0.234000	-0.600100	0.684700	0.467400	-1.211100
1627305705.092977	0.686900	-0.233800	-0.599000	0.726600	0.470500	-1.176600
1627305705.100046	0.694300	-0.234000	-0.590500	0.754700	0.476300	-1.151800
1627305705.119628	0.704800	-0.223600	-0.570400	0.765400	0.478700	-1.130100
1627305705.121509	0.710100	-0.211700	-0.549800	0.766900	0.476900	-1.105700
1627305705.127758	0.714400	-0.196300	-0.526500	0.770200	0.470200	-1.074200
1627305705.139714	0.723500	-0.177600	-0.505000	0.746700	0.457900	-1.036700
1627305705.140605	0.729400	-0.162700	-0.490200	0.713700	0.439600	-0.994500
1627305705.164314	0.733400	-0.157600	-0.476200	0.705500	0.416100	-0.946300
1627305705.167774	0.737200	-0.158800	-0.467300	0.709200	0.392000	-0.900100
1627305705.179186	0.745200	-0.164100	-0.455600	0.705500	0.364800	-0.861000
1627305705.202475	0.748800	-0.160600	-0.448600	0.660000	0.335500	-0.833900
1627305705.203369	0.756000	-0.153900	-0.425400	0.672500	0.297300	-0.798700
1627305705.209088	0.756600	-0.159800	-0.417600	0.733900	0.245100	-0.772500
1627305705.219278	0.755200	-0.163200	-0.415400	0.683800	0.200500	-0.758400
1627305705.240938	0.756500	-0.153600	-0.419200	0.643500	0.157700	-0.749300
1627305705.241833	0.758200	-0.139900	-0.421600	0.657200	0.118600	-0.735800
1627305705.256662	0.761200	-0.122700	-0.425700	0.655400	0.081000	-0.716600
1627305705.272845	0.770400	-0.105100	-0.424800	0.644100	0.052000	-0.689400
1627305705.274341	0.775000	-0.086300	-0.424900	0.643800	0.019000	-0.644500
1627305705.286095	0.773200	-0.076700	-0.423600	0.637100	-0.008800	-0.601700
1627305705.287104	0.782300	-0.074200	-0.417200	0.637100	-0.034400	-0.558400
1627305705.310749	0.779500	-0.075600	-0.419200	0.640400	-0.061300	-0.514400
1627305705.311626	0.778300	-0.078600	-0.422200	0.629100	-0.084200	-0.477700
1627305705.319078	0.781700	-0.079000	-0.427600	0.605900	-0.108300	-0.442600
1627305705.330993	0.784300	-0.077400	-0.432400	0.590700	-0.126100	-0.404400
1627305705.331915	0.792400	-0.071500	-0.436300	0.564400	-0.137400	-0.353400
1627305705.355204	0.795900	-0.061800	-0.438600	0.504500	-0.137700	-0.306100
1627305705.356801	0.803200	-0.062500	-0.448200	0.430900	-0.134900	-0.251400
1627305705.372091	0.805100	-0.076200	-0.463900	0.366800	-0.126700	-0.192800
1627305705.376014	0.806600	-0.101600	-0.482500	0.313000	-0.109300	-0.144800
1627305705.394679	0.804800	-0.123000	-0.493500	0.261700	-0.088200	-0.108200
1627305705.396737	0.811900	-0.138800	-0.488200	0.227500	-0.065900	-0.082200
1627305705.402811	0.823200	-0.146900	-0.476200	0.196000	-0.056400	-0.055900
1627305705.427614	0.834800	-0.147600	-0.465900	0.200000	-0.062500	-0.026900
1627305705.437169	0.843300	-0.144700	-0.458300	0.212200	-0.073200	0.002100
1627305705.438065	0.846200	-0.136100	-0.449200	0.228700	-0.088500	0.036600
1627305705.444293	0.849100	-0.127300	-0.441500	0.259000	-0.103100	0.072100
1627305705.467854	0.854200	-0.122900	-0.430800	0.302900	-0.126100	0.114200
1627305705.479776	0.859100	-0.122600	-0.417000	0.326800	-0.165800	0.162200
1627305705.480679	0.862800	-0.124800	-0.410900	0.348400	-0.211300	0.204900
1627305705.481498	0.862100	-0.127800	-0.411300	0.366800	-0.253400	0.241600
1627305705.505528	0.854200	-0.134500	-0.409400	0.373200	-0.290700	0.274900
1627305705.506710	0.846900	-0.136000	-0.408800	0.375600	-0.327300	0.306300
1627305705.521854	0.837800	-0.142500	-0.407000	0.384800	-0.361200	0.343900
1627305705.526002	0.838000	-0.157700	-0.407200	0.391800	-0.396400	0.376300
1627305705.526911	0.835800	-0.177900	-0.417100	0.371000	-0.438200	0.405600
1627305705.555211	0.833500	-0.194300	-0.433500	0.342600	-0.479400	0.424800
1627305705.556376	0.823900	-0.209800	-0.455800	0.307800	-0.513000	0.434000
1627305705.570890	0.814700	-0.224700	-0.479700	0.280300	-0.533800	0.435500
1627305705.571782	0.806500	-0.238600	-0.504900	0.253500	-0.545400	0.433400
1627305705.595645	0.785400	-0.247400	-0.525600	0.209200	-0.542700	0.425100
1627305705.596518	0.769500	-0.244300	-0.537700	0.142900	-0.526500	0.410500
1627305705.601713	0.762500	-0.225800	-0.536100	0.071400	-0.495600	0.400700
1627305705.615368	0.757600	-0.205900	-0.537700	-0.011400	-0.469400	0.412600
1627305705.635462	0.767300	-0.183700	-0.554100	-0.150600	-0.455900	0.428800
1627305705.636821	0.762200	-0.156400	-0.589100	-0.292400	-0.437000	0.463600
1627305705.650323	0.738800	-0.130400	-0.624100	-0.381800	-0.389300	0.524100
1627305705.657211	0.744400	-0.129600	-0.641500	-0.435300	-0.318500	0.601700
1627305705.676833	0.716300	-0.152600	-0.649200	-0.479600	-0.247000	0.679300
1627305705.677644	0.705300	-0.217500	-0.659100	-0.576700	-0.140100	0.735500
1627305705.687780	0.716100	-0.272100	-0.649400	-0.573300	-0.073500	0.740900
1627305705.694902	0.744100	-0.299000	-0.622200	-0.547700	-0.035000	0.709500
1627305705.717627	0.760400	-0.285600	-0.581800	-0.585900	-0.031700	0.675900
1627305705.724753	0.763200	-0.253800	-0.545500	-0.566900	-0.057900	0.662100
1627305705.725659	0.764000	-0.235800	-0.524900	-0.468600	-0.105900	0.674400
1627305705.749188	0.755400	-0.243900	-0.516800	-0.362300	-0.168500	0.700600
1627305705.750203	0.741100	-0.263700	-0.505000	-0.277700	-0.257400	0.720800
1627305705.765546	0.736100	-0.262800	-0.475000	-0.253000	-0.341100	0.729300
1627305705.772116	0.745500	-0.255600	-0.449800	-0.265800	-0.430000	0.745800
1627305705.773153	0.749100	-0.259000	-0.452600	-0.277700	-0.526200	0.779400
1627305705.792812	0.747600	-0.280900	-0.481900	-0.276500	-0.609200	0.808800
1627305705.795417	0.742900	-0.304400	-0.517600	-0.304600	-0.673400	0.827700
1627305705.804650	0.734500	-0.316800	-0.554800	-0.348900	-0.726500	0.832000
1627305705.824667	0.729400	-0.324700	-0.593000	-0.355000	-0.773300	0.832900
1627305705.825558	0.710200	-0.328100	-0.627600	-0.342700	-0.800100	0.835300
1627305705.836557	0.695700	-0.330200	-0.657200	-0.346700	-0.808700	0.832600
1627305705.844288	0.691900	-0.328000	-0.687600	-0.346400	-0.808700	0.839900
1627305705.864664	0.687900	-0.328500	-0.713500	-0.311300	-0.799200	0.864300
1627305705.865561	0.678000	-0.340000	-0.737200	-0.260900	-0.782100	0.905600
1627305705.880450	0.670500	-0.367100	-0.767100	-0.226100	-0.752800	0.950500
1627305705.881455	0.660900	-0.397800	-0.806000	-0.217800	-0.722900	0.984400
1627305705.906200	0.647900	-0.415500	-0.837800	-0.224500	-0.685300	1.000000
1627305705.917263	0.637500	-0.419600	-0.864500	-0.249600	-0.641600	1.016100
1627305705.918185	0.621200	-0.420500	-0.889000	-0.251400	-0.587300	1.044900
1627305705.922824	0.609100	-0.435400	-0.913600	-0.234600	-0.524300	1.081500
1627305705.943908	0.610200	-0.470700	-0.937300	-0.209000	-0.443400	1.105300
1627305705.946502	0.604400	-0.515400	-0.949600	-0.205300	-0.334100	1.103200
1627305705.962159	0.598900	-0.541100	-0.945300	-0.252600	-0.220400	1.075100
1627305705.966034	0.596400	-0.556900	-0.937100	-0.278900	-0.123300	1.042700
1627305705.987072	0.589700	-0.569500	-0.927200	-0.283200	-0.032600	1.008800
1627305705.988029	0.590800	-0.585600	-0.917600	-0.292000	0.051700	0.967300
1627305705.997893	0.582500	-0.599500	-0.904400	-0.312200	0.131100	0.916900
1627305706.003784	0.581500	-0.605100	-0.885700	-0.340000	0.203800	0.857000
1627305706.025576	0.579700	-0.596100	-0.851100	-0.383100	0.267000	0.788000
1627305706.026779	0.576700	-0.579300	-0.825000	-0.426400	0.305500	0.737600
1627305706.037745	0.576000	-0.557900	-0.804200	-0.492400	0.331500	0.700000
1627305706.046165	0.579300	-0.536100	-0.796500	-0.559000	0.352000	0.677700
1627305706.065775	0.583100	-0.523800	-0.798100	-0.576100	0.373300	0.664600
1627305706.066596	0.584000	-0.518400	-0.803300	-0.577900	0.403600	0.654500
1627305706.077778	0.582300	-0.507000	-0.795200	-0.594400	0.437200	0.642900
1627305706.081088	0.580300	-0.482300	-0.772500	-0.587100	0.468300	0.638600
1627305706.106130	0.574300	-0.468100	-0.758100	-0.560800	0.477200	0.649300
1627305706.106988	0.572000	-0.461100	-0.752000	-0.541300	0.479300	0.667000
1627305706.117891	0.570100	-0.461500	-0.753800	-0.530600	0.479300	0.686900
1627305706.124268	0.563100	-0.462200	-0.756100	-0.517500	0.483000	0.707400
1627305706.148043	0.559600	-0.466800	-0.753300	-0.503100	0.490300	0.724800
1627305706.148878	0.559900	-0.473000	-0.747900	-0.503100	0.497900	0.738200
1627305706.156435	0.552400	-0.480500	-0.749300	-0.524800	0.506800	0.751000
1627305706.171700	0.549700	-0.484600	-0.748400	-0.517500	0.516900	0.757100
1627305706.173657	0.543300	-0.489000	-0.749100	-0.506500	0.530900	0.759000
1627305706.193297	0.541000	-0.488600	-0.741300	-0.528100	0.545900	0.756200
1627305706.194115	0.536400	-0.485200	-0.733800	-0.546500	0.555700	0.753500
1627305706.200473	0.534200	-0.483000	-0.730800	-0.537600	0.563900	0.752600
1627305706.221334	0.533200	-0.483600	-0.722700	-0.555900	0.567000	0.746800
1627305706.235923	0.532200	-0.475300	-0.712800	-0.602400	0.565800	0.739100
1627305706.236828	0.530900	-0.471700	-0.710400	-0.631100	0.560600	0.734500
1627305706.243043	0.528100	-0.467400	-0.707300	-0.645100	0.551700	0.731800
1627305706.265569	0.531000	-0.466100	-0.707200	-0.658900	0.543200	0.731200
1627305706.266706	0.530000	-0.465000	-0.705300	-0.687000	0.536100	0.730900
1627305706.271461	0.531600	-0.462900	-0.706700	-0.706200	0.532500	0.733600
1627305706.297368	0.537200	-0.459800	-0.706100	-0.711700	0.526700	0.737000
1627305706.298280	0.538600	-0.457000	-0.709200	-0.722400	0.522100	0.739100
1627305706.307976	0.543100	-0.450900	-0.712500	-0.740400	0.513500	0.743100
1627305706.326768	0.544100	-0.439500	-0.720000	-0.751700	0.501600	0.753200
1627305706.327725	0.547200	-0.433100	-0.735100	-0.742300	0.494300	0.770000
1627305706.342501	0.547600	-0.432600	-0.746800	-0.700100	0.494000	0.795000
1627305706.345720	0.554000	-0.448700	-0.756600	-0.660700	0.497900	0.815200
1627305706.368203	0.560400	-0.468000	-0.760400	-0.652500	0.505900	0.826800
1627305706.369029	0.563100	-0.480100	-0.765500	-0.665600	0.511700	0.827700
1627305706.380378	0.564300	-0.489900	-0.777500	-0.672300	0.521500	0.821000
1627305706.383789	0.561900	-0.500100	-0.792700	-0.668300	0.538300	0.812100
1627305706.407066	0.565400	-0.512800	-0.806000	-0.654300	0.558700	0.798100
1627305706.407883	0.568400	-0.527600	-0.820800	-0.627400	0.581300	0.779400
1627305706.416585	0.569800	-0.538600	-0.829500	-0.616700	0.607900	0.758400
1627305706.426155	0.575700	-0.544300	-0.835900	-0.623100	0.644600	0.728400
1627305706.447703	0.575300	-0.552700	-0.844600	-0.610600	0.682400	0.706100
1627305706.449323	0.581300	-0.561600	-0.846700	-0.597800	0.721500	0.679600
1627305706.464645	0.589800	-0.565800	-0.847400	-0.614300	0.760600	0.648100
1627305706.467167	0.596400	-0.562600	-0.849400	-0.649700	0.795100	0.618500
1627305706.468085	0.600700	-0.556500	-0.852800	-0.665900	0.828700	0.595600
1627305706.492802	0.604000	-0.551500	-0.863000	-0.659200	0.868400	0.576900
1627305706.494340	0.598800	-0.550200	-0.865100	-0.649100	0.929200	0.564100
1627305706.509485	0.600600	-0.549200	-0.852400	-0.634700	0.979300	0.556200
1627305706.511291	0.606200	-0.553200	-0.836900	-0.618600	1.021200	0.551000
1627305706.533089	0.610100	-0.557300	-0.817100	-0.612800	1.052300	0.546400
1627305706.535255	0.614400	-0.562300	-0.805500	-0.631100	1.080700	0.537800
1627305706.542779	0.620200	-0.561200	-0.798500	-0.666200	1.108200	0.526500
1627305706.554853	0.617700	-0.564900	-0.792400	-0.676300	1.139400	0.515500
1627305706.576824	0.613900	-0.577000	-0.786700	-0.675100	1.193700	0.491700
1627305706.577638	0.609400	-0.584200	-0.768800	-0.694000	1.238300	0.461500
1627305706.597483	0.607300	-0.588900	-0.736600	-0.708700	1.279200	0.426700
1627305706.610850	0.606900	-0.590900	-0.706500	-0.720300	1.305200	0.387900
1627305706.611713	0.608300	-0.592200	-0.677500	-0.740400	1.319900	0.347200
1627305706.614607	0.604900	-0.588500	-0.648800	-0.762400	1.320500	0.302000
1627305706.622528	0.609600	-0.574600	-0.620500	-0.800900	1.313800	0.253200
1627305706.643773	0.620700	-0.547400	-0.595700	-0.876000	1.294200	0.204600
1627305706.644667	0.616200	-0.521000	-0.584500	-0.923400	1.278300	0.185700
1627305706.655293	0.616500	-0.500900	-0.571900	-0.947500	1.265800	0.180500
1627305706.659098	0.624300	-0.493200	-0.557500	-0.953900	1.253000	0.182600
1627305706.681476	0.628800	-0.490400	-0.536600	-0.975300	1.238000	0.187800
1627305706.684118	0.633800	-0.486900	-0.511600	-0.999400	1.212400	0.193300
1627305706.699275	0.642500	-0.483000	-0.486500	-1.036700	1.175700	0.188400
1627305706.703820	0.656000	-0.470800	-0.468900	-1.109700	1.129000	0.188100
1627305706.724149	0.664600	-0.456200	-0.459000	-1.172900	1.077000	0.200300
1627305706.724929	0.663500	-0.450000	-0.454000	-1.187300	1.020800	0.230600
1627305706.732669	0.668200	-0.463000	-0.453700	-1.188800	0.964300	0.262600
1627305706.744715	0.670000	-0.490800	-0.458300	-1.199800	0.910600	0.287400
1627305706.745608	0.667700	-0.528100	-0.459700	-1.179300	0.863200	0.294700
1627305706.773042	0.676500	-0.574700	-0.458700	-1.150300	0.814700	0.262600
1627305706.773756	0.684200	-0.604900	-0.458600	-1.106300	0.768300	0.190300
1627305706.788698	0.689600	-0.613600	-0.448900	-1.075200	0.726400	0.092800
1627305706.789595	0.724200	-0.590800	-0.434800	-1.114000	0.676900	-0.013500
1627305706.803053	0.711200	-0.559700	-0.443800	-1.157000	0.623800	-0.096500
1627305706.814164	0.710800	-0.533300	-0.468100	-1.085600	0.591100	-0.167700
1627305706.820499	0.710800	-0.502100	-0.482300	-1.019900	0.578000	-0.223900
1627305706.842197	0.736700	-0.442400	-0.475700	-1.039400	0.580400	-0.269100
1627305706.843098	0.734100	-0.390300	-0.474500	-1.019900	0.585300	-0.272200
1627305706.854277	0.744400	-0.356700	-0.474500	-0.954500	0.593500	-0.253500
1627305706.859232	0.758100	-0.333100	-0.474600	-0.946300	0.601500	-0.219300
1627305706.882237	0.766200	-0.309400	-0.480200	-0.962200	0.608500	-0.180500
1627305706.882932	0.776600	-0.292600	-0.486900	-0.926400	0.618900	-0.135600
1627305706.894157	0.778200	-0.282100	-0.491900	-0.869000	0.634500	-0.087700
1627305706.901693	0.782600	-0.270800	-0.485000	-0.825600	0.654300	-0.028400
1627305706.923774	0.781600	-0.264300	-0.471700	-0.767600	0.662000	0.027500
1627305706.938898	0.787200	-0.270000	-0.459600	-0.684500	0.661700	0.083700
1627305706.943704	0.791100	-0.286400	-0.449100	-0.623700	0.656800	0.130400
1627305706.953567	0.799600	-0.303000	-0.445300	-0.588900	0.646100	0.157600
1627305706.954453	0.797000	-0.315900	-0.444600	-0.548600	0.634800	0.175000
1627305706.964201	0.795800	-0.322500	-0.438100	-0.496400	0.633300	0.178600
1627305706.971499	0.795200	-0.322500	-0.418300	-0.472300	0.640600	0.178300
1627305706.991252	0.796900	-0.313600	-0.394900	-0.472300	0.645200	0.178300
1627305706.992151	0.796800	-0.307100	-0.376100	-0.457900	0.642400	0.183500
1627305706.999190	0.802900	-0.302400	-0.360500	-0.477100	0.634800	0.184100
1627305707.021825	0.810500	-0.296800	-0.349900	-0.506200	0.618000	0.190300
1627305707.022976	0.814600	-0.294200	-0.343900	-0.498500	0.598100	0.198800
1627305707.035228	0.820100	-0.298200	-0.339200	-0.475600	0.578000	0.203400
1627305707.041044	0.823600	-0.301000	-0.327500	-0.469800	0.554500	0.205800
1627305707.061924	0.829600	-0.301100	-0.318500	-0.438300	0.527300	0.203700
1627305707.062899	0.836700	-0.304400	-0.307700	-0.398900	0.495800	0.199700
1627305707.072907	0.839000	-0.305800	-0.297600	-0.390400	0.461900	0.192700
1627305707.078655	0.837200	-0.301300	-0.288000	-0.386700	0.424600	0.188400
1627305707.099550	0.837600	-0.298200	-0.281500	-0.358900	0.383400	0.187500
1627305707.101718	0.840100	-0.300400	-0.276600	-0.322600	0.333900	0.188700
1627305707.111574	0.839500	-0.306200	-0.277300	-0.288700	0.285100	0.184100
1627305707.121032	0.841900	-0.310400	-0.273200	-0.248700	0.243500	0.176800
1627305707.141892	0.843800	-0.310500	-0.270400	-0.238900	0.195600	0.164300
1627305707.142698	0.853100	-0.306000	-0.268100	-0.246800	0.141200	0.150900
1627305707.152889	0.866500	-0.302100	-0.271100	-0.240100	0.080700	0.140500
1627305707.159944	0.868000	-0.302000	-0.290400	-0.222700	0.012600	0.131900
1627305707.181079	0.862300	-0.302900	-0.314600	-0.188200	-0.058600	0.120000
1627305707.181985	0.863000	-0.292400	-0.323000	-0.158300	-0.112900	0.111100
1627305707.192967	0.852200	-0.283600	-0.336200	-0.114300	-0.163000	0.109600
1627305707.196782	0.844700	-0.272900	-0.350000	-0.080400	-0.204200	0.106000
1627305707.221225	0.845100	-0.255500	-0.359700	-0.080100	-0.239700	0.106600
1627305707.222118	0.845300	-0.235200	-0.374900	-0.088900	-0.269900	0.118800
1627305707.232854	0.847200	-0.220900	-0.398100	-0.074300	-0.292800	0.141700
1627305707.240377	0.843000	-0.220600	-0.429000	-0.038200	-0.304700	0.175900
1627305707.257691	0.847000	-0.224000	-0.443400	-0.020200	-0.301700	0.200900
1627305707.267362	0.840000	-0.221300	-0.444900	-0.036700	-0.299200	0.226300
1627305707.268269	0.838100	-0.217500	-0.446700	-0.052000	-0.297100	0.252000
1627305707.293266	0.835100	-0.224200	-0.453700	-0.040400	-0.299500	0.280700
1627305707.294258	0.826500	-0.239100	-0.469000	-0.018400	-0.298600	0.302700
1627305707.303945	0.821000	-0.249300	-0.479200	-0.006200	-0.287000	0.316700
1627305707.310075	0.822900	-0.251300	-0.475300	0.018900	-0.272000	0.329800
1627305707.330606	0.822000	-0.258400	-0.461500	0.073900	-0.260700	0.346600
1627305707.331440	0.819700	-0.273900	-0.452400	0.119700	-0.252500	0.362800
1627305707.342784	0.826000	-0.290500	-0.442700	0.116000	-0.248500	0.367100
1627305707.351175	0.832400	-0.303200	-0.432300	0.086400	-0.249400	0.361300
1627305707.369388	0.832600	-0.301400	-0.426100	0.041200	-0.252500	0.349700
1627305707.371622	0.828000	-0.290400	-0.409400	-0.008900	-0.258000	0.347600
1627305707.386552	0.826500	-0.288200	-0.392900	-0.009500	-0.281500	0.370800
1627305707.389169	0.820900	-0.304900	-0.386400	0.020100	-0.317300	0.403400
1627305707.402790	0.816000	-0.326400	-0.379900	0.035400	-0.360300	0.427600
1627305707.414109	0.813100	-0.347400	-0.377800	0.030200	-0.411000	0.439200
1627305707.420978	0.818600	-0.373000	-0.387300	0.067100	-0.473600	0.439800
1627305707.440598	0.801800	-0.402600	-0.407300	0.120000	-0.532600	0.436400
1627305707.441364	0.792400	-0.429700	-0.434200	0.166400	-0.585100	0.408900
1627305707.451624	0.783900	-0.453100	-0.454800	0.259300	-0.637300	0.372300
1627305707.459988	0.788500	-0.462600	-0.468000	0.310000	-0.674600	0.320100
1627305707.478627	0.786600	-0.460400	-0.480600	0.327400	-0.708500	0.270900
1627305707.481714	0.780400	-0.463500	-0.504200	0.391800	-0.731100	0.226000
1627305707.493034	0.768800	-0.474000	-0.528000	0.458100	-0.732900	0.179000
1627305707.498923	0.755500	-0.477800	-0.543600	0.483800	-0.716100	0.122800
1627305707.520818	0.745100	-0.473300	-0.536700	0.508800	-0.700000	0.059500
1627305707.521659	0.747300	-0.465900	-0.525800	0.547900	-0.700900	0.004600
1627305707.532809	0.759900	-0.458300	-0.507700	0.526800	-0.728100	-0.036100
1627305707.541413	0.756700	-0.454300	-0.509000	0.487100	-0.770200	-0.065400
1627305707.560867	0.753200	-0.459800	-0.532600	0.479500	-0.808700	-0.094100
1627305707.561765	0.744300	-0.472000	-0.565100	0.490500	-0.828200	-0.119800
1627305707.570386	0.727700	-0.484600	-0.592700	0.513400	-0.826700	-0.148800
1627305707.580428	0.715600	-0.504800	-0.603900	0.586700	-0.810200	-0.188500
1627305707.603424	0.710200	-0.516500	-0.602100	0.655700	-0.793700	-0.228800
1627305707.605464	0.703600	-0.522100	-0.591600	0.678000	-0.778100	-0.271600
1627305707.611586	0.691300	-0.515500	-0.586300	0.687200	-0.771700	-0.313100
1627305707.633529	0.684700	-0.506200	-0.583900	0.713700	-0.773600	-0.345500
1627305707.634440	0.686900	-0.501100	-0.583100	0.737000	-0.782400	-0.368400
1627305707.641591	0.684600	-0.496600	-0.592200	0.740900	-0.791300	-0.386400
1627305707.651625	0.671800	-0.496800	-0.610100	0.756800	-0.794900	-0.406900
1627305707.654987	0.672700	-0.494100	-0.611200	0.764100	-0.784900	-0.430400
1627305707.677736	0.662600	-0.482700	-0.601000	0.727500	-0.779400	-0.435000
1627305707.680425	0.651000	-0.488500	-0.605100	0.766300	-0.776900	-0.433400
1627305707.695657	0.641100	-0.507600	-0.616600	0.858800	-0.769000	-0.440800
1627305707.700082	0.635700	-0.513400	-0.614900	0.878400	-0.758900	-0.465500
1627305707.721830	0.642100	-0.494000	-0.591100	0.858800	-0.762300	-0.489300
1627305707.722939	0.634800	-0.461700	-0.576000	0.878100	-0.788200	-0.493600
1627305707.730355	0.632400	-0.455900	-0.582800	0.900400	-0.819400	-0.478600
1627305707.743859	0.633200	-0.464100	-0.593300	0.887500	-0.853600	-0.464000
1627305707.769047	0.632100	-0.474500	-0.610000	0.872000	-0.887200	-0.453600
1627305707.770099	0.636200	-0.489900	-0.627100	0.897600	-0.923200	-0.450800
1627305707.781215	0.635500	-0.501700	-0.645000	0.943700	-0.953200	-0.453300
1627305707.782112	0.630400	-0.513700	-0.668600	0.963300	-0.970000	-0.468600
1627305707.789199	0.621100	-0.523800	-0.691200	0.986200	-0.969000	-0.489300
1627305707.800344	0.617800	-0.539900	-0.708900	1.041800	-0.959300	-0.511000
1627305707.811680	0.608200	-0.557000	-0.722800	1.086100	-0.939400	-0.539100
1627305707.820025	0.611800	-0.565200	-0.723400	1.076600	-0.914100	-0.579100
1627305707.842261	0.612200	-0.564200	-0.720700	1.034800	-0.896700	-0.619100
1627305707.843035	0.613900	-0.565600	-0.725600	1.009100	-0.885400	-0.661600
1627305707.852933	0.611100	-0.574300	-0.746000	0.988300	-0.865800	-0.706500
1627305707.861711	0.606700	-0.581500	-0.760100	0.956000	-0.835300	-0.768200
1627305707.885841	0.611500	-0.579000	-0.760900	0.919900	-0.806200	-0.822600
1627305707.887933	0.609400	-0.564500	-0.758200	0.878700	-0.779400	-0.868100
1627305707.890451	0.607700	-0.548700	-0.752700	0.841700	-0.755500	-0.904100
1627305707.905114	0.608800	-0.535000	-0.746500	0.808400	-0.729900	-0.929800
1627305707.907439	0.615400	-0.520000	-0.743500	0.782200	-0.708800	-0.946900
1627305707.929503	0.617600	-0.507800	-0.745400	0.746100	-0.689300	-0.959700
1627305707.930329	0.617800	-0.491200	-0.746200	0.711900	-0.670300	-0.966700
1627305707.948502	0.615000	-0.471900	-0.748300	0.680500	-0.656000	-0.962400
1627305707.959632	0.612800	-0.459600	-0.756100	0.679200	-0.647700	-0.948400
1627305707.960528	0.610100	-0.457800	-0.762200	0.709500	-0.640700	-0.925500
1627305707.969201	0.612800	-0.461400	-0.770600	0.729000	-0.630000	-0.903800
1627305707.976604	0.616500	-0.467000	-0.776900	0.737300	-0.613800	-0.890100
1627305707.998682	0.615500	-0.475500	-0.781700	0.773600	-0.577200	-0.884900
1627305707.999573	0.610200	-0.483500	-0.773800	0.793800	-0.531400	-0.890400
1627305708.011698	0.611700	-0.489500	-0.759000	0.769000	-0.484300	-0.909600
1627305708.018002	0.613900	-0.486700	-0.735500	0.745200	-0.443100	-0.928500
1627305708.040997	0.615700	-0.480800	-0.710900	0.710100	-0.417700	-0.948100
1627305708.041890	0.614400	-0.471400	-0.688500	0.672500	-0.411000	-0.960300
1627305708.051756	0.619000	-0.459400	-0.672500	0.646500	-0.415300	-0.966400
1627305708.060498	0.617200	-0.446500	-0.665300	0.636800	-0.439400	-0.956000
1627305708.079845	0.622400	-0.439900	-0.662800	0.649000	-0.474200	-0.941400
1627305708.090883	0.622400	-0.439900	-0.662800	0.649000	-0.474200	-0.941400
1627305708.091808	0.627100	-0.450400	-0.689000	0.698500	-0.557300	-0.907200
1627305708.098094	0.627100	-0.450400	-0.689000	0.698500	-0.557300	-0.907200
1627305708.122949	0.630200	-0.453600	-0.709600	0.695100	-0.591500	-0.896500
1627305708.131020	0.630500	-0.462400	-0.741500	0.713700	-0.618400	-0.887000
1627305708.131918	0.625900	-0.478100	-0.788500	0.750700	-0.623300	-0.884300
1627305708.140310	0.621500	-0.492800	-0.834400	0.757400	-0.593400	-0.894900
1627305708.142927	0.625400	-0.492900	-0.861000	0.745500	-0.543900	-0.908100
1627305708.168447	0.625900	-0.493500	-0.881300	0.751300	-0.481600	-0.918800
1627305708.169343	0.631000	-0.497200	-0.901400	0.758000	-0.407400	-0.931300
1627305708.180507	0.634300	-0.500400	-0.913700	0.753400	-0.324600	-0.947200
1627305708.181713	0.635400	-0.500100	-0.914300	0.752800	-0.235100	-0.968300
1627305708.205906	0.642200	-0.493300	-0.893100	0.760200	-0.143200	-0.988400
1627305708.210386	0.650000	-0.486200	-0.861100	0.764800	-0.061300	-1.002500
1627305708.220460	0.654400	-0.487400	-0.836200	0.758300	-0.009400	-1.011600
1627305708.228722	0.656400	-0.492300	-0.815200	0.743100	0.032800	-1.022900
1627305708.250868	0.658400	-0.493300	-0.794300	0.733600	0.064500	-1.039400
1627305708.251763	0.660600	-0.494100	-0.770900	0.733600	0.090500	-1.059600
1627305708.272340	0.662000	-0.494500	-0.752400	0.741200	0.108200	-1.081600
1627305708.279788	0.661700	-0.493900	-0.732200	0.749800	0.124400	-1.110300
1627305708.280683	0.660500	-0.495000	-0.713000	0.761100	0.137500	-1.143300
1627305708.290360	0.660000	-0.488500	-0.694900	0.768100	0.141200	-1.172600
1627305708.301725	0.660900	-0.476100	-0.676600	0.755900	0.136600	-1.201000
1627305708.324430	0.665900	-0.460000	-0.667800	0.733000	0.120400	-1.225100
1627305708.325242	0.672900	-0.440200	-0.670400	0.701200	0.103600	-1.242500
1627305708.329042	0.671400	-0.426600	-0.687000	0.663300	0.096600	-1.248000
1627305708.344686	0.670000	-0.412200	-0.713500	0.645000	0.111600	-1.251400
1627305708.345899	0.670200	-0.399000	-0.721200	0.653000	0.145200	-1.252300
1627305708.368098	0.679600	-0.381000	-0.707900	0.659700	0.174500	-1.250800
1627305708.368909	0.691500	-0.362200	-0.685400	0.648700	0.197100	-1.241300
1627305708.380496	0.702100	-0.352300	-0.669900	0.634000	0.207200	-1.223600
1627305708.390019	0.704200	-0.353100	-0.667600	0.639200	0.212100	-1.200400
1627305708.411124	0.703500	-0.364100	-0.672100	0.656000	0.220600	-1.182400
1627305708.412020	0.707800	-0.367900	-0.666000	0.646200	0.236200	-1.177200
1627305708.419340	0.713500	-0.353800	-0.654800	0.610500	0.250900	-1.179300
1627305708.441385	0.714200	-0.339400	-0.645100	0.588500	0.263100	-1.174700
1627305708.452319	0.717900	-0.327100	-0.643400	0.596800	0.278600	-1.162800
1627305708.453211	0.718800	-0.323400	-0.645300	0.611100	0.299100	-1.153300
1627305708.460560	0.719500	-0.320400	-0.638800	0.627000	0.325700	-1.145100
1627305708.478892	0.727700	-0.317500	-0.622600	0.639500	0.347700	-1.142000
1627305708.489768	0.730700	-0.311300	-0.602800	0.665500	0.365400	-1.140500
1627305708.497400	0.732400	-0.303300	-0.587300	0.682300	0.376100	-1.144800
1627305708.498318	0.741800	-0.290200	-0.572300	0.678300	0.382500	-1.150300
1627305708.520733	0.742600	-0.269400	-0.559100	0.666100	0.388600	-1.146300
1627305708.522780	0.749600	-0.248300	-0.545900	0.662400	0.392600	-1.135600
1627305708.530267	0.748900	-0.231700	-0.540500	0.681400	0.393500	-1.113600
1627305708.539758	0.748300	-0.221700	-0.527100	0.683800	0.398100	-1.089800
1627305708.540655	0.747900	-0.206100	-0.508100	0.676500	0.399000	-1.061700
1627305708.566636	0.753200	-0.193700	-0.490400	0.673700	0.394100	-1.037900
1627305708.569056	0.757000	-0.182300	-0.474100	0.663300	0.382200	-1.010100
1627305708.583931	0.760500	-0.168300	-0.460100	0.658500	0.365700	-0.980800
1627305708.612188	0.765400	-0.157100	-0.450100	0.656000	0.345200	-0.946600
1627305708.622216	0.766400	-0.142300	-0.437300	0.673100	0.321700	-0.907200
1627305708.624371	0.776400	-0.133300	-0.423800	0.686900	0.294200	-0.863500
1627305708.629666	0.780900	-0.124400	-0.410900	0.675300	0.264600	-0.813400
1627305708.630558	0.783700	-0.115600	-0.403300	0.665200	0.233700	-0.769400
1627305708.640367	0.786300	-0.110800	-0.396200	0.651700	0.200800	-0.725400
1627305708.642888	0.789400	-0.105700	-0.391400	0.638900	0.169300	-0.681500
1627305708.666927	0.796300	-0.105800	-0.392300	0.634900	0.133000	-0.635300
1627305708.667960	0.799000	-0.108400	-0.392500	0.623300	0.094500	-0.593500
1627305708.679303	0.802400	-0.103500	-0.397500	0.592500	0.054200	-0.551900
1627305708.688849	0.807600	-0.093600	-0.402200	0.560100	0.014800	-0.508600
1627305708.708493	0.809400	-0.090600	-0.414400	0.558300	-0.018500	-0.465800
1627305708.709406	0.810900	-0.097800	-0.429900	0.561900	-0.043300	-0.428200
1627305708.718149	0.817500	-0.099500	-0.441400	0.536000	-0.059500	-0.398600
1627305708.738923	0.819100	-0.096100	-0.449000	0.496000	-0.067100	-0.373000
1627305708.747335	0.819700	-0.089200	-0.451800	0.474900	-0.074100	-0.345200
1627305708.759861	0.824000	-0.085000	-0.456100	0.468500	-0.078400	-0.308500
1627305708.760781	0.831200	-0.088300	-0.460400	0.444400	-0.079300	-0.270600
1627305708.780267	0.827600	-0.094600	-0.464500	0.444400	-0.079900	-0.240700
1627305708.781687	0.835200	-0.095800	-0.465800	0.456000	-0.076600	-0.217200
1627305708.796771	0.843400	-0.088900	-0.460100	0.459000	-0.072300	-0.190000
1627305708.798763	0.843600	-0.080600	-0.444000	0.467000	-0.069500	-0.158600
1627305708.823216	0.849700	-0.076300	-0.427100	0.488900	-0.072000	-0.117600
1627305708.824264	0.856300	-0.089200	-0.415800	0.501200	-0.090600	-0.066600
1627305708.827835	0.856000	-0.105200	-0.412400	0.484100	-0.112600	-0.028700
1627305708.839875	0.859000	-0.112300	-0.405900	0.448900	-0.138900	-0.002200
1627305708.840772	0.856600	-0.116700	-0.399900	0.406200	-0.174300	0.027200
1627305708.865176	0.853900	-0.125500	-0.402300	0.372300	-0.207900	0.057700
1627305708.878701	0.854000	-0.145300	-0.416000	0.337500	-0.239400	0.084900
1627305708.879600	0.846400	-0.167000	-0.436300	0.297400	-0.260400	0.100800
1627305708.884475	0.842300	-0.179800	-0.460000	0.236700	-0.272700	0.107500
1627305708.897876	0.840900	-0.177900	-0.469800	0.183200	-0.281200	0.110200
1627305708.907863	0.839700	-0.168600	-0.483200	0.143500	-0.287000	0.119100
1627305708.917470	0.836400	-0.159700	-0.498400	0.127300	-0.287300	0.135600
1627305708.936905	0.834100	-0.154700	-0.513500	0.118100	-0.281500	0.159400
1627305708.937946	0.832400	-0.155000	-0.524500	0.121800	-0.271400	0.183800
1627305708.946766	0.828500	-0.161100	-0.525500	0.148700	-0.259800	0.208300
1627305708.967192	0.828100	-0.168200	-0.515900	0.164600	-0.249100	0.231200
1627305708.968083	0.830100	-0.165900	-0.501800	0.131300	-0.249100	0.245800
1627305708.978097	0.823400	-0.163900	-0.493300	0.094300	-0.259500	0.268700
1627305708.984537	0.820100	-0.170000	-0.498200	0.064400	-0.275700	0.289500
1627305709.001646	0.808500	-0.175000	-0.507600	0.039700	-0.282700	0.311500
1627305709.014938	0.811300	-0.182300	-0.512300	0.014300	-0.284600	0.323400
1627305709.015856	0.803500	-0.182600	-0.512600	-0.014700	-0.286400	0.339900
1627305709.037174	0.804300	-0.178700	-0.509400	-0.062400	-0.288800	0.351800
1627305709.037999	0.805200	-0.169900	-0.509400	-0.121300	-0.289500	0.369200
1627305709.047920	0.809300	-0.159100	-0.509800	-0.167400	-0.289800	0.394000
1627305709.055117	0.808600	-0.149700	-0.510100	-0.187000	-0.292200	0.433700
1627305709.076131	0.804600	-0.152000	-0.512700	-0.180600	-0.295000	0.475800
1627305709.077027	0.806500	-0.151700	-0.511800	-0.192800	-0.301100	0.515200
1627305709.089129	0.801100	-0.147900	-0.507300	-0.227900	-0.310800	0.564100
1627305709.095517	0.794400	-0.148600	-0.504000	-0.231300	-0.326700	0.620900
1627305709.119570	0.788100	-0.163500	-0.507100	-0.217200	-0.347200	0.676800
1627305709.120505	0.782500	-0.187500	-0.511100	-0.189700	-0.370100	0.725400
1627305709.127697	0.778400	-0.212500	-0.512200	-0.174500	-0.393300	0.761700
1627305709.139958	0.775800	-0.228400	-0.509800	-0.198600	-0.417100	0.788900
1627305709.158712	0.766700	-0.243000	-0.519700	-0.209600	-0.447400	0.816700
1627305709.159612	0.757900	-0.272100	-0.540500	-0.174500	-0.477900	0.842700
1627305709.169117	0.749400	-0.295200	-0.563100	-0.178700	-0.499600	0.858500
1627305709.175405	0.748800	-0.310900	-0.587000	-0.192800	-0.510900	0.868600
1627305709.196304	0.742100	-0.320900	-0.612100	-0.190300	-0.512700	0.870500
1627305709.197200	0.742200	-0.333400	-0.637700	-0.196800	-0.503600	0.874700
1627305709.207861	0.738500	-0.349400	-0.664700	-0.213900	-0.485200	0.882400
1627305709.215482	0.731100	-0.370500	-0.692500	-0.207700	-0.455900	0.884500
1627305709.236354	0.717800	-0.397100	-0.716100	-0.183900	-0.407000	0.876300
1627305709.237250	0.714700	-0.409800	-0.725000	-0.185800	-0.363100	0.854300
1627305709.246642	0.712800	-0.412700	-0.727500	-0.201000	-0.324900	0.833200
1627305709.255328	0.710000	-0.413600	-0.737700	-0.217200	-0.287900	0.820400
1627305709.276156	0.704100	-0.416600	-0.753800	-0.241700	-0.241500	0.811800
1627305709.277052	0.705100	-0.420800	-0.766400	-0.270100	-0.183500	0.804800
1627305709.288072	0.699300	-0.426500	-0.775100	-0.290500	-0.117500	0.797800
1627305709.295695	0.689600	-0.436500	-0.767200	-0.315900	-0.028000	0.784900
1627305709.318859	0.681800	-0.437300	-0.746100	-0.371800	0.034900	0.774900
1627305709.327353	0.682400	-0.426500	-0.719400	-0.409300	0.078900	0.768100
1627305709.328247	0.682000	-0.411100	-0.697300	-0.438700	0.109100	0.769000
1627305709.336709	0.678500	-0.394800	-0.685100	-0.467100	0.126200	0.782500
1627305709.340189	0.678000	-0.386100	-0.684900	-0.481100	0.141200	0.802300
1627305709.366010	0.679200	-0.381000	-0.693000	-0.483900	0.154300	0.824900
1627305709.366922	0.671300	-0.388800	-0.697800	-0.465200	0.176600	0.854600
1627305709.378128	0.669100	-0.400500	-0.693100	-0.447500	0.196800	0.868900
1627305709.384530	0.667100	-0.403300	-0.679400	-0.458800	0.212400	0.876600
1627305709.408447	0.666400	-0.402500	-0.664700	-0.488700	0.217900	0.886600
1627305709.409335	0.671100	-0.401700	-0.654500	-0.479900	0.212400	0.900400
1627305709.415659	0.670700	-0.404700	-0.656600	-0.468900	0.205000	0.918400
1627305709.438920	0.668800	-0.404700	-0.654700	-0.479600	0.193700	0.942500
1627305709.449870	0.663700	-0.410000	-0.657200	-0.459400	0.175400	0.977400
1627305709.457316	0.657100	-0.432000	-0.671500	-0.429800	0.160100	1.006400
1627305709.458248	0.649900	-0.463000	-0.694200	-0.417900	0.156500	1.022900
1627305709.477693	0.639500	-0.491000	-0.712200	-0.431600	0.168100	1.019500
1627305709.479464	0.637900	-0.508200	-0.720900	-0.478700	0.192200	1.004800
1627305709.495060	0.634900	-0.520000	-0.733800	-0.508000	0.213900	0.990500
1627305709.499777	0.633900	-0.535000	-0.745800	-0.506800	0.249600	0.964200
1627305709.520371	0.632800	-0.547100	-0.755100	-0.529400	0.292400	0.930000
1627305709.521690	0.630500	-0.544600	-0.754800	-0.575200	0.332700	0.897000
1627305709.536850	0.632000	-0.539600	-0.750900	-0.605400	0.367800	0.872900
1627305709.541007	0.631300	-0.540500	-0.747700	-0.607600	0.397500	0.850600
1627305709.541906	0.632700	-0.548500	-0.751500	-0.629900	0.428900	0.824600
1627305709.564367	0.631700	-0.548300	-0.750200	-0.672900	0.453400	0.797500
1627305709.565184	0.633800	-0.541500	-0.743200	-0.704700	0.476900	0.770600
1627305709.575409	0.632900	-0.531000	-0.741200	-0.730300	0.493100	0.753800
1627305709.584002	0.630900	-0.529500	-0.748000	-0.752900	0.505300	0.746400
1627305709.607871	0.630200	-0.531000	-0.758100	-0.761200	0.525400	0.739400
1627305709.620379	0.627100	-0.535200	-0.766600	-0.761800	0.549600	0.733900
1627305709.621605	0.625400	-0.537000	-0.766800	-0.763300	0.574300	0.726300
1627305709.634664	0.627600	-0.538600	-0.767600	-0.759700	0.598100	0.719900
1627305709.635556	0.622600	-0.540300	-0.774400	-0.759400	0.632300	0.716200
1627305709.640426	0.617600	-0.546500	-0.777100	-0.744700	0.665600	0.711000
1627305709.661367	0.612900	-0.550400	-0.776100	-0.718700	0.707200	0.705500
1627305709.676808	0.607800	-0.550800	-0.771600	-0.720000	0.747800	0.697600
1627305709.678589	0.604700	-0.550200	-0.757400	-0.716000	0.789600	0.690900
1627305709.698419	0.603400	-0.553500	-0.743500	-0.700700	0.828100	0.683200
1627305709.699251	0.604000	-0.549600	-0.726900	-0.720000	0.862300	0.669500
1627305709.706585	0.607200	-0.538900	-0.709200	-0.761500	0.898700	0.651500
1627305709.718633	0.610200	-0.527100	-0.695700	-0.780700	0.922500	0.642300
1627305709.719544	0.612300	-0.519200	-0.683000	-0.788400	0.942700	0.638900
1627305709.742689	0.617800	-0.512500	-0.672600	-0.792700	0.957300	0.641100
1627305709.757805	0.618200	-0.509900	-0.659300	-0.783800	0.967700	0.648700
1627305709.762305	0.616500	-0.510300	-0.645500	-0.773400	0.973500	0.653600
1627305709.763208	0.617900	-0.510700	-0.635000	-0.779500	0.979600	0.657300
