1627301161.543035	0.021000	-0.540000	-0.849900	-0.001100	0.000800	-0.001400
1627301161.545768	0.022600	-0.534500	-0.846700	-0.003500	0.001100	-0.001400
1627301161.546200	0.020400	-0.546600	-0.860200	-0.006600	-0.001300	0.001400
1627301161.546680	0.019400	-0.543100	-0.868000	0.000500	0.000200	0.001700
1627301161.547141	0.020600	-0.543800	-0.852700	0.015700	0.000800	-0.000500
1627301161.547720	0.020000	-0.542400	-0.846200	-0.003500	-0.000400	-0.000200
1627301161.548255	0.021100	-0.536900	-0.850800	-0.012400	-0.000400	-0.000500
1627301161.548939	0.020100	-0.538900	-0.855800	-0.003200	0.000200	-0.000800
1627301161.549662	0.022900	-0.540300	-0.857100	0.006900	0.000500	0.000800
1627301161.550167	0.020800	-0.541600	-0.855200	0.010500	0.000200	0.000800
1627301161.550631	0.020400	-0.545000	-0.854400	0.004100	-0.001000	-0.000200
1627301161.551540	0.020500	-0.541400	-0.857500	-0.006900	-0.000700	-0.000200
1627301161.552115	0.020900	-0.541000	-0.859100	-0.007500	-0.000700	-0.001400
1627301161.553030	0.020900	-0.538300	-0.852500	0.001100	-0.000400	0.001700
1627301161.553789	0.019900	-0.539600	-0.852200	0.005700	-0.000400	0.000800
1627301161.554347	0.020900	-0.541000	-0.854600	-0.001100	-0.000100	0.000400
1627301161.555445	0.020300	-0.542600	-0.855600	-0.002000	-0.000700	-0.000200
1627301161.556566	0.021000	-0.541700	-0.859000	-0.002000	-0.001000	0.000400
1627301161.557415	0.020800	-0.542200	-0.856800	-0.000800	-0.001300	0.001400
1627301161.557909	0.022200	-0.538700	-0.851000	0.001700	0.000500	-0.000200
1627301161.558362	0.019700	-0.538500	-0.849100	-0.000500	-0.000400	0.000400
1627301161.558798	0.019800	-0.539100	-0.856300	-0.005000	-0.000700	0.000400
1627301161.559233	0.021500	-0.540400	-0.854600	0.006600	0.000200	0.000400
1627301161.559692	0.020600	-0.542100	-0.855300	0.002600	-0.000100	0.000800
1627301161.560146	0.019900	-0.539300	-0.852400	0.000200	0.000200	0.000100
1627301161.560606	0.019900	-0.541300	-0.854000	-0.003200	-0.000100	-0.001400
1627301161.561032	0.020900	-0.540600	-0.854200	-0.000500	0.000800	-0.000200
1627301161.561458	0.020500	-0.541100	-0.855300	0.002600	0.000800	0.001100
1627301161.561901	0.019900	-0.542200	-0.855100	0.003500	-0.000400	0.001100
1627301161.562323	0.019500	-0.540300	-0.853400	0.000500	0.000800	0.000100
1627301161.562758	0.018100	-0.540300	-0.851700	-0.000500	-0.000400	-0.000200
1627301161.563207	0.019900	-0.540000	-0.856600	-0.003800	0.000200	-0.000200
1627301161.563643	0.020100	-0.540300	-0.854900	0.001700	0.001100	0.000800
1627301161.564095	0.021000	-0.543300	-0.858000	0.000800	0.000500	0.000100
1627301161.564518	0.020400	-0.540600	-0.855600	0.003200	-0.000400	-0.000200
1627301161.564929	0.021100	-0.541000	-0.853300	-0.000200	0.000200	-0.000200
1627301161.565380	0.020000	-0.538300	-0.852300	-0.006000	-0.000400	0.001100
1627301161.565803	0.019500	-0.538800	-0.852800	-0.000800	0.000200	0.000100
1627301161.566280	0.020500	-0.543300	-0.858000	0.003500	0.000800	0.000800
1627301161.566743	0.019800	-0.543200	-0.857900	0.004400	-0.000100	0.000400
1627301161.567209	0.019500	-0.541600	-0.852300	0.002900	0.000200	-0.000500
1627301161.567645	0.019500	-0.539900	-0.850500	-0.003800	0.000200	-0.000800
1627301161.568074	0.021600	-0.535300	-0.853300	-0.003200	0.000200	-0.000200
1627301161.568499	0.019400	-0.540600	-0.855000	0.000500	0.000500	0.000100
1627301161.568948	0.019700	-0.541900	-0.856900	0.004100	0.000500	0.001100
1627301161.569370	0.021700	-0.543700	-0.856700	0.005700	0.000800	0.001700
1627301161.569795	0.019000	-0.541300	-0.852400	-0.001100	-0.000700	-0.000800
1627301161.570246	0.019700	-0.538000	-0.851600	-0.005000	-0.000100	-0.001400
1627301161.570672	0.020800	-0.536700	-0.852700	-0.002000	0.001100	0.000100
1627301161.571100	0.022200	-0.542200	-0.856800	0.002600	-0.000400	0.001100
1627301161.571583	0.021000	-0.541100	-0.858300	0.007500	-0.000100	0.002300
1627301161.572035	0.020400	-0.543700	-0.855000	0.004100	0.000500	0.000400
1627301161.572603	0.021100	-0.542400	-0.853100	-0.002600	0.001100	-0.000800
1627301161.573095	0.020900	-0.538800	-0.851200	-0.005000	-0.001000	-0.000500
1627301161.573565	0.020800	-0.538700	-0.856200	-0.002900	0.000200	-0.000200
1627301161.574051	0.020500	-0.540000	-0.855600	0.005300	0.001100	0.001400
1627301161.574496	0.019400	-0.543000	-0.856900	0.004700	-0.000100	0.000400
1627301161.574927	0.020300	-0.542000	-0.856200	0.001400	-0.000400	0.000100
1627301161.575400	0.020300	-0.539300	-0.854200	-0.003800	0.000200	-0.001100
1627301161.575852	0.020300	-0.538700	-0.854900	-0.003200	0.000200	-0.000800
1627301161.576395	0.021600	-0.537600	-0.854100	-0.000200	0.000500	0.000400
1627301161.577026	0.019400	-0.539900	-0.854600	0.002900	-0.000400	0.001700
1627301161.577636	0.020100	-0.540200	-0.856200	0.002000	0.000500	0.000800
1627301161.578324	0.020900	-0.540900	-0.854900	0.002300	0.000500	0.000100
1627301161.578877	0.020300	-0.542500	-0.854500	-0.003200	-0.000100	0.000100
1627301161.579406	0.019400	-0.538300	-0.853400	-0.000500	0.000800	-0.000200
1627301161.579932	0.020800	-0.540400	-0.852200	0.002000	0.000500	0.000400
1627301161.580510	0.019900	-0.540300	-0.854600	0.001400	-0.000100	0.001100
1627301161.580984	0.019200	-0.540200	-0.854500	0.002600	0.000500	0.000400
1627301161.581554	0.021700	-0.541300	-0.853800	0.001100	0.000200	0.000400
1627301161.582111	0.223800	-0.567600	-0.628900	0.042900	0.047600	0.074400
1627301161.582781	0.412500	-1.105300	-0.813700	-0.139700	0.286100	0.594500
1627301161.583663	0.065300	-0.452600	-0.759600	-0.075600	0.320000	0.645500
1627301161.584499	-0.070900	-0.505200	-0.841400	-0.176100	0.330700	0.673300
1627301161.585738	-0.094600	-0.612200	-0.883100	-0.388700	0.418700	0.759800
1627301161.586572	-0.124500	-0.445300	-1.032500	0.123900	0.214900	0.902400
1627301161.587567	-0.143100	-0.437500	-1.032100	1.104600	-0.040100	1.027000
1627301161.588929	-0.042100	-0.252000	-0.896600	1.634200	-0.038900	0.965600
1627301161.590249	0.012600	-0.462400	-0.813100	0.884100	0.169400	0.430800
1627301161.591297	-0.031400	-0.670300	-0.701400	-0.165100	0.226800	0.236900
1627301161.592209	-0.030800	-0.601100	-0.817300	-0.612800	0.229300	0.131800
1627301161.593179	0.017000	-0.459700	-0.949700	-0.279600	0.121200	0.047800
1627301161.593791	0.012300	-0.541300	-0.855700	0.119600	-0.039800	0.001100
1627301161.594266	-0.009900	-0.597300	-0.799100	0.019700	-0.020300	0.009600
1627301161.594725	-0.002900	-0.547600	-0.840300	-0.144000	0.040800	-0.009000
1627301161.595203	0.009500	-0.567600	-0.864400	-0.086900	0.032000	-0.009600
1627301161.595669	-0.006800	-0.574200	-0.811500	-0.006300	0.029800	0.025500
1627301161.596096	-0.014600	-0.607300	-0.816800	-0.084800	0.067400	0.074400
1627301161.596762	0.022300	-0.513400	-0.897100	0.000200	0.077800	0.135400
1627301161.597260	0.025400	-0.479100	-0.878200	0.212100	-0.011400	0.060600
1627301161.597719	-0.006100	-0.620500	-0.816700	0.163900	-0.035200	-0.000200
1627301161.598176	-0.005200	-0.559900	-0.805900	-0.104300	0.004500	-0.003200
1627301161.598588	0.010500	-0.543800	-0.875400	-0.107400	0.021300	-0.011800
1627301161.599028	0.008500	-0.536900	-0.856300	0.038900	-0.006500	0.004100
1627301161.599455	0.001600	-0.566800	-0.835800	0.052100	-0.003800	0.004400
1627301161.599900	0.003500	-0.562100	-0.841400	0.006300	0.002700	-0.000200
1627301161.600378	0.002400	-0.559400	-0.844500	-0.012100	-0.000400	-0.001700
1627301161.600854	0.004400	-0.553800	-0.843000	-0.012100	0.001700	-0.000800
1627301161.601295	0.003900	-0.552700	-0.846900	0.004400	0.000500	0.001700
1627301161.601894	0.002000	-0.556800	-0.842800	0.015100	0.000800	0.000800
1627301161.602461	0.003500	-0.558700	-0.842700	0.000800	0.002300	-0.000800
1627301161.602960	0.004500	-0.557100	-0.845000	-0.002300	-0.000700	-0.001400
1627301161.603411	0.004400	-0.558300	-0.845000	0.000500	0.000200	-0.000500
1627301161.603851	0.003100	-0.554900	-0.843300	0.002000	0.002300	-0.000200
1627301161.604278	0.004300	-0.557400	-0.845000	0.002300	0.001100	0.000400
1627301161.604713	0.005500	-0.556900	-0.842300	0.003500	0.000500	-0.000200
1627301161.605155	0.004900	-0.558000	-0.843100	-0.000800	0.000200	0.000100
1627301161.605642	0.001700	-0.546400	-0.833500	-0.002900	0.003000	0.000400
1627301161.606228	-0.027800	-0.528700	-0.691500	-0.344100	0.119300	-0.058200
1627301161.606887	0.022600	-0.540400	-1.017600	-0.375500	0.120600	-0.101900
1627301161.607587	0.025600	-0.588000	-0.749000	-0.182500	0.028900	-0.075300
1627301161.608208	0.044600	-0.301600	-0.997300	-0.568300	0.004200	-0.201100
1627301161.608690	0.049000	-0.378200	-0.935100	-0.103400	-0.124100	-0.418600
1627301161.609652	0.111000	-0.440300	-0.960800	-0.259200	-0.243800	-0.600000
1627301161.610330	0.166100	-0.324700	-1.036700	-0.092100	-0.482400	-0.786300
1627301161.610812	0.084100	-0.429400	-0.998700	0.247300	-0.754500	-1.069800
1627301161.611279	-0.030000	-1.442000	-0.335300	0.884400	-0.607900	-0.584800
1627301161.611705	0.233600	-0.728600	-0.542700	-0.038900	0.126700	0.322100
1627301161.612143	-0.098400	-0.331700	-1.061600	0.545400	0.031100	0.472000
1627301161.612590	-0.066700	-0.547500	-0.880600	0.726800	-0.006500	0.462600
1627301161.613063	0.011500	-0.572300	-0.835900	0.381900	0.062800	0.251500
1627301161.613635	-0.061500	-0.541900	-0.887300	0.510800	0.008800	0.212100
1627301161.614130	-0.094400	-0.613400	-0.865000	0.737800	-0.058100	0.177600
1627301161.614598	-0.117300	-0.569200	-0.813800	0.879200	-0.064500	0.079200
1627301161.615105	-0.104000	-0.554700	-0.821300	0.782100	-0.078600	0.044100
1627301161.615717	-0.059400	-0.635100	-0.870100	1.070400	-0.126800	-0.004700
1627301161.616389	-0.036300	-0.601000	-0.814300	1.207500	-0.142700	0.052400
1627301161.616872	0.001600	-0.660300	-0.891600	1.337600	-0.171400	0.161700
1627301161.617320	0.031400	-0.662200	-0.906100	1.699900	-0.227600	0.221000
1627301161.617790	0.073000	-0.738300	-0.946200	1.165100	-0.246600	0.232600
1627301161.618212	-0.017100	-0.723500	-0.935100	0.726200	-0.323500	0.252700
1627301161.618651	-0.011200	-0.748800	-0.866800	0.772900	-0.381000	0.310800
1627301161.619107	0.006500	-0.734900	-0.847200	1.000400	-0.429800	0.374000
1627301161.619568	-0.003900	-0.762800	-0.765700	1.453400	-0.464000	0.462900
1627301161.619996	-0.159200	-0.913100	-0.730600	2.986700	-0.436600	0.682200
1627301161.620434	-0.097700	-0.642700	-0.822000	3.078000	-0.307400	0.797900
1627301161.620865	0.178500	0.546300	-0.485800	1.799500	-0.161400	0.102200
1627301161.621396	0.084500	-0.235100	-0.495400	3.207200	-0.162000	-0.665400
1627301161.622079	-0.223900	-0.896600	-0.645300	3.622300	-0.273200	-0.576500
1627301161.622658	-0.288800	-1.034500	-0.520600	1.559700	-0.078600	-0.430200
1627301161.623151	-0.092500	-0.833900	-0.459000	0.240200	0.052700	-0.376500
1627301161.623608	-0.229100	-0.971100	-0.479500	1.857200	-0.001900	-0.203900
1627301161.624039	-0.265600	-1.195400	-0.562300	1.224600	0.079900	-0.078400
1627301161.624482	-0.088700	-0.912000	-0.478800	0.090000	0.211900	0.049900
1627301161.624917	-0.040500	-0.836700	-0.500200	0.326100	0.223200	0.161700
1627301161.625348	-0.079800	-0.948500	-0.493500	0.408800	0.225000	0.230700
1627301161.625832	-0.053700	-0.954800	-0.571900	0.531600	0.234500	0.299500
1627301161.626331	-0.112500	-0.920700	-0.615000	0.844700	0.231100	0.313500
1627301161.626803	-0.249800	-0.813800	-0.609100	1.229200	0.224100	0.268600
1627301161.627369	-0.247300	-0.698500	-0.582400	1.911600	0.233300	0.172700
1627301161.628024	-0.335000	-0.772500	-0.539900	2.584700	0.208800	0.009000
1627301161.628532	-0.193000	-0.819600	-0.536100	3.066400	0.149900	-0.073800
1627301161.628990	-0.124900	-0.996100	-0.533200	3.302200	0.022500	-0.104900
1627301161.629517	-0.075800	-1.068500	-0.513200	3.250600	-0.133600	-0.050300
1627301161.629971	-0.079800	-1.120700	-0.463100	3.543500	-0.280800	0.040500
1627301161.630404	-0.146100	-1.185400	-0.411300	3.939000	-0.369700	0.119900
1627301161.630835	-0.198700	-1.200200	-0.362700	4.132400	-0.391700	0.139700
1627301161.631274	-0.181600	-1.291000	-0.331300	3.841900	-0.386800	0.060300
1627301161.631703	-0.164900	-1.312600	-0.336300	3.043200	-0.430800	-0.086600
1627301161.632133	-0.100200	-1.301900	-0.318200	2.144900	-0.532800	-0.308000
1627301161.632556	-0.037700	-1.335700	-0.311900	1.433900	-0.662600	-0.566700
1627301161.632981	-0.031100	-1.374900	-0.298000	1.052700	-0.778900	-0.805900
1627301161.633606	-0.072900	-1.428600	-0.289700	1.132700	-0.837600	-1.002000
1627301161.634198	-0.101100	-1.412400	-0.300400	1.318400	-0.834500	-1.218800
1627301161.634654	-0.084700	-1.408300	-0.292600	1.348300	-0.801200	-1.487000
1627301161.635100	-0.069800	-1.431600	-0.288200	1.059400	-0.771600	-1.724600
1627301161.635538	-0.050000	-1.430800	-0.297900	0.717000	-0.761800	-1.937800
1627301161.635970	-0.020300	-1.398700	-0.301000	0.614100	-0.771000	-2.132700
1627301161.636445	-0.007800	-1.383400	-0.298800	0.796100	-0.782000	-2.309200
1627301161.636899	-0.002200	-1.367600	-0.300200	0.954300	-0.774700	-2.468100
1627301161.637337	0.016100	-1.363000	-0.292600	0.996200	-0.716600	-2.632400
1627301161.637799	0.050200	-1.329700	-0.290900	0.981800	-0.633000	-2.758200
1627301161.638286	0.086300	-1.280800	-0.281000	1.032500	-0.546500	-2.878300
1627301161.638746	0.124500	-1.256300	-0.272100	1.174200	-0.467700	-2.989100
1627301161.639383	0.146900	-1.248000	-0.270400	1.285100	-0.408500	-3.067300
1627301161.639998	0.158700	-1.217700	-0.266000	1.304400	-0.366000	-3.120200
1627301161.640456	0.188100	-1.176300	-0.250200	1.254900	-0.329000	-3.162900
1627301161.640889	0.215800	-1.141800	-0.232700	1.211500	-0.282600	-3.211800
1627301161.641319	0.277700	-1.072500	-0.213300	1.186500	-0.253300	-3.261000
1627301161.641749	0.308200	-1.045400	-0.195700	1.243900	-0.243200	-3.312000
1627301161.642185	0.333300	-0.998800	-0.184100	1.257900	-0.247200	-3.353200
1627301161.642623	0.242700	-0.958500	-0.139000	1.187700	-0.280200	-3.395700
1627301161.643150	0.418000	-0.936900	-0.168800	0.921600	-0.273200	-3.394700
1627301161.643639	0.422500	-0.877000	-0.121300	0.580200	-0.352900	-3.386200
1627301161.644131	0.360600	-0.759500	-0.097700	0.261900	-0.413300	-3.410000
1627301161.644615	0.410900	-0.684000	-0.091700	0.283300	-0.468600	-3.448500
1627301161.645127	0.378400	-0.566800	-0.070200	0.153800	-0.501900	-3.531600
1627301161.645733	0.373300	-0.577400	-0.051900	0.167200	-0.492800	-3.573100
1627301161.646183	0.342200	-0.524800	-0.030400	-0.004700	-0.447900	-3.557500
1627301161.646616	0.304900	-0.418200	-0.005100	-0.140300	-0.380400	-3.533400
1627301161.647043	0.270600	-0.355200	0.034800	-0.238400	-0.293600	-3.498300
1627301161.647470	0.237100	-0.284300	0.075100	-0.307100	-0.194700	-3.438700
1627301161.647893	0.222800	-0.254000	0.124800	-0.328500	-0.120100	-3.376100
1627301161.648325	0.243800	-0.241000	0.077000	-0.367900	-0.091700	-3.291800
1627301161.648750	0.263400	-0.253800	0.126200	-0.576800	-0.114000	-3.184300
1627301161.649175	0.261600	-0.258100	0.141100	-0.994000	-0.166300	-3.049000
1627301161.649675	0.296500	-0.235700	0.124800	-1.519400	-0.275900	-2.905700
1627301161.650167	0.426100	-0.195600	0.117900	-2.042000	-0.487600	-2.753600
1627301161.650763	0.549600	-0.148700	0.091300	-2.181900	-0.768600	-2.616200
1627301161.651438	0.651100	-0.098000	0.032200	-1.806800	-1.085900	-2.521500
1627301161.651891	0.829500	0.235200	-0.141000	-1.531300	-1.438700	-2.503800
1627301161.652377	0.695700	-0.122700	-0.032600	-0.587200	-1.873900	-2.570400
1627301161.652832	0.742600	-0.482800	-0.068100	0.117700	-2.181200	-2.223100
1627301161.653261	0.728300	-0.220200	-0.086300	0.215800	-2.478700	-1.904500
1627301161.655134	0.599600	-0.367100	-0.106100	0.425600	-2.773100	-1.543500
1627301161.655586	0.529400	-0.356000	-0.124000	-0.152600	-2.950900	-1.213300
1627301161.656220	0.453700	-0.232200	-0.112900	-0.185200	-3.093500	-0.971700
1627301161.656846	0.400900	-0.237200	-0.097900	0.142200	-3.183600	-0.767700
1627301161.659607	0.402600	-0.140400	-0.073700	0.379200	-3.186400	-0.614100
1627301161.660096	0.432600	-0.129500	-0.170000	0.613800	-3.150300	-0.531300
1627301161.660606	0.501100	-0.237700	-0.200700	0.517600	-3.096900	-0.438200
1627301161.661061	0.573600	-0.298100	-0.259600	-0.064600	-3.012900	-0.277200
1627301161.661543	0.545400	-0.349100	-0.330000	-0.535300	-2.938700	-0.154100
1627301161.664080	0.508700	-0.363900	-0.350000	-0.788500	-2.860500	-0.020300
1627301161.664515	0.498500	-0.379500	-0.403200	-1.020600	-2.772200	0.089000
1627301161.664948	0.572300	-0.349400	-0.439100	-1.258200	-2.703800	0.168400
1627301161.665374	0.664100	-0.343900	-0.503700	-1.472600	-2.697700	0.192900
1627301161.668336	0.734100	-0.359500	-0.558700	-1.511400	-2.766700	0.192900
1627301161.668795	0.724900	-0.375900	-0.622200	-1.065500	-2.898000	0.184300
1627301161.669228	0.646100	-0.405400	-0.677600	-0.478200	-3.002200	0.181300
1627301161.669662	0.573000	-0.468800	-0.749100	0.032500	-3.056900	0.190400
1627301161.671455	0.513100	-0.504900	-0.803500	0.237200	-3.053500	0.191600
1627301161.671922	0.418800	-0.523200	-0.841400	0.210600	-2.984500	0.159000
1627301161.672392	0.376600	-0.508100	-0.859600	0.071900	-2.841200	0.084400
1627301161.672853	0.372600	-0.486300	-0.869400	0.144000	-2.632900	-0.031000
1627301161.673337	0.383500	-0.491800	-0.894800	0.493400	-2.368100	-0.167200
1627301161.676310	0.448000	-0.517300	-0.936200	0.859600	-2.149100	-0.265900
1627301161.676802	0.469500	-0.554100	-0.973600	1.072800	-1.953600	-0.354200
1627301161.678644	0.476700	-0.571500	-1.000500	1.060900	-1.773700	-0.441800
1627301161.679076	0.490200	-0.558800	-1.043600	1.001400	-1.635700	-0.530400
1627301161.679584	0.546000	-0.579200	-1.026000	1.448200	-1.524800	-0.602500
1627301161.680228	0.552500	-0.546600	-1.070800	1.002000	-1.417900	-0.754300
1627301161.680683	0.575000	-0.654200	-1.084500	0.863900	-1.363900	-0.853200
1627301161.682937	0.564200	-0.592500	-1.077900	0.259500	-1.315300	-0.914000
1627301161.683421	0.587600	-0.558100	-1.081200	0.212400	-1.266400	-0.986100
1627301161.683906	0.601100	-0.544600	-1.100100	0.341900	-1.227600	-1.049600
1627301161.684354	0.603500	-0.548100	-1.127000	0.525500	-1.189800	-1.098500
1627301161.686920	0.599700	-0.564000	-1.152800	0.519100	-1.139700	-1.121700
1627301161.687348	0.588700	-0.552500	-1.174900	0.426500	-1.048600	-1.137300
1627301161.687778	0.585800	-0.536500	-1.189700	0.425300	-0.938100	-1.154100
1627301161.688206	0.575600	-0.519000	-1.192400	0.555700	-0.810100	-1.180100
1627301161.690625	0.554800	-0.511600	-1.194100	0.721300	-0.660100	-1.208500
1627301161.691141	0.531700	-0.494400	-1.202500	1.036800	-0.526400	-1.226200
1627301161.691732	0.544200	-0.517900	-1.196300	1.235300	-0.371800	-1.269500
1627301161.692223	0.543600	-0.468300	-1.205100	1.248500	-0.242900	-1.327600
1627301161.694612	0.546600	-0.528400	-1.207600	1.258200	-0.107300	-1.372200
1627301161.695036	0.539400	-0.487200	-1.191700	1.241400	-0.005600	-1.406400
1627301161.695459	0.540500	-0.470000	-1.168500	1.342800	0.108300	-1.472000
1627301161.695884	0.542200	-0.454000	-1.153800	1.402400	0.217700	-1.554800
1627301161.698882	0.542400	-0.476300	-1.138300	1.380400	0.328600	-1.634800
1627301161.699341	0.539900	-0.463500	-1.121900	1.241700	0.435800	-1.708800
1627301161.699817	0.542000	-0.458500	-1.109000	1.223400	0.534400	-1.785400
1627301161.700281	0.539400	-0.454600	-1.095300	1.348000	0.631800	-1.869400
1627301161.700722	0.512500	-0.451300	-1.073600	1.525200	0.711600	-1.945500
1627301161.703270	0.487300	-0.450900	-1.049900	1.661400	0.809600	-2.031300
1627301161.703755	0.479900	-0.442600	-1.020900	1.723700	0.924100	-2.125400
1627301161.704196	0.483000	-0.441500	-0.988900	1.822400	1.054000	-2.221900
1627301161.704626	0.508100	-0.430200	-0.954700	1.921600	1.182200	-2.316300
1627301161.707470	0.540800	-0.399700	-0.920700	2.156500	1.300100	-2.425300
1627301161.707947	0.564600	-0.384400	-0.883400	2.431400	1.405200	-2.540400
1627301161.708574	0.564500	-0.365000	-0.840000	2.609800	1.478800	-2.644900
1627301161.710710	0.560200	-0.359600	-0.802600	2.657700	1.544200	-2.744800
1627301161.711161	0.548300	-0.361200	-0.739900	2.575600	1.604300	-2.824800
1627301161.711591	0.521500	-0.377300	-0.678800	2.398400	1.667600	-2.869700
1627301161.713317	0.506600	-0.344200	-0.601400	2.169000	1.731700	-2.877000
1627301161.713741	0.506600	-0.344200	-0.601400	2.169000	1.731700	-2.877000
1627301161.714190	0.528900	-0.291300	-0.550300	2.113400	1.785200	-2.856900
1627301161.714804	0.585400	-0.233200	-0.526900	2.225500	1.796500	-2.822100
1627301161.716627	0.661900	-0.170800	-0.516200	2.463200	1.761600	-2.797900
1627301161.717053	0.714000	-0.143200	-0.517600	2.630200	1.693800	-2.783900
1627301161.717486	0.742300	-0.143300	-0.497800	2.555700	1.619300	-2.768600
1627301161.717910	0.732500	-0.152700	-0.454100	2.210900	1.569200	-2.736200
1627301161.720782	0.706400	-0.129000	-0.397100	1.681900	1.557600	-2.692200
1627301161.721265	0.683700	-0.067300	-0.321700	1.123800	1.584500	-2.646100
1627301161.721699	0.714700	-0.025400	-0.279400	0.857200	1.615900	-2.606100
1627301161.722289	0.763200	0.019800	-0.253100	0.846200	1.623600	-2.566400
1627301161.722785	0.807500	0.063200	-0.226900	0.976000	1.605000	-2.531900
1627301161.725335	0.826400	0.091300	-0.208600	1.079600	1.568300	-2.504700
1627301161.725762	0.841800	0.093400	-0.185800	1.072200	1.523100	-2.466500
1627301161.726464	0.841200	0.100100	-0.166300	0.887400	1.481300	-2.414000
1627301161.727145	0.831800	0.117100	-0.138800	0.485500	1.433000	-2.328800
1627301161.729456	0.832400	0.153000	-0.105300	0.123900	1.398200	-2.254000
1627301161.729911	0.827100	0.183200	-0.071300	-0.157400	1.361200	-2.179400
1627301161.730399	0.827800	0.228000	-0.033300	-0.304700	1.321200	-2.109500
1627301161.730848	0.832800	0.263500	-0.007200	-0.275700	1.276600	-2.046000
1627301161.733375	0.829100	0.290800	0.009400	-0.114700	1.221600	-1.988200
1627301163.591038	0.636100	-0.754600	-0.891800	1.163200	-0.001300	-1.390800
1627301163.616320	0.643400	-0.736500	-0.868900	0.941500	0.129100	-1.555400
1627301163.617129	0.661400	-0.713900	-0.844400	0.851700	0.232300	-1.685500
1627301163.618227	0.675700	-0.681400	-0.813000	0.863300	0.320300	-1.795500
1627301163.629055	0.677900	-0.656100	-0.783000	0.953100	0.397600	-1.895400
1627301163.629950	0.684400	-0.632900	-0.753800	1.042000	0.475500	-1.982400
1627301163.636802	0.682000	-0.610200	-0.724100	1.108600	0.551200	-2.063400
1627301163.659478	0.679900	-0.580100	-0.700300	1.129000	0.640400	-2.150100
1627301163.667939	0.698100	-0.558200	-0.687300	1.099400	0.701500	-2.209100
1627301163.668839	0.733600	-0.537100	-0.675900	1.044100	0.753400	-2.254600
1627301163.677115	0.759200	-0.527300	-0.675400	0.959500	0.795900	-2.290900
1627301163.680540	0.813200	-0.521500	-0.680900	0.850800	0.837100	-2.316300
1627301163.703858	0.820200	-0.502700	-0.668000	0.725300	0.884100	-2.351100
1627301163.707206	0.775500	-0.480000	-0.641100	0.593300	0.965700	-2.408800
1627301163.718681	0.714200	-0.422100	-0.600800	0.435700	1.105600	-2.509900
1627301163.724917	0.680700	-0.363300	-0.553200	0.302200	1.258600	-2.631800
1627301163.739707	0.684100	-0.315100	-0.507900	0.188300	1.426300	-2.764900
1627301163.752420	0.684400	-0.272500	-0.476000	0.053600	1.580800	-2.884700
1627301163.753333	0.710200	-0.232200	-0.440700	-0.136700	1.707000	-2.972000
1627301163.777375	0.738600	-0.188600	-0.407600	-0.403900	1.802600	-3.023900
1627301163.778757	0.764300	-0.142700	-0.373900	-0.756100	1.869200	-3.037700
1627301163.788530	0.788900	-0.102200	-0.337300	-1.103400	1.899400	-3.012300
1627301163.798716	0.801100	-0.057100	-0.300000	-1.342800	1.906100	-2.958300
1627301163.821894	0.806000	-0.018700	-0.260100	-1.474800	1.896600	-2.881000
1627301163.823117	0.805200	0.018900	-0.216300	-1.526100	1.879500	-2.779600
1627301163.825903	0.788800	0.062100	-0.174300	-1.484600	1.854200	-2.657400
1627301163.838800	0.793300	0.098000	-0.138700	-1.343700	1.817800	-2.519100
1627301163.859733	0.811300	0.141200	-0.101000	-1.105800	1.755800	-2.340400
1627301163.861192	0.846600	0.163100	-0.084600	-0.844400	1.678000	-2.171200
1627301163.876275	0.889900	0.171400	-0.074200	-0.645500	1.578700	-2.001100
1627301163.890183	0.921000	0.175900	-0.062900	-0.504700	1.459000	-1.823300
1627301163.891332	0.942300	0.180100	-0.050200	-0.407000	1.324300	-1.639100
1627301163.901714	0.948500	0.180900	-0.033700	-0.347700	1.188000	-1.453700
1627301163.919488	0.940400	0.192400	-0.012900	-0.312000	1.058800	-1.276000
1627301163.921031	0.923800	0.201200	0.011500	-0.273800	0.920500	-1.075000
1627301163.935352	0.921500	0.224900	0.029500	-0.228300	0.807500	-0.911300
1627301163.936256	0.924000	0.238200	0.037200	-0.136100	0.710300	-0.774700
1627301163.940538	0.925700	0.245700	0.041600	-0.047200	0.616900	-0.651700
1627301163.963180	0.925900	0.250100	0.049400	0.012400	0.529500	-0.539300
1627301163.969891	0.927400	0.253900	0.051400	0.019100	0.448600	-0.435400
1627301163.970785	0.933800	0.250600	0.053300	-0.014800	0.368600	-0.340400
1627301163.996183	0.928600	0.249400	0.057100	-0.076500	0.268700	-0.232000
1627301163.997006	0.930800	0.254200	0.053200	-0.101900	0.189000	-0.149200
1627301164.007048	0.936600	0.246800	0.046800	-0.102500	0.108000	-0.072600
1627301164.013630	0.944900	0.232300	0.043800	-0.114400	0.027400	0.005300
1627301164.035286	0.946000	0.218000	0.047100	-0.144600	-0.052600	0.088700
1627301164.036097	0.941500	0.210100	0.043300	-0.183400	-0.127800	0.173900
1627301164.047264	0.939300	0.205200	0.037400	-0.219100	-0.206300	0.262200
1627301164.054963	0.944300	0.208600	0.027800	-0.241100	-0.297600	0.354100
1627301164.077125	0.953400	0.205600	0.016800	-0.244800	-0.381600	0.422600
1627301164.078351	0.961700	0.192600	0.003800	-0.265300	-0.470200	0.490700
1627301164.092085	0.971800	0.183700	-0.004000	-0.319000	-0.560900	0.556900
1627301164.098684	0.970700	0.178300	-0.008200	-0.393200	-0.651000	0.617400
1627301164.118802	0.955700	0.174000	-0.008900	-0.482100	-0.733100	0.670000
1627301164.120100	0.933200	0.167000	-0.009600	-0.574700	-0.814100	0.717900
1627301164.129688	0.922600	0.163000	-0.018800	-0.644600	-0.886500	0.757600
1627301164.142352	0.923300	0.146400	-0.035900	-0.677300	-0.953700	0.791800
1627301164.160120	0.924600	0.136100	-0.053500	-0.695600	-1.023000	0.825700
1627301164.160939	0.914300	0.118400	-0.072900	-0.697500	-1.095400	0.860500
1627301164.168472	0.898900	0.105700	-0.092200	-0.706300	-1.167800	0.896300
1627301164.181254	0.886700	0.092200	-0.105100	-0.707200	-1.236500	0.934200
1627301164.182147	0.866000	0.084200	-0.130000	-0.717300	-1.311300	0.982100
1627301164.204971	0.857200	0.072900	-0.153800	-0.703600	-1.375500	1.030400
1627301164.207061	0.867800	0.057900	-0.182900	-0.678500	-1.434700	1.084100
1627301164.225088	0.879800	0.042700	-0.214500	-0.645800	-1.498200	1.142800
1627301164.235511	0.893300	0.018800	-0.251300	-0.601500	-1.563300	1.205100
1627301164.236409	0.895100	-0.002700	-0.276400	-0.600600	-1.630800	1.263400
1627301164.246046	0.885300	-0.009800	-0.298700	-0.628700	-1.687600	1.308000
1627301164.252895	0.869000	-0.023400	-0.321500	-0.734700	-1.738900	1.337000
1627301164.276255	0.853300	-0.035600	-0.336500	-0.870000	-1.767900	1.342200
1627301164.277176	0.838000	-0.032500	-0.354200	-1.023300	-1.783500	1.334900
1627301164.287158	0.825600	-0.038000	-0.380100	-1.133000	-1.794500	1.316300
1627301164.298743	0.826700	-0.043100	-0.406700	-1.188300	-1.804000	1.299100
1627301164.321349	0.835200	-0.049000	-0.439600	-1.165700	-1.811000	1.284500
1627301164.322240	0.849100	-0.072000	-0.485000	-1.143700	-1.820500	1.275300
1627301164.326062	0.864000	-0.085800	-0.522000	-1.223400	-1.835100	1.266500
1627301164.337749	0.847300	-0.081900	-0.541500	-1.402400	-1.840300	1.239900
1627301164.360162	0.825900	-0.085400	-0.564900	-1.644300	-1.834200	1.197400
1627301164.361039	0.811500	-0.082500	-0.584600	-1.918000	-1.818600	1.145800
1627301164.366645	0.796000	-0.073100	-0.603900	-2.117700	-1.797300	1.090800
1627301164.388375	0.782500	-0.071200	-0.624900	-2.212700	-1.773100	1.045300
1627301164.389617	0.782200	-0.070900	-0.661900	-2.184000	-1.753300	1.013600
1627301164.404995	0.802000	-0.083000	-0.703900	-2.049600	-1.738900	1.010500
1627301164.409713	0.810200	-0.094500	-0.741300	-1.929900	-1.735000	1.027600
1627301164.433869	0.797200	-0.103500	-0.776400	-1.839200	-1.728500	1.050800
1627301164.434751	0.782300	-0.102700	-0.806200	-1.825100	-1.711100	1.067900
1627301164.436253	0.754900	-0.099100	-0.837600	-1.856300	-1.681800	1.074700
1627301164.451936	0.730000	-0.102400	-0.863800	-1.899300	-1.636000	1.078300
1627301164.454782	0.708500	-0.088900	-0.888500	-1.943300	-1.568500	1.085000
1627301164.477412	0.693800	-0.074300	-0.914600	-1.916100	-1.488500	1.094200
1627301164.478310	0.688000	-0.072400	-0.943200	-1.841900	-1.409700	1.114700
1627301164.493816	0.699200	-0.075700	-0.974400	-1.740200	-1.325700	1.143700
1627301164.497406	0.695100	-0.078700	-0.994900	-1.670000	-1.238000	1.176700
1627301164.498310	0.678200	-0.079000	-1.005200	-1.649500	-1.140000	1.207200
1627301164.522607	0.657200	-0.071900	-1.009300	-1.666300	-1.027600	1.227700
1627301164.526062	0.627100	-0.059800	-1.010400	-1.654100	-0.881900	1.242000
1627301164.542537	0.615600	-0.056600	-1.007200	-1.577700	-0.748400	1.259400
1627301164.556565	0.611600	-0.054100	-1.008500	-1.436900	-0.631700	1.284500
1627301164.557459	0.611800	-0.056500	-1.014500	-1.262200	-0.525700	1.320800
1627301164.568451	0.618900	-0.056800	-1.015700	-1.089600	-0.432000	1.366600
1627301164.571750	0.618700	-0.060200	-1.015600	-0.939100	-0.349200	1.412800
1627301164.595337	0.616100	-0.067300	-1.015500	-0.813500	-0.271600	1.459500
1627301164.596229	0.609500	-0.077500	-1.012600	-0.702300	-0.177900	1.515400
1627301164.610969	0.602300	-0.079000	-1.005000	-0.655900	-0.103300	1.553600
1627301164.614124	0.590900	-0.084600	-0.992800	-0.627200	-0.026400	1.582600
1627301164.640547	0.584400	-0.093100	-0.984400	-0.612800	0.047900	1.607600
1627301164.641597	0.583000	-0.106900	-0.975500	-0.604300	0.118400	1.632700
1627301164.648503	0.586200	-0.117400	-0.965000	-0.608900	0.184100	1.656800
1627301164.660076	0.589000	-0.132000	-0.958500	-0.625100	0.241200	1.680900
1627301164.680124	0.593500	-0.151900	-0.957200	-0.653200	0.300100	1.709300
1627301164.681006	0.591400	-0.163800	-0.956100	-0.667500	0.335300	1.724900
1627301164.685942	0.589600	-0.176600	-0.958500	-0.669400	0.366700	1.733200
1627301164.698384	0.581400	-0.190600	-0.956200	-0.655300	0.394500	1.735000
1627301164.702331	0.576500	-0.202300	-0.953700	-0.624800	0.424800	1.731300
1627301164.723867	0.578900	-0.212200	-0.953200	-0.579300	0.463600	1.723700
1627301164.725971	0.578900	-0.220800	-0.966200	-0.528900	0.510300	1.707500
1627301164.737200	0.586400	-0.229900	-1.002400	-0.494000	0.563400	1.682200
1627301164.741009	0.618200	-0.249900	-1.068500	-0.530400	0.598900	1.656200
1627301164.765079	0.637700	-0.284500	-1.137800	-0.688900	0.624800	1.625700
1627301164.766062	0.624600	-0.312400	-1.178000	-0.996800	0.667900	1.590500
1627301164.773069	0.587500	-0.327400	-1.195100	-1.368500	0.756800	1.552000
1627301164.795332	0.544600	-0.331300	-1.184100	-1.675100	0.907300	1.509000
1627301164.796232	0.524400	-0.315400	-1.150900	-1.788200	1.146200	1.450000
1627301164.804813	0.517700	-0.283200	-1.096800	-1.648300	1.432100	1.382200
1627301164.815576	0.533600	-0.299800	-1.070300	-1.264900	1.707600	1.336400
1627301164.838478	0.562500	-0.315300	-1.044100	-0.852000	1.963800	1.309200
1627301164.846537	0.593400	-0.341400	-1.011000	-0.436900	2.185900	1.301000
1627301164.847447	0.619800	-0.363500	-0.971400	-0.094200	2.370400	1.304600
1627301164.857123	0.638700	-0.385600	-0.925900	0.236300	2.522500	1.312000
1627301164.859167	0.637500	-0.400600	-0.862300	0.631200	2.667900	1.301300
1627301164.881163	0.630900	-0.420000	-0.803600	0.975100	2.782100	1.274700
1627301164.884702	0.626600	-0.439500	-0.739400	1.211200	2.873400	1.228900
1627301164.889132	0.627300	-0.454600	-0.674900	1.346800	2.948900	1.167500
1627301164.914223	0.638400	-0.466700	-0.610600	1.465600	2.998300	1.097600
1627301164.915122	0.650300	-0.474500	-0.540000	1.610400	3.024600	1.018100
1627301164.925996	0.665900	-0.473500	-0.464100	1.870000	3.030400	0.931400
1627301164.934166	0.682400	-0.492600	-0.380700	2.294000	3.015100	0.805600
1627301164.958799	0.669700	-0.493700	-0.323000	2.596900	2.984600	0.686800
1627301164.959611	0.663800	-0.509600	-0.272300	2.783600	2.938200	0.564000
1627301164.967107	0.665600	-0.522000	-0.230200	2.770700	2.875200	0.444900
1627301164.978891	0.674600	-0.520000	-0.189200	2.593300	2.795500	0.340100
1627301164.998794	0.701300	-0.502100	-0.148400	2.334600	2.699900	0.253000
1627301164.999607	0.710000	-0.486700	-0.111800	2.088700	2.577100	0.176100
1627301165.009437	0.717800	-0.461800	-0.087300	1.830000	2.423500	0.117700
1627301165.021152	0.753800	-0.453400	-0.041500	1.696200	2.283300	0.089600
1627301165.046448	0.757400	-0.458300	-0.026100	1.468100	2.137600	0.080500
1627301165.048686	0.762800	-0.443800	-0.001600	1.195600	1.983100	0.091500
1627301165.050911	0.759300	-0.459700	0.022200	0.891400	1.823900	0.122600
1627301165.065047	0.773700	-0.457300	0.045400	0.551200	1.660200	0.166600
1627301165.065938	0.777700	-0.435100	0.080300	0.272300	1.475100	0.208400
1627301165.088737	0.776600	-0.430200	0.102100	0.100600	1.260700	0.241400
1627301165.089715	0.782300	-0.430700	0.120400	0.055400	1.078700	0.257900
1627301165.094579	0.794800	-0.448600	0.128800	0.090900	0.896300	0.275300
1627301165.108434	0.804800	-0.469700	0.139500	0.144300	0.718900	0.293700
1627301165.127713	0.804400	-0.490200	0.146700	0.194100	0.554600	0.310200
1627301165.128544	0.812100	-0.501300	0.149000	0.243000	0.404900	0.319000
1627301165.138506	0.815200	-0.512500	0.147700	0.295500	0.253100	0.307100
1627301165.146091	0.815100	-0.516600	0.150300	0.302200	0.116300	0.274700
1627301165.146988	0.812100	-0.530500	0.147700	0.289700	0.013600	0.228300
1627301165.169984	0.821300	-0.538200	0.143600	0.251200	-0.070600	0.171200
1627301165.173448	0.823600	-0.541300	0.139400	0.225000	-0.143300	0.098200
1627301165.188379	0.821700	-0.551500	0.132600	0.209100	-0.199500	0.018500
1627301165.191109	0.816300	-0.557000	0.129500	0.171800	-0.239200	-0.066400
1627301165.213760	0.811800	-0.561800	0.119400	0.117400	-0.269800	-0.167800
1627301165.222860	0.808500	-0.559400	0.115700	0.029200	-0.288100	-0.258900
1627301165.238514	0.804200	-0.553000	0.110800	-0.045700	-0.299700	-0.341900
1627301165.240073	0.805300	-0.551000	0.102700	-0.110100	-0.309200	-0.413400
1627301165.252948	0.814300	-0.540300	0.096600	-0.169100	-0.323900	-0.473000
1627301165.259735	0.818800	-0.532100	0.095800	-0.189800	-0.347100	-0.519400
1627301165.260664	0.818200	-0.531600	0.092200	-0.167500	-0.377300	-0.546000
1627301165.283201	0.824300	-0.517100	0.081300	-0.103400	-0.428300	-0.568000
1627301165.295315	0.816000	-0.512700	0.072100	-0.040800	-0.487900	-0.576200
1627301165.296204	0.814700	-0.511600	0.055800	0.006000	-0.558700	-0.575000
1627301165.305459	0.822600	-0.505600	0.046900	0.040800	-0.637800	-0.560600
1627301165.329788	0.834800	-0.494800	0.038500	0.080200	-0.721500	-0.539600
1627301165.333028	0.842800	-0.484000	0.027200	0.132400	-0.805200	-0.512700
1627301165.333928	0.842200	-0.475100	0.020500	0.172700	-0.885200	-0.482100
1627301165.345484	0.839600	-0.461100	0.016400	0.171800	-0.959800	-0.454000
1627301165.374744	0.826300	-0.451500	0.018100	0.160500	-1.003400	-0.437200
1627301165.376821	0.805800	-0.441500	0.022000	0.152300	-1.029100	-0.425900
1627301165.377716	0.797000	-0.430900	0.025400	0.179700	-1.041600	-0.416200
1627301165.386128	0.785300	-0.424800	0.025100	0.214300	-1.051700	-0.407600
1627301165.390336	0.778900	-0.422600	0.023400	0.211200	-1.066700	-0.396300
1627301165.411911	0.797000	-0.415500	0.014900	0.142500	-1.105200	-0.378300
1627301165.422933	0.814100	-0.403600	0.011700	0.033800	-1.166500	-0.357200
1627301165.423832	0.821000	-0.391000	0.009800	-0.042000	-1.243200	-0.336100
1627301165.431737	0.818100	-0.375400	0.006200	-0.062800	-1.330300	-0.313500
1627301165.454575	0.817400	-0.369900	-0.001800	-0.031900	-1.423700	-0.286700
1627301165.467932	0.820400	-0.358000	-0.015300	-0.011500	-1.523000	-0.258600
1627301165.468828	0.814800	-0.346400	-0.025100	-0.020000	-1.622200	-0.234100
1627301165.475526	0.791500	-0.336100	-0.034100	-0.107700	-1.722400	-0.213700
1627301165.496603	0.764800	-0.330000	-0.040900	-0.232000	-1.803700	-0.197800
1627301165.497494	0.745200	-0.324100	-0.048600	-0.360900	-1.857100	-0.187700
1627301165.507124	0.702600	-0.306500	-0.060100	-0.488800	-1.902000	-0.190800
1627301165.518080	0.638300	-0.299600	-0.080700	-0.593300	-1.952400	-0.199300
1627301165.538988	0.625500	-0.290200	-0.106300	-0.670900	-2.014400	-0.204500
1627301165.539909	0.634600	-0.282300	-0.147700	-0.677300	-2.108500	-0.199900
1627301165.543402	0.648700	-0.283100	-0.221400	-0.615000	-2.272500	-0.173300
1627301165.550028	0.700900	-0.317400	-0.291900	-0.493700	-2.466500	-0.116200
1627301165.572658	0.768900	-0.356800	-0.361300	-0.401500	-2.682100	-0.026700
1627301165.574771	0.757800	-0.379300	-0.414800	-0.276000	-2.911200	0.071300
1627301165.588541	0.709100	-0.408700	-0.470900	-0.118400	-3.113100	0.164800
1627301165.592372	0.661500	-0.417400	-0.519700	-0.003500	-3.275600	0.234400
1627301165.614649	0.574500	-0.431900	-0.569900	0.097300	-3.393500	0.268900
1627301165.616394	0.501500	-0.460700	-0.632900	0.112200	-3.460300	0.270100
1627301165.631744	0.498900	-0.458400	-0.689100	0.078300	-3.456700	0.241700
1627301165.634858	0.487300	-0.493800	-0.779200	0.105500	-3.423100	0.192600
1627301165.635811	0.509400	-0.513500	-0.854000	0.078000	-3.360800	0.138500
1627301165.658781	0.550200	-0.508400	-0.909300	0.134200	-3.256000	0.061200
1627301165.665431	0.525100	-0.511200	-0.962200	0.277500	-3.116100	-0.035000
1627301165.685886	0.532700	-0.520900	-0.989600	0.423800	-2.878800	-0.179800
1627301165.688420	0.497100	-0.524700	-1.051800	0.420400	-2.588300	-0.351700
1627301165.702828	0.491000	-0.572600	-1.100500	0.301900	-2.319900	-0.483700
1627301165.703732	0.478300	-0.556500	-1.126100	0.036200	-2.055400	-0.600600
1627301165.706705	0.488200	-0.534100	-1.134000	-0.066100	-1.805800	-0.699900
1627301165.730973	0.508500	-0.527700	-1.154100	-0.043500	-1.585300	-0.768600
1627301165.742845	0.541400	-0.517700	-1.165000	0.081700	-1.404500	-0.805900
1627301165.743761	0.558200	-0.511700	-1.158100	0.289100	-1.231300	-0.820300
1627301165.753123	0.543500	-0.494300	-1.138200	0.498900	-1.067300	-0.829400
1627301165.774279	0.509800	-0.487700	-1.119600	0.688000	-0.923400	-0.844700
1627301165.775325	0.498500	-0.477300	-1.098300	0.833700	-0.779600	-0.863900
1627301165.799869	0.487400	-0.478500	-1.082000	0.960700	-0.650400	-0.885900
1627301165.818809	0.488600	-0.478500	-1.068200	1.039200	-0.541000	-0.904900
1627301165.819618	0.491200	-0.474600	-1.052400	1.095700	-0.462800	-0.919500
1627301165.821377	0.482500	-0.474500	-1.044200	1.126900	-0.411200	-0.934500
1627301165.834093	0.488400	-0.473600	-1.037800	1.120200	-0.388300	-0.942700
1627301165.834983	0.494400	-0.480600	-1.035300	1.082300	-0.390100	-0.943300
1627301165.836741	0.502800	-0.475700	-1.025900	1.006300	-0.399000	-0.944000
1627301165.865755	0.493900	-0.469000	-1.012300	0.930500	-0.402700	-0.954000
1627301165.883541	0.485200	-0.456100	-1.000600	0.849000	-0.391000	-0.976900
1627301165.893366	0.485000	-0.453400	-0.996100	0.799500	-0.366300	-1.009300
1627301165.908549	0.490200	-0.448400	-0.994500	0.744500	-0.323900	-1.056000
1627301165.911953	0.492100	-0.445200	-0.987300	0.701400	-0.277100	-1.103400
1627301165.912862	0.488200	-0.437500	-0.984000	0.659000	-0.223100	-1.150400
1627301165.913684	0.489600	-0.435800	-0.985400	0.644600	-0.164100	-1.199000
1627301165.926049	0.504500	-0.434800	-0.985200	0.659900	-0.103600	-1.240800
1627301165.929891	0.518400	-0.423300	-0.981100	0.705400	-0.042600	-1.282400
1627301165.952795	0.514400	-0.414600	-0.971200	0.790300	0.024600	-1.324800
1627301165.953696	0.511600	-0.405600	-0.959200	0.919800	0.112600	-1.374300
1627301165.964871	0.522200	-0.399500	-0.948700	1.057600	0.181300	-1.412800
1627301165.975415	0.528000	-0.399900	-0.940400	1.248200	0.244300	-1.442400
1627301165.997636	0.539200	-0.392800	-0.935500	1.481200	0.295900	-1.466500
1627301166.000993	0.559200	-0.387000	-0.948900	1.711200	0.331900	-1.485800
1627301166.002007	0.575900	-0.391100	-0.965300	1.835800	0.351800	-1.507500
1627301166.017514	0.575800	-0.392200	-0.973000	1.772000	0.370400	-1.531900
1627301166.018599	0.556000	-0.390300	-0.973300	1.474500	0.405500	-1.566700
1627301166.042267	0.552400	-0.378700	-0.958500	1.108600	0.451300	-1.605200
1627301166.046078	0.556600	-0.360800	-0.940200	0.792800	0.506900	-1.643400
1627301166.046996	0.577800	-0.345800	-0.918300	0.600000	0.567700	-1.671500
1627301166.071369	0.594200	-0.323900	-0.896000	0.520000	0.623900	-1.690100
1627301166.073453	0.605500	-0.300900	-0.865100	0.548100	0.676400	-1.696200
1627301166.082209	0.605500	-0.300900	-0.865100	0.548100	0.676400	-1.696200
1627301166.092331	0.629000	-0.291000	-0.845600	0.629300	0.736000	-1.687400
1627301166.114599	0.641400	-0.272800	-0.822000	0.691300	0.797400	-1.671200
1627301166.116076	0.647800	-0.259000	-0.796800	0.710900	0.856000	-1.656500
1627301166.131233	0.644800	-0.242300	-0.767200	0.689500	0.919900	-1.643100
1627301166.134802	0.648900	-0.228400	-0.739900	0.653500	0.982800	-1.628100
1627301166.135701	0.663000	-0.211900	-0.717300	0.614400	1.035600	-1.613200
1627301166.162591	0.684000	-0.200600	-0.694500	0.593000	1.074700	-1.594200
1627301166.163472	0.712900	-0.183100	-0.661000	0.584800	1.101900	-1.564300
1627301166.169146	0.732200	-0.170800	-0.627900	0.636100	1.116600	-1.531000
1627301166.191535	0.756800	-0.151400	-0.598500	0.744200	1.124200	-1.495000
1627301166.192428	0.752600	-0.138700	-0.570600	0.888400	1.128500	-1.464100
1627301166.211096	0.759600	-0.122100	-0.542700	1.018800	1.135800	-1.439700
1627301166.220138	0.772100	-0.111200	-0.516600	1.095400	1.145600	-1.424700
1627301166.232928	0.778300	-0.098000	-0.495000	1.098200	1.155400	-1.417400
1627301166.233825	0.760300	-0.098000	-0.466300	1.000100	1.165700	-1.408500
1627301166.238154	0.761800	-0.069000	-0.452400	0.865400	1.166000	-1.401200
1627301166.260764	0.763200	-0.059900	-0.428500	0.749100	1.156300	-1.399000
1627301166.268869	0.775100	-0.038600	-0.412100	0.631800	1.135500	-1.397500
1627301166.269764	0.785800	-0.019700	-0.400600	0.546300	1.099800	-1.396300
1627301166.290195	0.804300	-0.007300	-0.390900	0.432600	1.055200	-1.395100
1627301166.292250	0.827600	0.007200	-0.377300	0.287900	1.001400	-1.393200
1627301166.307083	0.836800	0.016100	-0.365100	0.072200	0.927500	-1.387100
1627301166.312405	0.840300	0.028300	-0.356100	-0.142800	0.868600	-1.374300
1627301166.333523	0.843900	0.045300	-0.348100	-0.361200	0.806200	-1.361800
1627301166.335068	0.848400	0.054400	-0.344100	-0.582300	0.739700	-1.347700
1627301166.349986	0.870200	0.064900	-0.330400	-0.798200	0.673700	-1.330000
1627301166.356200	0.879600	0.075800	-0.314600	-0.982100	0.609200	-1.309900
1627301166.376237	0.869400	0.095900	-0.296400	-1.127500	0.549400	-1.291500
1627301166.377116	0.859100	0.116300	-0.279300	-1.248500	0.493200	-1.277200
1627301166.384626	0.852300	0.133700	-0.263900	-1.317200	0.454400	-1.271700
1627301166.394778	0.849400	0.149500	-0.247600	-1.373700	0.422300	-1.266500
1627301166.395607	0.846100	0.166900	-0.241900	-1.402400	0.394800	-1.259800
1627301166.418909	0.851000	0.184300	-0.236100	-1.405100	0.361500	-1.251500
1627301166.422459	0.852200	0.200800	-0.229200	-1.397800	0.324300	-1.244500
1627301166.432236	0.855200	0.207600	-0.221700	-1.398100	0.271700	-1.224300
1627301166.437650	0.858300	0.211500	-0.224200	-1.431100	0.208200	-1.194400
1627301166.460037	0.858400	0.213700	-0.223300	-1.502900	0.138900	-1.155300
1627301166.462257	0.858600	0.229600	-0.227100	-1.578000	0.055500	-1.108300
1627301166.466664	0.862800	0.237200	-0.233800	-1.632400	-0.045300	-1.058200
1627301166.487984	0.869000	0.252700	-0.233300	-1.647300	-0.160800	-1.001400
1627301166.503612	0.885300	0.257900	-0.240600	-1.598200	-0.289000	-0.935700
1627301166.508555	0.907800	0.265900	-0.248500	-1.505300	-0.457300	-0.844400
1627301166.509666	0.911100	0.269800	-0.257900	-1.406100	-0.612200	-0.753100
1627301166.533887	0.905000	0.270600	-0.267900	-1.341300	-0.755100	-0.656500
1627301166.534845	0.899000	0.269000	-0.280900	-1.312000	-0.891300	-0.552400
1627301166.540338	0.902700	0.272000	-0.292700	-1.333400	-1.020200	-0.442100
1627301166.562514	0.893900	0.277700	-0.304200	-1.376700	-1.134500	-0.330900
1627301166.563343	0.880900	0.281100	-0.311300	-1.417700	-1.235000	-0.218200
1627301166.571066	0.859500	0.288700	-0.318100	-1.402700	-1.339700	-0.079900
1627301166.583666	0.844000	0.296100	-0.335200	-1.332800	-1.410000	0.028200
1627301166.584580	0.841400	0.305800	-0.349700	-1.224300	-1.467400	0.132400
1627301166.608895	0.838000	0.308100	-0.365400	-1.123200	-1.515300	0.230100
1627301166.611147	0.832600	0.307100	-0.377900	-1.060000	-1.552300	0.326300
1627301166.622888	0.821300	0.303200	-0.385600	-1.034300	-1.577300	0.420700
1627301166.632218	0.804200	0.305900	-0.393900	-1.030100	-1.590800	0.514500
1627301166.647614	0.784800	0.318700	-0.399900	-0.983900	-1.603300	0.624100
1627301166.652423	0.772200	0.323200	-0.418500	-0.861500	-1.610600	0.705400
1627301166.675193	0.759800	0.327100	-0.445700	-0.688600	-1.622900	0.784200
1627301166.676052	0.761400	0.335000	-0.462400	-0.513600	-1.638400	0.859600
1627301166.683555	0.763800	0.333500	-0.479600	-0.378600	-1.657100	0.931400
1627301166.694827	0.747900	0.329100	-0.494900	-0.314400	-1.674800	1.001000
1627301166.695721	0.731600	0.329600	-0.507800	-0.307400	-1.690400	1.077400
1627301166.720324	0.720100	0.333000	-0.515700	-0.352600	-1.702300	1.163800
1627301166.722503	0.714100	0.332800	-0.524700	-0.406400	-1.712000	1.234100
1627301166.733550	0.712600	0.328200	-0.536500	-0.451900	-1.722700	1.302800
1627301166.738711	0.706300	0.319800	-0.539700	-0.487300	-1.734300	1.372400
1627301166.761344	0.684700	0.311500	-0.544300	-0.502600	-1.740100	1.434100
1627301166.763506	0.664300	0.304100	-0.547400	-0.493400	-1.738000	1.490000
1627301166.765448	0.629900	0.300800	-0.555700	-0.461400	-1.723700	1.534600
1627301166.790895	0.606300	0.307700	-0.575000	-0.432300	-1.705000	1.558500
1627301166.802997	0.593900	0.297500	-0.603500	-0.418000	-1.696200	1.565200
1627301166.803896	0.572900	0.276200	-0.639500	-0.450700	-1.696200	1.569100
1627301166.811752	0.556800	0.248700	-0.685500	-0.495300	-1.712000	1.580100
1627301166.834558	0.546500	0.222900	-0.728600	-0.553000	-1.743800	1.599400
1627301166.835459	0.526900	0.211900	-0.768800	-0.608900	-1.789300	1.618000
1627301166.843457	0.492900	0.209400	-0.834000	-0.655900	-1.859000	1.631800
1627301166.851757	0.486000	0.214800	-0.888100	-0.722200	-1.930100	1.629600
1627301166.871974	0.494800	0.220600	-0.933700	-0.791800	-1.999200	1.615900
1627301166.873576	0.495700	0.216800	-0.981900	-0.854800	-2.058400	1.595700
1627301166.883476	0.506700	0.205200	-1.033000	-0.918600	-2.098100	1.579200
1627301166.905417	0.509300	0.190200	-1.083100	-1.022700	-2.112500	1.568500
1627301166.906266	0.505900	0.171400	-1.134000	-1.171200	-2.094400	1.563000
1627301166.909658	0.498300	0.150600	-1.173200	-1.448800	-2.018700	1.561200
1627301166.923041	0.486700	0.157600	-1.186000	-1.652200	-1.906900	1.557200
1627301166.945722	0.458100	0.168500	-1.203700	-1.684300	-1.759100	1.551100
1627301166.946625	0.434100	0.183500	-1.223900	-1.502600	-1.577000	1.551400
1627301166.949740	0.428600	0.193700	-1.244400	-1.152500	-1.365700	1.567300
1627301166.960918	0.436600	0.176400	-1.269300	-0.779000	-1.136600	1.602400
1627301166.970177	0.437700	0.152600	-1.292800	-0.546600	-0.885800	1.662000
1627301166.988883	0.428600	0.144400	-1.308600	-0.457400	-0.613400	1.733800
1627301166.989897	0.411000	0.134800	-1.308100	-0.469600	-0.399300	1.784800
1627301166.999777	0.395000	0.127200	-1.294800	-0.495900	-0.201400	1.831200
1627301167.009730	0.378100	0.115000	-1.268200	-0.479700	-0.023900	1.872400
1627301167.029931	0.363600	0.100600	-1.235800	-0.422600	0.131900	1.911800
1627301167.031371	0.356900	0.086500	-1.206200	-0.305000	0.263500	1.950300
1627301167.047087	0.357800	0.067000	-1.180800	-0.162900	0.372500	1.986700
1627301167.051341	0.353000	0.052100	-1.149900	-0.061500	0.461700	2.012600
1627301167.075170	0.353400	0.033400	-1.124500	-0.051800	0.514600	2.027900
1627301167.076030	0.351600	0.015300	-1.103500	-0.119600	0.551500	2.042600
1627301167.083487	0.358400	0.000900	-1.078200	-0.215500	0.573800	2.055400
1627301167.094881	0.366200	-0.013500	-1.060200	-0.298900	0.586600	2.066700
1627301167.095780	0.375000	-0.028600	-1.047000	-0.354500	0.588200	2.072200
1627301167.119033	0.379500	-0.047400	-1.036300	-0.388700	0.584500	2.074600
1627301167.122502	0.377100	-0.070600	-1.029900	-0.414300	0.581100	2.073100
1627301167.132165	0.368800	-0.087300	-1.025000	-0.417700	0.581400	2.071000
1627301167.142415	0.369500	-0.106900	-1.028000	-0.382200	0.585400	2.069400
1627301167.162156	0.382000	-0.121200	-1.033800	-0.323000	0.593100	2.064900
1627301167.163378	0.389500	-0.138800	-1.039900	-0.225300	0.605600	2.054800
1627301167.178762	0.399800	-0.164900	-1.048200	-0.141900	0.632800	2.040100
1627301167.183679	0.416700	-0.190400	-1.063600	-0.068900	0.681900	2.012600
1627301167.202512	0.423800	-0.222000	-1.069100	-0.034700	0.744500	1.975700
1627301167.203640	0.430900	-0.245000	-1.064900	-0.041700	0.826700	1.928600
1627301167.221176	0.431400	-0.268900	-1.056000	-0.063700	0.930600	1.869400
1627301167.231986	0.441800	-0.287100	-1.048800	-0.085700	1.047200	1.798800
1627301167.232889	0.453700	-0.307100	-1.047400	-0.064000	1.167900	1.722500
1627301167.239839	0.475600	-0.329100	-1.049200	0.026700	1.284600	1.639700
1627301167.250523	0.496000	-0.357800	-1.042600	0.198100	1.424100	1.531900
1627301167.275214	0.504400	-0.379300	-1.037700	0.312900	1.532300	1.440600
1627301167.276074	0.515000	-0.400300	-1.018400	0.358700	1.641600	1.347100
1627301167.281054	0.526600	-0.412800	-0.998800	0.345300	1.751300	1.252700
1627301167.290951	0.536900	-0.420400	-0.974100	0.292100	1.851700	1.155900
1627301167.293642	0.554800	-0.429000	-0.958500	0.229500	1.940600	1.061800
1627301167.319124	0.581400	-0.443800	-0.936200	0.153200	2.016400	0.971100
1627301167.321197	0.590300	-0.448100	-0.888800	0.051500	2.098200	0.876700
1627301167.332235	0.587300	-0.454000	-0.852500	-0.004100	2.177600	0.801900
1627301167.344929	0.580300	-0.457200	-0.817400	-0.044400	2.262600	0.729500
1627301167.361329	0.575400	-0.458700	-0.776100	-0.062800	2.347500	0.659900
1627301167.362157	0.583400	-0.457600	-0.735400	-0.040500	2.424700	0.597600
1627301167.368001	0.590500	-0.456200	-0.689800	0.033100	2.485500	0.538600
1627301167.389862	0.607900	-0.448900	-0.648700	0.170300	2.530700	0.473300
1627301167.393349	0.634800	-0.453100	-0.604500	0.371900	2.552100	0.410300
1627301167.408151	0.647200	-0.458500	-0.566000	0.523100	2.550000	0.359900
1627301167.411381	0.660500	-0.465000	-0.529300	0.671800	2.532200	0.313500
1627301167.431458	0.674000	-0.465600	-0.487500	0.795200	2.506600	0.266800
1627301167.432423	0.680200	-0.455700	-0.439100	0.915200	2.475100	0.213000
1627301167.440849	0.682300	-0.456800	-0.401500	1.034400	2.441500	0.157400
1627301167.452624	0.709400	-0.442500	-0.371200	1.118600	2.387800	0.090500
1627301167.476266	0.726900	-0.445600	-0.340300	1.172400	2.311100	0.022400
1627301167.477084	0.745800	-0.436000	-0.306800	1.157700	2.230500	-0.030400
1627301167.479634	0.762900	-0.435500	-0.265400	1.155300	2.143700	-0.080800
1627301167.495171	0.771600	-0.419700	-0.234500	1.096400	2.060400	-0.128800
1627301167.497517	0.779500	-0.411000	-0.202000	1.069800	1.968400	-0.175200
1627301167.521212	0.788200	-0.407300	-0.173100	1.003500	1.881100	-0.218900
1627301167.522224	0.793900	-0.383800	-0.137300	0.929000	1.770200	-0.271700
1627301167.542303	0.800800	-0.372400	-0.112300	0.867600	1.670900	-0.320000
1627301167.551651	0.809300	-0.355300	-0.093100	0.815700	1.571400	-0.367000
1627301167.552561	0.821500	-0.346100	-0.074700	0.790900	1.465400	-0.408800
1627301167.558021	0.832800	-0.333500	-0.056900	0.798300	1.351400	-0.445500
1627301167.582440	0.845200	-0.324700	-0.049700	0.835200	1.228000	-0.476300
1627301167.583256	0.870500	-0.317000	-0.047000	0.885000	1.098900	-0.496800
1627301167.590866	0.893400	-0.315800	-0.039100	0.934200	0.929900	-0.513000
1627301167.601133	0.897900	-0.310700	-0.036900	0.925000	0.798000	-0.515700
1627301167.621508	0.893400	-0.314800	-0.030300	0.880100	0.674000	-0.508100
1627301167.623681	0.887500	-0.310400	-0.022000	0.816000	0.561000	-0.496500
1627301167.632215	0.880700	-0.304700	-0.013900	0.757900	0.461700	-0.478500
1627301167.642273	0.869400	-0.295300	-0.000600	0.735600	0.375900	-0.461700
1627301167.665067	0.862700	-0.290600	0.006300	0.746900	0.303200	-0.445500
1627301167.665880	0.855600	-0.284300	0.012800	0.761300	0.232600	-0.430200
1627301167.672390	0.861900	-0.280600	0.014800	0.742100	0.179200	-0.415600
1627301167.683779	0.861000	-0.276500	0.015900	0.692600	0.125100	-0.397200
1627301167.684675	0.860000	-0.274200	0.015400	0.643400	0.072900	-0.370700
1627301167.708864	0.868700	-0.270300	0.013800	0.607000	0.017900	-0.335500
1627301167.710033	0.876100	-0.260600	0.010900	0.581100	-0.043200	-0.297000
1627301167.719843	0.875200	-0.258700	0.003800	0.574400	-0.118000	-0.254600
1627301167.724914	0.875400	-0.257200	0.001100	0.556000	-0.199500	-0.208800
1627301167.748971	0.881300	-0.256700	-0.003800	0.546900	-0.275300	-0.165400
1627301167.749792	0.878300	-0.259800	-0.010100	0.563400	-0.353200	-0.119600
1627301167.767634	0.870600	-0.257800	-0.016200	0.598800	-0.433500	-0.072200
1627301167.787179	0.872300	-0.258800	-0.029800	0.681600	-0.518400	-0.021500
1627301167.788367	0.885500	-0.269500	-0.041600	0.790000	-0.607300	0.034000
1627301167.799260	0.905000	-0.278000	-0.058100	0.949100	-0.715400	0.101500
1627301167.800150	0.913500	-0.289400	-0.067600	1.105800	-0.822900	0.162300
1627301167.809212	0.917000	-0.299700	-0.073500	1.206600	-0.909100	0.210300
1627301167.838534	0.908400	-0.313600	-0.079500	1.241100	-0.983300	0.246300
1627301167.845362	0.898200	-0.326700	-0.079800	1.197500	-1.040100	0.272000
1627301167.846258	0.883500	-0.325700	-0.086300	1.102800	-1.088000	0.281400
1627301167.849287	0.878400	-0.327000	-0.087000	1.002000	-1.128100	0.275900
1627301167.890529	0.878800	-0.327000	-0.092900	0.916500	-1.174800	0.255500
1627301167.904663	0.875600	-0.330000	-0.102100	0.906700	-1.220300	0.235000
1627301167.905948	0.874500	-0.331800	-0.111900	0.929600	-1.269500	0.219400
1627301167.907921	0.867700	-0.326800	-0.133200	0.975700	-1.329000	0.210600
1627301167.908931	0.874400	-0.338600	-0.162100	1.018500	-1.399900	0.214200
1627301167.909661	0.893600	-0.346800	-0.189000	1.042000	-1.485100	0.235900
1627301167.919771	0.907800	-0.354100	-0.218800	1.035900	-1.581000	0.271700
1627301167.923589	0.916500	-0.359500	-0.249100	0.992800	-1.705900	0.320800
1627301167.948922	0.913000	-0.376500	-0.270100	0.936600	-1.799100	0.362100
1627301167.951071	0.898300	-0.376000	-0.284800	0.859300	-1.876700	0.400300
1627301167.958564	0.870700	-0.381000	-0.295900	0.812900	-1.930100	0.425000
1627301167.963875	0.835100	-0.380400	-0.318000	0.778700	-1.957000	0.440000
1627301167.987538	0.802100	-0.378400	-0.335000	0.775600	-1.958800	0.444500
1627301167.988422	0.773600	-0.392300	-0.364700	0.800100	-1.933500	0.447900
1627301167.999782	0.743800	-0.403800	-0.390100	0.827300	-1.884600	0.458000
1627301168.007510	0.710600	-0.424200	-0.414900	0.879800	-1.831500	0.479700
1627301168.031476	0.694100	-0.457200	-0.437500	0.909700	-1.771300	0.519400
1627301168.032307	0.714500	-0.475600	-0.463500	0.928700	-1.710200	0.571300
1627301168.040846	0.718600	-0.542500	-0.511100	0.984600	-1.661000	0.632100
1627301168.049015	0.728100	-0.521600	-0.522600	0.775300	-1.623800	0.701100
1627301168.072759	0.703500	-0.487100	-0.532300	0.982400	-1.600900	0.731300
1627301168.073665	0.695100	-0.517200	-0.542600	1.130300	-1.555400	0.732600
1627301168.079703	0.639800	-0.489600	-0.531700	1.464700	-1.515700	0.708400
1627301168.093626	0.619300	-0.538600	-0.535200	1.736800	-1.458800	0.687400
1627301168.094532	0.633500	-0.565800	-0.549600	1.726500	-1.403900	0.661700
1627301168.115269	0.649200	-0.586400	-0.552200	1.592100	-1.369000	0.634200
1627301168.118655	0.661100	-0.596700	-0.558700	1.389600	-1.349500	0.609200
1627301168.128468	0.710600	-0.616100	-0.584100	1.216700	-1.344000	0.578600
1627301168.133628	0.724100	-0.618800	-0.587400	1.031000	-1.355000	0.540100
1627301168.156521	0.702500	-0.618800	-0.589200	0.904200	-1.363200	0.490700
1627301168.158534	0.681900	-0.633900	-0.594800	0.743000	-1.359600	0.425900
1627301168.162932	0.664400	-0.635500	-0.597000	0.542000	-1.338200	0.345000
1627301168.185830	0.646900	-0.627400	-0.604700	0.373400	-1.303700	0.250600
1627301168.198042	0.653900	-0.624100	-0.617400	0.217600	-1.256300	0.146400
1627301168.198935	0.674200	-0.613300	-0.628900	0.088100	-1.191300	0.018800
1627301168.208107	0.667400	-0.623400	-0.639600	0.036800	-1.135700	-0.071900
1627301168.231122	0.667600	-0.620200	-0.647100	0.058200	-1.092300	-0.126300
1627301168.236692	0.672000	-0.599400	-0.647600	0.218500	-1.066400	-0.160500
1627301168.237587	0.660400	-0.589000	-0.654900	0.513600	-1.053500	-0.194700
1627301168.248691	0.645900	-0.582800	-0.659900	0.797900	-1.047400	-0.233800
1627301168.251805	0.641600	-0.585800	-0.664700	1.005300	-1.043800	-0.279300
1627301168.276547	0.635600	-0.600000	-0.678100	1.053300	-1.031200	-0.347700
1627301168.277407	0.634200	-0.607200	-0.684200	0.941800	-1.016300	-0.406400
1627301168.288604	0.634500	-0.607300	-0.692500	0.816000	-0.996700	-0.460100
1627301168.298103	0.636600	-0.609400	-0.705200	0.715500	-0.974400	-0.506600
1627301168.321792	0.633500	-0.609400	-0.713100	0.667800	-0.953400	-0.546900
1627301168.322705	0.633900	-0.603300	-0.722700	0.675200	-0.930100	-0.579900
1627301168.327249	0.624000	-0.607200	-0.737300	0.734700	-0.902000	-0.613500
1627301168.338799	0.641400	-0.616100	-0.759200	0.801900	-0.865700	-0.639700
1627301168.361419	0.643800	-0.602800	-0.767800	0.899700	-0.833900	-0.663000
1627301168.362300	0.632600	-0.600000	-0.779800	1.024300	-0.798500	-0.693200
1627301168.369834	0.626200	-0.589700	-0.803200	1.150400	-0.763100	-0.731100
1627301168.383097	0.633800	-0.616000	-0.795500	1.256100	-0.716900	-0.771700
1627301168.406482	0.629000	-0.621900	-0.806400	1.170900	-0.658000	-0.811400
1627301168.407339	0.627600	-0.631300	-0.814800	1.058200	-0.576400	-0.853200
1627301168.408691	0.626100	-0.627100	-0.823000	0.895400	-0.481800	-0.900900
1627301168.424390	0.645100	-0.613400	-0.831100	0.854800	-0.390100	-0.951900
1627301168.427575	0.664900	-0.612800	-0.827500	0.857200	-0.292400	-1.011800
1627301168.450156	0.678100	-0.605700	-0.818700	0.879500	-0.184900	-1.073500
1627301168.451148	0.686200	-0.601900	-0.802700	0.900000	-0.066400	-1.140600
1627301168.456695	0.694300	-0.599000	-0.787200	0.918900	0.061600	-1.206600
1627301168.478240	0.699500	-0.575400	-0.763300	0.918300	0.214600	-1.284800
1627301168.480987	0.718400	-0.558700	-0.741500	0.921000	0.348700	-1.353200
1627301168.496145	0.743400	-0.550700	-0.725100	0.911000	0.464800	-1.411300
1627301168.501155	0.757100	-0.536100	-0.704500	0.901800	0.572900	-1.462900
1627301168.523991	0.756600	-0.517500	-0.680900	0.908500	0.675200	-1.508700
1627301168.524808	0.756700	-0.496900	-0.660400	0.918900	0.776900	-1.553000
1627301168.527384	0.771500	-0.484600	-0.648300	0.964700	0.870700	-1.593600
1627301168.544807	0.802400	-0.470300	-0.631300	1.044700	0.967200	-1.625400
1627301168.556507	0.813100	-0.453500	-0.606700	1.171800	1.043000	-1.641900
1627301168.557398	0.810100	-0.430200	-0.591800	1.279600	1.110200	-1.663600
1627301168.561843	0.796400	-0.413000	-0.566200	1.348900	1.180700	-1.687700
1627301168.585032	0.769900	-0.402000	-0.544700	1.333700	1.252500	-1.710000
1627301168.587249	0.766100	-0.374400	-0.513300	1.245100	1.320600	-1.727100
1627301168.602178	0.787000	-0.346200	-0.480500	1.181300	1.378000	-1.745700
1627301168.606147	0.820900	-0.334800	-0.450800	1.188000	1.424100	-1.760100
1627301168.628515	0.839600	-0.319200	-0.421000	1.247200	1.437900	-1.763100
1627301168.630089	0.854600	-0.304700	-0.395500	1.314100	1.435700	-1.771100
1627301168.644980	0.852800	-0.295300	-0.371000	1.329100	1.419600	-1.785100
1627301168.650156	0.854900	-0.296900	-0.347500	1.263100	1.399400	-1.797600
1627301168.670166	0.861300	-0.288700	-0.320700	1.104300	1.375900	-1.803700
1627301168.670996	0.852900	-0.269300	-0.287100	0.867600	1.350800	-1.809500
1627301168.678465	0.854900	-0.240700	-0.256100	0.586600	1.331000	-1.810500
1627301168.688763	0.863400	-0.214600	-0.233000	0.393600	1.313300	-1.808300
1627301168.689794	0.867600	-0.193700	-0.209100	0.253700	1.289400	-1.795800
1627301168.712979	0.872200	-0.176100	-0.191200	0.162300	1.259800	-1.775900
1627301168.717311	0.882900	-0.168800	-0.174600	0.090300	1.222200	-1.746300
1627301168.727193	0.891600	-0.158600	-0.151500	0.010500	1.180700	-1.710000
1627301168.732372	0.886000	-0.143800	-0.125100	-0.089900	1.135500	-1.666900
1627301168.755202	0.876100	-0.131300	-0.100500	-0.201100	1.092400	-1.621400
1627301168.757230	0.870600	-0.129600	-0.078900	-0.305600	1.060700	-1.572500
1627301168.761797	0.860500	-0.118000	-0.059000	-0.413700	1.030400	-1.515100
1627301168.786636	0.868000	-0.094500	-0.043000	-0.482400	1.002000	-1.456500
1627301168.787534	0.874500	-0.077000	-0.033100	-0.496800	0.970600	-1.393900
1627301168.809802	0.886100	-0.063700	-0.021000	-0.475100	0.939100	-1.330000
1627301168.828961	0.897200	-0.058200	-0.005200	-0.410300	0.904000	-1.238400
1627301168.829788	0.906500	-0.042100	0.008800	-0.373700	0.874400	-1.154700
1627301168.831320	0.910600	-0.033700	0.021700	-0.338600	0.847800	-1.075000
1627301168.846604	0.913700	-0.034500	0.034500	-0.322700	0.826100	-0.989800
1627301168.848956	0.913700	-0.028200	0.046900	-0.311100	0.803200	-0.901200
1627301168.868797	0.918000	-0.017300	0.060700	-0.287600	0.779700	-0.812900
1627301168.869926	0.928200	-0.007600	0.070900	-0.253000	0.753400	-0.725900
1627301168.877088	0.943400	0.010400	0.085900	-0.190100	0.711900	-0.628700
1627301168.888691	0.952300	0.026200	0.094400	-0.146800	0.669100	-0.559100
1627301168.906708	0.958500	0.039900	0.099700	-0.115300	0.616900	-0.500200
1627301168.907602	0.963600	0.050000	0.101600	-0.067700	0.553700	-0.444900
1627301168.916874	0.905500	0.058300	0.122700	-0.012700	0.487700	-0.393600
1627301168.927248	0.993500	0.040000	0.102700	0.151000	0.436700	-0.321800
1627301168.938619	1.010100	0.042100	0.088600	0.275400	0.361200	-0.256100
1627301168.949000	1.016700	0.030400	0.070100	0.338600	0.258300	-0.166600
1627301168.968862	1.025000	0.009400	0.053300	0.265900	0.171600	-0.084500
1627301168.969689	1.040400	0.005000	0.034700	0.054200	0.072000	0.000100
1627301168.977228	1.054400	0.005700	0.033800	-0.161700	-0.041600	0.084100
1627301168.987740	1.054600	0.000900	0.032600	-0.346500	-0.156200	0.169000
1627301168.988665	1.039300	-0.004600	0.032200	-0.454900	-0.270400	0.255200
1627301169.011210	1.026500	0.003900	0.034900	-0.497400	-0.384000	0.343400
1627301169.016069	1.005700	0.005000	0.030600	-0.483000	-0.496400	0.428400
1627301169.025919	0.988500	0.015600	0.024000	-0.468700	-0.580400	0.482100
1627301169.030208	0.975000	0.011500	0.015700	-0.460100	-0.651000	0.524900
1627301169.054002	0.960800	0.012900	-0.001200	-0.516900	-0.712100	0.552100
1627301169.056080	0.956200	0.020100	-0.003300	-0.632700	-0.765500	0.564600
1627301169.066028	0.945900	0.003900	-0.012200	-0.696800	-0.806700	0.576500
1627301169.076147	0.929800	0.015300	-0.018900	-0.781800	-0.841900	0.586900
1627301169.100297	0.906700	0.021200	-0.028000	-0.787300	-0.864500	0.590800
1627301169.101112	0.904700	0.005600	-0.042500	-0.787300	-0.878800	0.597300
1627301169.113615	0.914800	-0.004300	-0.052200	-0.854400	-0.890700	0.609500
1627301169.118761	0.911600	-0.008100	-0.059900	-0.951600	-0.901400	0.622900
1627301169.119654	0.895800	-0.017000	-0.059100	-1.055700	-0.908800	0.641500
1627301169.145023	0.884000	-0.013900	-0.067900	-1.146100	-0.913600	0.663500
1627301169.145838	0.881700	-0.009800	-0.083900	-1.165400	-0.928600	0.695000
1627301169.157171	0.893600	-0.008500	-0.100300	-1.155900	-0.954600	0.729500
1627301169.165204	0.908300	-0.025100	-0.125700	-1.111600	-0.995200	0.772000
1627301169.188838	0.943700	-0.067900	-0.147600	-1.102200	-1.049900	0.840400
1627301169.190029	0.968400	-0.096200	-0.168300	-1.157700	-1.118900	0.925900
1627301169.199674	0.980600	-0.104500	-0.183000	-1.237200	-1.190700	1.016600
1627301169.208731	0.964000	-0.120400	-0.191900	-1.307100	-1.254800	1.100000
1627301169.225744	0.952800	-0.117200	-0.188100	-1.360500	-1.309500	1.182500
1627301169.226644	0.953000	-0.100100	-0.183600	-1.266500	-1.330900	1.228900
1627301169.235697	0.939000	-0.071800	-0.183000	-1.096000	-1.335800	1.230100
1627301169.254566	0.897500	-0.054000	-0.173000	-0.870000	-1.315000	1.180300
1627301169.266715	0.864700	-0.102400	-0.177600	-0.591800	-1.253300	1.125000
1627301169.267610	0.861100	-0.129000	-0.182600	-0.427800	-1.158000	1.066400
1627301169.275653	0.819700	-0.141800	-0.220800	-0.226500	-1.042200	0.984900
1627301169.293399	0.758700	-0.191200	-0.292200	-0.073800	-0.917900	0.881600
1627301169.295898	0.769300	-0.228600	-0.336800	-0.152000	-0.829300	0.804000
1627301169.311192	0.781400	-0.262500	-0.381600	-0.384400	-0.768300	0.742300
1627301169.337846	0.788300	-0.296500	-0.425500	-0.774700	-0.740800	0.704500
1627301169.338667	0.811200	-0.296500	-0.456500	-1.126900	-0.746600	0.695000
1627301169.343330	0.855600	-0.274800	-0.473800	-1.301600	-0.772200	0.699000
1627301169.349967	0.869100	-0.260700	-0.516800	-1.218500	-0.819600	0.706900
1627301169.350888	0.871600	-0.257300	-0.550500	-0.973900	-0.877600	0.716700
1627301169.373900	0.873900	-0.273200	-0.600700	-0.782700	-0.918200	0.726500
1627301169.375822	0.876300	-0.297900	-0.636200	-0.771700	-0.943300	0.740500
1627301169.386057	0.878300	-0.319000	-0.678000	-0.916800	-0.952400	0.757900
1627301169.394818	0.879800	-0.325700	-0.716300	-1.150100	-0.946900	0.775600
1627301169.413995	0.892700	-0.319800	-0.747100	-1.363900	-0.928300	0.790300
1627301169.416137	0.910600	-0.317000	-0.777800	-1.523300	-0.891300	0.812600
1627301169.431184	0.929000	-0.318000	-0.803800	-1.568900	-0.837600	0.842800
1627301169.438786	0.926900	-0.323700	-0.829300	-1.567000	-0.775600	0.873100
1627301169.456396	0.927100	-0.322000	-0.844800	-1.522100	-0.699200	0.902700
1627301169.457353	0.927900	-0.338700	-0.868900	-1.475700	-0.605200	0.930200
1627301169.464831	0.936000	-0.357300	-0.892100	-1.418900	-0.498000	0.959800
1627301169.478641	0.930900	-0.377700	-0.911700	-1.332800	-0.378500	0.987600
1627301169.498889	0.907700	-0.389900	-0.919900	-1.202900	-0.212700	1.006500
1627301169.499704	0.895900	-0.409900	-0.924600	-1.062800	-0.049300	1.011700
1627301169.509807	0.881600	-0.428500	-0.918500	-0.963200	0.112000	1.009600
1627301169.515035	0.872900	-0.438600	-0.906600	-0.861800	0.277200	1.005900
1627301169.535549	0.862300	-0.451500	-0.893200	-0.747800	0.436700	0.996200
1627301169.536439	0.845200	-0.459500	-0.873200	-0.615600	0.590900	0.974800
1627301169.543040	0.827300	-0.474900	-0.853900	-0.488500	0.734200	0.944200
1627301169.566293	0.812900	-0.494900	-0.835000	-0.426800	0.888100	0.903900
1627301169.569300	0.811200	-0.506100	-0.809000	-0.461700	0.988000	0.871800
1627301169.591225	0.805900	-0.513800	-0.776500	-0.550800	1.073200	0.842800
1627301169.592368	0.798200	-0.514300	-0.741200	-0.634200	1.141900	0.815000
1627301169.594704	0.791900	-0.512100	-0.708300	-0.671500	1.198100	0.787500
1627301169.607528	0.783900	-0.522900	-0.680900	-0.659000	1.234500	0.757600
1627301169.608538	0.788000	-0.532600	-0.648700	-0.630300	1.260700	0.726500
1627301169.634203	0.788200	-0.549700	-0.619000	-0.598500	1.276000	0.684300
1627301169.635106	0.785500	-0.566900	-0.596100	-0.594200	1.277800	0.641500
1627301169.636786	0.781100	-0.577100	-0.576500	-0.575900	1.272600	0.593900
1627301169.659504	0.772500	-0.578000	-0.551500	-0.542600	1.262000	0.540800
1627301169.674459	0.778000	-0.596200	-0.542600	-0.431400	1.253700	0.488200
1627301169.681216	0.780600	-0.591900	-0.522800	-0.400900	1.243900	0.432000
1627301169.703897	0.775000	-0.601800	-0.503800	-0.351100	1.240600	0.370000
1627301169.704855	0.776700	-0.603000	-0.484100	-0.374900	1.245800	0.306500
1627301169.706153	0.772800	-0.606400	-0.465700	-0.408800	1.253100	0.247800
1627301169.717654	0.779900	-0.597500	-0.446400	-0.441200	1.266500	0.187400
1627301169.740137	0.777000	-0.591600	-0.425400	-0.449400	1.278800	0.122300
1627301169.741047	0.785600	-0.577000	-0.401200	-0.454000	1.291300	0.052700
1627301169.744735	0.792700	-0.563800	-0.385100	-0.433300	1.301000	-0.018800
1627301169.759520	0.797200	-0.556600	-0.361800	-0.416800	1.305600	-0.093300
1627301169.761161	0.808200	-0.545000	-0.341800	-0.417700	1.306200	-0.157200
1627301169.781995	0.810700	-0.539700	-0.322000	-0.451900	1.301700	-0.200200
1627301169.784358	0.819900	-0.521700	-0.294900	-0.496200	1.294300	-0.237200
1627301169.794660	0.821300	-0.510400	-0.269500	-0.515700	1.287600	-0.270800
1627301169.803742	0.832800	-0.500900	-0.246200	-0.505900	1.280000	-0.295800
1627301169.825057	0.843800	-0.488600	-0.223600	-0.468100	1.269000	-0.317200
1627301169.827393	0.843600	-0.475000	-0.198200	-0.401800	1.247600	-0.334900
1627301169.842380	0.839500	-0.473100	-0.174600	-0.358100	1.229300	-0.341300
1627301169.848758	0.856900	-0.461500	-0.154400	-0.308900	1.207600	-0.336400
1627301169.865172	0.868300	-0.452500	-0.138500	-0.239600	1.182200	-0.330000
1627301169.866153	0.864300	-0.441700	-0.122400	-0.145200	1.147700	-0.324200
1627301169.875905	0.858900	-0.435300	-0.106700	-0.051500	1.115300	-0.322400
1627301169.887572	0.857300	-0.426000	-0.088000	0.006900	1.080200	-0.321200
1627301169.912354	0.855600	-0.426400	-0.073700	0.039600	1.036800	-0.316000
1627301169.913243	0.862200	-0.416400	-0.063700	0.038600	0.997800	-0.307700
1627301169.930265	0.867600	-0.410000	-0.054300	0.069500	0.949200	-0.300100
1627301169.931345	0.876300	-0.400100	-0.046500	0.117700	0.893000	-0.299200
1627301169.934732	0.872100	-0.395000	-0.038900	0.184300	0.829800	-0.303500
1627301169.950323	0.861100	-0.393200	-0.031100	0.232600	0.764700	-0.310800
1627301169.969463	0.850100	-0.382400	-0.025100	0.267700	0.696600	-0.326100
1627301169.970368	0.843600	-0.373300	-0.018900	0.285400	0.622400	-0.349900
1627301169.977279	0.842700	-0.362200	-0.015000	0.288200	0.559500	-0.374900
1627301169.989214	0.841900	-0.352200	-0.010700	0.287000	0.497800	-0.400300
1627301170.004430	0.844800	-0.341900	-0.005000	0.270800	0.437600	-0.428400
1627301170.005375	0.852500	-0.321500	0.000600	0.251200	0.378300	-0.460500
1627301170.017401	0.859700	-0.306300	0.006600	0.234400	0.322400	-0.495300
1627301170.025477	0.859400	-0.295500	0.010500	0.220700	0.260100	-0.534400
1627301170.048015	0.866100	-0.287200	0.010900	0.199900	0.200900	-0.562500
1627301170.048911	0.873300	-0.273900	0.016400	0.181900	0.149600	-0.585100
1627301170.054379	0.875900	-0.261000	0.018800	0.163600	0.100100	-0.605200
1627301170.078800	0.887000	-0.251000	0.022200	0.152900	0.052700	-0.616200
1627301170.081095	0.899700	-0.241800	0.026000	0.146800	0.009100	-0.618100
1627301170.084697	0.897200	-0.234900	0.024300	0.140700	-0.038600	-0.609500
1627301170.098749	0.904500	-0.221900	0.027800	0.125100	-0.090500	-0.586300
1627301170.119148	0.919800	-0.215800	0.026400	0.124800	-0.146100	-0.556100
1627301170.119966	0.939200	-0.211500	0.022500	0.133900	-0.198600	-0.516700
1627301170.124691	0.948500	-0.200400	0.022700	0.180100	-0.256000	-0.471800
1627301170.138646	0.949600	-0.192900	0.020800	0.244500	-0.313200	-0.427500
1627301170.139530	0.939100	-0.189200	0.011000	0.315400	-0.369400	-0.384100
1627301170.162067	0.929800	-0.194900	-0.003800	0.373100	-0.424600	-0.337100
1627301170.164740	0.930500	-0.205700	-0.021600	0.399400	-0.489100	-0.269300
1627301170.179724	0.938000	-0.203100	-0.035200	0.395400	-0.549600	-0.205400
1627301170.183697	0.939500	-0.204200	-0.050700	0.401200	-0.606100	-0.148300
1627301170.206356	0.944300	-0.208000	-0.060700	0.414900	-0.658900	-0.094200
1627301170.207307	0.948200	-0.210900	-0.069900	0.452800	-0.703800	-0.041700
1627301170.214821	0.942700	-0.213700	-0.076200	0.497400	-0.739200	0.004100
1627301170.228659	0.938200	-0.217800	-0.083400	0.545700	-0.757000	0.043800
1627301170.250200	0.924700	-0.222800	-0.090100	0.599400	-0.761200	0.078600
1627301170.271628	0.908900	-0.229900	-0.099400	0.633000	-0.751800	0.096700
1627301170.272446	0.898100	-0.233000	-0.106200	0.661400	-0.733700	0.111000
1627301170.273268	0.890700	-0.238400	-0.115200	0.684000	-0.718200	0.120200
1627301170.288047	0.888400	-0.243300	-0.123000	0.692600	-0.708700	0.130900
1627301170.288943	0.898100	-0.245100	-0.128500	0.694400	-0.713000	0.144300
1627301170.291779	0.909400	-0.243700	-0.135900	0.680000	-0.736200	0.161700
1627301170.314782	0.910400	-0.235600	-0.137300	0.667500	-0.778900	0.184000
1627301170.317372	0.907600	-0.238800	-0.147800	0.674600	-0.826300	0.209700
1627301170.332494	0.910300	-0.244300	-0.157500	0.707800	-0.884300	0.247800
1627301170.338718	0.915400	-0.252000	-0.167500	0.753700	-0.943600	0.294600
1627301170.339631	0.913100	-0.259600	-0.181600	0.816600	-1.001600	0.345300
1627301170.365177	0.910600	-0.266400	-0.196400	0.892600	-1.052000	0.394800
1627301170.367329	0.897900	-0.274800	-0.215300	0.978200	-1.094500	0.442100
1627301170.379231	0.885400	-0.283900	-0.233200	1.042900	-1.123800	0.480300
1627301170.397931	0.881500	-0.289900	-0.244900	1.056300	-1.136000	0.504100
1627301170.398829	0.869100	-0.303300	-0.266100	1.038000	-1.141500	0.518500
1627301170.411200	0.863400	-0.321000	-0.289900	0.987300	-1.145500	0.532500
1627301170.413523	0.871200	-0.330900	-0.303200	0.917400	-1.149100	0.542000
1627301170.418969	0.879200	-0.342900	-0.316500	0.874900	-1.151000	0.549300
1627301170.442720	0.871800	-0.356700	-0.328100	0.859600	-1.154900	0.556000
1627301170.444893	0.867100	-0.364300	-0.336100	0.897500	-1.157400	0.563100
1627301170.454850	0.865400	-0.376200	-0.346100	0.959800	-1.154600	0.567600
1627301170.465239	0.850600	-0.393900	-0.363800	1.027000	-1.154300	0.577700
1627301170.491263	0.848000	-0.408800	-0.378500	1.072200	-1.154000	0.592700
1627301170.492072	0.852800	-0.419700	-0.387600	1.114400	-1.152500	0.606100
1627301170.494653	0.845100	-0.436300	-0.397600	1.161100	-1.147600	0.617700
1627301170.507489	0.833400	-0.446200	-0.408600	1.220700	-1.136300	0.624100
1627301170.508188	0.826200	-0.458600	-0.417500	1.275900	-1.118000	0.618900
1627301170.526212	0.804200	-0.469800	-0.426600	1.319000	-1.099300	0.604900
1627301170.538463	0.781900	-0.483800	-0.436500	1.351700	-1.081600	0.590500
1627301170.558317	0.788100	-0.501700	-0.448100	1.356300	-1.067900	0.581100
1627301170.562900	0.807400	-0.512800	-0.458300	1.354700	-1.067600	0.575900
1627301170.563795	0.819300	-0.522800	-0.469600	1.364500	-1.073400	0.568600
1627301170.578150	0.836100	-0.531000	-0.474200	1.400300	-1.081900	0.547500
1627301170.588382	0.832800	-0.542500	-0.476700	1.445200	-1.081900	0.519400
1627301170.592984	0.818700	-0.549400	-0.480500	1.462000	-1.071200	0.482100
1627301170.616003	0.802900	-0.562100	-0.484500	1.468700	-1.053500	0.437200
1627301170.621810	0.796300	-0.579100	-0.491100	1.445500	-1.026700	0.393200
1627301170.632351	0.807400	-0.592200	-0.496800	1.408500	-0.998900	0.353500
1627301170.633272	0.821200	-0.603500	-0.506100	1.397800	-0.971400	0.316600
1627301170.656416	0.829200	-0.613600	-0.513200	1.414600	-0.945400	0.267100
1627301170.657426	0.819100	-0.619800	-0.518600	1.450000	-0.921000	0.211500
1627301170.664836	0.806500	-0.627800	-0.525300	1.453700	-0.896200	0.143100
1627301170.678691	0.794800	-0.636400	-0.524200	1.396300	-0.862900	0.064600
1627301170.702635	0.793900	-0.640500	-0.526400	1.315000	-0.830300	-0.018800
1627301170.703452	0.800800	-0.642600	-0.529400	1.249700	-0.802500	-0.101900
1627301170.705218	0.818200	-0.635000	-0.535400	1.240800	-0.776500	-0.199000
1627301170.720362	0.823100	-0.638300	-0.541000	1.243000	-0.762800	-0.302800
1627301170.723666	0.828900	-0.644400	-0.556200	1.208400	-0.755100	-0.389000
1627301170.746361	0.827900	-0.660900	-0.568200	1.098500	-0.745700	-0.465300
1627301170.747482	0.836700	-0.664100	-0.576200	0.937500	-0.727300	-0.537700
1627301170.754797	0.836100	-0.653300	-0.579300	0.812900	-0.696200	-0.620800
1627301170.763869	0.827100	-0.637200	-0.582200	0.729200	-0.651600	-0.717600
1627301170.785210	0.820400	-0.625900	-0.583700	0.658700	-0.580100	-0.845600
1627301170.786027	0.826300	-0.615600	-0.584000	0.556300	-0.502500	-0.958900
1627301170.796002	0.832500	-0.604100	-0.589700	0.444300	-0.427100	-1.055400
1627301170.806263	0.847200	-0.596700	-0.602400	0.349000	-0.350100	-1.144600
1627301170.829104	0.857200	-0.585100	-0.604000	0.293400	-0.276200	-1.228300
1627301170.829988	0.857900	-0.566200	-0.600700	0.270500	-0.197400	-1.317500
1627301170.833511	0.846300	-0.549600	-0.594800	0.260400	-0.112200	-1.414000
1627301170.849000	0.829100	-0.520300	-0.587500	0.219500	0.002000	-1.545000
1627301170.851346	0.833000	-0.498200	-0.583900	0.182500	0.093100	-1.651600
1627301170.873822	0.845900	-0.475100	-0.576200	0.150100	0.177400	-1.754000
1627301170.874785	0.849700	-0.444500	-0.563800	0.137000	0.253100	-1.851400
1627301170.884895	0.842700	-0.415000	-0.554600	0.155900	0.320900	-1.943900
1627301170.894943	0.852900	-0.399800	-0.549100	0.174600	0.382300	-2.020900
1627301170.917743	0.878200	-0.379900	-0.546100	0.171500	0.434200	-2.076800
1627301170.918625	0.894800	-0.358200	-0.538000	0.137300	0.489500	-2.123500
1627301170.931697	0.880000	-0.323100	-0.522900	0.101300	0.536200	-2.154700
1627301170.932592	0.849900	-0.292100	-0.508400	0.090000	0.591500	-2.188300
1627301170.939400	0.849900	-0.292100	-0.508400	0.090000	0.591500	-2.188300
1627301170.963226	0.820600	-0.246500	-0.479000	-0.024000	0.715200	-2.230100
1627301170.964123	0.828700	-0.206300	-0.451200	-0.192300	0.776300	-2.241100
1627301170.973705	0.828700	-0.206300	-0.451200	-0.192300	0.776300	-2.241100
1627301170.984450	0.844600	-0.168900	-0.420800	-0.361800	0.837100	-2.242000
1627301171.006971	0.865700	-0.137300	-0.397200	-0.510200	0.890500	-2.221000
1627301171.007859	0.881500	-0.106800	-0.373200	-0.548400	0.918600	-2.184900
1627301171.010967	0.884000	-0.084400	-0.350800	-0.539500	0.933000	-2.132400
1627301171.025546	0.890500	-0.055500	-0.334400	-0.547500	0.932100	-2.074100
1627301171.049283	0.897500	-0.031600	-0.317700	-0.562100	0.918600	-2.012400
1627301171.051601	0.903700	-0.015100	-0.301300	-0.613200	0.896300	-1.941500
1627301171.052538	0.906900	0.017600	-0.277600	-0.695300	0.866400	-1.853200
1627301171.064547	0.908000	0.049200	-0.257600	-0.752100	0.838300	-1.756100
1627301171.085880	0.916100	0.074300	-0.239000	-0.773200	0.814800	-1.662600
1627301171.090379	0.925800	0.097800	-0.223300	-0.767400	0.788800	-1.563700
1627301171.091271	0.929400	0.120100	-0.209800	-0.737500	0.762000	-1.463800
1627301171.107508	0.931200	0.132900	-0.197900	-0.700200	0.731400	-1.360000
1627301171.130442	0.931600	0.143300	-0.186300	-0.667500	0.696900	-1.253400
1627301171.131256	0.920700	0.190600	-0.170200	-0.588100	0.645900	-1.133300
1627301171.134735	0.915500	0.157200	-0.149700	-0.471700	0.601900	-1.032800
1627301171.150304	0.924700	0.178000	-0.136400	-0.391400	0.558500	-0.932300
1627301171.152577	0.942300	0.166300	-0.131000	-0.319300	0.517900	-0.820900
1627301171.176313	0.936900	0.185100	-0.121000	-0.314700	0.472700	-0.715800
1627301171.177163	0.939500	0.170900	-0.109900	-0.323300	0.433000	-0.605200
1627301171.181008	0.932900	0.195800	-0.097400	-0.327600	0.390200	-0.506000
1627301171.196117	0.941500	0.181200	-0.089700	-0.328500	0.338000	-0.378600
1627301171.220050	0.937700	0.188700	-0.088600	-0.292800	0.287600	-0.279000
1627301171.221788	0.963300	0.153100	-0.094000	-0.261000	0.235100	-0.168500
1627301171.222471	0.962200	0.167600	-0.095100	-0.262200	0.167000	-0.058200
1627301171.240069	0.968100	0.143200	-0.093000	-0.208800	0.102500	0.053900
1627301171.251713	0.965700	0.139900	-0.091400	-0.219500	0.039900	0.158000
1627301171.252611	0.950000	0.144800	-0.093400	-0.206600	-0.018100	0.261900
1627301171.258273	0.940100	0.147500	-0.092200	-0.215800	-0.071900	0.356900
1627301171.280099	0.936800	0.153800	-0.093900	-0.209700	-0.107000	0.420100
1627301171.282341	0.936600	0.149700	-0.100700	-0.190700	-0.136300	0.473000
1627301171.298675	0.941500	0.142300	-0.108400	-0.179700	-0.163800	0.519700
1627301171.321582	0.950200	0.128200	-0.112900	-0.181600	-0.188500	0.562700
1627301171.322412	0.960200	0.113500	-0.122900	-0.195300	-0.212400	0.603400
1627301171.323727	0.967000	0.102800	-0.126700	-0.204800	-0.235300	0.645800
1627301171.339043	0.960100	0.096700	-0.127200	-0.192600	-0.252700	0.680300
1627301171.343686	0.948000	0.093500	-0.132700	-0.167800	-0.259400	0.696800
1627301171.365057	0.942400	0.089400	-0.142500	-0.142800	-0.261500	0.703900
1627301171.365866	0.947800	0.086200	-0.148600	-0.130000	-0.260600	0.703200
1627301171.373593	0.953500	0.079100	-0.160400	-0.130000	-0.259700	0.693800
1627301171.385039	0.959500	0.074000	-0.168200	-0.150100	-0.261200	0.678800
1627301171.385951	0.966600	0.074100	-0.177200	-0.199300	-0.266700	0.650700
1627301171.411175	0.969700	0.069500	-0.183000	-0.269800	-0.273800	0.613400
1627301171.412373	0.974400	0.069500	-0.188500	-0.345000	-0.283800	0.574400
1627301171.427816	0.968000	0.067600	-0.191700	-0.411600	-0.293300	0.530400
1627301171.432427	0.962400	0.075600	-0.192700	-0.465900	-0.299100	0.482700
1627301171.455167	0.956800	0.077400	-0.201300	-0.508100	-0.305800	0.433200
1627301171.455976	0.956800	0.072500	-0.210000	-0.572200	-0.317700	0.390500
1627301171.463626	0.962900	0.070900	-0.220900	-0.686800	-0.339700	0.348600
1627301171.473787	0.964700	0.065800	-0.227300	-0.803700	-0.369100	0.322700
1627301171.475034	0.961200	0.066700	-0.228600	-0.901800	-0.397800	0.307400
1627301171.496961	0.955300	0.068800	-0.232500	-0.958300	-0.427700	0.301000
1627301171.500776	0.940300	0.069900	-0.230800	-0.984600	-0.455200	0.299200
1627301171.512425	0.926100	0.075400	-0.234600	-0.992800	-0.477800	0.303100
1627301171.516176	0.916700	0.071700	-0.244000	-1.004100	-0.498300	0.314100
1627301171.540281	0.910500	0.069500	-0.257000	-1.044700	-0.526000	0.341600
1627301171.541139	0.910400	0.063400	-0.271700	-1.076800	-0.552900	0.374600
