1627305760.387910	0.760900	0.012000	-0.677500	-0.028800	0.024400	-0.002500
1627305760.389607	0.771500	0.002100	-0.666600	-0.006200	0.013400	-0.001800
1627305760.392445	0.767200	0.005200	-0.666900	0.000500	0.013700	-0.002800
1627305760.482325	0.767200	0.005200	-0.666900	0.000500	0.013700	-0.002800
1627305760.482744	0.959400	0.215900	-0.568500	-0.961600	-0.515900	0.071500
1627305760.483186	0.959500	0.199700	-0.616100	-0.878800	-0.590200	0.078800
1627305760.486543	0.956500	0.181200	-0.629300	-0.768600	-0.638400	0.072400
1627305760.486999	0.956400	0.157700	-0.658300	-0.583200	-0.679700	0.048200
1627305760.487492	0.964200	0.139200	-0.702400	-0.511400	-0.707100	0.017400
1627305760.487974	0.951500	0.146200	-0.736000	-0.512000	-0.706800	-0.004000
1627305760.490147	0.929200	0.159800	-0.770800	-0.472600	-0.677800	-0.014700
1627305760.490590	0.910600	0.171800	-0.815800	-0.488800	-0.607900	-0.002200
1627305760.490987	0.915500	0.183500	-0.846600	-0.581000	-0.517800	0.029600
1627305760.491389	0.933500	0.195300	-0.859000	-0.665000	-0.408700	0.066600
1627305760.493474	0.951000	0.198400	-0.824300	-0.715400	-0.275600	0.095900
1627305760.493917	0.951900	0.199800	-0.784400	-0.732800	-0.196800	0.112400
1627305760.494387	0.947000	0.208100	-0.765400	-0.753900	-0.139300	0.131900
1627305760.494788	0.952800	0.230100	-0.773800	-0.755700	-0.070300	0.169500
1627305760.496947	0.973800	0.239300	-0.788100	-0.770700	-0.006800	0.202800
1627305760.497394	0.984900	0.249800	-0.802200	-0.849200	0.066500	0.244600
1627305760.497799	0.998300	0.262600	-0.825200	-0.977800	0.181100	0.300500
1627305760.498199	1.012800	0.268100	-0.814700	-1.030900	0.288000	0.348500
1627305760.500271	1.035400	0.271900	-0.756600	-1.073100	0.379900	0.390300
1627305760.500671	1.070100	0.286500	-0.642100	-1.045900	0.423300	0.423600
1627305760.501114	1.082300	0.300700	-0.571700	-0.889500	0.393900	0.437400
1627305760.501515	1.083500	0.311300	-0.549800	-0.734400	0.333200	0.453600
1627305760.501936	1.071200	0.331100	-0.586200	-0.672100	0.255900	0.494500
1627305760.504289	1.059600	0.344800	-0.655600	-0.700800	0.219500	0.550400
1627305760.504743	1.064000	0.345000	-0.721400	-0.776500	0.234500	0.612400
1627305760.505152	1.076000	0.319100	-0.765500	-0.892900	0.309300	0.681100
1627305760.505560	1.079300	0.292400	-0.757800	-1.039800	0.395800	0.733900
1627305760.508141	1.068000	0.280400	-0.705000	-1.124100	0.462400	0.766600
1627305760.508546	1.029100	0.283300	-0.667100	-1.110700	0.502700	0.804200
1627305760.508952	1.008800	0.293000	-0.644300	-1.073700	0.519800	0.846600
1627305760.510624	0.991600	0.293200	-0.618300	-0.991800	0.518000	0.894900
1627305760.511032	0.952600	0.272000	-0.611200	-0.897800	0.499000	0.962400
1627305760.511438	0.922400	0.227200	-0.632600	-0.904800	0.480100	1.039700
1627305760.512718	0.920800	0.179200	-0.656400	-0.949100	0.482500	1.091900
1627305760.513130	0.937700	0.110100	-0.660200	-1.002200	0.495700	1.114200
1627305760.513539	0.928600	0.057500	-0.619300	-1.111300	0.488600	1.098900
1627305760.515627	0.900500	0.036700	-0.601700	-1.158300	0.458700	1.063500
1627305760.516031	0.867900	0.039900	-0.635900	-1.118300	0.441600	1.033000
1627305760.516464	0.855200	0.053800	-0.667700	-1.109100	0.459000	1.014300
1627305760.516869	0.838400	0.064900	-0.673100	-1.116500	0.492900	1.023800
1627305760.517325	0.821700	0.080100	-0.687100	-1.107900	0.545400	1.050400
1627305760.519378	0.802200	0.078100	-0.718000	-1.107300	0.627900	1.107800
1627305760.519844	0.796400	0.062500	-0.727800	-1.095100	0.720500	1.162800
1627305760.520239	0.813600	0.025500	-0.713500	-1.049000	0.821900	1.205500
1627305760.521901	0.816900	-0.021100	-0.659700	-1.038000	0.910400	1.226600
1627305760.522303	0.796300	-0.043100	-0.600100	-1.026700	0.942800	1.219900
1627305760.522699	0.766100	-0.054900	-0.535500	-0.922200	0.935500	1.202200
1627305760.523128	0.757900	-0.061400	-0.495000	-0.764000	0.877800	1.179300
1627305760.525585	0.752900	-0.069900	-0.476200	-0.673900	0.803200	1.171300
1627305760.525983	0.752300	-0.087500	-0.462800	-0.585300	0.715000	1.156000
1627305760.526378	0.754900	-0.127100	-0.457000	-0.438400	0.606500	1.135300
1627305760.526815	0.740000	-0.166000	-0.431000	-0.321700	0.532900	1.109300
1627305760.528850	0.727100	-0.208000	-0.418600	-0.156200	0.458100	1.064100
1627305760.529243	0.707800	-0.257200	-0.417200	0.065900	0.377500	0.977100
1627305760.529634	0.712500	-0.289600	-0.423300	0.207300	0.317300	0.889400
1627305760.530070	0.705800	-0.309900	-0.433700	0.324300	0.262600	0.793500
1627305760.532117	0.691200	-0.332400	-0.439700	0.459300	0.217400	0.671000
1627305760.532514	0.676900	-0.350300	-0.431500	0.581700	0.196900	0.566600
1627305760.532915	0.664800	-0.359700	-0.433200	0.662400	0.197600	0.474600
1627305760.533353	0.656500	-0.363600	-0.454300	0.696300	0.224700	0.379600
1627305760.533747	0.658400	-0.363300	-0.463400	0.676700	0.267200	0.296600
1627305760.535802	0.662000	-0.367900	-0.448500	0.645600	0.309600	0.221100
1627305760.536194	0.672400	-0.371800	-0.417200	0.599500	0.349700	0.131900
1627305760.536631	0.679100	-0.371200	-0.382700	0.557900	0.375900	0.053400
1627305760.537920	0.690700	-0.366800	-0.341700	0.568600	0.382600	-0.026900
1627305760.538314	0.710000	-0.358600	-0.323600	0.594300	0.361600	-0.116700
1627305760.538705	0.721700	-0.349000	-0.314900	0.568600	0.325200	-0.206200
1627305760.540487	0.746700	-0.337600	-0.308600	0.547500	0.284000	-0.291100
1627305760.540883	0.775300	-0.324000	-0.297500	0.540200	0.229600	-0.391300
1627305760.541303	0.801000	-0.298800	-0.289100	0.507500	0.171000	-0.494500
1627305760.543812	0.816300	-0.257400	-0.269500	0.495000	0.115400	-0.578500
1627305760.544207	0.808600	-0.200300	-0.236800	0.557900	0.048800	-0.643900
1627305760.544599	0.781400	-0.144500	-0.193700	0.707600	-0.041000	-0.678100
1627305760.545025	0.753300	-0.102400	-0.161600	0.878300	-0.132600	-0.669200
1627305760.546646	0.743200	-0.060400	-0.149000	1.057300	-0.245900	-0.627400
1627305760.547061	0.753700	-0.032800	-0.165200	1.220100	-0.382500	-0.558300
1627305760.547478	0.771600	-0.030800	-0.192400	1.314500	-0.488800	-0.494500
1627305760.547937	0.791400	-0.048800	-0.218800	1.341400	-0.586200	-0.438000
1627305760.550429	0.807400	-0.087600	-0.258100	1.330700	-0.675700	-0.396800
1627305760.550867	0.821700	-0.125400	-0.300900	1.292800	-0.724200	-0.389700
1627305760.551265	0.835000	-0.163800	-0.347200	1.228300	-0.749900	-0.409000
1627305760.551660	0.851600	-0.193700	-0.384400	1.143400	-0.751100	-0.459400
1627305760.554145	0.941700	-0.124800	-0.382800	0.199600	0.079000	-0.167700
1627305760.554536	0.931200	-0.084800	-0.349400	0.163900	0.028000	-0.208600
1627305760.554931	0.928000	-0.046100	-0.325100	0.200600	-0.030900	-0.225400
1627305760.555329	0.936200	-0.016100	-0.297500	0.298300	-0.118300	-0.227900
1627305760.555723	0.943100	-0.003200	-0.266000	0.454100	-0.233700	-0.221500
1627305760.556116	0.936200	-0.010500	-0.253300	0.621800	-0.359900	-0.212000
1627305760.556513	0.919700	-0.029700	-0.277800	0.768400	-0.503100	-0.197900
1627305760.556908	0.917800	-0.058600	-0.323000	0.855700	-0.647600	-0.186000
1627305760.557306	0.907800	-0.084600	-0.353100	0.887500	-0.745000	-0.180500
1627305760.557700	0.887200	-0.102900	-0.375400	0.898800	-0.822600	-0.183900
1627305760.558091	0.876600	-0.111900	-0.419900	0.904300	-0.882200	-0.187200
1627305760.578245	0.894900	-0.115500	-0.455900	0.920500	-0.900200	-0.177500
1627305760.579138	0.930100	-0.130100	-0.455600	0.955000	-0.906300	-0.134400
1627305760.579953	0.954200	-0.154200	-0.437100	0.984300	-0.928300	-0.048600
1627305760.587587	0.940200	-0.164300	-0.464200	0.915600	-0.960000	0.060800
1627305760.615643	0.861800	-0.147100	-0.524900	0.681600	-0.988400	0.193000
1627305760.616539	0.778300	-0.106800	-0.581400	0.335900	-1.016500	0.372000
1627305760.617359	0.770600	-0.092800	-0.623900	0.140700	-1.030900	0.514900
1627305760.628744	0.825900	-0.103100	-0.666400	-0.010500	-1.037000	0.645400
1627305760.651063	0.926300	-0.142100	-0.713700	-0.068800	-1.023300	0.755000
1627305760.651962	1.008900	-0.188400	-0.701000	0.116900	-1.003700	0.775500
1627305760.658892	1.069500	-0.251700	-0.674400	0.534400	-0.998800	0.746500
1627305760.694370	1.112300	-0.326900	-0.722400	1.077800	-1.003400	0.654200
1627305760.695401	1.149300	-0.380000	-0.833000	1.479700	-0.981700	0.543400
1627305760.695954	1.190900	-0.425800	-0.946300	1.697500	-0.914500	0.415400
1627305760.696436	1.222500	-0.469100	-1.019500	1.654400	-0.819200	0.212600
1627305760.711722	1.203200	-0.472000	-1.076800	1.432400	-0.731000	-0.002200
1627305760.730709	1.167200	-0.424900	-1.143900	1.107100	-0.632900	-0.216900
1627305760.731431	1.135300	-0.311300	-1.133800	0.808100	-0.487200	-0.447800
1627305760.760561	1.077900	-0.189600	-1.044400	0.797100	-0.375400	-0.614500
1627305760.761081	1.032100	-0.087600	-0.984300	1.057300	-0.301800	-0.741900
1627305760.762221	1.009300	0.018300	-1.004300	1.406100	-0.225500	-0.809700
1627305760.765041	0.983300	0.097400	-1.019500	1.691100	-0.121000	-0.816700
1627305760.791781	0.935100	0.131100	-1.022300	2.012700	-0.007100	-0.792900
1627305760.792583	0.890900	0.126300	-1.039600	2.161700	0.133100	-0.755300
1627305760.794900	0.867700	0.115800	-1.064800	2.078100	0.292500	-0.713800
1627305760.807493	0.867700	0.107200	-1.043100	2.013600	0.459900	-0.690300
1627305760.832196	0.866100	0.095700	-0.976000	1.944900	0.640400	-0.675300
1627305760.832956	0.856100	0.103000	-0.889900	1.804100	0.794100	-0.650000
1627305760.834824	0.841200	0.127800	-0.818400	1.783600	0.904600	-0.607200
1627305760.846246	0.835100	0.141000	-0.756300	1.866400	1.008200	-0.535700
1627305760.875766	0.818100	0.138400	-0.700700	1.838000	1.106200	-0.438300
1627305760.876723	0.808700	0.131800	-0.635300	1.745400	1.185000	-0.353700
1627305760.877586	0.778100	0.121100	-0.572400	1.696900	1.260800	-0.265100
1627305760.884999	0.731400	0.102400	-0.512300	1.559400	1.340500	-0.159800
1627305760.916543	0.713900	0.088700	-0.439600	1.415300	1.396700	-0.063800
1627305760.918010	0.708900	0.067100	-0.350500	1.332200	1.426000	0.025900
1627305760.918645	0.707500	0.039700	-0.264900	1.202700	1.408900	0.117300
1627305760.928497	0.698000	0.021000	-0.205300	1.042600	1.354500	0.185400
1627305760.956023	0.699500	0.000100	-0.154700	0.944900	1.274500	0.233000
1627305760.956918	0.720800	-0.044700	-0.116000	0.876500	1.143500	0.258400
1627305760.957717	0.753300	-0.087400	-0.087600	0.772900	1.022200	0.258100
1627305760.967554	0.784500	-0.121700	-0.072300	0.689000	0.890900	0.240700
1627305760.994550	0.793600	-0.159100	-0.069700	0.621100	0.723800	0.179300
1627305760.995433	0.788300	-0.168900	-0.075200	0.532900	0.595200	0.112100
1627305760.998822	0.773800	-0.160900	-0.086200	0.442500	0.478600	0.040000
1627305761.010126	0.750000	-0.127600	-0.115000	0.348700	0.354500	-0.034200
1627305761.035894	0.748700	-0.090700	-0.141700	0.250700	0.273600	-0.072400
1627305761.036785	0.751100	-0.056900	-0.158700	0.184400	0.208500	-0.082800
1627305761.037705	0.731300	-0.033000	-0.162600	0.164500	0.147200	-0.075100
1627305761.068388	0.728400	-0.031000	-0.153600	0.176700	0.104400	-0.055900
1627305761.077123	0.726800	-0.041900	-0.157700	0.210600	0.072300	-0.027800
1627305761.078089	0.723300	-0.071500	-0.173500	0.230200	0.051600	0.003000
1627305761.078937	0.724700	-0.106800	-0.179300	0.200600	0.045100	0.020800
1627305761.109359	0.732400	-0.147000	-0.177700	0.128800	0.045800	0.028700
1627305761.120930	0.738300	-0.187500	-0.176400	0.006300	0.050900	0.026300
1627305761.121822	0.764300	-0.215100	-0.162800	-0.150400	0.057700	0.010700
1627305761.123850	0.785000	-0.234500	-0.133300	-0.260000	0.052500	-0.016200
1627305761.125054	0.798800	-0.249500	-0.095800	-0.342200	0.029000	-0.057100
1627305761.140450	0.801300	-0.256500	-0.079000	-0.430500	-0.016900	-0.099900
1627305761.156283	0.784400	-0.253800	-0.079500	-0.525400	-0.069100	-0.142000
1627305761.175986	0.773100	-0.247700	-0.077900	-0.599100	-0.128700	-0.190600
1627305761.176888	0.772000	-0.244300	-0.055700	-0.632700	-0.194000	-0.239200
1627305761.177692	0.786900	-0.244300	-0.028000	-0.630800	-0.268800	-0.289300
1627305761.204658	0.819800	-0.246800	-0.012000	-0.559700	-0.375100	-0.340000
1627305761.205572	0.818800	-0.258300	-0.028100	-0.439900	-0.509200	-0.395200
1627305761.207681	0.806000	-0.268800	-0.064300	-0.404800	-0.620100	-0.454800
1627305761.232310	0.802500	-0.275000	-0.100500	-0.406300	-0.721800	-0.526300
1627305761.233204	0.787200	-0.281600	-0.122100	-0.386200	-0.817100	-0.619100
1627305761.234017	0.764200	-0.278000	-0.121500	-0.394400	-0.881500	-0.706200
1627305761.263282	0.733300	-0.251600	-0.118400	-0.470500	-0.957900	-0.786200
1627305761.264162	0.716600	-0.207300	-0.144700	-0.554500	-1.047700	-0.843600
1627305761.264968	0.743900	-0.188400	-0.164400	-0.574600	-1.117900	-0.853100
1627305761.273857	0.743000	-0.178200	-0.171100	-0.674800	-1.197400	-0.852500
1627305761.303531	0.761200	-0.167100	-0.171600	-0.873600	-1.308200	-0.881800
1627305761.304426	0.781500	-0.154400	-0.173600	-0.918500	-1.410600	-0.932200
1627305761.305231	0.766500	-0.143300	-0.190800	-0.939600	-1.513800	-0.994200
1627305761.338182	0.745000	-0.099000	-0.225800	-1.072800	-1.640200	-1.074800
1627305761.338839	0.708600	-0.038100	-0.251500	-1.149400	-1.729100	-1.119100
1627305761.339874	0.685100	0.018800	-0.268800	-1.137800	-1.811000	-1.118800
1627305761.343596	0.709200	0.075400	-0.288200	-1.111000	-1.920300	-1.052500
1627305761.358764	0.731100	0.109000	-0.327100	-1.121000	-2.020800	-0.984700
1627305761.382242	0.758300	0.127600	-0.393600	-1.124400	-2.117000	-0.927300
1627305761.383148	0.772900	0.121500	-0.475500	-1.131400	-2.200100	-0.885800
1627305761.385097	0.754200	0.103600	-0.519800	-1.153400	-2.257200	-0.877800
1627305761.395152	0.723800	0.090900	-0.567100	-1.154600	-2.296900	-0.888500
1627305761.425766	0.697500	0.097300	-0.631100	-1.132300	-2.318600	-0.916900
1627305761.426652	0.689700	0.118900	-0.694100	-1.129900	-2.313400	-0.942900
1627305761.427621	0.682100	0.154700	-0.760700	-1.141500	-2.283500	-0.948100
1627305761.432684	0.685200	0.199500	-0.839000	-1.148200	-2.207400	-0.927000
1627305761.447803	0.750400	0.223000	-0.891500	-1.137200	-2.119500	-0.890700
1627305761.469454	0.790200	0.228600	-0.935100	-1.158600	-2.039400	-0.856400
1627305761.470339	0.800900	0.240800	-0.982800	-1.262500	-1.956400	-0.833200
1627305761.473837	0.815300	0.277300	-1.030600	-1.375500	-1.873000	-0.827700
1627305761.482465	0.805100	0.340300	-1.076400	-1.501300	-1.795700	-0.804800
1627305761.508301	0.781600	0.432600	-1.066400	-1.551700	-1.708300	-0.760800
1627305761.509187	0.772800	0.528600	-1.039100	-1.429500	-1.649700	-0.686000
1627305761.513837	0.756100	0.616500	-1.047200	-1.297300	-1.631700	-0.572100
1627305761.541017	0.726000	0.699800	-1.081400	-1.057800	-1.609400	-0.395500
1627305761.541901	0.696200	0.734000	-1.138500	-0.752100	-1.568800	-0.183000
1627305761.542711	0.682500	0.720000	-1.197600	-0.556000	-1.496400	0.036000
1627305761.553780	0.662400	0.667800	-1.231800	-0.407900	-1.383700	0.271500
1627305761.583125	0.655500	0.567700	-1.248500	-0.174800	-1.227600	0.490800
1627305761.584009	0.648900	0.462000	-1.271900	-0.057500	-1.084300	0.631000
1627305761.584919	0.647300	0.366600	-1.284200	-0.108200	-0.923700	0.730900
1627305761.620784	0.642200	0.286000	-1.284300	-0.177300	-0.739200	0.794400
1627305761.621757	0.636100	0.230600	-1.274700	-0.258800	-0.582800	0.814300
1627305761.622709	0.631500	0.194300	-1.244400	-0.438700	-0.428600	0.819800
1627305761.624021	0.619800	0.189800	-1.201300	-0.628700	-0.280500	0.812400
1627305761.639410	0.614900	0.198200	-1.173300	-0.736800	-0.171400	0.810000
1627305761.659475	0.614300	0.212000	-1.129500	-0.824800	-0.081300	0.814300
1627305761.660362	0.604100	0.226100	-1.073900	-0.843700	0.001500	0.825300
1627305761.662604	0.603000	0.232200	-1.037600	-0.770400	0.047000	0.836600
1627305761.692085	0.614400	0.229500	-1.026200	-0.703200	0.083600	0.843000
1627305761.692970	0.618500	0.225700	-1.021600	-0.672100	0.122400	0.849700
1627305761.693776	0.615400	0.220700	-1.026200	-0.644900	0.158200	0.853100
1627305761.706239	0.620200	0.212000	-1.030300	-0.642100	0.201800	0.855800
1627305761.733276	0.643700	0.212000	-1.015600	-0.691300	0.258300	0.851200
1627305761.734163	0.644800	0.223100	-1.005500	-0.732500	0.305100	0.848800
1627305761.735225	0.641600	0.243800	-1.005200	-0.766100	0.352400	0.858300
1627305761.745102	0.649500	0.266600	-1.003500	-0.765200	0.416900	0.882400
1627305761.761963	0.658400	0.278900	-0.995700	-0.768600	0.473700	0.909900
1627305761.762878	0.660300	0.291400	-1.003300	-0.836700	0.525900	0.942600
1627305761.788372	0.667000	0.309300	-1.009300	-0.920400	0.598900	0.994800
1627305761.789262	0.679800	0.314200	-1.000000	-0.908500	0.675200	1.039100
1627305761.792589	0.676800	0.310100	-0.975100	-0.904800	0.740300	1.081200
1627305761.819425	0.658900	0.317700	-0.956700	-0.963400	0.793100	1.133800
1627305761.820311	0.647700	0.332200	-0.958300	-0.955500	0.838700	1.195100
1627305761.822723	0.648100	0.329100	-0.949800	-0.886200	0.884500	1.253500
1627305761.834020	0.656400	0.309800	-0.939800	-0.885200	0.928800	1.317600
1627305761.861880	0.675500	0.298000	-0.939700	-0.934700	0.974000	1.372900
1627305761.862767	0.677700	0.286600	-0.931800	-0.903300	1.024100	1.416300
1627305761.863938	0.667000	0.262700	-0.910900	-0.888600	1.074400	1.460600
1627305761.890549	0.676500	0.248700	-0.882200	-0.915200	1.109000	1.497800
1627305761.891041	0.696800	0.245700	-0.859600	-0.917300	1.122400	1.519500
1627305761.893311	0.694100	0.248300	-0.835300	-0.923100	1.120000	1.543300
1627305761.905927	0.679000	0.256800	-0.820900	-0.939900	1.108400	1.589200
1627305761.921873	0.675800	0.259300	-0.805300	-0.876700	1.102200	1.638600
1627305761.949590	0.680100	0.241500	-0.792800	-0.766700	1.097100	1.695100
1627305761.950467	0.695100	0.203400	-0.801100	-0.698300	1.094000	1.749800
1627305761.951571	0.709800	0.163200	-0.808600	-0.648800	1.104400	1.784900
1627305761.952620	0.714200	0.111000	-0.789800	-0.571000	1.125800	1.797500
1627305761.968043	0.704700	0.057700	-0.747900	-0.515700	1.131000	1.785900
1627305761.993278	0.690700	0.023600	-0.720300	-0.483300	1.112300	1.764800
1627305761.994166	0.675000	0.000200	-0.683300	-0.383100	1.085800	1.740000
1627305761.994974	0.658800	-0.034800	-0.633700	-0.216300	1.035000	1.707000
1627305762.004968	0.657500	-0.059700	-0.616000	-0.099700	0.984300	1.683200
1627305762.019917	0.647200	-0.093300	-0.609700	0.021000	0.936700	1.659400
1627305762.040870	0.654500	-0.155000	-0.597700	0.195400	0.890600	1.608100
1627305762.041765	0.648300	-0.209100	-0.588900	0.252200	0.852700	1.557100
1627305762.044027	0.638300	-0.258300	-0.565100	0.283300	0.820900	1.484100
1627305762.052520	0.645400	-0.322300	-0.541700	0.393000	0.769600	1.348200
1627305762.080737	0.676800	-0.361300	-0.565700	0.382900	0.720500	1.213800
1627305762.081627	0.691000	-0.374800	-0.557100	0.285500	0.679800	1.071100
1627305762.100824	0.685200	-0.371900	-0.528800	0.269900	0.616900	0.894300
1627305762.101730	0.680100	-0.356200	-0.516100	0.267200	0.551900	0.746200
1627305762.102546	0.662500	-0.320300	-0.515400	0.193200	0.482800	0.637400
1627305762.112477	0.640100	-0.262600	-0.511200	0.178900	0.412000	0.548800
1627305762.138523	0.627100	-0.227100	-0.497700	0.281800	0.353000	0.501500
1627305762.139411	0.631300	-0.212600	-0.483400	0.377100	0.299900	0.476500
1627305762.141545	0.638700	-0.207800	-0.474500	0.493500	0.235400	0.456900
1627305762.155119	0.643300	-0.216100	-0.483600	0.647100	0.185600	0.432500
1627305762.170640	0.656700	-0.241100	-0.501000	0.763500	0.148700	0.401000
1627305762.171524	0.669300	-0.271900	-0.509900	0.802300	0.116600	0.349400
1627305762.197040	0.673200	-0.297000	-0.502400	0.817800	0.089700	0.282500
1627305762.197920	0.678000	-0.311300	-0.496200	0.840100	0.066500	0.213500
1627305762.201287	0.682300	-0.314900	-0.502000	0.824000	0.036600	0.136800
1627305762.239645	0.693100	-0.313400	-0.506000	0.799800	0.010900	0.060500
1627305762.240534	0.700200	-0.308200	-0.495800	0.798000	-0.008600	-0.005800
1627305762.241473	0.690200	-0.303100	-0.479200	0.794900	-0.036700	-0.077600
1627305762.242818	0.686400	-0.292600	-0.482700	0.781800	-0.067000	-0.143300
1627305762.270740	0.688000	-0.280900	-0.494400	0.776300	-0.082200	-0.194300
1627305762.271627	0.688400	-0.274400	-0.498400	0.769900	-0.092000	-0.239800
1627305762.272448	0.689900	-0.268300	-0.492700	0.769000	-0.104800	-0.289000
1627305762.281251	0.693000	-0.266400	-0.499400	0.762300	-0.116400	-0.328000
1627305762.312553	0.695400	-0.262100	-0.500500	0.735700	-0.132300	-0.368100
1627305762.314912	0.698900	-0.256100	-0.479000	0.756800	-0.155200	-0.419100
1627305762.315811	0.701300	-0.257300	-0.459100	0.825200	-0.189700	-0.467900
1627305762.342271	0.702900	-0.256700	-0.464500	0.866400	-0.233100	-0.516500
1627305762.343161	0.705100	-0.253700	-0.480300	0.896000	-0.276800	-0.576400
1627305762.344044	0.722700	-0.257300	-0.493200	0.943400	-0.298200	-0.627700
1627305762.351066	0.736200	-0.268200	-0.509300	0.928400	-0.316800	-0.681400
1627305762.366426	0.741800	-0.271100	-0.537500	0.802900	-0.323800	-0.751100
1627305762.388070	0.750700	-0.264000	-0.549400	0.716700	-0.310400	-0.807300
1627305762.388759	0.755200	-0.250900	-0.536300	0.653800	-0.296300	-0.864400
1627305762.392248	0.745100	-0.220200	-0.498500	0.583600	-0.300900	-0.921200
1627305762.416835	0.727400	-0.183800	-0.467500	0.587900	-0.322600	-0.946900
1627305762.417527	0.701200	-0.147700	-0.448600	0.655000	-0.362000	-0.948700
1627305762.428544	0.692400	-0.117300	-0.504800	0.694800	-0.407200	-0.919400
1627305762.440594	0.735100	-0.112800	-0.575000	0.642200	-0.415500	-0.890300
1627305762.441290	0.783900	-0.137600	-0.607300	0.600700	-0.389800	-0.887300
1627305762.452337	0.833300	-0.185900	-0.624100	0.517900	-0.344300	-0.932200
1627305762.454713	0.864900	-0.206400	-0.634900	0.380500	-0.296300	-1.010700
1627305762.479026	0.869300	-0.190900	-0.630100	0.287000	-0.247200	-1.101400
1627305762.481325	0.845100	-0.137300	-0.599000	0.244500	-0.205000	-1.188100
1627305762.484940	0.809700	-0.063100	-0.548300	0.231700	-0.193700	-1.217500
1627305762.503720	0.768100	0.011800	-0.502400	0.290700	-0.213900	-1.187500
1627305762.512041	0.736200	0.082000	-0.512200	0.393600	-0.251700	-1.090700
1627305762.531777	0.759600	0.126000	-0.568100	0.409200	-0.274000	-0.957500
1627305762.532592	0.823900	0.126200	-0.605100	0.429600	-0.257200	-0.842400
1627305762.541436	0.883200	0.073400	-0.603800	0.494100	-0.218800	-0.755000
1627305762.553172	0.901500	0.003800	-0.580300	0.509400	-0.183300	-0.718400
1627305762.575554	0.888500	-0.034800	-0.566200	0.506300	-0.166500	-0.721400
1627305762.576497	0.862300	-0.048000	-0.538900	0.545700	-0.172300	-0.734000
1627305762.583844	0.832400	-0.039800	-0.484600	0.596400	-0.219400	-0.728200
1627305762.591099	0.806600	-0.018700	-0.444100	0.633100	-0.308500	-0.705600
1627305762.591980	0.804000	0.005600	-0.471800	0.662100	-0.422500	-0.668300
1627305762.615345	0.829600	0.018700	-0.547100	0.640400	-0.527500	-0.626200
1627305762.621370	0.861700	0.004800	-0.591800	0.594300	-0.579200	-0.610300
1627305762.644316	0.877700	-0.026500	-0.589400	0.569200	-0.626800	-0.622800
1627305762.645390	0.857700	-0.051000	-0.579500	0.575900	-0.691600	-0.661600
1627305762.649956	0.822400	-0.046100	-0.583600	0.640100	-0.751100	-0.693700
1627305762.661986	0.780900	-0.022300	-0.589600	0.759800	-0.811900	-0.705600
1627305762.662879	0.733400	0.014800	-0.610700	0.911300	-0.884900	-0.681400
1627305762.686168	0.722700	0.036100	-0.678600	1.001400	-0.931300	-0.635000
1627305762.690027	0.748900	0.027200	-0.766800	1.050900	-0.936500	-0.580900
1627305762.708074	0.788100	-0.023900	-0.821700	1.042600	-0.887700	-0.542200
1627305762.708961	0.804900	-0.075100	-0.839600	1.009400	-0.827800	-0.548900
1627305762.732813	0.805400	-0.118200	-0.858300	0.985800	-0.749000	-0.591300
1627305762.733847	0.793100	-0.140400	-0.871900	0.957700	-0.627400	-0.661300
1627305762.748951	0.774000	-0.131000	-0.868400	0.932100	-0.527200	-0.709800
1627305762.758127	0.758800	-0.103000	-0.865600	0.886900	-0.431900	-0.740100
1627305762.769835	0.779200	-0.066400	-0.870200	0.824600	-0.332400	-0.764800
1627305762.783037	0.820400	-0.045900	-0.880900	0.758300	-0.249900	-0.789600
1627305762.783926	0.856400	-0.034500	-0.872600	0.652900	-0.188200	-0.832600
1627305762.801416	0.873900	-0.015400	-0.866500	0.519400	-0.144200	-0.910800
1627305762.802373	0.858000	0.019200	-0.882000	0.435100	-0.112200	-0.979800
1627305762.817976	0.846100	0.067700	-0.892100	0.387800	-0.075800	-1.029000
1627305762.820784	0.847800	0.133400	-0.877400	0.419900	-0.026300	-1.053500
1627305762.838881	0.853300	0.196500	-0.857500	0.518200	0.014000	-1.045200
1627305762.840425	0.852900	0.257200	-0.855200	0.651100	0.054600	-1.007600
1627305762.855920	0.853500	0.310500	-0.862400	0.815700	0.108100	-0.937700
1627305762.861840	0.844700	0.334700	-0.866900	0.939400	0.160300	-0.851900
1627305762.881649	0.832600	0.340300	-0.870100	0.965400	0.196900	-0.770600
1627305762.882459	0.823100	0.331100	-0.866900	0.949500	0.239100	-0.681400
1627305762.890212	0.832300	0.319000	-0.851100	0.938500	0.280000	-0.602900
1627305762.899625	0.846300	0.305700	-0.828700	0.937000	0.313000	-0.534500
1627305762.919622	0.853800	0.299400	-0.794400	0.950700	0.336200	-0.448100
1627305762.920494	0.850500	0.300900	-0.763900	0.967500	0.330400	-0.345500
1627305762.931443	0.828500	0.299800	-0.736000	0.972100	0.290100	-0.237900
1627305762.957342	0.776600	0.295800	-0.704700	0.974800	0.211000	-0.106300
1627305762.958224	0.709500	0.292700	-0.688600	1.007800	0.098900	0.052500
1627305762.961363	0.671800	0.276100	-0.717300	1.111400	0.025900	0.186300
1627305762.971277	0.666300	0.226300	-0.760300	1.294300	-0.000100	0.308200
1627305762.978329	0.703400	0.129000	-0.810900	1.513300	0.028300	0.403200
1627305763.001761	0.726800	0.035800	-0.862100	1.610100	0.095200	0.430600
1627305763.002685	0.761700	-0.055100	-0.914800	1.605900	0.210400	0.387600
1627305763.012461	0.831900	-0.141100	-0.934900	1.547500	0.371600	0.255900
1627305763.022307	0.891400	-0.177000	-0.902600	1.364900	0.499900	0.091900
1627305763.023192	0.917200	-0.145400	-0.822500	1.102200	0.595500	-0.091000
1627305763.050824	0.896200	-0.039700	-0.744400	0.867600	0.662400	-0.272800
1627305763.051709	0.854600	0.075900	-0.712200	0.754000	0.696300	-0.335700
1627305763.062713	0.828000	0.186500	-0.660000	0.666400	0.722900	-0.319500
1627305763.067510	0.837900	0.301100	-0.559200	0.652300	0.721700	-0.217500
1627305763.089495	0.865700	0.358800	-0.498200	0.750000	0.676800	-0.105100
1627305763.090378	0.888300	0.379500	-0.473800	0.866400	0.607400	0.019200
1627305763.109553	0.894300	0.355700	-0.479500	1.015200	0.518300	0.174100
1627305763.110431	0.878400	0.307400	-0.491000	1.135800	0.463600	0.277300
1627305763.133042	0.876700	0.243700	-0.514300	1.199000	0.421100	0.371100
1627305763.133866	0.869600	0.170000	-0.542200	1.188000	0.401300	0.463000
1627305763.142642	0.861700	0.118800	-0.549000	1.158400	0.414400	0.527500
1627305763.153501	0.847200	0.075600	-0.538300	1.129400	0.441900	0.575700
1627305763.154393	0.824100	0.037700	-0.520900	1.085100	0.487400	0.626400
1627305763.177514	0.810400	0.009300	-0.506700	1.040200	0.535400	0.670400
1627305763.180057	0.800900	-0.021000	-0.490000	0.971500	0.583000	0.708600
1627305763.195264	0.793700	-0.063400	-0.445200	0.853900	0.618400	0.744000
1627305763.199464	0.791400	-0.104000	-0.412500	0.750300	0.623600	0.761100
1627305763.223034	0.794900	-0.146000	-0.382700	0.656300	0.608100	0.759900
1627305763.223843	0.798600	-0.188000	-0.357100	0.552400	0.561900	0.736400
1627305763.230256	0.791600	-0.221400	-0.346600	0.440600	0.497500	0.690000
1627305763.241997	0.783200	-0.236300	-0.340300	0.347200	0.430600	0.635300
1627305763.242893	0.768700	-0.244100	-0.333600	0.281200	0.354500	0.566600
1627305763.265391	0.758200	-0.246600	-0.321300	0.243600	0.277900	0.500000
1627305763.268869	0.744300	-0.247300	-0.317500	0.234800	0.209200	0.446200
1627305763.283801	0.726700	-0.244500	-0.326200	0.227400	0.139200	0.395500
1627305763.288251	0.707500	-0.243400	-0.339800	0.208800	0.077500	0.349700
1627305763.311655	0.690600	-0.249000	-0.340900	0.198100	0.030800	0.311500
1627305763.313800	0.676000	-0.259400	-0.338500	0.189300	-0.013200	0.274600
1627305763.319019	0.663000	-0.272500	-0.347800	0.160600	-0.058100	0.232400
1627305763.329704	0.651400	-0.287000	-0.354000	0.117500	-0.083100	0.194900
1627305763.350770	0.656400	-0.304000	-0.367600	0.091200	-0.096000	0.157900
1627305763.351655	0.659100	-0.327100	-0.388500	0.036200	-0.095700	0.118200
1627305763.360044	0.671500	-0.347700	-0.399900	-0.058100	-0.084100	0.079100
1627305763.381158	0.694100	-0.369800	-0.406900	-0.154000	-0.065400	0.031100
1627305763.392112	0.724400	-0.393900	-0.404200	-0.279000	-0.043400	-0.045800
1627305763.392989	0.727700	-0.402200	-0.397500	-0.410900	-0.037300	-0.115500
1627305763.401461	0.731800	-0.397100	-0.385000	-0.548700	-0.042800	-0.197300
1627305763.402354	0.737400	-0.370500	-0.366100	-0.696500	-0.064200	-0.301200
1627305763.428465	0.731300	-0.342800	-0.350700	-0.800300	-0.097200	-0.370200
1627305763.429360	0.726900	-0.305200	-0.345900	-0.894700	-0.135100	-0.422700
1627305763.438942	0.736900	-0.258500	-0.350700	-0.991800	-0.182400	-0.456900
1627305763.457020	0.755500	-0.232300	-0.352200	-1.036700	-0.220900	-0.464900
1627305763.461978	0.767600	-0.218300	-0.354600	-1.066100	-0.261500	-0.464000
1627305763.462861	0.785600	-0.200400	-0.364500	-1.117700	-0.320200	-0.468500
1627305763.488196	0.797500	-0.185500	-0.371800	-1.148800	-0.379100	-0.482600
1627305763.489076	0.792600	-0.168800	-0.378300	-1.168400	-0.439900	-0.504900
1627305763.503931	0.774800	-0.137300	-0.386700	-1.200500	-0.518100	-0.531500
1627305763.507540	0.753900	-0.098100	-0.392700	-1.224600	-0.589900	-0.544300
1627305763.532179	0.751800	-0.062500	-0.394800	-1.204700	-0.660700	-0.534200
1627305763.533053	0.754500	-0.029300	-0.413900	-1.158000	-0.754800	-0.499100
1627305763.538931	0.765900	-0.010900	-0.446400	-1.143900	-0.839400	-0.455700
1627305763.548781	0.788000	-0.003900	-0.478600	-1.117400	-0.912700	-0.418800
1627305763.573267	0.795800	-0.020300	-0.510700	-1.035500	-0.983300	-0.400700
1627305763.574143	0.797200	-0.040500	-0.535300	-0.998600	-1.043400	-0.412700
1627305763.581396	0.790800	-0.049800	-0.554600	-1.005300	-1.092600	-0.445900
1627305763.592629	0.761200	-0.043700	-0.583500	-0.968900	-1.141500	-0.499700
1627305763.611229	0.745500	-0.025900	-0.630900	-0.977500	-1.172300	-0.544900
1627305763.620813	0.751100	-0.002100	-0.668900	-1.045000	-1.177200	-0.554100
1627305763.621701	0.746700	0.027700	-0.695900	-1.084700	-1.168300	-0.547000
1627305763.640681	0.761400	0.047600	-0.713400	-1.103300	-1.153400	-0.537600
1627305763.641559	0.788900	0.056200	-0.730200	-1.101800	-1.143300	-0.525100
1627305763.651355	0.801600	0.065100	-0.763100	-1.102700	-1.131700	-0.519200
1627305763.659377	0.809900	0.074600	-0.788200	-1.103600	-1.114900	-0.530200
1627305763.682836	0.814300	0.093000	-0.794200	-1.089300	-1.102400	-0.549800
1627305763.683709	0.800300	0.130100	-0.797500	-1.079200	-1.096600	-0.564100
1627305763.688810	0.776500	0.187700	-0.802100	-1.056000	-1.096000	-0.555600
1627305763.703240	0.759200	0.244100	-0.810100	-0.987000	-1.092000	-0.510700
1627305763.721941	0.742300	0.295200	-0.823200	-0.914600	-1.086200	-0.423000
1627305763.724058	0.744500	0.339500	-0.844200	-0.849800	-1.073700	-0.294500
1627305763.727785	0.746500	0.351300	-0.869300	-0.778000	-1.055300	-0.179300
1627305763.740895	0.752700	0.341800	-0.906500	-0.725800	-1.023600	-0.070900
1627305763.760393	0.765700	0.304700	-0.944800	-0.737700	-0.962800	0.043100
1627305763.761198	0.755500	0.277700	-0.965300	-0.751500	-0.896800	0.112700
1627305763.769949	0.745200	0.254000	-0.978000	-0.767000	-0.821400	0.164900
1627305763.773218	0.735100	0.243000	-0.973400	-0.795400	-0.730400	0.212600
1627305763.796319	0.734400	0.244100	-0.961300	-0.789000	-0.665600	0.251400
1627305763.798820	0.734000	0.252100	-0.951500	-0.772800	-0.610900	0.303000
1627305763.814152	0.723300	0.258700	-0.963300	-0.786300	-0.555300	0.380900
1627305763.819700	0.710800	0.254900	-0.986100	-0.833900	-0.509200	0.449300
1627305763.842004	0.704300	0.242900	-0.995700	-0.894400	-0.459100	0.512500
1627305763.842827	0.692500	0.220500	-0.987100	-0.924300	-0.402300	0.574800
1627305763.850036	0.684600	0.205600	-0.988400	-0.952700	-0.356800	0.617300
1627305763.860741	0.678000	0.200000	-0.994400	-0.962500	-0.316500	0.647500
1627305763.881691	0.659300	0.196300	-0.994000	-0.892600	-0.257800	0.676800
1627305763.882564	0.645100	0.189800	-0.998900	-0.831200	-0.197100	0.700600
1627305763.890158	0.641500	0.187900	-1.000600	-0.809500	-0.132900	0.723900
1627305763.899592	0.636800	0.180900	-0.994000	-0.763400	-0.054700	0.746800
1627305763.923021	0.628400	0.167000	-0.991500	-0.731900	0.022800	0.767500
1627305763.923880	0.625500	0.154900	-0.992100	-0.766700	0.093400	0.782800
1627305763.927797	0.629000	0.143200	-0.983200	-0.813200	0.175900	0.794700
1627305763.943147	0.640700	0.132400	-0.970500	-0.861400	0.254700	0.798400
1627305763.945694	0.657600	0.132200	-0.954300	-0.938100	0.319100	0.796200
1627305763.966657	0.667800	0.144500	-0.935100	-1.018100	0.383600	0.788900
1627305763.968854	0.670200	0.162000	-0.908000	-1.034900	0.441600	0.787700
1627305763.978805	0.667500	0.176300	-0.878200	-1.031200	0.483100	0.794100
1627305763.987016	0.668500	0.193400	-0.846800	-1.027000	0.512800	0.812700
1627305764.006230	0.674900	0.205000	-0.823900	-0.996100	0.529600	0.839600
1627305764.007621	0.682900	0.205700	-0.804000	-0.966800	0.529600	0.859200
1627305764.022800	0.688600	0.202100	-0.795800	-0.978100	0.518600	0.879600
1627305764.036346	0.701000	0.196700	-0.782800	-0.985100	0.500500	0.899800
1627305764.048271	0.700400	0.188700	-0.771500	-0.959200	0.482500	0.907400
1627305764.049155	0.701700	0.184100	-0.771700	-0.964700	0.457500	0.912900
1627305764.057697	0.716800	0.192600	-0.784200	-0.984200	0.433700	0.913800
1627305764.078714	0.727200	0.200100	-0.791300	-0.956700	0.427500	0.910800
1627305764.094730	0.729000	0.207500	-0.789900	-0.932300	0.429700	0.915100
1627305764.099434	0.728000	0.223400	-0.796400	-0.951200	0.440100	0.933400
1627305764.108503	0.726700	0.238800	-0.801400	-0.946600	0.455600	0.965200
1627305764.109386	0.724900	0.247300	-0.802000	-0.927400	0.473400	1.007300
1627305764.115078	0.726000	0.249300	-0.786500	-0.941100	0.487100	1.062000
1627305764.138218	0.724000	0.252600	-0.770800	-0.954000	0.483700	1.104100
1627305764.139099	0.715900	0.256200	-0.769200	-0.932900	0.473100	1.147500
1627305764.140030	0.714000	0.256500	-0.771900	-0.886500	0.461800	1.205200
1627305764.166941	0.709000	0.249600	-0.775000	-0.826600	0.456300	1.250100
1627305764.167818	0.716100	0.237100	-0.786700	-0.758500	0.463000	1.288900
1627305764.182684	0.734000	0.214500	-0.793100	-0.706300	0.477900	1.317300
1627305764.185050	0.739600	0.195100	-0.790900	-0.673300	0.488900	1.329800
1627305764.213241	0.728000	0.185200	-0.781000	-0.666900	0.495700	1.336600
1627305764.214122	0.705600	0.185700	-0.767600	-0.674500	0.496300	1.354600
1627305764.217846	0.690200	0.191800	-0.749600	-0.651000	0.493200	1.383000
1627305764.227827	0.683800	0.191200	-0.728600	-0.600300	0.486800	1.422400
1627305764.237809	0.681200	0.177500	-0.714600	-0.542900	0.471200	1.475800
1627305764.249994	0.680800	0.158300	-0.711200	-0.484500	0.458400	1.519200
1627305764.258297	0.672400	0.125000	-0.708500	-0.403300	0.451100	1.553700
1627305764.280393	0.663800	0.078500	-0.708000	-0.325100	0.445600	1.576300
1627305764.281202	0.653600	0.029100	-0.701700	-0.285100	0.440700	1.584300
1627305764.291425	0.649400	-0.013500	-0.692000	-0.251500	0.434600	1.572700
1627305764.302048	0.648700	-0.055400	-0.677700	-0.188200	0.428500	1.540600
1627305764.323810	0.647100	-0.094100	-0.667700	-0.161700	0.415900	1.493900
1627305764.325653	0.642900	-0.116500	-0.668500	-0.153400	0.404600	1.447100
1627305764.338271	0.644200	-0.144500	-0.660900	-0.098500	0.405900	1.387900
1627305764.339149	0.650000	-0.184200	-0.651000	-0.055100	0.406200	1.319200
1627305764.346315	0.657600	-0.213300	-0.645400	-0.073400	0.401300	1.248600
1627305764.370100	0.660900	-0.241100	-0.634800	-0.079200	0.393900	1.160300
1627305764.379432	0.666900	-0.263200	-0.615100	-0.039200	0.379000	1.045800
1627305764.380314	0.675500	-0.278900	-0.607500	-0.047100	0.355500	0.946200
1627305764.386461	0.671800	-0.279100	-0.595700	-0.065200	0.321900	0.842700
1627305764.406268	0.670000	-0.275500	-0.585200	-0.026400	0.284600	0.730900
1627305764.407526	0.672500	-0.278000	-0.579200	0.003000	0.251000	0.646000
1627305764.420838	0.674200	-0.274700	-0.573500	0.000500	0.218600	0.567500
1627305764.433840	0.678700	-0.271200	-0.574700	0.039900	0.183200	0.475900
1627305764.449177	0.678600	-0.274300	-0.576300	0.084500	0.162400	0.404700
1627305764.453488	0.682300	-0.278300	-0.566000	0.104400	0.138300	0.332000
1627305764.454393	0.684100	-0.280400	-0.563100	0.126300	0.101000	0.240100
1627305764.477371	0.681300	-0.283200	-0.562900	0.150800	0.071700	0.166400
1627305764.487020	0.675200	-0.286300	-0.559900	0.173400	0.042400	0.096800
1627305764.487908	0.666700	-0.283800	-0.551000	0.203300	0.000500	0.012800
1627305764.496421	0.663000	-0.288000	-0.551800	0.245500	-0.034300	-0.054400
1627305764.519873	0.663200	-0.294700	-0.559100	0.296500	-0.068500	-0.124000
1627305764.524814	0.673100	-0.308000	-0.567100	0.337400	-0.102700	-0.213500
1627305764.525684	0.683700	-0.316500	-0.574500	0.345600	-0.131400	-0.305100
1627305764.537761	0.687700	-0.323400	-0.570700	0.369500	-0.159200	-0.398900
1627305764.538639	0.687700	-0.323400	-0.570700	0.369500	-0.159200	-0.398900
1627305764.565939	0.690100	-0.326700	-0.576700	0.402800	-0.191600	-0.518900
1627305764.566817	0.692300	-0.327600	-0.586300	0.396700	-0.217800	-0.624300
1627305764.575204	0.699000	-0.323000	-0.597500	0.387500	-0.234600	-0.726000
1627305764.580116	0.717000	-0.315800	-0.588300	0.417700	-0.254200	-0.849100
1627305764.601146	0.726100	-0.303100	-0.579200	0.419600	-0.277700	-0.962100
1627305764.615801	0.728900	-0.276200	-0.582900	0.381100	-0.306400	-1.067500
1627305764.616703	0.723300	-0.228000	-0.591300	0.347500	-0.337000	-1.169500
1627305764.619038	0.707300	-0.180200	-0.587600	0.331900	-0.371200	-1.248900
1627305764.636508	0.696200	-0.138200	-0.579000	0.316600	-0.409300	-1.293500
1627305764.646316	0.684400	-0.087800	-0.573100	0.306200	-0.461300	-1.315200
1627305764.650749	0.673700	-0.042200	-0.572400	0.353600	-0.518100	-1.313400
1627305764.673750	0.669100	-0.014000	-0.582600	0.421100	-0.567900	-1.293800
1627305764.674851	0.666300	0.005100	-0.596400	0.501700	-0.621300	-1.259300
1627305764.690049	0.668500	0.006800	-0.616800	0.616300	-0.668700	-1.226000
1627305764.694416	0.685400	-0.008900	-0.658300	0.717100	-0.699800	-1.206200
1627305764.718274	0.715300	-0.035200	-0.707400	0.766200	-0.707800	-1.206800
1627305764.719079	0.742700	-0.058800	-0.727900	0.780300	-0.691300	-1.239200
1627305764.725165	0.740400	-0.062000	-0.719500	0.777800	-0.673200	-1.283700
1627305764.739443	0.716800	-0.041300	-0.713400	0.751900	-0.667400	-1.324100
1627305764.740329	0.679900	0.007800	-0.711200	0.703600	-0.675100	-1.334100
1627305764.762920	0.645600	0.056800	-0.693000	0.710600	-0.694600	-1.306000
1627305764.765134	0.621200	0.092200	-0.664100	0.775100	-0.732200	-1.244300
1627305764.780015	0.610800	0.108600	-0.644300	0.871900	-0.793300	-1.153600
1627305764.794878	0.617400	0.107700	-0.651600	0.980000	-0.850700	-1.073300
1627305764.805766	0.624500	0.077400	-0.682300	1.134600	-0.900800	-1.012500
1627305764.806650	0.630200	-0.002000	-0.722800	1.269900	-0.948700	-0.973100
1627305764.808846	0.635900	-0.068600	-0.757900	1.283000	-0.975600	-0.982600
1627305764.835076	0.633200	-0.130900	-0.785300	1.264400	-0.989400	-1.028100
1627305764.835962	0.625400	-0.180100	-0.813800	1.192600	-1.004600	-1.128300
1627305764.846384	0.619400	-0.191300	-0.834600	1.094300	-1.020800	-1.230300
1627305764.853771	0.614600	-0.181200	-0.857700	1.015200	-1.035800	-1.334400
1627305764.878604	0.599200	-0.148400	-0.879500	0.957100	-1.051700	-1.454200
1627305764.879486	0.595900	-0.113900	-0.901400	0.937900	-1.059300	-1.541500
1627305764.889024	0.605300	-0.080100	-0.934400	0.966600	-1.053800	-1.623400
1627305764.896474	0.619100	-0.046900	-0.975000	1.027100	-1.029400	-1.714100
1627305764.916279	0.625700	-0.018100	-1.005600	1.067100	-0.987500	-1.786500
1627305764.927098	0.627000	0.015500	-1.029300	1.116900	-0.926100	-1.844200
1627305764.928001	0.619800	0.062900	-1.065900	1.157200	-0.822300	-1.885800
1627305764.937561	0.616500	0.116800	-1.098600	1.142200	-0.705600	-1.884500
1627305764.957731	0.608900	0.172500	-1.126600	1.083600	-0.571800	-1.848500
1627305764.965774	0.638400	0.229100	-1.136200	1.025500	-0.406600	-1.776400
1627305764.966654	0.656500	0.269200	-1.125900	0.957700	-0.242900	-1.691200
1627305764.972589	0.658600	0.306300	-1.116200	0.840800	-0.100900	-1.598600
1627305764.992847	0.664900	0.347300	-1.096100	0.769000	0.064400	-1.487500
1627305764.995187	0.677700	0.374800	-1.070200	0.742100	0.218300	-1.378100
1627305765.008740	0.703500	0.391700	-1.049300	0.656600	0.326400	-1.280100
1627305765.028401	0.726400	0.414700	-1.018800	0.537800	0.416900	-1.179600
1627305765.029298	0.754200	0.433700	-0.984900	0.484000	0.464200	-1.088900
1627305765.038909	0.783700	0.446900	-0.951200	0.488900	0.475800	-1.017100
1627305765.045168	0.805100	0.464100	-0.918200	0.547500	0.456900	-0.944700
1627305765.049401	0.800900	0.484900	-0.907800	0.651400	0.425100	-0.860400
1627305765.072541	0.785500	0.510500	-0.924200	0.749100	0.411000	-0.775500
1627305765.075092	0.764200	0.534400	-0.965000	0.817200	0.423900	-0.660100
1627305765.090873	0.760700	0.548000	-0.987200	0.851700	0.461400	-0.518900
1627305765.093208	0.760100	0.543100	-0.980800	0.873700	0.495300	-0.395500
1627305765.111657	0.760000	0.526600	-0.976200	0.886600	0.533200	-0.265700
1627305765.115287	0.755500	0.509300	-0.986500	0.901800	0.585500	-0.127700
1627305765.120217	0.742300	0.491100	-0.997100	0.928700	0.649600	-0.013100
1627305765.133883	0.727700	0.466700	-0.986900	0.964500	0.731800	0.095900
1627305765.148199	0.736500	0.435200	-0.959700	0.991300	0.835300	0.222000
1627305765.149074	0.737400	0.409400	-0.929600	0.982800	0.905900	0.317300
1627305765.171638	0.726900	0.385400	-0.887700	0.971200	0.965400	0.407100
1627305765.173889	0.717700	0.347900	-0.834400	0.983700	1.019200	0.511000
1627305765.188924	0.707800	0.316900	-0.800300	0.967500	1.043300	0.589800
1627305765.191981	0.703600	0.288800	-0.767800	0.923800	1.060100	0.660900
1627305765.215032	0.693200	0.256600	-0.724100	0.934800	1.074400	0.742500
1627305765.216381	0.692000	0.220300	-0.692900	0.958300	1.077800	0.798100
1627305765.231537	0.698200	0.183100	-0.661300	0.946100	1.065300	0.846000
1627305765.236977	0.694800	0.142300	-0.620000	0.922300	1.025300	0.884800
1627305765.260080	0.687700	0.101300	-0.587000	0.937000	0.970900	0.901900
1627305765.262564	0.679600	0.063100	-0.561300	0.951900	0.908300	0.906200
1627305765.274502	0.664100	0.027100	-0.538300	0.933600	0.830700	0.901600
1627305765.275373	0.652100	-0.000600	-0.526500	0.946700	0.766600	0.894300
1627305765.285185	0.638100	-0.027100	-0.522300	0.971200	0.719500	0.886000
1627305765.302662	0.630900	-0.059100	-0.519000	0.936000	0.671900	0.877800
1627305765.303689	0.626100	-0.088000	-0.513400	0.898200	0.641300	0.864100
1627305765.315870	0.628400	-0.123800	-0.496600	0.886300	0.618100	0.842700
1627305765.316751	0.623900	-0.165400	-0.475600	0.842600	0.593100	0.806900
1627305765.345850	0.630100	-0.198000	-0.457200	0.766800	0.565300	0.763900
1627305765.346674	0.630100	-0.223500	-0.437700	0.716100	0.537500	0.717100
1627305765.355116	0.626600	-0.252400	-0.414200	0.648300	0.500200	0.656400
1627305765.360834	0.626600	-0.276700	-0.386500	0.525500	0.455600	0.593700
1627305765.382537	0.619600	-0.287700	-0.363900	0.413800	0.404600	0.535700
1627305765.383712	0.621200	-0.300400	-0.344600	0.314200	0.339000	0.466400
1627305765.399217	0.613500	-0.318200	-0.320200	0.207600	0.263800	0.391600
1627305765.404504	0.613400	-0.330200	-0.300500	0.124800	0.191100	0.318600
1627305765.420566	0.605700	-0.339200	-0.295900	0.063700	0.110800	0.236100
1627305765.424064	0.599700	-0.349600	-0.297000	0.008100	0.030200	0.138300
1627305765.435196	0.604400	-0.361200	-0.289400	-0.026400	-0.031200	0.055900
1627305765.458368	0.615200	-0.375100	-0.288900	-0.063300	-0.098100	-0.029600
1627305765.459259	0.645100	-0.391600	-0.314000	-0.159500	-0.173200	-0.124900
1627305765.465058	0.670000	-0.402100	-0.321900	-0.275000	-0.231300	-0.215000
1627305765.486667	0.685300	-0.406400	-0.318400	-0.392600	-0.299700	-0.321300
1627305765.487487	0.704200	-0.398100	-0.316000	-0.542200	-0.404500	-0.453000
1627305765.497699	0.714000	-0.379500	-0.317000	-0.658000	-0.502500	-0.567200
1627305765.507134	0.709200	-0.350100	-0.320900	-0.731900	-0.606000	-0.682000
1627305765.508015	0.695800	-0.298600	-0.333600	-0.793900	-0.736500	-0.814600
1627305765.533182	0.677900	-0.249000	-0.360600	-0.837000	-0.836300	-0.905000
1627305765.534084	0.670000	-0.199000	-0.399900	-0.885200	-0.922800	-0.976200
1627305765.545249	0.681300	-0.134500	-0.464200	-0.973800	-1.012600	-1.034800
1627305765.549363	0.669600	-0.084100	-0.512100	-1.077100	-1.067900	-1.066600
1627305765.572508	0.672500	-0.033400	-0.543100	-1.157100	-1.105700	-1.088000
1627305765.573840	0.671900	0.026900	-0.577300	-1.189800	-1.138700	-1.095300
1627305765.589199	0.654800	0.079200	-0.619400	-1.210800	-1.154900	-1.083400
1627305765.593224	0.634900	0.134300	-0.659300	-1.215700	-1.150900	-1.052500
1627305765.616653	0.612500	0.197100	-0.694600	-1.154600	-1.115500	-0.982900
1627305765.618142	0.597800	0.243700	-0.731000	-1.109700	-1.064200	-0.888800
1627305765.623925	0.590500	0.286000	-0.768600	-1.135700	-0.996100	-0.774300
1627305765.635809	0.601000	0.320200	-0.764500	-1.113400	-0.904800	-0.615800
1627305765.636716	0.637900	0.317500	-0.777100	-1.032800	-0.844000	-0.469200
1627305765.661601	0.673000	0.289600	-0.798100	-1.073100	-0.806100	-0.351900
1627305765.665087	0.707300	0.253300	-0.782200	-1.135700	-0.791100	-0.272800
1627305765.673786	0.733800	0.217400	-0.769400	-1.110000	-0.813400	-0.257200
1627305765.678272	0.731900	0.195700	-0.776000	-1.150700	-0.860800	-0.270600
1627305765.700368	0.698900	0.218300	-0.773800	-1.196200	-0.914500	-0.289600
1627305765.702641	0.672600	0.261700	-0.788800	-1.114900	-0.964300	-0.295700
1627305765.713976	0.664200	0.300000	-0.820400	-1.041600	-0.993600	-0.270300
1627305765.724800	0.662100	0.335900	-0.858600	-1.004700	-0.999100	-0.207700
1627305765.735781	0.680500	0.351100	-0.893600	-0.928900	-0.974400	-0.131700
1627305765.742347	0.708400	0.336500	-0.919200	-0.846500	-0.936500	-0.060200
1627305765.752582	0.714100	0.307900	-0.945900	-0.860500	-0.895600	-0.000900
1627305765.754781	0.708300	0.286400	-0.968800	-0.923400	-0.851900	0.040300
1627305765.782903	0.708100	0.283600	-0.978000	-0.951800	-0.813700	0.059900
1627305765.783714	0.703900	0.298600	-0.976900	-0.987600	-0.788700	0.077000
1627305765.786329	0.687600	0.337800	-0.950400	-1.013200	-0.767900	0.111800
1627305765.807632	0.667700	0.379600	-0.931300	-0.913700	-0.765800	0.158800
1627305765.817217	0.664100	0.412500	-0.947000	-0.771300	-0.761200	0.237900
1627305765.834418	0.666900	0.429700	-0.977300	-0.642400	-0.743500	0.351800
1627305765.835571	0.665000	0.416900	-0.991800	-0.540400	-0.718400	0.452900
1627305765.842698	0.657700	0.388500	-1.005100	-0.467400	-0.690600	0.541500
1627305765.855858	0.657300	0.340600	-1.021700	-0.444500	-0.656100	0.627000
1627305765.856737	0.650900	0.308500	-1.042800	-0.441500	-0.625000	0.677700
1627305765.880035	0.635900	0.288100	-1.062500	-0.444800	-0.583700	0.714700
1627305765.882567	0.619400	0.279800	-1.071000	-0.466500	-0.523600	0.759300
1627305765.897816	0.608300	0.284800	-1.076500	-0.461300	-0.474400	0.794100
1627305765.900866	0.600600	0.296600	-1.087300	-0.432300	-0.418800	0.834100
1627305765.924420	0.592800	0.301400	-1.100300	-0.383400	-0.341500	0.893100
1627305765.925454	0.581700	0.295700	-1.112500	-0.333600	-0.271300	0.945900
1627305765.933900	0.568700	0.284200	-1.120200	-0.300600	-0.194000	0.997800
1627305765.944626	0.556200	0.263900	-1.121600	-0.275000	-0.103600	1.052800
1627305765.968110	0.547600	0.242600	-1.119000	-0.236800	-0.027600	1.090400
1627305765.968920	0.540600	0.223500	-1.120700	-0.226400	0.039900	1.117000
1627305765.972601	0.526700	0.212600	-1.117800	-0.237100	0.122100	1.144100
1627305765.984530	0.521500	0.208000	-1.115500	-0.229800	0.204300	1.168900
1627305766.004097	0.515300	0.201400	-1.103100	-0.216700	0.285800	1.190900
1627305766.005124	0.518800	0.194700	-1.082400	-0.201700	0.372900	1.215300
1627305766.011414	0.528200	0.189000	-1.059400	-0.170200	0.455600	1.231800
1627305766.032746	0.533300	0.182900	-1.034100	-0.131700	0.519800	1.242800
1627305766.044726	0.525000	0.177100	-1.009000	-0.111900	0.579000	1.253500
1627305766.053159	0.517200	0.171100	-0.977200	-0.095100	0.627600	1.271200
1627305766.054074	0.512600	0.162000	-0.943000	-0.059700	0.658100	1.290700
1627305766.075094	0.517000	0.147800	-0.920800	-0.038900	0.674000	1.310600
1627305766.076238	0.530000	0.137000	-0.900600	-0.042900	0.680700	1.325600
1627305766.091515	0.529400	0.127600	-0.880600	-0.028200	0.679200	1.335600
1627305766.093329	0.519300	0.114900	-0.870000	-0.015400	0.674000	1.346600
1627305766.115451	0.503700	0.101600	-0.847300	-0.019300	0.670700	1.372000
1627305766.116474	0.489700	0.085400	-0.821200	0.033500	0.658100	1.394600
1627305766.122795	0.483500	0.058600	-0.812100	0.085100	0.639200	1.417200
1627305766.129626	0.476400	0.024200	-0.808800	0.088800	0.617200	1.437400
1627305766.142703	0.470800	-0.012900	-0.783300	0.143500	0.603200	1.442900
1627305766.155852	0.468500	-0.065400	-0.773900	0.235100	0.585500	1.429400
1627305766.156731	0.460800	-0.124800	-0.784200	0.236000	0.576000	1.401900
1627305766.180456	0.456300	-0.168600	-0.783100	0.223500	0.582400	1.366200
1627305766.182895	0.456300	-0.219200	-0.772600	0.268400	0.602900	1.315500
1627305766.192640	0.462600	-0.278000	-0.759900	0.249100	0.627900	1.235800
1627305766.200833	0.450300	-0.318600	-0.739300	0.164800	0.653600	1.160300
1627305766.219000	0.441200	-0.349600	-0.695400	0.176700	0.668200	1.067800
1627305766.222750	0.443500	-0.400000	-0.691500	0.185600	0.672500	0.934000
1627305766.238307	0.456700	-0.440300	-0.667600	0.117800	0.663300	0.814300
1627305766.240739	0.478000	-0.468100	-0.675200	0.012100	0.643800	0.681400
1627305766.263029	0.485600	-0.490100	-0.635400	-0.136300	0.612900	0.491400
1627305766.264079	0.506800	-0.502200	-0.625700	-0.212100	0.566200	0.319200
1627305766.277712	0.520300	-0.495800	-0.593600	-0.319900	0.517300	0.146600
1627305766.279387	0.516400	-0.465200	-0.553800	-0.396900	0.426000	-0.062000
1627305766.303048	0.527800	-0.432300	-0.557500	-0.407900	0.329500	-0.241600
1627305766.304024	0.531600	-0.397000	-0.532800	-0.399300	0.229000	-0.391900
1627305766.311673	0.538000	-0.356000	-0.520900	-0.366300	0.092800	-0.564800
1627305766.332684	0.557500	-0.314800	-0.528400	-0.304000	-0.042500	-0.711700
1627305766.340611	0.580800	-0.276600	-0.556200	-0.247200	-0.166500	-0.847600
1627305766.341208	0.605300	-0.230700	-0.590700	-0.208400	-0.297900	-1.000600
1627305766.350905	0.619300	-0.186600	-0.619600	-0.164400	-0.399000	-1.128300
1627305766.353426	0.629000	-0.139900	-0.650600	-0.122900	-0.476200	-1.237900
1627305766.380825	0.636600	-0.080300	-0.691800	-0.105800	-0.535800	-1.337800
1627305766.391940	0.636400	-0.012600	-0.717500	-0.077700	-0.568500	-1.405900
1627305766.392862	0.631300	0.048200	-0.740200	-0.043800	-0.577600	-1.433400
1627305766.400228	0.615000	0.120800	-0.767700	-0.049600	-0.568800	-1.414800
1627305766.420986	0.595800	0.198400	-0.790600	-0.079200	-0.544000	-1.344200
1627305766.421868	0.586800	0.255900	-0.791400	-0.058100	-0.514700	-1.247400
1627305766.433967	0.594600	0.294200	-0.791500	-0.003800	-0.490300	-1.111200
1627305766.440068	0.611500	0.313600	-0.801500	0.035000	-0.470700	-0.963300
1627305766.461625	0.630900	0.304200	-0.814700	0.117800	-0.445400	-0.839000
1627305766.462444	0.649200	0.264400	-0.827600	0.249400	-0.410900	-0.734000
1627305766.468790	0.665000	0.199700	-0.843000	0.322700	-0.371500	-0.655500
1627305766.483927	0.674900	0.148700	-0.857400	0.317900	-0.336600	-0.621000
1627305766.492722	0.676800	0.107400	-0.865100	0.300100	-0.296000	-0.612400
1627305766.495767	0.676900	0.074500	-0.855100	0.250700	-0.257500	-0.620300
1627305766.519424	0.671300	0.067000	-0.836700	0.177000	-0.239200	-0.633800
1627305766.521574	0.668100	0.073700	-0.825900	0.126000	-0.228500	-0.646300
1627305766.536956	0.679200	0.084800	-0.822000	0.105900	-0.218400	-0.659700
1627305766.540752	0.692400	0.092800	-0.813700	0.117500	-0.215100	-0.674100
1627305766.561687	0.703200	0.093400	-0.824200	0.114700	-0.214500	-0.691200
1627305766.562590	0.711400	0.100000	-0.840300	0.110200	-0.204700	-0.720800
1627305766.572564	0.713900	0.102900	-0.843300	0.125700	-0.190700	-0.748900
1627305766.581995	0.712000	0.111300	-0.851000	0.106800	-0.176900	-0.772100
1627305766.605470	0.700800	0.141400	-0.855200	0.046600	-0.157400	-0.788600
1627305766.607639	0.691900	0.180300	-0.869100	0.011500	-0.134500	-0.782800
1627305766.611505	0.685700	0.222900	-0.880400	-0.023900	-0.105400	-0.755300
1627305766.622419	0.681900	0.267700	-0.879200	-0.026700	-0.064500	-0.702200
1627305766.642109	0.682900	0.294800	-0.875400	-0.002900	-0.033700	-0.643300
1627305766.642986	0.682700	0.315100	-0.874000	0.018500	-0.008300	-0.581600
1627305766.651372	0.675200	0.329300	-0.880400	0.067100	0.018000	-0.503400
1627305766.672448	0.668900	0.332200	-0.881700	0.122400	0.043600	-0.433400
1627305766.680794	0.664400	0.330400	-0.879000	0.159900	0.064100	-0.366500
1627305766.681661	0.658400	0.322000	-0.878900	0.187100	0.091300	-0.292600
1627305766.691497	0.648400	0.311400	-0.875000	0.218600	0.116600	-0.232100
1627305766.693828	0.643900	0.300900	-0.877300	0.228100	0.142300	-0.183900
1627305766.718404	0.639400	0.289400	-0.870200	0.212800	0.168800	-0.135300
1627305766.721682	0.631600	0.278900	-0.857300	0.217100	0.194800	-0.093200
1627305766.731542	0.623800	0.267300	-0.841700	0.221900	0.211600	-0.059000
1627305766.740806	0.616700	0.255700	-0.823400	0.227400	0.224400	-0.025400
1627305766.761753	0.619600	0.241600	-0.813700	0.240300	0.232700	0.000600
1627305766.762454	0.622800	0.226600	-0.806800	0.250700	0.236600	0.016800
1627305766.777277	0.620200	0.209800	-0.801100	0.249100	0.240000	0.026600
1627305766.778706	0.618000	0.195600	-0.791900	0.235400	0.240300	0.032400
1627305766.800010	0.613300	0.184700	-0.785400	0.219500	0.240600	0.030200
1627305766.801435	0.612900	0.175500	-0.776100	0.211300	0.242100	0.025600
1627305766.810317	0.614700	0.174600	-0.768600	0.178900	0.242100	0.021700
1627305766.832284	0.611800	0.178300	-0.760700	0.150500	0.242100	0.020100
1627305766.833181	0.613800	0.185100	-0.753100	0.145600	0.242100	0.024100
1627305766.840202	0.617100	0.183100	-0.740000	0.136700	0.238200	0.030500
1627305766.850123	0.620800	0.182700	-0.724100	0.127600	0.228100	0.038800
1627305766.851946	0.625100	0.175200	-0.713300	0.127300	0.208200	0.046400
1627305766.880387	0.630500	0.163500	-0.702000	0.130600	0.183500	0.053700
1627305766.881345	0.633800	0.152800	-0.695400	0.117200	0.158800	0.057700
1627305766.891389	0.632700	0.143300	-0.688500	0.108600	0.127000	0.062000
1627305766.893418	0.637800	0.127800	-0.689700	0.094600	0.085800	0.059500
1627305766.917766	0.640000	0.116300	-0.691700	0.087300	0.055200	0.055900
1627305766.920177	0.639200	0.098400	-0.696200	0.072000	0.026200	0.048600
1627305766.935406	0.651700	0.076500	-0.715300	0.058500	-0.013200	0.042700
1627305766.939498	0.655600	0.054700	-0.744100	0.045700	-0.041300	0.041800
1627305766.961710	0.650300	0.032000	-0.771600	0.011500	-0.062100	0.040300
1627305766.962516	0.636100	0.002400	-0.788000	0.002300	-0.081900	0.030200
1627305766.970198	0.621600	-0.024200	-0.797900	0.057900	-0.096000	0.009800
1627305766.980837	0.616000	-0.049700	-0.819000	0.113200	-0.105100	-0.024400
1627305766.999579	0.618800	-0.080900	-0.851100	0.181600	-0.108500	-0.083400
1627305767.000474	0.625100	-0.109900	-0.881100	0.254900	-0.099000	-0.150600
1627305767.010455	0.630000	-0.142100	-0.912800	0.289100	-0.084700	-0.230300
1627305767.019088	0.632200	-0.175700	-0.941500	0.276300	-0.065100	-0.350300
1627305767.042152	0.643800	-0.199600	-0.950700	0.289400	-0.047700	-0.478300
1627305767.043031	0.650600	-0.213900	-0.955200	0.336200	-0.030000	-0.612400
1627305767.052633	0.654900	-0.205600	-0.975600	0.349000	-0.001000	-0.781900
1627305767.070055	0.656900	-0.166000	-0.991800	0.332200	0.043900	-0.930100
1627305767.080935	0.644400	-0.105700	-0.991000	0.360600	0.097400	-1.042800
1627305767.089560	0.624900	-0.020900	-0.965900	0.402200	0.159100	-1.133500
1627305767.090475	0.615100	0.073500	-0.934300	0.461400	0.204600	-1.183900
1627305767.092656	0.616300	0.155500	-0.916500	0.542000	0.220800	-1.201900
1627305767.116517	0.623300	0.237100	-0.909400	0.612000	0.203000	-1.192400
1627305767.130846	0.627400	0.315100	-0.911000	0.626600	0.164300	-1.150000
1627305767.131740	0.630600	0.378100	-0.927700	0.653500	0.126700	-1.081900
1627305767.151345	0.649300	0.430100	-0.952500	0.730500	0.106800	-0.984400
1627305767.152666	0.656000	0.466300	-0.977500	0.826400	0.117500	-0.851600
1627305767.162450	0.658700	0.486800	-1.004300	0.904300	0.148400	-0.735200
1627305767.173148	0.679400	0.491000	-1.033700	1.003200	0.202700	-0.617000
1627305767.198045	0.687000	0.476000	-1.060900	1.084200	0.285500	-0.489900
1627305767.198872	0.685700	0.470100	-1.064800	1.092100	0.364300	-0.390700
1627305767.200019	0.681200	0.464100	-1.060800	1.114100	0.449200	-0.286200
1627305767.212363	0.688200	0.453500	-1.056400	1.177300	0.548500	-0.171100
1627305767.234065	0.701000	0.441300	-1.054400	1.185900	0.628800	-0.075800
1627305767.235789	0.694700	0.432300	-1.054700	1.148000	0.714300	0.014000
1627305767.250753	0.677600	0.423100	-1.045500	1.106200	0.835300	0.121500
1627305767.254462	0.666000	0.407700	-1.029400	1.085700	0.943400	0.203400
1627305767.255346	0.671400	0.391000	-0.993300	1.057300	1.053700	0.286200
1627305767.280345	0.688400	0.363200	-0.921000	1.079600	1.164200	0.380900
1627305767.282727	0.681200	0.340000	-0.869900	1.115600	1.226900	0.445900
1627305767.294011	0.662400	0.314900	-0.828700	1.112300	1.280300	0.508500
1627305767.316672	0.638300	0.290600	-0.768900	1.125100	1.337700	0.584900
1627305767.319169	0.619500	0.259500	-0.717700	1.146500	1.381400	0.648700
1627305767.320100	0.611100	0.222900	-0.660600	1.123300	1.416800	0.707100
1627305767.335527	0.611600	0.176000	-0.600700	1.061600	1.433900	0.763600
1627305767.338315	0.621800	0.137000	-0.564300	0.994400	1.430900	0.794400
1627305767.359494	0.632300	0.088300	-0.524900	0.914400	1.412000	0.803600
1627305767.360299	0.646900	0.025400	-0.491000	0.785800	1.373200	0.790100
1627305767.374041	0.650300	-0.023700	-0.448200	0.645000	1.336500	0.763000
1627305767.384562	0.653000	-0.058600	-0.409700	0.572900	1.287600	0.718700
1627305767.400726	0.659400	-0.098400	-0.382300	0.479100	1.228700	0.657300
1627305767.401532	0.661600	-0.121900	-0.333900	0.384400	1.169400	0.598300
1627305767.408994	0.667500	-0.140000	-0.283700	0.358800	1.091900	0.531700
1627305767.428989	0.680200	-0.157300	-0.265000	0.314200	0.976100	0.446200
1627305767.444224	0.687900	-0.170300	-0.241000	0.209700	0.846000	0.355500
1627305767.450714	0.697800	-0.179100	-0.233900	0.165100	0.718300	0.268500
1627305767.459632	0.698700	-0.188400	-0.228000	0.117200	0.576600	0.169500
1627305767.460532	0.695400	-0.190800	-0.224900	0.029500	0.442200	0.075100
1627305767.466387	0.694900	-0.180900	-0.226400	0.006300	0.330100	-0.010100
1627305767.488183	0.704200	-0.170300	-0.237300	0.034400	0.209800	-0.099900
1627305767.490764	0.706700	-0.156400	-0.259500	0.020700	0.098000	-0.178400
1627305767.491650	0.708900	-0.140700	-0.270400	0.007200	0.015200	-0.237000
1627305767.515966	0.717300	-0.128100	-0.278800	0.057600	-0.063900	-0.291700
1627305767.520304	0.736000	-0.124600	-0.293500	0.094900	-0.146100	-0.342400
1627305767.535905	0.742800	-0.117600	-0.318200	0.048800	-0.209600	-0.368100
1627305767.536790	0.751500	-0.106900	-0.348600	-0.016900	-0.264600	-0.386100
1627305767.560478	0.758100	-0.095800	-0.368400	-0.091400	-0.314400	-0.397400
1627305767.561285	0.759300	-0.087600	-0.368000	-0.191300	-0.356200	-0.405300
1627305767.568888	0.751600	-0.063800	-0.365400	-0.283900	-0.403200	-0.408700
1627305767.577185	0.734500	-0.032700	-0.368500	-0.335500	-0.458500	-0.404700
1627305767.600621	0.721600	-0.006600	-0.371100	-0.362700	-0.504900	-0.386700
1627305767.602853	0.706900	0.018100	-0.374000	-0.393200	-0.555600	-0.357400
1627305767.625730	0.713900	0.040400	-0.389400	-0.406000	-0.617000	-0.311200
1627305767.626621	0.734400	0.039300	-0.400500	-0.393800	-0.662200	-0.269100
1627305767.638381	0.741900	0.026600	-0.423700	-0.385600	-0.702300	-0.238600
1627305767.639268	0.761100	0.004800	-0.460400	-0.436600	-0.736200	-0.224500
1627305767.646378	0.773300	-0.012300	-0.480800	-0.466500	-0.754500	-0.234600
1627305767.671277	0.780200	-0.026100	-0.504500	-0.530000	-0.770400	-0.259000
1627305767.682067	0.774000	-0.020400	-0.504900	-0.649800	-0.789300	-0.298700
1627305767.682940	0.764300	0.000100	-0.517300	-0.744400	-0.816800	-0.336300
1627305767.686448	0.747100	0.029300	-0.512600	-0.846500	-0.841200	-0.363800
1627305767.710203	0.752300	0.075800	-0.512500	-0.910900	-0.898000	-0.380000
1627305767.712743	0.771700	0.110500	-0.540800	-0.952100	-0.957600	-0.372900
1627305767.727677	0.786000	0.125400	-0.557100	-0.934400	-1.013800	-0.366800
1627305767.729566	0.806500	0.125400	-0.606100	-0.896900	-1.082200	-0.377200
1627305767.749184	0.816700	0.125600	-0.653100	-0.914900	-1.128900	-0.401000
1627305767.750262	0.813100	0.134900	-0.692700	-0.944500	-1.162500	-0.431900
1627305767.761075	0.793300	0.161300	-0.736800	-0.953100	-1.179900	-0.464600
1627305767.771866	0.777300	0.204200	-0.772800	-0.988800	-1.183900	-0.471600
1627305767.792334	0.764200	0.255500	-0.796900	-1.015700	-1.171700	-0.447500
1627305767.794963	0.768900	0.313400	-0.807000	-0.936900	-1.145100	-0.383300
1627305767.798584	0.769200	0.350700	-0.820900	-0.812200	-1.121600	-0.298100
1627305767.800796	0.769700	0.369900	-0.844600	-0.726400	-1.097500	-0.205600
1627305767.823664	0.764500	0.373300	-0.877200	-0.618900	-1.062700	-0.100200
1627305767.828516	0.753700	0.357500	-0.903600	-0.510500	-1.017500	0.002400
1627305767.844379	0.738600	0.335400	-0.924100	-0.463100	-0.972300	0.088000
1627305767.845376	0.719600	0.313700	-0.939600	-0.456700	-0.917900	0.173500
1627305767.868769	0.692700	0.301100	-0.944000	-0.442400	-0.849800	0.269100
1627305767.869976	0.676300	0.285800	-0.945200	-0.415200	-0.792400	0.349700
1627305767.884234	0.679000	0.265000	-0.960600	-0.396900	-0.730000	0.436500
1627305767.884690	0.679600	0.232800	-0.975100	-0.386800	-0.651600	0.524700
1627305767.907105	0.675200	0.197900	-0.983500	-0.381600	-0.579500	0.577300
1627305767.908967	0.674800	0.157200	-0.996500	-0.397800	-0.501300	0.609000
1627305767.924389	0.673800	0.119000	-1.010100	-0.439300	-0.410900	0.618500
1627305767.928261	0.674800	0.099600	-1.016100	-0.483000	-0.330500	0.608100
1627305767.951669	0.667000	0.092500	-1.006600	-0.528200	-0.245300	0.591300
1627305767.952472	0.652600	0.100800	-0.979200	-0.550500	-0.139300	0.573300
1627305767.960158	0.651400	0.119400	-0.950700	-0.527000	-0.061800	0.562600
1627305767.970760	0.664600	0.137700	-0.923800	-0.500100	0.001800	0.556500
1627305767.991852	0.667100	0.158600	-0.896000	-0.503500	0.056400	0.556200
1627305767.993971	0.669300	0.171400	-0.875100	-0.507100	0.086700	0.567500
1627305768.003779	0.663100	0.176300	-0.854000	-0.510500	0.107400	0.584900
1627305768.009522	0.656600	0.173700	-0.816200	-0.508300	0.121200	0.610500
1627305768.031478	0.664400	0.173100	-0.799800	-0.519300	0.118100	0.625800
1627305768.032608	0.670700	0.175800	-0.787500	-0.548400	0.107800	0.633800
1627305768.040266	0.664900	0.184200	-0.776400	-0.580700	0.087600	0.636200
1627305768.051136	0.661700	0.195100	-0.783900	-0.629600	0.069600	0.640800
1627305768.052012	0.682300	0.203700	-0.788800	-0.664400	0.061900	0.644100
1627305768.075296	0.708900	0.211200	-0.782100	-0.671700	0.056100	0.642300
1627305768.080127	0.712000	0.221800	-0.774800	-0.686700	0.039900	0.633500
1627305768.088883	0.710700	0.241200	-0.781000	-0.708400	0.019500	0.629200
1627305768.104045	0.706300	0.271500	-0.791700	-0.683400	-0.007100	0.638000
1627305768.114378	0.704800	0.297400	-0.807400	-0.665000	-0.029100	0.663400
1627305768.117847	0.693400	0.324300	-0.819200	-0.685500	-0.049500	0.709500
1627305768.120137	0.679700	0.356100	-0.841100	-0.689500	-0.061500	0.778200
1627305768.140615	0.666100	0.375200	-0.863900	-0.662000	-0.060800	0.868600
1627305768.150173	0.645400	0.382400	-0.880100	-0.646100	-0.051400	0.962700
1627305768.152607	0.630400	0.371300	-0.894700	-0.576100	-0.029100	1.073300
1627305768.176942	0.621000	0.336400	-0.905400	-0.463700	0.005700	1.176800
1627305768.177766	0.607700	0.290500	-0.916900	-0.385600	0.043900	1.255300
1627305768.188943	0.598500	0.233600	-0.934600	-0.334200	0.088200	1.316400
1627305768.194820	0.592300	0.171900	-0.945100	-0.282600	0.147500	1.356700
1627305768.216953	0.583600	0.116100	-0.936300	-0.272900	0.196900	1.370200
1627305768.218077	0.576500	0.064700	-0.913500	-0.293600	0.240000	1.359800
1627305768.227779	0.567600	0.018400	-0.890000	-0.286300	0.275700	1.329200
1627305768.235921	0.559600	-0.015100	-0.878200	-0.279300	0.299900	1.287700
1627305768.258379	0.559200	-0.046300	-0.862300	-0.280800	0.319700	1.233600
1627305768.259269	0.562000	-0.078500	-0.836300	-0.265800	0.338400	1.157300
1627305768.271460	0.561500	-0.105800	-0.822600	-0.254200	0.342600	1.083700
1627305768.277710	0.554100	-0.131200	-0.804800	-0.281700	0.350600	1.007300
1627305768.298434	0.543600	-0.153900	-0.766000	-0.241400	0.347800	0.906200
1627305768.299236	0.544400	-0.174800	-0.765600	-0.213900	0.337700	0.817300
1627305768.305126	0.552000	-0.185900	-0.779400	-0.273500	0.328300	0.728100
1627305768.326518	0.554000	-0.192500	-0.734000	-0.319000	0.324600	0.609300
1627305768.329027	0.567000	-0.197000	-0.705400	-0.253900	0.302900	0.500600
1627305768.344940	0.586500	-0.194600	-0.710300	-0.282600	0.269900	0.391900
1627305768.348179	0.598500	-0.165800	-0.694600	-0.366600	0.227200	0.263600
1627305768.371150	0.600200	-0.142300	-0.673200	-0.311000	0.189600	0.168000
1627305768.372769	0.602100	-0.122300	-0.661900	-0.279000	0.147500	0.086100
1627305768.388300	0.605100	-0.078500	-0.661900	-0.337300	0.095800	0.017700
1627305768.393360	0.612300	-0.038300	-0.665000	-0.319900	0.060100	-0.024800
1627305768.416538	0.623900	-0.013700	-0.659300	-0.243200	0.032900	-0.052900
1627305768.417727	0.632300	0.011700	-0.652500	-0.242300	-0.002800	-0.064200
1627305768.418967	0.632000	0.036900	-0.648300	-0.253600	-0.030000	-0.055600
1627305768.437092	0.624900	0.055800	-0.646900	-0.195600	-0.048900	-0.035400
1627305768.447232	0.614600	0.063000	-0.635700	-0.158600	-0.067000	0.005800
1627305768.448128	0.610500	0.062500	-0.614600	-0.174800	-0.092300	0.055000
1627305768.459078	0.600500	0.051300	-0.593000	-0.134800	-0.121600	0.100200
1627305768.465007	0.597200	0.019300	-0.577100	-0.071600	-0.175400	0.135600
1627305768.493311	0.600100	-0.022600	-0.574300	-0.055400	-0.251700	0.145700
1627305768.494200	0.604700	-0.068100	-0.584500	-0.034000	-0.335400	0.126700
1627305768.500152	0.594500	-0.120000	-0.576200	0.001100	-0.427100	0.071800
1627305768.505248	0.588000	-0.173200	-0.585900	0.050300	-0.532400	-0.013800
1627305768.527488	0.582500	-0.209000	-0.622400	0.058200	-0.622800	-0.111500
1627305768.528374	0.574600	-0.238900	-0.654400	0.028600	-0.705900	-0.239500
1627305768.539086	0.562700	-0.256300	-0.674100	0.026500	-0.778600	-0.378400
1627305768.547664	0.556600	-0.260700	-0.697400	0.002600	-0.839700	-0.513800
1627305768.569692	0.543000	-0.238500	-0.725800	-0.066700	-0.905400	-0.650900
1627305768.577120	0.514300	-0.202800	-0.746800	-0.073100	-0.971000	-0.780700
1627305768.578032	0.486500	-0.169200	-0.757800	-0.021800	-1.022000	-0.863800
1627305768.588899	0.464000	-0.133300	-0.768400	0.025200	-1.077900	-0.930400
1627305768.611138	0.445200	-0.093100	-0.794800	0.102800	-1.145400	-0.989000
1627305768.612123	0.438100	-0.064600	-0.832400	0.201200	-1.195800	-1.026000
1627305768.617668	0.432500	-0.045400	-0.872100	0.285200	-1.240100	-1.061100
1627305768.627813	0.415200	-0.028700	-0.912700	0.357900	-1.282000	-1.093200
1627305768.632064	0.404300	-0.012800	-0.940700	0.427800	-1.308800	-1.120000
1627305768.655539	0.389200	0.003700	-0.969200	0.523400	-1.330500	-1.138700
1627305768.656448	0.361200	0.019300	-1.007200	0.640700	-1.336900	-1.143200
1627305768.667674	0.346100	0.023100	-1.033600	0.736300	-1.325000	-1.138100
1627305768.677092	0.340200	0.019200	-1.061500	0.845000	-1.300600	-1.127400
1627305768.697095	0.339700	-0.003100	-1.114500	0.941500	-1.251700	-1.122500
1627305768.698126	0.365700	-0.028600	-1.163500	0.959000	-1.190300	-1.145100
1627305768.715942	0.402200	-0.059300	-1.198600	0.949500	-1.110300	-1.201600
1627305768.725780	0.420700	-0.089200	-1.232700	0.887500	-0.995200	-1.308200
1627305768.727906	0.414200	-0.084200	-1.251000	0.782700	-0.871200	-1.408100
1627305768.732623	0.401200	-0.061600	-1.253400	0.698100	-0.742600	-1.510100
1627305768.755070	0.399200	-0.018700	-1.253800	0.646200	-0.579200	-1.608100
1627305768.756679	0.393200	0.028700	-1.238000	0.576200	-0.431300	-1.669500
1627305768.774549	0.396400	0.080300	-1.215100	0.493500	-0.300600	-1.704000
1627305768.787144	0.397600	0.138200	-1.181900	0.479100	-0.165300	-1.715900
1627305768.788035	0.407600	0.178200	-1.163100	0.496500	-0.062100	-1.708900
1627305768.796399	0.434000	0.209400	-1.146400	0.480600	0.013700	-1.695500
1627305768.802617	0.452100	0.247400	-1.112300	0.461100	0.069300	-1.688400
1627305768.826072	0.454700	0.282300	-1.093400	0.470300	0.096500	-1.679000
1627305768.826961	0.450300	0.324600	-1.089600	0.493500	0.108700	-1.653300
1627305768.836528	0.441500	0.366700	-1.080700	0.561900	0.128200	-1.592500
1627305768.845272	0.432900	0.396400	-1.081700	0.664200	0.153300	-1.505200
1627305768.867160	0.432900	0.396400	-1.081700	0.664200	0.153300	-1.505200
1627305768.868039	0.447000	0.415500	-1.132900	0.746700	0.263200	-1.280700
1627305768.877879	0.474000	0.387900	-1.151000	0.812700	0.365200	-1.167400
1627305768.886330	0.474000	0.387900	-1.151000	0.812700	0.365200	-1.167400
1627305768.907400	0.490800	0.348800	-1.133500	0.815100	0.469100	-1.089200
1627305768.915960	0.500700	0.314700	-1.121200	0.771400	0.569300	-1.035400
1627305768.916874	0.508500	0.300800	-1.109500	0.711600	0.665800	-0.996000
1627305768.925253	0.512900	0.302500	-1.088000	0.642500	0.723800	-0.968500
1627305768.947482	0.529700	0.314600	-1.051500	0.566800	0.753100	-0.940700
1627305768.955787	0.557900	0.329100	-1.017000	0.550300	0.746100	-0.907100
1627305768.956670	0.564000	0.341100	-1.006800	0.576900	0.725600	-0.880600
1627305768.963916	0.562300	0.356400	-1.016800	0.634600	0.709500	-0.847000
1627305768.986264	0.574000	0.366000	-1.040200	0.729300	0.720500	-0.807600
1627305768.997115	0.584000	0.367300	-1.062600	0.795500	0.752800	-0.766600
1627305768.998126	0.580100	0.368800	-1.080700	0.791000	0.800200	-0.721800
1627305769.006474	0.572800	0.382000	-1.097500	0.729000	0.875900	-0.656400
1627305769.010304	0.571700	0.402300	-1.087500	0.695400	0.943400	-0.597100
1627305769.032087	0.579200	0.415500	-1.055300	0.718600	0.993800	-0.537000
1627305769.039021	0.588600	0.431400	-1.037400	0.731700	1.039300	-0.459400
1627305769.048949	0.583700	0.447800	-1.029100	0.735100	1.074400	-0.381200
1627305769.053455	0.574700	0.458400	-1.021000	0.805300	1.118400	-0.296300
1627305769.077364	0.580600	0.447900	-1.017700	0.876800	1.179200	-0.182400
1627305769.078367	0.584500	0.432400	-1.003500	0.879200	1.228700	-0.087400
1627305769.089011	0.587900	0.414800	-0.979500	0.902500	1.276300	0.002400
1627305769.096282	0.591600	0.383100	-0.947600	0.938200	1.320300	0.095300
1627305769.116603	0.585200	0.354200	-0.922200	0.950100	1.352100	0.166800
1627305769.124610	0.577400	0.330100	-0.889200	0.960200	1.372900	0.223300
1627305769.125495	0.570300	0.306200	-0.863000	0.966600	1.388100	0.284000
1627305769.144339	0.567600	0.282300	-0.840100	0.983100	1.401900	0.333200
1627305769.146390	0.575300	0.254400	-0.818400	1.001100	1.416500	0.375100
1627305769.156501	0.578900	0.219200	-0.788900	1.005100	1.438800	0.421200
1627305769.177144	0.588300	0.185500	-0.765900	0.998400	1.454700	0.453200
1627305769.178027	0.597200	0.155400	-0.748800	0.973000	1.464200	0.472800
1627305769.187842	0.599400	0.124500	-0.733400	0.889600	1.463600	0.487800
1627305769.196393	0.594600	0.101600	-0.709400	0.794600	1.459900	0.494500
1627305769.198548	0.591600	0.085900	-0.688100	0.730800	1.455300	0.500900
1627305769.222863	0.593000	0.075600	-0.676500	0.641600	1.454100	0.511600
1627305769.225482	0.597200	0.071900	-0.660400	0.570400	1.463000	0.532700
1627305769.235155	0.596300	0.063700	-0.630000	0.563100	1.477300	0.552200
1627305769.244668	0.608000	0.043000	-0.599100	0.575000	1.483100	0.571500
1627305769.266771	0.619800	0.018200	-0.577500	0.547200	1.477600	0.583700
1627305769.267584	0.620400	-0.004500	-0.554900	0.521300	1.465700	0.584900
1627305769.279033	0.629500	-0.032300	-0.530200	0.515500	1.445500	0.574500
1627305769.282073	0.643200	-0.067900	-0.501800	0.481900	1.415600	0.549500
1627305769.306820	0.654500	-0.089000	-0.479200	0.414400	1.386600	0.524100
1627305769.309146	0.668800	-0.103000	-0.455700	0.350800	1.351500	0.494200
1627305769.330698	0.679100	-0.111700	-0.434400	0.294900	1.305700	0.462400
1627305769.341901	0.683600	-0.119300	-0.414200	0.213700	1.257700	0.437400
1627305769.342866	0.688800	-0.121700	-0.396700	0.123300	1.204900	0.417500
1627305769.346345	0.695700	-0.121900	-0.370600	0.049700	1.128500	0.393100
1627305769.361992	0.710400	-0.127900	-0.354500	0.008400	1.057300	0.370800
1627305769.363107	0.717500	-0.132700	-0.341700	-0.020900	0.982200	0.347900
1627305769.386759	0.726700	-0.138100	-0.325800	-0.025100	0.889700	0.311200
1627305769.387891	0.743700	-0.142800	-0.319800	-0.011700	0.814500	0.277600
1627305769.397609	0.744900	-0.143200	-0.309200	-0.014200	0.736600	0.244300
1627305769.403628	0.733900	-0.139900	-0.292400	0.009700	0.637700	0.203100
1627305769.425922	0.729600	-0.140600	-0.278100	0.040800	0.555200	0.171300
1627305769.426753	0.725300	-0.141400	-0.270500	0.063100	0.469400	0.144200
1627305769.433960	0.722700	-0.146000	-0.267900	0.077500	0.374400	0.115700
1627305769.445916	0.733600	-0.155000	-0.263500	0.090900	0.293800	0.092200
1627305769.466655	0.740000	-0.168500	-0.265100	0.101000	0.221100	0.069900
1627305769.469016	0.742400	-0.189300	-0.275300	0.049400	0.140100	0.035700
1627305769.475226	0.747200	-0.204200	-0.282000	-0.030300	0.069000	-0.004000
1627305769.499511	0.748700	-0.218400	-0.286900	-0.097500	0.002100	-0.049800
1627305769.500399	0.750100	-0.232300	-0.293600	-0.201100	-0.075500	-0.104800
1627305769.524410	0.759900	-0.240600	-0.302200	-0.302200	-0.142400	-0.159100
1627305769.526689	0.762000	-0.242100	-0.310100	-0.352600	-0.200700	-0.212900
1627305769.527760	0.764200	-0.243900	-0.313400	-0.378800	-0.261800	-0.283800
1627305769.542162	0.776200	-0.239900	-0.329000	-0.420400	-0.329900	-0.363200
1627305769.543051	0.771700	-0.228900	-0.337600	-0.444500	-0.386400	-0.440800
1627305769.565100	0.753400	-0.209600	-0.342900	-0.446300	-0.449000	-0.529000
1627305769.568920	0.752800	-0.186500	-0.340900	-0.441500	-0.513500	-0.614800
1627305769.582063	0.760300	-0.162100	-0.354000	-0.435700	-0.576700	-0.679900
1627305769.582937	0.762100	-0.131500	-0.385500	-0.451500	-0.633500	-0.739800
1627305769.603801	0.764400	-0.100200	-0.415500	-0.500100	-0.672300	-0.788000
1627305769.606357	0.772000	-0.075700	-0.430900	-0.553200	-0.691900	-0.816700
1627305769.616538	0.769200	-0.052900	-0.440200	-0.614300	-0.709000	-0.838400
1627305769.625962	0.767300	-0.024700	-0.445600	-0.695000	-0.730000	-0.858900
1627305769.646756	0.777300	0.005000	-0.445800	-0.754200	-0.753900	-0.879000
1627305769.647933	0.783700	0.040400	-0.456500	-0.792400	-0.788400	-0.897700
1627305769.655171	0.777800	0.086800	-0.470000	-0.845200	-0.829900	-0.910800
1627305769.663242	0.783100	0.125100	-0.476600	-0.860200	-0.864100	-0.902900
1627305769.683021	0.791600	0.159900	-0.486500	-0.827800	-0.904800	-0.872900
1627305769.683924	0.793300	0.192600	-0.520900	-0.820500	-0.945100	-0.822200
1627305769.694041	0.797700	0.217800	-0.550900	-0.831200	-0.966500	-0.778300
1627305769.702306	0.800400	0.232200	-0.583400	-0.809800	-0.972600	-0.737600
1627305769.720743	0.793800	0.246200	-0.612300	-0.829000	-0.972600	-0.688500
1627305769.724120	0.781100	0.257000	-0.631200	-0.868100	-0.961300	-0.651500
1627305769.735188	0.760000	0.269500	-0.644800	-0.876100	-0.939900	-0.613300
1627305769.740959	0.765400	0.280500	-0.659900	-0.873300	-0.906000	-0.560200
1627305769.764514	0.789600	0.289600	-0.667000	-0.887700	-0.882800	-0.509800
1627305769.765219	0.814000	0.296500	-0.684800	-0.913700	-0.867200	-0.462100
1627305769.782080	0.841800	0.304400	-0.704100	-0.951500	-0.859600	-0.423000
1627305769.793290	0.849600	0.310700	-0.712300	-0.975000	-0.854400	-0.403500
1627305769.794197	0.843100	0.320900	-0.715500	-0.990000	-0.851600	-0.387300
1627305769.800012	0.830600	0.348400	-0.725600	-1.006200	-0.847600	-0.360700
1627305769.814426	0.818200	0.383900	-0.736700	-1.008300	-0.838200	-0.321600
1627305769.825243	0.795500	0.415800	-0.740200	-1.001600	-0.825000	-0.266000
1627305769.830036	0.772700	0.452000	-0.734600	-0.989100	-0.810100	-0.175000
1627305769.853401	0.751100	0.474100	-0.737700	-0.954600	-0.800300	-0.077000
1627305769.854286	0.738800	0.482800	-0.747300	-0.903900	-0.786900	0.025300
1627305769.864044	0.749000	0.471900	-0.767800	-0.848600	-0.762400	0.145700
1627305769.872780	0.757400	0.442900	-0.781700	-0.790600	-0.734600	0.255300
1627305769.890036	0.759300	0.400300	-0.798100	-0.764300	-0.707800	0.327100
1627305769.905452	0.753700	0.358000	-0.802500	-0.790900	-0.677800	0.376300
1627305769.907274	0.740200	0.327800	-0.806800	-0.830000	-0.650600	0.400400
1627305769.929077	0.737100	0.318200	-0.806200	-0.879400	-0.634800	0.404700
1627305769.934000	0.729900	0.325300	-0.792600	-0.905700	-0.624400	0.401900
1627305769.943312	0.717700	0.340800	-0.781900	-0.893500	-0.626500	0.398600
1627305769.944196	0.704100	0.360700	-0.789400	-0.865100	-0.629900	0.407400
1627305769.950199	0.698500	0.377700	-0.809000	-0.810700	-0.620100	0.430000
1627305769.971288	0.701800	0.380200	-0.830800	-0.718200	-0.589500	0.463000
1627305769.982143	0.706500	0.366500	-0.852100	-0.690700	-0.550500	0.490800
1627305769.983033	0.709600	0.352400	-0.856900	-0.720900	-0.501600	0.511600
1627305769.990253	0.703500	0.342800	-0.853000	-0.734700	-0.449000	0.522900
1627305770.012757	0.697500	0.341600	-0.845100	-0.770100	-0.411500	0.529900
1627305770.022145	0.690100	0.354200	-0.843400	-0.848900	-0.379100	0.544600
1627305770.023030	0.681400	0.383100	-0.839500	-0.958900	-0.341200	0.576600
1627305770.031509	0.673500	0.408700	-0.783000	-0.950000	-0.331800	0.609600
1627305770.052517	0.673100	0.424200	-0.737100	-0.858100	-0.358000	0.644800
1627305770.053921	0.675800	0.438400	-0.707300	-0.743500	-0.436200	0.693000
1627305770.074619	0.667000	0.439200	-0.642100	-0.547100	-0.524200	0.723900
1627305770.082138	0.662100	0.418000	-0.622900	-0.224600	-0.654900	0.740100
1627305770.083025	0.648400	0.381500	-0.698400	-0.067000	-0.818300	0.765700
1627305770.092841	0.641200	0.357800	-0.778400	-0.073400	-0.907800	0.791400
1627305770.104111	0.639300	0.321400	-0.837600	-0.008000	-0.945700	0.808800
1627305770.125143	0.645300	0.260700	-0.902500	-0.040400	-0.937700	0.810600
1627305770.126019	0.650900	0.241800	-0.947000	-0.214500	-0.898300	0.796900
1627305770.141569	0.651400	0.252400	-0.967000	-0.299100	-0.836000	0.775200
1627305770.142485	0.633400	0.270400	-0.956900	-0.263100	-0.756300	0.750400
1627305770.168917	0.616500	0.300900	-0.943600	-0.288100	-0.702900	0.754400
1627305770.172148	0.609600	0.340900	-0.962300	-0.303700	-0.663200	0.783400
1627305770.173028	0.611100	0.365600	-1.021100	-0.244400	-0.581900	0.843000
1627305770.184040	0.620800	0.362800	-1.063000	-0.275600	-0.476800	0.913500
1627305770.187578	0.630400	0.347000	-1.086700	-0.393800	-0.353400	0.983200
1627305770.212145	0.639600	0.322600	-1.101100	-0.502800	-0.191600	1.044600
1627305770.212985	0.651900	0.301500	-1.092200	-0.588400	-0.045900	1.084300
1627305770.224091	0.652300	0.292400	-1.065600	-0.692200	0.075400	1.115100
1627305770.232115	0.637600	0.304200	-1.034900	-0.794200	0.184100	1.154500
1627305770.254948	0.625100	0.330400	-1.018800	-0.878500	0.273600	1.213500
1627305770.257166	0.616000	0.355200	-1.019200	-0.946900	0.347500	1.285900
1627305770.262371	0.625400	0.362400	-1.016200	-1.006500	0.436100	1.379600
1627305770.270868	0.629200	0.351700	-0.994100	-1.041900	0.525600	1.471300
1627305770.293200	0.636100	0.328000	-0.961300	-1.038300	0.594300	1.534800
1627305770.294071	0.636800	0.292700	-0.930100	-0.993700	0.650800	1.580900
1627305770.300053	0.633200	0.258500	-0.906600	-0.957300	0.691400	1.607500
1627305770.321958	0.628100	0.238400	-0.884200	-0.954900	0.717700	1.621800
1627305770.322903	0.609400	0.228100	-0.845600	-0.944800	0.731400	1.638900
1627305770.333915	0.585800	0.225000	-0.814100	-0.952100	0.726300	1.675600
1627305770.342228	0.569300	0.224100	-0.803000	-0.976000	0.713700	1.722300
1627305770.361773	0.564100	0.208100	-0.806200	-0.962200	0.713700	1.772400
1627305770.362586	0.570200	0.172000	-0.804400	-0.960700	0.730200	1.819800
1627305770.372859	0.570200	0.127900	-0.787800	-0.982100	0.744000	1.842400
1627305770.383373	0.567900	0.086300	-0.769900	-0.980500	0.751600	1.842100
