1627305787.176682	0.610800	-0.317500	-0.761000	-0.031800	0.043200	-0.051600
1627305787.177550	0.608300	-0.312900	-0.758200	-0.047100	0.055100	-0.048900
1627305787.178399	0.608800	-0.313000	-0.759300	-0.034900	0.065200	-0.041300
1627305787.179092	0.607400	-0.323100	-0.757900	-0.016500	0.072200	-0.037900
1627305787.182309	0.608800	-0.325100	-0.754800	-0.016900	0.076800	-0.041900
1627305787.182890	0.611600	-0.321900	-0.754400	-0.035800	0.077100	-0.043100
1627305787.183454	0.612700	-0.318000	-0.750000	-0.026000	0.083500	-0.042200
1627305787.184017	0.613000	-0.318200	-0.747900	0.003300	0.088400	-0.039700
1627305787.184586	0.618400	-0.320700	-0.743000	0.003000	0.092900	-0.038200
1627305787.185149	0.627900	-0.319600	-0.735700	-0.025400	0.086800	-0.038800
1627305787.185653	0.630500	-0.318500	-0.734100	-0.006200	0.077700	-0.041900
1627305787.186158	0.633900	-0.313000	-0.732100	0.001200	0.071900	-0.044900
1627305787.186661	0.634000	-0.303500	-0.722000	-0.010400	0.065500	-0.046500
1627305787.187170	0.636200	-0.290000	-0.708900	0.007900	0.049300	-0.040300
1627305787.187674	0.634500	-0.282200	-0.703000	0.033900	0.026400	-0.028700
1627305787.188130	0.631800	-0.277000	-0.701500	0.037800	0.001900	-0.015600
1627305787.188590	0.628800	-0.270100	-0.704600	0.046100	-0.024000	0.001800
1627305787.189062	0.625500	-0.268300	-0.706100	0.075400	-0.046600	0.021000
1627305787.189478	0.625400	-0.268200	-0.713900	0.098600	-0.072000	0.043600
1627305787.189934	0.621900	-0.271500	-0.726300	0.098000	-0.098600	0.065000
1627305787.190349	0.618400	-0.278600	-0.743800	0.130100	-0.116300	0.086700
1627305787.190763	0.612700	-0.290900	-0.762800	0.171600	-0.125100	0.102000
1627305787.191219	0.606000	-0.302000	-0.782000	0.180500	-0.120900	0.109900
1627305787.191634	0.607500	-0.320800	-0.816500	0.222900	-0.098000	0.115700
1627305787.192050	0.611100	-0.326500	-0.814200	0.289200	-0.063100	0.109600
1627305787.192498	0.601100	-0.313700	-0.803300	0.193600	-0.041100	0.111100
1627305787.192911	0.600200	-0.307100	-0.799600	0.196600	-0.021600	0.125200
1627305787.193322	0.592800	-0.320900	-0.811500	0.266600	-0.004200	0.151800
1627305787.193777	0.597200	-0.353800	-0.826200	0.316100	0.027600	0.168900
1627305787.194187	0.596900	-0.393400	-0.814700	0.465700	0.060900	0.158800
1627305787.194644	0.590000	-0.393100	-0.768400	0.456600	0.078300	0.136800
1627305787.195059	0.596200	-0.366500	-0.735800	0.373800	0.057500	0.122800
1627305787.195468	0.577100	-0.367300	-0.756100	0.447700	0.036700	0.142600
1627305787.195922	0.610200	-0.380100	-0.741300	0.540600	0.028800	0.132500
1627305787.196333	0.590200	-0.390100	-0.736900	0.449500	0.010500	0.149300
1627305787.196743	0.587400	-0.397100	-0.737500	0.385100	-0.008200	0.133400
1627305787.197198	0.566500	-0.381300	-0.704500	0.285200	-0.006600	0.100500
1627305787.197609	0.604500	-0.346600	-0.679200	-0.174800	-0.026200	0.049100
1627305787.198025	0.628200	-0.369500	-0.777000	-0.293900	-0.094900	0.059200
1627305787.198480	0.570700	-0.435200	-0.912700	-0.070900	-0.082100	0.052500
1627305787.198893	0.583700	-0.464500	-0.962200	-0.143900	0.011400	-0.038500
1627305787.199348	0.600200	-0.425400	-0.941000	-0.305500	0.102700	-0.119800
1627305787.199763	0.609600	-0.377100	-0.915200	-0.242300	0.161700	-0.179000
1627305787.200177	0.625900	-0.353900	-0.917700	-0.224900	0.216600	-0.211100
1627305787.200633	0.636400	-0.323200	-0.927600	-0.384600	0.269200	-0.223300
1627305787.201045	0.647100	-0.286700	-0.939600	-0.451800	0.318000	-0.216000
1627305787.201456	0.658100	-0.268700	-0.953700	-0.386400	0.359600	-0.188200
1627305787.201912	0.661400	-0.267200	-0.980300	-0.391000	0.408800	-0.163400
1627305787.202325	0.688800	-0.263400	-0.994400	-0.440800	0.474100	-0.144200
1627305787.202744	0.716700	-0.263400	-0.986700	-0.404400	0.537700	-0.120100
1627305787.203201	0.753900	-0.274900	-0.978600	-0.393800	0.597800	-0.101400
1627305787.203613	0.771000	-0.275000	-0.983400	-0.467100	0.639100	-0.088600
1627305787.204048	0.768200	-0.259400	-0.996500	-0.545900	0.671700	-0.075800
1627305787.204472	0.762200	-0.243400	-1.022000	-0.573700	0.698600	-0.049200
1627305787.204885	0.750100	-0.244600	-1.059100	-0.533600	0.734700	-0.009200
1627305787.205331	0.744800	-0.268600	-1.094100	-0.452100	0.788700	0.025600
1627305787.205744	0.750200	-0.309600	-1.117800	-0.363800	0.855600	0.037500
1627305787.206156	0.771500	-0.356800	-1.122300	-0.270100	0.963100	-0.002200
1627305787.206603	0.781600	-0.375200	-1.121000	-0.320100	1.061500	-0.084300
1627305787.207025	0.779700	-0.364600	-1.125400	-0.405100	1.177500	-0.199500
1627305787.207444	0.769900	-0.309900	-1.120500	-0.585600	1.306400	-0.314600
1627305787.207902	0.751600	-0.223600	-1.110000	-0.744400	1.442700	-0.387900
1627305787.208318	0.734600	-0.139900	-1.079500	-0.810700	1.580100	-0.395600
1627305787.208733	0.714600	-0.077800	-1.017800	-0.856800	1.699800	-0.332000
1627305787.209191	0.684200	-0.035900	-0.976000	-1.049500	1.809200	-0.223900
1627305787.209693	0.665900	-0.035500	-0.931200	-1.121300	1.885500	-0.083700
1627305787.210204	0.627900	-0.070800	-0.880100	-1.073300	1.940800	0.048200
1627305787.210759	0.597400	-0.115700	-0.847300	-1.231300	1.994900	0.124000
1627305787.211255	0.570200	-0.152500	-0.801800	-1.329900	2.052000	0.200000
1627305787.211742	0.561000	-0.194800	-0.744100	-1.214500	2.100900	0.230600
1627305787.212172	0.540200	-0.222500	-0.661500	-1.238000	2.142100	0.236100
1627305787.212636	0.533000	-0.216100	-0.567900	-1.351300	2.156100	0.226900
1627305787.213107	0.515700	-0.204800	-0.495500	-1.315900	2.131100	0.239100
1627305787.213588	0.526000	-0.221200	-0.433600	-1.212900	2.088600	0.235500
1627305787.214057	0.528700	-0.241000	-0.376800	-1.221500	2.028800	0.222300
1627305787.214534	0.539200	-0.243800	-0.326300	-1.266100	1.951200	0.189300
1627305787.215005	0.549200	-0.241300	-0.265300	-1.185700	1.854100	0.153600
1627305787.215475	0.564500	-0.235600	-0.191500	-1.092000	1.714500	0.113300
1627305787.215944	0.580100	-0.222700	-0.124100	-1.089800	1.541300	0.077900
1627305787.216414	0.600200	-0.216200	-0.072500	-0.987500	1.352200	0.055600
1627305787.216890	0.607400	-0.209200	-0.034700	-0.925200	1.133200	0.045200
1627305787.217359	0.618800	-0.194600	-0.000500	-0.953600	0.897800	0.037800
1627305787.217827	0.634400	-0.171900	0.027700	-0.959100	0.656200	0.045500
1627305787.218299	0.645000	-0.161300	0.033800	-1.005200	0.407200	0.070200
1627305787.218767	0.666400	-0.178800	0.010600	-1.091400	0.132300	0.103500
1627305787.219240	0.674300	-0.221300	-0.042200	-1.113700	-0.081500	0.110800
1627305787.219713	0.657800	-0.262100	-0.097800	-1.119500	-0.238400	0.085200
1627305787.220184	0.659700	-0.267000	-0.120000	-1.216000	-0.369200	0.029900
1627305787.220819	0.685100	-0.247200	-0.129600	-1.306100	-0.497500	-0.027800
1627305787.221273	0.696500	-0.215700	-0.158600	-1.359800	-0.628500	-0.057800
1627305787.221703	0.687400	-0.192600	-0.203000	-1.416000	-0.735100	-0.067200
1627305787.222155	0.684600	-0.162700	-0.261700	-1.495100	-0.817900	-0.051600
1627305787.222583	0.689800	-0.137900	-0.305800	-1.515000	-0.855100	-0.009200
1627305787.223011	0.686600	-0.125600	-0.342500	-1.453600	-0.869200	0.058900
1627305787.223461	0.684600	-0.130400	-0.367300	-1.336000	-0.864300	0.142600
1627305787.223994	0.695300	-0.149000	-0.379500	-1.212900	-0.849900	0.221400
1627305787.224437	0.703000	-0.174700	-0.378900	-1.100500	-0.836800	0.287400
1627305787.224893	0.719200	-0.199300	-0.372300	-0.999700	-0.831300	0.332900
1627305787.225312	0.755400	-0.217800	-0.367800	-0.921500	-0.841400	0.358500
1627305787.225727	0.775400	-0.217200	-0.370500	-0.895000	-0.853300	0.378700
1627305787.226186	0.786100	-0.196700	-0.371500	-0.871500	-0.863100	0.407100
1627305787.226609	0.791100	-0.169300	-0.367400	-0.820100	-0.871900	0.462100
1627305787.227079	0.785000	-0.156500	-0.360200	-0.759100	-0.884400	0.540900
1627305787.227530	0.778000	-0.162800	-0.361000	-0.697700	-0.901500	0.624000
1627305787.227975	0.783600	-0.193500	-0.365500	-0.634400	-0.923800	0.695400
1627305787.228436	0.791300	-0.238200	-0.369300	-0.591400	-0.950100	0.737300
1627305787.228864	0.806000	-0.272200	-0.375700	-0.583400	-0.975800	0.731800
1627305787.229291	0.823500	-0.289900	-0.390000	-0.602400	-1.009400	0.698800
1627305787.229746	0.836800	-0.292200	-0.413100	-0.633800	-1.049100	0.648700
1627305787.230173	0.839600	-0.278800	-0.449000	-0.646700	-1.085400	0.598600
1627305787.230599	0.832800	-0.259500	-0.483500	-0.614300	-1.112300	0.560400
1627305787.231153	0.835900	-0.236300	-0.510700	-0.568200	-1.137300	0.536300
1627305787.231731	0.829000	-0.219600	-0.537100	-0.512000	-1.164800	0.538400
1627305787.232470	0.830000	-0.214800	-0.560900	-0.445400	-1.193800	0.553400
1627305787.233283	0.830300	-0.228500	-0.598000	-0.372100	-1.227100	0.572300
1627305787.234010	0.846300	-0.247400	-0.640000	-0.307000	-1.252500	0.569300
1627305787.234493	0.843300	-0.252800	-0.684700	-0.303700	-1.269000	0.566200
1627305787.234964	0.842800	-0.248300	-0.731800	-0.284400	-1.269900	0.558600
1627305787.235391	0.833600	-0.252200	-0.784900	-0.148500	-1.241800	0.559500
1627305787.235851	0.821300	-0.267300	-0.834800	-0.043400	-1.173100	0.557400
1627305787.236282	0.794600	-0.278900	-0.863300	-0.001900	-1.075000	0.545800
1627305787.236727	0.777300	-0.290300	-0.861900	0.058300	-0.967800	0.525000
1627305787.237193	0.773800	-0.304900	-0.842800	0.086100	-0.867900	0.496300
1627305787.237620	0.774800	-0.333500	-0.834400	0.059800	-0.794000	0.448600
1627305787.238047	0.773300	-0.353800	-0.856900	-0.008600	-0.725600	0.372300
1627305787.238614	0.771100	-0.340900	-0.871700	-0.116700	-0.635500	0.261100
1627305787.239097	0.759200	-0.304400	-0.877600	-0.187000	-0.546900	0.173800
1627305787.239586	0.753400	-0.258100	-0.874000	-0.177800	-0.469400	0.120600
1627305787.240038	0.755000	-0.226800	-0.847700	-0.143300	-0.399700	0.107200
1627305787.240474	0.757000	-0.215200	-0.817500	-0.091700	-0.350500	0.115700
1627305787.240938	0.748300	-0.219200	-0.790900	-0.045900	-0.307200	0.130100
1627305787.241367	0.735000	-0.223800	-0.756200	-0.032400	-0.281500	0.138000
1627305787.241796	0.732900	-0.225200	-0.712400	-0.083400	-0.266900	0.154500
1627305787.242258	0.738600	-0.245200	-0.698600	-0.091100	-0.288500	0.167000
1627305787.242689	0.744900	-0.290500	-0.725700	0.004500	-0.320000	0.158200
1627305787.243116	0.744300	-0.333900	-0.760600	0.038400	-0.340200	0.110200
1627305787.243577	0.748900	-0.341700	-0.773400	0.027700	-0.346600	0.032300
1627305787.244002	0.735600	-0.327900	-0.793700	0.091300	-0.361200	-0.037300
1627305787.244455	0.766200	-0.310200	-0.802500	0.263500	-0.360000	-0.106300
1627305787.244892	0.754300	-0.288500	-0.778900	0.344500	-0.365500	-0.141100
1627305787.245319	0.744500	-0.276100	-0.769000	0.360400	-0.372800	-0.168300
1627305787.245780	0.737200	-0.277000	-0.773900	0.406800	-0.371900	-0.187600
1627305787.246207	0.738300	-0.282000	-0.769800	0.354900	-0.362500	-0.215100
1627305787.246639	0.741000	-0.287400	-0.778100	0.254100	-0.350200	-0.249900
1627305787.247183	0.739000	-0.291600	-0.796100	0.183200	-0.340200	-0.290200
1627305787.247611	0.730700	-0.298700	-0.825900	0.125800	-0.319100	-0.330800
1627305787.248096	0.717900	-0.299700	-0.847200	0.077500	-0.286700	-0.373900
1627305787.248573	0.715000	-0.307600	-0.861200	0.093400	-0.250100	-0.412400
1627305787.249055	0.712200	-0.318600	-0.877400	0.133100	-0.210000	-0.456000
1627305787.249486	0.703400	-0.331400	-0.881300	0.178000	-0.162100	-0.507000
1627305787.250022	0.693700	-0.336300	-0.876500	0.215600	-0.119600	-0.569700
1627305787.250450	0.698000	-0.315700	-0.862700	0.229900	-0.084800	-0.631400
1627305787.250910	0.699500	-0.292400	-0.848600	0.271200	-0.065300	-0.670800
1627305787.251339	0.694300	-0.276900	-0.841200	0.406200	-0.056700	-0.693400
1627305787.251764	0.695700	-0.270100	-0.835200	0.471200	-0.060400	-0.702800
1627305787.252220	0.698500	-0.258900	-0.827800	0.496000	-0.075000	-0.700100
1627305787.252646	0.696000	-0.255400	-0.835700	0.558300	-0.096700	-0.690000
1627305787.253074	0.689500	-0.262700	-0.857200	0.613900	-0.108000	-0.676300
1627305787.253574	0.684600	-0.280500	-0.880700	0.677400	-0.100100	-0.671400
1627305787.254074	0.672000	-0.289200	-0.897000	0.704000	-0.075000	-0.672600
1627305787.254513	0.660500	-0.303100	-0.898700	0.765700	-0.042100	-0.679300
1627305787.254969	0.647300	-0.330200	-0.903100	0.846300	-0.006900	-0.692400
1627305787.255399	0.636400	-0.351900	-0.901400	0.853900	0.038300	-0.727300
1627305787.255850	0.624900	-0.358000	-0.903200	0.825800	0.080700	-0.779500
1627305787.256283	0.616700	-0.352200	-0.905500	0.798700	0.128700	-0.835400
1627305787.256710	0.602900	-0.319600	-0.908600	0.727800	0.184600	-0.882100
1627305787.257165	0.593300	-0.314700	-0.897000	0.765700	0.253900	-0.903500
1627305787.257592	0.591200	-0.339700	-0.896500	0.892400	0.297300	-0.938000
1627305787.258017	0.593800	-0.350600	-0.893400	0.806000	0.343700	-0.991500
1627305787.258487	0.593800	-0.327800	-0.883200	0.752200	0.392000	-1.044000
1627305787.258903	0.607200	-0.290900	-0.856400	0.812700	0.442400	-1.076100
1627305787.259317	0.617400	-0.264500	-0.825900	0.844800	0.484500	-1.082500
1627305787.259765	0.621000	-0.246900	-0.799300	0.826400	0.510800	-1.079100
1627305787.260179	0.638500	-0.232900	-0.781200	0.813600	0.522700	-1.074200
1627305787.260636	0.652500	-0.217000	-0.770000	0.788600	0.516000	-1.061400
1627305787.261057	0.661300	-0.200300	-0.764800	0.752500	0.505900	-1.033300
1627305787.261547	0.678200	-0.189900	-0.766800	0.772100	0.492800	-0.997000
1627305787.261993	0.688500	-0.198600	-0.776400	0.847500	0.472600	-0.961800
1627305787.262407	0.696900	-0.212400	-0.784900	0.889700	0.459200	-0.942000
1627305787.262820	0.718100	-0.216800	-0.787000	0.908000	0.442100	-0.931300
1627305787.263275	0.734600	-0.213600	-0.791000	0.999600	0.411800	-0.916900
1627305787.263772	0.745100	-0.212400	-0.796500	1.098300	0.378500	-0.902600
1627305787.264291	0.751200	-0.206300	-0.810400	1.158100	0.347400	-0.881200
1627305787.264778	0.749500	-0.195400	-0.821200	1.223800	0.321100	-0.855200
1627305787.265200	0.746500	-0.196300	-0.836700	1.324600	0.306400	-0.824700
1627305787.265650	0.743900	-0.208100	-0.850800	1.408300	0.310100	-0.803000
1627305787.266087	0.751600	-0.225200	-0.860100	1.440400	0.331800	-0.793200
1627305787.266503	0.759300	-0.245400	-0.864400	1.459300	0.365400	-0.797500
1627305787.266953	0.757600	-0.258500	-0.868400	1.476100	0.399000	-0.811300
1627305787.267368	0.747800	-0.257100	-0.870200	1.444000	0.443300	-0.830500
1627305787.267786	0.742800	-0.248200	-0.862900	1.414400	0.493100	-0.847300
1627305787.268244	0.727100	-0.240500	-0.845000	1.430600	0.542200	-0.851600
1627305787.268660	0.720200	-0.243000	-0.821500	1.421100	0.590800	-0.856800
1627305787.269078	0.718100	-0.244900	-0.785400	1.330100	0.632600	-0.857100
1627305787.269537	0.710900	-0.253700	-0.762200	1.255600	0.656200	-0.853400
1627305787.269953	0.700400	-0.271100	-0.754400	1.219500	0.666200	-0.860700
1627305787.270369	0.701700	-0.285600	-0.747600	1.146200	0.673300	-0.888500
1627305787.270827	0.704500	-0.288900	-0.741100	1.056400	0.670500	-0.921200
1627305787.271242	0.706200	-0.285400	-0.742100	1.036300	0.664400	-0.954800
1627305787.271699	0.712900	-0.282800	-0.741600	1.064400	0.659500	-0.989000
1627305787.272114	0.730500	-0.270300	-0.726200	1.063800	0.662000	-1.029000
1627305787.272530	0.730500	-0.270300	-0.726200	1.063800	0.662000	-1.029000
1627305787.272977	0.750000	-0.211400	-0.701800	1.026500	0.657700	-1.081900
1627305787.273392	0.750000	-0.211400	-0.701800	1.026500	0.657700	-1.081900
1627305787.273809	0.749400	-0.182100	-0.695800	1.045700	0.651600	-1.086100
1627305787.274269	0.742400	-0.148400	-0.691700	1.042700	0.644600	-1.070300
1627305787.275603	0.738900	-0.114300	-0.685800	1.060400	0.638400	-1.035800
1627305787.276049	0.735000	-0.093100	-0.681300	1.146800	0.629300	-0.988100
1627305787.276540	0.744500	-0.084700	-0.672400	1.239700	0.621300	-0.933700
1627305787.278334	0.744300	-0.076200	-0.657300	1.261700	0.615200	-0.882400
1627305787.278749	0.728400	-0.062500	-0.637100	1.285800	0.609100	-0.833900
1627305787.280905	0.717200	-0.056400	-0.609400	1.348100	0.602400	-0.779200
1627305787.281354	0.717000	-0.068100	-0.578500	1.400100	0.591700	-0.726000
1627305787.281770	0.709000	-0.093900	-0.553200	1.392100	0.577700	-0.683300
1627305787.282184	0.705600	-0.123900	-0.529100	1.366100	0.564500	-0.661000
1627305787.282643	0.712300	-0.167000	-0.510000	1.371000	0.555400	-0.672000
1627305787.284773	0.708400	-0.188500	-0.490700	1.316100	0.553800	-0.713200
1627305787.285233	0.704200	-0.186400	-0.464000	1.217100	0.548300	-0.771900
1627305787.285649	0.699700	-0.167400	-0.437100	1.149000	0.536100	-0.830800
1627305787.286087	0.687600	-0.142900	-0.409800	1.085800	0.520200	-0.881800
1627305787.286512	0.677600	-0.108800	-0.375100	0.993200	0.502800	-0.917200
1627305787.288792	0.668500	-0.075700	-0.332000	0.899100	0.474400	-0.927000
1627305787.289210	0.674600	-0.052600	-0.288800	0.840500	0.427100	-0.921200
1627305787.289624	0.680800	-0.049000	-0.256600	0.776400	0.374600	-0.907500
1627305787.292321	0.683300	-0.039300	-0.236500	0.675600	0.308600	-0.894300
1627305787.292741	0.681400	-0.025500	-0.223300	0.616900	0.227000	-0.871400
1627305787.293154	0.692700	-0.024000	-0.218800	0.640100	0.132000	-0.839400
1627305787.293616	0.705100	-0.032300	-0.235400	0.687800	0.033400	-0.807600
1627305787.294030	0.715200	-0.027200	-0.258900	0.695400	-0.070800	-0.789300
1627305787.295731	0.735700	0.006800	-0.277000	0.693300	-0.172800	-0.771200
1627305787.296189	0.715100	0.049800	-0.288700	0.740300	-0.246400	-0.720200
1627305787.296602	0.704100	0.078600	-0.295500	0.806600	-0.301400	-0.646300
1627305787.297062	0.700000	0.079600	-0.299200	0.889700	-0.345000	-0.550400
1627305787.299633	0.696300	0.053100	-0.301100	0.960500	-0.377400	-0.465500
1627305787.300046	0.699100	0.025600	-0.292700	0.989200	-0.404000	-0.399200
1627305787.300465	0.708300	0.005200	-0.274200	0.971500	-0.441900	-0.351900
1627305787.300922	0.724400	0.007000	-0.260600	0.932400	-0.492900	-0.311300
1627305787.303151	0.738800	0.014900	-0.256200	0.902800	-0.545700	-0.264200
1627305787.303564	0.742900	0.021200	-0.264200	0.874700	-0.599500	-0.203400
1627305787.303976	0.748900	0.011200	-0.281000	0.847800	-0.647400	-0.138400
1627305787.304433	0.758100	-0.007600	-0.296000	0.859400	-0.690200	-0.075800
1627305787.306562	0.766200	-0.029700	-0.307000	0.870100	-0.731100	-0.024800
1627305787.306982	0.777100	-0.046500	-0.303700	0.836500	-0.784600	0.017400
1627305787.307396	0.787100	-0.050500	-0.302900	0.803200	-0.844100	0.050100
1627305787.307841	0.797900	-0.055800	-0.307400	0.758000	-0.914100	0.086700
1627305787.308257	0.798300	-0.060700	-0.331800	0.673100	-0.987100	0.130400
1627305787.310826	0.790200	-0.070700	-0.372100	0.593400	-1.050000	0.171000
1627305787.311240	0.788300	-0.094500	-0.424700	0.556800	-1.093400	0.201600
1627305787.311699	0.780300	-0.125900	-0.479100	0.537500	-1.116600	0.215900
1627305787.312115	0.783000	-0.151900	-0.521200	0.483400	-1.119000	0.204300
1627305787.314271	0.803800	-0.164100	-0.546600	0.441000	-1.121500	0.181700
1627305787.314683	0.816000	-0.170200	-0.571400	0.419300	-1.134300	0.160600
1627305787.315138	0.821500	-0.170200	-0.609400	0.414700	-1.152600	0.139200
1627305787.315550	0.823600	-0.160000	-0.652500	0.394000	-1.168500	0.122100
1627305787.317345	0.819200	-0.144200	-0.695100	0.408300	-1.173100	0.120900
1627305787.317759	0.815900	-0.135100	-0.733200	0.489900	-1.166000	0.137400
1627305787.318172	0.806200	-0.138800	-0.761400	0.601600	-1.137600	0.168900
1627305787.318627	0.810400	-0.141600	-0.771000	0.637100	-1.101900	0.188100
1627305787.321215	0.806800	-0.138400	-0.768100	0.630700	-1.072600	0.214400
1627305787.321628	0.803300	-0.133400	-0.766800	0.622400	-1.049400	0.252000
1627305787.322084	0.793700	-0.140400	-0.779300	0.640400	-1.028300	0.301100
1627305787.322497	0.781000	-0.158100	-0.797000	0.651400	-0.994700	0.344200
1627305787.324656	0.765400	-0.171500	-0.809400	0.605300	-0.946100	0.382700
1627305787.325070	0.756800	-0.186600	-0.805200	0.581500	-0.886000	0.425700
1627305787.325480	0.756000	-0.216900	-0.795000	0.598600	-0.836800	0.460900
1627305787.325935	0.747300	-0.257300	-0.791000	0.579000	-0.791300	0.481900
1627305787.328157	0.740000	-0.291600	-0.785900	0.526800	-0.746700	0.480100
1627305787.328569	0.743000	-0.317400	-0.774300	0.477000	-0.707600	0.465100
1627305787.328983	0.745000	-0.332500	-0.768200	0.440700	-0.677100	0.443800
1627305787.329431	0.756000	-0.343900	-0.769800	0.384500	-0.656900	0.415700
1627305787.331648	0.757100	-0.343500	-0.778800	0.294700	-0.639500	0.393400
1627305787.332102	0.766400	-0.340800	-0.796800	0.214400	-0.623000	0.380800
1627305787.332514	0.781000	-0.344000	-0.815900	0.214700	-0.605000	0.388800
1627305787.332967	0.800300	-0.364700	-0.835200	0.257100	-0.580500	0.398600
1627305787.335103	0.824600	-0.391600	-0.848100	0.245800	-0.550600	0.407400
1627305787.335559	0.856700	-0.416700	-0.862500	0.246100	-0.523100	0.407700
1627305787.335974	0.884200	-0.450800	-0.885000	0.302300	-0.496800	0.401600
1627305787.336384	0.894800	-0.482800	-0.914300	0.314200	-0.475500	0.380200
1627305787.338544	0.906500	-0.499800	-0.951300	0.284900	-0.456800	0.342400
1627305787.339016	0.926300	-0.506500	-0.993900	0.278500	-0.434500	0.298100
1627305787.339434	0.927400	-0.506800	-1.047200	0.273000	-0.397300	0.256800
1627305787.341142	0.902300	-0.503100	-1.103800	0.248900	-0.338000	0.224200
1627305787.341600	0.857900	-0.497100	-1.147600	0.243700	-0.253400	0.191200
1627305787.342015	0.855800	-0.511500	-1.192600	0.305700	-0.108300	0.153900
1627305787.342428	0.820900	-0.538500	-1.214500	0.353600	0.059700	0.120000
1627305787.344497	0.813200	-0.565100	-1.211100	0.394600	0.248400	0.054300
1627305787.344910	0.804800	-0.584800	-1.180300	0.434000	0.446600	-0.019300
1627305787.345326	0.790500	-0.586200	-1.136600	0.433100	0.000000	833.255100
1627305789.217564	0.654400	-0.503500	-0.724100	1.636100	-1.137600	-0.668900
1627305789.224141	0.637100	-0.473900	-0.717300	1.734500	-1.129100	-0.611800
1627305789.225074	0.624100	-0.495100	-0.716200	1.888100	-1.116900	-0.544000
1627305789.231936	0.630900	-0.565600	-0.727900	2.063100	-1.098500	-0.519600
1627305789.239387	0.631000	-0.637800	-0.724200	2.074800	-1.078700	-0.573000
1627305789.261213	0.634900	-0.653400	-0.697300	1.932700	-1.072300	-0.687300
1627305789.262144	0.649000	-0.629600	-0.673000	1.838000	-1.098900	-0.787700
1627305789.267005	0.651700	-0.609500	-0.678600	1.781800	-1.146800	-0.859200
1627305789.289414	0.647200	-0.601100	-0.719400	1.705200	-1.193200	-0.914500
1627305789.291815	0.638400	-0.597900	-0.761700	1.620900	-1.217100	-0.967900
1627305789.307281	0.634800	-0.596800	-0.797400	1.562500	-1.217700	-1.024500
1627305789.309958	0.626600	-0.597800	-0.833400	1.468200	-1.200300	-1.100800
1627305789.337606	0.619800	-0.591300	-0.862700	1.361300	-1.168800	-1.178100
1627305789.338534	0.609900	-0.574200	-0.889000	1.262300	-1.119900	-1.250200
1627305789.341842	0.607400	-0.549000	-0.911900	1.145000	-1.060700	-1.318000
1627305789.351749	0.623500	-0.517100	-0.941500	1.064100	-0.993200	-1.362900
1627305789.354970	0.621900	-0.487500	-0.972300	1.028300	-0.912500	-1.377800
1627305789.379702	0.616500	-0.461200	-0.988900	1.012200	-0.820300	-1.371400
1627305789.381794	0.614300	-0.439300	-0.991600	1.018300	-0.709700	-1.340900
1627305789.401044	0.619100	-0.440700	-0.986900	1.049700	-0.613200	-1.306700
1627305789.408445	0.596700	-0.447800	-0.976900	1.046700	-0.517600	-1.275500
1627305789.411815	0.594200	-0.459400	-0.962900	1.014900	-0.428700	-1.265700
1627305789.417051	0.595800	-0.467500	-0.943700	0.994100	-0.353600	-1.258400
1627305789.438568	0.599500	-0.471900	-0.924000	0.967900	-0.294000	-1.259000
1627305789.440781	0.606800	-0.480100	-0.917100	0.926000	-0.247900	-1.263300
1627305789.450619	0.613800	-0.490600	-0.923600	0.907400	-0.195400	-1.284400
1627305789.458917	0.615400	-0.493700	-0.925200	0.888500	-0.145900	-1.317400
1627305789.479293	0.617100	-0.470700	-0.914200	0.833500	-0.092500	-1.357400
1627305789.481691	0.621900	-0.434600	-0.897100	0.773900	-0.041800	-1.386100
1627305789.496963	0.620500	-0.399700	-0.880400	0.762600	0.006200	-1.391600
1627305789.500099	0.617200	-0.375200	-0.865200	0.753400	0.056300	-1.378800
1627305789.522595	0.616200	-0.363600	-0.850600	0.731800	0.111600	-1.346100
1627305789.523528	0.618200	-0.365500	-0.832400	0.749500	0.166600	-1.306700
1627305789.534287	0.620000	-0.382400	-0.822400	0.780600	0.202000	-1.282200
1627305789.535794	0.625600	-0.392000	-0.815600	0.782200	0.236800	-1.274900
1627305789.561200	0.632800	-0.388200	-0.805800	0.775100	0.272800	-1.277700
1627305789.562126	0.636800	-0.366500	-0.786500	0.797400	0.313500	-1.276100
1627305789.566992	0.638500	-0.346100	-0.761000	0.824000	0.356800	-1.262400
1627305789.589221	0.637700	-0.329200	-0.719500	0.848400	0.399300	-1.230000
1627305789.590365	0.644200	-0.332000	-0.680200	0.880800	0.433200	-1.198200
1627305789.605634	0.646400	-0.347300	-0.651000	0.875000	0.449700	-1.192700
1627305789.610006	0.652700	-0.352400	-0.626700	0.817300	0.453400	-1.209200
1627305789.631499	0.662600	-0.338500	-0.609100	0.733600	0.443900	-1.240400
1627305789.632431	0.675500	-0.302900	-0.600600	0.637100	0.423700	-1.267000
1627305789.640670	0.695600	-0.256200	-0.607100	0.565900	0.397800	-1.272500
1627305789.646744	0.708600	-0.201200	-0.625100	0.547900	0.381900	-1.241300
1627305789.670009	0.717500	-0.162400	-0.627600	0.540900	0.385200	-1.174100
1627305789.670957	0.720300	-0.143100	-0.637800	0.553100	0.401700	-1.090100
1627305789.684303	0.727300	-0.142600	-0.633100	0.614500	0.439600	-1.005200
1627305789.688067	0.729200	-0.150400	-0.609500	0.660000	0.483300	-0.920600
1627305789.710056	0.731200	-0.154900	-0.569600	0.674300	0.525100	-0.843300
1627305789.711004	0.731400	-0.157200	-0.528000	0.674300	0.552300	-0.770000
1627305789.723226	0.739000	-0.165400	-0.483800	0.677700	0.562700	-0.688200
1627305789.739582	0.737800	-0.176100	-0.462800	0.691800	0.557200	-0.622500
1627305789.740656	0.737400	-0.184100	-0.443700	0.680800	0.550200	-0.570600
1627305789.755860	0.742600	-0.186800	-0.418800	0.674300	0.535500	-0.520500
1627305789.760097	0.749800	-0.195900	-0.397700	0.705200	0.508900	-0.472800
1627305789.785882	0.745100	-0.208400	-0.377000	0.742800	0.472600	-0.430400
1627305789.786734	0.743000	-0.219400	-0.344600	0.745200	0.431700	-0.402600
1627305789.789252	0.746700	-0.223800	-0.295000	0.716800	0.356200	-0.377500
1627305789.803737	0.743200	-0.223500	-0.260400	0.675000	0.271300	-0.356800
1627305789.822171	0.745100	-0.226400	-0.239100	0.625800	0.169900	-0.337200
1627305789.823476	0.748900	-0.233400	-0.233200	0.590700	0.062100	-0.318300
1627305789.830705	0.740800	-0.240400	-0.235100	0.552800	-0.045100	-0.298400
1627305789.841333	0.746900	-0.242900	-0.246500	0.512800	-0.152900	-0.288100
1627305789.862261	0.748500	-0.243700	-0.265900	0.477900	-0.259800	-0.270900
1627305789.863102	0.741800	-0.243400	-0.301600	0.458400	-0.372200	-0.247100
1627305789.871796	0.736300	-0.245100	-0.329700	0.465400	-0.436700	-0.226400
1627305789.882523	0.724400	-0.248000	-0.346600	0.465100	-0.484600	-0.203100
1627305789.904728	0.719700	-0.249500	-0.355300	0.442500	-0.518500	-0.181200
1627305789.906110	0.713900	-0.255500	-0.365800	0.416900	-0.551800	-0.159800
1627305789.909393	0.720000	-0.261800	-0.382700	0.383000	-0.581100	-0.145700
1627305789.924419	0.720200	-0.262100	-0.406500	0.332000	-0.608300	-0.132600
1627305789.949036	0.720200	-0.262100	-0.406500	0.332000	-0.608300	-0.132600
1627305789.949968	0.711400	-0.259900	-0.434400	0.293500	-0.619300	-0.112400
1627305789.951922	0.716800	-0.264400	-0.453000	0.290100	-0.607700	-0.102000
1627305789.961779	0.720100	-0.275400	-0.465100	0.302000	-0.587600	-0.093500
1627305789.966392	0.722500	-0.284100	-0.468900	0.277600	-0.563700	-0.097200
1627305789.988339	0.729100	-0.280900	-0.464200	0.207900	-0.545700	-0.112700
1627305789.989241	0.733500	-0.262700	-0.454700	0.135300	-0.537200	-0.126500
1627305790.005045	0.736200	-0.240000	-0.448400	0.080000	-0.536600	-0.124300
1627305790.010056	0.735200	-0.217400	-0.440300	0.026500	-0.540800	-0.105400
1627305790.032661	0.740600	-0.201500	-0.432700	-0.069400	-0.550000	-0.076100
1627305790.033648	0.748900	-0.198900	-0.435900	-0.145100	-0.577500	-0.037000
1627305790.050132	0.758400	-0.205600	-0.458400	-0.203800	-0.606200	-0.004000
1627305790.068671	0.758400	-0.216100	-0.488600	-0.301800	-0.626700	0.022000
1627305790.069599	0.751200	-0.222500	-0.515000	-0.378800	-0.636400	0.040000
1627305790.070448	0.748700	-0.231900	-0.542400	-0.393500	-0.631200	0.059200
1627305790.080681	0.750400	-0.240800	-0.558800	-0.398600	-0.620500	0.068100
1627305790.102777	0.743700	-0.242200	-0.570900	-0.418800	-0.611400	0.074500
1627305790.103673	0.735600	-0.235100	-0.578600	-0.430400	-0.601300	0.080600
1627305790.113233	0.741100	-0.231700	-0.580000	-0.393800	-0.592400	0.090700
1627305790.120619	0.742200	-0.228400	-0.581800	-0.348600	-0.589700	0.110800
1627305790.141628	0.738600	-0.226600	-0.581400	-0.325900	-0.594600	0.131300
1627305790.142556	0.729500	-0.223400	-0.584400	-0.300600	-0.610500	0.155700
1627305790.149348	0.728900	-0.215900	-0.592500	-0.291100	-0.628200	0.178300
1627305790.159547	0.724200	-0.206200	-0.602500	-0.318300	-0.646500	0.201200
1627305790.187497	0.719100	-0.190900	-0.617800	-0.345200	-0.658700	0.230300
1627305790.188499	0.710200	-0.185900	-0.634000	-0.339400	-0.661500	0.270000
1627305790.189413	0.708300	-0.194100	-0.643900	-0.326600	-0.658700	0.314300
1627305790.200701	0.710300	-0.215900	-0.652100	-0.302400	-0.663000	0.350600
1627305790.204278	0.711200	-0.240000	-0.670700	-0.284100	-0.674900	0.369800
1627305790.228861	0.707600	-0.241100	-0.686200	-0.299100	-0.689600	0.371700
1627305790.229796	0.705700	-0.231200	-0.705100	-0.289000	-0.699000	0.374700
1627305790.240710	0.695200	-0.221300	-0.725800	-0.226700	-0.697200	0.392100
1627305790.243047	0.687100	-0.218800	-0.740000	-0.143300	-0.679800	0.418700
1627305790.269973	0.689900	-0.225000	-0.735100	-0.063000	-0.654100	0.454100
1627305790.270698	0.695900	-0.235400	-0.716100	-0.005200	-0.638600	0.495400
1627305790.280713	0.693400	-0.252100	-0.700000	0.002100	-0.643100	0.539700
1627305790.285599	0.693800	-0.269400	-0.699600	-0.022000	-0.660600	0.561400
1627305790.307196	0.696000	-0.289300	-0.714700	-0.039500	-0.681000	0.574800
1627305790.309384	0.694100	-0.300500	-0.738900	-0.078500	-0.700900	0.580300
1627305790.324543	0.686000	-0.308100	-0.767100	-0.101500	-0.717400	0.577800
1627305790.328817	0.676400	-0.308200	-0.795400	-0.103000	-0.716800	0.571100
1627305790.341803	0.663300	-0.302100	-0.819900	-0.117600	-0.700600	0.565300
1627305790.357376	0.648600	-0.288200	-0.832200	-0.155800	-0.668200	0.571100
1627305790.360180	0.636800	-0.281100	-0.839000	-0.165300	-0.634000	0.592800
1627305790.380246	0.631800	-0.291600	-0.845800	-0.146400	-0.594000	0.624000
1627305790.381255	0.631700	-0.314300	-0.853100	-0.131400	-0.554900	0.649000
1627305790.390573	0.631000	-0.338300	-0.860800	-0.149400	-0.518200	0.664900
1627305790.409135	0.628500	-0.350700	-0.866600	-0.187900	-0.487700	0.670700
1627305790.420061	0.619000	-0.352200	-0.883200	-0.194300	-0.455900	0.679600
1627305790.420943	0.604600	-0.354100	-0.899500	-0.162800	-0.416500	0.693000
1627305790.429494	0.589800	-0.361500	-0.907700	-0.105700	-0.372800	0.705800
1627305790.440732	0.582200	-0.374900	-0.906000	-0.046200	-0.322400	0.714100
1627305790.449453	0.575100	-0.391500	-0.894500	0.008500	-0.272700	0.714400
1627305790.460222	0.562500	-0.400300	-0.876600	0.046100	-0.232300	0.707700
1627305790.483546	0.564500	-0.403900	-0.853500	0.064100	-0.198100	0.699100
1627305790.484396	0.560100	-0.400300	-0.829100	0.060700	-0.179200	0.694800
1627305790.488095	0.556000	-0.398200	-0.818700	0.055200	-0.169700	0.698500
1627305790.503201	0.556500	-0.407000	-0.822500	0.041500	-0.162700	0.700300
1627305790.527175	0.555300	-0.419900	-0.835700	0.005400	-0.154800	0.693900
1627305790.528430	0.550700	-0.426600	-0.851700	-0.053200	-0.141000	0.676500
1627305790.529323	0.550300	-0.421100	-0.866700	-0.135100	-0.122100	0.651800
1627305790.545024	0.550200	-0.409300	-0.877300	-0.200100	-0.094900	0.639200
1627305790.548890	0.549800	-0.400000	-0.893100	-0.218400	-0.059500	0.646300
1627305790.568313	0.553100	-0.402300	-0.904400	-0.233700	-0.021900	0.655100
1627305790.569599	0.548700	-0.407800	-0.917200	-0.280100	0.019300	0.661800
1627305790.576977	0.542500	-0.410800	-0.927500	-0.320800	0.065200	0.666400
1627305790.590000	0.537000	-0.416100	-0.938600	-0.347900	0.114000	0.664600
1627305790.609687	0.536700	-0.413300	-0.952100	-0.396800	0.165300	0.659400
1627305790.610729	0.534500	-0.407800	-0.967200	-0.440500	0.217000	0.653300
1627305790.620891	0.533700	-0.398400	-0.976400	-0.450000	0.287200	0.656000
1627305790.631349	0.532300	-0.393700	-0.976200	-0.442900	0.350100	0.666700
1627305790.648662	0.530800	-0.391500	-0.965000	-0.429800	0.410000	0.678300
1627305790.649592	0.528400	-0.389000	-0.945600	-0.416700	0.464000	0.689000
1627305790.657035	0.529300	-0.383300	-0.922100	-0.431300	0.505000	0.699400
1627305790.659489	0.527100	-0.372100	-0.910400	-0.468600	0.537700	0.715900
1627305790.686020	0.525600	-0.358000	-0.904400	-0.495200	0.563600	0.744000
1627305790.701096	0.527600	-0.351300	-0.903700	-0.471300	0.589900	0.787700
1627305790.701842	0.525900	-0.357100	-0.902500	-0.439300	0.613100	0.831400
1627305790.725939	0.522000	-0.370200	-0.897600	-0.398300	0.637200	0.872300
1627305790.727716	0.519700	-0.387300	-0.889800	-0.355300	0.657700	0.907700
1627305790.728638	0.516100	-0.405800	-0.879400	-0.305500	0.675700	0.933700
1627305790.736917	0.514000	-0.424400	-0.867100	-0.269700	0.692800	0.949300
1627305790.746900	0.511400	-0.441300	-0.858200	-0.232800	0.707200	0.957500
1627305790.772767	0.510600	-0.457000	-0.849600	-0.195800	0.722700	0.956900
1627305790.773695	0.512800	-0.462800	-0.845100	-0.185100	0.731300	0.954400
1627305790.776925	0.517600	-0.465800	-0.843600	-0.159800	0.736200	0.951400
1627305790.789493	0.513400	-0.471800	-0.845300	-0.118600	0.745700	0.949900
1627305790.791242	0.509800	-0.474100	-0.842200	-0.106000	0.762500	0.947100
1627305790.814706	0.510600	-0.472200	-0.833700	-0.106600	0.777700	0.948600
1627305790.816981	0.511800	-0.478800	-0.824300	-0.099900	0.790900	0.960900
1627305790.828360	0.509900	-0.492600	-0.824700	-0.105400	0.807000	0.973100
1627305790.832435	0.514500	-0.512100	-0.829200	-0.126200	0.826000	0.978000
1627305790.856358	0.516100	-0.530500	-0.836900	-0.150600	0.848900	0.970600
1627305790.857238	0.515600	-0.548700	-0.847500	-0.180300	0.884300	0.948600
1627305790.864541	0.515100	-0.559100	-0.855200	-0.214200	0.930700	0.917200
1627305790.884735	0.509400	-0.562400	-0.849100	-0.245000	0.979000	0.882400
1627305790.886912	0.521000	-0.557000	-0.840200	-0.313100	1.032100	0.842400
1627305790.904897	0.525400	-0.548200	-0.834200	-0.375400	1.071200	0.819100
1627305790.905828	0.532100	-0.542500	-0.830800	-0.424300	1.111600	0.805700
1627305790.929295	0.534500	-0.543000	-0.828700	-0.469200	1.153100	0.798400
1627305790.938856	0.537400	-0.550400	-0.827300	-0.519300	1.195300	0.791300
1627305790.939787	0.546500	-0.556600	-0.829500	-0.570000	1.231900	0.778800
1627305790.948312	0.546600	-0.562700	-0.834200	-0.624100	1.267600	0.763200
1627305790.969212	0.544300	-0.560100	-0.834100	-0.680600	1.314400	0.747700
1627305790.978825	0.544900	-0.560300	-0.830900	-0.683300	1.358400	0.742500
1627305790.979749	0.539300	-0.571300	-0.821500	-0.649700	1.400200	0.737600
1627305790.989509	0.535000	-0.589700	-0.808100	-0.628000	1.442700	0.721400
1627305791.011677	0.538300	-0.599100	-0.784900	-0.648200	1.480800	0.694800
1627305791.016343	0.534800	-0.598000	-0.759800	-0.680300	1.508300	0.667300
1627305791.017696	0.531500	-0.593100	-0.733500	-0.691900	1.526000	0.641700
1627305791.033570	0.536300	-0.592500	-0.716300	-0.711100	1.535500	0.614500
1627305791.057448	0.538700	-0.593100	-0.706500	-0.745900	1.542800	0.593100
1627305791.058857	0.532500	-0.591800	-0.696900	-0.762700	1.557800	0.573600
1627305791.068757	0.536500	-0.587000	-0.677500	-0.762100	1.576100	0.553100
1627305791.069710	0.537000	-0.589400	-0.650300	-0.748100	1.592600	0.538400
1627305791.077022	0.537100	-0.594100	-0.619600	-0.745600	1.603900	0.520400
1627305791.089406	0.539700	-0.595700	-0.583900	-0.759100	1.611300	0.492300
1627305791.108757	0.543300	-0.591200	-0.542400	-0.808800	1.611900	0.455100
1627305791.109679	0.548100	-0.582300	-0.510100	-0.860200	1.602100	0.424500
1627305791.119595	0.559100	-0.576300	-0.482500	-0.892500	1.584400	0.396100
1627305791.129478	0.565100	-0.568000	-0.457500	-0.942300	1.559300	0.372300
1627305791.139305	0.570100	-0.555100	-0.438700	-1.013200	1.527600	0.352400
1627305791.154492	0.572300	-0.543500	-0.413100	-1.063600	1.489100	0.344800
1627305791.157639	0.576200	-0.528200	-0.381200	-1.074900	1.439300	0.350000
1627305791.158565	0.581400	-0.522800	-0.340600	-1.103600	1.373600	0.359200
1627305791.183335	0.593900	-0.519700	-0.309300	-1.167700	1.304300	0.370200
1627305791.186921	0.598000	-0.524400	-0.290500	-1.201600	1.211700	0.387000
1627305791.201778	0.596700	-0.539100	-0.283600	-1.202200	1.111900	0.398900
1627305791.203780	0.607300	-0.549400	-0.279900	-1.215700	1.008300	0.394900
1627305791.228116	0.610100	-0.554600	-0.280300	-1.230300	0.899300	0.386300
1627305791.229470	0.619500	-0.547900	-0.275900	-1.223900	0.779600	0.370500
1627305791.245346	0.606900	-0.559100	-0.298600	-1.188200	0.654900	0.360400
1627305791.247513	0.624400	-0.569900	-0.325000	-1.123400	0.567300	0.327700
1627305791.248572	0.630500	-0.573200	-0.350000	-1.092000	0.497300	0.299000
1627305791.272141	0.637600	-0.566000	-0.372800	-1.034200	0.448500	0.262600
1627305791.282035	0.638300	-0.552900	-0.386000	-0.951500	0.419100	0.235500
1627305791.290571	0.641800	-0.533400	-0.391700	-0.901700	0.409700	0.214100
1627305791.311503	0.657600	-0.515900	-0.394200	-0.863500	0.411200	0.205200
1627305791.312429	0.661500	-0.503100	-0.391700	-0.829600	0.419500	0.209800
1627305791.324532	0.671500	-0.498800	-0.387800	-0.800900	0.427700	0.213800
1627305791.327837	0.684800	-0.499900	-0.384600	-0.794800	0.431700	0.218000
1627305791.337914	0.696800	-0.502400	-0.385600	-0.789300	0.432600	0.216800
1627305791.353071	0.709800	-0.504400	-0.384900	-0.769100	0.428900	0.208000
1627305791.357689	0.714800	-0.503900	-0.386200	-0.750200	0.425600	0.198800
1627305791.380469	0.720800	-0.496800	-0.372600	-0.703200	0.421300	0.187800
1627305791.384245	0.726800	-0.492200	-0.355600	-0.647600	0.410300	0.186600
1627305791.398961	0.732800	-0.491100	-0.339400	-0.590500	0.396200	0.187800
1627305791.401052	0.736700	-0.492100	-0.320200	-0.543100	0.377300	0.187500
1627305791.401961	0.742200	-0.486100	-0.303200	-0.495200	0.350100	0.189600
1627305791.428305	0.751500	-0.478600	-0.282100	-0.455100	0.310700	0.194500
1627305791.431885	0.757100	-0.471100	-0.270000	-0.420000	0.257600	0.208600
1627305791.447017	0.753900	-0.471700	-0.266200	-0.325300	0.191300	0.236400
1627305791.448917	0.760000	-0.473900	-0.260400	-0.264600	0.139100	0.257100
1627305791.473547	0.757700	-0.474900	-0.251800	-0.219400	0.085000	0.277900
1627305791.475626	0.744800	-0.478300	-0.244500	-0.163200	0.030900	0.299300
1627305791.478150	0.743300	-0.487100	-0.236000	-0.095300	-0.029800	0.317000
1627305791.487596	0.741700	-0.499000	-0.228000	-0.025700	-0.095800	0.331700
1627305791.488526	0.739900	-0.509500	-0.226600	0.020400	-0.172800	0.340800
1627305791.514775	0.740200	-0.526600	-0.230100	0.069600	-0.267500	0.344500
1627305791.517090	0.732500	-0.542000	-0.243800	0.123000	-0.350800	0.340800
1627305791.526998	0.724400	-0.558100	-0.258400	0.165500	-0.431500	0.327100
1627305791.531221	0.728500	-0.568600	-0.273100	0.196300	-0.509400	0.303000
1627305791.553529	0.730000	-0.586400	-0.293500	0.240900	-0.585400	0.271200
1627305791.557061	0.719600	-0.601600	-0.319100	0.280600	-0.644400	0.224500
1627305791.578116	0.712800	-0.603100	-0.343900	0.263500	-0.687400	0.155100
1627305791.580591	0.706300	-0.585600	-0.355300	0.217700	-0.716800	0.090400
1627305791.595875	0.705400	-0.567400	-0.369400	0.212200	-0.742100	0.053700
1627305791.599966	0.699200	-0.553100	-0.385300	0.217400	-0.768100	0.036900
1627305791.618504	0.690300	-0.546300	-0.406000	0.204000	-0.793100	0.033600
1627305791.619390	0.689700	-0.545300	-0.428600	0.224400	-0.815400	0.038800
1627305791.624397	0.681200	-0.554800	-0.455100	0.294400	-0.831000	0.051300
1627305791.636287	0.670200	-0.579800	-0.481200	0.382000	-0.833100	0.052800
1627305791.637206	0.665500	-0.596600	-0.486300	0.448600	-0.824300	0.039700
1627305791.662198	0.665200	-0.601300	-0.474400	0.505700	-0.821200	0.022900
1627305791.664394	0.655200	-0.605100	-0.462800	0.558300	-0.827000	0.003900
1627305791.679379	0.646700	-0.608900	-0.446800	0.574800	-0.843500	-0.023900
1627305791.702769	0.653700	-0.614100	-0.437600	0.552200	-0.875900	-0.054400
1627305791.706235	0.652300	-0.623500	-0.441800	0.520100	-0.918000	-0.091400
1627305791.707167	0.643100	-0.638200	-0.462500	0.493500	-0.964800	-0.150300
1627305791.719560	0.637300	-0.640700	-0.476300	0.459300	-0.999600	-0.218400
1627305791.726824	0.637200	-0.629900	-0.485700	0.420500	-1.031700	-0.285900
1627305791.736953	0.628300	-0.601100	-0.488300	0.386300	-1.067400	-0.343900
1627305791.752669	0.619500	-0.569100	-0.495500	0.361900	-1.109800	-0.375400
1627305791.757669	0.606100	-0.537200	-0.509000	0.364000	-1.155100	-0.376600
1627305791.780064	0.594500	-0.525000	-0.529500	0.401900	-1.197500	-0.354300
1627305791.780926	0.581800	-0.532600	-0.561300	0.479200	-1.242400	-0.313100
1627305791.784314	0.571400	-0.549300	-0.586300	0.549700	-1.266200	-0.290800
1627305791.801263	0.566800	-0.576000	-0.607900	0.600100	-1.278800	-0.292300
1627305791.823134	0.559200	-0.594700	-0.622600	0.619700	-1.286100	-0.319200
1627305791.824352	0.559000	-0.595300	-0.632000	0.602300	-1.290100	-0.362900
1627305791.834985	0.560200	-0.579100	-0.641000	0.555800	-1.290100	-0.407500
1627305791.835909	0.553300	-0.554700	-0.660400	0.510300	-1.289700	-0.440500
1627305791.844378	0.530000	-0.535200	-0.690200	0.523800	-1.282700	-0.447200
1627305791.865386	0.526100	-0.529700	-0.701000	0.552800	-1.267100	-0.442600
1627305791.873687	0.524800	-0.527300	-0.708500	0.502100	-1.255500	-0.426100
1627305791.874602	0.523800	-0.536300	-0.719600	0.502100	-1.257400	-0.406000
1627305791.885597	0.521900	-0.563400	-0.744600	0.566800	-1.260400	-0.396800
1627305791.906587	0.515400	-0.591800	-0.773800	0.593100	-1.253400	-0.407500
1627305791.908991	0.515700	-0.597000	-0.793100	0.546100	-1.231700	-0.440200
1627305791.924031	0.515500	-0.584100	-0.807900	0.521600	-1.203000	-0.471600
1627305791.928545	0.515900	-0.582400	-0.827900	0.577200	-1.173400	-0.482900
1627305791.944813	0.521700	-0.589400	-0.852400	0.596200	-1.131500	-0.498800
1627305791.945709	0.539700	-0.588400	-0.878200	0.556100	-1.080500	-0.522600
1627305791.955643	0.545800	-0.575000	-0.896600	0.545800	-1.018800	-0.540000
1627305791.958248	0.543100	-0.563500	-0.913100	0.633400	-0.936400	-0.545800
1627305791.985004	0.521600	-0.546900	-0.907800	0.705800	-0.827900	-0.531200
1627305791.985928	0.513300	-0.530800	-0.866500	0.756800	-0.731700	-0.504300
1627305791.995751	0.515900	-0.529800	-0.817500	0.842300	-0.682200	-0.461200
1627305792.000717	0.516400	-0.547500	-0.778700	0.869200	-0.668800	-0.412100
1627305792.023668	0.518100	-0.576300	-0.768300	0.809300	-0.677700	-0.384000
1627305792.024518	0.520600	-0.603000	-0.779200	0.766600	-0.694200	-0.378800
1627305792.029474	0.518100	-0.628700	-0.798600	0.755900	-0.708500	-0.394300
1627305792.043235	0.510400	-0.647200	-0.822400	0.715000	-0.712200	-0.433400
1627305792.065694	0.490000	-0.653400	-0.837800	0.680500	-0.704500	-0.476200
1627305792.066794	0.470900	-0.656900	-0.843400	0.704000	-0.695400	-0.514100
1627305792.081903	0.455000	-0.669400	-0.840000	0.756200	-0.683500	-0.545200
1627305792.085035	0.455200	-0.685400	-0.828000	0.779100	-0.670600	-0.579400
1627305792.085982	0.455300	-0.704600	-0.826400	0.788600	-0.667600	-0.613300
1627305792.109112	0.448100	-0.732700	-0.834600	0.828000	-0.670300	-0.654000
1627305792.123730	0.444700	-0.763300	-0.863800	0.845700	-0.657800	-0.728800
1627305792.124666	0.448400	-0.770500	-0.886500	0.815100	-0.627300	-0.815200
1627305792.130774	0.456200	-0.762900	-0.901700	0.814500	-0.585100	-0.900400
1627305792.154059	0.463500	-0.743400	-0.910000	0.835600	-0.532600	-0.978600
1627305792.154985	0.472200	-0.719100	-0.908300	0.831600	-0.464200	-1.046700
1627305792.160754	0.478800	-0.690800	-0.895100	0.822500	-0.388400	-1.103600
1627305792.182523	0.480200	-0.664600	-0.871000	0.806600	-0.312100	-1.141400
1627305792.184489	0.486500	-0.647500	-0.845200	0.766000	-0.213400	-1.169500
1627305792.199218	0.487400	-0.644800	-0.823600	0.764100	-0.149600	-1.187200
1627305792.201329	0.487700	-0.649200	-0.801800	0.749800	-0.100100	-1.207400
1627305792.224906	0.489900	-0.642900	-0.775400	0.709500	-0.065000	-1.230300
1627305792.225767	0.494500	-0.626600	-0.751700	0.697200	-0.047600	-1.246800
1627305792.234334	0.495800	-0.612500	-0.728900	0.727500	-0.044800	-1.252000
1627305792.244446	0.493500	-0.604900	-0.712500	0.752800	-0.050900	-1.251700
1627305792.248634	0.498300	-0.601000	-0.696300	0.773000	-0.068600	-1.253500
1627305792.269703	0.503200	-0.595200	-0.684200	0.785500	-0.097300	-1.259000
1627305792.273165	0.497300	-0.586800	-0.679100	0.785200	-0.136700	-1.258400
1627305792.288181	0.496700	-0.574000	-0.678200	0.778200	-0.169100	-1.252900
1627305792.289979	0.494600	-0.567700	-0.682100	0.810600	-0.197500	-1.237900
1627305792.314315	0.500700	-0.574200	-0.695600	0.857300	-0.214600	-1.222400
1627305792.315609	0.501700	-0.588400	-0.710200	0.901300	-0.221300	-1.215000
1627305792.330950	0.504200	-0.592700	-0.711100	0.907400	-0.215200	-1.220500
1627305792.337517	0.517500	-0.576300	-0.711700	0.873500	-0.206700	-1.235200
1627305792.355747	0.525900	-0.556800	-0.718900	0.861900	-0.203000	-1.237600
1627305792.356653	0.523200	-0.538500	-0.728600	0.869500	-0.189600	-1.225100
1627305792.374745	0.529100	-0.527600	-0.732300	0.875300	-0.155100	-1.207700
1627305792.384722	0.537800	-0.524000	-0.725300	0.881400	-0.117500	-1.186300
1627305792.385411	0.538600	-0.533800	-0.715000	0.873800	-0.067700	-1.165300
1627305792.395276	0.547500	-0.547700	-0.699200	0.850000	-0.018800	-1.160700
1627305792.406579	0.547400	-0.558000	-0.677200	0.835000	0.016600	-1.169800
1627305792.421698	0.550700	-0.556400	-0.656000	0.789500	0.041900	-1.188800
1627305792.436084	0.552200	-0.542400	-0.632700	0.733000	0.057500	-1.207100
1627305792.436795	0.550800	-0.524700	-0.615500	0.704600	0.065200	-1.216300
1627305792.459334	0.549800	-0.508100	-0.596300	0.686600	0.066400	-1.220200
1627305792.460328	0.553100	-0.490100	-0.573700	0.661800	0.056600	-1.214700
1627305792.462787	0.557600	-0.477900	-0.557900	0.653600	0.036400	-1.199200
1627305792.478728	0.559300	-0.468800	-0.544400	0.665500	0.007100	-1.182400
1627305792.479666	0.566900	-0.462200	-0.531600	0.678900	-0.024600	-1.164300
1627305792.505497	0.569100	-0.453000	-0.520100	0.691800	-0.060700	-1.145100
1627305792.508001	0.565400	-0.438500	-0.508500	0.699100	-0.098300	-1.125200
1627305792.522804	0.571200	-0.420200	-0.495100	0.682300	-0.136700	-1.102600
1627305792.523753	0.571200	-0.403400	-0.489400	0.683200	-0.186500	-1.060200
1627305792.524597	0.573500	-0.399000	-0.491900	0.736700	-0.226800	-1.018300
1627305792.550578	0.571300	-0.398900	-0.489400	0.757100	-0.260100	-0.984400
1627305792.557524	0.579300	-0.380700	-0.475500	0.722600	-0.291900	-0.954800
1627305792.558439	0.591600	-0.362100	-0.462800	0.698500	-0.335600	-0.915700
1627305792.582228	0.588700	-0.354500	-0.464600	0.707000	-0.376200	-0.867500
1627305792.583110	0.581300	-0.358300	-0.473300	0.714000	-0.404900	-0.821900
1627305792.598651	0.584800	-0.360500	-0.473500	0.658500	-0.429300	-0.776100
1627305792.603810	0.584600	-0.359300	-0.479000	0.591900	-0.449500	-0.745000
1627305792.623930	0.584400	-0.371800	-0.492900	0.611700	-0.459600	-0.720200
1627305792.624863	0.579000	-0.388700	-0.504200	0.627000	-0.454400	-0.704100
1627305792.633039	0.579700	-0.386600	-0.496900	0.545800	-0.442500	-0.702500
1627305792.639417	0.590600	-0.368500	-0.479500	0.477300	-0.442500	-0.694300
1627305792.663438	0.599700	-0.356700	-0.470000	0.483800	-0.464200	-0.670100
1627305792.666933	0.600200	-0.357500	-0.469600	0.445900	-0.495300	-0.640200
1627305792.674441	0.608500	-0.355600	-0.479000	0.341700	-0.511500	-0.619800
1627305792.685058	0.611300	-0.352800	-0.486000	0.294400	-0.524900	-0.598400
1627305792.701203	0.614500	-0.355600	-0.491200	0.287700	-0.533800	-0.577000
1627305792.702080	0.618800	-0.357400	-0.488000	0.245200	-0.541100	-0.561700
1627305792.708192	0.621200	-0.354200	-0.479500	0.179500	-0.554900	-0.544600
1627305792.732466	0.626300	-0.346300	-0.471600	0.132800	-0.589700	-0.520200
1627305792.733499	0.631800	-0.343900	-0.475300	0.111400	-0.647400	-0.486300
1627305792.744447	0.638100	-0.345600	-0.489500	0.076600	-0.706700	-0.459400
1627305792.768921	0.639600	-0.343100	-0.519400	0.022500	-0.767200	-0.436200
1627305792.769854	0.633200	-0.334000	-0.565600	0.001200	-0.815700	-0.413300
1627305792.774520	0.629300	-0.322100	-0.608400	0.041800	-0.844700	-0.385200
1627305792.784376	0.631100	-0.306600	-0.641500	0.047900	-0.856600	-0.344900
1627305792.788861	0.620100	-0.289200	-0.671400	0.096500	-0.856600	-0.276800
1627305792.811073	0.606400	-0.297600	-0.688700	0.247700	-0.841400	-0.197000
1627305792.811921	0.607800	-0.327400	-0.693100	0.354600	-0.818500	-0.137500
1627305792.822020	0.616700	-0.358000	-0.689500	0.369800	-0.799800	-0.102000
1627305792.830112	0.626300	-0.377800	-0.691800	0.353600	-0.793700	-0.091400
1627305792.853509	0.637500	-0.382100	-0.709500	0.320700	-0.795600	-0.092300
1627305792.854377	0.642700	-0.371200	-0.739100	0.266600	-0.795300	-0.091400
1627305792.858104	0.635400	-0.342500	-0.778100	0.214700	-0.774500	-0.071800
1627305792.882976	0.620500	-0.323500	-0.798000	0.233900	-0.736900	-0.029400
1627305792.893818	0.613800	-0.327300	-0.805100	0.291300	-0.691400	0.024700
1627305792.894750	0.610700	-0.347700	-0.795800	0.333800	-0.644100	0.075100
1627305792.901783	0.616700	-0.378800	-0.774700	0.363700	-0.603700	0.108700
1627305792.920790	0.621600	-0.408300	-0.749000	0.366800	-0.582400	0.124300
1627305792.921837	0.627300	-0.430500	-0.730800	0.305100	-0.578400	0.124300
1627305792.931890	0.628700	-0.440300	-0.735100	0.225100	-0.595500	0.106000
1627305792.938913	0.625400	-0.444200	-0.761100	0.176800	-0.606500	0.083000
1627305792.961773	0.624100	-0.438800	-0.788900	0.115700	-0.607700	0.055600
1627305792.963394	0.612900	-0.421800	-0.811500	0.051900	-0.596100	0.036300
1627305792.978457	0.600800	-0.401600	-0.826400	0.021900	-0.573500	0.031100
1627305792.985006	0.598400	-0.400600	-0.832400	0.027400	-0.543900	0.038100
1627305793.002131	0.595200	-0.407200	-0.833900	0.031400	-0.513300	0.052200
1627305793.003162	0.595600	-0.421900	-0.836300	-0.019900	-0.473600	0.059200
1627305793.012908	0.599600	-0.425900	-0.844200	-0.074900	-0.444300	0.054000
1627305793.026395	0.592500	-0.423100	-0.857400	-0.097500	-0.415000	0.047000
1627305793.050275	0.591400	-0.408900	-0.872400	-0.121000	-0.375600	0.040600
1627305793.060428	0.584500	-0.390500	-0.884500	-0.154900	-0.331600	0.047300
1627305793.062590	0.579200	-0.371700	-0.892600	-0.153700	-0.281500	0.067800
1627305793.063543	0.571400	-0.361600	-0.896200	-0.132900	-0.219500	0.102000
1627305793.074518	0.567600	-0.360200	-0.888500	-0.150000	-0.143800	0.147500
1627305793.082035	0.571400	-0.366800	-0.872300	-0.161600	-0.085700	0.186600
1627305793.104744	0.563700	-0.383200	-0.854900	-0.149700	-0.036900	0.219600
1627305793.105939	0.569300	-0.400000	-0.842700	-0.205600	0.002800	0.237000
1627305793.115765	0.569000	-0.409900	-0.836400	-0.254500	0.027300	0.249200
1627305793.123931	0.566200	-0.417500	-0.834000	-0.265500	0.048700	0.253800
1627305793.134376	0.562400	-0.409500	-0.828500	-0.297200	0.067300	0.260800
1627305793.149877	0.563600	-0.402100	-0.823500	-0.332400	0.081000	0.267800
1627305793.156606	0.563700	-0.399900	-0.824000	-0.340600	0.092000	0.281000
1627305793.175939	0.564900	-0.402500	-0.831400	-0.348600	0.107900	0.291700
1627305793.178165	0.561600	-0.407200	-0.837500	-0.369600	0.129900	0.301400
1627305793.180627	0.561000	-0.411900	-0.838100	-0.385800	0.153700	0.306600
1627305793.195194	0.562600	-0.411000	-0.835300	-0.374500	0.172100	0.313600
1627305793.214875	0.564600	-0.413000	-0.836500	-0.373900	0.190100	0.320400
1627305793.218389	0.566000	-0.410900	-0.841400	-0.379700	0.211500	0.325600
1627305793.220685	0.564600	-0.408900	-0.845700	-0.365400	0.236800	0.328900
1627305793.232470	0.565400	-0.403200	-0.843400	-0.362900	0.268000	0.331100
1627305793.233487	0.563700	-0.391500	-0.837200	-0.384900	0.298200	0.340200
1627305793.259799	0.560200	-0.380200	-0.829600	-0.402600	0.329000	0.356700
1627305793.261895	0.555500	-0.375200	-0.818200	-0.413300	0.356500	0.379300
1627305793.271891	0.554100	-0.373200	-0.809000	-0.429500	0.383400	0.404700
1627305793.279167	0.547600	-0.371500	-0.803800	-0.469200	0.402000	0.428500
1627305793.298568	0.541000	-0.363800	-0.801300	-0.511300	0.416100	0.451100
1627305793.300704	0.533000	-0.356300	-0.796800	-0.507700	0.429500	0.480400
1627305793.312094	0.522200	-0.353500	-0.793600	-0.490000	0.444200	0.516200
1627305793.320168	0.509900	-0.358200	-0.786000	-0.476500	0.461600	0.550100
1627305793.332512	0.502300	-0.369100	-0.774800	-0.465500	0.477200	0.577200
1627305793.343346	0.496200	-0.379900	-0.753800	-0.485700	0.487000	0.600400
1627305793.350789	0.497900	-0.380600	-0.743200	-0.530300	0.487000	0.608400
1627305793.373455	0.498000	-0.381200	-0.738900	-0.552300	0.483000	0.615100
1627305793.374299	0.497300	-0.380100	-0.735000	-0.564800	0.479600	0.622100
1627305793.381996	0.498700	-0.376500	-0.733300	-0.598700	0.475700	0.623700
1627305793.402408	0.501600	-0.363200	-0.730600	-0.650300	0.465900	0.628200
1627305793.403129	0.509800	-0.344500	-0.730000	-0.690000	0.457600	0.639500
1627305793.413451	0.507700	-0.327300	-0.733600	-0.703800	0.454300	0.677100
1627305793.420602	0.513800	-0.320200	-0.728400	-0.712300	0.458900	0.715900
1627305793.431989	0.529500	-0.318600	-0.723900	-0.723900	0.457300	0.757400
1627305793.447659	0.535500	-0.319100	-0.722800	-0.733400	0.445700	0.810000
1627305793.450175	0.539200	-0.323200	-0.726000	-0.726400	0.432000	0.864000
1627305793.451111	0.539900	-0.332400	-0.728800	-0.690900	0.420400	0.922100
1627305793.479748	0.539100	-0.351200	-0.728600	-0.649400	0.413300	0.977700
1627305793.480757	0.542500	-0.376300	-0.736200	-0.640500	0.405700	1.020700
1627305793.490600	0.549300	-0.391800	-0.745500	-0.666500	0.394700	1.044500
1627305793.495118	0.546600	-0.400400	-0.764500	-0.685100	0.389500	1.064400
1627305793.518642	0.541900	-0.409800	-0.782700	-0.693700	0.390700	1.082400
1627305793.522127	0.547400	-0.422600	-0.801400	-0.698300	0.400200	1.098600
1627305793.531930	0.546400	-0.443800	-0.819800	-0.682100	0.414000	1.111700
1627305793.538964	0.546300	-0.472800	-0.835300	-0.667700	0.432600	1.115400
1627305793.561878	0.548800	-0.494500	-0.850100	-0.682400	0.453400	1.101700
1627305793.563427	0.546300	-0.502900	-0.868300	-0.712600	0.476600	1.083300
1627305793.578500	0.537800	-0.502600	-0.884200	-0.723900	0.508600	1.067200
1627305793.582511	0.537800	-0.502600	-0.884200	-0.723900	0.508600	1.067200
1627305793.604737	0.536300	-0.500200	-0.898800	-0.723300	0.549000	1.053400
1627305793.605587	0.537200	-0.502200	-0.912000	-0.712900	0.592300	1.040600
1627305793.609513	0.539600	-0.502800	-0.924100	-0.725800	0.639100	1.024700
1627305793.624474	0.529300	-0.502400	-0.931600	-0.747100	0.699500	1.012800
1627305793.626246	0.528400	-0.494900	-0.931300	-0.749600	0.763100	1.007300
1627305793.648782	0.528900	-0.493000	-0.927700	-0.745600	0.818300	1.006100
1627305793.649729	0.520600	-0.492200	-0.919300	-0.748100	0.874900	1.010000
1627305793.655700	0.511400	-0.487400	-0.903100	-0.756900	0.926800	1.015800
1627305793.678867	0.507800	-0.485700	-0.885000	-0.772800	0.969800	1.019800
1627305793.679796	0.506800	-0.488300	-0.874400	-0.794800	1.001300	1.028400
1627305793.689544	0.496500	-0.498200	-0.872200	-0.790800	1.036400	1.033900
1627305793.703149	0.491200	-0.506000	-0.863600	-0.783500	1.079500	1.030800
1627305793.720614	0.495100	-0.512100	-0.844600	-0.777400	1.119200	1.021600
1627305793.731356	0.499400	-0.515000	-0.818800	-0.778600	1.148200	1.007900
1627305793.732277	0.506000	-0.515700	-0.797600	-0.808200	1.162900	0.991100
1627305793.750583	0.513100	-0.512200	-0.786900	-0.854700	1.162300	0.973700
1627305793.753238	0.516000	-0.505600	-0.786500	-0.908400	1.154900	0.961200
1627305793.768446	0.536000	-0.497400	-0.799400	-0.954200	1.141800	0.951400
1627305793.771293	0.542400	-0.496600	-0.817100	-0.935600	1.133200	0.950500
1627305793.791005	0.544200	-0.498700	-0.832800	-0.923400	1.137800	0.948900
1627305793.791881	0.543900	-0.499800	-0.839000	-0.934100	1.151600	0.941900
1627305793.803134	0.556500	-0.497900	-0.839000	-0.940200	1.162900	0.940700
1627305793.812645	0.563200	-0.499500	-0.850600	-0.932200	1.168400	0.943500
1627305793.837393	0.555900	-0.501700	-0.871300	-0.920300	1.185800	0.952300
1627305793.839506	0.547900	-0.510700	-0.884500	-0.883700	1.222400	0.963300
1627305793.840870	0.554400	-0.528700	-0.885700	-0.806100	1.257900	0.965700
1627305793.851521	0.562100	-0.557000	-0.886400	-0.766100	1.290200	0.951400
1627305793.872276	0.558600	-0.572100	-0.890700	-0.765800	1.328400	0.922100
1627305793.873377	0.554900	-0.575700	-0.883400	-0.763300	1.375200	0.883000
1627305793.882100	0.551000	-0.571000	-0.867800	-0.744100	1.426800	0.851200
1627305793.893852	0.543900	-0.565700	-0.843800	-0.707400	1.484800	0.828300
1627305793.912595	0.538600	-0.565700	-0.810100	-0.684800	1.549200	0.807500
1627305793.913500	0.533400	-0.566400	-0.777000	-0.702200	1.601800	0.795900
1627305793.924392	0.526600	-0.567700	-0.738800	-0.717200	1.651000	0.788300
1627305793.930661	0.527300	-0.576200	-0.701000	-0.725800	1.690700	0.784000
1627305793.955067	0.524400	-0.594400	-0.667800	-0.751100	1.722700	0.770000
1627305793.955996	0.523800	-0.615000	-0.637000	-0.790200	1.753000	0.740600
1627305793.959411	0.521500	-0.635500	-0.601000	-0.815600	1.782900	0.694800
1627305793.969361	0.517600	-0.647600	-0.557100	-0.817100	1.805800	0.632500
1627305793.973847	0.513500	-0.651600	-0.500100	-0.824700	1.812200	0.569600
1627305793.997517	0.517500	-0.649500	-0.427200	-0.830200	1.796300	0.500300
1627305793.999352	0.534200	-0.649000	-0.354000	-0.836600	1.748400	0.428500
1627305794.014329	0.562500	-0.652500	-0.295400	-0.867500	1.659500	0.345700
1627305794.038263	0.600700	-0.644800	-0.258800	-0.976500	1.532400	0.240700
1627305794.041558	0.619100	-0.593800	-0.238800	-1.203200	1.340300	0.128900
1627305794.042482	0.618000	-0.520900	-0.244100	-1.367500	1.173300	0.069600
1627305794.049308	0.621200	-0.461800	-0.271700	-1.411200	1.039200	0.066600
1627305794.059644	0.622600	-0.428600	-0.319900	-1.386400	0.936900	0.108400
1627305794.077677	0.599500	-0.414300	-0.371900	-1.312800	0.871500	0.171600
1627305794.078614	0.629200	-0.415400	-0.393700	-1.187000	0.845800	0.222900
1627305794.083246	0.659900	-0.424200	-0.396100	-1.052900	0.828400	0.277000
1627305794.107314	0.638700	-0.441200	-0.384300	-0.927300	0.799100	0.330400
1627305794.108202	0.673000	-0.467300	-0.375900	-0.719700	0.764300	0.336300
1627305794.119375	0.676100	-0.480800	-0.378100	-0.629900	0.728900	0.327100
1627305794.123718	0.688600	-0.450900	-0.368700	-0.713800	0.707800	0.300500
1627305794.147334	0.700200	-0.402200	-0.361900	-0.727000	0.685200	0.304800
1627305794.148186	0.707500	-0.379600	-0.366600	-0.628000	0.669000	0.341700
1627305794.154496	0.714400	-0.394200	-0.377200	-0.543400	0.665600	0.385400
1627305794.175479	0.724700	-0.421900	-0.366200	-0.506800	0.681800	0.415100
1627305794.187510	0.728500	-0.431600	-0.330700	-0.516200	0.686400	0.431200
1627305794.188428	0.733400	-0.434600	-0.289100	-0.487800	0.669900	0.452000
1627305794.195824	0.742200	-0.451800	-0.256800	-0.399300	0.633900	0.471300
1627305794.217077	0.748800	-0.481600	-0.235100	-0.341800	0.590200	0.476400
1627305794.230232	0.758400	-0.501700	-0.218600	-0.352200	0.542500	0.463000
1627305794.231156	0.769500	-0.508800	-0.202900	-0.366000	0.485400	0.436700
1627305794.237043	0.773700	-0.513100	-0.191500	-0.333900	0.416400	0.404100
1627305794.260439	0.777600	-0.518200	-0.183300	-0.309200	0.357400	0.374700
1627305794.268770	0.785900	-0.525800	-0.171800	-0.301500	0.296100	0.341100
1627305794.269694	0.785600	-0.529300	-0.160000	-0.308500	0.231300	0.305700
1627305794.278287	0.788300	-0.528000	-0.149400	-0.323500	0.158000	0.273600
1627305794.280630	0.781700	-0.530200	-0.142100	-0.299700	0.076500	0.244900
1627305794.307717	0.778300	-0.529800	-0.138800	-0.287800	-0.015200	0.212200
1627305794.308645	0.781000	-0.528000	-0.141700	-0.311900	-0.125100	0.174400
1627305794.319719	0.780200	-0.522600	-0.154300	-0.301200	-0.221700	0.149600
1627305794.320762	0.778700	-0.521900	-0.177700	-0.275900	-0.311400	0.128600
1627305794.347615	0.774000	-0.520300	-0.199700	-0.242600	-0.387500	0.108400
1627305794.348618	0.764600	-0.516500	-0.224000	-0.212900	-0.454100	0.088200
1627305794.359443	0.758800	-0.507700	-0.241800	-0.158000	-0.516100	0.069600
1627305794.363226	0.753100	-0.503100	-0.261200	-0.089900	-0.583900	0.052800
1627305794.387577	0.747100	-0.496900	-0.279200	-0.054400	-0.649900	0.037500
1627305794.388497	0.734900	-0.489600	-0.293100	-0.024500	-0.707900	0.032000
1627305794.401994	0.739000	-0.493900	-0.311200	0.017100	-0.767200	0.031100
1627305794.415129	0.743500	-0.505200	-0.341200	0.060100	-0.824600	0.028100
1627305794.418706	0.739900	-0.526900	-0.380900	0.093700	-0.871000	0.012500
1627305794.428253	0.737700	-0.544800	-0.418900	0.112700	-0.898200	-0.020200
1627305794.431386	0.736300	-0.546500	-0.455900	0.113300	-0.916200	-0.068400
1627305794.455985	0.728500	-0.541900	-0.481200	0.145900	-0.921400	-0.111800
1627305794.458131	0.727300	-0.531700	-0.500400	0.171900	-0.917400	-0.144200
1627305794.466522	0.723000	-0.516800	-0.512500	0.154500	-0.909200	-0.161900
1627305794.473583	0.722700	-0.504900	-0.521700	0.160600	-0.903100	-0.163700
1627305794.495327	0.719100	-0.504500	-0.536100	0.206400	-0.894800	-0.153700
1627305794.497677	0.711100	-0.515700	-0.557900	0.263500	-0.881400	-0.142100
1627305794.510417	0.694900	-0.532000	-0.572300	0.341400	-0.850200	-0.144800
1627305794.514928	0.695700	-0.545900	-0.569500	0.390300	-0.824300	-0.165600
1627305794.538293	0.694000	-0.555100	-0.563100	0.423000	-0.806600	-0.198300
1627305794.542205	0.690300	-0.559200	-0.556600	0.442500	-0.792500	-0.242200
1627305794.542702	0.682400	-0.551100	-0.550400	0.409500	-0.780000	-0.290800
1627305794.566562	0.670900	-0.529400	-0.537100	0.345400	-0.771700	-0.331400
1627305794.579768	0.657700	-0.501600	-0.523800	0.342900	-0.775700	-0.350400
1627305794.580281	0.637500	-0.491600	-0.516000	0.400700	-0.795300	-0.346400
1627305794.586402	0.625400	-0.499900	-0.506500	0.419600	-0.816900	-0.341500
1627305794.606487	0.633300	-0.522800	-0.500400	0.446800	-0.857000	-0.359500
1627305794.607869	0.632400	-0.550400	-0.510300	0.453800	-0.911300	-0.407800
1627305794.617775	0.628500	-0.557100	-0.523700	0.377500	-0.972100	-0.488400
1627305794.624883	0.630600	-0.531200	-0.539200	0.274200	-1.034400	-0.577600
1627305794.646488	0.619500	-0.491200	-0.567000	0.248300	-1.095500	-0.646900
1627305794.647932	0.613600	-0.448500	-0.602200	0.249800	-1.153500	-0.694600
1627305794.655193	0.620600	-0.418500	-0.639900	0.222300	-1.195100	-0.723000
1627305794.675287	0.620800	-0.391500	-0.687400	0.193300	-1.227100	-0.735500
1627305794.686161	0.613900	-0.365000	-0.731200	0.181700	-1.239000	-0.738600
1627305794.686868	0.608800	-0.340500	-0.773300	0.183800	-1.224700	-0.723300
1627305794.698100	0.608200	-0.323200	-0.807100	0.205800	-1.193200	-0.697000
1627305794.719440	0.610200	-0.311500	-0.839500	0.239700	-1.137000	-0.658500
1627305794.735201	0.619000	-0.303100	-0.861300	0.267800	-1.065900	-0.611200
1627305794.742322	0.623200	-0.301400	-0.872700	0.308700	-0.996200	-0.563600
1627305794.750309	0.623500	-0.302700	-0.872700	0.370100	-0.917100	-0.516500
1627305794.754000	0.625900	-0.305900	-0.862200	0.410100	-0.839500	-0.471300
1627305794.775454	0.632700	-0.310300	-0.847200	0.409800	-0.770500	-0.433700
1627305794.776790	0.638300	-0.315200	-0.834600	0.398500	-0.714300	-0.397700
1627305794.777885	0.637000	-0.323600	-0.825800	0.406800	-0.656300	-0.360100
1627305794.792730	0.639800	-0.333300	-0.809400	0.419600	-0.602500	-0.326200
1627305794.794784	0.648600	-0.337200	-0.787100	0.421400	-0.572000	-0.298400
1627305794.815549	0.647100	-0.340600	-0.764400	0.424800	-0.559200	-0.262700
1627305794.817890	0.641100	-0.348400	-0.743900	0.454400	-0.562500	-0.216900
1627305794.829000	0.636200	-0.370600	-0.725800	0.508800	-0.578400	-0.169200
1627305794.832288	0.634900	-0.404200	-0.716400	0.548200	-0.598200	-0.129500
1627305794.857668	0.628500	-0.452900	-0.715900	0.580900	-0.622100	-0.100200
1627305794.859002	0.620500	-0.491000	-0.716400	0.620600	-0.645600	-0.093200
1627305794.874688	0.611500	-0.522200	-0.719500	0.658500	-0.668200	-0.103600
1627305794.878482	0.600300	-0.549700	-0.721800	0.682900	-0.689600	-0.123100
1627305794.879024	0.595200	-0.576900	-0.725700	0.703400	-0.705500	-0.158600
1627305794.905357	0.585000	-0.600300	-0.732900	0.719500	-0.714900	-0.203100
1627305794.906669	0.575100	-0.623700	-0.737900	0.700900	-0.715200	-0.261200
1627305794.916854	0.573400	-0.643700	-0.742400	0.651400	-0.714900	-0.354600
1627305794.919818	0.564700	-0.656200	-0.753700	0.597100	-0.710300	-0.438900
1627305794.942911	0.552100	-0.653900	-0.766200	0.519500	-0.700900	-0.528400
1627305794.945131	0.546600	-0.647500	-0.780500	0.445600	-0.685300	-0.612700
1627305794.950184	0.542600	-0.636100	-0.797500	0.418400	-0.666700	-0.686300
1627305794.975272	0.536100	-0.631200	-0.811900	0.421700	-0.644100	-0.753500
1627305794.988622	0.531900	-0.622600	-0.822900	0.415900	-0.614400	-0.815200
1627305794.989200	0.532800	-0.605800	-0.826800	0.417200	-0.578700	-0.889800
1627305794.991424	0.528800	-0.588900	-0.828200	0.442500	-0.549400	-0.942300
1627305795.017196	0.531000	-0.567600	-0.826200	0.444400	-0.519800	-0.987800
1627305795.026177	0.539100	-0.543600	-0.819700	0.439200	-0.496200	-1.018600
1627305795.026897	0.548300	-0.525100	-0.817600	0.463300	-0.480000	-1.033600
1627305795.036688	0.546800	-0.516800	-0.825700	0.492300	-0.465700	-1.034500
1627305795.060774	0.547000	-0.511000	-0.834700	0.524400	-0.451900	-1.032400
1627305795.061612	0.551400	-0.512000	-0.840500	0.572600	-0.435100	-1.028400
1627305795.065308	0.551400	-0.520300	-0.845300	0.603500	-0.420200	-1.027200
1627305795.071150	0.554700	-0.532300	-0.852500	0.627300	-0.410400	-1.036700
1627305795.092903	0.556600	-0.544800	-0.868000	0.653300	-0.401600	-1.059300
1627305795.095334	0.553800	-0.549900	-0.888300	0.639500	-0.389300	-1.098100
1627305795.110294	0.558200	-0.536700	-0.917600	0.583000	-0.365800	-1.144800
1627305795.135307	0.561800	-0.506500	-0.958000	0.546400	-0.322400	-1.185400
1627305795.135784	0.558300	-0.479000	-0.985600	0.561600	-0.253100	-1.204400
1627305795.136795	0.559300	-0.469600	-0.998700	0.592500	-0.167900	-1.205900
1627305795.147998	0.559700	-0.474400	-0.994000	0.639500	-0.078100	-1.203400
1627305795.156317	0.561300	-0.488800	-0.976600	0.646500	0.002800	-1.215700
1627305795.177890	0.564000	-0.494400	-0.957300	0.583300	0.072500	-1.243800
1627305795.179103	0.567000	-0.485100	-0.946700	0.483800	0.131100	-1.280700
1627305795.194425	0.562900	-0.467400	-0.954000	0.434600	0.191600	-1.317400
1627305795.198520	0.567600	-0.447400	-0.959500	0.400700	0.257600	-1.346400
1627305795.219035	0.570600	-0.419900	-0.953000	0.336200	0.322900	-1.360100
1627305795.224774	0.574200	-0.391400	-0.939900	0.291900	0.383700	-1.359500
1627305795.225392	0.571900	-0.377600	-0.924700	0.309700	0.441100	-1.343600
1627305795.235270	0.570400	-0.378900	-0.912700	0.335300	0.497600	-1.332300
1627305795.239127	0.574000	-0.377600	-0.891100	0.323100	0.549000	-1.330500
1627305795.262969	0.571700	-0.366700	-0.858500	0.294700	0.599400	-1.335700
1627305795.265312	0.575400	-0.348300	-0.836100	0.281900	0.632600	-1.336900
1627305795.280832	0.579100	-0.332400	-0.822100	0.290700	0.658300	-1.329000
1627305795.305119	0.582600	-0.323500	-0.811200	0.315500	0.687000	-1.317700
1627305795.306051	0.585100	-0.314500	-0.798800	0.356100	0.715400	-1.307000
1627305795.306911	0.583700	-0.307900	-0.780900	0.385400	0.745700	-1.300600
1627305795.317125	0.589200	-0.295000	-0.751500	0.411400	0.771000	-1.297800
1627305795.325625	0.595300	-0.279300	-0.709600	0.460200	0.794200	-1.287700
1627305795.347378	0.601400	-0.266500	-0.669700	0.494100	0.799700	-1.278300
1627305795.348307	0.609700	-0.251700	-0.634200	0.509400	0.791800	-1.267600
1627305795.355703	0.618500	-0.236900	-0.601100	0.509700	0.770400	-1.251100
1627305795.368772	0.626700	-0.217900	-0.575400	0.505100	0.745700	-1.228200
1627305795.369716	0.626800	-0.201000	-0.550000	0.507900	0.711400	-1.199200
1627305795.390915	0.637100	-0.185300	-0.527300	0.507600	0.664700	-1.162500
1627305795.394460	0.646000	-0.168500	-0.503500	0.484700	0.598100	-1.107200
1627305795.408207	0.656500	-0.163000	-0.496600	0.485300	0.536100	-1.062300
1627305795.421835	0.658400	-0.169100	-0.497800	0.509400	0.478100	-1.019900
1627305795.428733	0.668500	-0.172100	-0.502400	0.491100	0.428300	-0.984400
1627305795.429625	0.677900	-0.170700	-0.506200	0.492600	0.386500	-0.956000
1627305795.453597	0.675500	-0.166400	-0.507800	0.533200	0.351600	-0.923400
1627305795.455720	0.678100	-0.165200	-0.506700	0.568100	0.319000	-0.890400
1627305795.465582	0.684300	-0.162100	-0.498700	0.600700	0.282600	-0.847300
1627305795.472686	0.693200	-0.164200	-0.496100	0.654800	0.246300	-0.808200
1627305795.492396	0.704200	-0.172400	-0.498700	0.720800	0.206300	-0.776700
1627305795.495697	0.707200	-0.174800	-0.497800	0.772100	0.174200	-0.751100
1627305795.504563	0.712800	-0.163600	-0.489100	0.782200	0.146700	-0.730900
1627305795.515299	0.720300	-0.145600	-0.470300	0.781900	0.117400	-0.702200
1627305795.534909	0.721300	-0.136200	-0.451800	0.825500	0.082600	-0.656100
1627305795.535868	0.721400	-0.148800	-0.437600	0.857300	0.052300	-0.613300
1627305795.545765	0.722800	-0.164800	-0.424600	0.824900	0.028800	-0.592000
1627305795.548297	0.725200	-0.176300	-0.408700	0.773300	0.002500	-0.587700
1627305795.573814	0.722900	-0.179200	-0.387000	0.740000	-0.032000	-0.595900
1627305795.574760	0.725200	-0.177700	-0.369400	0.684100	-0.078100	-0.611200
1627305795.589606	0.722500	-0.166000	-0.354900	0.597400	-0.130000	-0.621900
1627305795.592001	0.720600	-0.153200	-0.344000	0.546400	-0.197500	-0.623700
1627305795.616187	0.718400	-0.148700	-0.339400	0.529600	-0.261100	-0.620100
1627305795.617085	0.722700	-0.144200	-0.335600	0.486500	-0.325500	-0.617600
1627305795.625759	0.725200	-0.132400	-0.330400	0.412000	-0.392700	-0.617600
1627305795.637660	0.728400	-0.117200	-0.338000	0.357300	-0.467800	-0.604500
1627305795.638580	0.722300	-0.099100	-0.353400	0.358200	-0.541700	-0.576400
1627305795.661004	0.715700	-0.084600	-0.367800	0.343300	-0.604400	-0.536400
1627305795.664551	0.712900	-0.058800	-0.382800	0.283400	-0.675800	-0.462500
1627305795.679473	0.708000	-0.056900	-0.402300	0.308400	-0.745800	-0.373900
1627305795.713488	0.696200	-0.086300	-0.431900	0.402500	-0.804400	-0.286800
1627305795.714356	0.694600	-0.130400	-0.463300	0.462700	-0.847800	-0.233100
1627305795.715591	0.691900	-0.163100	-0.480200	0.464800	-0.878300	-0.211400
1627305795.723934	0.689500	-0.172100	-0.483900	0.447700	-0.905800	-0.214700
1627305795.724855	0.698500	-0.163600	-0.485800	0.416600	-0.940900	-0.220200
1627305795.745996	0.689700	-0.157800	-0.512500	0.410100	-0.992000	-0.207400
1627305795.746848	0.685300	-0.156700	-0.536100	0.415900	-1.023100	-0.199200
1627305795.757994	0.693800	-0.148900	-0.552700	0.368900	-1.056100	-0.183300
1627305795.774055	0.692100	-0.138400	-0.575400	0.321000	-1.092100	-0.155500
1627305795.782281	0.680300	-0.138900	-0.604100	0.348800	-1.122700	-0.118200
1627305795.782976	0.660200	-0.150400	-0.640400	0.376900	-1.141300	-0.083700
1627305795.794231	0.641400	-0.157700	-0.671900	0.367100	-1.145300	-0.061700
1627305795.815736	0.618000	-0.161900	-0.698900	0.401300	-1.138900	-0.034900
1627305795.822678	0.604900	-0.162500	-0.705700	0.478600	-1.128800	-0.005800
1627305795.823608	0.611100	-0.168600	-0.702100	0.516700	-1.130900	0.025300
1627305795.833179	0.618200	-0.180400	-0.705700	0.528300	-1.146800	0.055300
1627305795.836962	0.620400	-0.196200	-0.726800	0.529600	-1.161200	0.066900
1627305795.860952	0.612400	-0.199800	-0.760300	0.494700	-1.165400	0.064100
1627305795.862968	0.599100	-0.174000	-0.791400	0.415300	-1.152600	0.061400
1627305795.877850	0.602800	-0.132400	-0.811000	0.367100	-1.134300	0.087000
1627305795.902286	0.603500	-0.109700	-0.826800	0.387200	-1.125400	0.149300
1627305795.904279	0.588500	-0.113800	-0.847000	0.424200	-1.105300	0.229300
1627305795.905210	0.580700	-0.143400	-0.853800	0.454100	-1.074400	0.296500
1627305795.914464	0.588600	-0.183100	-0.845500	0.461500	-1.048800	0.337800
1627305795.919457	0.581400	-0.219700	-0.841600	0.404600	-1.033800	0.345100
1627305795.942901	0.575100	-0.240400	-0.846700	0.268400	-1.022800	0.309100
1627305795.943824	0.580200	-0.233300	-0.860700	0.145600	-1.021300	0.259600
1627305795.949526	0.576500	-0.212900	-0.883300	0.045500	-1.022500	0.218700
1627305795.971042	0.572100	-0.184800	-0.909500	-0.080700	-1.020700	0.186300
1627305795.973240	0.569700	-0.159900	-0.952800	-0.166500	-1.013600	0.176200
1627305795.988205	0.563800	-0.136600	-0.991300	-0.183000	-0.994100	0.179300
1627305795.992511	0.556500	-0.110000	-1.007300	-0.238900	-0.959000	0.204600
1627305796.015033	0.538200	-0.080200	-1.011000	-0.274600	-0.915900	0.268100
1627305796.016058	0.531900	-0.081800	-1.014300	-0.194300	-0.879200	0.348200
1627305796.024363	0.538600	-0.102400	-1.011200	-0.133200	-0.846000	0.422400
1627305796.035088	0.550400	-0.120000	-1.013100	-0.192500	-0.816300	0.485000
1627305796.035850	0.544400	-0.122400	-1.022300	-0.277100	-0.785500	0.550700
1627305796.059267	0.536900	-0.128300	-1.046000	-0.283800	-0.749100	0.621500
1627305796.075347	0.528900	-0.140000	-1.082000	-0.270700	-0.695700	0.696700
1627305796.080191	0.509800	-0.163000	-1.110500	-0.271000	-0.602200	0.785800
1627305796.092550	0.492800	-0.185700	-1.112300	-0.238600	-0.512700	0.851800
1627305796.093480	0.478900	-0.221900	-1.094500	-0.155800	-0.433900	0.911100
1627305796.104607	0.471100	-0.265900	-1.070800	-0.080400	-0.367000	0.954100
1627305796.108212	0.459400	-0.306300	-1.047500	-0.069400	-0.319100	0.967900
1627305796.124340	0.456100	-0.324600	-1.037200	-0.091400	-0.290100	0.954400
1627305796.136230	0.446900	-0.329000	-1.046600	-0.110300	-0.265900	0.935800
1627305796.136941	0.434400	-0.326400	-1.074100	-0.092000	-0.226500	0.915000
1627305796.161572	0.423700	-0.331400	-1.101700	-0.063000	-0.181600	0.900100
1627305796.162774	0.418700	-0.333600	-1.127100	-0.084400	-0.116600	0.882100
1627305796.173011	0.413200	-0.323100	-1.137800	-0.131100	-0.043000	0.867700
1627305796.181056	0.409100	-0.312700	-1.135700	-0.128600	0.035800	0.867100
1627305796.200449	0.410200	-0.317600	-1.130600	-0.078500	0.115900	0.877200
1627305796.202835	0.411400	-0.330000	-1.117800	-0.068500	0.196500	0.883300
1627305796.214235	0.416000	-0.334700	-1.095200	-0.147900	0.279300	0.881400
1627305796.216232	0.416300	-0.326500	-1.083700	-0.209000	0.337300	0.883900
1627305796.239083	0.411900	-0.318700	-1.086900	-0.237100	0.391400	0.892400
1627305796.242859	0.410000	-0.309400	-1.095800	-0.276800	0.453700	0.908900
1627305796.250390	0.415500	-0.299800	-1.100200	-0.315300	0.523300	0.927900
1627305796.270268	0.415000	-0.292500	-1.090600	-0.318600	0.594800	0.953200
1627305796.285574	0.408700	-0.289900	-1.067700	-0.332700	0.671400	0.985900
1627305796.288558	0.407200	-0.293000	-1.040200	-0.380600	0.739900	1.017700
1627305796.311488	0.409900	-0.295200	-1.019500	-0.438300	0.788700	1.042700
1627305796.312951	0.407000	-0.296800	-1.005600	-0.523600	0.829300	1.066500
1627305796.322288	0.397200	-0.285400	-0.994600	-0.636000	0.866300	1.092800
1627305796.322752	0.393100	-0.273800	-0.989000	-0.725100	0.907800	1.131000
1627305796.334019	0.390000	-0.277700	-0.983000	-0.751100	0.943900	1.177100
1627305796.356515	0.391500	-0.301800	-0.979600	-0.760900	0.984500	1.218000
1627305796.361038	0.393700	-0.318700	-0.971300	-0.787800	1.016000	1.239400
1627305796.361492	0.392800	-0.321000	-0.961300	-0.822300	1.044100	1.247400
1627305796.372842	0.394800	-0.306400	-0.948500	-0.848200	1.063000	1.253200
1627305796.377745	0.387800	-0.291700	-0.939500	-0.839100	1.076100	1.274800
1627305796.399061	0.382400	-0.285800	-0.927600	-0.819500	1.096300	1.307800
1627305796.401641	0.395900	-0.285900	-0.917700	-0.819200	1.118900	1.335600
1627305796.410261	0.403000	-0.296500	-0.907000	-0.838200	1.139400	1.364300
1627305796.425309	0.414600	-0.301900	-0.899400	-0.880600	1.160700	1.382400
1627305796.445243	0.431800	-0.294800	-0.891200	-0.953900	1.175400	1.401600
1627305796.456059	0.436600	-0.281000	-0.892500	-1.013500	1.179100	1.437600
1627305796.456513	0.439300	-0.275600	-0.904700	-1.037300	1.186700	1.486800
1627305796.462743	0.439900	-0.281600	-0.920700	-1.020800	1.194900	1.539000
1627305796.465215	0.433500	-0.299200	-0.937300	-0.953900	1.212400	1.587900
1627305796.491004	0.427900	-0.328900	-0.934400	-0.868100	1.248400	1.628800
1627305796.491456	0.420700	-0.349600	-0.909500	-0.841200	1.274700	1.649300
1627305796.503962	0.418700	-0.366000	-0.881600	-0.822600	1.289600	1.661500
1627305796.525570	0.426000	-0.386700	-0.863000	-0.813700	1.294500	1.670400
1627305796.526865	0.427700	-0.413200	-0.860400	-0.799100	1.289000	1.667600
1627305796.534030	0.419100	-0.431400	-0.864600	-0.813100	1.287200	1.655700
1627305796.546024	0.423000	-0.442100	-0.871700	-0.857100	1.300300	1.631300
1627305796.546480	0.420800	-0.446900	-0.876700	-0.857700	1.315600	1.598900
1627305796.569026	0.411600	-0.457200	-0.881200	-0.818600	1.331800	1.579100
1627305796.584022	0.403900	-0.471900	-0.874500	-0.762700	1.361100	1.556100
1627305796.587294	0.400800	-0.481700	-0.842500	-0.727000	1.389200	1.529000
1627305796.610383	0.401400	-0.491600	-0.802700	-0.712900	1.406000	1.501500
1627305796.611701	0.399500	-0.502400	-0.766200	-0.696700	1.409100	1.475500
1627305796.612996	0.403300	-0.517000	-0.731400	-0.686700	1.401400	1.440100
1627305796.626074	0.410900	-0.529500	-0.700900	-0.704100	1.384900	1.390900
1627305796.626543	0.417100	-0.529800	-0.676900	-0.735500	1.368100	1.345400
1627305796.649074	0.417200	-0.525100	-0.651000	-0.760300	1.344000	1.308700
1627305796.652732	0.417100	-0.522800	-0.624800	-0.777100	1.311900	1.279700
1627305796.660240	0.423800	-0.531200	-0.599600	-0.782600	1.278300	1.250100
1627305796.668610	0.434600	-0.548600	-0.580000	-0.785000	1.233700	1.210700
1627305796.690303	0.449100	-0.565400	-0.562000	-0.819800	1.179700	1.142300
1627305796.691749	0.459800	-0.565100	-0.543700	-0.884000	1.118000	1.063800
1627305796.702924	0.472000	-0.549900	-0.520300	-0.940200	1.063900	0.995100
1627305796.708562	0.478400	-0.533200	-0.502100	-0.986300	0.996700	0.940100
1627305796.731063	0.484000	-0.527300	-0.493800	-0.999400	0.928600	0.895500
1627305796.731581	0.493700	-0.528100	-0.487900	-1.020800	0.861100	0.848800
1627305796.739036	0.504800	-0.520400	-0.482200	-1.079800	0.789300	0.805100
1627305796.755206	0.514000	-0.503400	-0.476700	-1.094100	0.702300	0.766000
1627305796.765211	0.530600	-0.488600	-0.482100	-1.053200	0.616200	0.742200
1627305796.783528	0.540200	-0.479000	-0.489600	-1.012300	0.547400	0.729000
1627305796.797339	0.545300	-0.469600	-0.500100	-0.966700	0.494000	0.730900
1627305796.797836	0.558700	-0.472700	-0.521500	-0.923700	0.456100	0.730900
1627305796.805405	0.570200	-0.486200	-0.551100	-0.840000	0.439000	0.723200
1627305796.806752	0.573600	-0.500700	-0.574500	-0.752000	0.455500	0.700900
1627305796.832467	0.581200	-0.498500	-0.564800	-0.687000	0.509600	0.662500
1627305796.832987	0.572100	-0.482300	-0.530800	-0.592300	0.558700	0.639900
1627305796.840224	0.564100	-0.467300	-0.482500	-0.469200	0.584700	0.626100
1627305796.847948	0.560300	-0.451800	-0.426600	-0.384900	0.574000	0.629800
1627305796.870571	0.558500	-0.433500	-0.375100	-0.337600	0.524500	0.653300
1627305796.871585	0.552700	-0.423300	-0.326900	-0.279200	0.431700	0.702800
1627305796.881464	0.567400	-0.437400	-0.296100	-0.247800	0.306400	0.764500
1627305796.896505	0.577600	-0.482200	-0.296600	-0.269400	0.108800	0.835000
1627305796.916247	0.568800	-0.542000	-0.325100	-0.249900	-0.054000	0.856100
1627305796.916852	0.577900	-0.604100	-0.362500	-0.191900	-0.204900	0.820700
1627305796.921738	0.592000	-0.641800	-0.389200	-0.233400	-0.347500	0.736400
1627305796.932763	0.595200	-0.647000	-0.418700	-0.267000	-0.484900	0.631000
1627305796.954787	0.588900	-0.640100	-0.456500	-0.213600	-0.608000	0.525000
1627305796.955247	0.583600	-0.621000	-0.496200	-0.161000	-0.709400	0.419000
1627305796.963919	0.580100	-0.586500	-0.535300	-0.161300	-0.795300	0.317900
1627305796.970283	0.577900	-0.553100	-0.572900	-0.123400	-0.845000	0.256800
1627305796.976032	0.581200	-0.526100	-0.611700	-0.081600	-0.877100	0.211000
1627305796.997795	0.592300	-0.497300	-0.650000	-0.117300	-0.886600	0.176800
1627305797.000444	0.604400	-0.458700	-0.691800	-0.225200	-0.883200	0.159700
1627305797.011583	0.613300	-0.417200	-0.740700	-0.315000	-0.860300	0.172200
1627305797.019847	0.611300	-0.392000	-0.809800	-0.339700	-0.805600	0.215600
1627305797.039812	0.606200	-0.393800	-0.874900	-0.303300	-0.700600	0.276100
1627305797.040289	0.597400	-0.407200	-0.903700	-0.224900	-0.582100	0.322500
1627305797.046445	0.595800	-0.420700	-0.895000	-0.131100	-0.460500	0.356400
1627305797.067913	0.594700	-0.429200	-0.856700	-0.050800	-0.363100	0.386300
1627305797.071476	0.592700	-0.442400	-0.816900	0.002400	-0.306600	0.423600
1627305797.085272	0.592800	-0.469200	-0.793600	0.047300	-0.276900	0.454500
1627305797.096577	0.583000	-0.505500	-0.797600	0.089700	-0.254600	0.463600
1627305797.111295	0.576800	-0.536600	-0.806300	0.126400	-0.236600	0.443800
1627305797.111768	0.583000	-0.546600	-0.801800	0.136200	-0.223800	0.405900
1627305797.115342	0.580000	-0.541600	-0.790600	0.123300	-0.219200	0.366200
1627305797.136606	0.575900	-0.539100	-0.783700	0.164300	-0.226200	0.329500
1627305797.144867	0.574800	-0.546400	-0.775900	0.221700	-0.232300	0.291400
1627305797.145472	0.579000	-0.553700	-0.765400	0.192400	-0.239100	0.250400
1627305797.169184	0.578700	-0.550400	-0.749900	0.150500	-0.247600	0.193300
1627305797.170187	0.580300	-0.543200	-0.740800	0.135300	-0.258000	0.142600
