1627306364.667975	0.498300	-0.121600	-0.875700	-0.016900	-0.036400	0.012800
1627306364.668797	0.495700	-0.124800	-0.878400	-0.014200	-0.053800	0.011000
1627306364.669502	0.491000	-0.126300	-0.881000	-0.006800	-0.065100	0.005200
1627306364.670129	0.489000	-0.122700	-0.889400	0.002300	-0.070600	-0.000600
1627306364.670754	0.486200	-0.117700	-0.904400	0.006600	-0.065700	-0.003100
1627306364.761202	0.486200	-0.117700	-0.904400	0.006600	-0.065700	-0.003100
1627306364.761625	0.618800	-0.361300	-0.855200	0.206400	0.094300	-0.070300
1627306364.762074	0.611000	-0.393100	-0.855200	0.226500	0.091900	-0.095000
1627306364.763723	0.615200	-0.432700	-0.856600	0.230200	0.075400	-0.154300
1627306364.764165	0.617900	-0.458600	-0.847300	0.200000	0.046700	-0.219300
1627306364.764565	0.616900	-0.462000	-0.831300	0.147100	0.007300	-0.288600
1627306364.764963	0.601400	-0.440900	-0.814900	0.118400	-0.034600	-0.362900
1627306364.766615	0.591300	-0.397600	-0.805700	0.066200	-0.075200	-0.403200
1627306364.767015	0.561900	-0.388100	-0.806900	0.226200	-0.114600	-0.442900
1627306364.767464	0.557500	-0.421400	-0.825900	0.375900	-0.146700	-0.484100
1627306364.767873	0.568400	-0.437900	-0.847300	0.335900	-0.170800	-0.527200
1627306364.769979	0.568400	-0.443800	-0.855300	0.398500	-0.176600	-0.578500
1627306364.770420	0.562700	-0.443700	-0.860800	0.468400	-0.163500	-0.630700
1627306364.770852	0.551800	-0.436900	-0.866900	0.466600	-0.150300	-0.673200
1627306364.773255	0.553100	-0.423800	-0.865200	0.567400	-0.121600	-0.717200
1627306364.773686	0.561500	-0.420200	-0.861200	0.657500	-0.095400	-0.760800
1627306364.774156	0.569000	-0.408200	-0.855200	0.660200	-0.074600	-0.797800
1627306364.775769	0.567400	-0.394000	-0.852700	0.724700	-0.055700	-0.830500
1627306364.776208	0.567300	-0.379900	-0.846300	0.782100	-0.039500	-0.858300
1627306364.776605	0.562700	-0.365100	-0.837000	0.796200	-0.034000	-0.879400
1627306364.777024	0.555400	-0.362300	-0.833000	0.883500	-0.027200	-0.898000
1627306364.777441	0.549800	-0.372600	-0.835900	0.953200	-0.020500	-0.919100
1627306364.779586	0.550700	-0.375600	-0.839700	0.965100	-0.013200	-0.938600
1627306364.779984	0.544200	-0.381300	-0.849100	1.039000	0.013100	-0.965500
1627306364.780381	0.576300	-0.388500	-0.855800	1.106800	0.072000	-1.000000
1627306364.780824	0.628700	-0.370700	-0.841900	1.073800	0.123300	-1.038800
1627306364.783284	0.630700	-0.325300	-0.820800	1.008100	0.136500	-1.054700
1627306364.783682	0.614600	-0.279500	-0.812100	1.031300	0.138000	-1.051900
1627306364.784123	0.611700	-0.260900	-0.785200	1.121100	0.126100	-1.038800
1627306364.784521	0.615200	-0.264200	-0.746800	1.153500	0.099200	-1.022300
1627306364.784918	0.608800	-0.278300	-0.712600	1.221600	0.058300	-1.012800
1627306364.786595	0.599200	-0.313700	-0.715600	1.354200	0.010300	-1.012800
1627306364.786996	0.595700	-0.348400	-0.739000	1.403700	-0.023900	-1.023500
1627306364.787428	0.589800	-0.372200	-0.765600	1.408600	-0.044400	-1.042500
1627306364.789456	0.595300	-0.396600	-0.786600	1.445800	-0.045000	-1.084300
1627306364.789887	0.611500	-0.399000	-0.793200	1.399700	-0.035200	-1.120600
1627306364.790284	0.617600	-0.377700	-0.791300	1.294900	-0.029400	-1.152400
1627306364.791951	0.609700	-0.336700	-0.775500	1.270200	-0.024500	-1.182600
1627306364.792357	0.609500	-0.316200	-0.766200	1.266800	-0.029100	-1.193300
1627306364.792754	0.621100	-0.300900	-0.749600	1.235100	-0.043100	-1.195800
1627306364.793250	0.634400	-0.292200	-0.725500	1.268700	-0.070300	-1.195200
1627306364.795276	0.643800	-0.301500	-0.714100	1.305000	-0.096900	-1.197000
1627306364.795722	0.645400	-0.310700	-0.710700	1.307500	-0.126800	-1.201300
1627306364.796119	0.638900	-0.307100	-0.714700	1.322400	-0.150000	-1.214100
1627306364.796527	0.643800	-0.301000	-0.716700	1.344700	-0.159500	-1.224500
1627306364.798581	0.655800	-0.287200	-0.720100	1.349000	-0.166200	-1.226600
1627306364.799023	0.659300	-0.261000	-0.719500	1.345900	-0.177500	-1.217800
1627306364.799419	0.666900	-0.239900	-0.721400	1.362400	-0.190700	-1.200100
1627306364.801058	0.674100	-0.234700	-0.724500	1.382300	-0.207800	-1.180500
1627306364.801499	0.677600	-0.233900	-0.728400	1.381700	-0.231000	-1.153900
1627306364.801894	0.685900	-0.235100	-0.741100	1.366700	-0.252400	-1.132300
1627306364.802335	0.680500	-0.238200	-0.758400	1.361500	-0.267000	-1.114200
1627306364.804368	0.679200	-0.250200	-0.777700	1.384100	-0.267900	-1.102300
1627306364.804811	0.680500	-0.261400	-0.788700	1.393600	-0.255100	-1.097700
1627306364.805209	0.678700	-0.264200	-0.791000	1.392700	-0.233400	-1.095300
1627306364.807262	0.670000	-0.252900	-0.784500	1.406700	-0.196500	-1.090700
1627306364.807657	0.666100	-0.229200	-0.770100	1.427200	-0.157700	-1.075700
1627306364.808096	0.668500	-0.207500	-0.759000	1.466000	-0.125900	-1.053100
1627306364.808496	0.670500	-0.193200	-0.744400	1.516700	-0.094100	-1.015300
1627306364.810613	0.676900	-0.185500	-0.724600	1.535900	-0.071200	-0.970100
1627306364.811008	0.683200	-0.185300	-0.706800	1.575900	-0.058700	-0.926400
1627306364.811428	0.688200	-0.198900	-0.686600	1.633000	-0.051400	-0.883000
1627306364.811833	0.689500	-0.220300	-0.666900	1.651400	-0.049800	-0.838100
1627306364.812230	0.685500	-0.238500	-0.645600	1.681300	-0.054700	-0.810300
1627306364.813896	0.681000	-0.264600	-0.621200	1.729300	-0.062400	-0.792600
1627306364.814293	0.680700	-0.286700	-0.598000	1.734800	-0.073400	-0.778900
1627306364.814689	0.679100	-0.297500	-0.584100	1.712200	-0.083400	-0.771500
1627306364.816366	0.680500	-0.306200	-0.576500	1.709400	-0.098400	-0.772800
1627306364.816764	0.681400	-0.317900	-0.563800	1.670900	-0.127700	-0.778600
1627306364.817206	0.701800	-0.329700	-0.566500	1.607100	-0.160100	-0.787100
1627306364.819365	0.688400	-0.340700	-0.574300	1.541100	-0.202600	-0.800200
1627306364.819797	0.668600	-0.353500	-0.584600	1.412200	-0.253900	-0.824700
1627306364.820194	0.658000	-0.355800	-0.566500	1.350800	-0.306700	-0.857100
1627306364.820592	0.649000	-0.366100	-0.540800	1.324300	-0.373600	-0.895500
1627306364.822680	0.649800	-0.372800	-0.504500	1.325500	-0.470100	-0.956900
1627306364.823123	0.648600	-0.366900	-0.498500	1.315700	-0.548600	-1.004000
1627306364.823525	0.653400	-0.352300	-0.516700	1.349900	-0.618000	-1.047300
1627306364.823921	0.649900	-0.332200	-0.548000	1.329800	-0.683300	-1.084000
1627306364.825578	0.654800	-0.314700	-0.568500	1.294600	-0.716900	-1.102600
1627306364.825974	0.670900	-0.306000	-0.574100	1.288800	-0.738600	-1.115800
1627306364.826369	0.689600	-0.295800	-0.574700	1.205400	-0.760600	-1.126400
1627306364.828782	0.700200	-0.279300	-0.582400	1.116600	-0.776500	-1.131300
1627306364.829177	0.699600	-0.263900	-0.594700	1.080500	-0.784700	-1.132300
1627306364.829610	0.726000	-0.282600	-0.581200	0.649600	-0.579800	-0.751400
1627306364.830010	0.731600	-0.269200	-0.570300	0.620800	-0.595000	-0.751700
1627306364.830410	0.729500	-0.253200	-0.573700	0.619300	-0.607300	-0.742500
1627306364.830812	0.733200	-0.246600	-0.578200	0.626600	-0.617300	-0.728200
1627306364.831208	0.742600	-0.244900	-0.584100	0.612000	-0.632300	-0.704600
1627306364.831605	0.740100	-0.242600	-0.581800	0.568900	-0.647300	-0.680800
1627306364.832000	0.733500	-0.243500	-0.582500	0.543900	-0.670800	-0.662500
1627306364.832396	0.745100	-0.256500	-0.585600	0.532900	-0.695500	-0.642000
1627306364.832792	0.741800	-0.263900	-0.592500	0.477900	-0.718700	-0.626200
1627306364.853117	0.726300	-0.261800	-0.598500	0.422000	-0.739500	-0.613000
1627306364.854015	0.714600	-0.260600	-0.607400	0.415000	-0.753600	-0.600200
1627306364.854828	0.707500	-0.264600	-0.619800	0.392100	-0.761800	-0.591000
1627306364.860131	0.705000	-0.267700	-0.628500	0.370400	-0.763300	-0.586700
1627306364.878107	0.707600	-0.276100	-0.642600	0.383800	-0.759100	-0.588900
1627306364.878997	0.713100	-0.280000	-0.657300	0.344100	-0.753900	-0.596500
1627306364.888625	0.709700	-0.275900	-0.671900	0.297400	-0.746200	-0.600800
1627306364.918178	0.698200	-0.267800	-0.692100	0.273600	-0.730000	-0.603200
1627306364.919082	0.689000	-0.265300	-0.701500	0.235100	-0.715100	-0.599900
1627306364.919892	0.685100	-0.262200	-0.703600	0.199300	-0.697700	-0.595600
1627306364.929965	0.677400	-0.263200	-0.708600	0.167300	-0.678400	-0.593200
1627306364.956907	0.672900	-0.257400	-0.710900	0.129400	-0.653400	-0.593200
1627306364.957817	0.665000	-0.246900	-0.722200	0.113200	-0.630200	-0.593800
1627306364.958682	0.673600	-0.237200	-0.731800	0.123900	-0.606000	-0.595000
1627306364.978068	0.679600	-0.229100	-0.744600	0.114100	-0.580100	-0.592200
1627306364.978962	0.679000	-0.218000	-0.756200	0.074400	-0.561400	-0.584300
1627306364.991562	0.673500	-0.203200	-0.769300	0.078700	-0.538500	-0.570300
1627306365.012981	0.678700	-0.201700	-0.779100	0.110500	-0.515900	-0.557100
1627306365.014165	0.683100	-0.211400	-0.773200	0.127600	-0.495200	-0.544000
1627306365.043099	0.676000	-0.213600	-0.774400	0.120800	-0.489100	-0.539700
1627306365.044001	0.682400	-0.204500	-0.773300	0.109200	-0.484800	-0.528400
1627306365.044811	0.687700	-0.207200	-0.766700	0.172500	-0.481700	-0.524100
1627306365.049925	0.689900	-0.212800	-0.750600	0.162400	-0.492700	-0.518900
1627306365.065085	0.698000	-0.216300	-0.745400	0.155700	-0.517800	-0.518000
1627306365.080880	0.714800	-0.226000	-0.758500	0.166100	-0.536400	-0.525400
1627306365.100793	0.714400	-0.226200	-0.781200	0.096400	-0.559900	-0.530500
1627306365.101684	0.705700	-0.207800	-0.800700	-0.004100	-0.578600	-0.534200
1627306365.102488	0.704700	-0.194500	-0.803500	-0.001600	-0.579200	-0.534500
1627306365.111373	0.711700	-0.187700	-0.805200	-0.024200	-0.578600	-0.529600
1627306365.126965	0.708600	-0.172100	-0.809000	-0.072500	-0.576700	-0.512800
1627306365.150826	0.711900	-0.161400	-0.817100	-0.041600	-0.571800	-0.499700
1627306365.151713	0.710600	-0.152700	-0.829600	-0.021500	-0.566000	-0.480800
1627306365.152516	0.713000	-0.141400	-0.846300	-0.031000	-0.555000	-0.455100
1627306365.185680	0.711300	-0.130700	-0.856900	-0.036100	-0.539200	-0.429500
1627306365.186395	0.703100	-0.117800	-0.866200	-0.045600	-0.514400	-0.400100
1627306365.187566	0.699800	-0.109400	-0.866200	-0.044400	-0.478100	-0.357100
1627306365.188688	0.700000	-0.111100	-0.868700	0.006000	-0.450300	-0.330200
1627306365.203713	0.702300	-0.100100	-0.888800	-0.062400	-0.430400	-0.298400
1627306365.226863	0.693000	-0.075200	-0.899900	-0.054200	-0.393800	-0.254700
1627306365.227743	0.688800	-0.073100	-0.901600	0.024000	-0.355000	-0.214700
1627306365.228660	0.691400	-0.075200	-0.905900	0.012100	-0.318600	-0.174400
1627306365.242553	0.697100	-0.071900	-0.915400	0.019100	-0.265500	-0.130100
1627306365.257770	0.695200	-0.077100	-0.911900	0.053700	-0.214800	-0.087100
1627306365.278350	0.679400	-0.076000	-0.913000	0.032900	-0.174200	-0.059000
1627306365.279242	0.680100	-0.059600	-0.909300	-0.037100	-0.124400	-0.015900
1627306365.281643	0.682700	-0.054700	-0.908600	0.029800	-0.076100	0.019500
1627306365.310862	0.684900	-0.064100	-0.910900	0.015800	-0.037000	0.054700
1627306365.311858	0.687500	-0.065400	-0.916600	-0.042300	0.001500	0.092800
1627306365.312766	0.683100	-0.067900	-0.917000	-0.029100	0.048200	0.126100
1627306365.339429	0.681900	-0.074700	-0.910500	-0.037100	0.089700	0.155500
1627306365.340318	0.683800	-0.079100	-0.897500	-0.058700	0.138000	0.185700
1627306365.341360	0.689100	-0.081700	-0.885900	-0.027900	0.183500	0.215000
1627306365.351248	0.686600	-0.085800	-0.885400	-0.012000	0.222600	0.244900
1627306365.382373	0.687700	-0.091200	-0.886600	-0.018400	0.267500	0.279500
1627306365.385834	0.686000	-0.096700	-0.878500	-0.013200	0.310600	0.317600
1627306365.386838	0.679600	-0.106300	-0.866800	-0.010800	0.345700	0.348200
1627306365.388692	0.682400	-0.121800	-0.852500	-0.006500	0.372900	0.379300
1627306365.398846	0.686300	-0.142200	-0.838400	0.007800	0.393600	0.405900
1627306365.425721	0.690300	-0.166100	-0.829500	0.022500	0.403700	0.420900
1627306365.426620	0.690300	-0.166100	-0.829500	0.022500	0.403700	0.420900
1627306365.427654	0.694000	-0.215200	-0.824000	0.005700	0.413500	0.427900
1627306365.454283	0.690900	-0.236800	-0.835900	-0.027000	0.422700	0.418700
1627306365.455176	0.690900	-0.236800	-0.835900	-0.027000	0.422700	0.418700
1627306365.474739	0.686300	-0.254300	-0.852200	-0.085900	0.443400	0.403200
1627306365.475638	0.685800	-0.269000	-0.854500	-0.151600	0.471800	0.377500
1627306365.478697	0.691400	-0.268800	-0.829200	-0.207500	0.489900	0.349400
1627306365.514363	0.689700	-0.252300	-0.775000	-0.239300	0.492900	0.324100
1627306365.515263	0.686900	-0.234600	-0.755500	-0.180600	0.485000	0.296300
1627306365.516074	0.672200	-0.230500	-0.767000	-0.163800	0.478900	0.282500
1627306365.517743	0.670900	-0.223900	-0.770300	-0.187300	0.498700	0.266300
1627306365.533385	0.660800	-0.226100	-0.771200	-0.208700	0.525900	0.258400
1627306365.554530	0.663200	-0.228900	-0.779700	-0.308600	0.547300	0.255000
1627306365.555434	0.658200	-0.224600	-0.778900	-0.418200	0.567400	0.251100
1627306365.557657	0.658400	-0.214700	-0.746000	-0.488200	0.598300	0.244300
1627306365.568568	0.677200	-0.202900	-0.719500	-0.528800	0.573800	0.234600
1627306365.584435	0.681900	-0.188000	-0.712900	-0.591100	0.529600	0.236400
1627306365.600322	0.685700	-0.168700	-0.716600	-0.528200	0.467600	0.236400
1627306365.610866	0.682600	-0.161900	-0.731900	-0.501900	0.404000	0.241600
1627306365.611879	0.683800	-0.157500	-0.751200	-0.458300	0.348100	0.246500
1627306365.644355	0.679400	-0.153800	-0.766400	-0.374600	0.300200	0.257800
1627306365.645244	0.669900	-0.147800	-0.770300	-0.318400	0.265400	0.265700
1627306365.646123	0.663000	-0.136500	-0.774200	-0.253300	0.250100	0.280400
1627306365.649860	0.666000	-0.122200	-0.772600	-0.133600	0.248600	0.303600
1627306365.678259	0.667400	-0.111900	-0.769500	-0.049000	0.254400	0.332900
1627306365.679170	0.670300	-0.109000	-0.775400	0.005700	0.260200	0.367700
1627306365.680132	0.672700	-0.112700	-0.796500	0.043600	0.273000	0.409900
1627306365.710949	0.671400	-0.120800	-0.819100	0.041100	0.299900	0.456600
1627306365.712067	0.662000	-0.128300	-0.830200	0.023100	0.337400	0.495400
1627306365.712917	0.652800	-0.144900	-0.831300	0.034700	0.399700	0.531700
1627306365.716158	0.642500	-0.161700	-0.831800	0.025600	0.474900	0.558900
1627306365.745465	0.633500	-0.169200	-0.814300	0.001400	0.545100	0.575100
1627306365.746364	0.624400	-0.168200	-0.784400	0.019400	0.617500	0.591900
1627306365.747462	0.625100	-0.174800	-0.751800	0.069800	0.680700	0.605700
1627306365.757564	0.629900	-0.188100	-0.720900	0.096400	0.724100	0.617900
1627306365.773036	0.630500	-0.199000	-0.690300	0.096100	0.759200	0.627000
1627306365.785568	0.620200	-0.209800	-0.653600	0.101000	0.784300	0.633500
1627306365.786464	0.622300	-0.221800	-0.621700	0.105000	0.793500	0.630700
1627306365.813124	0.627300	-0.236500	-0.591800	0.087300	0.790400	0.624600
1627306365.814052	0.633500	-0.251500	-0.559300	0.039900	0.771200	0.610200
1627306365.816214	0.634400	-0.260600	-0.532000	0.000200	0.744600	0.593700
1627306365.843187	0.633300	-0.266500	-0.513200	-0.046500	0.709800	0.573300
1627306365.844087	0.637200	-0.270600	-0.506700	-0.136000	0.666400	0.547600
1627306365.863299	0.639900	-0.267800	-0.492200	-0.190100	0.628800	0.527500
1627306365.864377	0.651900	-0.273400	-0.465600	-0.195300	0.587600	0.505200
1627306365.866299	0.659400	-0.281100	-0.445200	-0.278400	0.510900	0.473700
1627306365.877609	0.670700	-0.280300	-0.460600	-0.350700	0.444000	0.445900
1627306365.913116	0.671000	-0.274800	-0.453400	-0.362000	0.384800	0.416600
1627306365.914015	0.685300	-0.268100	-0.458300	-0.446300	0.301100	0.382700
1627306365.915159	0.694100	-0.256800	-0.469400	-0.506200	0.233900	0.364400
1627306365.916133	0.698400	-0.250100	-0.477100	-0.539800	0.172500	0.347900
1627306365.943238	0.705300	-0.235200	-0.481400	-0.629300	0.102600	0.337500
1627306365.944133	0.709200	-0.219400	-0.487700	-0.684900	0.040300	0.339900
1627306365.946178	0.713700	-0.211100	-0.498800	-0.691600	-0.015600	0.347900
1627306365.972069	0.719000	-0.212900	-0.515100	-0.730700	-0.078300	0.368000
1627306365.972966	0.727500	-0.213900	-0.531900	-0.745100	-0.127700	0.387000
1627306365.993165	0.724900	-0.224600	-0.544800	-0.731000	-0.163800	0.406200
1627306365.994065	0.731100	-0.236300	-0.564600	-0.748400	-0.201600	0.423900
1627306365.996170	0.736700	-0.239000	-0.588500	-0.766700	-0.230700	0.438300
1627306366.016871	0.738400	-0.245000	-0.616200	-0.768600	-0.249900	0.451100
1627306366.017798	0.733200	-0.239900	-0.640500	-0.808900	-0.260000	0.470700
1627306366.028875	0.722700	-0.222700	-0.658700	-0.853500	-0.260000	0.501200
1627306366.055631	0.714700	-0.212900	-0.670500	-0.820500	-0.248700	0.534200
1627306366.056529	0.711500	-0.222300	-0.681000	-0.768000	-0.229100	0.574500
1627306366.057500	0.702500	-0.239500	-0.692600	-0.769800	-0.206200	0.613600
1627306366.088113	0.695100	-0.246600	-0.699800	-0.746600	-0.181500	0.641700
1627306366.089012	0.691800	-0.272300	-0.717200	-0.650100	-0.140000	0.655100
1627306366.091295	0.690300	-0.302000	-0.746700	-0.606100	-0.092300	0.647800
1627306366.096091	0.683000	-0.311400	-0.768700	-0.634200	-0.039500	0.632800
1627306366.111655	0.689100	-0.306800	-0.781900	-0.608200	0.030200	0.603800
1627306366.133110	0.700200	-0.303300	-0.778400	-0.586200	0.109300	0.572400
1627306366.134005	0.706800	-0.290500	-0.760000	-0.615500	0.166700	0.549500
1627306366.137488	0.718400	-0.277700	-0.748700	-0.586200	0.218300	0.528100
1627306366.162153	0.740100	-0.269000	-0.749400	-0.595400	0.261100	0.511900
1627306366.163050	0.748300	-0.255000	-0.748400	-0.674200	0.284600	0.511600
1627306366.164995	0.751500	-0.239600	-0.733200	-0.710500	0.301700	0.518000
1627306366.176296	0.753800	-0.241800	-0.710300	-0.735600	0.305400	0.527200
1627306366.205643	0.760600	-0.245400	-0.694000	-0.800000	0.287700	0.533600
1627306366.206539	0.762500	-0.243300	-0.679700	-0.846200	0.260200	0.535700
1627306366.207384	0.756200	-0.236100	-0.671600	-0.865700	0.218600	0.536900
1627306366.234381	0.761000	-0.221700	-0.672600	-0.891100	0.180800	0.541500
1627306366.235291	0.766000	-0.205900	-0.682700	-0.907200	0.142000	0.553400
1627306366.236100	0.762700	-0.182500	-0.694300	-0.937200	0.103200	0.579400
1627306366.246055	0.750500	-0.161400	-0.701500	-0.960700	0.076900	0.609000
1627306366.277293	0.740600	-0.149300	-0.707800	-0.945700	0.060400	0.640200
1627306366.279676	0.739700	-0.147700	-0.720000	-0.933500	0.047600	0.679300
1627306366.295217	0.734100	-0.141000	-0.723500	-0.946000	0.038100	0.715000
1627306366.310920	0.723500	-0.134400	-0.726200	-0.937500	0.029600	0.751000
1627306366.312108	0.712300	-0.131200	-0.741300	-0.921600	0.023800	0.794400
1627306366.312976	0.696900	-0.132700	-0.754500	-0.911500	0.027100	0.832900
1627306366.314767	0.688700	-0.144000	-0.769000	-0.880700	0.037800	0.867400
1627306366.340728	0.694600	-0.162500	-0.785500	-0.859000	0.058000	0.895800
1627306366.341425	0.692900	-0.168800	-0.789100	-0.873300	0.079300	0.916600
1627306366.345149	0.689700	-0.171000	-0.802100	-0.880700	0.098900	0.931600
1627306366.376153	0.677200	-0.174000	-0.799000	-0.870600	0.134000	0.949600
1627306366.378480	0.684300	-0.182000	-0.803800	-0.855600	0.159100	0.960600
1627306366.379373	0.680400	-0.185900	-0.804100	-0.892000	0.182000	0.967300
1627306366.386447	0.676500	-0.189900	-0.807500	-0.882800	0.204300	0.974900
1627306366.411812	0.679400	-0.206200	-0.818700	-0.847100	0.223800	0.972800
1627306366.412698	0.680200	-0.218500	-0.830000	-0.874900	0.242100	0.965800
1627306366.416247	0.680200	-0.215800	-0.834000	-0.899600	0.268400	0.955700
1627306366.427490	0.684800	-0.213600	-0.835700	-0.899600	0.298000	0.947400
1627306366.453215	0.678300	-0.208100	-0.831300	-0.912700	0.322500	0.945000
1627306366.454116	0.682300	-0.205200	-0.824100	-0.920400	0.346600	0.945900
1627306366.455333	0.688600	-0.209800	-0.823400	-0.904800	0.369200	0.948400
1627306366.466214	0.681800	-0.219800	-0.820100	-0.913700	0.384500	0.949000
1627306366.480948	0.681000	-0.227500	-0.825900	-0.918200	0.401000	0.948700
1627306366.510673	0.676300	-0.230100	-0.823000	-0.896200	0.425700	0.941900
1627306366.511663	0.674000	-0.227400	-0.809000	-0.895900	0.442800	0.941600
1627306366.513774	0.673300	-0.218800	-0.787200	-0.863000	0.452900	0.945600
1627306366.514807	0.695900	-0.216600	-0.788700	-0.808900	0.454700	0.956600
1627306366.529775	0.685400	-0.216600	-0.790600	-0.819000	0.452300	0.974600
1627306366.565642	0.679900	-0.226400	-0.790900	-0.819300	0.458400	0.992000
1627306366.566530	0.687100	-0.237500	-0.794400	-0.814100	0.471500	1.008200
1627306366.567976	0.688600	-0.241500	-0.791600	-0.863900	0.482200	1.016500
1627306366.568875	0.682500	-0.237800	-0.775900	-0.895300	0.487400	1.024100
1627306366.583791	0.681900	-0.239900	-0.760700	-0.848000	0.485900	1.027200
1627306366.595497	0.685500	-0.250400	-0.746500	-0.825100	0.480700	1.024700
1627306366.596414	0.693400	-0.256700	-0.741900	-0.822600	0.472100	1.016800
1627306366.623244	0.689900	-0.250400	-0.734600	-0.805200	0.463300	1.001200
1627306366.624138	0.689100	-0.243500	-0.738000	-0.797600	0.453500	0.992300
1627306366.626286	0.689900	-0.236100	-0.742900	-0.784800	0.445900	0.985000
1627306366.653126	0.684700	-0.230800	-0.747800	-0.778700	0.444600	0.982600
1627306366.654036	0.684900	-0.232700	-0.748500	-0.782600	0.444000	0.977100
1627306366.678316	0.686500	-0.236800	-0.742400	-0.791200	0.440100	0.974000
1627306366.679227	0.680700	-0.240700	-0.738300	-0.808600	0.424200	0.962700
1627306366.680182	0.677200	-0.246700	-0.740100	-0.811900	0.403100	0.949000
1627306366.683705	0.673800	-0.246600	-0.744300	-0.811900	0.385100	0.930900
1627306366.698629	0.674900	-0.241700	-0.748400	-0.809200	0.368300	0.909000
1627306366.710441	0.668500	-0.231600	-0.753400	-0.807400	0.357600	0.894300
1627306366.711541	0.660500	-0.224500	-0.762300	-0.784500	0.357000	0.888200
1627306366.735310	0.660500	-0.223900	-0.773100	-0.735600	0.369800	0.885700
1627306366.736133	0.657300	-0.233200	-0.779100	-0.730700	0.388400	0.888200
1627306366.738365	0.658200	-0.241100	-0.777800	-0.726100	0.409500	0.886000
1627306366.760182	0.656500	-0.257000	-0.778600	-0.687600	0.431200	0.880200
1627306366.769100	0.652100	-0.270600	-0.778700	-0.678800	0.455300	0.867700
1627306366.788043	0.652000	-0.276500	-0.776900	-0.671700	0.480100	0.854300
1627306366.788851	0.652500	-0.278700	-0.772800	-0.642100	0.511800	0.836900
1627306366.796120	0.652100	-0.284200	-0.768800	-0.624100	0.542100	0.821300
1627306366.810535	0.652700	-0.286700	-0.763300	-0.616800	0.569900	0.806000
1627306366.830328	0.656400	-0.293300	-0.752000	-0.607300	0.594300	0.787400
1627306366.831419	0.665300	-0.296500	-0.736500	-0.603000	0.612900	0.767800
1627306366.834983	0.666100	-0.301500	-0.723300	-0.601500	0.627300	0.751700
1627306366.850466	0.663100	-0.311400	-0.708500	-0.609700	0.644100	0.733000
1627306366.851354	0.668200	-0.315800	-0.701400	-0.643300	0.662700	0.708600
1627306366.872716	0.670900	-0.318400	-0.696300	-0.681500	0.674300	0.688700
1627306366.874029	0.680500	-0.318100	-0.687000	-0.728300	0.673100	0.668900
1627306366.889270	0.687600	-0.318000	-0.667400	-0.774400	0.649600	0.643200
1627306366.894100	0.686200	-0.323200	-0.653200	-0.785400	0.620000	0.623100
1627306366.915696	0.687400	-0.331800	-0.645800	-0.764000	0.590900	0.598900
1627306366.923078	0.699500	-0.338500	-0.659500	-0.788100	0.563200	0.570500
1627306366.923998	0.695600	-0.331900	-0.669600	-0.816800	0.545700	0.548800
1627306366.935958	0.688000	-0.315100	-0.663800	-0.835800	0.532900	0.534500
1627306366.957361	0.680200	-0.288700	-0.652100	-0.819000	0.519500	0.530200
1627306366.958250	0.700600	-0.274000	-0.642700	-0.766400	0.506600	0.535700
1627306366.963841	0.697600	-0.268400	-0.636700	-0.711800	0.491700	0.549500
1627306366.976020	0.703500	-0.260600	-0.628300	-0.661400	0.470300	0.570500
1627306366.997967	0.712200	-0.258400	-0.626700	-0.602400	0.450100	0.586400
1627306366.998841	0.708400	-0.265400	-0.630200	-0.552900	0.426900	0.605700
1627306367.004498	0.709600	-0.282600	-0.627600	-0.515700	0.406800	0.623100
1627306367.027045	0.709600	-0.299600	-0.632000	-0.487000	0.391500	0.629200
1627306367.027953	0.702600	-0.312700	-0.636000	-0.491500	0.380500	0.626400
1627306367.037535	0.711100	-0.322600	-0.647800	-0.494000	0.372900	0.615100
1627306367.047272	0.721900	-0.332200	-0.654200	-0.507100	0.366200	0.602900
1627306367.071008	0.722400	-0.335100	-0.663900	-0.551700	0.359100	0.594100
1627306367.071893	0.711700	-0.342700	-0.669100	-0.565800	0.355200	0.583400
1627306367.073989	0.707600	-0.360500	-0.672600	-0.553900	0.366200	0.569900
1627306367.083755	0.703900	-0.375900	-0.662800	-0.555400	0.377500	0.549800
1627306367.094104	0.697800	-0.379600	-0.648100	-0.559400	0.382600	0.518000
1627306367.113908	0.698500	-0.383700	-0.640100	-0.502500	0.378700	0.482900
1627306367.114969	0.705000	-0.386700	-0.640000	-0.446000	0.374100	0.451400
1627306367.130103	0.703000	-0.384400	-0.633900	-0.407600	0.364600	0.422100
1627306367.134038	0.695400	-0.384000	-0.634000	-0.341600	0.356400	0.395200
1627306367.134925	0.699100	-0.390600	-0.634000	-0.274400	0.351800	0.371400
1627306367.157925	0.710600	-0.402500	-0.629500	-0.233100	0.337100	0.344200
1627306367.163772	0.724900	-0.412500	-0.630200	-0.202600	0.319400	0.312100
1627306367.175044	0.727500	-0.416500	-0.629300	-0.191300	0.297700	0.284600
1627306367.179081	0.725000	-0.410500	-0.628200	-0.193100	0.275100	0.260200
1627306367.200321	0.722000	-0.402800	-0.627700	-0.155300	0.250700	0.236700
1627306367.202525	0.719100	-0.405300	-0.628200	-0.112500	0.232400	0.216800
1627306367.218144	0.713300	-0.407100	-0.637200	-0.086500	0.214700	0.193000
1627306367.236092	0.706300	-0.408400	-0.641400	-0.049600	0.205200	0.160000
1627306367.237483	0.711700	-0.401200	-0.650100	-0.022700	0.203400	0.133200
1627306367.247805	0.714800	-0.389300	-0.657100	-0.017500	0.205800	0.115700
1627306367.267127	0.710100	-0.373400	-0.662600	0.015200	0.214000	0.107200
1627306367.268009	0.710600	-0.368400	-0.660400	0.068300	0.229300	0.106900
1627306367.272578	0.704200	-0.366600	-0.652600	0.102800	0.249500	0.107500
1627306367.283718	0.692900	-0.365800	-0.637200	0.163900	0.278200	0.105400
1627306367.286603	0.697900	-0.369500	-0.625000	0.235400	0.299300	0.102000
1627306367.309169	0.701900	-0.375500	-0.605100	0.299200	0.317000	0.094700
1627306367.312543	0.706700	-0.379800	-0.583300	0.360000	0.330100	0.084300
1627306367.322169	0.714100	-0.384000	-0.570100	0.420500	0.335600	0.069600
1627306367.338605	0.716700	-0.392300	-0.564300	0.467200	0.335300	0.052500
1627306367.342475	0.718800	-0.406600	-0.558500	0.493800	0.332900	0.024100
1627306367.348048	0.728300	-0.418200	-0.556600	0.521300	0.328300	-0.002500
1627306367.366195	0.732300	-0.433200	-0.550200	0.533500	0.320900	-0.035100
1627306367.372742	0.731900	-0.447000	-0.532000	0.532600	0.310000	-0.082500
1627306367.394016	0.729200	-0.453400	-0.510400	0.568900	0.306300	-0.125200
1627306367.394825	0.731400	-0.448200	-0.506000	0.575600	0.281900	-0.173200
1627306367.402350	0.733300	-0.436000	-0.508400	0.564000	0.257100	-0.214400
1627306367.414157	0.737500	-0.436200	-0.510400	0.620200	0.240000	-0.249900
1627306367.415048	0.741900	-0.438600	-0.505500	0.609500	0.223800	-0.277300
1627306367.439050	0.745200	-0.431500	-0.488200	0.581700	0.198500	-0.311600
1627306367.442533	0.755600	-0.424400	-0.472200	0.603400	0.170400	-0.336600
1627306367.447133	0.765900	-0.419800	-0.463300	0.622100	0.131000	-0.360100
1627306367.470028	0.766100	-0.423500	-0.456100	0.646500	0.074500	-0.382400
1627306367.481913	0.768800	-0.431800	-0.455300	0.678000	0.014600	-0.407800
1627306367.482792	0.765900	-0.435300	-0.457800	0.676700	-0.038900	-0.436500
1627306367.491016	0.763400	-0.430400	-0.471600	0.673700	-0.095400	-0.475300
1627306367.515635	0.757700	-0.423100	-0.479600	0.690200	-0.140000	-0.513400
1627306367.516514	0.761800	-0.417400	-0.480800	0.729000	-0.173900	-0.546100
1627306367.526452	0.762600	-0.406200	-0.483900	0.739700	-0.214500	-0.577000
1627306367.532109	0.754500	-0.381600	-0.466700	0.780000	-0.251100	-0.600500
1627306367.554634	0.756300	-0.369600	-0.455800	0.883200	-0.291400	-0.617300
1627306367.555515	0.758100	-0.367800	-0.457500	0.971500	-0.341200	-0.630400
1627306367.562723	0.768200	-0.371900	-0.470200	1.022500	-0.392800	-0.649700
1627306367.579028	0.770900	-0.371300	-0.485600	1.052100	-0.427100	-0.661900
1627306367.595358	0.765000	-0.369400	-0.490200	1.051500	-0.456400	-0.674400
1627306367.597444	0.767900	-0.363800	-0.485400	1.041700	-0.481400	-0.685400
1627306367.601271	0.774400	-0.360500	-0.470300	1.053900	-0.506200	-0.694600
1627306367.615348	0.780900	-0.355300	-0.456900	1.041700	-0.538500	-0.703100
1627306367.616231	0.781100	-0.345200	-0.451300	1.030700	-0.585000	-0.707400
1627306367.639069	0.775900	-0.342000	-0.459500	1.057900	-0.619200	-0.710100
1627306367.642573	0.777500	-0.350300	-0.478500	1.071400	-0.649100	-0.712300
1627306367.668278	0.779300	-0.365500	-0.501700	1.052700	-0.680900	-0.721800
1627306367.670070	0.776200	-0.378900	-0.522700	1.024900	-0.699500	-0.735200
1627306367.671658	0.776000	-0.392300	-0.541600	1.011200	-0.710500	-0.755700
1627306367.681509	0.766200	-0.407700	-0.558000	0.993500	-0.708700	-0.790200
1627306367.701934	0.763200	-0.405000	-0.564600	0.952500	-0.700100	-0.822500
1627306367.703828	0.759600	-0.392900	-0.572400	0.930200	-0.687000	-0.852500
1627306367.705874	0.755700	-0.372600	-0.579800	0.936700	-0.662200	-0.881500
1627306367.730059	0.757800	-0.352800	-0.580900	0.913400	-0.641200	-0.893700
1627306367.731222	0.755000	-0.332800	-0.567900	0.901800	-0.630800	-0.895500
1627306367.746329	0.762000	-0.315900	-0.561800	0.915900	-0.626500	-0.890300
1627306367.748013	0.763500	-0.315200	-0.563000	0.915600	-0.634100	-0.883300
1627306367.769252	0.758700	-0.319000	-0.571800	0.903700	-0.641800	-0.874800
1627306367.772540	0.757700	-0.325700	-0.581700	0.904600	-0.643300	-0.873600
1627306367.781391	0.762300	-0.323000	-0.574100	0.887500	-0.648200	-0.876900
1627306367.789179	0.757600	-0.311800	-0.566500	0.879500	-0.662900	-0.878700
1627306367.811859	0.759400	-0.306500	-0.573600	0.933600	-0.678100	-0.877800
1627306367.812672	0.744900	-0.303100	-0.569500	0.952200	-0.692200	-0.874800
1627306367.822499	0.751100	-0.294700	-0.571800	0.951300	-0.707100	-0.866800
1627306367.827961	0.738400	-0.291300	-0.567500	1.004800	-0.726100	-0.858000
1627306367.847866	0.731300	-0.299300	-0.563200	1.053900	-0.745000	-0.849700
1627306367.852724	0.733400	-0.311800	-0.566700	1.068300	-0.768800	-0.849700
1627306367.865064	0.737400	-0.319500	-0.572500	1.070400	-0.804900	-0.858000
1627306367.869126	0.735400	-0.332500	-0.587300	1.089100	-0.844900	-0.871100
1627306367.893062	0.727300	-0.342700	-0.601800	1.087800	-0.879100	-0.890300
1627306367.893939	0.725000	-0.351600	-0.619600	1.079600	-0.906900	-0.919400
1627306367.901096	0.720100	-0.354200	-0.635100	1.068300	-0.933800	-0.952700
1627306367.909760	0.713600	-0.350000	-0.645300	1.044800	-0.952700	-0.979500
1627306367.931856	0.706900	-0.338500	-0.648600	1.032600	-0.970700	-1.009200
1627306367.932672	0.708300	-0.320300	-0.654200	1.010600	-0.992700	-1.037300
1627306367.945999	0.700100	-0.307300	-0.661600	1.002300	-1.018100	-1.054100
1627306367.961664	0.694300	-0.297900	-0.682000	1.017300	-1.038500	-1.066300
1627306367.970887	0.686400	-0.300500	-0.710900	1.033500	-1.051400	-1.077300
1627306367.971773	0.678600	-0.303100	-0.733200	1.033200	-1.043700	-1.090700
1627306367.980911	0.673600	-0.303500	-0.744800	1.037800	-1.025100	-1.105400
1627306368.004839	0.669800	-0.296300	-0.744800	1.066800	-0.989100	-1.124000
1627306368.020034	0.665900	-0.281600	-0.743400	1.091500	-0.958800	-1.131600
1627306368.021562	0.659100	-0.267600	-0.745100	1.126900	-0.930400	-1.134700
1627306368.034369	0.652600	-0.262500	-0.750200	1.203300	-0.894400	-1.129800
1627306368.035235	0.654800	-0.266400	-0.750500	1.233800	-0.866900	-1.125800
1627306368.039690	0.651200	-0.264800	-0.737500	1.216400	-0.848900	-1.120300
1627306368.062031	0.646500	-0.257300	-0.708500	1.241200	-0.846700	-1.115500
1627306368.065337	0.649200	-0.257900	-0.694500	1.298000	-0.863200	-1.116700
1627306368.081982	0.652000	-0.261000	-0.696700	1.292200	-0.891900	-1.117300
1627306368.082866	0.646600	-0.254800	-0.695200	1.282100	-0.926700	-1.117600
1627306368.093525	0.650500	-0.249000	-0.692700	1.261300	-0.962800	-1.112100
1627306368.116043	0.640900	-0.252000	-0.694500	1.255500	-0.993300	-1.110300
1627306368.120899	0.628300	-0.262700	-0.701800	1.228300	-1.022300	-1.109700
1627306368.121788	0.628900	-0.274800	-0.720200	1.177000	-1.037900	-1.118800
1627306368.129969	0.629300	-0.284700	-0.741300	1.127900	-1.036100	-1.136800
1627306368.138350	0.627800	-0.290200	-0.757900	1.058500	-1.020800	-1.165200
1627306368.161254	0.630500	-0.288000	-0.764600	0.981900	-1.004000	-1.196700
1627306368.162166	0.633400	-0.281100	-0.773600	0.927500	-0.990600	-1.223000
1627306368.171569	0.629500	-0.268800	-0.784100	0.864600	-0.969800	-1.247400
1627306368.175979	0.626200	-0.252900	-0.791600	0.807800	-0.946000	-1.266900
1627306368.199410	0.621700	-0.241300	-0.798500	0.774800	-0.921600	-1.279800
1627306368.213959	0.620500	-0.231300	-0.808700	0.745200	-0.886400	-1.294400
1627306368.214882	0.625500	-0.218800	-0.816500	0.704500	-0.847300	-1.307600
1627306368.237796	0.637900	-0.207300	-0.829000	0.674300	-0.808500	-1.316700
1627306368.238967	0.643800	-0.192500	-0.835400	0.623300	-0.763900	-1.324400
1627306368.241360	0.647000	-0.171600	-0.831800	0.559800	-0.722400	-1.323500
1627306368.247961	0.655400	-0.149900	-0.833100	0.533800	-0.693400	-1.317300
1627306368.269144	0.668500	-0.129400	-0.834400	0.499600	-0.661000	-1.295700
1627306368.270267	0.676900	-0.109900	-0.839800	0.468400	-0.632900	-1.262400
1627306368.281539	0.686900	-0.091900	-0.837200	0.424400	-0.610300	-1.219900
1627306368.290404	0.691300	-0.082200	-0.844700	0.455900	-0.584100	-1.174100
1627306368.314085	0.699800	-0.081200	-0.854500	0.459900	-0.555000	-1.125800
1627306368.314888	0.708900	-0.072600	-0.862400	0.418000	-0.531800	-1.086100
1627306368.327197	0.717300	-0.062500	-0.868700	0.427500	-0.510100	-1.039400
1627306368.349074	0.732800	-0.062600	-0.882700	0.464200	-0.482000	-0.982600
1627306368.350163	0.740500	-0.061000	-0.891800	0.443100	-0.457600	-0.934900
1627306368.351701	0.736600	-0.044700	-0.901600	0.412800	-0.433800	-0.883600
1627306368.375390	0.731100	-0.034200	-0.903800	0.462900	-0.399900	-0.813100
1627306368.381972	0.737100	-0.042800	-0.904200	0.529800	-0.369600	-0.756000
1627306368.382864	0.737500	-0.060900	-0.905600	0.544800	-0.337900	-0.700100
1627306368.388333	0.726100	-0.067600	-0.907300	0.567700	-0.292700	-0.642600
1627306368.410873	0.715600	-0.069800	-0.906400	0.608900	-0.256600	-0.601100
1627306368.411869	0.702500	-0.075000	-0.910300	0.649200	-0.226100	-0.558600
1627306368.413279	0.699000	-0.088600	-0.925500	0.686200	-0.183600	-0.507600
1627306368.436058	0.690900	-0.103900	-0.936600	0.679200	-0.143600	-0.466100
1627306368.444218	0.684400	-0.116900	-0.942900	0.678000	-0.093500	-0.430700
1627306368.445235	0.677000	-0.133200	-0.947100	0.687100	-0.026300	-0.397700
1627306368.468068	0.674200	-0.139200	-0.933200	0.657500	0.033500	-0.377200
1627306368.470225	0.670000	-0.134300	-0.925400	0.628800	0.082700	-0.355500
1627306368.482513	0.676000	-0.141700	-0.902700	0.683500	0.140400	-0.337800
1627306368.489176	0.680300	-0.149300	-0.877200	0.648900	0.182900	-0.325900
1627306368.511545	0.683100	-0.140600	-0.851400	0.592100	0.215900	-0.313400
1627306368.512473	0.689900	-0.130600	-0.817000	0.612300	0.245200	-0.299000
1627306368.520038	0.695200	-0.130500	-0.790000	0.611700	0.254400	-0.281300
1627306368.530520	0.696900	-0.132400	-0.765600	0.575900	0.248300	-0.269700
1627306368.552959	0.698700	-0.132100	-0.741000	0.547500	0.229300	-0.259000
1627306368.553842	0.701400	-0.135400	-0.731800	0.527700	0.199700	-0.247100
1627306368.559926	0.701300	-0.143900	-0.735700	0.498100	0.175300	-0.237000
1627306368.573928	0.701300	-0.149500	-0.749500	0.432700	0.160300	-0.229400
1627306368.594075	0.693800	-0.153300	-0.764900	0.359700	0.159100	-0.222100
1627306368.594879	0.691400	-0.147300	-0.771700	0.311400	0.166400	-0.216300
1627306368.602587	0.689600	-0.135500	-0.753300	0.277800	0.168200	-0.208300
1627306368.615355	0.683800	-0.122400	-0.726100	0.285200	0.159100	-0.194600
1627306368.616256	0.674900	-0.113800	-0.715200	0.338900	0.142000	-0.180500
1627306368.638562	0.666300	-0.111100	-0.729700	0.397600	0.129400	-0.163700
1627306368.652023	0.669800	-0.108600	-0.755600	0.455300	0.126100	-0.148500
1627306368.652895	0.670700	-0.107100	-0.767200	0.477900	0.137700	-0.131000
1627306368.661020	0.674300	-0.102400	-0.766200	0.480600	0.157500	-0.106600
1627306368.682824	0.667200	-0.101900	-0.749900	0.490700	0.182900	-0.072400
1627306368.683635	0.658100	-0.110000	-0.740700	0.502600	0.204600	-0.043400
1627306368.691258	0.659100	-0.128100	-0.749900	0.480600	0.229900	-0.015300
1627306368.702976	0.669800	-0.147500	-0.768300	0.408900	0.266300	0.012500
1627306368.703912	0.668200	-0.157700	-0.778400	0.319700	0.308100	0.033300
1627306368.729183	0.663200	-0.156700	-0.780500	0.221300	0.356100	0.052500
1627306368.730270	0.658600	-0.146700	-0.752900	0.132800	0.415000	0.077000
1627306368.732161	0.656000	-0.138100	-0.716800	0.102800	0.446200	0.096500
1627306368.753961	0.661400	-0.127900	-0.679800	0.093100	0.458700	0.116100
1627306368.761505	0.666300	-0.121000	-0.643900	0.116900	0.453500	0.140800
1627306368.762397	0.666700	-0.128200	-0.637500	0.147700	0.437000	0.162200
1627306368.786576	0.670500	-0.143100	-0.633500	0.168500	0.418100	0.178400
1627306368.788771	0.675900	-0.164800	-0.634800	0.166700	0.399400	0.192400
1627306368.798751	0.686800	-0.179100	-0.631300	0.133100	0.387800	0.196400
1627306368.809188	0.694300	-0.181300	-0.629800	0.064300	0.377500	0.198500
1627306368.825375	0.695900	-0.169700	-0.622300	-0.013800	0.360700	0.206500
1627306368.829909	0.695900	-0.157000	-0.614900	-0.051400	0.341700	0.222300
1627306368.838757	0.694200	-0.154900	-0.598800	-0.096000	0.313300	0.239800
1627306368.845509	0.695300	-0.153700	-0.582800	-0.140900	0.272100	0.262400
1627306368.866781	0.697300	-0.164300	-0.576500	-0.136900	0.229000	0.279200
1627306368.868934	0.699500	-0.182000	-0.582600	-0.151000	0.185900	0.288600
1627306368.878958	0.699800	-0.202900	-0.595900	-0.176300	0.142300	0.291100
1627306368.886713	0.708700	-0.218600	-0.616500	-0.191600	0.109300	0.284000
1627306368.908939	0.706100	-0.225700	-0.630400	-0.247800	0.086400	0.276100
1627306368.910034	0.700300	-0.216200	-0.640100	-0.313500	0.069600	0.272100
1627306368.926000	0.703400	-0.203600	-0.643800	-0.321400	0.059800	0.272700
1627306368.930416	0.707800	-0.202500	-0.653000	-0.326300	0.053700	0.280400
1627306368.951862	0.708400	-0.204100	-0.660400	-0.355900	0.047300	0.293500
1627306368.952668	0.710300	-0.207600	-0.670200	-0.376100	0.041200	0.306900
1627306368.958862	0.710900	-0.218800	-0.677500	-0.387400	0.035700	0.315500
1627306368.971562	0.711400	-0.228000	-0.677400	-0.408200	0.028600	0.323400
1627306368.972445	0.714700	-0.235500	-0.682900	-0.431100	0.025000	0.326200
1627306369.000298	0.715900	-0.234600	-0.699600	-0.450000	0.030800	0.328600
1627306369.001545	0.714000	-0.224100	-0.717200	-0.458900	0.044800	0.332600
1627306369.009769	0.716700	-0.217300	-0.727200	-0.442700	0.067100	0.342100
1627306369.034320	0.722800	-0.214200	-0.736200	-0.431700	0.092500	0.354300
1627306369.035206	0.724000	-0.214200	-0.743700	-0.457900	0.122700	0.369600
1627306369.039824	0.719600	-0.211200	-0.746600	-0.489400	0.159700	0.389700
1627306369.057940	0.718100	-0.218800	-0.743800	-0.475700	0.195700	0.402900
1627306369.060222	0.728300	-0.227400	-0.737700	-0.490300	0.226300	0.412900
1627306369.065917	0.733500	-0.225500	-0.736000	-0.549000	0.257400	0.423300
1627306369.077503	0.729600	-0.216900	-0.736300	-0.535500	0.286700	0.433400
1627306369.092677	0.723500	-0.213100	-0.734400	-0.518400	0.313900	0.444700
1627306369.095301	0.727500	-0.214200	-0.732700	-0.524800	0.346600	0.460600
1627306369.117412	0.737200	-0.213100	-0.732900	-0.523300	0.377100	0.474600
1627306369.119038	0.740800	-0.215300	-0.726100	-0.546800	0.402500	0.491100
1627306369.134630	0.737300	-0.211300	-0.718300	-0.583200	0.426000	0.513400
1627306369.141861	0.736000	-0.215200	-0.715500	-0.595100	0.440700	0.527500
1627306369.159689	0.737500	-0.223900	-0.716100	-0.602400	0.450100	0.537900
1627306369.160582	0.734400	-0.234600	-0.722500	-0.624100	0.459300	0.543400
1627306369.168814	0.736600	-0.233800	-0.724500	-0.682700	0.464200	0.549800
1627306369.177068	0.745000	-0.232700	-0.712400	-0.675400	0.456900	0.548500
1627306369.201803	0.753700	-0.232800	-0.670400	-0.674200	0.411000	0.545200
1627306369.202609	0.764900	-0.222300	-0.635500	-0.693100	0.339000	0.544900
1627306369.210062	0.787600	-0.203500	-0.629400	-0.655300	0.265700	0.546100
1627306369.220494	0.761600	-0.183200	-0.640400	-0.614900	0.178000	0.559800
1627306369.243203	0.663700	-0.175900	-0.693700	-0.562100	0.151400	0.562300
1627306369.244022	0.708000	-0.189700	-0.762500	-0.445700	0.175600	0.571800
1627306369.247707	0.745700	-0.205200	-0.807100	-0.509900	0.220200	0.587900
1627306369.261690	0.743000	-0.192900	-0.810900	-0.665900	0.275700	0.610200
1627306369.262566	0.732100	-0.180100	-0.792500	-0.637800	0.329500	0.628900
1627306369.286695	0.732100	-0.182400	-0.769900	-0.615500	0.387800	0.653300
1627306369.287604	0.737500	-0.174600	-0.744800	-0.673300	0.439800	0.684200
1627306369.298728	0.736200	-0.154500	-0.701200	-0.625600	0.467900	0.709200
1627306369.305330	0.734500	-0.147500	-0.658700	-0.511100	0.477600	0.742800
1627306369.325365	0.738400	-0.147700	-0.641600	-0.461600	0.464200	0.781600
1627306369.327541	0.739700	-0.157700	-0.647600	-0.412400	0.451100	0.819800
1627306369.345476	0.731600	-0.181900	-0.663000	-0.378200	0.448300	0.855800
1627306369.365701	0.728800	-0.210000	-0.676500	-0.436300	0.452300	0.888200
1627306369.367729	0.731200	-0.232300	-0.683100	-0.503200	0.464200	0.906800
1627306369.368754	0.733500	-0.253500	-0.684100	-0.587100	0.486200	0.917200
1627306369.384295	0.725800	-0.266600	-0.689500	-0.729200	0.518300	0.923900
1627306369.408572	0.724700	-0.268300	-0.688000	-0.824200	0.551200	0.924800
1627306369.410863	0.716800	-0.267300	-0.669100	-0.913700	0.579000	0.923300
1627306369.411859	0.716800	-0.267300	-0.669100	-0.913700	0.579000	0.923300
1627306369.418796	0.703000	-0.264800	-0.645500	-0.986700	0.594300	0.919900
1627306369.423442	0.700700	-0.271600	-0.636100	-0.986000	0.599200	0.908300
1627306369.446512	0.710100	-0.276400	-0.630600	-0.993700	0.594300	0.890600
1627306369.447589	0.708000	-0.273200	-0.616000	-1.021800	0.566800	0.861600
1627306369.457615	0.704700	-0.267100	-0.595100	-0.993700	0.527400	0.836300
1627306369.467851	0.706100	-0.263400	-0.576900	-0.963700	0.478900	0.818900
1627306369.488339	0.707500	-0.263200	-0.569000	-0.927400	0.415000	0.804200
1627306369.489213	0.713400	-0.267600	-0.575000	-0.898700	0.368300	0.792000
1627306369.500063	0.719700	-0.269300	-0.587800	-0.917900	0.326800	0.785600
1627306369.503463	0.722700	-0.267800	-0.602500	-0.990000	0.284600	0.785900
1627306369.526745	0.721300	-0.260400	-0.610100	-1.050200	0.251900	0.788900
1627306369.527601	0.717500	-0.259300	-0.622800	-1.109100	0.219500	0.794700
1627306369.534903	0.715000	-0.258200	-0.622900	-1.201100	0.187200	0.801400
1627306369.555076	0.717200	-0.258400	-0.616600	-1.226700	0.149300	0.799300
1627306369.557650	0.714400	-0.255200	-0.608600	-1.248400	0.110200	0.793500
1627306369.573198	0.702100	-0.244100	-0.607200	-1.248700	0.059200	0.782800
1627306369.576591	0.694200	-0.239500	-0.626700	-1.199800	0.019500	0.776400
1627306369.601796	0.701400	-0.242100	-0.663500	-1.161100	-0.003700	0.771500
1627306369.602604	0.709000	-0.237200	-0.693200	-1.193700	-0.014400	0.769100
1627306369.607563	0.708400	-0.221700	-0.700100	-1.231300	-0.019900	0.774300
1627306369.614179	0.699700	-0.205200	-0.698700	-1.231000	-0.023000	0.791100
1627306369.634368	0.684100	-0.198000	-0.712400	-1.219700	-0.018400	0.819500
1627306369.636327	0.678800	-0.206700	-0.734500	-1.191000	0.005100	0.857000
1627306369.651381	0.678000	-0.222900	-0.764200	-1.160100	0.038700	0.887900
1627306369.654763	0.691400	-0.246800	-0.789900	-1.168100	0.090000	0.916300
1627306369.679646	0.699200	-0.256700	-0.802000	-1.219700	0.151100	0.937400
1627306369.680545	0.691800	-0.246800	-0.807500	-1.255700	0.200900	0.959400
1627306369.687585	0.683200	-0.242400	-0.818700	-1.255700	0.265400	0.990800
1627306369.699691	0.675200	-0.249500	-0.816000	-1.230400	0.326400	1.024100
1627306369.711344	0.668900	-0.260400	-0.798300	-1.225200	0.372600	1.051600
1627306369.727078	0.669800	-0.271600	-0.778800	-1.172700	0.408300	1.072100
1627306369.731731	0.671900	-0.289100	-0.772700	-1.091100	0.436400	1.081800
1627306369.755097	0.674200	-0.293800	-0.776600	-1.071300	0.451700	1.087000
1627306369.756356	0.664100	-0.287800	-0.775000	-1.028800	0.466000	1.089800
1627306369.766923	0.650800	-0.287000	-0.767600	-0.947600	0.480700	1.093400
1627306369.767825	0.648600	-0.291300	-0.754400	-0.908500	0.489500	1.098600
1627306369.776131	0.652600	-0.298100	-0.732400	-0.871800	0.493200	1.102300
1627306369.799797	0.653600	-0.305100	-0.707200	-0.816200	0.488900	1.107800
1627306369.805670	0.653700	-0.315100	-0.688000	-0.756000	0.474600	1.106900
1627306369.806568	0.653900	-0.321700	-0.680500	-0.711800	0.451700	1.104400
1627306369.817352	0.648700	-0.333400	-0.680800	-0.650400	0.419900	1.099200
1627306369.838645	0.652600	-0.351900	-0.683000	-0.585600	0.394600	1.087000
1627306369.851142	0.658700	-0.370000	-0.683800	-0.562400	0.366500	1.070500
1627306369.852017	0.653900	-0.381500	-0.669100	-0.562100	0.328600	1.040300
1627306369.859964	0.646400	-0.388200	-0.662600	-0.532500	0.303200	1.008500
1627306369.878910	0.648700	-0.397000	-0.659900	-0.511400	0.284900	0.973700
1627306369.882476	0.653600	-0.396500	-0.659300	-0.496400	0.269600	0.933700
1627306369.896497	0.661900	-0.400400	-0.661700	-0.472600	0.261400	0.904400
1627306369.897431	0.666900	-0.402200	-0.657300	-0.478700	0.257400	0.878400
1627306369.920340	0.656500	-0.398900	-0.654200	-0.502800	0.253800	0.854000
1627306369.921297	0.648800	-0.400400	-0.648400	-0.490600	0.250100	0.830800
1627306369.928810	0.650600	-0.408700	-0.647700	-0.493100	0.242500	0.808200
1627306369.936874	0.655500	-0.413900	-0.639300	-0.515100	0.224700	0.776700
1627306369.955470	0.651900	-0.417800	-0.630700	-0.520300	0.199700	0.747400
1627306369.956576	0.650300	-0.423300	-0.628200	-0.503500	0.174600	0.714100
1627306369.968640	0.653300	-0.433100	-0.626500	-0.491500	0.143800	0.669800
1627306369.979070	0.661700	-0.435700	-0.633800	-0.484500	0.115400	0.625800
1627306369.998994	0.672200	-0.439600	-0.638500	-0.469200	0.095800	0.579700
1627306369.999737	0.683600	-0.433700	-0.646000	-0.478700	0.077200	0.531100
1627306370.007426	0.688500	-0.414800	-0.652300	-0.514100	0.063500	0.493300
1627306370.019172	0.681600	-0.397200	-0.653600	-0.517200	0.057100	0.471000
1627306370.040342	0.673700	-0.382800	-0.658600	-0.516300	0.052800	0.453600
1627306370.041436	0.677100	-0.380700	-0.660400	-0.523000	0.044800	0.441900
1627306370.045206	0.679700	-0.383800	-0.655500	-0.523300	0.031400	0.428200
1627306370.055345	0.679700	-0.387500	-0.650800	-0.536400	0.010300	0.412000
1627306370.068161	0.677000	-0.387300	-0.653200	-0.519300	-0.012600	0.389400
1627306370.076430	0.679400	-0.386400	-0.669400	-0.479000	-0.027900	0.363500
1627306370.088399	0.684900	-0.378500	-0.689000	-0.457300	-0.033000	0.340800
1627306370.109776	0.684200	-0.363600	-0.708400	-0.447900	-0.020800	0.326800
1627306370.110668	0.672900	-0.345800	-0.720800	-0.446600	0.000900	0.325900
1627306370.118841	0.661300	-0.335800	-0.721300	-0.437500	0.032900	0.332900
1627306370.128539	0.656000	-0.334800	-0.703900	-0.408500	0.062200	0.342100
1627306370.144918	0.668000	-0.351400	-0.696200	-0.369700	0.076600	0.345400
1627306370.157099	0.671900	-0.373300	-0.688800	-0.350700	0.080300	0.340500
1627306370.157972	0.668700	-0.388500	-0.679000	-0.333300	0.073500	0.318900
1627306370.163490	0.664100	-0.397300	-0.687000	-0.301900	0.069300	0.294400
1627306370.183587	0.678500	-0.399200	-0.713100	-0.293900	0.081200	0.271800
1627306370.186208	0.674100	-0.395800	-0.721900	-0.315000	0.095800	0.249200
1627306370.201154	0.662500	-0.391700	-0.721600	-0.327800	0.120900	0.241900
1627306370.204156	0.661900	-0.391400	-0.713700	-0.312300	0.141400	0.231800
1627306370.224976	0.661100	-0.399200	-0.702500	-0.301900	0.172200	0.222600
1627306370.227466	0.660000	-0.405000	-0.689500	-0.277700	0.185900	0.210100
1627306370.243064	0.657500	-0.408800	-0.678700	-0.248700	0.200900	0.195800
1627306370.243957	0.656100	-0.409200	-0.664900	-0.203200	0.204900	0.173500
1627306370.267592	0.655500	-0.410500	-0.657200	-0.149200	0.198200	0.153600
1627306370.269173	0.654400	-0.419800	-0.652500	-0.084100	0.177400	0.129800
1627306370.284216	0.660800	-0.439700	-0.654500	-0.032200	0.144400	0.094100
1627306370.289086	0.677600	-0.454300	-0.652200	0.003600	0.109900	0.052500
1627306370.310424	0.680300	-0.461400	-0.639900	0.016700	0.065300	0.006100
1627306370.311251	0.679100	-0.457300	-0.629000	0.023400	0.004800	-0.045800
1627306370.314994	0.675500	-0.452500	-0.631800	0.059800	-0.052000	-0.091000
1627306370.329368	0.668500	-0.449000	-0.635000	0.082100	-0.104200	-0.132000
1627306370.351880	0.664900	-0.450600	-0.645900	0.095800	-0.154300	-0.177500
1627306370.352789	0.665900	-0.457300	-0.662000	0.106500	-0.191000	-0.226900
1627306370.355226	0.670900	-0.457400	-0.676900	0.078400	-0.211400	-0.273400
1627306370.370136	0.673000	-0.444900	-0.695600	0.026200	-0.222700	-0.326800
1627306370.371656	0.671300	-0.424900	-0.709600	-0.004700	-0.219700	-0.378400
1627306370.396677	0.670900	-0.400000	-0.717400	-0.025100	-0.207800	-0.418200
1627306370.397891	0.667400	-0.374800	-0.717800	-0.036400	-0.193400	-0.450500
1627306370.399660	0.671400	-0.346400	-0.711700	-0.027600	-0.175100	-0.474000
1627306370.415080	0.677000	-0.325800	-0.711500	-0.010500	-0.159500	-0.485700
1627306370.428029	0.685900	-0.299800	-0.711700	0.016700	-0.143900	-0.489300
1627306370.441866	0.688200	-0.277200	-0.716100	0.050300	-0.130200	-0.480500
1627306370.445364	0.683800	-0.258300	-0.712900	0.078400	-0.125300	-0.464300
1627306370.456476	0.673500	-0.247700	-0.698700	0.113500	-0.129300	-0.445000
1627306370.464318	0.675300	-0.247200	-0.679900	0.181600	-0.144500	-0.424000
1627306370.486875	0.697800	-0.255400	-0.671300	0.245500	-0.160700	-0.402900
1627306370.487779	0.689700	-0.259900	-0.653800	0.293400	-0.191600	-0.390400
1627306370.495153	0.668800	-0.260900	-0.655900	0.367900	-0.225800	-0.374200
1627306370.506687	0.663500	-0.270500	-0.677500	0.471800	-0.238900	-0.364700
1627306370.507584	0.664200	-0.284500	-0.698200	0.527100	-0.247500	-0.356800
1627306370.534153	0.665200	-0.298300	-0.709000	0.559100	-0.253600	-0.351600
1627306370.535045	0.656200	-0.316500	-0.712600	0.609200	-0.251700	-0.352500
1627306370.540979	0.649300	-0.335700	-0.715900	0.642200	-0.245000	-0.364700
1627306370.562918	0.641700	-0.360800	-0.708500	0.667900	-0.238000	-0.387900
1627306370.575773	0.634900	-0.376300	-0.701500	0.690500	-0.233100	-0.415100
1627306370.576664	0.636200	-0.390600	-0.700700	0.709700	-0.230400	-0.447800
1627306370.578554	0.642300	-0.405500	-0.704200	0.714600	-0.233700	-0.493600
1627306370.603289	0.635700	-0.410300	-0.703900	0.690500	-0.243500	-0.532100
1627306370.604181	0.628800	-0.408700	-0.706200	0.672200	-0.256600	-0.573300
1627306370.618859	0.628500	-0.408300	-0.702400	0.673400	-0.279500	-0.626200
1627306370.623442	0.627100	-0.413700	-0.696900	0.657500	-0.307900	-0.677800
1627306370.645912	0.630200	-0.412500	-0.693700	0.628200	-0.333000	-0.733400
1627306370.646797	0.634500	-0.403300	-0.695100	0.605600	-0.363800	-0.800200
1627306370.657766	0.637600	-0.384000	-0.694200	0.572900	-0.391600	-0.852500
1627306370.663709	0.636000	-0.362900	-0.699700	0.561300	-0.411500	-0.892800
1627306370.667924	0.649800	-0.335100	-0.704200	0.561300	-0.422200	-0.928200
1627306370.698089	0.672500	-0.298600	-0.709400	0.520000	-0.424900	-0.938000
1627306370.698978	0.689200	-0.254200	-0.714100	0.477300	-0.417600	-0.918100
1627306370.703817	0.683100	-0.209400	-0.713700	0.448600	-0.410600	-0.867100
1627306370.708425	0.645300	-0.186800	-0.699600	0.468400	-0.403500	-0.793800
1627306370.736612	0.633700	-0.198600	-0.696400	0.540500	-0.406300	-0.736700
1627306370.738660	0.637900	-0.241000	-0.684900	0.637000	-0.420900	-0.696700
1627306370.762225	0.647700	-0.283800	-0.668500	0.722900	-0.450300	-0.690600
1627306370.763107	0.654200	-0.316400	-0.669200	0.835300	-0.482600	-0.713200
1627306370.764155	0.636400	-0.341100	-0.702000	0.943700	-0.512900	-0.756600
1627306370.775147	0.645800	-0.355300	-0.791000	0.968100	-0.506500	-0.793800
1627306370.782869	0.645800	-0.365700	-0.848400	0.983700	-0.465500	-0.824400
1627306370.807265	0.632700	-0.380400	-0.849100	0.943100	-0.415100	-0.862900
1627306370.808151	0.618900	-0.380400	-0.828600	0.808700	-0.366300	-0.897100
1627306370.815126	0.613600	-0.371500	-0.809000	0.799500	-0.325700	-0.933400
1627306370.827291	0.619300	-0.365100	-0.799200	0.772000	-0.287500	-0.963000
1627306370.847809	0.600700	-0.335300	-0.782800	0.672500	-0.259400	-0.979500
1627306370.848919	0.578600	-0.304900	-0.772000	0.664200	-0.239500	-0.984100
1627306370.853880	0.566500	-0.293500	-0.767800	0.700900	-0.230100	-0.986900
1627306370.867849	0.570300	-0.289700	-0.754500	0.695700	-0.228500	-0.985600
1627306370.868915	0.577300	-0.280600	-0.728600	0.693800	-0.241400	-0.988100
1627306370.891747	0.574300	-0.267900	-0.699000	0.732300	-0.267000	-0.991400
1627306370.893852	0.584100	-0.247100	-0.675500	0.783300	-0.314700	-0.983800
1627306370.909626	0.596900	-0.218800	-0.663200	0.829800	-0.353100	-0.967600
1627306370.933781	0.632800	-0.175300	-0.657500	0.835600	-0.396500	-0.930700
1627306370.936803	0.645600	-0.102500	-0.630500	0.843200	-0.452100	-0.828300
1627306370.959658	0.611000	-0.071000	-0.604100	0.935700	-0.497900	-0.713500
1627306370.960548	0.565700	-0.085200	-0.602400	1.068900	-0.540100	-0.592600
1627306370.961570	0.539600	-0.158700	-0.641500	1.184400	-0.577600	-0.470100
1627306370.963948	0.550400	-0.250200	-0.704800	1.254900	-0.587400	-0.418800
1627306370.977998	0.580600	-0.348900	-0.778800	1.245800	-0.571500	-0.421800
1627306370.978992	0.628900	-0.417100	-0.839600	1.064000	-0.529100	-0.477400
1627306371.002937	0.656100	-0.410900	-0.862700	0.856900	-0.480200	-0.544600
1627306371.003842	0.660200	-0.374900	-0.847400	0.771100	-0.466200	-0.610900
1627306371.013658	0.641800	-0.315600	-0.807900	0.691100	-0.461600	-0.644200
1627306371.017883	0.584800	-0.276500	-0.783700	0.697200	-0.480800	-0.661300
1627306371.042022	0.574100	-0.293900	-0.772700	0.912800	-0.501900	-0.681100
1627306371.044019	0.581500	-0.372600	-0.755200	1.032000	-0.535800	-0.721400
1627306371.055303	0.600800	-0.471400	-0.748900	1.141900	-0.601500	-0.827400
1627306371.061822	0.637000	-0.512800	-0.750200	1.104600	-0.683600	-0.952000
1627306371.073978	0.638300	-0.441000	-0.741000	0.739700	-0.810100	-1.056500
1627306371.086781	0.631300	-0.355300	-0.767200	0.818500	-0.903800	-1.133500
1627306371.109075	0.614400	-0.346200	-0.812300	0.897600	-0.948100	-1.162800
1627306371.109887	0.578400	-0.330100	-0.845100	0.596400	-0.983600	-1.161600
1627306371.112566	0.537600	-0.318600	-0.848900	0.579900	-0.986900	-1.174400
1627306371.127889	0.524900	-0.361500	-0.843900	0.706700	-0.984200	-1.208900
1627306371.128781	0.538100	-0.408800	-0.854600	0.608600	-0.994900	-1.269700
1627306371.154224	0.542200	-0.418700	-0.876800	0.608300	-0.994600	-1.372000
1627306371.155117	0.516400	-0.402700	-0.893800	0.691400	-0.975900	-1.470100
1627306371.163688	0.544700	-0.362500	-0.945100	0.660900	-0.941400	-1.544300
1627306371.172978	0.592500	-0.308000	-1.004300	0.714900	-0.861100	-1.603500
1627306371.191726	0.567600	-0.258300	-1.003300	0.653200	-0.775300	-1.623700
1627306371.192537	0.588400	-0.175900	-1.005400	0.529200	-0.682700	-1.595300
1627306371.207250	0.613000	-0.108900	-1.000600	0.585400	-0.574000	-1.539700
1627306371.230748	0.596100	-0.082400	-0.972900	0.626300	-0.491800	-1.464600
1627306371.231771	0.568600	-0.047000	-0.930500	0.539000	-0.432900	-1.377500
1627306371.232630	0.580300	-0.028900	-0.895500	0.729900	-0.380600	-1.277900
1627306371.238535	0.576000	-0.052100	-0.862800	0.907000	-0.362600	-1.206800
1627306371.262235	0.581900	-0.081100	-0.850300	0.936700	-0.351600	-1.141100
1627306371.263123	0.605500	-0.115500	-0.868500	1.134000	-0.324700	-1.091900
1627306371.272637	0.601400	-0.152000	-0.889400	1.211500	-0.288700	-1.063200
1627306371.280975	0.595300	-0.165400	-0.903900	1.125400	-0.242900	-1.038500
1627306371.303550	0.613900	-0.167500	-0.912600	1.140700	-0.163200	-1.022300
1627306371.312113	0.625600	-0.172000	-0.892100	1.104600	-0.108200	-1.007300
1627306371.312993	0.638300	-0.167100	-0.863800	0.980900	-0.070600	-0.989600
1627306371.321965	0.644500	-0.158100	-0.825100	0.935700	-0.048300	-0.969500
1627306371.347550	0.648200	-0.169100	-0.795000	0.925700	-0.045000	-0.953300
1627306371.350174	0.654200	-0.175000	-0.770100	0.848100	-0.064200	-0.938300
1627306371.364156	0.663800	-0.174200	-0.747100	0.802900	-0.096000	-0.922100
1627306371.365208	0.665000	-0.176800	-0.736900	0.813300	-0.123500	-0.904400
1627306371.386605	0.659100	-0.186500	-0.739300	0.794900	-0.151600	-0.882100
1627306371.387524	0.659300	-0.195100	-0.750000	0.776000	-0.174800	-0.858900
1627306371.406625	0.659800	-0.205700	-0.755600	0.770800	-0.196500	-0.841200
1627306371.414817	0.663500	-0.208300	-0.765100	0.732600	-0.217800	-0.827700
1627306371.415708	0.663100	-0.209100	-0.781000	0.712500	-0.233700	-0.811500
1627306371.424995	0.659900	-0.209000	-0.797200	0.702700	-0.241700	-0.797800
1627306371.434866	0.660600	-0.206900	-0.814700	0.689600	-0.241000	-0.781900
1627306371.463313	0.660400	-0.209100	-0.831300	0.688600	-0.227300	-0.761200
1627306371.464301	0.668700	-0.215000	-0.848100	0.696900	-0.199500	-0.741000
1627306371.465448	0.674100	-0.217700	-0.855000	0.680700	-0.165300	-0.723300
1627306371.472566	0.688100	-0.208100	-0.860700	0.640700	-0.124400	-0.698800
1627306371.478020	0.691500	-0.189700	-0.851900	0.612300	-0.090200	-0.672600
1627306371.501780	0.689600	-0.174600	-0.838900	0.603700	-0.071200	-0.644800
1627306371.502583	0.693000	-0.171000	-0.830900	0.630900	-0.060500	-0.613600
1627306371.512644	0.696400	-0.181800	-0.836900	0.654100	-0.051400	-0.587100
1627306371.520441	0.692300	-0.188200	-0.845200	0.627000	-0.048000	-0.570600
1627306371.538843	0.693700	-0.182500	-0.844700	0.615000	-0.036100	-0.560200
1627306371.541724	0.690300	-0.168800	-0.834400	0.631200	-0.019600	-0.541200
1627306371.552722	0.680700	-0.151500	-0.832600	0.619000	0.003600	-0.513400
1627306371.560524	0.664800	-0.128100	-0.836700	0.631200	0.041200	-0.474400
1627306371.584473	0.639400	-0.115400	-0.840800	0.668800	0.089400	-0.424600
1627306371.585362	0.638100	-0.116100	-0.832500	0.676100	0.133100	-0.386400
1627306371.592659	0.635700	-0.123400	-0.818400	0.669100	0.169800	-0.351000
1627306371.603539	0.644900	-0.130700	-0.799300	0.669100	0.212200	-0.316400
1627306371.626655	0.655200	-0.132400	-0.780800	0.668500	0.239100	-0.289300
1627306371.627469	0.651600	-0.129300	-0.764600	0.646500	0.257400	-0.261800
1627306371.631333	0.652000	-0.125900	-0.741000	0.637000	0.277000	-0.219000
1627306371.638031	0.649800	-0.125200	-0.719700	0.623000	0.289800	-0.181400
1627306371.662319	0.656700	-0.125100	-0.693500	0.589400	0.296200	-0.146000
1627306371.663200	0.656700	-0.128700	-0.660600	0.541400	0.274800	-0.100800
1627306371.673904	0.658800	-0.143600	-0.641700	0.507800	0.253800	-0.072100
1627306371.678482	0.664700	-0.157000	-0.633200	0.458700	0.233300	-0.046400
1627306371.701856	0.659200	-0.167600	-0.624400	0.371900	0.201800	-0.024400
1627306371.702683	0.664300	-0.176400	-0.617800	0.339200	0.175900	-0.009800
1627306371.712660	0.664800	-0.185200	-0.605800	0.309600	0.148100	-0.001500
1627306371.716635	0.659200	-0.193200	-0.604600	0.235100	0.116600	0.004900
1627306371.737898	0.627600	-0.191400	-0.617300	0.181300	0.098000	0.010700
1627306371.741716	0.598500	-0.182600	-0.641100	0.117800	0.119700	0.023500
1627306371.754762	0.618300	-0.183100	-0.631000	0.103400	0.151700	0.035400
1627306371.766275	0.630700	-0.180900	-0.605800	0.039000	0.161500	0.052800
1627306371.782235	0.638200	-0.166100	-0.578000	-0.045900	0.153900	0.075100
1627306371.786671	0.641800	-0.145800	-0.553800	-0.041000	0.125800	0.102900
1627306371.807981	0.645500	-0.144900	-0.541400	-0.022700	0.083900	0.134400
1627306371.808992	0.653800	-0.147200	-0.533900	-0.056300	0.038700	0.160000
1627306371.811456	0.658100	-0.155500	-0.538700	-0.055700	-0.009800	0.183200
1627306371.825596	0.662000	-0.172600	-0.548000	-0.067300	-0.054100	0.197000
1627306371.850384	0.670500	-0.179000	-0.559000	-0.132700	-0.095100	0.201300
1627306371.851577	0.683200	-0.179200	-0.569000	-0.166000	-0.140300	0.202200
1627306371.854035	0.683000	-0.174200	-0.579800	-0.218200	-0.185200	0.208000
1627306371.867888	0.684800	-0.170300	-0.595800	-0.279300	-0.218100	0.220200
1627306371.868783	0.689100	-0.167000	-0.608300	-0.308000	-0.243500	0.235800
1627306371.891391	0.687400	-0.181400	-0.623000	-0.350700	-0.269800	0.251700
1627306371.903233	0.680500	-0.194300	-0.633400	-0.423700	-0.292400	0.261400
1627306371.904121	0.675900	-0.196900	-0.642900	-0.498600	-0.311900	0.268800
1627306371.911148	0.672600	-0.199200	-0.648400	-0.521500	-0.335400	0.271200
1627306371.931559	0.673300	-0.205200	-0.656500	-0.549000	-0.354400	0.274600
1627306371.932489	0.670200	-0.207600	-0.670800	-0.576800	-0.373600	0.282200
1627306371.947852	0.663600	-0.206300	-0.697100	-0.593900	-0.389800	0.292900
1627306371.954161	0.661300	-0.207200	-0.726000	-0.608500	-0.395300	0.306000
1627306371.969538	0.657200	-0.211400	-0.754600	-0.625000	-0.391300	0.322200
1627306371.970428	0.647700	-0.215200	-0.785300	-0.664100	-0.375700	0.338700
1627306371.980084	0.642200	-0.215600	-0.813500	-0.695600	-0.355900	0.346700
1627306371.982246	0.644900	-0.208900	-0.830900	-0.717300	-0.326600	0.357300
1627306372.014529	0.645300	-0.195700	-0.845200	-0.739900	-0.285600	0.376600
1627306372.015415	0.637100	-0.181600	-0.852800	-0.757300	-0.249600	0.398900
1627306372.021053	0.633100	-0.162800	-0.858500	-0.752400	-0.213300	0.429400
1627306372.042476	0.629800	-0.158000	-0.861600	-0.720300	-0.165900	0.472500
1627306372.049477	0.625900	-0.160900	-0.847800	-0.705700	-0.128000	0.514000
1627306372.050354	0.625200	-0.166500	-0.834700	-0.680600	-0.105400	0.548800
1627306372.062412	0.618200	-0.181600	-0.827600	-0.633300	-0.088900	0.584300
1627306372.081778	0.615100	-0.194800	-0.825600	-0.604900	-0.079200	0.606000
1627306372.082585	0.608600	-0.206700	-0.831400	-0.585600	-0.071200	0.618500
1627306372.089782	0.604400	-0.212900	-0.835300	-0.576100	-0.063600	0.630100
1627306372.106310	0.594700	-0.213300	-0.838100	-0.568800	-0.057500	0.639600
1627306372.110011	0.579500	-0.218000	-0.848000	-0.546500	-0.050200	0.652100
1627306372.118012	0.571200	-0.234500	-0.862700	-0.512600	-0.033400	0.663100
1627306372.139916	0.569800	-0.259800	-0.867400	-0.481500	-0.010400	0.670700
1627306372.141701	0.572400	-0.283600	-0.865000	-0.463700	0.009700	0.667400
1627306372.156713	0.578600	-0.301300	-0.868200	-0.469600	0.026200	0.657000
1627306372.164084	0.575600	-0.304700	-0.871900	-0.496400	0.047000	0.639300
1627306372.181981	0.573700	-0.293200	-0.865800	-0.521200	0.068700	0.627700
1627306372.183862	0.569300	-0.280400	-0.858900	-0.539800	0.093700	0.623100
1627306372.192642	0.577800	-0.268700	-0.841700	-0.555100	0.114500	0.617900
1627306372.204164	0.590700	-0.252600	-0.833500	-0.605500	0.118800	0.618800
1627306372.225402	0.598300	-0.233600	-0.826400	-0.637500	0.116300	0.624900
1627306372.226310	0.606900	-0.225300	-0.821700	-0.631400	0.103800	0.630100
1627306372.229981	0.606400	-0.223900	-0.820300	-0.639700	0.084200	0.632500
1627306372.235615	0.609300	-0.226800	-0.833600	-0.656800	0.062900	0.632200
1627306372.256884	0.602700	-0.233900	-0.845000	-0.652200	0.049700	0.624300
1627306372.261722	0.599700	-0.230300	-0.845000	-0.660400	0.039000	0.611200
1627306372.272630	0.593100	-0.218100	-0.835400	-0.661700	0.022800	0.598900
1627306372.282914	0.589000	-0.194000	-0.830900	-0.614600	0.003900	0.590400
1627306372.300979	0.592500	-0.178100	-0.844100	-0.570300	-0.011400	0.593700
1627306372.301908	0.588600	-0.166600	-0.859700	-0.545300	-0.019600	0.606600
1627306372.311543	0.578000	-0.154300	-0.875700	-0.531900	-0.018700	0.632200
1627306372.321033	0.574100	-0.156100	-0.891400	-0.508600	-0.001900	0.656400
1627306372.344691	0.574500	-0.164800	-0.899200	-0.494600	0.022800	0.680500
1627306372.345678	0.571000	-0.175500	-0.905000	-0.515700	0.057400	0.707100
1627306372.350155	0.569800	-0.176600	-0.909900	-0.537400	0.088800	0.724200
1627306372.360122	0.568700	-0.167400	-0.913000	-0.560600	0.117500	0.741300
1627306372.365400	0.566000	-0.155200	-0.911100	-0.596000	0.145000	0.766600
1627306372.388998	0.561900	-0.151200	-0.902700	-0.592900	0.163600	0.789200
1627306372.389832	0.559400	-0.150400	-0.897000	-0.589600	0.185000	0.809100
1627306372.405230	0.556400	-0.145900	-0.884900	-0.597800	0.204300	0.835700
1627306372.412923	0.551000	-0.146600	-0.884000	-0.582300	0.220800	0.856100
1627306372.439240	0.548300	-0.150500	-0.890300	-0.565500	0.240300	0.877200
1627306372.442962	0.548100	-0.154400	-0.898400	-0.584400	0.267800	0.899200
1627306372.443876	0.540000	-0.153400	-0.890500	-0.599100	0.291600	0.919600
1627306372.467795	0.538100	-0.153400	-0.883900	-0.607300	0.315400	0.938000
1627306372.468884	0.539300	-0.149500	-0.875200	-0.643300	0.332900	0.962700
1627306372.480989	0.537700	-0.146000	-0.862800	-0.656800	0.335900	0.986500
1627306372.481883	0.539400	-0.152700	-0.852300	-0.629600	0.331600	1.005800
1627306372.488536	0.544100	-0.173200	-0.848600	-0.608800	0.320900	1.020700
1627306372.511296	0.547000	-0.196000	-0.856700	-0.611600	0.310900	1.024400
1627306372.523189	0.541000	-0.208900	-0.858500	-0.616200	0.303800	1.023500
1627306372.524061	0.534400	-0.217000	-0.866700	-0.632300	0.304100	1.018600
1627306372.531010	0.532300	-0.217300	-0.870200	-0.647900	0.308700	1.011600
1627306372.550174	0.529400	-0.213100	-0.870100	-0.667500	0.312400	1.008500
1627306372.559665	0.532700	-0.208600	-0.873500	-0.670800	0.314200	1.008500
1627306372.560553	0.536000	-0.208600	-0.875400	-0.674200	0.316100	1.012200
1627306372.571074	0.535300	-0.214600	-0.879400	-0.685500	0.319100	1.015600
1627306372.593639	0.535300	-0.221300	-0.873900	-0.690100	0.327100	1.019800
1627306372.598335	0.530500	-0.222400	-0.867200	-0.712400	0.335600	1.020400
1627306372.609192	0.530400	-0.219000	-0.864700	-0.720600	0.341100	1.024400
1627306372.610101	0.530600	-0.214000	-0.866500	-0.697100	0.347200	1.033000
1627306372.628803	0.530300	-0.215800	-0.866000	-0.688500	0.353000	1.043000
1627306372.630181	0.528700	-0.218800	-0.862100	-0.689500	0.352700	1.052500
1627306372.646014	0.534400	-0.221900	-0.863400	-0.683700	0.347800	1.057400
1627306372.650385	0.539800	-0.232400	-0.867300	-0.689500	0.334700	1.056200
1627306372.669487	0.544800	-0.241700	-0.877000	-0.710800	0.324300	1.052200
1627306372.670382	0.541100	-0.243700	-0.889500	-0.731000	0.317900	1.044600
1627306372.678631	0.540200	-0.249400	-0.896900	-0.743200	0.317900	1.029900
1627306372.699850	0.542200	-0.252000	-0.898100	-0.762500	0.318500	1.016200
1627306372.701338	0.551100	-0.245500	-0.892700	-0.785400	0.317900	1.007000
1627306372.716977	0.551500	-0.234700	-0.889900	-0.791200	0.310900	0.999100
1627306372.721878	0.549100	-0.233200	-0.894500	-0.772500	0.306900	0.995700
1627306372.741983	0.547500	-0.233400	-0.901200	-0.763700	0.306900	0.995100
1627306372.742791	0.547700	-0.239900	-0.920300	-0.762500	0.309000	0.995100
1627306372.748805	0.539900	-0.240500	-0.941900	-0.793300	0.325200	0.992600
1627306372.761646	0.538700	-0.235400	-0.941200	-0.803700	0.350300	0.991400
1627306372.778217	0.537400	-0.232800	-0.930500	-0.768600	0.378400	0.986200
1627306372.779211	0.533800	-0.228600	-0.930500	-0.767300	0.391800	0.987500
1627306372.789891	0.531200	-0.216100	-0.939900	-0.765800	0.419000	0.993300
1627306372.809878	0.533100	-0.219400	-0.939600	-0.656500	0.463300	1.000900
1627306372.821080	0.529400	-0.225500	-0.925200	-0.614900	0.505100	1.011000
1627306372.821968	0.537400	-0.218600	-0.913900	-0.594200	0.542400	1.022300
1627306372.831262	0.542600	-0.212200	-0.917800	-0.521500	0.581500	1.042700
1627306372.853856	0.546100	-0.218600	-0.914800	-0.475400	0.620000	1.064400
1627306372.858311	0.545200	-0.233500	-0.898700	-0.440500	0.652000	1.085200
1627306372.868115	0.544800	-0.250200	-0.884000	-0.440500	0.682600	1.102000
1627306372.869025	0.536900	-0.271500	-0.872900	-0.433800	0.712500	1.112400
1627306372.876092	0.532600	-0.291500	-0.858900	-0.428900	0.740000	1.110500
1627306372.899499	0.524200	-0.313400	-0.836700	-0.424700	0.761400	1.095300
1627306372.900520	0.514200	-0.333900	-0.818600	-0.428000	0.776000	1.069000
1627306372.911035	0.512500	-0.351400	-0.816500	-0.419200	0.793500	1.032700
1627306372.928273	0.515600	-0.378800	-0.819600	-0.394700	0.810200	0.978900
1627306372.929163	0.527500	-0.392000	-0.811900	-0.433800	0.821600	0.912000
1627306372.939028	0.561300	-0.383700	-0.800200	-0.495500	0.815700	0.848800
1627306372.947208	0.568800	-0.361600	-0.768900	-0.530300	0.796200	0.795000
1627306372.958893	0.573200	-0.333900	-0.737900	-0.557800	0.758300	0.755300
1627306372.968791	0.574300	-0.308600	-0.710600	-0.567300	0.714600	0.739700
1627306372.983801	0.568500	-0.277500	-0.687100	-0.590800	0.658800	0.745500
1627306372.997836	0.568600	-0.262200	-0.676900	-0.516300	0.596800	0.761700
1627306372.999007	0.567000	-0.274300	-0.676900	-0.439000	0.543000	0.774300
1627306373.008815	0.570200	-0.299400	-0.685800	-0.411800	0.485000	0.775800
1627306373.019213	0.570300	-0.323000	-0.699600	-0.370600	0.419000	0.757500
1627306373.037853	0.567700	-0.335200	-0.711500	-0.349800	0.375300	0.733000
1627306373.038969	0.568600	-0.335300	-0.724100	-0.346800	0.337400	0.707400
1627306373.050086	0.565200	-0.334200	-0.745100	-0.330300	0.303500	0.677400
1627306373.057923	0.562900	-0.333100	-0.758200	-0.332700	0.288900	0.657900
1627306373.082656	0.569900	-0.338000	-0.768200	-0.334600	0.284900	0.640800
1627306373.085099	0.575400	-0.346800	-0.768800	-0.341600	0.285800	0.622500
1627306373.100387	0.578900	-0.349000	-0.764800	-0.370300	0.291600	0.608100
1627306373.101291	0.573700	-0.345600	-0.763800	-0.372700	0.299000	0.595300
1627306373.113091	0.574500	-0.340700	-0.760700	-0.352000	0.318800	0.579700
1627306373.122637	0.577400	-0.335400	-0.753500	-0.337600	0.334700	0.572700
1627306373.131114	0.577400	-0.330000	-0.748000	-0.325700	0.349400	0.568100
1627306373.149710	0.584800	-0.331300	-0.744500	-0.293900	0.368300	0.565300
1627306373.150589	0.589700	-0.338000	-0.746500	-0.277400	0.388400	0.563800
1627306373.158965	0.589800	-0.338600	-0.740200	-0.292100	0.408300	0.559200
1627306373.169734	0.590800	-0.334700	-0.726200	-0.311900	0.427500	0.555600
1627306373.194576	0.590300	-0.324500	-0.704300	-0.313800	0.437300	0.556800
1627306373.195459	0.593900	-0.320800	-0.681900	-0.296700	0.439100	0.558000
1627306373.198919	0.601000	-0.323100	-0.666900	-0.273200	0.429700	0.555300
1627306373.212470	0.604600	-0.328700	-0.659900	-0.282600	0.409200	0.554000
1627306373.235744	0.611900	-0.335400	-0.663100	-0.264600	0.391500	0.548200
1627306373.236629	0.615500	-0.347300	-0.663200	-0.249000	0.369200	0.536600
1627306373.238888	0.615600	-0.358600	-0.655300	-0.286000	0.344800	0.522300
1627306373.247756	0.614400	-0.364900	-0.646000	-0.290000	0.322500	0.504900
1627306373.261818	0.618800	-0.375100	-0.632600	-0.283200	0.285500	0.482000
1627306373.277869	0.617200	-0.382800	-0.624600	-0.300000	0.240000	0.459400
1627306373.278685	0.617600	-0.387900	-0.625100	-0.303700	0.197600	0.435500
1627306373.287677	0.617700	-0.396400	-0.629400	-0.289300	0.152300	0.405900
1627306373.302545	0.620600	-0.408700	-0.625900	-0.268600	0.099500	0.371400
1627306373.319948	0.619500	-0.416400	-0.628400	-0.260600	0.054600	0.337200
1627306373.335453	0.614400	-0.424700	-0.640000	-0.257000	0.009400	0.300500
1627306373.336347	0.614300	-0.434900	-0.655500	-0.251200	-0.032100	0.255900
1627306373.355155	0.614300	-0.438100	-0.666900	-0.264300	-0.062100	0.216500
1627306373.356588	0.614400	-0.435200	-0.683600	-0.281100	-0.090500	0.175600
1627306373.368207	0.614400	-0.435200	-0.683600	-0.281100	-0.090500	0.175600
1627306373.376726	0.612500	-0.430800	-0.707300	-0.280800	-0.110000	0.132500
1627306373.377632	0.609700	-0.427500	-0.720300	-0.272900	-0.117300	0.098000
1627306373.399270	0.598900	-0.420400	-0.723500	-0.267700	-0.118000	0.065000
1627306373.407074	0.593300	-0.409800	-0.723000	-0.244400	-0.116400	0.031100
1627306373.407958	0.593600	-0.400400	-0.722900	-0.208700	-0.113100	0.007900
1627306373.417637	0.594600	-0.397300	-0.716800	-0.173600	-0.111900	-0.009800
1627306373.421036	0.596900	-0.391000	-0.700200	-0.116800	-0.114900	-0.028700
1627306373.442080	0.598400	-0.389800	-0.696800	-0.059700	-0.119800	-0.043700
1627306373.447551	0.604500	-0.385700	-0.701400	-0.003200	-0.126500	-0.058000
1627306373.450948	0.600800	-0.380700	-0.704100	0.038700	-0.129300	-0.077000
1627306373.468794	0.595300	-0.376800	-0.704200	0.094300	-0.130500	-0.093800
1627306373.481645	0.604500	-0.381500	-0.704300	0.147400	-0.131700	-0.115200
1627306373.482543	0.611500	-0.386200	-0.705000	0.155100	-0.139300	-0.138100
1627306373.504451	0.613500	-0.386200	-0.697000	0.167000	-0.152200	-0.161300
1627306373.506444	0.624600	-0.390700	-0.684800	0.205100	-0.169600	-0.181400
1627306373.517562	0.632600	-0.393900	-0.673000	0.212500	-0.207800	-0.207100
1627306373.526938	0.614500	-0.394300	-0.665400	0.218000	-0.250800	-0.228800
1627306373.545783	0.614700	-0.398800	-0.672500	0.249700	-0.292100	-0.252600
1627306373.547485	0.610100	-0.414400	-0.690900	0.260700	-0.337000	-0.287700
1627306373.558909	0.603000	-0.423700	-0.699700	0.214000	-0.380000	-0.322600
1627306373.565385	0.594400	-0.426800	-0.709500	0.195100	-0.416700	-0.363200
1627306373.586690	0.587400	-0.433100	-0.728400	0.195700	-0.451500	-0.414800
1627306373.587526	0.582500	-0.438400	-0.747200	0.156900	-0.483000	-0.470100
1627306373.597517	0.575700	-0.427400	-0.760700	0.127600	-0.502500	-0.519900
1627306373.606846	0.571200	-0.417700	-0.775800	0.132800	-0.515900	-0.573900
1627306373.624223	0.564200	-0.410800	-0.795200	0.130300	-0.520800	-0.623100
1627306373.626402	0.558100	-0.401600	-0.808800	0.117500	-0.519900	-0.664600
1627306373.645387	0.554300	-0.381600	-0.820400	0.123000	-0.510400	-0.703400
1627306373.668093	0.544200	-0.356600	-0.830900	0.144700	-0.498800	-0.731500
1627306373.669066	0.538000	-0.337900	-0.838900	0.199000	-0.480500	-0.747400
1627306373.670218	0.541700	-0.319500	-0.848400	0.264100	-0.456100	-0.756300
1627306373.685487	0.555700	-0.296500	-0.848000	0.318500	-0.430700	-0.757500
1627306373.686375	0.563700	-0.283200	-0.846200	0.402800	-0.411200	-0.746200
1627306373.707468	0.561000	-0.279800	-0.838400	0.466000	-0.391600	-0.725400
1627306373.708861	0.552600	-0.277100	-0.830300	0.513300	-0.368700	-0.703100
1627306373.723783	0.551100	-0.277200	-0.825200	0.558500	-0.351900	-0.688500
1627306373.728230	0.550700	-0.276900	-0.828600	0.564900	-0.334800	-0.675000
1627306373.749393	0.545700	-0.275300	-0.837200	0.567400	-0.320200	-0.661600
1627306373.750200	0.547100	-0.283900	-0.840900	0.588800	-0.312200	-0.660400
1627306373.758891	0.554600	-0.301800	-0.837800	0.592400	-0.309200	-0.666200
1627306373.770443	0.556900	-0.319200	-0.826900	0.575600	-0.308500	-0.694000
1627306373.792945	0.573000	-0.330600	-0.822100	0.583900	-0.310100	-0.724800
1627306373.795177	0.555900	-0.337600	-0.800300	0.608900	-0.308500	-0.767900
1627306373.797523	0.570700	-0.321500	-0.792800	0.601600	-0.313100	-0.819200
1627306373.802887	0.579200	-0.311900	-0.792100	0.662400	-0.311300	-0.854600
1627306373.823085	0.586200	-0.316300	-0.785600	0.682500	-0.318900	-0.887900
1627306373.826385	0.596200	-0.316000	-0.770500	0.633700	-0.344000	-0.923600
1627306373.845385	0.599500	-0.314600	-0.771000	0.613500	-0.362600	-0.949600
1627306373.867688	0.594500	-0.307700	-0.781000	0.569800	-0.376100	-0.967000
1627306373.869188	0.587900	-0.292600	-0.793800	0.524300	-0.375100	-0.977700
1627306373.877087	0.583000	-0.286400	-0.805200	0.528600	-0.361400	-0.980100
1627306373.877970	0.577100	-0.281600	-0.799400	0.519700	-0.342800	-0.976800
1627306373.888523	0.564200	-0.276500	-0.785300	0.519700	-0.325300	-0.973700
1627306373.911373	0.558500	-0.272000	-0.775900	0.561600	-0.315300	-0.974000
1627306373.915759	0.556600	-0.273200	-0.767900	0.588200	-0.314400	-0.975300
1627306373.916643	0.556400	-0.272700	-0.767300	0.605000	-0.319500	-0.978900
1627306373.934376	0.550700	-0.263500	-0.764900	0.604700	-0.330800	-0.980100
1627306373.955145	0.558300	-0.251300	-0.764900	0.575000	-0.349500	-0.971900
1627306373.957730	0.558500	-0.248800	-0.757300	0.619600	-0.369900	-0.960600
1627306373.967066	0.554400	-0.254000	-0.746300	0.607700	-0.405100	-0.948700
1627306373.967949	0.554800	-0.263300	-0.742200	0.600400	-0.450300	-0.946200
1627306373.976129	0.551900	-0.282700	-0.748800	0.650200	-0.502800	-0.958800
1627306373.997721	0.548600	-0.301800	-0.772700	0.633700	-0.552300	-0.982600
1627306374.001467	0.546800	-0.303600	-0.791900	0.601000	-0.591100	-1.009200
1627306374.016326	0.543000	-0.303500	-0.813100	0.611100	-0.621000	-1.041500
1627306374.019145	0.529800	-0.305400	-0.830700	0.599800	-0.646400	-1.074500
1627306374.037981	0.529100	-0.302900	-0.844400	0.581700	-0.656700	-1.101400
1627306374.038852	0.524300	-0.296600	-0.851100	0.595800	-0.659200	-1.129500
1627306374.045187	0.513300	-0.289900	-0.866800	0.584800	-0.658600	-1.153300
1627306374.057894	0.515600	-0.286100	-0.891200	0.585100	-0.652200	-1.171000
1627306374.058788	0.509400	-0.286300	-0.917700	0.579900	-0.637500	-1.188800
1627306374.082971	0.502700	-0.280900	-0.934900	0.540500	-0.614000	-1.207400
1627306374.085143	0.494500	-0.265900	-0.936500	0.532300	-0.589500	-1.224800
1627306374.097150	0.490000	-0.239300	-0.932400	0.543000	-0.565100	-1.238200
1627306374.116563	0.481100	-0.215300	-0.928800	0.576900	-0.540100	-1.246200
1627306374.128197	0.473900	-0.197300	-0.921300	0.634300	-0.519000	-1.246500
1627306374.129106	0.472000	-0.188600	-0.909900	0.685300	-0.495800	-1.244700
1627306374.151985	0.472800	-0.180300	-0.885300	0.744500	-0.476800	-1.238200
1627306374.152802	0.469600	-0.175800	-0.867700	0.788200	-0.468600	-1.232700
1627306374.155211	0.469700	-0.171800	-0.853500	0.827900	-0.468900	-1.225100
1627306374.169159	0.471600	-0.170300	-0.849700	0.874400	-0.479000	-1.217800
1627306374.170052	0.476400	-0.184300	-0.855000	0.911000	-0.491800	-1.216600
1627306374.192935	0.482100	-0.200200	-0.862700	0.909500	-0.508300	-1.219600
1627306374.195151	0.482700	-0.216700	-0.878700	0.865800	-0.531500	-1.235800
1627306374.206453	0.482100	-0.225100	-0.890400	0.832800	-0.547400	-1.259600
1627306374.211768	0.483300	-0.228800	-0.899300	0.798300	-0.558400	-1.287400
1627306374.232856	0.483200	-0.216300	-0.898900	0.738400	-0.566000	-1.316100
1627306374.235186	0.482300	-0.194900	-0.899700	0.720700	-0.569700	-1.335700
1627306374.250236	0.486700	-0.183800	-0.901400	0.739300	-0.569400	-1.348200
1627306374.256727	0.485400	-0.173700	-0.905400	0.721900	-0.567600	-1.354900
1627306374.276741	0.490200	-0.160600	-0.919200	0.698700	-0.564800	-1.356400
1627306374.277815	0.494600	-0.150500	-0.928700	0.710000	-0.557200	-1.356400
1627306374.285165	0.500200	-0.146100	-0.941900	0.700600	-0.548000	-1.350300
1627306374.297920	0.502200	-0.140400	-0.943600	0.677000	-0.536100	-1.342100
1627306374.317806	0.499400	-0.130100	-0.949000	0.681600	-0.521400	-1.334100
1627306374.318742	0.495200	-0.120400	-0.950000	0.694100	-0.499400	-1.320400
1627306374.324752	0.494800	-0.110400	-0.946300	0.710900	-0.478100	-1.303900
1627306374.346445	0.497200	-0.103400	-0.940700	0.751300	-0.459100	-1.288300
1627306374.355783	0.505500	-0.101200	-0.939800	0.791600	-0.439900	-1.268500
1627306374.356670	0.507400	-0.097900	-0.932100	0.809600	-0.421300	-1.244700
1627306374.367359	0.509300	-0.097700	-0.929100	0.845300	-0.405400	-1.225400
1627306374.391483	0.516200	-0.103400	-0.927700	0.872800	-0.388000	-1.204300
1627306374.394542	0.516800	-0.106400	-0.913600	0.842900	-0.373300	-1.179900
1627306374.404471	0.518400	-0.103100	-0.894000	0.829100	-0.367500	-1.160700
1627306374.405388	0.522200	-0.105300	-0.874600	0.831600	-0.371200	-1.140500
1627306374.412551	0.530400	-0.110700	-0.857200	0.813300	-0.387700	-1.118200
1627306374.434611	0.528300	-0.114400	-0.850300	0.792200	-0.406000	-1.103200
1627306374.435520	0.526400	-0.117300	-0.858500	0.758000	-0.427400	-1.087700
1627306374.445411	0.533000	-0.128900	-0.887600	0.736300	-0.439000	-1.070900
1627306374.452362	0.530000	-0.139300	-0.915900	0.673400	-0.438100	-1.058900
1627306374.471836	0.531500	-0.137500	-0.939900	0.563100	-0.430400	-1.047000
1627306374.475163	0.533200	-0.134400	-0.960000	0.489500	-0.416100	-1.032700
1627306374.479717	0.531400	-0.133500	-0.976900	0.431500	-0.395900	-1.023200
1627306374.504492	0.535200	-0.126500	-0.986100	0.359400	-0.369600	-1.011000
1627306374.505385	0.533200	-0.109000	-0.984600	0.347500	-0.332100	-0.993900
1627306374.517646	0.527800	-0.090600	-0.980600	0.351100	-0.300300	-0.973700
1627306374.520988	0.523100	-0.065900	-0.968600	0.364600	-0.273700	-0.944400
1627306374.544810	0.520800	-0.046600	-0.970000	0.455000	-0.236500	-0.899200
1627306374.545824	0.520900	-0.042500	-0.978600	0.506900	-0.205900	-0.855800
1627306374.557776	0.524000	-0.039200	-0.991800	0.521300	-0.173200	-0.809100
1627306374.564610	0.528700	-0.040900	-1.003900	0.552700	-0.130800	-0.752900
1627306374.588157	0.530200	-0.045700	-1.012200	0.564300	-0.087700	-0.704600
1627306374.588970	0.533300	-0.052600	-1.009500	0.554000	-0.046200	-0.661300
1627306374.596384	0.530000	-0.057000	-1.005600	0.559800	0.007900	-0.610600
1627306374.609343	0.528600	-0.061800	-0.999100	0.568600	0.060700	-0.571500
1627306374.629807	0.535300	-0.064800	-0.981800	0.579000	0.110500	-0.537000
1627306374.630699	0.537000	-0.060200	-0.955600	0.586000	0.162100	-0.494200
1627306374.634021	0.534400	-0.057900	-0.938000	0.593700	0.198800	-0.452100
1627306374.645250	0.537200	-0.055300	-0.920300	0.615600	0.229000	-0.413900
1627306374.651662	0.545200	-0.064600	-0.903000	0.618100	0.247900	-0.371100
