1627306364.666126	0.438100	-0.637900	-0.662500	0.024100	-0.026500	0.051900
1627306364.667145	0.432900	-0.645900	-0.665300	0.047000	-0.022200	0.050700
1627306364.671374	0.434100	-0.647800	-0.666400	0.038400	-0.014300	0.045800
1627306364.671999	0.432500	-0.646200	-0.665400	0.035100	-0.006600	0.039400
1627306364.672630	0.434200	-0.645300	-0.659700	0.037500	0.002500	0.034200
1627306364.673186	0.433800	-0.647800	-0.655800	0.015500	0.010500	0.029000
1627306364.673732	0.430700	-0.651500	-0.656200	-0.001300	0.016000	0.025600
1627306364.674275	0.429400	-0.659500	-0.659300	-0.001000	0.022100	0.014900
1627306364.674820	0.432700	-0.663300	-0.660900	-0.008300	0.029100	0.002700
1627306364.675368	0.440200	-0.662200	-0.658100	-0.029100	0.032800	-0.008600
1627306364.675888	0.437100	-0.652500	-0.658400	-0.033700	0.040700	-0.020200
1627306364.676376	0.429800	-0.641500	-0.652100	-0.022300	0.050800	-0.028700
1627306364.676861	0.436200	-0.629400	-0.645000	-0.023900	0.063300	-0.034500
1627306364.677353	0.441000	-0.621800	-0.638900	-0.030300	0.069700	-0.031500
1627306364.677843	0.443700	-0.619500	-0.635500	-0.031500	0.071300	-0.025700
1627306364.678319	0.440700	-0.621300	-0.630700	-0.028200	0.065800	-0.015000
1627306364.678764	0.444300	-0.625900	-0.628500	-0.027800	0.053500	-0.001900
1627306364.679203	0.442400	-0.630400	-0.627900	-0.012600	0.040700	0.006700
1627306364.679644	0.445300	-0.637000	-0.627200	0.008800	0.029400	0.008800
1627306364.680084	0.455200	-0.631100	-0.627000	0.006100	0.016300	0.008800
1627306364.680479	0.457800	-0.618900	-0.625200	-0.000400	0.006200	0.016200
1627306364.680873	0.458900	-0.612100	-0.623000	0.006700	-0.006900	0.029900
1627306364.681311	0.455300	-0.610700	-0.624800	0.017400	-0.017900	0.050100
1627306364.681704	0.448700	-0.622200	-0.628300	0.024400	-0.024600	0.067200
1627306364.682095	0.445400	-0.636100	-0.629600	0.028000	-0.030500	0.078800
1627306364.682533	0.442000	-0.656600	-0.632200	0.037200	-0.037200	0.084600
1627306364.682927	0.428600	-0.691300	-0.631600	0.078400	-0.052700	0.082400
1627306364.683318	0.424600	-0.729100	-0.631800	0.119400	-0.075300	0.069000
1627306364.683755	0.422700	-0.763100	-0.632700	0.121500	-0.101300	0.040600
1627306364.684148	0.424400	-0.785000	-0.630500	0.098000	-0.128200	-0.008900
1627306364.684587	0.442300	-0.789700	-0.632600	0.058600	-0.156000	-0.064500
1627306364.684988	0.443200	-0.776400	-0.638500	0.011900	-0.185300	-0.120700
1627306364.685384	0.435700	-0.755000	-0.649500	-0.016900	-0.210000	-0.175000
1627306364.685823	0.448100	-0.730800	-0.673100	-0.041300	-0.230500	-0.207100
1627306364.686218	0.445900	-0.711200	-0.700300	-0.050400	-0.240000	-0.225400
1627306364.686614	0.455100	-0.695700	-0.730000	-0.049800	-0.231700	-0.240700
1627306364.687056	0.462600	-0.677400	-0.758200	-0.040700	-0.215800	-0.258700
1627306364.687451	0.436300	-0.643400	-0.782700	-0.055300	-0.193600	-0.257800
1627306364.687846	0.436300	-0.607400	-0.795800	-0.095700	-0.153800	-0.232500
1627306364.688283	0.418000	-0.606300	-0.814100	0.018000	-0.096400	-0.204400
1627306364.688678	0.414400	-0.637700	-0.832000	0.102900	-0.026800	-0.203800
1627306364.689116	0.415400	-0.651600	-0.833600	0.083600	0.059000	-0.231200
1627306364.689511	0.426500	-0.637500	-0.823100	0.069300	0.154900	-0.274900
1627306364.689906	0.437300	-0.606800	-0.805700	0.109000	0.254200	-0.316200
1627306364.690347	0.441200	-0.567900	-0.779800	0.127300	0.349200	-0.334200
1627306364.690741	0.443800	-0.532800	-0.749500	0.107500	0.436600	-0.323800
1627306364.691131	0.450800	-0.510600	-0.708500	0.112300	0.528200	-0.284700
1627306364.691569	0.451000	-0.515400	-0.669900	0.127600	0.580700	-0.240700
1627306364.691961	0.463600	-0.529300	-0.635700	0.126100	0.609700	-0.188800
1627306364.692358	0.476300	-0.549400	-0.599400	0.131600	0.614900	-0.136600
1627306364.692796	0.470500	-0.578500	-0.566500	0.178300	0.601200	-0.091700
1627306364.693190	0.469700	-0.600100	-0.532100	0.207600	0.575200	-0.062300
1627306364.693606	0.474400	-0.622300	-0.499400	0.203100	0.525100	-0.033600
1627306364.694009	0.476300	-0.641800	-0.463100	0.224400	0.428600	-0.001900
1627306364.694399	0.480600	-0.658800	-0.446400	0.237000	0.333000	0.023800
1627306364.694836	0.481700	-0.674200	-0.441000	0.215000	0.232200	0.042100
1627306364.695231	0.477300	-0.679900	-0.437300	0.170100	0.127500	0.055300
1627306364.695628	0.469100	-0.684200	-0.444200	0.126400	0.028500	0.066200
1627306364.696067	0.457600	-0.694100	-0.462000	0.086700	-0.060100	0.070800
1627306364.696464	0.461500	-0.706800	-0.493700	0.024400	-0.145600	0.074800
1627306364.696861	0.459700	-0.720700	-0.538200	-0.057800	-0.224400	0.076600
1627306364.697299	0.481100	-0.734400	-0.590300	-0.104200	-0.270800	0.072400
1627306364.697690	0.487700	-0.745500	-0.653300	-0.154300	-0.292200	0.063800
1627306364.698082	0.490100	-0.739100	-0.711200	-0.228800	-0.270800	0.049800
1627306364.698504	0.438400	-0.731700	-0.761600	-0.255100	-0.207900	0.037800
1627306364.698895	0.428700	-0.733300	-0.802700	-0.219700	-0.109300	0.023200
1627306364.699314	0.461300	-0.746100	-0.848100	-0.198900	0.029700	-0.011300
1627306364.699792	0.481900	-0.738000	-0.868700	-0.240700	0.209600	-0.077600
1627306364.700276	0.388200	-0.687400	-0.863000	-0.301500	0.379100	-0.161300
1627306364.700799	0.442700	-0.597500	-0.828100	-0.411800	0.503400	-0.154000
1627306364.701262	0.445100	-0.602200	-0.761200	-0.151200	0.629900	-0.170800
1627306364.701717	0.441500	-0.622400	-0.704700	-0.017800	0.681500	-0.196100
1627306364.702155	0.455900	-0.620400	-0.649700	-0.448100	0.671400	-0.172000
1627306364.702601	0.507800	-0.621600	-0.630700	-0.391300	0.599400	-0.132900
1627306364.703049	0.546500	-0.644300	-0.642300	-0.170200	0.504700	-0.094400
1627306364.703503	0.544900	-0.667400	-0.666500	-0.286200	0.413300	-0.050700
1627306364.703955	0.536100	-0.666100	-0.700000	-0.314300	0.351600	-0.028100
1627306364.704407	0.519400	-0.648400	-0.730800	-0.231600	0.333900	-0.018400
1627306364.704864	0.516600	-0.645400	-0.745500	-0.222400	0.349800	-0.013800
1627306364.705317	0.484100	-0.653900	-0.753400	-0.198300	0.361100	0.007600
1627306364.705770	0.508100	-0.673000	-0.749600	-0.284700	0.407800	0.023800
1627306364.706220	0.494900	-0.707000	-0.737800	-0.261800	0.434100	0.013100
1627306364.706669	0.519900	-0.754000	-0.735100	-0.303000	0.449400	-0.016800
1627306364.707118	0.522500	-0.772800	-0.737800	-0.417000	0.452700	-0.061100
1627306364.707568	0.501600	-0.760700	-0.739900	-0.496700	0.458200	-0.109100
1627306364.708022	0.488300	-0.742600	-0.748200	-0.486300	0.468000	-0.152100
1627306364.708476	0.476300	-0.722000	-0.753800	-0.443800	0.475000	-0.179900
1627306364.708928	0.484000	-0.700300	-0.761700	-0.449000	0.469200	-0.190300
1627306364.709537	0.485100	-0.697100	-0.772500	-0.399300	0.478400	-0.221500
1627306364.709997	0.488000	-0.688800	-0.778800	-0.396200	0.501600	-0.263000
1627306364.710452	0.477400	-0.676300	-0.789600	-0.462800	0.543800	-0.311600
1627306364.710909	0.470100	-0.659400	-0.787200	-0.493600	0.600900	-0.367800
1627306364.711318	0.478000	-0.637500	-0.786400	-0.524200	0.670800	-0.426700
1627306364.711727	0.493300	-0.602200	-0.773700	-0.625300	0.747800	-0.492400
1627306364.712161	0.514200	-0.563800	-0.755200	-0.697700	0.823200	-0.555000
1627306364.712571	0.536700	-0.537500	-0.741900	-0.702500	0.882800	-0.610000
1627306364.712980	0.562900	-0.506700	-0.728000	-0.749300	0.929500	-0.650900
1627306364.713412	0.590700	-0.456400	-0.719400	-0.869300	0.963400	-0.660700
1627306364.713915	0.611800	-0.408400	-0.706100	-0.905000	0.994000	-0.648200
1627306364.714366	0.623300	-0.379200	-0.702500	-0.844900	1.016300	-0.625900
1627306364.714816	0.658400	-0.351800	-0.696900	-0.892800	1.039500	-0.584300
1627306364.715216	0.716300	-0.320200	-0.705700	-0.937400	1.052300	-0.553200
1627306364.715660	0.718300	-0.271600	-0.707400	-1.007100	1.065700	-0.519900
1627306364.716069	0.690800	-0.237800	-0.701700	-1.014100	1.102400	-0.480800
1627306364.716470	0.652000	-0.211100	-0.686800	-1.019300	1.135400	-0.390100
1627306364.716905	0.625600	-0.207600	-0.666600	-1.081600	1.163800	-0.261500
1627306364.717321	0.599400	-0.251800	-0.639400	-1.012000	1.188800	-0.143600
1627306364.717770	0.619900	-0.364900	-0.612200	-0.833000	1.204700	-0.058700
1627306364.718261	0.625600	-0.440400	-0.581200	-0.804900	1.213300	-0.047400
1627306364.718715	0.616600	-0.451400	-0.516700	-0.931000	1.211400	-0.069700
1627306364.719159	0.624000	-0.437700	-0.448500	-0.949300	1.186400	-0.099300
1627306364.719700	0.638100	-0.440900	-0.392200	-0.876300	1.123500	-0.129200
1627306364.720259	0.654400	-0.453900	-0.352700	-0.948700	1.030000	-0.146600
1627306364.720689	0.681000	-0.450900	-0.323700	-1.100800	0.911200	-0.161900
1627306364.721109	0.709200	-0.433700	-0.327800	-1.242900	0.746900	-0.189400
1627306364.721522	0.709200	-0.414300	-0.352900	-1.333300	0.625900	-0.207700
1627306364.721964	0.718800	-0.381100	-0.396000	-1.447500	0.525700	-0.219300
1627306364.722376	0.730500	-0.329500	-0.450000	-1.568800	0.457600	-0.222100
1627306364.722788	0.716700	-0.266200	-0.503500	-1.645100	0.432600	-0.208300
1627306364.723229	0.715100	-0.203600	-0.560300	-1.692800	0.447600	-0.170500
1627306364.723645	0.708600	-0.147900	-0.608300	-1.708900	0.494900	-0.100500
1627306364.724059	0.679800	-0.120200	-0.643300	-1.639300	0.574900	-0.002200
1627306364.724498	0.676500	-0.126600	-0.655200	-1.555600	0.661400	0.087600
1627306364.724908	0.692900	-0.149200	-0.646900	-1.515900	0.742900	0.173100
1627306364.725316	0.706500	-0.182300	-0.621800	-1.464300	0.812200	0.237300
1627306364.725753	0.718800	-0.206500	-0.585000	-1.417900	0.857700	0.278200
1627306364.726164	0.734500	-0.213900	-0.538000	-1.455700	0.878500	0.321300
1627306364.726605	0.739000	-0.222000	-0.493200	-1.449900	0.875500	0.360400
1627306364.727017	0.761400	-0.237700	-0.472200	-1.427000	0.841600	0.387900
1627306364.727427	0.752700	-0.238300	-0.469500	-1.465500	0.804000	0.405000
1627306364.727866	0.743900	-0.205900	-0.449100	-1.571800	0.761800	0.456000
1627306364.728299	0.750500	-0.193100	-0.439800	-1.536100	0.722400	0.510300
1627306364.728758	0.771500	-0.203900	-0.444600	-1.403500	0.674500	0.558600
1627306364.729395	0.771500	-0.203900	-0.444600	-1.403500	0.674500	0.558600
1627306364.730067	0.756200	-0.222400	-0.441800	-1.432200	0.633300	0.614500
1627306364.730537	0.742800	-0.228800	-0.443600	-1.469200	0.573400	0.678000
1627306364.730997	0.770400	-0.243400	-0.443100	-1.348500	0.523000	0.722600
1627306364.731431	0.788000	-0.246600	-0.446400	-1.235800	0.461900	0.766300
1627306364.731871	0.777000	-0.231700	-0.447100	-1.230000	0.397500	0.824000
1627306364.732300	0.758900	-0.205800	-0.453500	-1.157300	0.342200	0.891800
1627306364.732716	0.761000	-0.185800	-0.459600	-1.051700	0.289600	0.965100
1627306364.733167	0.741900	-0.196200	-0.473000	-0.928000	0.265500	1.030200
1627306364.733581	0.774400	-0.217400	-0.494400	-0.845500	0.242600	1.098300
1627306364.733993	0.778700	-0.221900	-0.507400	-0.812200	0.224000	1.163700
1627306364.734437	0.783200	-0.233600	-0.512700	-0.705900	0.218500	1.224400
1627306364.734888	0.789400	-0.261000	-0.518900	-0.588000	0.225800	1.267800
1627306364.735310	0.778700	-0.283100	-0.517700	-0.555300	0.236200	1.301700
1627306364.735763	0.757600	-0.294800	-0.501300	-0.584000	0.246600	1.334100
1627306364.736306	0.746900	-0.323600	-0.490600	-0.547100	0.250500	1.361600
1627306364.736755	0.745200	-0.379500	-0.490000	-0.490300	0.252400	1.376600
1627306364.737178	0.737800	-0.430500	-0.492700	-0.525100	0.258200	1.361600
1627306364.737589	0.731700	-0.469100	-0.496100	-0.557200	0.271000	1.315500
1627306364.738034	0.736300	-0.489900	-0.499500	-0.557800	0.282600	1.253500
1627306364.738447	0.736900	-0.500900	-0.502100	-0.570000	0.289900	1.195100
1627306364.738859	0.738500	-0.497800	-0.502900	-0.567900	0.300000	1.141400
1627306364.739307	0.746300	-0.487800	-0.502300	-0.549500	0.311600	1.091600
1627306364.739718	0.737300	-0.480300	-0.498700	-0.529400	0.324500	1.045500
1627306364.740137	0.727900	-0.479100	-0.492200	-0.511300	0.331800	1.015800
1627306364.740581	0.733900	-0.484900	-0.484600	-0.492100	0.330300	0.996900
1627306364.740991	0.742200	-0.497200	-0.480100	-0.469200	0.320200	0.980100
1627306364.741405	0.747900	-0.506800	-0.473800	-0.452400	0.307100	0.958700
1627306364.741850	0.751800	-0.513700	-0.473100	-0.445400	0.292100	0.934000
1627306364.742266	0.745800	-0.508800	-0.470500	-0.442600	0.275300	0.906800
1627306364.742711	0.742800	-0.507600	-0.470200	-0.414500	0.265200	0.885100
1627306364.743122	0.748900	-0.514600	-0.470700	-0.369600	0.260000	0.862200
1627306364.743533	0.756000	-0.531500	-0.468500	-0.323200	0.257900	0.832600
1627306364.743975	0.767700	-0.548800	-0.464700	-0.276200	0.255100	0.793800
1627306364.744382	0.776900	-0.559200	-0.457900	-0.227900	0.251500	0.744000
1627306364.744791	0.799300	-0.553200	-0.450800	-0.194900	0.241700	0.697000
1627306364.745227	0.776000	-0.508700	-0.426900	-0.256300	0.250900	0.642000
1627306364.745687	0.778900	-0.488400	-0.438200	-0.174800	0.265500	0.582400
1627306364.746095	0.760400	-0.491100	-0.453400	-0.043100	0.293600	0.530500
1627306364.746671	0.768200	-0.488400	-0.464400	-0.050400	0.332100	0.489900
1627306364.747083	0.765900	-0.444200	-0.468800	-0.134400	0.353800	0.468800
1627306364.747533	0.767700	-0.404800	-0.461300	-0.023900	0.370000	0.448600
1627306364.747981	0.762000	-0.384600	-0.448100	0.183800	0.384000	0.438300
1627306364.748424	0.752200	-0.351800	-0.408400	0.186900	0.389500	0.468500
1627306364.748871	0.771200	-0.322900	-0.366800	0.181100	0.372400	0.530200
1627306364.749271	0.784800	-0.328600	-0.330900	0.305400	0.327800	0.606300
1627306364.749668	0.794700	-0.360600	-0.301600	0.344500	0.259100	0.693600
1627306364.750115	0.796900	-0.399900	-0.276900	0.248900	0.172400	0.783400
1627306364.750620	0.807600	-0.438600	-0.255900	0.187200	0.069700	0.858500
1627306364.751045	0.770000	-0.482300	-0.252600	0.165500	-0.051500	0.925400
1627306364.751502	0.750400	-0.543600	-0.257700	0.100700	-0.207000	0.976400
1627306364.751902	0.748500	-0.593500	-0.274500	0.071100	-0.332800	1.002100
1627306364.752335	0.728400	-0.637100	-0.299400	-0.015900	-0.444900	1.007300
1627306364.752734	0.709800	-0.686800	-0.332400	-0.024500	-0.545100	0.978000
1627306364.753132	0.683100	-0.725300	-0.368800	-0.027500	-0.629700	0.924500
1627306364.753562	0.673000	-0.741800	-0.402700	-0.096600	-0.692600	0.865000
1627306364.753958	0.658800	-0.742400	-0.450300	-0.138400	-0.742700	0.803900
1627306364.754355	0.644500	-0.745700	-0.501800	-0.114600	-0.770500	0.728100
1627306364.754784	0.670700	-0.752100	-0.553100	-0.097200	-0.766200	0.661200
1627306364.755180	0.648700	-0.747100	-0.590600	-0.120700	-0.746100	0.593700
1627306364.755581	0.634400	-0.734100	-0.621500	-0.112800	-0.699700	0.525900
1627306364.756011	0.637700	-0.722200	-0.639800	-0.062400	-0.636100	0.460900
1627306364.756407	0.655900	-0.715800	-0.661000	-0.017500	-0.568900	0.398300
1627306364.756827	0.638800	-0.712900	-0.676800	-0.001300	-0.477000	0.320100
1627306364.757241	0.618700	-0.716900	-0.691900	0.023800	-0.364600	0.236100
1627306364.757635	0.641500	-0.717200	-0.699200	0.047000	-0.262000	0.164300
1627306364.758072	0.646600	-0.710100	-0.688700	0.035400	-0.169700	0.105300
1627306364.758543	0.650500	-0.706400	-0.670200	0.054300	-0.087600	0.051600
1627306364.758940	0.654900	-0.705400	-0.644500	0.065300	-0.018500	-0.000000
1627306364.759381	0.664200	-0.700900	-0.615200	0.028700	0.031900	-0.043400
1627306364.759778	0.673600	-0.691400	-0.576000	0.005100	0.063600	-0.087700
1627306364.760180	0.681500	-0.687000	-0.550900	0.018000	0.067600	-0.118200
1627306364.760704	0.675300	-0.689600	-0.532100	0.037200	0.056300	-0.143900
1627306364.762474	0.668300	-0.691000	-0.514500	0.052800	0.032200	-0.164000
1627306364.762917	0.672200	-0.691700	-0.490800	0.057400	-0.011800	-0.172300
1627306364.763323	0.677700	-0.699200	-0.471300	0.083900	-0.073200	-0.172900
1627306364.765393	0.682300	-0.717700	-0.454100	0.151400	-0.144100	-0.183900
1627306364.765790	0.684000	-0.742800	-0.440400	0.188100	-0.225900	-0.218400
1627306364.766187	0.654500	-0.753900	-0.440300	0.196300	-0.296200	-0.261200
1627306364.768269	0.643800	-0.746700	-0.448200	0.225400	-0.356300	-0.293200
1627306364.768697	0.642600	-0.753700	-0.459200	0.310000	-0.399400	-0.333900
1627306364.769124	0.655400	-0.768300	-0.478600	0.401000	-0.433300	-0.382100
1627306364.769520	0.652700	-0.770000	-0.485200	0.402200	-0.459900	-0.434100
1627306364.771421	0.653300	-0.766800	-0.488200	0.407400	-0.473900	-0.494500
1627306364.771975	0.638100	-0.772200	-0.495100	0.502400	-0.483400	-0.575200
1627306364.772461	0.638700	-0.775600	-0.497900	0.515500	-0.487100	-0.648800
1627306364.772858	0.645400	-0.767800	-0.499400	0.495700	-0.491000	-0.720200
1627306364.774550	0.645100	-0.747800	-0.501100	0.518300	-0.499900	-0.791700
1627306364.774979	0.643300	-0.728500	-0.501100	0.542700	-0.511200	-0.851300
1627306364.775373	0.637500	-0.714400	-0.506200	0.567700	-0.525300	-0.900100
1627306364.777836	0.629900	-0.705100	-0.513700	0.608100	-0.537200	-0.946900
1627306364.778282	0.620600	-0.701200	-0.522800	0.653600	-0.541400	-0.992400
1627306364.778681	0.615500	-0.701000	-0.526100	0.692700	-0.537800	-1.031200
1627306364.779146	0.612200	-0.702900	-0.524400	0.728100	-0.535000	-1.069700
1627306364.781219	0.610000	-0.709200	-0.518600	0.760200	-0.527400	-1.127400
1627306364.781616	0.633100	-0.711900	-0.525800	0.776700	-0.513000	-1.216000
1627306364.782057	0.667800	-0.684800	-0.534900	0.664000	-0.521300	-1.289900
1627306364.782455	0.657700	-0.617700	-0.541000	0.601000	-0.543900	-1.337200
1627306364.782887	0.637600	-0.570600	-0.556800	0.649300	-0.564000	-1.340300
1627306364.785360	0.629200	-0.559100	-0.579700	0.716500	-0.576600	-1.318300
1627306364.785757	0.627200	-0.563500	-0.598300	0.773600	-0.572900	-1.302400
1627306364.786161	0.620500	-0.570200	-0.610600	0.846900	-0.552700	-1.300600
1627306364.787825	0.622800	-0.570100	-0.608900	0.920800	-0.521900	-1.301800
1627306364.788222	0.625900	-0.564500	-0.591300	0.983400	-0.489500	-1.301500
1627306364.788663	0.629300	-0.565700	-0.555700	1.061900	-0.465700	-1.294100
1627306364.789060	0.646200	-0.577300	-0.523700	1.102900	-0.461700	-1.295100
1627306364.790683	0.659100	-0.594100	-0.497300	1.090300	-0.477900	-1.309100
1627306364.791125	0.660800	-0.596700	-0.471100	1.021600	-0.520400	-1.329300
1627306364.791521	0.651400	-0.584200	-0.459700	0.955300	-0.574700	-1.344200
1627306364.793651	0.645600	-0.576800	-0.465800	0.952300	-0.632800	-1.355500
1627306364.794046	0.651200	-0.568000	-0.489500	0.942200	-0.691100	-1.363800
1627306364.794486	0.654200	-0.553300	-0.523800	0.917500	-0.746400	-1.368400
1627306364.794881	0.651400	-0.536100	-0.554300	0.952900	-0.771700	-1.375700
1627306364.796956	0.646000	-0.518600	-0.582900	1.000500	-0.778500	-1.377800
1627306364.797352	0.640700	-0.500200	-0.605100	1.026800	-0.769000	-1.376000
1627306364.797792	0.645800	-0.486300	-0.616500	1.065600	-0.744600	-1.372300
1627306364.798187	0.653200	-0.477100	-0.624800	1.106500	-0.717700	-1.364700
1627306364.799814	0.655900	-0.468800	-0.627400	1.118700	-0.692300	-1.349400
1627306364.800257	0.659500	-0.462500	-0.627200	1.126100	-0.674300	-1.320400
1627306364.800657	0.666300	-0.459700	-0.628100	1.153000	-0.664200	-1.292900
1627306364.802731	0.667500	-0.466200	-0.631200	1.169800	-0.660600	-1.262100
1627306364.803128	0.668900	-0.476400	-0.642200	1.180700	-0.657200	-1.237000
1627306364.803569	0.664300	-0.490800	-0.648800	1.186200	-0.652300	-1.214400
1627306364.803968	0.658300	-0.509900	-0.659500	1.211000	-0.641600	-1.204400
1627306364.805603	0.660200	-0.533300	-0.666900	1.222900	-0.619600	-1.216900
1627306364.806032	0.658900	-0.544300	-0.669800	1.195700	-0.590600	-1.245600
1627306364.806427	0.651200	-0.541700	-0.665500	1.175600	-0.556400	-1.285000
1627306364.806866	0.646900	-0.529300	-0.662700	1.167900	-0.520100	-1.327400
1627306364.808960	0.648800	-0.505500	-0.655800	1.140100	-0.484300	-1.361000
1627306364.809400	0.651200	-0.478600	-0.654800	1.117200	-0.451000	-1.380900
1627306364.809795	0.653600	-0.455900	-0.660500	1.137700	-0.416200	-1.391600
1627306364.810191	0.661500	-0.438100	-0.666300	1.156900	-0.370400	-1.391600
1627306364.812659	0.668300	-0.418500	-0.665300	1.152000	-0.324900	-1.383300
1627306364.813058	0.668000	-0.398700	-0.658400	1.177100	-0.279100	-1.369000
1627306364.813455	0.666400	-0.384900	-0.643300	1.219500	-0.233000	-1.353700
1627306364.815129	0.673500	-0.372900	-0.620000	1.249500	-0.187700	-1.334500
1627306364.815526	0.678500	-0.357800	-0.585400	1.268100	-0.148700	-1.317700
1627306364.815927	0.681500	-0.341600	-0.546400	1.270900	-0.123600	-1.299000
1627306364.817602	0.689000	-0.323900	-0.498700	1.279700	-0.128200	-1.262400
1627306364.818066	0.693600	-0.317000	-0.467400	1.291300	-0.154500	-1.221200
1627306364.818507	0.716200	-0.315900	-0.447900	1.273300	-0.200600	-1.173200
1627306364.818901	0.705400	-0.316200	-0.427600	1.242800	-0.262900	-1.111500
1627306364.821022	0.688700	-0.327500	-0.415500	1.215600	-0.333100	-1.044000
1627306364.821421	0.676800	-0.358800	-0.413500	1.263800	-0.411300	-0.980500
1627306364.821884	0.666300	-0.406900	-0.414600	1.301400	-0.490400	-0.940200
1627306364.822283	0.666400	-0.444600	-0.416300	1.330100	-0.583000	-0.929800
1627306364.824360	0.668800	-0.447300	-0.417600	1.353300	-0.650200	-0.949900
1627306364.824755	0.673800	-0.420700	-0.420500	1.362500	-0.718000	-0.966100
1627306364.825150	0.670800	-0.378200	-0.431300	1.357000	-0.780300	-0.962800
1627306364.826764	0.671100	-0.342500	-0.451800	1.370700	-0.835600	-0.940800
1627306364.827192	0.682700	-0.321000	-0.474700	1.380800	-0.882300	-0.904400
1627306364.827598	0.690400	-0.307700	-0.507000	1.357300	-0.919600	-0.863800
1627306364.827991	0.691400	-0.295700	-0.539100	1.311800	-0.946100	-0.816500
1627306364.828387	0.687900	-0.290800	-0.564700	1.290400	-0.954100	-0.770600
1627306366.712401	0.714200	-0.313600	-0.528200	0.902800	-0.594600	-0.468000
1627306366.734402	0.625500	-0.520600	-0.633800	-0.818300	0.639100	0.679900
1627306366.741747	0.633800	-0.519800	-0.634800	-0.805200	0.639400	0.662500
1627306366.742637	0.632100	-0.518300	-0.636800	-0.831700	0.647000	0.649000
1627306366.748805	0.640400	-0.524200	-0.633300	-0.824100	0.654300	0.628900
1627306366.769985	0.636700	-0.538200	-0.629400	-0.796000	0.664700	0.602900
1627306366.770797	0.634900	-0.548800	-0.628300	-0.812500	0.676600	0.572700
1627306366.778473	0.638900	-0.552600	-0.617100	-0.829900	0.687900	0.537200
1627306366.787151	0.646400	-0.549800	-0.601600	-0.841800	0.695300	0.498400
1627306366.811497	0.648900	-0.541900	-0.590300	-0.863500	0.695600	0.461500
1627306366.813276	0.650500	-0.535500	-0.581500	-0.874800	0.693400	0.430300
1627306366.818349	0.656700	-0.527500	-0.572800	-0.877300	0.684000	0.398300
1627306366.829347	0.668600	-0.517300	-0.561800	-0.907200	0.670200	0.369200
1627306366.854948	0.673700	-0.496700	-0.549900	-0.946000	0.655600	0.348500
1627306366.856002	0.669700	-0.473400	-0.536600	-0.967400	0.640600	0.332600
1627306366.869072	0.678300	-0.450700	-0.528100	-0.988400	0.622600	0.324900
1627306366.870982	0.684600	-0.431200	-0.523700	-1.032400	0.600600	0.333200
1627306366.871903	0.691000	-0.427000	-0.522800	-1.033300	0.569700	0.355500
1627306366.894995	0.697300	-0.443700	-0.526000	-0.992700	0.523600	0.382700
1627306366.898870	0.693800	-0.461700	-0.529300	-0.986900	0.483300	0.401000
1627306366.913547	0.703500	-0.467500	-0.527700	-0.987500	0.454900	0.398900
1627306366.939599	0.712900	-0.464400	-0.528000	-0.990300	0.428600	0.395200
1627306366.947973	0.710000	-0.459500	-0.533400	-0.975300	0.400500	0.394300
1627306366.948866	0.706900	-0.462000	-0.543500	-0.948700	0.381600	0.393400
1627306366.949781	0.699100	-0.466100	-0.558700	-0.934100	0.376400	0.387300
1627306366.954884	0.713400	-0.465300	-0.580900	-0.911800	0.380100	0.371700
1627306366.978249	0.711100	-0.458600	-0.593800	-0.879700	0.393500	0.355500
1627306366.979139	0.714500	-0.443800	-0.603800	-0.844600	0.414600	0.344800
1627306366.996871	0.720700	-0.421800	-0.606700	-0.808500	0.435300	0.347200
1627306367.007780	0.718800	-0.404500	-0.606100	-0.763900	0.455800	0.361600
1627306367.008679	0.715800	-0.397200	-0.598500	-0.705600	0.481100	0.380800
1627306367.023414	0.715700	-0.404800	-0.591200	-0.650900	0.500700	0.396700
1627306367.024984	0.712900	-0.410000	-0.568100	-0.635000	0.521200	0.410800
1627306367.052896	0.729200	-0.414900	-0.545000	-0.641500	0.523300	0.421200
1627306367.053777	0.742400	-0.424900	-0.527700	-0.630800	0.508000	0.428500
1627306367.058425	0.744900	-0.439000	-0.513500	-0.633500	0.482700	0.436100
1627306367.068610	0.744600	-0.452800	-0.505900	-0.656100	0.454900	0.439500
1627306367.094996	0.745400	-0.471700	-0.506100	-0.669900	0.432300	0.427000
1627306367.095830	0.733500	-0.491300	-0.505700	-0.659200	0.413000	0.396700
1627306367.098438	0.732900	-0.508300	-0.510100	-0.654600	0.395000	0.352100
1627306367.112124	0.737300	-0.513800	-0.511700	-0.630500	0.381300	0.309700
1627306367.113010	0.744900	-0.515500	-0.514300	-0.588900	0.371200	0.263300
1627306367.136367	0.747300	-0.510700	-0.512100	-0.547700	0.362900	0.219600
1627306367.138577	0.745400	-0.501300	-0.502700	-0.525400	0.356500	0.180800
1627306367.153833	0.752300	-0.495000	-0.495800	-0.484800	0.349200	0.151500
1627306367.157033	0.766200	-0.492200	-0.488800	-0.417000	0.331800	0.120300
1627306367.179968	0.781000	-0.493500	-0.483600	-0.388300	0.307700	0.095300
1627306367.180779	0.786300	-0.488900	-0.480300	-0.364700	0.281700	0.077900
1627306367.189635	0.785000	-0.484100	-0.479100	-0.333300	0.258800	0.062900
1627306367.199419	0.783200	-0.486500	-0.479400	-0.283800	0.234400	0.049800
1627306367.219679	0.775500	-0.496100	-0.485400	-0.235200	0.213900	0.031400
1627306367.220745	0.768700	-0.504000	-0.490100	-0.202900	0.197400	0.007600
1627306367.234379	0.760600	-0.505900	-0.492800	-0.181200	0.182100	-0.029000
1627306367.235278	0.770800	-0.504200	-0.492900	-0.156100	0.171400	-0.064500
1627306367.248701	0.775600	-0.501300	-0.498200	-0.149100	0.160400	-0.096200
1627306367.258497	0.772600	-0.498200	-0.503500	-0.136300	0.158000	-0.124600
1627306367.264924	0.773200	-0.497900	-0.512500	-0.122800	0.163200	-0.157900
1627306367.287491	0.761100	-0.493200	-0.520400	-0.108500	0.176000	-0.196400
1627306367.288605	0.750700	-0.487100	-0.525100	-0.096600	0.200200	-0.238900
1627306367.298358	0.755400	-0.472800	-0.524800	-0.068200	0.234700	-0.294200
1627306367.308285	0.757300	-0.460800	-0.518600	-0.036700	0.265200	-0.336600
1627306367.326796	0.759500	-0.442900	-0.503900	-0.004000	0.287800	-0.376900
1627306367.327690	0.763200	-0.427600	-0.486200	0.036300	0.300300	-0.411100
1627306367.337557	0.765300	-0.416000	-0.465000	0.076300	0.299400	-0.439200
1627306367.349041	0.770000	-0.407000	-0.445200	0.089400	0.287200	-0.461500
1627306367.355239	0.783100	-0.403700	-0.429200	0.113900	0.266400	-0.481400
1627306367.373631	0.784500	-0.408800	-0.419200	0.160600	0.227300	-0.508000
1627306367.377159	0.793100	-0.408600	-0.412100	0.162100	0.196200	-0.535500
1627306367.389630	0.783000	-0.414100	-0.402700	0.200000	0.166200	-0.577900
1627306367.393137	0.792800	-0.401100	-0.398200	0.217400	0.129300	-0.611200
1627306367.416105	0.795900	-0.374000	-0.392000	0.178600	0.090200	-0.628000
1627306367.418202	0.801800	-0.356300	-0.390600	0.224400	0.050800	-0.636900
1627306367.433673	0.805500	-0.353300	-0.395500	0.289800	0.009900	-0.644500
1627306367.438154	0.810700	-0.351400	-0.398700	0.274800	-0.032000	-0.649700
1627306367.460382	0.817900	-0.347700	-0.403100	0.290100	-0.068300	-0.655800
1627306367.461275	0.825800	-0.339000	-0.411700	0.347800	-0.107400	-0.656700
1627306367.468846	0.824800	-0.331400	-0.418600	0.386300	-0.145000	-0.648200
1627306367.491968	0.823000	-0.320400	-0.426400	0.428800	-0.178300	-0.634100
1627306367.496453	0.809900	-0.318700	-0.430700	0.509400	-0.211600	-0.620100
1627306367.497496	0.805200	-0.326400	-0.437300	0.578100	-0.246700	-0.605700
1627306367.506044	0.802500	-0.339600	-0.443600	0.621800	-0.280900	-0.598400
1627306367.512395	0.805900	-0.355700	-0.448000	0.683500	-0.307800	-0.604500
1627306367.535405	0.802000	-0.368800	-0.457600	0.729000	-0.333700	-0.621600
1627306367.536292	0.791500	-0.376700	-0.463500	0.775700	-0.354200	-0.648500
1627306367.547227	0.789700	-0.373200	-0.472900	0.833500	-0.372800	-0.679000
1627306367.551394	0.784400	-0.357200	-0.480100	0.893000	-0.391200	-0.704700
1627306367.579919	0.795400	-0.326000	-0.489400	0.947400	-0.409200	-0.721500
1627306367.580853	0.795500	-0.292500	-0.493200	0.984700	-0.424500	-0.718100
1627306367.590917	0.792400	-0.271400	-0.497100	1.026200	-0.433300	-0.700700
1627306367.594449	0.793700	-0.261100	-0.500100	1.066500	-0.439700	-0.674100
1627306367.617054	0.799100	-0.258200	-0.502200	1.095500	-0.447100	-0.648500
1627306367.618392	0.802100	-0.260000	-0.501700	1.122400	-0.454400	-0.628900
1627306367.633427	0.803100	-0.259900	-0.498200	1.146500	-0.466300	-0.607200
1627306367.638174	0.798300	-0.257900	-0.495100	1.177100	-0.481600	-0.582200
1627306367.669170	0.803000	-0.261400	-0.491600	1.202400	-0.498700	-0.557400
1627306367.682389	0.804100	-0.271500	-0.492700	1.216500	-0.519800	-0.530600
1627306367.701028	0.799900	-0.291000	-0.492900	1.229300	-0.541100	-0.506400
1627306367.710364	0.801400	-0.319100	-0.492400	1.240900	-0.564000	-0.492100
1627306367.711248	0.797400	-0.346700	-0.490400	1.233600	-0.584500	-0.494800
1627306367.712182	0.791000	-0.374100	-0.488300	1.215600	-0.602800	-0.517700
1627306367.713662	0.789700	-0.385600	-0.485800	1.169800	-0.628500	-0.557100
1627306367.728214	0.788700	-0.378900	-0.485700	1.119100	-0.649600	-0.591700
1627306367.729113	0.786700	-0.366000	-0.488900	1.080900	-0.672500	-0.618500
1627306367.748911	0.778800	-0.349400	-0.498400	1.071700	-0.695100	-0.632900
1627306367.749834	0.781700	-0.337300	-0.516400	1.059200	-0.713700	-0.637500
1627306367.758471	0.778600	-0.330000	-0.535400	1.054300	-0.728700	-0.630100
1627306367.768260	0.771200	-0.321200	-0.556400	1.055500	-0.730800	-0.611800
1627306367.790066	0.765900	-0.325200	-0.576300	1.076600	-0.721000	-0.592000
1627306367.792222	0.760700	-0.337600	-0.587400	1.107400	-0.709400	-0.579100
1627306367.795880	0.762200	-0.348400	-0.594800	1.119400	-0.693200	-0.571200
1627306367.810927	0.760300	-0.351300	-0.595600	1.127600	-0.676100	-0.563200
1627306367.828880	0.749500	-0.352300	-0.587200	1.161200	-0.659900	-0.559600
1627306367.829752	0.757600	-0.353800	-0.584800	1.189000	-0.645300	-0.555000
1627306367.835925	0.744000	-0.359400	-0.573500	1.226300	-0.636400	-0.547400
1627306367.846974	0.741500	-0.359900	-0.562300	1.251300	-0.627300	-0.542500
1627306367.870010	0.737500	-0.361500	-0.552700	1.271500	-0.632200	-0.533000
1627306367.871237	0.745200	-0.371100	-0.545000	1.327700	-0.648300	-0.522300
1627306367.878667	0.742300	-0.388700	-0.542100	1.372900	-0.672500	-0.507400
1627306367.891972	0.734000	-0.405900	-0.540000	1.398500	-0.702100	-0.500600
1627306367.911719	0.735100	-0.421500	-0.534900	1.401600	-0.732900	-0.497300
1627306367.912602	0.733200	-0.434800	-0.532700	1.417500	-0.775100	-0.499100
1627306367.915927	0.724100	-0.445800	-0.531900	1.423900	-0.814200	-0.500300
1627306367.924875	0.714200	-0.450200	-0.532700	1.421400	-0.853000	-0.507000
1627306367.930919	0.710900	-0.451300	-0.541000	1.415900	-0.893900	-0.510400
1627306367.954011	0.701900	-0.457200	-0.557400	1.430900	-0.930600	-0.510100
1627306367.954895	0.698000	-0.466400	-0.573100	1.456200	-0.960800	-0.508000
1627306367.960138	0.685400	-0.481000	-0.594200	1.473000	-0.980000	-0.510400
1627306367.983405	0.677000	-0.500000	-0.615700	1.472100	-0.985800	-0.523800
1627306367.996452	0.670200	-0.516100	-0.628900	1.472100	-0.977300	-0.550100
1627306367.997559	0.665500	-0.530200	-0.637100	1.470900	-0.957400	-0.590400
1627306368.002579	0.660400	-0.535000	-0.638500	1.466600	-0.935400	-0.640800
1627306368.022465	0.656700	-0.527700	-0.636700	1.446500	-0.913200	-0.686000
1627306368.024851	0.653100	-0.512200	-0.630500	1.425700	-0.893000	-0.720900
1627306368.032516	0.654800	-0.499600	-0.625100	1.437600	-0.877700	-0.745000
1627306368.046252	0.646700	-0.499800	-0.627800	1.469700	-0.860600	-0.763300
1627306368.066229	0.640400	-0.495700	-0.626000	1.463900	-0.851500	-0.771900
1627306368.068502	0.639600	-0.484000	-0.620800	1.466300	-0.847200	-0.771600
1627306368.069944	0.641500	-0.467400	-0.610500	1.505100	-0.851100	-0.763300
1627306368.094423	0.643400	-0.451300	-0.605800	1.518300	-0.863700	-0.738600
1627306368.109155	0.643100	-0.442600	-0.600700	1.537800	-0.877400	-0.704400
1627306368.110041	0.633100	-0.431600	-0.592800	1.553400	-0.896400	-0.661900
1627306368.115054	0.621900	-0.424000	-0.587300	1.535100	-0.911900	-0.616100
1627306368.140594	0.619800	-0.426900	-0.580900	1.537800	-0.927200	-0.579100
1627306368.141488	0.618800	-0.441200	-0.576300	1.527400	-0.943700	-0.548900
1627306368.147184	0.617800	-0.462900	-0.570200	1.479500	-0.967200	-0.529000
1627306368.158886	0.620100	-0.482100	-0.562500	1.429100	-0.995900	-0.519600
1627306368.177827	0.622100	-0.498900	-0.561400	1.372000	-1.032900	-0.516800
1627306368.178806	0.617400	-0.515400	-0.567300	1.304100	-1.074700	-0.522300
1627306368.186064	0.608900	-0.523600	-0.577600	1.237600	-1.112900	-0.530900
1627306368.197387	0.599600	-0.528800	-0.592900	1.183800	-1.141600	-0.545200
1627306368.217151	0.592300	-0.528700	-0.612300	1.129100	-1.160200	-0.563200
1627306368.218178	0.587300	-0.521900	-0.629900	1.062900	-1.172800	-0.579700
1627306368.233606	0.591700	-0.510300	-0.648400	0.996300	-1.183200	-0.592000
1627306368.236905	0.586700	-0.505400	-0.664600	0.952300	-1.189600	-0.599600
1627306368.248868	0.584800	-0.496100	-0.689200	0.890300	-1.187700	-0.599000
1627306368.255940	0.595100	-0.493500	-0.710100	0.831900	-1.181000	-0.591700
1627306368.265898	0.602100	-0.488600	-0.733900	0.785800	-1.164500	-0.583700
1627306368.268259	0.609000	-0.483000	-0.758800	0.745500	-1.145300	-0.570000
1627306368.291299	0.611500	-0.478100	-0.783900	0.710100	-1.112000	-0.551000
1627306368.294714	0.604000	-0.480500	-0.805500	0.706100	-1.067100	-0.533600
1627306368.313192	0.603000	-0.486300	-0.828000	0.694200	-1.018200	-0.516200
1627306368.329174	0.611000	-0.491600	-0.843300	0.653600	-0.955000	-0.497300
1627306368.330075	0.619000	-0.493900	-0.855000	0.650200	-0.902500	-0.480200
1627306368.334729	0.629800	-0.504600	-0.867700	0.663300	-0.846900	-0.467000
1627306368.344649	0.631200	-0.516500	-0.878900	0.634600	-0.791300	-0.458800
1627306368.348192	0.626300	-0.521500	-0.885300	0.595200	-0.734500	-0.449300
1627306368.376280	0.624300	-0.522900	-0.888900	0.593400	-0.673700	-0.438900
1627306368.377086	0.631800	-0.533600	-0.893700	0.614800	-0.601600	-0.436800
1627306368.379889	0.628200	-0.552200	-0.896900	0.625500	-0.515800	-0.447500
1627306368.397549	0.620200	-0.564600	-0.891700	0.620000	-0.441300	-0.468300
1627306368.414930	0.611600	-0.564800	-0.876300	0.607100	-0.369200	-0.488100
1627306368.429296	0.608500	-0.558300	-0.855600	0.592200	-0.304700	-0.495700
1627306368.430193	0.616500	-0.555400	-0.833900	0.590300	-0.248200	-0.498800
1627306368.435091	0.613400	-0.566800	-0.818600	0.591300	-0.194200	-0.501900
1627306368.446111	0.610100	-0.584400	-0.803600	0.572300	-0.138000	-0.513500
1627306368.453520	0.603400	-0.601700	-0.783100	0.513100	-0.086600	-0.538200
1627306368.467174	0.601000	-0.602800	-0.759200	0.447100	-0.050600	-0.568100
1627306368.490057	0.606100	-0.594400	-0.736700	0.395500	-0.026800	-0.595600
1627306368.490863	0.607700	-0.583300	-0.717400	0.350300	-0.014600	-0.623400
1627306368.494678	0.606600	-0.568500	-0.706300	0.296800	-0.010300	-0.651500
1627306368.509523	0.610400	-0.544100	-0.697900	0.241800	-0.009700	-0.677200
1627306368.510686	0.613600	-0.506600	-0.692500	0.193600	-0.011200	-0.692400
1627306368.531577	0.612900	-0.470800	-0.691700	0.171900	-0.015200	-0.689700
1627306368.534883	0.612700	-0.439500	-0.691300	0.168200	-0.023700	-0.666500
1627306368.545873	0.611200	-0.415800	-0.692600	0.180200	-0.029500	-0.632300
1627306368.552078	0.618400	-0.399700	-0.693800	0.200600	-0.035000	-0.587400
1627306368.574817	0.617400	-0.390900	-0.687600	0.195700	-0.036900	-0.536400
1627306368.579654	0.620200	-0.387800	-0.679800	0.179800	-0.040200	-0.486300
1627306368.590902	0.614400	-0.402700	-0.685400	0.171600	-0.039300	-0.434700
1627306368.593182	0.612200	-0.433300	-0.696800	0.161500	-0.034700	-0.399800
1627306368.619704	0.604400	-0.458900	-0.701500	0.145600	-0.028300	-0.380600
1627306368.620800	0.598500	-0.476900	-0.708900	0.135900	-0.017600	-0.378200
1627306368.634311	0.585900	-0.492800	-0.718600	0.179200	0.003100	-0.392800
1627306368.635203	0.575600	-0.497800	-0.721700	0.217100	0.030900	-0.414200
1627306368.637603	0.583100	-0.487200	-0.720200	0.212800	0.056600	-0.433400
1627306368.662047	0.587600	-0.463400	-0.711900	0.199400	0.087400	-0.446000
1627306368.664465	0.594100	-0.448700	-0.707800	0.210700	0.111000	-0.451500
1627306368.679968	0.589000	-0.433300	-0.696400	0.192400	0.137200	-0.450200
1627306368.681930	0.587600	-0.408900	-0.683800	0.138600	0.165900	-0.441100
1627306368.704777	0.598900	-0.389300	-0.671800	0.102900	0.193400	-0.419700
1627306368.705876	0.613800	-0.377100	-0.660000	0.071100	0.214800	-0.385500
1627306368.728284	0.612100	-0.377600	-0.652600	-0.003100	0.234400	-0.347900
1627306368.734401	0.610200	-0.390000	-0.645600	-0.100800	0.254800	-0.308800
1627306368.735291	0.606000	-0.405300	-0.641500	-0.160400	0.268900	-0.287700
1627306368.742637	0.595900	-0.423000	-0.639400	-0.203800	0.282600	-0.281300
1627306368.763338	0.595700	-0.426100	-0.640600	-0.243500	0.293300	-0.286500
1627306368.764567	0.600200	-0.407600	-0.632800	-0.287200	0.300600	-0.291700
1627306368.779779	0.600000	-0.384500	-0.629000	-0.285000	0.305200	-0.285300
1627306368.785686	0.608500	-0.362400	-0.623500	-0.234000	0.308900	-0.266100
1627306368.810084	0.617200	-0.344500	-0.619800	-0.227300	0.311900	-0.236700
1627306368.810888	0.627600	-0.327000	-0.614400	-0.252000	0.314700	-0.203800
1627306368.813319	0.635100	-0.314500	-0.604900	-0.264300	0.312900	-0.165600
1627306368.824481	0.641500	-0.302500	-0.599000	-0.276800	0.304600	-0.117900
1627306368.846381	0.640900	-0.295900	-0.591900	-0.303000	0.292400	-0.063600
1627306368.847391	0.638800	-0.297100	-0.588300	-0.310400	0.275600	-0.005200
1627306368.857110	0.641400	-0.305900	-0.589500	-0.296600	0.255700	0.058900
1627306368.865896	0.642700	-0.315400	-0.592900	-0.284100	0.240200	0.109000
1627306368.887591	0.642600	-0.323100	-0.595900	-0.270100	0.226100	0.153300
1627306368.888764	0.649200	-0.328700	-0.593800	-0.251700	0.214800	0.191800
1627306368.893449	0.657700	-0.339400	-0.594700	-0.238300	0.205000	0.226600
1627306368.907078	0.660900	-0.348900	-0.592200	-0.241000	0.194300	0.256800
1627306368.907969	0.656500	-0.361100	-0.591100	-0.251400	0.183400	0.285500
1627306368.931516	0.664100	-0.372800	-0.594700	-0.270400	0.173000	0.313300
1627306368.934734	0.671000	-0.379800	-0.598400	-0.287200	0.165600	0.328900
1627306368.945793	0.671500	-0.382000	-0.601700	-0.313700	0.159200	0.348200
1627306368.950979	0.675000	-0.382600	-0.605200	-0.330200	0.154000	0.369800
1627306368.973264	0.678200	-0.389800	-0.608800	-0.328700	0.148800	0.391800
1627306368.974979	0.678300	-0.403800	-0.615600	-0.320800	0.147000	0.412600
1627306368.990698	0.681500	-0.421400	-0.624400	-0.324400	0.150700	0.422700
1627306368.999397	0.679600	-0.436500	-0.637100	-0.344900	0.166200	0.421200
1627306369.014086	0.680500	-0.447000	-0.644400	-0.347600	0.179700	0.411700
1627306369.014972	0.685200	-0.450800	-0.647500	-0.369600	0.195900	0.402800
1627306369.023560	0.689200	-0.444600	-0.647000	-0.419400	0.212400	0.393400
1627306369.031425	0.691200	-0.434000	-0.645600	-0.459700	0.227600	0.388200
1627306369.057038	0.686500	-0.426600	-0.645500	-0.487500	0.241400	0.387600
1627306369.067842	0.688700	-0.429400	-0.646200	-0.516800	0.257000	0.391200
1627306369.068730	0.694600	-0.443500	-0.652500	-0.530600	0.277400	0.387900
1627306369.072496	0.696200	-0.454000	-0.657700	-0.567200	0.294500	0.373800
1627306369.096268	0.692400	-0.456300	-0.657800	-0.609400	0.312200	0.357300
1627306369.098245	0.686800	-0.455400	-0.657200	-0.618600	0.330900	0.338100
1627306369.105896	0.693400	-0.447000	-0.655800	-0.651200	0.349200	0.322800
1627306369.115637	0.703200	-0.428800	-0.647300	-0.711100	0.363600	0.314000
1627306369.116526	0.706700	-0.408800	-0.644500	-0.745300	0.373000	0.316100
1627306369.142745	0.700300	-0.405800	-0.647900	-0.746200	0.380700	0.328600
1627306369.143644	0.699200	-0.413000	-0.653400	-0.754800	0.388600	0.338400
1627306369.154993	0.694700	-0.413300	-0.657100	-0.796300	0.396500	0.351200
1627306369.179371	0.693400	-0.413800	-0.656700	-0.821100	0.406000	0.369500
1627306369.180258	0.697400	-0.417500	-0.654700	-0.815900	0.413000	0.385700
1627306369.183466	0.700800	-0.429100	-0.653000	-0.816500	0.403600	0.412600
1627306369.194700	0.707400	-0.446000	-0.653300	-0.779800	0.381900	0.445000
1627306369.200913	0.712300	-0.456300	-0.660900	-0.709600	0.358400	0.460300
1627306369.221382	0.736500	-0.446900	-0.672600	-0.674100	0.337600	0.467600
1627306369.222192	0.653600	-0.421300	-0.677500	-0.634700	0.308000	0.476400
1627306369.233473	0.632700	-0.422500	-0.693200	-0.423700	0.341300	0.467300
1627306369.242312	0.669300	-0.427700	-0.698200	-0.486300	0.384000	0.473700
1627306369.263580	0.695200	-0.422400	-0.696900	-0.636300	0.405400	0.490800
1627306369.264705	0.692300	-0.425200	-0.695800	-0.619200	0.430100	0.496300
1627306369.279425	0.681600	-0.448900	-0.700000	-0.635000	0.455500	0.494800
1627306369.285805	0.681300	-0.463500	-0.703000	-0.748700	0.488500	0.477100
1627306369.306217	0.685800	-0.466400	-0.707200	-0.796000	0.523000	0.441300
1627306369.307029	0.678700	-0.459800	-0.711100	-0.771000	0.557200	0.400400
1627306369.317169	0.675500	-0.440200	-0.715200	-0.769700	0.595400	0.368900
1627306369.324466	0.685200	-0.394200	-0.709400	-0.767600	0.637800	0.353700
1627306369.346362	0.693000	-0.337400	-0.694500	-0.741900	0.683300	0.374400
1627306369.348772	0.690400	-0.306400	-0.678700	-0.697100	0.718800	0.417800
1627306369.352162	0.693200	-0.292500	-0.657500	-0.688500	0.750500	0.478000
1627306369.364812	0.700300	-0.292200	-0.632600	-0.740100	0.772200	0.543900
1627306369.385926	0.706400	-0.304000	-0.605500	-0.796600	0.780800	0.601700
1627306369.391545	0.705100	-0.320200	-0.579300	-0.858900	0.781400	0.645000
1627306369.392437	0.705100	-0.340500	-0.553500	-0.966700	0.764300	0.681400
1627306369.407589	0.695700	-0.366000	-0.537700	-1.058100	0.730700	0.708600
1627306369.425632	0.681400	-0.396600	-0.534500	-1.074900	0.697100	0.708300
1627306369.426515	0.678200	-0.417500	-0.540500	-1.126800	0.663200	0.696700
1627306369.432186	0.677100	-0.425800	-0.550500	-1.169600	0.623800	0.679300
1627306369.442250	0.672000	-0.418300	-0.559800	-1.163100	0.586500	0.665500
1627306369.445632	0.671400	-0.402700	-0.566400	-1.128900	0.547700	0.664900
1627306369.468727	0.676500	-0.387800	-0.577000	-1.071200	0.518400	0.673800
1627306369.472237	0.680100	-0.369900	-0.579600	-1.011000	0.500100	0.687200
1627306369.486383	0.689900	-0.343800	-0.575000	-0.989300	0.488500	0.711600
1627306369.505674	0.704500	-0.315600	-0.566400	-0.981700	0.474100	0.753500
1627306369.506611	0.705800	-0.294200	-0.559100	-0.967400	0.455200	0.810000
1627306369.519819	0.703100	-0.289900	-0.553700	-0.961600	0.429500	0.879000
1627306369.522443	0.695400	-0.299300	-0.556500	-0.972600	0.401400	0.953800
1627306369.525796	0.689100	-0.328600	-0.564000	-0.989300	0.368800	1.029300
1627306369.540880	0.683000	-0.365100	-0.579500	-0.947500	0.339100	1.076600
1627306369.553295	0.671000	-0.399500	-0.596200	-0.926400	0.321100	1.095300
1627306369.554189	0.654500	-0.414800	-0.603600	-0.932500	0.308000	1.100400
1627306369.577488	0.654800	-0.416500	-0.605200	-0.911800	0.302200	1.103200
1627306369.580955	0.662500	-0.416300	-0.609000	-0.865300	0.296700	1.105000
1627306369.600887	0.672000	-0.419300	-0.620100	-0.855000	0.289000	1.110800
1627306369.615091	0.671400	-0.419300	-0.627600	-0.883700	0.282000	1.123000
1627306369.615904	0.662700	-0.417800	-0.635500	-0.892500	0.286900	1.135000
1627306369.621112	0.658400	-0.422600	-0.650800	-0.887600	0.305500	1.144100
1627306369.633474	0.659700	-0.436000	-0.664400	-0.877900	0.344300	1.148700
1627306369.655800	0.666600	-0.454000	-0.673300	-0.897400	0.389800	1.150200
1627306369.662872	0.678700	-0.471700	-0.676300	-0.936500	0.439000	1.144100
1627306369.663774	0.685500	-0.484000	-0.674300	-0.983200	0.483900	1.130700
1627306369.674864	0.683000	-0.493800	-0.668000	-1.047400	0.531500	1.113000
1627306369.677717	0.686200	-0.502900	-0.661600	-1.114900	0.570900	1.100700
1627306369.702891	0.678800	-0.521100	-0.661500	-1.120100	0.604800	1.087000
1627306369.703783	0.676900	-0.549900	-0.666400	-1.110300	0.646100	1.058900
1627306369.710183	0.671900	-0.574800	-0.666300	-1.117600	0.687000	1.019500
1627306369.732633	0.676400	-0.587800	-0.662700	-1.126800	0.726700	0.969100
1627306369.733449	0.678300	-0.582500	-0.655400	-1.104500	0.762800	0.914100
1627306369.741007	0.669600	-0.566900	-0.641700	-1.085600	0.792100	0.873800
1627306369.751946	0.664300	-0.553300	-0.626700	-1.062300	0.813500	0.846300
1627306369.752835	0.667000	-0.546300	-0.610800	-1.017400	0.831500	0.825200
1627306369.777021	0.676500	-0.544300	-0.599900	-0.987800	0.846400	0.803300
1627306369.790303	0.679000	-0.544700	-0.588000	-0.953900	0.858400	0.780300
1627306369.791190	0.679800	-0.542600	-0.579700	-0.904700	0.866000	0.753200
1627306369.798821	0.683700	-0.533900	-0.569600	-0.860500	0.871500	0.730600
1627306369.818259	0.683700	-0.519000	-0.557500	-0.807900	0.875500	0.719300
1627306369.832899	0.691800	-0.515900	-0.543100	-0.741000	0.872100	0.716500
1627306369.833782	0.700700	-0.519300	-0.528000	-0.675100	0.859300	0.717100
1627306369.837653	0.694500	-0.522500	-0.509800	-0.637800	0.840000	0.713200
1627306369.860857	0.687300	-0.523800	-0.494900	-0.612100	0.819000	0.700300
1627306369.870383	0.696400	-0.523100	-0.476900	-0.574600	0.795700	0.679300
1627306369.877077	0.709000	-0.522300	-0.459400	-0.548900	0.764600	0.647200
1627306369.877997	0.725000	-0.513900	-0.445400	-0.556600	0.729800	0.618800
1627306369.898602	0.731300	-0.500700	-0.439600	-0.572700	0.692200	0.598000
1627306369.902210	0.723000	-0.486000	-0.435900	-0.573300	0.656800	0.581200
1627306369.917692	0.719500	-0.477500	-0.436600	-0.570900	0.626200	0.576900
1627306369.919431	0.719100	-0.474000	-0.442100	-0.559300	0.594800	0.575400
1627306369.937756	0.724400	-0.476800	-0.445700	-0.549200	0.563900	0.579700
1627306369.941045	0.720500	-0.483500	-0.447800	-0.519300	0.526700	0.584000
1627306369.950971	0.714400	-0.490200	-0.441800	-0.488400	0.497900	0.585500
1627306369.954585	0.718300	-0.498900	-0.436900	-0.461600	0.465900	0.578800
1627306369.979943	0.725200	-0.507400	-0.433500	-0.430400	0.429800	0.565600
1627306369.980764	0.732100	-0.518400	-0.431900	-0.402000	0.388300	0.544600
1627306369.992086	0.747400	-0.519300	-0.431500	-0.406000	0.346100	0.516800
1627306369.998112	0.752300	-0.504300	-0.435700	-0.437400	0.299100	0.492300
1627306370.020067	0.744000	-0.475500	-0.438700	-0.458500	0.251500	0.475500
1627306370.020979	0.739400	-0.463000	-0.451700	-0.450000	0.218800	0.476700
1627306370.039441	0.741600	-0.459100	-0.467300	-0.441700	0.190400	0.490500
1627306370.056238	0.738900	-0.462600	-0.484100	-0.430100	0.165000	0.505500
1627306370.057049	0.734000	-0.481200	-0.502400	-0.393800	0.150700	0.514300
1627306370.060912	0.725000	-0.505700	-0.517700	-0.338200	0.144600	0.508500
1627306370.067141	0.725800	-0.524900	-0.529900	-0.307300	0.147300	0.485600
1627306370.095296	0.736900	-0.527200	-0.530900	-0.318900	0.151600	0.455400
1627306370.096179	0.737800	-0.514200	-0.524400	-0.329900	0.156200	0.429100
1627306370.099742	0.727800	-0.499900	-0.521100	-0.341800	0.162000	0.410500
1627306370.106397	0.719800	-0.493500	-0.518900	-0.359500	0.169000	0.400100
1627306370.134278	0.713900	-0.497300	-0.514900	-0.362300	0.174800	0.390600
1627306370.135177	0.725800	-0.510400	-0.519000	-0.342100	0.180000	0.381100
1627306370.144025	0.720600	-0.528700	-0.522800	-0.327200	0.183000	0.358200
1627306370.164854	0.720500	-0.534900	-0.520300	-0.310100	0.183700	0.332600
1627306370.169126	0.723500	-0.532000	-0.510000	-0.295100	0.188200	0.303900
1627306370.181859	0.744100	-0.527800	-0.502300	-0.300900	0.186100	0.277900
1627306370.182774	0.746100	-0.517600	-0.488600	-0.313700	0.174800	0.262600
1627306370.205054	0.738500	-0.518100	-0.480800	-0.332700	0.167200	0.252300
1627306370.206113	0.739100	-0.526500	-0.478000	-0.324100	0.158600	0.235800
1627306370.210978	0.737100	-0.546900	-0.479600	-0.334200	0.156800	0.199700
1627306370.223252	0.738300	-0.553100	-0.481200	-0.348900	0.155600	0.162500
1627306370.224159	0.735000	-0.554600	-0.480600	-0.347600	0.158600	0.121500
1627306370.244771	0.733900	-0.549900	-0.479600	-0.307300	0.156800	0.081500
1627306370.252150	0.731000	-0.543600	-0.475100	-0.280100	0.152800	0.050700
1627306370.265885	0.731600	-0.538500	-0.467700	-0.225800	0.140000	0.032700
1627306370.266775	0.735500	-0.541300	-0.460300	-0.156100	0.123200	0.017100
1627306370.289980	0.752000	-0.548700	-0.450000	-0.091400	0.084400	0.000900
1627306370.293497	0.756300	-0.552600	-0.439900	-0.040700	0.042500	-0.011000
1627306370.303466	0.754500	-0.551300	-0.429900	0.014000	-0.002700	-0.024800
1627306370.309534	0.753100	-0.542400	-0.422400	0.057100	-0.056100	-0.033000
1627306370.330253	0.745700	-0.532300	-0.415200	0.101700	-0.111400	-0.035800
1627306370.331458	0.743800	-0.526400	-0.412200	0.150500	-0.165500	-0.035500
1627306370.339786	0.742800	-0.526900	-0.411100	0.179800	-0.222000	-0.040700
1627306370.350991	0.743300	-0.532700	-0.416300	0.189300	-0.285500	-0.050400
1627306370.372543	0.737500	-0.535800	-0.427100	0.182000	-0.338600	-0.068800
1627306370.373647	0.728300	-0.541100	-0.438000	0.159100	-0.388700	-0.092900
1627306370.395776	0.721600	-0.540600	-0.457300	0.131000	-0.434500	-0.119800
1627306370.402776	0.714100	-0.542000	-0.479100	0.112700	-0.470000	-0.149100
1627306370.403467	0.714100	-0.542000	-0.479100	0.112700	-0.470000	-0.149100
1627306370.404997	0.709500	-0.539300	-0.506800	0.094600	-0.492900	-0.183600
1627306370.428917	0.705200	-0.533400	-0.544100	0.090000	-0.502600	-0.226700
1627306370.429869	0.707500	-0.517600	-0.576000	0.077200	-0.498400	-0.266100
1627306370.438474	0.704700	-0.494400	-0.601400	0.067400	-0.484000	-0.282900
1627306370.440958	0.688800	-0.474400	-0.623300	0.097400	-0.460800	-0.285000
1627306370.465324	0.675700	-0.456900	-0.632600	0.136500	-0.430000	-0.272500
1627306370.474858	0.686800	-0.451500	-0.640900	0.181100	-0.388700	-0.249300
1627306370.483439	0.692700	-0.474600	-0.650600	0.298000	-0.352100	-0.241900
1627306370.485983	0.686200	-0.495800	-0.649300	0.386900	-0.306000	-0.250200
1627306370.508380	0.675300	-0.493500	-0.637300	0.391500	-0.256800	-0.260900
1627306370.509587	0.676000	-0.490600	-0.615800	0.467300	-0.217100	-0.273400
1627306370.525106	0.684800	-0.504800	-0.598600	0.571400	-0.188400	-0.284100
1627306370.533260	0.687400	-0.518800	-0.579600	0.598000	-0.169700	-0.294800
1627306370.549162	0.684900	-0.529800	-0.558600	0.587600	-0.160600	-0.311000
1627306370.550069	0.683300	-0.536700	-0.532200	0.613300	-0.159600	-0.335100
1627306370.561951	0.681800	-0.548000	-0.505900	0.642900	-0.169100	-0.375100
1627306370.579534	0.679900	-0.555200	-0.484000	0.641400	-0.184100	-0.408400
1627306370.587855	0.691700	-0.557900	-0.466300	0.643500	-0.208800	-0.444400
1627306370.588743	0.697900	-0.556900	-0.453100	0.647800	-0.245800	-0.475300
1627306370.598535	0.691200	-0.552200	-0.441700	0.648400	-0.291600	-0.497300
1627306370.600086	0.684300	-0.547000	-0.431500	0.643200	-0.345400	-0.509800
1627306370.629391	0.680900	-0.546900	-0.426500	0.652400	-0.409800	-0.516500
1627306370.630277	0.672400	-0.549900	-0.426900	0.674000	-0.489200	-0.525400
1627306370.641133	0.671000	-0.554300	-0.432900	0.680500	-0.557300	-0.539400
1627306370.643820	0.671100	-0.552100	-0.443000	0.672200	-0.625700	-0.556500
1627306370.668921	0.672700	-0.545200	-0.456300	0.673100	-0.689300	-0.570900
1627306370.669784	0.667800	-0.538500	-0.476800	0.687500	-0.741200	-0.587700
1627306370.683509	0.677600	-0.526700	-0.503900	0.680800	-0.780300	-0.607200
1627306370.687495	0.704100	-0.495500	-0.540200	0.624900	-0.804700	-0.622500
1627306370.710364	0.717300	-0.444500	-0.582300	0.550600	-0.809900	-0.616100
1627306370.711247	0.703000	-0.396900	-0.622200	0.522800	-0.793400	-0.580000
1627306370.735710	0.661000	-0.377400	-0.655500	0.563200	-0.745200	-0.519900
1627306370.739689	0.645300	-0.399200	-0.686000	0.658200	-0.674000	-0.451800
1627306370.747832	0.636800	-0.456800	-0.702100	0.786700	-0.597900	-0.405600
1627306370.748718	0.633900	-0.532500	-0.699500	0.917200	-0.523100	-0.402900
1627306370.758492	0.639600	-0.593900	-0.663900	1.013400	-0.456800	-0.456000
1627306370.760073	0.640400	-0.596700	-0.602200	1.022200	-0.417400	-0.524500
1627306370.783753	0.679900	-0.579500	-0.540200	1.007900	-0.412500	-0.578200
1627306370.793591	0.681800	-0.578900	-0.492800	1.037500	-0.449200	-0.611200
1627306370.805057	0.676900	-0.601600	-0.465200	0.994400	-0.507200	-0.634100
1627306370.834294	0.667500	-0.625000	-0.452400	0.886000	-0.565600	-0.668900
1627306370.835166	0.664300	-0.631200	-0.447800	0.797400	-0.621500	-0.719600
1627306370.837417	0.668700	-0.617900	-0.464600	0.697600	-0.682200	-0.785000
1627306370.838551	0.644900	-0.586500	-0.479500	0.626700	-0.726800	-0.825900
1627306370.846932	0.616700	-0.556500	-0.500700	0.597400	-0.751900	-0.839400
1627306370.869774	0.604000	-0.544100	-0.523300	0.617500	-0.763200	-0.835400
1627306370.872248	0.596400	-0.543000	-0.548000	0.643800	-0.765000	-0.825300
1627306370.879653	0.596100	-0.546900	-0.571300	0.668500	-0.762000	-0.818000
1627306370.890855	0.591900	-0.546100	-0.587400	0.706700	-0.747900	-0.816100
1627306370.910781	0.601700	-0.533100	-0.599200	0.772400	-0.721300	-0.819200
1627306370.921773	0.612200	-0.513700	-0.614900	0.831600	-0.694500	-0.824700
1627306370.922669	0.659200	-0.468100	-0.640100	0.837400	-0.664200	-0.814000
1627306370.931606	0.662400	-0.399500	-0.663100	0.823400	-0.620900	-0.772200
1627306370.937691	0.630700	-0.338400	-0.684400	0.908000	-0.549100	-0.702800
1627306370.949759	0.591600	-0.309700	-0.697600	1.051900	-0.442500	-0.610300
1627306370.957485	0.569000	-0.324300	-0.689700	1.171600	-0.313900	-0.496400
1627306370.980991	0.584000	-0.384800	-0.652200	1.273900	-0.185900	-0.387600
1627306370.982105	0.616000	-0.464800	-0.603900	1.311200	-0.122100	-0.333300
1627306370.997177	0.657100	-0.543000	-0.547200	1.236900	-0.107100	-0.316500
1627306371.001902	0.665600	-0.599000	-0.504900	1.077800	-0.149600	-0.331700
1627306371.018778	0.705900	-0.630700	-0.501700	0.966000	-0.221000	-0.343300
1627306371.020046	0.660200	-0.647000	-0.478900	0.907400	-0.301700	-0.376300
1627306371.027342	0.612100	-0.669300	-0.471600	0.957800	-0.388100	-0.422100
1627306371.041132	0.604000	-0.697800	-0.472800	0.994700	-0.466000	-0.466400
1627306371.062708	0.590500	-0.702400	-0.479500	1.009100	-0.539900	-0.530900
1627306371.072712	0.620500	-0.677200	-0.475700	1.019800	-0.626000	-0.568700
1627306371.087682	0.662800	-0.664400	-0.459200	1.144400	-0.724700	-0.585200
1627306371.088493	0.663100	-0.651500	-0.445400	1.288000	-0.846900	-0.593500
1627306371.089524	0.676500	-0.602200	-0.432500	1.173700	-0.968700	-0.565400
1627306371.105018	0.667500	-0.535400	-0.440600	1.069300	-1.094000	-0.506100
1627306371.108173	0.627800	-0.524300	-0.476100	1.148400	-1.189600	-0.427900
1627306371.129730	0.579100	-0.570100	-0.513400	1.180100	-1.243900	-0.359500
1627306371.131222	0.555400	-0.644200	-0.555500	1.160600	-1.269300	-0.323500
1627306371.146807	0.556200	-0.721600	-0.582000	1.197500	-1.278400	-0.341800
1627306371.153330	0.554200	-0.787800	-0.591100	1.251600	-1.288200	-0.409300
1627306371.173872	0.527000	-0.818000	-0.575800	1.231500	-1.301000	-0.507700
1627306371.174680	0.588900	-0.806200	-0.555500	1.144100	-1.326700	-0.634100
1627306371.177199	0.600100	-0.776400	-0.573700	1.062200	-1.378300	-0.741600
1627306371.190840	0.583500	-0.726800	-0.608800	0.911100	-1.407600	-0.820100
1627306371.210393	0.590900	-0.677200	-0.664600	0.808700	-1.408900	-0.877200
1627306371.211286	0.590500	-0.624100	-0.773900	0.709200	-1.381100	-0.903800
1627306371.221128	0.559000	-0.571400	-0.827500	0.602900	-1.297700	-0.897700
1627306371.228946	0.524200	-0.558100	-0.854000	0.720200	-1.186500	-0.887000
1627306371.246560	0.524500	-0.598100	-0.878500	0.882600	-1.038400	-0.875100
1627306371.247448	0.516500	-0.632600	-0.867700	0.892100	-0.915900	-0.884000
1627306371.257342	0.521400	-0.637800	-0.844500	0.934600	-0.801700	-0.926700
1627306371.259012	0.549000	-0.620500	-0.814900	0.959300	-0.701500	-0.971600
1627306371.285452	0.549600	-0.594600	-0.765100	0.953800	-0.624500	-1.008000
1627306371.296450	0.552000	-0.566500	-0.723300	0.947100	-0.566800	-1.032400
1627306371.297457	0.573400	-0.545000	-0.690800	0.887500	-0.530400	-1.042200
1627306371.302620	0.585900	-0.526000	-0.662700	0.791000	-0.515200	-1.039400
1627306371.323253	0.593400	-0.510700	-0.646400	0.723200	-0.520400	-1.026300
1627306371.338490	0.600300	-0.493800	-0.635500	0.664300	-0.537500	-1.004000
1627306371.344562	0.601800	-0.484100	-0.633200	0.616900	-0.559200	-0.971600
1627306371.345635	0.609400	-0.478000	-0.636100	0.630700	-0.579000	-0.939800
1627306371.367255	0.618300	-0.476400	-0.642000	0.633400	-0.594600	-0.909000
1627306371.368277	0.625900	-0.468100	-0.651100	0.624600	-0.601300	-0.873900
1627306371.383603	0.628200	-0.457800	-0.657600	0.633700	-0.593700	-0.834800
1627306371.385705	0.633100	-0.456400	-0.662800	0.658500	-0.581500	-0.794800
1627306371.407530	0.632000	-0.463100	-0.664200	0.685600	-0.567700	-0.752000
1627306371.408370	0.636700	-0.481600	-0.667400	0.708900	-0.554600	-0.712300
1627306371.412592	0.638800	-0.500700	-0.667700	0.718600	-0.539600	-0.683000
1627306371.437001	0.635500	-0.519900	-0.665900	0.707000	-0.527100	-0.661300
1627306371.437885	0.640900	-0.535900	-0.664300	0.690200	-0.513300	-0.645100
1627306371.448529	0.645800	-0.552900	-0.669100	0.678600	-0.497800	-0.643300
1627306371.456288	0.656200	-0.566900	-0.671300	0.658200	-0.478200	-0.654000
1627306371.479047	0.661600	-0.571700	-0.674900	0.596500	-0.456500	-0.671100
1627306371.479904	0.668500	-0.559600	-0.682500	0.514900	-0.437300	-0.686600
1627306371.488588	0.662400	-0.541100	-0.689600	0.466000	-0.422300	-0.690600
1627306371.500903	0.655000	-0.527600	-0.702400	0.461800	-0.406700	-0.683900
1627306371.521326	0.649500	-0.523800	-0.721100	0.471500	-0.379300	-0.668900
1627306371.522345	0.646200	-0.526700	-0.735000	0.477600	-0.352100	-0.654900
1627306371.526164	0.635000	-0.528900	-0.746500	0.467000	-0.321800	-0.639000
1627306371.537052	0.643200	-0.535800	-0.748700	0.483800	-0.287900	-0.631100
1627306371.537981	0.639800	-0.542600	-0.747700	0.502700	-0.245200	-0.633800
1627306371.561407	0.633900	-0.537800	-0.740100	0.457200	-0.198400	-0.646000
1627306371.572225	0.614400	-0.521900	-0.722500	0.422400	-0.154200	-0.660400
1627306371.581519	0.592800	-0.510100	-0.708400	0.416600	-0.099500	-0.667700
1627306371.605646	0.585600	-0.504300	-0.700100	0.370400	-0.063700	-0.668600
1627306371.606530	0.582600	-0.504000	-0.697600	0.336200	-0.027700	-0.669500
1627306371.607344	0.590300	-0.500900	-0.693800	0.311200	0.007100	-0.677800
1627306371.621117	0.598000	-0.486600	-0.691800	0.261100	0.039200	-0.687600
1627306371.625767	0.598600	-0.458600	-0.682900	0.215900	0.069700	-0.684800
1627306371.638910	0.603800	-0.424200	-0.670700	0.198800	0.103600	-0.667400
1627306371.646160	0.601600	-0.384200	-0.654500	0.167300	0.141500	-0.629200
1627306371.660334	0.611200	-0.355200	-0.634400	0.141400	0.162900	-0.584000
1627306371.680414	0.611200	-0.333600	-0.615200	0.140800	0.167800	-0.521700
1627306371.681294	0.612100	-0.328200	-0.598500	0.151700	0.169600	-0.460000
1627306371.684817	0.622700	-0.326900	-0.586300	0.133400	0.167800	-0.402900
1627306371.700967	0.618500	-0.327800	-0.574300	0.105000	0.157400	-0.343300
1627306371.717526	0.626100	-0.335600	-0.562000	0.105300	0.141200	-0.285900
1627306371.718522	0.623800	-0.340300	-0.554200	0.096200	0.120700	-0.238300
1627306371.726058	0.620200	-0.339600	-0.551600	0.066500	0.104200	-0.200100
1627306371.737016	0.597400	-0.332600	-0.540400	0.034200	0.096300	-0.165900
1627306371.756657	0.576000	-0.326000	-0.534700	-0.002800	0.107600	-0.140200
1627306371.757540	0.600200	-0.328600	-0.535000	-0.060800	0.114300	-0.105400
1627306371.765342	0.612500	-0.338700	-0.535400	-0.079200	0.115500	-0.078200
1627306371.787573	0.610200	-0.336900	-0.538600	-0.126200	0.115200	-0.051000
1627306371.788388	0.612100	-0.316800	-0.540300	-0.189400	0.106100	-0.011600
1627306371.798406	0.611200	-0.295000	-0.549100	-0.160700	0.100000	0.030200
1627306371.807083	0.611500	-0.281500	-0.558200	-0.106300	0.094500	0.080300
1627306371.826481	0.612500	-0.268100	-0.567400	-0.107300	0.090500	0.138900
1627306371.827287	0.609300	-0.265500	-0.575600	-0.091100	0.091100	0.198800
1627306371.836006	0.615700	-0.272100	-0.578200	-0.046200	0.088400	0.258700
1627306371.849492	0.631300	-0.287100	-0.575600	-0.039800	0.075800	0.336600
1627306371.872305	0.632800	-0.293500	-0.568600	-0.059300	0.061200	0.393700
1627306371.873315	0.637200	-0.301800	-0.566900	-0.063300	0.043500	0.446500
1627306371.885398	0.642300	-0.312500	-0.566400	-0.074300	0.024800	0.495400
1627306371.886284	0.641600	-0.320200	-0.566700	-0.113400	0.001000	0.546700
1627306371.890174	0.636500	-0.330700	-0.573400	-0.136600	-0.017000	0.598300
1627306371.912129	0.632600	-0.349100	-0.580700	-0.132000	-0.029800	0.646000
1627306371.925447	0.630900	-0.376500	-0.585800	-0.140900	-0.043600	0.693600
1627306371.928227	0.635600	-0.398400	-0.591400	-0.149400	-0.051800	0.725100
1627306371.929154	0.637500	-0.419900	-0.596800	-0.151900	-0.056100	0.748300
1627306371.955048	0.638400	-0.435900	-0.603900	-0.155200	-0.054600	0.765400
1627306371.955868	0.639800	-0.450300	-0.609100	-0.179600	-0.049700	0.784600
1627306371.965094	0.637700	-0.463400	-0.615000	-0.203800	-0.042100	0.805400
1627306371.984161	0.623500	-0.489300	-0.627700	-0.205300	-0.034100	0.824000
1627306371.985048	0.622600	-0.525400	-0.642800	-0.213200	-0.015800	0.830400
1627306371.996127	0.624100	-0.552900	-0.652800	-0.271600	0.001000	0.824900
1627306372.003710	0.619600	-0.566200	-0.659400	-0.333900	0.020600	0.808800
1627306372.022332	0.614700	-0.570100	-0.673500	-0.381500	0.046500	0.791700
1627306372.035364	0.611700	-0.565700	-0.686500	-0.418200	0.078900	0.777600
1627306372.036244	0.608500	-0.561400	-0.697300	-0.446900	0.117100	0.767200
1627306372.041589	0.602400	-0.559800	-0.707500	-0.456700	0.169900	0.759900
1627306372.063352	0.602100	-0.562900	-0.708000	-0.446000	0.224000	0.757400
1627306372.078994	0.595700	-0.566500	-0.699100	-0.424900	0.270700	0.755900
1627306372.080887	0.589800	-0.572100	-0.687400	-0.401700	0.311300	0.752200
1627306372.103192	0.589200	-0.582600	-0.670500	-0.388000	0.345200	0.748300
1627306372.104072	0.589400	-0.590700	-0.655400	-0.371500	0.371200	0.741900
1627306372.118896	0.585100	-0.601900	-0.638300	-0.360500	0.387400	0.735800
1627306372.120052	0.579000	-0.617200	-0.618500	-0.363200	0.400800	0.727800
1627306372.123615	0.581300	-0.635500	-0.607200	-0.347600	0.415200	0.712800
1627306372.138223	0.591400	-0.655500	-0.597300	-0.347600	0.426800	0.691800
1627306372.139106	0.597200	-0.669700	-0.586900	-0.369300	0.434100	0.665500
1627306372.165195	0.604200	-0.673300	-0.574000	-0.394400	0.434400	0.635300
1627306372.166035	0.604100	-0.661700	-0.563600	-0.428000	0.428000	0.606600
1627306372.176101	0.605000	-0.641500	-0.553800	-0.470700	0.417600	0.585800
1627306372.181093	0.598800	-0.620600	-0.553300	-0.502800	0.404200	0.570500
1627306372.205044	0.601100	-0.607300	-0.559400	-0.522600	0.390400	0.564400
1627306372.205847	0.605000	-0.591400	-0.572900	-0.566600	0.373600	0.568400
1627306372.218617	0.603100	-0.577400	-0.587800	-0.581900	0.356800	0.580300
1627306372.224506	0.597300	-0.569900	-0.604700	-0.567200	0.340300	0.597400
1627306372.236493	0.595200	-0.565200	-0.622100	-0.552000	0.326000	0.622100
1627306372.243560	0.590600	-0.569700	-0.640700	-0.538200	0.318400	0.651200
1627306372.253458	0.576300	-0.582000	-0.655000	-0.511700	0.320500	0.672500
1627306372.256002	0.569100	-0.601900	-0.662400	-0.474100	0.326000	0.682900
1627306372.283814	0.560800	-0.623900	-0.665900	-0.440800	0.333600	0.681700
1627306372.284645	0.557300	-0.636500	-0.665400	-0.420900	0.342800	0.666100
1627306372.294830	0.561900	-0.635000	-0.666000	-0.419400	0.351000	0.648400
1627306372.299525	0.561600	-0.620100	-0.665400	-0.433200	0.356500	0.638300
1627306372.323198	0.552500	-0.601700	-0.671300	-0.428900	0.368100	0.640800
1627306372.324085	0.552500	-0.597500	-0.685200	-0.395000	0.395300	0.642600
1627306372.336042	0.552100	-0.602700	-0.693000	-0.404400	0.428000	0.644700
1627306372.342664	0.550400	-0.605600	-0.697400	-0.443800	0.465600	0.647800
1627306372.366235	0.544300	-0.606200	-0.690600	-0.468600	0.501900	0.649600
1627306372.366915	0.544800	-0.608200	-0.683500	-0.488400	0.531200	0.653300
1627306372.374797	0.541500	-0.613600	-0.676000	-0.511700	0.551700	0.662100
1627306372.387117	0.532800	-0.623900	-0.671100	-0.533900	0.568200	0.665500
1627306372.388049	0.532200	-0.634400	-0.664800	-0.543100	0.581900	0.657600
1627306372.413819	0.525600	-0.638100	-0.663800	-0.570600	0.595700	0.643200
1627306372.414699	0.524400	-0.629000	-0.668200	-0.629500	0.610000	0.630400
1627306372.423790	0.523100	-0.613400	-0.676400	-0.648800	0.630500	0.621500
1627306372.444688	0.521900	-0.595900	-0.679400	-0.662800	0.654300	0.621500
1627306372.445945	0.515600	-0.581900	-0.676900	-0.687300	0.680900	0.635900
1627306372.461201	0.512800	-0.578600	-0.674600	-0.692200	0.715100	0.653900
1627306372.464607	0.514800	-0.582200	-0.671600	-0.713500	0.738600	0.674100
1627306372.465562	0.511800	-0.583700	-0.665200	-0.728200	0.755700	0.698800
1627306372.489537	0.514200	-0.599200	-0.656100	-0.685400	0.768600	0.714700
1627306372.504054	0.515600	-0.617800	-0.648200	-0.651200	0.776800	0.718700
1627306372.504936	0.524400	-0.624600	-0.637600	-0.685700	0.779900	0.723200
1627306372.510244	0.523200	-0.623500	-0.621900	-0.691900	0.777400	0.724500
1627306372.532268	0.524700	-0.629000	-0.615100	-0.661900	0.775900	0.718300
1627306372.544236	0.522600	-0.633500	-0.611200	-0.683900	0.770100	0.717400
1627306372.545137	0.525300	-0.632800	-0.611900	-0.715400	0.765200	0.717400
1627306372.548904	0.529200	-0.630000	-0.612100	-0.718400	0.759700	0.718300
1627306372.572076	0.530600	-0.626500	-0.613000	-0.727000	0.755100	0.723200
1627306372.584241	0.533700	-0.624800	-0.615600	-0.745600	0.752700	0.731500
1627306372.585127	0.533100	-0.626100	-0.619900	-0.747400	0.756300	0.737600
1627306372.592744	0.530600	-0.628700	-0.628300	-0.750800	0.767000	0.737600
1627306372.610918	0.533400	-0.630700	-0.633400	-0.766700	0.782300	0.740000
1627306372.613548	0.534200	-0.626800	-0.631700	-0.771900	0.801500	0.741300
1627306372.627094	0.534900	-0.626500	-0.625700	-0.760600	0.815600	0.746400
1627306372.627990	0.535000	-0.628200	-0.614300	-0.755100	0.825100	0.755300
1627306372.651286	0.537700	-0.638200	-0.603500	-0.741000	0.823800	0.762300
1627306372.653563	0.541600	-0.645500	-0.597300	-0.738000	0.809800	0.769400
1627306372.658741	0.545200	-0.649200	-0.595800	-0.762700	0.790200	0.774900
1627306372.679582	0.542700	-0.647900	-0.598100	-0.777700	0.771900	0.780300
1627306372.695039	0.539700	-0.654500	-0.601700	-0.761500	0.757600	0.783700
1627306372.698144	0.545200	-0.665900	-0.605300	-0.755700	0.742900	0.782500
1627306372.699005	0.550400	-0.674100	-0.609000	-0.775500	0.729800	0.776100
1627306372.722762	0.551300	-0.676400	-0.612400	-0.793900	0.715400	0.769700
1627306372.723567	0.552400	-0.675700	-0.621600	-0.781300	0.703200	0.758400
1627306372.733478	0.550500	-0.671300	-0.627100	-0.790500	0.699500	0.751300
1627306372.741091	0.552500	-0.666000	-0.634300	-0.792300	0.697700	0.752900
1627306372.762537	0.543700	-0.668600	-0.642000	-0.804900	0.704700	0.757100
1627306372.763644	0.540200	-0.691200	-0.645000	-0.766100	0.714200	0.744600
1627306372.775146	0.538200	-0.722500	-0.649700	-0.739500	0.725800	0.718000
1627306372.792266	0.538100	-0.725700	-0.653300	-0.817700	0.739200	0.688700
1627306372.804142	0.541000	-0.710600	-0.651700	-0.881500	0.763100	0.652700
1627306372.805023	0.543000	-0.724700	-0.667600	-0.759700	0.791200	0.603200
1627306372.808993	0.540300	-0.735800	-0.677600	-0.773100	0.833600	0.550100
1627306372.832372	0.552000	-0.716700	-0.675700	-0.857400	0.880300	0.498100
1627306372.845608	0.557700	-0.682300	-0.662100	-0.873600	0.923100	0.463600
1627306372.846494	0.570800	-0.666300	-0.648100	-0.807600	0.954600	0.440100
1627306372.852747	0.570900	-0.664900	-0.632200	-0.771900	0.984800	0.419900
1627306372.877044	0.577900	-0.654400	-0.610700	-0.862600	1.016600	0.402500
1627306372.881630	0.572300	-0.637000	-0.586900	-0.883400	1.033700	0.392500
1627306372.882510	0.571400	-0.635000	-0.557300	-0.841800	1.042200	0.381100
1627306372.898334	0.566400	-0.649000	-0.530600	-0.816800	1.037600	0.364000
1627306372.913266	0.557300	-0.658700	-0.509400	-0.854700	1.025700	0.339900
1627306372.914165	0.560100	-0.655000	-0.486600	-0.902900	1.007400	0.306600
1627306372.923603	0.561600	-0.650300	-0.474000	-0.917000	0.973200	0.275800
1627306372.926337	0.571800	-0.647800	-0.468000	-0.929800	0.924600	0.244300
1627306372.952018	0.606700	-0.633200	-0.473000	-0.983900	0.869400	0.231200
1627306372.952906	0.610600	-0.604700	-0.475200	-1.018100	0.813200	0.226900
1627306372.985373	0.620100	-0.572900	-0.483900	-0.992700	0.763700	0.236100
1627306372.986260	0.624400	-0.554700	-0.496000	-0.921800	0.726400	0.254400
1627306372.988577	0.617100	-0.545800	-0.506600	-0.854700	0.703800	0.275800
1627306372.992226	0.616600	-0.540500	-0.511000	-0.790500	0.686100	0.301700
1627306372.996853	0.607500	-0.545400	-0.519200	-0.698000	0.670500	0.322800
1627306373.020113	0.605100	-0.555300	-0.522900	-0.620100	0.656500	0.340800
1627306373.022410	0.605500	-0.568000	-0.519900	-0.543100	0.643600	0.352100
1627306373.031017	0.606600	-0.583000	-0.508400	-0.480500	0.628700	0.356100
1627306373.036965	0.610200	-0.591800	-0.494600	-0.449600	0.606400	0.353000
1627306373.058803	0.612400	-0.590100	-0.485800	-0.461000	0.579200	0.349700
1627306373.062358	0.617800	-0.575200	-0.482900	-0.485100	0.548000	0.350600
1627306373.080954	0.627700	-0.569600	-0.486800	-0.476200	0.524500	0.357000
1627306373.081845	0.635600	-0.575400	-0.495100	-0.453600	0.508900	0.357600
1627306373.102108	0.635000	-0.589100	-0.502000	-0.459400	0.500700	0.351200
1627306373.103345	0.633500	-0.593000	-0.504000	-0.468900	0.498300	0.333200
1627306373.112126	0.634200	-0.598000	-0.500600	-0.473200	0.500100	0.309400
1627306373.133270	0.640600	-0.597200	-0.496900	-0.477100	0.501900	0.279700
1627306373.134159	0.644900	-0.592500	-0.492200	-0.488400	0.500700	0.242200
1627306373.144947	0.649300	-0.579100	-0.489300	-0.509200	0.498900	0.214700
1627306373.147491	0.653800	-0.563000	-0.491900	-0.529400	0.496400	0.192400
1627306373.171712	0.652800	-0.542200	-0.497300	-0.555600	0.495800	0.177100
1627306373.172599	0.655800	-0.522500	-0.501800	-0.581900	0.501600	0.173800
1627306373.186029	0.652600	-0.508100	-0.505000	-0.564200	0.509900	0.175300
1627306373.191479	0.651000	-0.499600	-0.497700	-0.542500	0.519000	0.178300
1627306373.214400	0.654500	-0.492100	-0.494900	-0.544000	0.520600	0.190300
1627306373.221573	0.661100	-0.488200	-0.493000	-0.509500	0.519000	0.201200
1627306373.222483	0.666500	-0.491300	-0.484000	-0.475300	0.511100	0.212900
1627306373.232239	0.673000	-0.488200	-0.470100	-0.478100	0.497000	0.226600
1627306373.233867	0.676000	-0.486000	-0.456100	-0.483900	0.475700	0.240300
1627306373.262723	0.674700	-0.487100	-0.445100	-0.447200	0.446600	0.254700
1627306373.263634	0.681600	-0.495200	-0.435200	-0.418200	0.413000	0.266900
1627306373.273484	0.685200	-0.496100	-0.427900	-0.409000	0.369700	0.282200
1627306373.276985	0.684300	-0.499900	-0.424900	-0.372100	0.332400	0.295300
1627306373.304494	0.687100	-0.510300	-0.425900	-0.313100	0.293600	0.308200
1627306373.305397	0.694300	-0.520000	-0.423100	-0.263600	0.255100	0.313300
1627306373.318825	0.694600	-0.523400	-0.415000	-0.241300	0.215100	0.315500
1627306373.337346	0.693500	-0.522600	-0.406700	-0.226100	0.176000	0.320400
1627306373.338884	0.696900	-0.531900	-0.404500	-0.171700	0.127200	0.322800
1627306373.353288	0.697600	-0.549100	-0.405300	-0.123800	0.076100	0.322500
1627306373.354162	0.700300	-0.567300	-0.410600	-0.119800	0.031900	0.316700
1627306373.378442	0.696800	-0.582900	-0.419200	-0.113700	-0.008200	0.303000
1627306373.379576	0.694000	-0.592700	-0.430300	-0.105700	-0.041100	0.280400
1627306373.395472	0.684900	-0.600500	-0.440400	-0.108200	-0.067100	0.252600
1627306373.396358	0.681600	-0.600600	-0.450100	-0.112800	-0.082400	0.222900
1627306373.397471	0.682300	-0.594700	-0.461400	-0.103600	-0.093400	0.192400
1627306373.423196	0.681400	-0.597700	-0.468000	-0.063900	-0.096100	0.166100
1627306373.424043	0.679100	-0.601400	-0.474100	-0.009500	-0.095200	0.133700
1627306373.441192	0.681900	-0.605300	-0.477400	0.022200	-0.090300	0.093100
1627306373.454174	0.684000	-0.599700	-0.478800	0.037200	-0.087300	0.055600
1627306373.455067	0.676000	-0.586500	-0.474100	0.058900	-0.087900	0.021700
1627306373.461671	0.671000	-0.575900	-0.472400	0.108700	-0.091200	-0.007700
1627306373.483380	0.679600	-0.570600	-0.471300	0.156600	-0.099800	-0.039400
1627306373.485038	0.678300	-0.562600	-0.470200	0.150500	-0.112900	-0.055000
1627306373.500126	0.686900	-0.552900	-0.462300	0.177100	-0.131500	-0.064500
1627306373.503547	0.698900	-0.558200	-0.460200	0.250400	-0.152300	-0.073600
1627306373.527834	0.703700	-0.564700	-0.458000	0.297700	-0.178000	-0.080700
1627306373.528648	0.686500	-0.558100	-0.447000	0.301700	-0.210000	-0.082500
1627306373.532193	0.694000	-0.548100	-0.431800	0.340200	-0.247000	-0.078800
1627306373.544772	0.686400	-0.549300	-0.416600	0.421400	-0.301700	-0.065700
1627306373.566272	0.680100	-0.562400	-0.411100	0.442500	-0.355700	-0.048900
1627306373.568555	0.671300	-0.578200	-0.405500	0.445900	-0.414400	-0.036400
1627306373.572296	0.664300	-0.602300	-0.408400	0.463900	-0.473300	-0.033900
1627306373.585793	0.658100	-0.620700	-0.418500	0.472100	-0.529800	-0.039100
1627306373.607737	0.650300	-0.633500	-0.425800	0.448600	-0.582700	-0.049500
1627306373.608536	0.643600	-0.641700	-0.433200	0.453800	-0.636700	-0.067800
1627306373.611149	0.636600	-0.660000	-0.449100	0.482200	-0.687100	-0.094400
1627306373.623338	0.628800	-0.678100	-0.466800	0.476700	-0.723200	-0.124000
1627306373.646291	0.621700	-0.692400	-0.492400	0.461800	-0.747600	-0.160700
1627306373.647184	0.611000	-0.702500	-0.517500	0.461500	-0.758000	-0.202800
1627306373.650949	0.603100	-0.705200	-0.547600	0.471200	-0.751900	-0.248300
1627306373.665686	0.595500	-0.703400	-0.577400	0.487700	-0.727400	-0.297500
1627306373.667196	0.612500	-0.690700	-0.598300	0.507300	-0.691700	-0.348800
1627306373.687186	0.617400	-0.674800	-0.608900	0.532000	-0.651100	-0.389800
1627306373.693669	0.611500	-0.654500	-0.607700	0.557700	-0.609900	-0.417300
1627306373.705754	0.604700	-0.637900	-0.599200	0.587000	-0.568000	-0.439900
1627306373.706649	0.598500	-0.627300	-0.584700	0.608400	-0.533800	-0.457900
1627306373.729129	0.597700	-0.619400	-0.572900	0.614200	-0.507500	-0.468000
1627306373.731136	0.587400	-0.619900	-0.560500	0.620900	-0.496500	-0.473100
1627306373.741029	0.589100	-0.620700	-0.543100	0.611100	-0.498700	-0.468300
1627306373.748505	0.585200	-0.631000	-0.535400	0.609300	-0.514300	-0.466400
1627306373.771340	0.580800	-0.648900	-0.534100	0.627300	-0.538400	-0.476200
1627306373.773610	0.597700	-0.667800	-0.536700	0.642600	-0.562200	-0.505800
1627306373.792050	0.567500	-0.667500	-0.536600	0.621200	-0.586000	-0.548600
1627306373.803772	0.585800	-0.643800	-0.540200	0.580000	-0.603700	-0.597500
1627306373.806107	0.592300	-0.601200	-0.540400	0.551300	-0.627000	-0.627700
1627306373.809881	0.601600	-0.549100	-0.549000	0.571400	-0.658700	-0.625600
1627306373.822201	0.613800	-0.528700	-0.553000	0.617200	-0.679500	-0.602600
1627306373.846378	0.618200	-0.527300	-0.556400	0.658800	-0.696900	-0.574200
1627306373.847296	0.619400	-0.541900	-0.556500	0.677700	-0.708200	-0.551600
1627306373.850969	0.622400	-0.561200	-0.546500	0.662700	-0.715500	-0.537000
1627306373.865880	0.620000	-0.582200	-0.542600	0.645900	-0.724100	-0.537900
1627306373.866766	0.609600	-0.605200	-0.537000	0.632800	-0.733300	-0.556200
1627306373.889581	0.595800	-0.620200	-0.535800	0.598600	-0.740600	-0.588600
1627306373.900472	0.588100	-0.612800	-0.538500	0.568700	-0.746400	-0.621000
1627306373.901419	0.585900	-0.598900	-0.543900	0.569000	-0.751900	-0.647200
1627306373.910248	0.583400	-0.581900	-0.549700	0.590000	-0.753700	-0.660100
1627306373.935267	0.575100	-0.565900	-0.555800	0.608100	-0.755200	-0.659800
1627306373.936221	0.586400	-0.549700	-0.560400	0.628200	-0.754300	-0.641400
1627306373.939722	0.585200	-0.540200	-0.560100	0.651100	-0.755500	-0.609700
1627306373.953352	0.578700	-0.545000	-0.557700	0.704900	-0.762600	-0.570300
1627306373.954237	0.572800	-0.559400	-0.556900	0.762300	-0.773900	-0.538800
1627306373.977006	0.569600	-0.578500	-0.550700	0.816100	-0.788800	-0.512200
1627306373.992512	0.566800	-0.599900	-0.542700	0.860000	-0.810800	-0.493300
1627306373.995770	0.566500	-0.620000	-0.533000	0.884200	-0.841700	-0.480500
1627306373.996688	0.565300	-0.634000	-0.525300	0.892100	-0.879600	-0.474400
1627306374.020020	0.558200	-0.653600	-0.521100	0.903700	-0.924800	-0.477100
1627306374.021198	0.556500	-0.673600	-0.527500	0.905900	-0.966000	-0.489900
1627306374.029746	0.553500	-0.691500	-0.526700	0.920200	-0.999000	-0.514400
1627306374.037087	0.542200	-0.698500	-0.536600	0.883000	-1.028300	-0.541600
1627306374.059600	0.545000	-0.690400	-0.548600	0.823700	-1.052400	-0.559900
1627306374.061010	0.537600	-0.690300	-0.568600	0.832900	-1.072600	-0.569400
1627306374.076454	0.521900	-0.709600	-0.587900	0.871700	-1.082400	-0.581600
1627306374.082057	0.508800	-0.740600	-0.606400	0.854900	-1.083000	-0.611500
1627306374.103037	0.498700	-0.752300	-0.615400	0.813000	-1.079900	-0.650600
1627306374.103925	0.483500	-0.748500	-0.620400	0.801400	-1.074100	-0.694300
1627306374.115199	0.472200	-0.734400	-0.630500	0.796500	-1.064000	-0.735800
1627306374.129911	0.465800	-0.714200	-0.641100	0.791300	-1.048200	-0.775200
1627306374.132404	0.460600	-0.688600	-0.647200	0.797700	-1.023700	-0.807300
1627306374.147266	0.456800	-0.663000	-0.649700	0.823400	-0.995600	-0.827400
1627306374.151102	0.456800	-0.663000	-0.649700	0.823400	-0.995600	-0.827400
1627306374.170886	0.453000	-0.640900	-0.642300	0.889700	-0.962300	-0.840000
1627306374.173460	0.457400	-0.626800	-0.631600	0.918100	-0.944300	-0.836900
1627306374.188245	0.461400	-0.616500	-0.617700	0.928500	-0.937300	-0.822000
1627306374.192042	0.467700	-0.616900	-0.605100	0.959600	-0.942800	-0.801200
1627306374.212752	0.467800	-0.628700	-0.592200	0.981300	-0.961700	-0.774600
1627306374.214937	0.465300	-0.648100	-0.585000	0.984700	-0.989200	-0.754400
1627306374.218666	0.467900	-0.670200	-0.580800	0.971800	-1.025500	-0.745900
1627306374.230878	0.464800	-0.687900	-0.587600	0.930600	-1.066800	-0.749900
1627306374.232000	0.463500	-0.686000	-0.601200	0.892700	-1.094900	-0.762400
1627306374.257621	0.461100	-0.672500	-0.614900	0.870100	-1.116000	-0.776100
1627306374.259773	0.456700	-0.658000	-0.636200	0.850000	-1.127000	-0.780100
1627306374.268391	0.457400	-0.649500	-0.659800	0.853600	-1.131200	-0.776100
1627306374.275850	0.459600	-0.647900	-0.677500	0.867100	-1.128200	-0.766100
1627306374.298943	0.461100	-0.657000	-0.694300	0.871700	-1.118700	-0.756000
1627306374.299762	0.461400	-0.666600	-0.707900	0.855200	-1.099200	-0.751100
1627306374.312618	0.455800	-0.677000	-0.710800	0.843200	-1.080200	-0.754400
1627306374.316926	0.448900	-0.688500	-0.717200	0.857300	-1.055800	-0.767300
1627306374.337921	0.445300	-0.697600	-0.720000	0.857300	-1.031700	-0.786500
1627306374.338805	0.447900	-0.698400	-0.719700	0.839900	-1.008100	-0.810300
1627306374.345212	0.454600	-0.691900	-0.723500	0.831600	-0.984900	-0.838100
1627306374.368342	0.450400	-0.674400	-0.725000	0.831900	-0.955000	-0.865000
1627306374.379266	0.451800	-0.648600	-0.726800	0.812100	-0.924800	-0.880600
1627306374.380080	0.461800	-0.622900	-0.722300	0.796800	-0.897900	-0.879700
1627306374.388921	0.459500	-0.597000	-0.716700	0.799900	-0.871600	-0.866800
1627306374.413508	0.464000	-0.581900	-0.709600	0.810300	-0.848700	-0.843000
1627306374.418165	0.469100	-0.576900	-0.699600	0.820600	-0.831300	-0.815200
1627306374.419062	0.475700	-0.574000	-0.684600	0.826800	-0.819700	-0.785000
1627306374.428638	0.474200	-0.568400	-0.669100	0.825500	-0.818800	-0.750200
1627306374.429946	0.479000	-0.566400	-0.662000	0.816100	-0.821500	-0.716000
1627306374.467868	0.489700	-0.564000	-0.660600	0.789200	-0.826100	-0.676300
1627306374.470939	0.488000	-0.567400	-0.664400	0.753100	-0.833100	-0.631700
1627306374.485380	0.492600	-0.581100	-0.666600	0.713100	-0.840200	-0.583400
1627306374.486270	0.490600	-0.607400	-0.675500	0.680500	-0.848100	-0.539100
1627306374.488507	0.487800	-0.649300	-0.691200	0.644400	-0.853000	-0.508600
1627306374.501357	0.487100	-0.690100	-0.709600	0.569300	-0.847200	-0.503400
1627306374.523387	0.481900	-0.713300	-0.731300	0.515200	-0.833400	-0.519000
1627306374.524274	0.472700	-0.721900	-0.750500	0.478900	-0.807500	-0.551300
1627306374.531023	0.463600	-0.712900	-0.767800	0.449500	-0.769300	-0.586200
1627306374.542726	0.459600	-0.695300	-0.784900	0.441600	-0.719800	-0.614000
1627306374.566620	0.455300	-0.676300	-0.800000	0.450500	-0.661500	-0.632900
1627306374.567320	0.459800	-0.660400	-0.814700	0.464200	-0.591500	-0.638400
1627306374.568237	0.463900	-0.654900	-0.817700	0.464500	-0.509400	-0.631700
1627306374.579778	0.464000	-0.656700	-0.814000	0.458400	-0.440000	-0.624600
1627306374.587251	0.470700	-0.664300	-0.801900	0.443700	-0.377400	-0.621300
1627306374.610362	0.467300	-0.674800	-0.787600	0.418400	-0.319400	-0.625600
1627306374.611200	0.470000	-0.683300	-0.772600	0.378400	-0.263200	-0.643900
1627306374.618624	0.476700	-0.684300	-0.753800	0.340800	-0.215500	-0.669200
1627306374.627716	0.476100	-0.675300	-0.732300	0.317900	-0.171600	-0.708600
1627306374.652557	0.475500	-0.646900	-0.720900	0.227800	-0.136100	-0.733700
1627306374.653386	0.477500	-0.609900	-0.718800	0.184700	-0.106800	-0.739500
1627306374.657259	0.483200	-0.579100	-0.720200	0.189900	-0.079300	-0.727600
