1627444771.966307	1.014900	0.029900	0.000500	0.003000	0.021800	0.003600
1627444771.967134	1.013800	0.031700	-0.001300	-0.000100	0.024800	0.005200
1627444771.967916	1.012100	0.031900	0.002200	-0.002800	0.028200	0.007300
1627444771.969796	1.013800	0.033300	0.006800	-0.004600	0.030000	0.008500
1627444771.970419	1.014900	0.032500	0.008700	-0.001000	0.027900	0.009700
1627444771.971044	1.013900	0.028000	0.007100	-0.010100	0.026700	0.011900
1627444771.971626	1.016200	0.029400	0.013500	-0.029400	0.031200	0.012200
1627444771.972185	1.017000	0.025100	0.014200	-0.042500	0.025100	0.014600
1627444771.972739	1.016600	0.027700	0.009900	-0.047700	0.023900	0.015900
1627444771.973289	1.015000	0.029500	0.015000	-0.067200	0.022100	0.017400
1627444771.973842	1.016500	0.025900	0.015000	-0.081000	0.009300	0.016800
1627444771.974385	1.017200	0.028800	0.018300	-0.077900	0.008300	0.015900
1627444771.974879	1.015700	0.034700	0.023600	-0.078900	0.005000	0.022300
1627444771.975373	1.015100	0.029900	0.017800	-0.056900	0.000100	0.026500
1627444771.975864	1.014200	0.034500	0.016000	-0.047100	0.002800	0.026500
1627444771.976358	1.017300	0.036600	0.018100	-0.024200	0.001300	0.029000
1627444771.976851	1.013200	0.033400	0.016800	-0.010100	-0.002400	0.030800
1627444771.977297	1.016600	0.031500	0.014500	0.001200	-0.002700	0.029000
1627444771.977748	1.015000	0.025000	0.012100	0.004800	-0.007200	0.032000
1627444771.978195	1.016700	0.019700	0.013300	-0.005600	-0.006900	0.031400
1627444771.978612	1.019200	0.016800	0.011600	-0.023000	-0.009700	0.028400
1627444771.979058	1.015500	0.018900	0.006700	-0.043400	-0.012700	0.028400
1627444771.979460	1.013100	0.027700	0.007100	-0.057800	-0.012400	0.029000
1627444771.979860	1.014400	0.031000	0.009300	-0.052000	-0.012100	0.032000
1627444771.980303	1.014300	0.031600	0.006000	-0.031800	-0.011200	0.034200
1627444771.980706	1.013800	0.025800	0.003500	-0.017500	-0.008200	0.035100
1627444771.981106	1.014600	0.016700	-0.001700	-0.012900	-0.006600	0.036000
1627444771.981571	1.013900	0.018100	0.001600	-0.033300	-0.003900	0.035100
1627444771.981973	1.013900	0.018100	0.001600	-0.033300	-0.003900	0.035100
1627444771.982371	1.014600	0.023700	-0.001000	-0.037300	-0.001100	0.035700
1627444771.982825	1.014600	0.023700	-0.001000	-0.037300	-0.000200	0.036000
1627444771.983240	1.012200	0.010700	-0.002200	-0.039800	0.002500	0.037500
1627444771.983672	1.016600	0.007200	0.003700	-0.060800	0.008300	0.036300
1627444771.984088	1.016100	0.009200	-0.004300	-0.086800	0.001900	0.035400
1627444771.984499	1.012900	0.021000	0.000100	-0.108500	0.008600	0.035400
1627444771.984933	1.012600	0.022100	-0.001000	-0.105400	0.011700	0.036600
1627444771.985334	1.017500	0.015900	0.000600	-0.092900	0.016000	0.037800
1627444771.985734	1.014900	0.007800	-0.002000	-0.084400	0.018100	0.036600
1627444771.986167	1.015000	0.001500	-0.002000	-0.096300	0.022100	0.033600
1627444771.986567	1.016700	-0.000500	-0.004300	-0.108500	0.023300	0.030500
1627444771.986969	1.013500	0.005100	-0.003800	-0.115500	0.023600	0.028100
1627444771.987413	1.011800	0.017700	-0.001800	-0.116400	0.028500	0.027500
1627444771.987815	1.013400	0.024500	0.001500	-0.099900	0.034900	0.029000
1627444771.988257	1.013200	0.023900	0.004600	-0.071500	0.037400	0.028700
1627444771.988656	1.014400	0.018800	0.008700	-0.045000	0.040400	0.028400
1627444771.989055	1.015700	0.003300	0.009300	-0.030000	0.043200	0.027200
1627444771.989498	1.019700	-0.005200	0.011700	-0.042200	0.042500	0.022900
1627444771.989899	1.018900	-0.006500	0.010400	-0.070300	0.039500	0.018600
1627444771.990298	1.014800	0.000000	0.011100	-0.090800	0.038600	0.015200
1627444771.990733	1.013800	0.007600	0.009800	-0.103000	0.039800	0.014900
1627444771.991132	1.016200	0.018700	0.018300	-0.101200	0.039500	0.013400
1627444771.991536	1.017700	0.023200	0.024700	-0.074900	0.037100	0.014300
1627444771.991982	1.018200	0.019400	0.028600	-0.031800	0.033400	0.014300
1627444771.992382	1.018600	0.011500	0.027700	-0.006200	0.028200	0.014900
1627444771.992805	1.018200	0.006600	0.028600	0.000900	0.025400	0.013400
1627444771.993214	1.018900	0.006000	0.027800	0.007000	0.020300	0.010700
1627444771.993612	1.018900	0.008500	0.024500	0.012200	0.015100	0.007900
1627444771.994053	1.015700	0.009300	0.021400	0.019800	0.009300	0.006400
1627444771.994456	1.016000	0.009200	0.018600	0.027100	0.007100	0.005200
1627444771.994856	1.016100	0.007300	0.017700	0.039700	0.002500	0.002100
1627444771.995288	1.016200	0.000500	0.015500	0.040600	0.001300	-0.000000
1627444771.995691	1.018800	-0.005700	0.013500	0.024700	0.001000	-0.002500
1627444771.996093	1.019700	-0.005100	0.014200	0.010000	-0.004500	-0.006100
1627444771.996543	1.015500	-0.000400	0.015300	0.005400	-0.007200	-0.007100
1627444771.996945	1.011700	0.005500	0.009600	0.017700	-0.007200	-0.009200
1627444771.997345	1.010700	0.012000	0.010000	0.046700	0.003800	-0.012900
1627444771.997790	1.016400	0.013700	0.007000	0.084200	0.007700	-0.017400
1627444771.998190	1.016200	0.011000	0.009400	0.096500	0.008600	-0.019000
1627444771.998648	1.019200	0.004300	0.004200	0.119100	0.007400	-0.019600
1627444771.999128	1.013500	-0.004600	0.009500	0.098300	0.007100	-0.021400
1627444771.999590	1.017100	-0.011200	0.004500	0.090700	0.006800	-0.026000
1627444772.000053	1.018200	-0.004200	0.009900	0.058900	0.010200	-0.030600
1627444772.000510	1.012800	0.006700	0.010900	0.046700	0.009600	-0.032100
1627444772.000965	1.013300	0.011000	0.005100	0.063200	0.013500	-0.037000
1627444772.001467	1.014800	0.023200	0.004500	0.072900	0.017500	-0.039700
1627444772.002097	1.017100	0.022800	0.010600	0.086100	0.017500	-0.038500
1627444772.002586	1.015600	0.015500	0.010600	0.101700	0.016300	-0.037600
1627444772.003263	1.013400	0.006700	0.011200	0.116600	0.017500	-0.037600
1627444772.003750	1.013300	-0.006100	0.011200	0.110800	0.019600	-0.037600
1627444772.004218	1.017200	-0.004800	0.014500	0.077200	0.022400	-0.042800
1627444772.004677	1.017100	0.004600	0.017100	0.057400	0.018700	-0.046800
1627444772.005134	1.013700	0.015900	0.014800	0.051600	0.016900	-0.047100
1627444772.005594	1.011700	0.026100	0.014600	0.056500	0.019900	-0.045800
1627444772.006051	1.014900	0.027700	0.013500	0.081500	0.021800	-0.042800
1627444772.006513	1.015000	0.021400	0.013100	0.095200	0.021200	-0.041000
1627444772.006969	1.015700	0.012100	0.011700	0.094900	0.021500	-0.042200
1627444772.007424	1.015900	0.009400	0.011700	0.080000	0.023300	-0.044000
1627444772.007882	1.014500	0.010700	0.010500	0.065900	0.022700	-0.044000
1627444772.008338	1.013900	0.012800	0.007400	0.054600	0.022400	-0.045500
1627444772.009002	1.015300	0.015900	0.006800	0.040600	0.027900	-0.045500
1627444772.009526	1.015400	0.016800	0.007400	0.033500	0.029100	-0.045800
1627444772.010032	1.015600	0.017700	0.006800	0.026800	0.031600	-0.046800
1627444772.010491	1.016700	0.019200	0.010400	0.023200	0.032800	-0.047400
1627444772.011090	1.014200	0.014400	0.012600	0.018600	0.033400	-0.046200
1627444772.011612	1.015400	0.014600	0.018600	0.011600	0.032500	-0.045500
1627444772.012137	1.014300	0.015900	0.020300	0.009700	0.032500	-0.045200
1627444772.012644	1.016500	0.017100	0.026900	0.005100	0.030300	-0.045500
1627444772.013123	1.018300	0.024300	0.031100	0.003900	0.027300	-0.047700
1627444772.013631	1.017300	0.029800	0.032600	0.013400	0.019600	-0.045200
1627444772.014079	1.013100	0.032600	0.034400	0.026800	0.016000	-0.041000
1627444772.014490	1.014000	0.032500	0.034500	0.037200	0.016300	-0.040700
1627444772.014901	1.020300	0.032100	0.036300	0.042100	0.010500	-0.037900
1627444772.015341	1.018600	0.031100	0.033400	0.041500	0.001900	-0.037300
1627444772.015750	1.015400	0.030000	0.027800	0.038400	-0.002400	-0.034200
1627444772.016214	1.015400	0.028600	0.026200	0.033200	-0.004200	-0.033900
1627444772.016691	1.016700	0.028800	0.019700	0.029600	-0.004200	-0.034200
1627444772.017124	1.015700	0.027000	0.016000	0.028400	-0.006300	-0.032700
1627444772.017570	1.013500	0.024900	0.012800	0.022900	-0.006300	-0.031200
1627444772.017981	1.013700	0.022300	0.011100	0.016100	-0.003900	-0.030300
1627444772.018390	1.012900	0.021100	0.012300	0.010600	-0.001100	-0.030300
1627444772.018827	1.014000	0.021900	0.010300	0.012800	-0.001100	-0.030300
1627444772.019235	1.012000	0.023800	0.011500	0.010000	0.003100	-0.029700
1627444772.019645	1.014200	0.025000	0.012100	0.018600	0.006200	-0.032400
1627444772.020210	1.011200	0.029900	0.014400	0.024100	0.010200	-0.030600
1627444772.020740	1.014200	0.032800	0.015100	0.043000	0.010500	-0.032100
1627444772.021177	1.015400	0.032600	0.015400	0.058000	0.012300	-0.030600
1627444772.021584	1.014600	0.029300	0.018800	0.063800	0.013800	-0.030000
1627444772.021991	1.015900	0.029400	0.022900	0.066500	0.013800	-0.029400
1627444772.022425	1.015600	0.025300	0.021600	0.072300	0.010800	-0.028700
1627444772.022855	1.015700	0.025000	0.025600	0.058600	0.011700	-0.029700
1627444772.023309	1.017200	0.030400	0.025300	0.054300	0.007100	-0.030300
1627444772.023849	1.014500	0.032600	0.025000	0.055800	0.004100	-0.028700
1627444772.024338	1.014500	0.038300	0.025000	0.054000	0.004700	-0.028100
1627444772.024828	1.015500	0.040900	0.023800	0.066800	0.004400	-0.026000
1627444772.025269	1.014200	0.039100	0.022000	0.077200	0.001900	-0.023500
1627444772.025686	1.014600	0.035600	0.020100	0.081500	0.002800	-0.022600
1627444772.026206	1.015500	0.031000	0.022100	0.080000	0.004100	-0.020800
1627444772.026691	1.016000	0.027800	0.021400	0.074500	0.000700	-0.021700
1627444772.027154	1.016600	0.028100	0.018600	0.067100	0.000400	-0.022900
1627444772.027615	1.016400	0.025600	0.017000	0.061000	0.001000	-0.024200
1627444772.028041	1.017100	0.026500	0.012700	0.060100	0.001600	-0.024200
1627444772.028453	1.014800	0.024400	0.008900	0.060400	0.002200	-0.024500
1627444772.028890	1.012700	0.022100	0.005200	0.060100	0.005000	-0.024500
1627444772.029315	1.012100	0.022800	0.008200	0.050000	0.009000	-0.026300
1627444772.029752	1.012300	0.022700	0.011500	0.046400	0.011400	-0.028100
1627444772.030202	1.013200	0.026900	0.011500	0.048200	0.012000	-0.029400
1627444772.030613	1.012900	0.029100	0.014000	0.046400	0.014400	-0.029400
1627444772.031060	1.014000	0.030500	0.012300	0.048200	0.014400	-0.030600
1627444772.031495	1.013900	0.034400	0.016400	0.039000	0.018700	-0.029700
1627444772.031904	1.016700	0.036300	0.019900	0.047300	0.016600	-0.027800
1627444772.032351	1.012700	0.032700	0.020800	0.049700	0.016000	-0.027500
1627444772.032769	1.016200	0.031100	0.020600	0.046400	0.014400	-0.026000
1627444772.033201	1.014900	0.026600	0.020600	0.038700	0.012600	-0.027200
1627444772.033674	1.016400	0.027300	0.020900	0.024400	0.010500	-0.027200
1627444772.034107	1.014800	0.028000	0.018800	0.010600	0.009300	-0.027500
1627444772.034523	1.014500	0.032300	0.016200	-0.001000	0.009000	-0.026000
1627444772.034966	1.014600	0.035300	0.016500	-0.007400	0.008000	-0.024200
1627444772.035387	1.015000	0.036100	0.017600	-0.007700	0.008300	-0.024500
1627444772.035872	1.015000	0.035000	0.016700	-0.001900	0.009600	-0.024800
1627444772.036312	1.013400	0.029200	0.014600	-0.000700	0.009300	-0.024200
1627444772.036722	1.013700	0.026700	0.015400	-0.004900	0.009000	-0.023900
1627444772.037254	1.012800	0.024700	0.017500	-0.018100	0.008000	-0.023500
1627444772.037827	1.015400	0.026400	0.018600	-0.037300	0.005600	-0.023900
1627444772.038305	1.017600	0.031000	0.022300	-0.055300	0.001300	-0.023500
1627444772.038800	1.020500	0.036300	0.028400	-0.066900	-0.006900	-0.022900
1627444772.039295	1.013400	0.041600	0.030300	-0.060800	-0.010900	-0.019000
1627444772.039789	1.012300	0.045400	0.028800	-0.035200	-0.007500	-0.016200
1627444772.040255	1.013400	0.044700	0.026600	-0.004000	-0.006600	-0.015900
1627444772.040720	1.015700	0.041900	0.022800	0.016700	-0.008200	-0.019300
1627444772.041141	1.015500	0.037000	0.023300	0.018900	-0.009400	-0.022600
1627444772.041585	1.018600	0.036700	0.022200	0.007900	-0.012700	-0.023900
1627444772.041999	1.018400	0.033200	0.022800	-0.001600	-0.015500	-0.021700
1627444772.042441	1.017100	0.033200	0.022800	-0.008600	-0.021600	-0.018400
1627444772.042856	1.012900	0.033900	0.021700	-0.012900	-0.021000	-0.016200
1627444772.043269	1.011600	0.035300	0.019800	-0.014700	-0.021300	-0.015900
1627444772.043714	1.013800	0.038100	0.017700	-0.010100	-0.018800	-0.018100
1627444772.044132	1.017100	0.047900	0.019500	-0.005600	-0.016100	-0.020200
1627444772.044545	1.015700	0.046000	0.016400	0.021300	-0.018800	-0.015000
1627444772.044993	1.012100	0.039600	0.012000	0.032000	-0.017600	-0.011000
1627444772.045409	1.011600	0.032500	0.012000	0.021600	-0.013300	-0.012900
1627444772.045823	1.016400	0.031100	0.015700	0.012800	-0.012700	-0.014400
1627444772.046313	1.015000	0.029800	0.012900	0.002700	-0.017300	-0.012900
1627444772.046727	1.013200	0.033900	0.011800	-0.010700	-0.015500	-0.012900
1627444772.047165	1.014800	0.036400	0.015000	-0.025700	-0.014900	-0.012200
1627444772.047581	1.017800	0.037500	0.016600	-0.026000	-0.014300	-0.013500
1627444772.047996	1.015900	0.039800	0.018200	-0.024500	-0.019100	-0.009500
1627444772.048438	1.014300	0.039200	0.012500	-0.012000	-0.017600	-0.009500
1627444772.048856	1.014000	0.040600	0.012900	-0.011700	-0.013000	-0.010700
1627444772.049268	1.012800	0.040200	0.014900	-0.009500	-0.013000	-0.009500
1627444772.049711	1.013500	0.039300	0.015400	0.000900	-0.012400	-0.008900
1627444772.050128	1.013900	0.037500	0.012500	0.003600	-0.011800	-0.009500
1627444772.050542	1.015600	0.036300	0.014800	-0.001000	-0.008200	-0.009800
1627444772.050983	1.016800	0.036100	0.016100	-0.001600	-0.009700	-0.010700
1627444772.051423	1.011500	0.035900	0.015600	-0.004000	-0.012400	-0.007400
1627444772.051862	1.013100	0.038200	0.017000	-0.010700	-0.012100	-0.008300
1627444772.052307	1.016000	0.041000	0.017800	-0.004600	-0.011200	-0.009500
1627444772.052725	1.017900	0.045000	0.016700	0.002700	-0.013000	-0.008000
1627444772.053165	1.014500	0.041300	0.010600	0.014900	-0.014600	-0.006400
1627444772.053597	1.012800	0.037500	0.008900	0.018300	-0.008800	-0.003400
1627444772.054018	1.012900	0.035600	0.010100	0.011200	-0.007800	-0.004600
1627444772.054463	1.014600	0.035400	0.010400	0.003900	-0.007800	-0.004600
1627444772.054879	1.015600	0.037700	0.006700	0.003300	-0.008500	-0.006100
1627444772.055295	1.014600	0.036500	0.002700	0.012500	-0.007500	-0.003100
1627444772.055732	1.010600	0.034500	0.003900	0.007600	-0.003300	-0.002800
1627444772.056149	1.014500	0.033200	0.004300	0.001200	0.001300	-0.003400
1627444772.056568	1.016200	0.034300	0.003100	-0.003700	0.001600	-0.004300
1627444772.057012	1.016800	0.034400	0.003100	-0.004900	0.003100	-0.003700
1627444772.057425	1.013400	0.032200	0.007900	-0.011000	0.004700	-0.003700
1627444772.057861	1.015600	0.032700	0.010700	-0.018100	0.005600	-0.005800
1627444772.058276	1.012600	0.033000	0.013200	-0.019600	0.007400	-0.005500
1627444772.058689	1.014200	0.035900	0.015000	-0.017500	0.008300	-0.004600
1627444772.059126	1.014500	0.040600	0.016800	-0.007100	0.008600	-0.006100
1627444772.059538	1.015500	0.042500	0.017000	0.005400	0.006200	-0.007400
1627444772.059950	1.015900	0.041900	0.018400	0.015800	0.005300	-0.005200
1627444772.061737	1.014500	0.039200	0.019800	0.026200	0.004700	-0.005200
1627444772.062137	1.015900	0.032700	0.016400	0.028000	0.000400	-0.004600
1627444772.063836	1.015100	0.032100	0.012800	0.016700	-0.000800	-0.006100
1627444772.064243	1.017100	0.033300	0.014900	0.006400	-0.001700	-0.007100
1627444772.064645	1.014200	0.037700	0.012200	0.002700	-0.004500	-0.006400
1627444772.065078	1.012700	0.038900	0.009200	0.001200	-0.002700	-0.005200
1627444772.066760	1.015700	0.038300	0.008800	0.003900	0.000400	-0.004600
1627444772.067206	1.014600	0.034700	0.006100	0.005100	0.000400	-0.002200
1627444772.067624	1.014900	0.034900	0.004900	-0.000400	0.002500	-0.004900
1627444772.068023	1.015100	0.036300	0.007400	-0.001900	0.003500	-0.002200
1627444772.070509	1.012500	0.034300	0.004600	-0.000700	0.004400	-0.001600
1627444772.070943	1.012300	0.032800	0.008100	0.000600	0.012000	-0.003700
1627444772.071344	1.016200	0.031900	0.008800	-0.002200	0.010500	-0.006400
1627444772.071765	1.014400	0.031600	0.009000	-0.005600	0.011100	-0.006100
1627444772.072213	1.015600	0.034100	0.009500	-0.007700	0.009900	-0.005200
1627444772.074345	1.014600	0.037100	0.009800	-0.007700	0.012000	-0.006400
1627444772.074752	1.012500	0.038700	0.007300	-0.001300	0.012900	-0.007400
1627444772.075157	1.013200	0.034900	0.009800	0.003000	0.014100	-0.005500
1627444772.075605	1.015100	0.036600	0.010700	0.003000	0.016600	-0.007700
1627444772.077253	1.016200	0.036500	0.014300	0.002100	0.015400	-0.007400
1627444772.077772	1.014400	0.035000	0.012100	-0.002200	0.014800	-0.007400
1627444772.078188	1.015700	0.036000	0.014000	-0.004600	0.014800	-0.006100
1627444772.080300	1.015400	0.038000	0.013900	-0.004900	0.013500	-0.004600
1627444772.080705	1.013100	0.039300	0.015000	-0.003100	0.014800	-0.004000
1627444772.081175	1.015900	0.039300	0.014600	-0.000400	0.013500	-0.004600
1627444772.081621	1.013300	0.038200	0.015000	0.005100	0.012600	-0.004000
1627444772.083747	1.014900	0.034900	0.015000	0.008500	0.012000	-0.004300
1627444772.084149	1.016000	0.035900	0.014000	0.009100	0.014800	-0.004600
1627444772.084576	1.013900	0.034100	0.014500	0.007300	0.014800	-0.004600
1627444772.085021	1.015700	0.035600	0.012900	0.007300	0.014100	-0.004600
1627444772.087089	1.013200	0.035500	0.012300	0.005100	0.015100	-0.005800
1627444772.087512	1.014400	0.035900	0.010400	0.009400	0.016600	-0.007100
1627444772.087912	1.014000	0.034200	0.010900	0.010900	0.015700	-0.006400
1627444772.088356	1.015000	0.034400	0.010700	0.005100	0.019300	-0.007400
1627444772.090461	1.017300	0.032000	0.014200	-0.000100	0.018700	-0.007100
1627444772.090926	1.015400	0.033100	0.010700	-0.003100	0.018700	-0.007100
1627444772.091338	1.014000	0.033800	0.012900	-0.005600	0.017800	-0.007700
1627444772.091771	1.013500	0.035800	0.014300	-0.008000	0.021200	-0.008600
1627444772.092232	1.017600	0.038100	0.016600	-0.000100	0.021500	-0.009200
1627444772.094863	1.015100	0.038100	0.016100	0.009100	0.017500	-0.007700
1627444772.095277	1.014800	0.037700	0.016600	0.012800	0.018700	-0.006400
1627444772.095734	1.015000	0.036500	0.016500	0.011200	0.020300	-0.008000
1627444772.096146	1.015000	0.035900	0.017600	0.009400	0.019900	-0.008900
1627444772.098282	1.015300	0.036900	0.015400	0.006700	0.017800	-0.009500
1627444772.098699	1.014500	0.036000	0.016500	0.002700	0.017200	-0.008300
1627444772.099183	1.016100	0.036300	0.019400	0.000300	0.016900	-0.008300
1627444772.099597	1.017500	0.034700	0.018300	0.000600	0.014800	-0.009200
1627444772.101324	1.014400	0.036400	0.014600	0.003000	0.015400	-0.007700
1627444772.101765	1.013200	0.034400	0.013100	0.002700	0.017800	-0.006400
1627444772.102177	1.012000	0.035300	0.014500	-0.000100	0.018100	-0.007100
1627444772.104308	1.015700	0.037200	0.016800	-0.000400	0.018100	-0.008300
1627444772.104723	1.014500	0.038600	0.014900	0.002100	0.016600	-0.006800
1627444772.105214	1.015100	0.037400	0.015600	-0.000700	0.017500	-0.006400
1627444772.106893	1.016500	0.035400	0.017600	0.000600	0.018700	-0.007700
1627444772.107327	1.015400	0.034300	0.017600	-0.002500	0.016000	-0.007700
1627444772.107744	1.016200	0.034700	0.016400	-0.007700	0.015700	-0.008000
1627444772.108159	1.013700	0.034900	0.018600	-0.013500	0.016000	-0.008000
1627444772.110272	1.015900	0.037800	0.017300	-0.013200	0.016600	-0.008600
1627444772.110683	1.016500	0.039100	0.019700	-0.010100	0.016000	-0.007100
1627444772.111124	1.014300	0.040600	0.021600	-0.006500	0.015100	-0.007100
1627444772.111537	1.014900	0.040800	0.019700	0.000600	0.013200	-0.007400
1627444772.113633	1.015100	0.039600	0.024900	0.003900	0.015100	-0.006800
1627444772.114033	1.016200	0.035000	0.024200	0.005800	0.011400	-0.006100
1627444772.114476	1.015900	0.034500	0.022500	0.002400	0.006200	-0.005800
1627444772.114878	1.012800	0.032700	0.021500	-0.002800	0.004700	-0.006100
1627444772.116982	1.014200	0.035900	0.021500	-0.009800	0.004100	-0.008000
1627444772.117451	1.015700	0.038900	0.022700	-0.008300	0.002200	-0.008600
1627444772.117908	1.015900	0.040300	0.020400	0.000600	0.001600	-0.007700
1627444772.118308	1.015500	0.037200	0.017500	0.009700	0.001600	-0.007400
1627444772.120399	1.013700	0.036500	0.015600	0.013100	0.002200	-0.006100
1627444772.120798	1.012300	0.033400	0.017600	0.014900	0.003800	-0.007400
1627444772.121197	1.013100	0.031500	0.017300	0.007600	0.004400	-0.008000
1627444772.122872	1.014800	0.032200	0.016200	-0.000100	0.003800	-0.007700
1627444772.123271	1.013400	0.035500	0.019500	-0.000700	0.002500	-0.009200
1627444772.123716	1.015100	0.037200	0.016700	-0.000700	0.002800	-0.009200
1627444772.124117	1.015100	0.036700	0.017800	-0.001300	0.005600	-0.010100
1627444772.126610	1.015300	0.037400	0.017800	0.004200	0.004700	-0.010700
1627444772.127032	1.013700	0.036300	0.017300	0.006100	0.007100	-0.008900
1627444772.127453	1.014500	0.036000	0.015700	0.007300	0.005900	-0.009500
1627444772.127855	1.013700	0.035800	0.014600	0.010300	0.008600	-0.009500
1627444772.128255	1.012800	0.035500	0.013200	0.012200	0.007100	-0.009800
1627444772.130317	1.012900	0.036000	0.013400	0.012500	0.012000	-0.011300
1627444772.130715	1.012500	0.035400	0.013100	0.010300	0.012900	-0.009800
1627444772.131114	1.013700	0.035400	0.014400	0.004800	0.015100	-0.010100
1627444774.001928	1.017200	0.043300	0.027600	0.000900	0.005300	-0.010700
1627444774.015452	0.690400	0.246300	0.553800	0.732100	-1.419600	0.446500
1627444774.016350	0.756800	0.200100	0.558800	0.420500	-1.389000	0.464200
1627444774.038839	0.840300	0.186300	0.621900	0.054000	-1.301400	0.480700
1627444774.043504	0.950300	0.144000	0.579800	-0.379700	-1.239400	0.562600
1627444774.053089	0.999400	0.153300	0.595500	-0.845800	-1.196900	0.628900
1627444774.053984	1.054600	0.199600	0.671600	-1.262700	-1.144100	0.656000
1627444774.064357	1.048300	0.174600	0.547600	-1.389200	-1.161800	0.713800
1627444774.088334	1.062100	0.211800	0.605500	-1.785900	-1.134900	0.740600
1627444774.089736	1.092700	0.222200	0.579700	-1.908700	-1.203600	0.764800
1627444774.093128	1.092400	0.231800	0.572900	-2.026900	-1.303800	0.783700
1627444774.108471	1.077000	0.248700	0.659300	-1.986600	-1.345000	0.747100
1627444774.110151	1.074800	0.236900	0.603300	-1.787100	-1.337700	0.726000
1627444774.132456	0.929200	0.195600	0.763800	-1.756300	-1.177000	0.700000
1627444774.133773	0.959200	0.201900	0.804400	-1.691500	-0.480400	0.670100
1627444774.149532	1.216100	0.087300	0.243800	-0.979600	-0.535900	0.978300
1627444774.152437	1.455400	0.324800	0.162600	-1.132900	-0.573500	0.745800
1627444774.173963	1.508900	0.657700	0.073500	-0.227600	-0.330700	0.948900
1627444774.174782	1.599600	0.406200	-0.211800	0.959000	-0.505100	1.070500
1627444774.182370	1.525100	0.175800	-0.033700	1.499300	-0.694800	1.098300
1627444774.193728	1.446300	-0.117400	-0.068600	1.781500	-1.022800	1.146300
1627444774.214781	1.202000	-0.507800	-0.090100	1.551900	-1.281800	1.089400
1627444774.215812	1.015400	-0.716400	-0.042200	0.412000	-1.345900	1.071700
1627444774.234956	1.092400	-0.481200	0.059800	-0.950900	-1.097600	1.045800
1627444774.243908	1.392900	0.114300	0.109300	-1.627100	-0.759200	0.936400
1627444774.244786	1.485600	0.500600	0.061500	-1.259000	-0.645300	0.836200
1627444774.251804	1.327000	0.578000	-0.028800	-0.786500	-0.578100	0.604700
1627444774.273444	1.314600	0.408700	-0.167000	-0.221500	-0.423800	0.209500
1627444774.274545	1.343500	-0.008800	-0.183300	-0.473500	-0.295300	-0.102700
1627444774.290152	1.341700	-0.224000	-0.025000	-1.562300	-0.214000	-0.114900
1627444774.295012	1.221100	-0.195300	0.186400	-2.772800	-0.265600	0.217700
1627444774.296073	1.022900	0.039800	0.421900	-3.448700	-0.292200	0.700300
1627444774.318842	0.925000	0.221400	0.491100	-3.084900	-0.241500	0.854000
1627444774.322398	0.862500	0.301800	0.464100	-2.148200	-0.185900	0.706400
1627444774.333345	0.839200	0.333000	0.414300	-1.160700	-0.146200	0.492300
1627444774.338700	0.892700	0.342000	0.325600	-0.255700	-0.167000	0.371100
1627444774.360098	0.985400	0.302400	0.225200	0.457800	-0.225300	0.341100
1627444774.368731	1.037100	0.218800	0.195700	0.882000	-0.273300	0.311800
1627444774.389217	1.014800	0.059300	0.204600	1.136500	-0.291900	0.253500
1627444774.390102	0.983300	-0.062500	0.215300	1.073500	-0.241500	0.249800
1627444774.392347	0.993700	-0.179100	0.209000	0.837100	-0.135800	0.305100
1627444774.404793	1.047600	-0.264400	0.209500	0.445000	-0.072000	0.354900
1627444774.410105	1.077900	-0.308800	0.193500	0.016400	-0.051500	0.377200
1627444774.430746	1.070300	-0.309900	0.196700	-0.366000	-0.052100	0.375000
1627444774.432271	1.025500	-0.270400	0.191500	-0.701600	-0.079600	0.351800
1627444774.443377	0.975100	-0.173500	0.189500	-0.997900	-0.099200	0.301400
1627444774.452536	0.951200	-0.068600	0.221800	-1.063600	-0.150800	0.235200
1627444774.473737	0.940600	0.020500	0.267500	-0.960900	-0.166400	0.153000
1627444774.474712	0.963500	0.080700	0.305800	-0.704700	-0.174300	0.084600
1627444774.490096	0.984500	0.083900	0.280400	-0.395000	-0.168500	0.059500
1627444774.497590	1.015700	0.060400	0.249900	-0.171100	-0.149600	0.077900
1627444774.498482	1.053100	0.015100	0.227800	-0.014100	-0.186200	0.123100
1627444774.521392	1.030000	-0.038800	0.255600	0.016100	-0.265900	0.172200
1627444774.522416	0.995600	-0.066000	0.271400	-0.041600	-0.263800	0.179000
1627444774.534969	0.977200	-0.069800	0.266800	-0.120100	-0.258300	0.162500
1627444774.540110	0.969200	-0.043700	0.254500	-0.176600	-0.247600	0.128300
1627444774.559975	0.978800	-0.022600	0.234100	-0.179600	-0.238400	0.094700
1627444774.572591	0.993400	-0.010500	0.207200	-0.123800	-0.226500	0.075400
1627444774.581751	1.005000	0.003100	0.191200	-0.045600	-0.219200	0.076900
1627444774.582641	0.999500	0.006800	0.173600	0.059200	-0.213100	0.089800
1627444774.593108	0.989900	-0.002800	0.169200	0.122400	-0.198700	0.098000
1627444774.617942	0.983900	-0.003300	0.178700	0.147800	-0.189900	0.099200
1627444774.618826	0.978800	-0.014500	0.173200	0.194500	-0.163000	0.097400
1627444774.621110	0.981600	-0.026000	0.168000	0.193600	-0.139200	0.098600
1627444774.636020	0.986900	-0.032300	0.149400	0.200900	-0.110800	0.099200
1627444774.638121	0.996100	-0.073700	0.125500	0.257400	-0.096400	0.097100
1627444774.662906	0.987300	-0.129400	0.112800	0.249500	-0.098000	0.093700
1627444774.663600	0.986900	-0.161300	0.132000	0.133400	-0.092100	0.078500
1627444774.673729	0.986500	-0.145900	0.140900	-0.017800	-0.087300	0.063200
1627444774.681888	0.989400	-0.098900	0.151900	-0.128300	-0.083600	0.054000
1627444774.705503	0.989000	-0.052000	0.159900	-0.162800	-0.087300	0.044000
1627444774.706400	0.988500	-0.037500	0.169300	-0.141500	-0.081200	0.032700
1627444774.716042	0.993200	-0.054300	0.159700	-0.144200	-0.075700	0.025300
1627444774.725318	0.994000	-0.056900	0.129900	-0.188800	-0.066500	0.044000
1627444774.749793	0.992800	-0.040500	0.121200	-0.262700	-0.072000	0.070800
1627444774.752460	0.989700	-0.020100	0.119800	-0.229400	-0.055200	0.087300
1627444774.760309	0.986100	-0.035300	0.105700	-0.056600	-0.031100	0.085200
1627444774.761508	0.983300	-0.077300	0.110100	0.079100	-0.005400	0.062900
1627444774.768965	0.980800	-0.091600	0.132600	0.135600	0.013200	0.039700
1627444774.792206	0.995800	-0.063600	0.141700	0.168900	0.063000	0.019500
1627444774.805437	0.995100	-0.036000	0.103000	0.205500	0.082300	0.019800
1627444774.806322	0.994800	-0.015700	0.102900	0.263500	0.092600	0.028700
1627444774.818258	0.990200	-0.011800	0.143900	0.325500	0.112500	0.036300
1627444774.836852	0.995400	-0.044600	0.139500	0.434000	0.142700	0.051600
1627444774.837731	1.005600	-0.097900	0.164200	0.465400	0.156500	0.067500
1627444774.841256	1.001600	-0.131600	0.175800	0.452900	0.164700	0.067200
1627444774.852272	1.000700	-0.134800	0.180100	0.404000	0.187600	0.046100
1627444774.856220	1.007700	-0.099100	0.190800	0.369500	0.207800	0.014900
1627444774.875806	1.006300	-0.065900	0.189800	0.414100	0.217300	-0.022900
1627444774.887378	0.994500	-0.059100	0.180800	0.496300	0.216300	-0.061100
1627444774.904225	0.988900	-0.092900	0.186200	0.572900	0.220300	-0.102000
1627444774.905135	0.993400	-0.148200	0.196900	0.558300	0.223100	-0.141100
1627444774.914816	1.012900	-0.183700	0.187400	0.407700	0.235000	-0.169900
1627444774.925473	1.026700	-0.161500	0.171500	0.219200	0.249000	-0.179300
1627444774.942585	1.030400	-0.121500	0.130400	0.152700	0.286000	-0.183600
1627444774.951938	1.015100	-0.101400	0.085800	0.166100	0.318000	-0.199500
1627444774.952838	0.982700	-0.121500	0.009300	0.259900	0.373000	-0.246500
1627444774.960591	0.979500	-0.190400	-0.040200	0.354200	0.446900	-0.328100
1627444774.983443	0.990400	-0.242100	-0.053800	0.291000	0.519900	-0.413000
1627444774.991813	1.028300	-0.224200	-0.036900	0.153000	0.627800	-0.489900
1627444774.992703	1.081300	-0.163300	-0.052600	0.182000	0.748400	-0.546800
1627444775.000994	1.142900	-0.152200	-0.174200	0.441300	0.927700	-0.640500
1627444775.004267	1.271500	-0.117200	-0.216800	0.574200	1.178100	-0.800300
1627444775.027601	1.470600	-0.048300	-0.210000	0.656600	1.413600	-0.952400
1627444775.030050	1.688000	-0.007000	-0.236200	0.791300	1.583800	-1.059900
1627444775.041084	1.833600	0.045300	-0.334700	1.005100	1.711100	-1.171400
1627444775.048762	1.812100	0.094800	-0.203500	0.992600	1.902600	-1.306700
1627444775.073104	1.763900	0.082800	-0.024800	1.065000	2.066700	-1.409000
1627444775.073993	1.683000	0.113200	0.209200	1.098600	2.130800	-1.469800
1627444775.082411	1.615600	0.185200	0.369800	1.263800	2.019000	-1.500600
1627444775.091806	1.524500	0.199000	0.418900	1.429700	1.673900	-1.499100
1627444775.112810	1.394800	0.145800	0.472200	1.515500	1.343400	-1.520200
1627444775.114850	1.260700	0.034400	0.665000	1.372300	0.931700	-1.543400
1627444775.124722	1.073200	-0.137100	0.816400	1.037800	0.530900	-1.518600
1627444775.135385	0.889800	-0.220600	0.869400	0.329800	0.454900	-1.401400
1627444775.159022	0.820200	-0.226200	0.817500	-0.417900	0.505300	-1.257800
1627444775.160014	0.879800	-0.112800	0.824600	-1.321000	0.573100	-1.140500
1627444775.162209	0.941400	0.052600	0.799000	-2.013500	0.621000	-1.049200
1627444775.177654	0.970900	0.250500	0.806300	-2.436500	0.698000	-0.998200
1627444775.181138	0.877000	0.452900	0.807400	-2.380300	0.760300	-0.930700
1627444775.201268	0.723800	0.570800	0.757100	-1.972800	0.828700	-0.822300
1627444775.202381	0.638300	0.635900	0.734300	-1.458200	0.916400	-0.712000
1627444775.216900	0.605300	0.647600	0.728800	-0.841200	0.990300	-0.599300
1627444775.229669	0.590300	0.608300	0.727900	-0.202600	1.025100	-0.496400
1627444775.241626	0.555900	0.507300	0.701700	0.404600	1.000400	-0.409600
1627444775.242328	0.508200	0.397800	0.670400	0.792500	0.964300	-0.359500
1627444775.249358	0.466900	0.303300	0.626100	1.003300	0.914600	-0.331100
1627444775.278558	0.429800	0.221900	0.612900	1.047900	0.826900	-0.318000
1627444775.281861	0.389300	0.158800	0.600000	0.930900	0.756300	-0.329000
1627444775.282744	0.350100	0.114100	0.580300	0.738200	0.689800	-0.338500
1627444775.289900	0.311000	0.089400	0.537800	0.482200	0.622000	-0.336900
1627444775.294258	0.275900	0.099200	0.494300	0.177700	0.571300	-0.324700
1627444775.319226	0.252200	0.127800	0.462200	-0.103300	0.545300	-0.293900
1627444775.320143	0.228600	0.174100	0.435400	-0.383400	0.508600	-0.245900
1627444775.334884	0.203200	0.217500	0.425700	-0.536400	0.464400	-0.207100
1627444775.338122	0.174600	0.247200	0.412400	-0.544900	0.393200	-0.175300
1627444775.352404	0.134000	0.257700	0.368700	-0.484800	0.314400	-0.146000
1627444775.365001	0.093000	0.253700	0.331700	-0.434400	0.248400	-0.128600
1627444775.365891	0.063700	0.244800	0.330100	-0.432200	0.187900	-0.117600
1627444775.388839	0.042200	0.221900	0.339600	-0.454500	0.134200	-0.111500
1627444775.390983	0.041600	0.201300	0.381300	-0.578800	0.065500	-0.117600
1627444775.396740	0.054200	0.210300	0.413500	-0.648500	-0.012700	-0.116100
1627444775.421031	0.077300	0.231300	0.428600	-0.700100	-0.095200	-0.102700
1627444775.432135	0.097900	0.268900	0.436400	-0.681200	-0.189000	-0.070300
1627444775.433023	0.113400	0.300300	0.449300	-0.569700	-0.291300	-0.024800
1627444775.438357	0.119600	0.317000	0.444900	-0.404800	-0.390600	0.035400
1627444775.459825	0.135100	0.309400	0.436400	-0.259700	-0.466600	0.106300
1627444775.470545	0.177000	0.316200	0.535500	-0.171400	-0.563100	0.172800
1627444775.471427	0.231200	0.313400	0.622200	-0.061400	-0.630000	0.229300
1627444775.475740	0.297700	0.304200	0.636200	0.060700	-0.689600	0.304500
1627444775.498326	0.393200	0.305400	0.631200	0.135900	-0.723200	0.390900
1627444775.509435	0.520600	0.331500	0.630400	0.270300	-0.761700	0.481300
1627444775.510311	0.632100	0.351700	0.599500	0.452900	-0.819400	0.581500
1627444775.519399	0.681000	0.367100	0.572800	0.585500	-0.884400	0.712500
1627444775.542478	0.679700	0.348900	0.580100	0.590700	-0.898200	0.841100
1627444775.543500	0.691400	0.349100	0.650000	0.544500	-0.925100	0.930600
1627444775.559103	0.676000	0.337000	0.730600	0.588500	-0.953200	0.988700
1627444775.560007	0.654700	0.324700	0.737300	0.636500	-0.954100	1.050400
1627444775.562986	0.670200	0.311300	0.769700	0.658800	-0.947400	1.105900
1627444775.589234	0.723500	0.275100	0.777600	0.706700	-0.964200	1.179500
1627444775.590123	0.825800	0.210200	0.713600	0.656900	-1.003900	1.292300
1627444775.594286	0.913900	0.183100	0.760700	0.452000	-1.134300	1.364900
1627444775.616337	0.976100	0.179800	0.873300	0.332600	-1.263200	1.382400
1627444775.618520	1.037800	0.093900	0.721700	0.413500	-1.392400	1.407100
1627444775.633800	1.060900	0.114500	0.590900	0.211600	-1.516400	1.395200
1627444775.637544	1.070300	0.229700	0.693400	0.214100	-1.550600	1.323100
1627444775.659179	0.705900	0.094100	1.331400	0.528000	-0.814500	1.132800
1627444775.660106	1.684900	-0.700100	-0.069700	1.437300	-0.514000	1.091300
1627444775.666616	2.019000	-0.510400	-0.303700	0.859400	-0.325500	0.661800
1627444775.689659	2.602900	-0.620000	0.030200	0.804500	-0.291000	0.656300
1627444775.696059	2.526900	-0.771200	-0.633500	0.221700	-1.040800	0.826800
1627444775.696936	1.748700	-0.980600	-0.336400	-0.997600	-1.422000	1.026800
1627444775.720163	1.373200	-0.831100	0.312500	-2.166800	-1.389000	1.162400
1627444775.722389	1.241900	-0.263700	0.022200	-3.219000	-1.298300	1.149000
1627444775.732636	1.220900	0.870700	-0.136400	-3.308800	-0.873100	0.750400
1627444775.744210	1.195100	1.227400	-0.007100	-1.777100	-0.472400	0.427600
1627444775.748647	1.177600	0.919400	0.115400	-0.042800	-0.105000	0.215000
1627444775.758580	1.115100	0.275400	0.129400	0.860700	-0.025900	0.080300
1627444775.767445	1.063400	-0.255900	0.177500	0.753100	-0.023100	0.084600
1627444775.789779	1.030500	-0.495100	0.408000	-0.211400	-0.091500	0.299600
1627444775.790793	1.007300	-0.373900	0.618300	-1.208000	-0.180100	0.605900
1627444775.806888	0.974900	0.028400	0.555200	-1.612400	-0.271700	0.773600
1627444775.818782	0.961800	0.256300	0.524400	-1.186000	-0.309000	0.642900
1627444775.835145	0.934300	0.259500	0.486700	-0.344300	-0.346300	0.406800
1627444775.836127	0.948700	0.130400	0.444700	0.378700	-0.391200	0.265100
1627444775.851673	1.025300	-0.027600	0.399200	0.703700	-0.406700	0.240700
1627444775.853767	1.100500	-0.172700	0.351000	0.620300	-0.470000	0.269700
1627444775.871752	1.100300	-0.222500	0.337500	0.244600	-0.517600	0.269100
1627444775.872575	1.042500	-0.218500	0.286100	-0.097800	-0.514300	0.246800
1627444775.879758	1.001800	-0.182000	0.344100	-0.320800	-0.473600	0.224500
1627444775.891429	1.017100	-0.139900	0.348000	-0.412100	-0.423200	0.205800
1627444775.892324	1.035400	-0.101100	0.312900	-0.388900	-0.423500	0.210400
1627444775.915397	1.008800	-0.084600	0.295300	-0.369300	-0.476400	0.230000
1627444775.917373	0.986900	-0.074000	0.285900	-0.369600	-0.486500	0.204900
1627444775.928652	0.967500	-0.052900	0.259400	-0.347600	-0.480700	0.138000
1627444775.935080	0.959200	-0.022300	0.227100	-0.263000	-0.462600	0.077900
1627444775.956613	0.958500	-0.017100	0.199200	-0.113100	-0.441600	0.050400
1627444775.962423	0.961500	-0.025600	0.209600	-0.010400	-0.430900	0.055300
1627444775.963312	0.961500	-0.054700	0.221900	0.071400	-0.412500	0.078800
1627444775.986680	0.975600	-0.101600	0.202800	0.098600	-0.395400	0.088900
1627444775.987593	0.976100	-0.137000	0.197600	0.019800	-0.378600	0.078500
1627444775.992724	0.965000	-0.143800	0.203400	-0.138400	-0.361800	0.062600
1627444776.014404	0.954700	-0.112900	0.191500	-0.256300	-0.338300	0.048800
1627444776.030280	0.950600	-0.083900	0.150400	-0.243500	-0.314800	0.029600
1627444776.035064	0.962200	-0.062900	0.147000	-0.209000	-0.287300	0.000600
1627444776.035967	0.970700	-0.052600	0.126500	-0.138100	-0.271100	-0.016200
1627444776.047600	0.994400	-0.050000	0.080400	-0.050400	-0.272000	0.000900
1627444776.057434	0.986800	-0.053200	0.102900	0.025900	-0.290100	0.029600
1627444776.064316	0.978600	-0.091100	0.148800	0.122700	-0.254300	0.040000
1627444776.088148	0.975300	-0.124400	0.154800	0.147800	-0.220400	0.031100
1627444776.089038	0.975500	-0.119900	0.158600	0.101000	-0.190500	0.012200
1627444776.091878	0.986100	-0.098100	0.158700	0.066200	-0.160000	-0.006100
1627444776.115086	0.991600	-0.080400	0.140400	0.084900	-0.129100	-0.018700
1627444776.117033	0.999900	-0.079600	0.149900	0.107800	-0.112000	-0.028700
1627444776.129698	0.993300	-0.088300	0.163800	0.123000	-0.112000	-0.032700
1627444776.135000	0.986900	-0.116100	0.171800	0.136800	-0.092800	-0.036400
1627444776.157213	0.989300	-0.112800	0.205000	0.040000	-0.092800	-0.041600
1627444776.162425	0.989100	-0.085700	0.224200	-0.027500	-0.099800	-0.040000
1627444776.163278	0.999400	-0.066200	0.207900	0.000300	-0.112300	-0.035500
1627444776.191371	1.005700	-0.041100	0.262300	-0.024500	-0.136400	-0.043100
1627444776.192267	1.007000	-0.034100	0.274400	0.007600	-0.154200	-0.046200
1627444776.211117	1.010600	-0.024900	0.263400	0.025900	-0.181300	-0.039400
1627444776.212402	0.999300	-0.022900	0.247100	0.062300	-0.214000	-0.028400
1627444776.227776	0.992800	-0.037400	0.207500	0.086700	-0.220700	-0.019000
1627444776.232702	0.992600	-0.047700	0.185700	0.076900	-0.225600	-0.013200
1627444776.254933	0.996300	-0.048200	0.168200	0.077500	-0.225600	-0.010400
1627444776.256388	0.999300	-0.043000	0.183100	0.092800	-0.232000	-0.011600
1627444776.268067	1.002700	-0.031200	0.188000	0.121200	-0.236600	-0.014700
1627444776.268972	1.004500	-0.033900	0.132800	0.157900	-0.228700	-0.011900
1627444776.276814	1.003800	-0.040300	0.118000	0.171900	-0.238800	0.001200
1627444776.299617	1.001000	-0.054000	0.136800	0.229000	-0.230200	0.006700
1627444776.310424	1.003100	-0.098600	0.140100	0.277300	-0.215500	-0.002500
1627444776.311312	0.989100	-0.128100	0.130100	0.245500	-0.203300	-0.012900
1627444776.320653	0.986500	-0.126800	0.129400	0.218300	-0.184700	-0.026300
1627444776.344466	0.986200	-0.090300	0.152500	0.146200	-0.172800	-0.048600
1627444776.345350	0.998800	-0.046100	0.160300	0.180200	-0.146200	-0.071800
1627444776.347600	1.008200	-0.035400	0.167000	0.296800	-0.131200	-0.098700
1627444776.357303	1.011100	-0.071700	0.130200	0.404300	-0.126400	-0.114900
1627444776.361273	1.009300	-0.109500	0.145000	0.381700	-0.132500	-0.128300
1627444776.385107	1.001100	-0.144300	0.126300	0.339000	-0.116000	-0.141800
1627444776.387387	1.001500	-0.155600	0.099500	0.298000	-0.097300	-0.153400
1627444776.402236	0.995500	-0.145400	0.091700	0.262600	-0.081200	-0.173500
1627444776.406452	0.990000	-0.133800	0.071500	0.262900	-0.049400	-0.212300
1627444776.430915	0.993300	-0.147200	0.042800	0.329800	-0.016400	-0.247700
1627444776.432461	1.002300	-0.167400	0.040500	0.308100	0.031600	-0.282600
1627444776.437304	1.014900	-0.193200	0.030500	0.246400	0.090500	-0.300900
1627444776.449951	1.035300	-0.208300	0.004900	0.121800	0.171400	-0.287400
1627444776.450840	1.036500	-0.202100	-0.035200	-0.001900	0.247500	-0.275200
1627444776.477244	1.000500	-0.158200	-0.068500	-0.062100	0.339100	-0.319800
1627444776.478424	0.980700	-0.050900	-0.097800	-0.027200	0.490900	-0.388200
1627444776.493402	0.970600	0.049200	-0.136700	0.212800	0.647600	-0.434700
1627444776.495027	0.987900	0.107700	-0.133300	0.617200	0.830600	-0.492700
1627444776.516827	1.003800	0.105000	-0.099400	1.023800	1.002800	-0.564500
1627444776.517722	1.020900	0.043600	-0.061000	1.360600	1.156800	-0.630400
1627444776.521950	1.077800	-0.075700	-0.155600	1.743400	1.355900	-0.710800
1627444776.544858	1.212300	-0.205700	-0.244000	1.846000	1.566400	-0.848800
1627444776.556763	1.437300	-0.179400	-0.199100	1.682600	1.760000	-1.035800
1627444776.557646	1.685900	-0.041000	-0.230000	1.609900	1.854100	-1.164600
1627444776.564401	1.832200	0.129800	-0.272100	1.740900	1.944200	-1.201600
1627444776.587151	1.900300	0.201200	0.041000	1.850300	1.876100	-1.163400
1627444776.593744	1.821700	0.162200	0.253500	2.159700	1.705300	-1.160700
1627444776.594733	1.667400	0.058800	0.355700	2.416200	1.532400	-1.187200
1627444776.616491	1.508200	-0.064300	0.361300	2.186800	1.402300	-1.234000
1627444776.617305	1.377800	-0.100300	0.478400	1.548200	1.135700	-1.233700
1627444776.627404	1.179400	-0.077800	0.756300	0.848400	1.029400	-1.233700
1627444776.637973	0.915800	-0.073700	0.950100	0.170100	1.187000	-1.201900
1627444776.659187	0.865100	-0.080000	0.847700	-0.199500	1.435300	-1.162800
1627444776.660079	0.988300	-0.072300	0.571300	-0.737100	1.480500	-1.087100
1627444776.671953	1.157100	0.134800	0.557300	-1.297500	1.406000	-0.995400
1627444776.690759	1.149000	0.424200	0.616000	-1.455100	1.217900	-0.836900
1627444776.699222	0.905000	0.531500	0.664300	-1.261500	1.107300	-0.628600
1627444776.700119	0.646200	0.590000	0.659400	-0.916700	1.064200	-0.402600
1627444776.710621	0.496500	0.639300	0.623400	-0.545300	1.078000	-0.234900
1627444776.732577	0.447800	0.693700	0.639500	-0.112500	1.099300	-0.159800
1627444776.737009	0.450300	0.695300	0.638800	0.505400	1.106400	-0.163100
1627444776.737895	0.464500	0.591900	0.587400	1.066500	1.066700	-0.222100
1627444776.747115	0.462800	0.427200	0.571700	1.445300	0.970800	-0.312200
1627444776.751450	0.455700	0.302400	0.534300	1.520400	0.867500	-0.360100
1627444776.778109	0.427500	0.212600	0.494000	1.371300	0.749300	-0.380600
1627444776.778990	0.376500	0.154300	0.454200	1.064100	0.625000	-0.353100
1627444776.790821	0.314000	0.112900	0.422500	0.646200	0.499500	-0.278300
1627444776.814070	0.255200	0.090600	0.414700	0.138300	0.394400	-0.189700
1627444776.814903	0.225200	0.114100	0.434400	-0.399300	0.308900	-0.103000
1627444776.817104	0.223800	0.174000	0.431000	-0.844300	0.220000	-0.032400
1627444776.832528	0.237500	0.242900	0.411500	-1.042500	0.149400	0.005800
1627444776.833418	0.248200	0.309200	0.382700	-1.077900	0.073400	0.026500
1627444776.857412	0.253200	0.348600	0.357800	-0.996400	-0.010300	0.028100
1627444776.867103	0.242700	0.360200	0.358500	-0.862900	-0.088800	0.014900
1627444776.877932	0.232200	0.357500	0.366100	-0.770000	-0.159600	-0.002500
1627444776.878818	0.238000	0.351000	0.396000	-0.674400	-0.256200	-0.015900
1627444776.885636	0.255600	0.351900	0.410200	-0.597800	-0.366400	-0.012200
1627444776.908957	0.273900	0.351800	0.421500	-0.529700	-0.467800	0.008500
1627444776.909687	0.304300	0.352800	0.462000	-0.439900	-0.562500	0.028400
1627444776.919345	0.340000	0.352900	0.477700	-0.289000	-0.673100	0.045800
1627444776.929457	0.374100	0.328000	0.450600	-0.122500	-0.798300	0.076900
1627444776.953437	0.405000	0.297700	0.438100	0.014900	-0.936400	0.124000
1627444776.954322	0.443000	0.226400	0.410800	0.040600	-1.043000	0.178000
1627444776.957527	0.495100	0.134600	0.474900	-0.155200	-1.136100	0.197000
1627444776.967465	0.581300	0.045000	0.568500	-0.461300	-1.205800	0.167000
1627444776.970082	0.677100	-0.011000	0.606600	-0.891900	-1.277200	0.138300
1627444776.995265	0.762800	0.014500	0.614600	-1.375700	-1.335000	0.141400
1627444776.995973	0.847700	0.114100	0.598300	-1.736400	-1.380800	0.190300
1627444777.010889	0.921300	0.208400	0.570300	-1.903200	-1.427500	0.253200
1627444777.014358	0.970200	0.280900	0.470000	-1.939200	-1.421400	0.309700
1627444777.038248	0.986800	0.323700	0.484600	-1.920600	-1.398800	0.340800
1627444777.039141	0.990100	0.356400	0.609900	-1.769700	-1.381400	0.353000
1627444777.047454	1.004500	0.346200	0.631000	-1.373900	-1.313300	0.339900
1627444777.058076	1.047900	0.293200	0.606300	-0.865000	-1.281200	0.294400
1627444777.088024	1.066000	0.239000	0.546400	-0.431300	-1.270200	0.239400
1627444777.088923	1.065900	0.178100	0.483900	-0.096000	-1.269300	0.193600
1627444777.089739	1.040600	0.100000	0.402800	0.040300	-1.283300	0.202500
1627444777.097243	1.037500	0.099200	0.362800	-0.073400	-1.298300	0.225400
1627444777.103712	1.023400	0.186500	0.397300	-0.209300	-1.332800	0.273600
1627444777.124101	0.719700	0.168000	0.712400	-0.054700	-0.930300	0.333800
1627444777.126290	0.894000	-0.119300	0.378700	0.315200	-0.217700	0.645000
1627444777.136304	1.191000	-0.116300	-0.052000	0.451700	-0.377700	0.681100
1627444777.145268	1.574700	0.204600	-0.057300	0.231200	-0.118700	0.805400
1627444777.166007	1.726700	0.147000	-0.203100	0.977300	-0.180700	0.940100
1627444777.167145	1.529900	-0.001300	-0.320100	0.879000	-0.503900	1.063200
1627444777.187712	1.257000	-0.111500	-0.085900	0.684100	-0.558800	1.247400
1627444777.194902	1.099600	-0.222800	0.148400	0.559500	-0.600400	1.463900
1627444777.205474	0.925400	-0.231200	0.242700	0.287100	-0.709400	1.604100
1627444777.206358	0.932900	0.097900	0.236200	0.042400	-0.550000	1.445300
1627444777.215617	1.215100	0.369900	0.234400	0.558900	-0.229900	0.924800
1627444777.239515	1.374800	0.327000	0.277600	1.337100	-0.076000	0.369800
1627444777.240212	1.383800	-0.095300	0.235600	1.586100	-0.103400	0.080300
1627444777.244483	1.286600	-0.552000	0.121600	0.753400	-0.195700	-0.000600
1627444777.254479	1.179700	-0.743700	0.101400	-0.770700	-0.258600	0.137100
1627444777.263672	1.127800	-0.531900	0.202000	-2.409000	-0.273600	0.400100
1627444777.282846	1.155400	-0.138100	0.262500	-3.240700	-0.225300	0.568700
1627444777.284938	1.158300	0.287000	0.360800	-3.094700	-0.196300	0.518000
1627444777.299823	1.049000	0.472300	0.396500	-2.174100	-0.213700	0.385400
1627444777.302889	0.934300	0.480300	0.352200	-0.996700	-0.192300	0.318500
1627444777.325460	0.917200	0.356700	0.295000	0.012200	-0.162100	0.326500
1627444777.326358	0.968400	0.160500	0.312600	0.652400	-0.159600	0.353000
1627444777.336027	1.022200	0.001000	0.357100	0.959300	-0.190200	0.348500
1627444777.346864	1.033100	-0.116200	0.352300	1.031700	-0.242400	0.331700
1627444777.370138	1.024300	-0.199300	0.355600	0.886600	-0.288800	0.284300
1627444777.370950	1.036100	-0.236500	0.367300	0.685900	-0.305600	0.239400
1627444777.374798	1.046500	-0.239100	0.334800	0.423300	-0.336500	0.208900
1627444777.389869	1.054900	-0.207200	0.305200	0.140100	-0.396400	0.211300
1627444777.391496	1.030800	-0.154400	0.308100	-0.152500	-0.456200	0.223200
1627444777.414025	1.005700	-0.117100	0.248900	-0.319500	-0.495300	0.235500
1627444777.414854	0.986700	-0.086900	0.190100	-0.399300	-0.527400	0.231200
1627444777.427362	0.964200	-0.050500	0.176400	-0.417900	-0.517000	0.198200
1627444777.432664	0.964700	-0.046300	0.160800	-0.318300	-0.481900	0.167300
1627444777.454858	0.963900	-0.053000	0.151000	-0.216300	-0.452300	0.148400
1627444777.459991	0.956900	-0.051800	0.136100	-0.123400	-0.422000	0.133700
1627444777.460884	0.957800	-0.063800	0.082800	-0.031800	-0.379900	0.125800
1627444777.484010	0.969700	-0.090900	0.069700	0.036600	-0.362800	0.129800
1627444777.484902	0.972700	-0.123400	0.089600	0.019500	-0.335900	0.122400
1627444777.490707	0.968100	-0.154900	0.088700	-0.061800	-0.305600	0.114500
1627444777.513433	0.961200	-0.168500	0.065400	-0.094700	-0.266900	0.103500
1627444777.524311	0.962600	-0.145500	0.106200	-0.239500	-0.222900	0.072400
1627444777.525195	0.976100	-0.106100	0.095600	-0.279800	-0.172200	0.040600
1627444777.534510	0.976100	-0.106100	0.095600	-0.279800	-0.172200	0.040600
1627444777.549903	0.991000	-0.073100	0.078500	-0.232500	-0.135500	0.030800
1627444777.564626	0.990500	-0.056300	0.098100	-0.180000	-0.111700	0.025000
1627444777.567554	0.990100	-0.055400	0.117600	-0.090800	-0.078100	0.020100
1627444777.587661	0.987100	-0.073400	0.114000	0.005400	-0.045400	0.024400
1627444777.588701	0.987300	-0.097800	0.119600	0.028000	-0.014900	0.014300
1627444777.598564	0.998000	-0.118400	0.123000	0.013400	0.009600	-0.002800
1627444777.608869	1.010000	-0.131000	0.121700	-0.019900	0.023300	-0.018400
1627444777.633000	1.000000	-0.127100	0.135700	-0.077600	0.033400	-0.029000
1627444777.633823	0.992200	-0.130500	0.138400	-0.104200	0.052000	-0.041600
1627444777.634968	0.996300	-0.114700	0.161100	-0.157000	0.066400	-0.062600
1627444777.650595	0.998200	-0.097800	0.163800	-0.189100	0.071600	-0.081900
1627444777.654985	1.000000	-0.075900	0.180900	-0.228500	0.070300	-0.090400
1627444777.677372	0.992800	-0.058700	0.185200	-0.238300	0.067600	-0.091700
1627444777.678455	0.988400	-0.050900	0.176800	-0.201300	0.065500	-0.090400
1627444777.693495	0.990500	-0.054300	0.166300	-0.131700	0.052000	-0.084000
1627444777.697567	0.995400	-0.058100	0.180200	-0.104500	0.049600	-0.090100
1627444777.698271	1.004200	-0.060400	0.183000	-0.059600	0.044400	-0.094400
1627444777.721012	1.003900	-0.056600	0.180100	-0.041300	0.039500	-0.095000
1627444777.735424	0.998000	-0.054100	0.172500	-0.013800	0.038300	-0.097800
1627444777.736305	1.004000	-0.049800	0.173500	0.025600	0.051700	-0.106000
1627444777.743294	1.008300	-0.037500	0.197400	0.055500	0.046200	-0.108500
1627444777.771070	0.995200	-0.037000	0.184800	0.130700	0.036100	-0.090400
1627444777.773196	0.989500	-0.045900	0.169100	0.180800	0.031600	-0.075200
1627444777.774082	0.999300	-0.066500	0.156500	0.211600	0.039200	-0.082200
1627444777.784987	1.010700	-0.072600	0.192100	0.178600	0.028800	-0.095300
1627444777.786880	1.005600	-0.059000	0.203700	0.144100	0.013200	-0.095900
1627444777.811398	0.996900	-0.033400	0.186800	0.153600	0.001600	-0.085600
1627444777.813675	0.994900	-0.012100	0.177700	0.207900	-0.000500	-0.082800
1627444777.830005	1.006700	-0.009500	0.195300	0.335900	0.001000	-0.089500
1627444777.843102	1.014500	-0.025500	0.230300	0.419600	-0.015200	-0.094100
1627444777.843987	1.004900	-0.038900	0.239500	0.493800	-0.044200	-0.091400
1627444777.853614	0.997400	-0.051900	0.224000	0.552200	-0.058900	-0.091700
1627444777.857995	1.003400	-0.093000	0.213300	0.578100	-0.068000	-0.106300
1627444777.883010	1.020300	-0.123400	0.226200	0.508500	-0.089400	-0.130100
1627444777.883900	1.027200	-0.137800	0.222700	0.392400	-0.110200	-0.145100
1627444777.888216	1.025800	-0.136100	0.182900	0.303200	-0.134300	-0.149700
1627444777.910159	1.022000	-0.109700	0.174400	0.233600	-0.161500	-0.156100
1627444777.913620	1.019500	-0.099100	0.167700	0.210700	-0.166400	-0.185100
1627444777.931259	1.017500	-0.076500	0.161000	0.180500	-0.151100	-0.208900
1627444777.957849	1.010000	-0.049300	0.128100	0.211300	-0.132500	-0.215100
1627444777.960193	1.000600	-0.046000	0.095000	0.314800	-0.101600	-0.219900
1627444777.961269	1.000400	-0.092200	0.050800	0.423600	-0.057900	-0.222700
1627444777.972516	1.014200	-0.139900	0.033300	0.428200	-0.008200	-0.217500
1627444777.973393	1.002900	-0.150500	0.013400	0.342000	0.053200	-0.239200
1627444777.994767	0.974400	-0.147300	-0.033200	0.311200	0.127500	-0.300300
1627444778.002907	0.950200	-0.142100	-0.056500	0.284300	0.213300	-0.366900
1627444778.003795	0.949100	-0.157000	-0.073100	0.261700	0.289300	-0.433100
1627444778.016959	0.991600	-0.137600	-0.076700	0.189600	0.388900	-0.480500
1627444778.036584	1.047100	-0.053500	-0.063600	0.135300	0.483600	-0.487800
1627444778.046827	1.067100	0.039200	-0.049700	0.173400	0.583200	-0.479300
1627444778.052925	1.110000	0.124000	0.007900	0.412600	0.769200	-0.503700
1627444778.053844	1.172700	0.125100	0.025500	0.724100	0.906600	-0.575800
1627444778.056898	1.238500	0.081900	-0.065300	1.092500	1.076400	-0.681100
1627444778.080870	1.339500	0.065800	-0.135700	1.371600	1.261200	-0.795400
1627444778.096643	1.468300	0.056000	-0.201200	1.675900	1.419400	-0.906900
1627444778.100148	1.531500	0.045500	-0.356800	1.951100	1.527600	-1.002200
1627444778.122356	1.523900	0.033600	-0.378400	2.073500	1.649400	-1.058400
1627444778.123409	1.560700	-0.033800	-0.173300	1.988900	1.698900	-1.092600
1627444778.134399	1.608800	-0.062300	-0.026000	1.779100	1.668700	-1.137800
1627444778.135305	1.637100	-0.074200	0.116100	1.514900	1.628700	-1.211700
1627444778.147884	1.586300	-0.056900	0.284200	1.143200	1.574300	-1.323200
1627444778.162280	1.489500	-0.045000	0.398100	0.825500	1.457000	-1.416600
1627444778.163405	1.392200	-0.047100	0.579200	0.483100	1.323500	-1.491200
1627444778.174049	1.143900	-0.079500	0.721600	-0.008600	1.172000	-1.454500
1627444778.194232	0.914700	-0.093100	0.916600	-0.555000	1.424000	-1.364700
1627444778.195630	0.971800	-0.107500	0.780000	-0.811600	1.574600	-1.259600
1627444778.204832	1.069900	-0.005900	0.683000	-1.345800	1.586500	-1.165600
1627444778.213116	1.119400	0.224400	0.710800	-1.576700	1.593500	-1.002500
1627444778.234538	1.065800	0.394500	0.719000	-1.408100	1.532800	-0.822300
1627444778.242929	0.889300	0.477300	0.709000	-1.060500	1.469500	-0.611200
1627444778.243842	0.689800	0.522000	0.712800	-0.573300	1.445700	-0.365000
1627444778.254460	0.595000	0.544900	0.719500	0.002700	1.432600	-0.182400
1627444778.278135	0.547400	0.533400	0.696400	0.536000	1.396800	-0.088300
1627444778.279023	0.507900	0.499400	0.674800	0.985900	1.341900	-0.046200
1627444778.282556	0.472500	0.442100	0.638900	1.340800	1.249600	-0.037900
1627444778.292334	0.426800	0.369400	0.588500	1.576600	1.158000	-0.049500
1627444778.301257	0.387100	0.304300	0.555200	1.673700	1.053800	-0.078500
1627444778.322473	0.334200	0.241200	0.528800	1.648100	0.924000	-0.127100
1627444778.323447	0.292700	0.178600	0.498200	1.515200	0.823200	-0.171100
1627444778.333577	0.255100	0.126200	0.468100	1.228100	0.721200	-0.199500
1627444778.341422	0.217300	0.093500	0.439700	0.812700	0.622000	-0.206200
1627444778.365536	0.187100	0.084400	0.428000	0.319700	0.541000	-0.196400
1627444778.366402	0.164700	0.098300	0.408000	-0.178100	0.469800	-0.174700
1627444778.373410	0.148200	0.137000	0.399900	-0.627700	0.401700	-0.144800
1627444778.384803	0.136400	0.194700	0.380600	-0.991500	0.304600	-0.118200
1627444778.385459	0.122600	0.241200	0.386400	-1.187600	0.212700	-0.106900
1627444778.408820	0.118400	0.281400	0.427900	-1.308200	0.120100	-0.103600
1627444778.413640	0.124900	0.302100	0.426800	-1.301500	0.017800	-0.096500
1627444778.424867	0.144700	0.323500	0.412600	-1.264500	-0.075000	-0.088000
1627444778.430022	0.172900	0.351000	0.408100	-1.207400	-0.176100	-0.072700
1627444778.453009	0.205300	0.377200	0.409100	-1.116700	-0.290700	-0.049200
1627444778.458768	0.235500	0.406000	0.433200	-0.977700	-0.423800	-0.011900
1627444778.459661	0.258500	0.419100	0.445700	-0.807000	-0.539300	0.037500
1627444778.482232	0.276100	0.425900	0.430400	-0.589500	-0.645000	0.102900
1627444778.483598	0.288100	0.428100	0.444700	-0.396200	-0.734800	0.168600
1627444778.504979	0.316300	0.415200	0.516200	-0.223000	-0.804100	0.216800
1627444778.511813	0.351200	0.363500	0.566500	0.016700	-0.911000	0.258400
1627444778.512704	0.377100	0.284800	0.560200	0.197000	-1.041100	0.304500
1627444778.519317	0.397900	0.241200	0.538000	0.158200	-1.170900	0.358900
1627444778.540373	0.410600	0.231800	0.586500	-0.013200	-1.244200	0.408000
1627444778.542745	0.451800	0.228600	0.684100	-0.183300	-1.246100	0.434900
1627444778.552643	0.543300	0.225500	0.770000	-0.231000	-1.273600	0.451400
1627444778.557504	0.651400	0.199600	0.746300	-0.136600	-1.347500	0.470300
1627444778.580205	0.751600	0.197500	0.667700	-0.202200	-1.442200	0.514900
1627444778.582463	0.841600	0.237900	0.634400	-0.452700	-1.517900	0.597700
1627444778.586883	0.911300	0.284400	0.652600	-0.726400	-1.565600	0.708300
1627444778.608438	0.960100	0.312300	0.660600	-0.860500	-1.604600	0.800800
1627444778.621660	1.001200	0.327500	0.661600	-0.888900	-1.636700	0.865000
1627444778.622168	1.058800	0.354400	0.661500	-0.833000	-1.680700	0.910800
1627444778.628287	1.116800	0.334800	0.651700	-0.596900	-1.734500	0.953500
1627444778.649996	1.129900	0.238600	0.761200	-0.282000	-1.717700	0.990500
1627444778.653515	0.850200	-0.220700	1.078700	0.207900	-0.936700	1.079700
1627444778.666250	1.394200	-0.726900	0.582800	0.030200	-0.553400	1.454700
1627444778.667149	1.730600	-0.331800	0.196500	-1.080700	-0.743600	1.161500
1627444778.691469	1.899000	0.310100	0.033600	-1.499400	-0.535300	1.059800
1627444778.692327	1.817600	0.332300	-0.114400	-0.343400	-0.801700	0.998100
1627444778.702523	1.740100	0.492700	-0.373800	0.378400	-1.221300	0.925400
1627444778.713755	1.508400	0.480500	-0.216800	1.571100	-1.578400	0.935500
1627444778.735007	1.272000	-0.357300	0.066200	2.492600	-1.775100	0.972200
1627444778.736151	1.140400	-0.730200	-0.088000	1.301100	-1.730200	1.086400
1627444778.750649	1.373300	-0.261200	-0.411400	-0.025100	-1.222900	0.874700
1627444778.751541	2.019800	0.326700	-0.368400	-0.472300	-0.440300	0.162800
1627444778.753413	1.817900	0.267700	-0.276900	-0.723600	-0.323100	-0.287700
1627444778.776065	1.248900	-0.104200	-0.059600	-1.457600	-0.200900	-0.176300
1627444778.788737	0.990600	-0.341800	0.280000	-2.585800	-0.128800	0.205200
1627444778.805523	0.791100	-0.239100	0.579000	-3.327400	-0.434200	0.741900
1627444778.806410	0.556300	-0.082000	0.411900	-3.062900	-0.689600	1.023500
1627444778.823749	0.590700	0.072800	0.298500	-2.622800	-0.514900	0.857300
1627444778.835719	0.883200	0.221900	0.400500	-1.933700	-0.386300	0.438300
1627444778.836611	1.046000	0.248700	0.432600	-1.023300	-0.461700	0.169200
1627444778.841055	1.046100	0.336100	0.353400	-0.281100	-0.590300	0.117300
1627444778.855558	1.064000	0.474600	0.214000	0.620600	-0.585400	0.190900
1627444778.868386	1.133800	0.475200	0.143400	1.707600	-0.686200	0.349700
1627444778.880608	1.057300	0.252600	0.337400	2.544200	-0.741200	0.418400
1627444778.881490	1.003500	-0.198400	0.234400	2.827600	-0.647400	0.447700
1627444778.885811	0.991700	-0.610700	0.240800	2.160300	-0.540800	0.472200
1627444778.907174	1.066300	-0.799400	0.217000	0.808100	-0.505400	0.473100
1627444778.922170	1.084100	-0.734100	0.219400	-0.738000	-0.553400	0.491100
1627444778.930078	1.038500	-0.449300	0.219500	-1.919700	-0.622100	0.489000
1627444778.952216	0.967800	-0.160400	0.193700	-2.461200	-0.685900	0.387900
1627444778.953553	0.931800	0.098600	0.137000	-2.316500	-0.651400	0.257100
1627444778.961770	0.948100	0.275500	0.083000	-1.694300	-0.580200	0.153300
1627444778.962317	0.977700	0.321700	0.054100	-0.769700	-0.506000	0.119100
1627444778.973259	0.999400	0.227200	0.053700	0.097700	-0.423800	0.140500
1627444778.995932	1.021700	0.048200	0.032300	0.717700	-0.335600	0.186300
1627444779.000554	1.029800	-0.166500	-0.004800	1.035100	-0.238400	0.202200
1627444779.001590	1.010700	-0.278300	-0.024900	1.004200	-0.178000	0.179000
1627444779.017722	0.972900	-0.319600	-0.018800	0.750700	-0.151400	0.145700
1627444779.040188	0.940200	-0.302500	-0.008300	0.460200	-0.121200	0.106600
1627444779.041000	0.928600	-0.265600	-0.002400	0.225100	-0.087300	0.065300
1627444779.042646	0.935300	-0.221900	0.001000	0.049100	-0.053100	0.025300
1627444779.057404	0.964600	-0.198000	0.026900	-0.059600	-0.021000	-0.004300
1627444779.058173	0.992300	-0.160500	0.060300	-0.192200	0.009000	-0.026300
1627444779.080195	1.001100	-0.126300	0.064500	-0.251100	0.041300	-0.020800
1627444779.081015	0.995100	-0.093900	0.080100	-0.240700	0.068800	-0.011000
1627444779.086788	0.996100	-0.073400	0.081700	-0.143900	0.099700	-0.010100
1627444779.108465	0.990600	-0.045000	0.113600	-0.043400	0.115200	-0.015300
1627444779.119426	0.983900	-0.051800	0.101800	0.131300	0.139100	-0.014700
1627444779.120314	0.986500	-0.091900	0.099200	0.276400	0.146400	-0.020500
1627444779.129310	0.992100	-0.135100	0.092400	0.299300	0.159500	-0.037900
1627444779.152105	1.006100	-0.150600	0.114700	0.238500	0.158900	-0.057100
1627444779.164904	1.010300	-0.157300	0.132000	0.124300	0.154000	-0.071200
1627444779.165929	1.004300	-0.146900	0.133100	-0.010400	0.145800	-0.074300
1627444779.179244	0.996800	-0.119300	0.147900	-0.117300	0.136900	-0.069700
1627444779.180128	0.995500	-0.093900	0.159900	-0.153700	0.129300	-0.069100
1627444779.185909	0.999800	-0.085400	0.161600	-0.157700	0.124400	-0.071500
1627444779.209693	1.006700	-0.093300	0.147200	-0.130500	0.118900	-0.072400
1627444779.220700	1.013700	-0.100500	0.142900	-0.082200	0.118000	-0.075800
1627444779.225015	1.009300	-0.100100	0.162700	-0.073100	0.110400	-0.082800
1627444779.226026	0.998000	-0.089500	0.163700	-0.042800	0.108500	-0.087400
1627444779.251463	0.990800	-0.076400	0.184700	-0.020800	0.103600	-0.088600
1627444779.252823	0.988000	-0.067600	0.177400	0.015200	0.107000	-0.090700
1627444779.259890	0.999600	-0.058600	0.184000	0.042400	0.087800	-0.089500
1627444779.271418	1.003300	-0.041500	0.202900	0.043900	0.061500	-0.088000
1627444779.293701	1.005400	-0.039800	0.183300	0.041800	0.052600	-0.080700
1627444779.296034	1.022700	-0.037400	0.186900	0.087300	0.026700	-0.069400
1627444779.311377	1.018600	-0.050500	0.198100	0.123300	0.001000	-0.062000
1627444779.315047	1.010300	-0.070100	0.193600	0.140100	-0.015800	-0.058400
1627444779.335366	1.006600	-0.088000	0.171000	0.145300	-0.030800	-0.049500
1627444779.336193	1.004500	-0.087000	0.169900	0.078700	-0.049400	-0.044600
1627444779.341088	1.009400	-0.071000	0.170700	0.055500	-0.052400	-0.049200
1627444779.353806	1.009400	-0.063500	0.176600	0.079100	-0.062800	-0.062900
1627444779.354696	1.002100	-0.055200	0.175700	0.135300	-0.066500	-0.074600
1627444779.378673	1.016800	-0.056300	0.169800	0.217700	-0.056100	-0.063600
1627444779.381043	1.065400	-0.064500	0.168600	0.282200	-0.041800	-0.003100
1627444779.398888	1.061800	-0.046400	0.169100	0.370400	-0.046600	0.035100
1627444779.420171	1.016400	-0.036400	0.159800	0.549100	-0.039300	-0.004600
1627444779.420993	0.979200	-0.043900	0.151200	0.709500	-0.025000	-0.074900
1627444779.422672	0.966800	-0.079600	0.135500	0.825800	-0.006000	-0.139300
1627444779.438009	0.986800	-0.100600	0.127900	0.837400	0.012600	-0.171100
1627444779.441135	1.010100	-0.110500	0.117700	0.862200	0.028500	-0.178400
1627444779.462964	1.018700	-0.134200	0.105100	0.878100	0.051700	-0.196400
1627444779.463719	1.004900	-0.154800	0.063400	0.861600	0.091100	-0.233400
1627444779.476793	0.998500	-0.160300	0.016000	0.806600	0.163800	-0.274000
1627444779.489816	0.990600	-0.185300	-0.024800	0.762900	0.229800	-0.301800
1627444779.490984	0.982100	-0.204100	-0.059900	0.656900	0.306400	-0.338100
1627444779.498825	0.983300	-0.191200	-0.074100	0.541200	0.395600	-0.382100
1627444779.520664	0.985000	-0.179600	-0.086200	0.454700	0.475000	-0.419700
1627444779.521554	0.990400	-0.156000	-0.098400	0.396100	0.577100	-0.467000
1627444779.531272	1.014000	-0.138900	-0.180900	0.471200	0.709600	-0.518000
1627444779.539454	1.053600	-0.133900	-0.269300	0.569900	0.895000	-0.585200
1627444779.561483	1.125700	-0.108600	-0.299100	0.637100	1.064500	-0.643900
1627444779.562620	1.206700	-0.085200	-0.261600	0.740300	1.212700	-0.688200
1627444779.569759	1.300800	-0.054700	-0.260900	0.822800	1.348900	-0.725400
1627444779.581492	1.425400	0.048800	-0.322100	0.902800	1.527900	-0.774000
1627444779.582369	1.575000	0.166900	-0.103600	0.876500	1.679400	-0.783200
1627444779.606454	1.686500	0.238500	0.180900	1.077200	1.628000	-0.754100
1627444779.609953	1.677900	0.200800	0.346400	1.522800	1.530300	-0.780100
1627444779.621346	1.599100	0.126800	0.341800	1.892100	1.429500	-0.862600
1627444779.627528	1.507300	0.125100	0.383700	2.001800	1.383100	-0.968300
1627444779.650257	1.416300	0.119400	0.406100	1.962000	1.214800	-1.019600
1627444779.651073	1.313100	0.090700	0.397900	1.777600	1.029400	-1.093800
1627444779.662436	1.236900	0.075000	0.384200	1.546400	0.819900	-1.196700
1627444779.666305	1.098000	0.048200	0.352500	1.141300	0.552600	-1.262100
1627444779.690266	1.009200	0.006300	0.421800	0.764400	0.395300	-1.286500
1627444779.692690	0.912600	-0.081900	0.523600	0.324600	0.291500	-1.261200
1627444779.702287	0.852700	-0.159800	0.712800	-0.293600	0.396500	-1.229100
1627444779.712531	0.869900	-0.160200	0.793500	-0.899200	0.476300	-1.148200
1627444779.735339	0.868000	-0.072500	0.668100	-1.603600	0.570900	-1.047100
1627444779.736271	0.914100	0.150400	0.624900	-2.255100	0.732800	-0.946600
1627444779.743406	0.989100	0.423800	0.695700	-2.398300	0.863200	-0.832600
1627444779.752294	0.919100	0.547600	0.656700	-2.000600	0.881900	-0.715000
1627444779.774603	0.808200	0.621700	0.641000	-1.452400	0.921600	-0.594700
1627444779.775750	0.714700	0.664600	0.622800	-0.767000	0.936200	-0.467300
1627444779.780240	0.668100	0.649200	0.628500	-0.055600	0.982700	-0.366500
1627444779.803540	0.654400	0.576000	0.621600	0.598600	1.018400	-0.304200
1627444779.818549	0.627400	0.466800	0.597200	1.046100	1.027000	-0.276100
1627444779.822553	0.604500	0.374500	0.607100	1.278200	1.001300	-0.283800
1627444779.834335	0.571900	0.307900	0.604200	1.368000	0.968600	-0.297800
1627444779.835224	0.550400	0.258200	0.577100	1.364900	0.979900	-0.324100
1627444779.842062	0.563700	0.211700	0.542500	1.302300	0.962500	-0.370800
1627444779.850540	0.576400	0.172600	0.479500	1.170100	0.904200	-0.427000
1627444779.873130	0.573700	0.139600	0.433500	0.946200	0.841300	-0.476800
1627444779.873813	0.550700	0.103300	0.413300	0.608700	0.768000	-0.520800
1627444779.881134	0.521500	0.065700	0.421400	0.213400	0.685800	-0.551000
1627444779.891052	0.499100	0.046100	0.432400	-0.169600	0.604800	-0.573000
1627444779.895137	0.480300	0.051100	0.446800	-0.543400	0.498900	-0.583100
1627444779.916515	0.455200	0.076700	0.435500	-0.867800	0.397500	-0.577900
1627444779.921337	0.429000	0.107900	0.397900	-1.144800	0.303700	-0.559900
1627444779.932838	0.413100	0.154900	0.401400	-1.391900	0.220300	-0.536400
1627444779.937897	0.402200	0.219700	0.429300	-1.583100	0.110700	-0.494500
1627444779.962779	0.396600	0.260300	0.415000	-1.622500	0.038300	-0.449900
1627444779.963532	0.407300	0.299100	0.402800	-1.570900	-0.046300	-0.401700
1627444779.971014	0.405200	0.332300	0.374000	-1.426700	-0.147700	-0.339400
1627444779.981939	0.388300	0.363500	0.348100	-1.234600	-0.239400	-0.268500
1627444780.005194	0.371700	0.391200	0.357700	-1.008300	-0.324600	-0.186300
1627444780.006156	0.350600	0.398100	0.360800	-0.697100	-0.419000	-0.095600
1627444780.009636	0.318700	0.381100	0.374900	-0.345500	-0.522200	0.012500
1627444780.025000	0.298100	0.349100	0.395900	-0.061100	-0.603700	0.085800
1627444780.026267	0.275800	0.307700	0.384200	0.152400	-0.678300	0.164000
1627444780.044324	0.288300	0.251700	0.373300	0.247700	-0.774200	0.242500
1627444780.052826	0.346300	0.204100	0.407700	0.241200	-0.877700	0.269700
1627444780.054568	0.420500	0.199600	0.469400	0.195100	-0.964200	0.289200
1627444780.079304	0.448100	0.232700	0.494900	0.182900	-1.072000	0.348500
1627444780.080192	0.406400	0.258700	0.497400	0.226300	-1.153200	0.447100
1627444780.084538	0.379900	0.263900	0.544100	0.277000	-1.114700	0.541800
1627444780.106535	0.424200	0.242600	0.590200	0.423300	-1.059500	0.638300
1627444780.109902	0.529700	0.192000	0.657600	0.618400	-1.065000	0.698500
1627444780.121367	0.654300	0.130400	0.677500	0.708900	-1.086000	0.738500
1627444780.127505	0.749400	0.050200	0.627400	0.676500	-1.140700	0.785800
1627444780.149138	0.785400	-0.017100	0.611800	0.361600	-1.180700	0.858200
1627444780.149954	0.801000	-0.051500	0.591700	-0.162200	-1.190800	0.946200
1627444780.155724	0.807100	-0.029900	0.610400	-0.682400	-1.189000	0.996900
1627444780.179192	0.827100	0.021700	0.633200	-1.094400	-1.173700	1.021600
1627444780.179848	0.859900	0.087600	0.673800	-1.360400	-1.160200	1.014900
1627444780.185687	0.910200	0.148100	0.712800	-1.384900	-1.170600	0.990500
1627444780.208383	0.972200	0.156400	0.685800	-1.225800	-1.196600	0.970300
1627444780.209643	1.059400	0.158800	0.653100	-1.023300	-1.250300	0.933400
1627444780.219961	1.128100	0.150600	0.591800	-0.829600	-1.329800	0.864000
1627444780.230026	1.151400	0.174400	0.609600	-0.727900	-1.349600	0.779400
1627444780.240332	0.974500	0.069500	0.835400	-0.410900	-1.050600	0.713800
1627444780.251348	1.184300	-0.108300	0.549600	-0.256600	-0.442800	0.905300
1627444780.259382	1.681400	0.223000	-0.080400	-0.539800	-0.917400	0.729600
1627444780.283237	1.812600	0.799200	-0.013800	-0.204700	-0.600100	0.776700
1627444780.284129	1.689300	0.828500	-0.264800	1.452900	-0.646200	1.101700
1627444780.292697	1.674000	0.626100	-0.411700	2.885400	-0.805900	1.304800
1627444780.301214	1.596600	-0.062700	-0.176300	4.102200	-0.997100	1.335600
1627444780.305099	1.407000	-1.010400	-0.186400	3.487700	-1.340800	1.317300
1627444780.326610	1.197600	-1.204800	-0.345100	1.384200	-1.149900	1.267500
1627444780.328806	1.391200	-0.732100	-0.270800	-0.526900	-0.638900	0.881100
1627444780.340087	1.589700	-0.229400	-0.199300	-1.931900	-0.264400	0.333800
1627444780.345324	1.440800	0.029100	-0.210900	-2.705000	-0.099200	-0.067200
1627444780.368112	1.257900	0.007600	-0.183800	-2.882700	-0.074700	-0.063300
1627444780.369029	1.109100	0.001100	0.017800	-2.917500	-0.061900	0.208000
1627444780.378710	0.981300	0.102400	0.173300	-2.805800	-0.100700	0.580600
1627444780.388146	0.832300	0.174600	0.179700	-2.267300	-0.110500	0.724800
1627444780.411456	0.775100	0.245100	0.215900	-1.284400	0.038600	0.509700
1627444780.412746	0.854200	0.188800	0.306800	-0.218400	0.154900	0.230000
1627444780.422676	0.957200	0.089500	0.344200	0.641100	0.144000	0.169800
1627444780.432760	1.002300	0.040200	0.300200	0.966000	0.087100	0.244000
1627444780.450414	1.021700	-0.040200	0.262300	1.096100	0.046800	0.263900
1627444780.452421	1.042200	-0.165200	0.255600	0.950500	0.053800	0.213200
1627444780.458514	1.059900	-0.301500	0.248800	0.516100	0.065200	0.174700
1627444780.470043	1.067900	-0.398400	0.236600	-0.136600	0.071900	0.172800
1627444780.470746	1.082400	-0.363300	0.268300	-0.896800	0.073400	0.164000
1627444780.492591	1.059800	-0.204200	0.288700	-1.423100	0.036700	0.154800
1627444780.502008	1.007600	-0.039600	0.300300	-1.484800	0.001300	0.146900
1627444780.519682	0.977900	0.084700	0.329700	-1.266400	-0.022500	0.118200
1627444780.526719	0.971900	0.141800	0.318500	-0.866300	-0.043600	0.091300
1627444780.527604	0.981100	0.140000	0.302000	-0.393100	-0.057900	0.071400
1627444780.537525	1.002700	0.066300	0.280900	0.036900	-0.070200	0.062000
1627444780.540626	1.020800	-0.037600	0.296000	0.256200	-0.098300	0.062300
1627444780.566793	1.008900	-0.117200	0.304000	0.244900	-0.146500	0.070500
1627444780.567677	0.995500	-0.162200	0.278900	0.115400	-0.170900	0.065300
1627444780.582589	0.996700	-0.159800	0.294400	-0.136300	-0.197800	0.044300
1627444780.584611	1.010100	-0.131800	0.311900	-0.388900	-0.230200	0.033300
1627444780.607760	1.010400	-0.094800	0.301400	-0.559300	-0.276300	0.048500
1627444780.608577	0.997300	-0.068800	0.287000	-0.651200	-0.320000	0.062600
1627444780.621049	0.992200	-0.025100	0.281600	-0.690600	-0.350800	0.062900
1627444780.630077	1.001200	0.008300	0.237700	-0.619800	-0.369800	0.077900
1627444780.648576	1.007700	0.037800	0.217500	-0.457600	-0.384100	0.094700
1627444780.656604	1.001300	0.018300	0.184600	-0.223600	-0.380200	0.105000
1627444780.657252	0.985800	-0.032700	0.150600	-0.045900	-0.363700	0.104700
1627444780.664301	0.977100	-0.095000	0.127100	0.049400	-0.348100	0.097100
1627444780.688025	0.970000	-0.148900	0.123700	0.029000	-0.333400	0.081800
1627444780.688917	0.974600	-0.177000	0.138300	-0.103900	-0.312700	0.057100
1627444780.698699	0.979200	-0.169800	0.138500	-0.236500	-0.301100	0.038800
1627444780.709401	0.986900	-0.155800	0.121800	-0.336600	-0.290700	0.023500
1627444780.732073	0.992300	-0.129800	0.125900	-0.409000	-0.285500	0.008500
1627444780.732960	0.991200	-0.109500	0.130000	-0.438000	-0.269300	-0.000900
1627444780.737484	0.990400	-0.105000	0.110600	-0.407500	-0.251000	-0.009800
1627444780.748081	0.979000	-0.106700	0.086100	-0.368100	-0.228700	-0.019900
1627444780.772103	0.979100	-0.112500	0.081900	-0.300900	-0.181000	-0.042200
1627444780.772991	0.983600	-0.105500	0.088700	-0.261200	-0.144400	-0.063300
1627444780.779439	0.989900	-0.099100	0.087800	-0.188200	-0.105900	-0.077300
1627444780.801543	0.990600	-0.090700	0.079800	-0.127100	-0.079000	-0.086800
1627444780.803643	0.989000	-0.083700	0.079800	-0.032400	-0.038400	-0.097800
1627444780.807350	0.991600	-0.084200	0.097900	0.044200	0.002500	-0.110600
1627444780.821287	0.997800	-0.088600	0.105500	0.130700	0.046800	-0.119100
1627444780.836985	0.997900	-0.080800	0.122200	0.168200	0.073100	-0.114900
1627444780.837875	0.990500	-0.071700	0.128200	0.222300	0.089900	-0.104800
1627444780.847577	0.990000	-0.058100	0.153000	0.267500	0.098400	-0.100500
1627444780.855755	0.992600	-0.043300	0.182400	0.314200	0.099100	-0.100200
1627444780.879344	0.998700	-0.049900	0.186500	0.377500	0.101500	-0.092600
1627444780.880239	1.009200	-0.058100	0.177400	0.407100	0.103300	-0.084600
1627444780.885792	1.020800	-0.075400	0.166900	0.448300	0.106100	-0.088900
1627444780.907774	1.019900	-0.094500	0.182300	0.426900	0.105800	-0.106900
1627444780.908898	1.007000	-0.089200	0.193800	0.353600	0.103900	-0.114600
1627444780.918781	0.997700	-0.085200	0.172400	0.340500	0.102400	-0.108200
1627444780.928819	0.991000	-0.080800	0.181900	0.375900	0.093200	-0.110600
1627444780.938986	0.990700	-0.072600	0.217000	0.389400	0.080400	-0.125600
1627444780.945832	1.007200	-0.055100	0.221900	0.401000	0.073100	-0.128900
1627444780.956228	1.020400	-0.031000	0.214200	0.425100	0.031900	-0.118500
1627444780.958815	1.026900	-0.025100	0.197300	0.492000	0.007700	-0.114900
1627444780.982952	1.026500	-0.028800	0.202500	0.546100	-0.020100	-0.116700
1627444780.986178	1.010500	-0.060200	0.192000	0.568400	-0.040200	-0.117900
1627444781.009941	0.998900	-0.105700	0.190600	0.511200	-0.057300	-0.121600
1627444781.027545	0.991100	-0.136600	0.181800	0.375600	-0.073500	-0.127700
1627444781.028745	0.993000	-0.113600	0.178500	0.210700	-0.079000	-0.134100
1627444781.038167	0.999500	-0.080700	0.163000	0.125500	-0.077800	-0.143000
1627444781.039063	1.014900	-0.055800	0.147900	0.174000	-0.051500	-0.161900
1627444781.049526	1.027300	-0.030200	0.104100	0.347800	-0.010600	-0.177200
1627444781.072577	1.015700	-0.038000	0.070100	0.562600	0.035200	-0.195200
1627444781.075575	1.001300	-0.088900	0.023200	0.746400	0.094800	-0.229700
1627444781.076649	0.995700	-0.140100	-0.016000	0.836800	0.167800	-0.292300
1627444781.080335	0.998900	-0.176500	-0.041400	0.846000	0.253600	-0.365300
1627444781.103426	1.013900	-0.191200	-0.093000	0.752800	0.354400	-0.440200
1627444781.106168	1.052400	-0.127100	-0.101100	0.682600	0.470500	-0.497900
1627444781.121171	1.094500	-0.070800	-0.112900	0.760800	0.581300	-0.538500
1627444781.124922	1.129600	-0.063500	-0.125000	0.885400	0.703200	-0.573000
1627444781.146617	1.199800	-0.055700	-0.140400	0.988900	0.844000	-0.642400
1627444781.148759	1.300800	-0.015100	-0.175000	1.056400	0.981400	-0.726300
1627444781.159408	1.411900	0.027600	-0.231200	1.194200	1.128100	-0.812800
1627444781.175754	1.503900	0.048300	-0.399500	1.447700	1.341600	-0.949300
1627444781.176659	1.540300	0.097800	-0.401900	1.567700	1.537900	-1.060200
1627444781.187488	1.599100	0.070300	-0.223400	1.660900	1.656800	-1.123400
1627444781.196978	1.629500	-0.019200	-0.147900	1.740300	1.643000	-1.158200
1627444781.219692	1.648400	-0.031100	-0.021100	1.468200	1.632900	-1.227600
1627444781.224443	1.648800	0.035000	0.130000	1.228100	1.579800	-1.319800
1627444781.225334	1.535800	0.103800	0.290200	1.026500	1.455500	-1.380900
1627444781.237129	1.381800	0.074300	0.415800	0.897000	1.181500	-1.413300
1627444781.258459	1.210700	0.007000	0.603900	0.726900	0.892300	-1.434600
1627444781.266666	0.934200	-0.084500	0.867100	0.378700	0.800300	-1.409900
1627444781.267526	0.725000	-0.170800	0.986700	-0.001300	1.082200	-1.362600
1627444781.279459	0.863300	-0.224500	0.786400	-0.418200	1.278600	-1.340900
1627444781.297218	1.102900	-0.102800	0.678700	-1.172900	1.311600	-1.346700
1627444781.307866	1.279500	0.267000	0.714600	-1.556200	1.304000	-1.248300
1627444781.308906	1.138700	0.436400	0.684700	-1.329300	1.207800	-1.081300
1627444781.317631	0.882900	0.495000	0.691700	-1.001000	1.178800	-0.881800
1627444781.319320	0.717000	0.549000	0.699200	-0.631100	1.223000	-0.687900
1627444781.345402	0.656500	0.603400	0.706700	-0.180600	1.269200	-0.541600
1627444781.355313	0.621300	0.613500	0.673100	0.364600	1.268200	-0.432200
1627444781.356186	0.580100	0.580200	0.636400	0.837700	1.256000	-0.354000
1627444781.363059	0.541700	0.496600	0.616500	1.330700	1.198300	-0.294500
1627444781.386657	0.500500	0.404700	0.585700	1.601900	1.111000	-0.267000
1627444781.387514	0.462000	0.320100	0.549300	1.715300	1.024200	-0.264800
1627444781.397257	0.440100	0.242200	0.530400	1.678000	0.928600	-0.287100
1627444781.406663	0.420300	0.170400	0.504800	1.509400	0.820200	-0.310000
1627444781.433090	0.392300	0.116800	0.467400	1.206400	0.711100	-0.320700
1627444781.433629	0.352900	0.085600	0.456300	0.721100	0.599000	-0.311900
1627444781.435945	0.305300	0.080200	0.436900	0.145300	0.497300	-0.275800
1627444781.447976	0.276700	0.094200	0.389000	-0.284100	0.425600	-0.229400
1627444781.471744	0.254800	0.136500	0.371000	-0.695800	0.370300	-0.186700
1627444781.472262	0.252800	0.189100	0.391600	-0.993300	0.300900	-0.156400
1627444781.474660	0.248900	0.224000	0.375200	-1.141100	0.221800	-0.125300
1627444781.479196	0.242300	0.250000	0.338100	-1.212300	0.136900	-0.092900
1627444781.502280	0.237500	0.287000	0.348300	-1.282300	0.051700	-0.069100
1627444781.504665	0.239500	0.324300	0.378100	-1.285600	-0.051500	-0.047100
1627444781.522411	0.241700	0.351000	0.380500	-1.205300	-0.135200	-0.016200
1627444781.523264	0.251800	0.386400	0.369800	-1.038800	-0.223800	0.029000
1627444781.547311	0.255000	0.419900	0.345900	-0.801200	-0.325800	0.086400
1627444781.548488	0.258300	0.443800	0.343500	-0.518700	-0.416200	0.150500
1627444781.563862	0.275400	0.454500	0.385400	-0.223900	-0.497800	0.209200
1627444781.567571	0.303200	0.433500	0.438000	0.156600	-0.600100	0.271200
1627444781.589996	0.329300	0.390700	0.446200	0.552200	-0.700000	0.328300
1627444781.591359	0.358000	0.344000	0.438100	0.838100	-0.784900	0.376900
1627444781.595961	0.358000	0.344000	0.438100	0.838100	-0.784900	0.376900
1627444781.609883	0.397200	0.286700	0.417200	1.027100	-0.871600	0.434300
1627444781.610730	0.447900	0.213900	0.404200	1.080900	-0.962600	0.502400
1627444781.631338	0.529400	0.193100	0.466300	0.984700	-1.020100	0.566500
1627444781.634800	0.624400	0.187000	0.499900	0.995400	-1.119900	0.625500
1627444781.644675	0.686800	0.170300	0.492800	0.876800	-1.254900	0.700900
1627444781.649883	0.696700	0.190900	0.555400	0.639500	-1.375600	0.772100
1627444781.672492	0.683200	0.189700	0.568400	0.459000	-1.415300	0.801100
1627444781.674644	0.696300	0.215600	0.569200	0.140100	-1.380800	0.793500
1627444781.679155	0.742800	0.231100	0.531900	-0.023600	-1.368900	0.746400
1627444781.700947	0.790800	0.203900	0.521000	-0.124700	-1.340100	0.674100
1627444781.716640	0.863600	0.180800	0.522000	-0.282300	-1.300100	0.607500
1627444781.721142	0.908800	0.126700	0.507400	-0.538200	-1.292800	0.572700
1627444781.738939	0.913900	0.119900	0.538300	-0.919700	-1.251900	0.591900
1627444781.740090	0.927100	0.145900	0.550200	-1.288400	-1.227100	0.638300
1627444781.747186	0.926000	0.177400	0.533600	-1.615800	-1.222200	0.711000
1627444781.756098	0.936900	0.238800	0.531000	-1.873300	-1.211600	0.780300
1627444781.756967	0.983000	0.282500	0.536700	-1.938900	-1.220400	0.818800
1627444781.780784	1.055800	0.307900	0.551100	-1.808500	-1.258600	0.821900
1627444781.783195	1.125900	0.303100	0.513200	-1.464300	-1.298300	0.798700
1627444781.799881	1.118300	0.269300	0.564600	-1.156700	-1.287300	0.775800
1627444781.822303	0.977400	0.089400	0.694900	-0.769700	-0.736000	0.728100
1627444781.823593	1.240800	-0.107500	0.343500	-0.767000	-0.476400	0.941600
1627444781.834284	1.618200	0.090900	0.049600	-1.129800	-0.759500	0.711300
1627444781.835177	1.592300	0.617300	0.044200	-1.193400	-0.576600	0.775500
1627444781.843173	1.583400	0.845900	-0.252700	0.290100	-0.612300	0.958100
1627444781.865930	1.437100	0.628400	-0.381100	1.817900	-0.691100	1.132200
1627444781.874063	1.352200	0.246300	-0.297600	2.927500	-0.755200	1.208000
1627444781.874661	1.265900	-0.472500	-0.232500	3.248800	-0.891500	1.292900
1627444781.887948	1.132100	-1.083100	-0.277000	2.215900	-0.943100	1.337800
1627444781.912966	1.221300	-1.098100	-0.361000	0.333200	-0.694800	1.182300
1627444781.913812	1.625500	-0.599200	-0.153800	-1.402900	-0.228700	0.598600
1627444781.915042	1.715800	-0.215800	0.060300	-2.362600	-0.014900	0.085800
1627444781.924708	1.334200	-0.212400	0.176100	-2.868700	-0.042400	0.000600
1627444781.932489	1.033300	-0.210900	0.288700	-3.408100	-0.033500	0.149900
1627444781.956517	0.926400	-0.019300	0.199000	-3.467300	-0.063400	0.439500
1627444781.958472	0.896100	0.216300	0.385000	-3.150600	-0.141900	0.693300
