1627306455.459754	0.601100	-0.531900	-0.630200	-0.029400	0.048400	-0.066600
1627306455.460590	0.599400	-0.527500	-0.626500	-0.025400	0.055400	-0.065700
1627306455.461269	0.596200	-0.524400	-0.624300	-0.006800	0.058100	-0.056800
1627306455.461906	0.594400	-0.529100	-0.624400	0.016100	0.060000	-0.045200
1627306455.462539	0.596100	-0.532000	-0.622100	0.036300	0.061200	-0.038200
1627306455.464425	0.601000	-0.532700	-0.612200	0.042700	0.063600	-0.035500
1627306455.464994	0.602800	-0.526500	-0.601800	0.043600	0.060300	-0.029000
1627306455.465551	0.594200	-0.525000	-0.587600	0.055200	0.054500	-0.023200
1627306455.466105	0.590800	-0.529400	-0.577100	0.068400	0.044400	-0.021100
1627306455.466666	0.605700	-0.537000	-0.569200	0.047900	0.024200	-0.022000
1627306455.467224	0.613000	-0.538100	-0.567400	0.015800	-0.009700	-0.025400
1627306455.467734	0.613600	-0.534100	-0.566200	-0.012600	-0.051200	-0.026600
1627306455.468230	0.613000	-0.532200	-0.578400	-0.027200	-0.093400	-0.022300
1627306455.468725	0.616900	-0.529400	-0.595500	-0.031800	-0.136100	-0.014100
1627306455.469225	0.616000	-0.527100	-0.619400	-0.038200	-0.170900	-0.005800
1627306455.469724	0.602300	-0.523800	-0.646100	-0.050800	-0.190800	0.000300
1627306455.470190	0.598100	-0.516200	-0.676100	-0.054100	-0.197500	0.005500
1627306455.470645	0.601600	-0.502600	-0.704000	-0.065100	-0.186800	0.014900
1627306455.471090	0.641100	-0.476000	-0.736300	-0.124700	-0.169100	0.024700
1627306455.471519	0.738200	-0.404300	-0.779900	-0.323200	-0.142800	0.043600
1627306455.471996	0.751300	-0.288000	-0.824800	-0.607300	-0.089100	0.092500
1627306455.472412	0.737700	-0.165600	-0.878300	-0.831100	0.001000	0.210700
1627306455.472825	0.593000	-0.108200	-0.936800	-0.854000	0.109700	0.399500
1627306455.473278	0.510600	-0.148900	-0.999800	-0.705600	0.269800	0.708600
1627306455.473698	0.440100	-0.316900	-1.055400	-0.300600	0.429800	0.883600
1627306455.474115	0.488000	-0.503100	-1.062300	0.080000	0.585000	0.947100
1627306455.474573	0.530800	-0.632900	-1.031100	0.180200	0.725200	0.908900
1627306455.474977	0.593600	-0.652100	-0.948100	0.246400	0.836700	0.819800
1627306455.475381	0.575000	-0.641500	-0.860500	0.456300	0.928300	0.697000
1627306455.475829	0.568800	-0.591200	-0.753400	0.512500	0.977500	0.602000
1627306455.476235	0.538100	-0.530800	-0.642900	0.293500	0.999200	0.579100
1627306455.476687	0.495500	-0.516800	-0.575800	0.217100	0.980500	0.611400
1627306455.477098	0.486300	-0.575900	-0.534900	0.164000	0.960400	0.636200
1627306455.477502	0.514300	-0.667800	-0.510700	0.097700	0.919100	0.616000
1627306455.477952	0.538100	-0.746300	-0.491500	-0.063000	0.859000	0.544600
1627306455.478357	0.579000	-0.772300	-0.471100	-0.242000	0.781100	0.457500
1627306455.478762	0.576000	-0.762500	-0.456500	-0.315000	0.684900	0.344200
1627306455.479213	0.570100	-0.732800	-0.453100	-0.292000	0.567600	0.227500
1627306455.479619	0.561000	-0.684900	-0.460600	-0.403500	0.475000	0.179600
1627306455.480024	0.548300	-0.645600	-0.483800	-0.450300	0.398100	0.153900
1627306455.480463	0.547100	-0.631000	-0.517500	-0.343400	0.339400	0.132500
1627306455.480922	0.552700	-0.634400	-0.556400	-0.298200	0.298200	0.117900
1627306455.481361	0.555100	-0.629200	-0.582300	-0.337900	0.271600	0.108400
1627306455.481766	0.540400	-0.621800	-0.604100	-0.268200	0.269500	0.084600
1627306455.482171	0.549900	-0.620700	-0.617400	-0.176600	0.285400	0.051300
1627306455.482608	0.554200	-0.609900	-0.617700	-0.216600	0.302800	0.027800
1627306455.483012	0.577900	-0.590100	-0.613500	-0.283500	0.314700	0.013400
1627306455.483417	0.600300	-0.572900	-0.618700	-0.307000	0.317100	0.006700
1627306455.483865	0.610200	-0.557400	-0.632200	-0.356200	0.314400	0.015500
1627306455.484270	0.601800	-0.546900	-0.653400	-0.425800	0.317100	0.035700
1627306455.484678	0.570800	-0.542700	-0.687700	-0.419700	0.339700	0.064100
1627306455.485115	0.547900	-0.552000	-0.715800	-0.352500	0.381300	0.088900
1627306455.485539	0.536500	-0.571500	-0.738800	-0.277400	0.438400	0.102900
1627306455.486044	0.538200	-0.587900	-0.745500	-0.196800	0.505000	0.102300
1627306455.486460	0.538700	-0.599500	-0.726900	-0.129600	0.573400	0.087000
1627306455.486868	0.540300	-0.602300	-0.695700	-0.076400	0.633600	0.061100
1627306455.487308	0.547400	-0.602700	-0.649800	-0.065400	0.676000	0.028100
1627306455.487715	0.551800	-0.597300	-0.593400	-0.108800	0.708400	-0.013800
1627306455.488124	0.549800	-0.593400	-0.553600	-0.168700	0.721800	-0.058700
1627306455.488574	0.568500	-0.592200	-0.520400	-0.259700	0.721800	-0.114300
1627306455.488981	0.581800	-0.580600	-0.504400	-0.388300	0.706600	-0.169500
1627306455.489387	0.583600	-0.565200	-0.490500	-0.502800	0.683300	-0.216300
1627306455.489826	0.556400	-0.538500	-0.482800	-0.586200	0.640000	-0.251100
1627306455.490233	0.642600	-0.481700	-0.473100	-0.714500	0.543200	-0.245300
1627306455.490651	0.695800	-0.454800	-0.475100	-0.684200	0.467700	-0.263300
1627306455.491142	0.679400	-0.404300	-0.484900	-0.784100	0.401100	-0.278000
1627306455.491633	0.695700	-0.328900	-0.504500	-1.118900	0.342500	-0.212300
1627306455.492160	0.635600	-0.281400	-0.537500	-1.036400	0.308000	-0.130100
1627306455.492664	0.619800	-0.288200	-0.588100	-0.782000	0.325700	-0.052900
1627306455.493142	0.631800	-0.308700	-0.632900	-0.810400	0.387400	0.014900
1627306455.493676	0.682100	-0.289100	-0.658700	-0.907500	0.474700	0.072400
1627306455.494143	0.726400	-0.229200	-0.661900	-0.868400	0.560600	0.157000
1627306455.494606	0.672400	-0.172900	-0.642900	-0.830800	0.598400	0.301400
1627306455.495070	0.655200	-0.136100	-0.601400	-0.730000	0.585300	0.554000
1627306455.495530	0.627100	-0.208500	-0.564200	-0.261500	0.605800	0.742500
1627306455.495988	0.656700	-0.326000	-0.528000	-0.001900	0.626500	0.854900
1627306455.496503	0.664900	-0.419400	-0.480800	-0.268500	0.614600	0.930600
1627306455.496996	0.676300	-0.487500	-0.436600	-0.380900	0.563300	0.966400
1627306455.497469	0.667700	-0.561600	-0.426900	-0.300600	0.504700	0.938300
1627306455.497944	0.650400	-0.635500	-0.440600	-0.498200	0.460400	0.876300
1627306455.498407	0.637900	-0.673200	-0.471600	-0.748700	0.436300	0.781300
1627306455.498871	0.621700	-0.671500	-0.505400	-0.866600	0.426500	0.666100
1627306455.499333	0.600200	-0.657100	-0.540000	-0.956400	0.435900	0.558000
1627306455.499794	0.618500	-0.641800	-0.578000	-1.027800	0.464400	0.471300
1627306455.500259	0.610400	-0.600200	-0.609500	-1.101700	0.497300	0.412900
1627306455.500720	0.601000	-0.566400	-0.621900	-1.116400	0.539800	0.384500
1627306455.501186	0.591300	-0.540400	-0.622800	-1.078800	0.584400	0.377200
1627306455.501650	0.616200	-0.525500	-0.620100	-1.040100	0.633300	0.372600
1627306455.502110	0.614400	-0.503400	-0.607700	-1.052600	0.658600	0.392100
1627306455.502751	0.606800	-0.512600	-0.592900	-0.953300	0.681800	0.389100
1627306455.503187	0.638500	-0.542400	-0.581400	-0.723900	0.720000	0.322800
1627306455.503611	0.724200	-0.503700	-0.548800	-1.095900	0.711100	0.278200
1627306455.504056	0.715100	-0.403800	-0.517100	-1.243500	0.667800	0.272400
1627306455.504478	0.689600	-0.321500	-0.509000	-1.157000	0.627800	0.313600
1627306455.504898	0.675800	-0.276400	-0.518400	-1.203200	0.594500	0.413800
1627306455.505407	0.672600	-0.255500	-0.534900	-1.286200	0.573400	0.537200
1627306455.505858	0.662400	-0.255200	-0.551800	-1.252300	0.572500	0.649300
1627306455.506280	0.656100	-0.275400	-0.578500	-1.195800	0.592300	0.751000
1627306455.506728	0.649700	-0.298000	-0.588300	-1.213500	0.637500	0.854600
1627306455.507186	0.642600	-0.326700	-0.595600	-1.130800	0.672000	0.918700
1627306455.507653	0.683800	-0.336700	-0.578600	-1.147600	0.702600	0.977400
1627306455.508154	0.608800	-0.330000	-0.551600	-1.183000	0.700800	1.067800
1627306455.508640	0.622900	-0.355300	-0.524500	-1.143300	0.670500	1.170400
1627306455.509106	0.633700	-0.424400	-0.513200	-0.955100	0.625300	1.230900
1627306455.509556	0.638500	-0.492700	-0.508200	-1.004900	0.565100	1.255900
1627306455.509974	0.645500	-0.506800	-0.513500	-1.245000	0.483600	1.270900
1627306455.510424	0.592000	-0.499500	-0.520400	-1.237700	0.412100	1.286500
1627306455.510866	0.575600	-0.511200	-0.537400	-1.188200	0.356800	1.311800
1627306455.511405	0.567300	-0.555800	-0.572800	-1.169200	0.311900	1.331700
1627306455.511885	0.545300	-0.607100	-0.604900	-1.141100	0.291500	1.322200
1627306455.512314	0.562300	-0.641800	-0.629500	-1.113400	0.298200	1.276400
1627306455.512735	0.571800	-0.646900	-0.655000	-1.162800	0.314700	1.221100
1627306455.513410	0.543200	-0.637100	-0.658300	-1.074900	0.350700	1.171600
1627306455.514130	0.559700	-0.643300	-0.657000	-0.933500	0.396200	1.130400
1627306455.514626	0.586800	-0.649400	-0.648200	-0.865300	0.443300	1.090400
1627306455.515114	0.612900	-0.646400	-0.629900	-0.795700	0.486300	1.034200
1627306455.515631	0.651100	-0.598400	-0.610700	-0.803300	0.513200	0.989600
1627306455.516117	0.697900	-0.509300	-0.582500	-0.945400	0.534000	0.991400
1627306455.516593	0.705200	-0.428600	-0.570800	-0.858000	0.556000	1.029300
1627306455.517043	0.670400	-0.410600	-0.567300	-0.866600	0.576400	1.117200
1627306455.517535	0.683100	-0.434200	-0.580300	-0.899600	0.594200	1.209200
1627306455.518014	0.687300	-0.496200	-0.584100	-0.904100	0.609100	1.284900
1627306455.518461	0.699000	-0.608900	-0.602200	-0.808500	0.611000	1.303900
1627306455.518909	0.710600	-0.698100	-0.611200	-0.891600	0.590200	1.283700
1627306455.519340	0.714400	-0.745200	-0.596300	-1.092300	0.558100	1.238500
1627306455.519767	0.691300	-0.780300	-0.587600	-1.023900	0.495500	1.120900
1627306455.520223	0.677200	-0.786000	-0.591800	-1.008000	0.440800	1.017400
1627306455.520647	0.665200	-0.746100	-0.596900	-1.147900	0.389800	0.932800
1627306455.521098	0.665600	-0.683300	-0.610000	-1.175700	0.337000	0.878700
1627306455.521524	0.663600	-0.641500	-0.639300	-1.042800	0.289300	0.858200
1627306455.521951	0.662400	-0.628900	-0.678800	-0.921800	0.258200	0.859200
1627306455.522409	0.658200	-0.616500	-0.717900	-0.888900	0.249000	0.872600
1627306455.522833	0.638200	-0.593800	-0.741300	-0.841500	0.267000	0.896700
1627306455.523262	0.615100	-0.590300	-0.754800	-0.734600	0.301600	0.928500
1627306455.523761	0.603800	-0.621300	-0.768300	-0.601400	0.348900	0.951400
1627306455.524232	0.592300	-0.668600	-0.773800	-0.511300	0.402700	0.949600
1627306455.524701	0.578400	-0.709800	-0.768600	-0.475900	0.465000	0.918100
1627306455.525228	0.573400	-0.743500	-0.755200	-0.461300	0.530600	0.862200
1627306455.525657	0.571800	-0.764900	-0.738600	-0.411200	0.592900	0.779700
1627306455.526257	0.571000	-0.774800	-0.721100	-0.358600	0.642700	0.694500
1627306455.526691	0.605500	-0.760900	-0.705000	-0.362600	0.680900	0.622700
1627306455.527114	0.616300	-0.736000	-0.689700	-0.375100	0.720300	0.561000
1627306455.527593	0.626800	-0.718500	-0.679600	-0.342400	0.761500	0.505200
1627306455.528008	0.635900	-0.699300	-0.670300	-0.318000	0.792100	0.463300
1627306455.528418	0.619300	-0.684200	-0.657800	-0.325300	0.827200	0.431200
1627306455.528879	0.619300	-0.684200	-0.657800	-0.325300	0.827200	0.431200
1627306455.529317	0.609700	-0.676500	-0.650300	-0.307900	0.860500	0.405600
1627306455.529863	0.616500	-0.681800	-0.646900	-0.291700	0.884600	0.382400
1627306455.530327	0.625700	-0.701700	-0.637700	-0.225800	0.888600	0.350000
1627306455.530736	0.622800	-0.720300	-0.614000	-0.139900	0.875200	0.307500
1627306455.531173	0.609400	-0.719400	-0.583100	-0.128600	0.851300	0.266900
1627306455.531579	0.599000	-0.702800	-0.546400	-0.119200	0.821400	0.228100
1627306455.531982	0.621700	-0.682900	-0.512000	-0.071200	0.784400	0.199400
1627306455.532419	0.632900	-0.672000	-0.480200	-0.061800	0.734400	0.165500
1627306455.532823	0.632000	-0.665300	-0.459100	-0.115500	0.685200	0.146300
1627306455.533225	0.635500	-0.664300	-0.445800	-0.143900	0.644900	0.123700
1627306455.533661	0.628900	-0.679700	-0.444200	-0.116700	0.607300	0.088900
1627306455.534063	0.637200	-0.700800	-0.441300	-0.117600	0.586500	0.021700
1627306455.534472	0.639500	-0.698700	-0.441300	-0.222100	0.558100	-0.046800
1627306455.534919	0.627700	-0.673200	-0.440300	-0.307000	0.526700	-0.105700
1627306455.535338	0.609500	-0.650000	-0.440800	-0.267600	0.488500	-0.170200
1627306455.535755	0.601800	-0.641600	-0.449200	-0.282600	0.473500	-0.220900
1627306455.536197	0.597800	-0.617900	-0.447800	-0.400500	0.466200	-0.256300
1627306455.536618	0.600500	-0.595200	-0.439700	-0.469800	0.466500	-0.278900
1627306455.537064	0.600800	-0.590800	-0.437900	-0.415100	0.471400	-0.307600
1627306455.537480	0.615000	-0.595500	-0.435100	-0.405700	0.482400	-0.342700
1627306455.537896	0.633500	-0.576500	-0.423200	-0.477100	0.486000	-0.372000
1627306455.538333	0.644400	-0.535600	-0.404300	-0.446900	0.482700	-0.394600
1627306455.538747	0.655000	-0.506700	-0.389300	-0.373600	0.477500	-0.397700
1627306455.539161	0.666600	-0.483200	-0.374100	-0.350100	0.467100	-0.380000
1627306455.539599	0.654100	-0.460800	-0.359400	-0.331100	0.450000	-0.348500
1627306455.540073	0.664300	-0.458300	-0.344800	-0.296900	0.429800	-0.307300
1627306455.540517	0.671600	-0.479500	-0.333900	-0.200700	0.399900	-0.280400
1627306455.540960	0.686400	-0.507000	-0.318000	-0.165300	0.353800	-0.267300
1627306455.541428	0.694900	-0.515500	-0.299900	-0.200700	0.294500	-0.261500
1627306455.541869	0.699000	-0.512500	-0.270500	-0.179600	0.229200	-0.258400
1627306455.542294	0.714800	-0.513800	-0.244500	-0.094100	0.132700	-0.252600
1627306455.542710	0.705300	-0.522500	-0.241900	-0.069700	0.028500	-0.248300
1627306455.543154	0.706800	-0.514000	-0.240600	-0.105400	-0.079000	-0.237700
1627306455.543568	0.696700	-0.497300	-0.247900	-0.063000	-0.186800	-0.225100
1627306455.543983	0.703200	-0.487100	-0.285800	0.015500	-0.296500	-0.206800
1627306455.544425	0.704600	-0.483800	-0.330300	0.031700	-0.377700	-0.181500
1627306455.544838	0.698600	-0.477100	-0.369500	0.041200	-0.435100	-0.153700
1627306455.545259	0.679200	-0.467500	-0.391200	0.089700	-0.475500	-0.123400
1627306455.545708	0.686800	-0.476600	-0.408400	0.172500	-0.511200	-0.095900
1627306455.546110	0.702400	-0.496600	-0.434100	0.275400	-0.547900	-0.077000
1627306455.546544	0.698400	-0.506600	-0.463900	0.270600	-0.580200	-0.058100
1627306455.546945	0.695800	-0.505100	-0.509000	0.282200	-0.594900	-0.048900
1627306455.547347	0.685400	-0.505100	-0.540500	0.366200	-0.579300	-0.053800
1627306455.547793	0.685700	-0.513300	-0.567500	0.409200	-0.546600	-0.062300
1627306455.548194	0.689100	-0.519900	-0.586400	0.394900	-0.511800	-0.072700
1627306455.548594	0.689100	-0.521100	-0.602200	0.398500	-0.476700	-0.083100
1627306455.549049	0.681500	-0.525400	-0.609700	0.417800	-0.435500	-0.099900
1627306455.549477	0.679300	-0.537200	-0.610700	0.422100	-0.392700	-0.125300
1627306455.549923	0.681200	-0.554700	-0.604400	0.460500	-0.339500	-0.176300
1627306455.550398	0.677200	-0.560400	-0.593600	0.456000	-0.304400	-0.225400
1627306455.550838	0.679100	-0.555500	-0.576900	0.431500	-0.280000	-0.270600
1627306455.551291	0.694200	-0.540300	-0.557900	0.441000	-0.269900	-0.305800
1627306455.551711	0.700100	-0.522000	-0.541600	0.447400	-0.282700	-0.324400
1627306455.552112	0.697100	-0.508200	-0.530300	0.445300	-0.303500	-0.326800
1627306455.552556	0.695200	-0.502300	-0.522200	0.475200	-0.331900	-0.322000
1627306455.552957	0.698400	-0.508300	-0.514600	0.522500	-0.368300	-0.312200
1627306455.553359	0.696900	-0.518800	-0.512800	0.546700	-0.406400	-0.302100
1627306455.553794	0.693100	-0.529700	-0.508500	0.572000	-0.444000	-0.297200
1627306455.554196	0.692300	-0.543600	-0.509300	0.612000	-0.479400	-0.303000
1627306455.554602	0.687400	-0.558600	-0.507600	0.634900	-0.509100	-0.320100
1627306455.556691	0.680800	-0.566400	-0.511100	0.629100	-0.535000	-0.342400
1627306455.557136	0.679700	-0.568400	-0.514900	0.620600	-0.556700	-0.375700
1627306455.557615	0.680100	-0.571400	-0.518600	0.618100	-0.572900	-0.407800
1627306455.558019	0.676400	-0.577100	-0.522800	0.612300	-0.584800	-0.438300
1627306455.560513	0.680800	-0.579300	-0.526400	0.588500	-0.596400	-0.468600
1627306455.561039	0.680200	-0.569200	-0.530400	0.554000	-0.604400	-0.495400
1627306455.561465	0.676900	-0.560100	-0.534800	0.551300	-0.609600	-0.517100
1627306455.561909	0.666900	-0.560900	-0.546800	0.606800	-0.612600	-0.539100
1627306455.562365	0.660000	-0.558800	-0.562000	0.594600	-0.609900	-0.562300
1627306455.564481	0.649700	-0.554300	-0.572000	0.565300	-0.602500	-0.574200
1627306455.564953	0.646600	-0.561500	-0.581500	0.609600	-0.591200	-0.590700
1627306455.565373	0.648400	-0.573600	-0.589400	0.660900	-0.584500	-0.610900
1627306455.565819	0.646700	-0.586700	-0.594100	0.662400	-0.576600	-0.638100
1627306455.567506	0.646500	-0.580600	-0.593900	0.646200	-0.565600	-0.672900
1627306455.567943	0.646700	-0.561200	-0.591100	0.639800	-0.555800	-0.701600
1627306455.568358	0.638700	-0.541300	-0.588000	0.647800	-0.540500	-0.724800
1627306455.568773	0.644500	-0.529300	-0.586400	0.636200	-0.530400	-0.734000
1627306455.569630	0.648800	-0.530200	-0.586500	0.632500	-0.523700	-0.736400
1627306455.570044	0.646900	-0.541900	-0.584600	0.666400	-0.520100	-0.749000
1627306455.573048	0.640600	-0.550200	-0.582600	0.672800	-0.514300	-0.768200
1627306455.573463	0.649500	-0.548700	-0.572300	0.678000	-0.514000	-0.789900
1627306455.573907	0.657700	-0.529100	-0.552900	0.709500	-0.522800	-0.810300
1627306455.574323	0.653300	-0.496000	-0.538600	0.724700	-0.546000	-0.814000
1627306455.574736	0.653600	-0.466400	-0.530500	0.728700	-0.567700	-0.794200
1627306455.577282	0.642800	-0.458900	-0.528900	0.773600	-0.595200	-0.759000
1627306455.577684	0.642500	-0.471800	-0.535300	0.813300	-0.622100	-0.723000
1627306455.578084	0.641500	-0.495200	-0.540600	0.843600	-0.653800	-0.693100
1627306455.578528	0.638200	-0.524200	-0.551300	0.881700	-0.685900	-0.673500
1627306455.580650	0.633900	-0.552700	-0.554600	0.910700	-0.716100	-0.671100
1627306455.581085	0.626600	-0.578100	-0.556200	0.931800	-0.738400	-0.687600
1627306455.581491	0.629800	-0.580600	-0.554300	0.893000	-0.756200	-0.710800
1627306455.581938	0.629000	-0.580900	-0.559300	0.855500	-0.775400	-0.725100
1627306455.583996	0.615400	-0.592000	-0.568800	0.910400	-0.790100	-0.748300
1627306455.584440	0.604400	-0.603900	-0.578400	0.908300	-0.795300	-0.778900
1627306455.584844	0.599400	-0.603400	-0.583400	0.856400	-0.791900	-0.812200
1627306455.586538	0.607800	-0.603100	-0.590600	0.869800	-0.788500	-0.852800
1627306455.586940	0.615800	-0.599900	-0.596400	0.886900	-0.792200	-0.890100
1627306455.587343	0.617900	-0.588400	-0.593600	0.855800	-0.802600	-0.907500
1627306455.587789	0.628200	-0.565900	-0.595300	0.825800	-0.812100	-0.919400
1627306455.589846	0.624300	-0.539800	-0.599100	0.796800	-0.816600	-0.918800
1627306455.590284	0.619000	-0.524500	-0.603900	0.793500	-0.814800	-0.910500
1627306455.590690	0.612800	-0.517000	-0.608600	0.788000	-0.807500	-0.899500
1627306455.591117	0.618900	-0.517600	-0.614500	0.786400	-0.801400	-0.893100
1627306455.593178	0.617900	-0.520600	-0.617100	0.824300	-0.801100	-0.893100
1627306455.593622	0.622100	-0.520900	-0.619500	0.858200	-0.802900	-0.894600
1627306455.594025	0.630100	-0.505600	-0.608900	0.846900	-0.804400	-0.892500
1627306455.596144	0.644000	-0.489600	-0.605500	0.783400	-0.811100	-0.873000
1627306455.596613	0.646700	-0.483400	-0.598500	0.806000	-0.827000	-0.842700
1627306455.597048	0.658600	-0.506800	-0.610700	0.775100	-0.841400	-0.812200
1627306455.597463	0.640300	-0.556800	-0.632300	0.718300	-0.865800	-0.793500
1627306455.599215	0.621500	-0.604700	-0.654700	0.701500	-0.874100	-0.811900
1627306455.599658	0.609700	-0.638500	-0.676500	0.710400	-0.877700	-0.857400
1627306455.600060	0.602700	-0.640400	-0.690400	0.679800	-0.864600	-0.920000
1627306455.600463	0.593000	-0.622300	-0.703600	0.689600	-0.849600	-0.982000
1627306455.600910	0.588900	-0.599900	-0.715000	0.764100	-0.834300	-1.032400
1627306455.603005	0.595500	-0.578600	-0.725600	0.807200	-0.816900	-1.062600
1627306455.603411	0.602700	-0.558300	-0.738800	0.809600	-0.792800	-1.080000
1627306455.603813	0.595800	-0.544100	-0.745100	0.825800	-0.763500	-1.084300
1627306455.604246	0.580700	-0.540200	-0.749000	0.848100	-0.726800	-1.086800
1627306455.606804	0.576200	-0.547000	-0.749800	0.886900	-0.685900	-1.094100
1627306455.607206	0.589500	-0.554000	-0.745800	0.912300	-0.648600	-1.109100
1627306455.607651	0.592700	-0.553100	-0.736900	0.908300	-0.620200	-1.123100
1627306455.608056	0.598600	-0.545300	-0.726000	0.917200	-0.597600	-1.132600
1627306455.610200	0.606400	-0.538000	-0.715700	0.965100	-0.579300	-1.139000
1627306455.610605	0.606300	-0.537100	-0.708400	0.980100	-0.567400	-1.142300
1627306455.611040	0.606200	-0.527800	-0.704700	0.968500	-0.552700	-1.146600
1627306455.612706	0.612500	-0.517200	-0.700000	0.969400	-0.542400	-1.150000
1627306455.613108	0.608300	-0.506500	-0.695400	0.981600	-0.534400	-1.149400
1627306455.613553	0.608000	-0.498400	-0.693700	0.991400	-0.524900	-1.145100
1627306455.615205	0.616500	-0.493800	-0.692100	0.994400	-0.517600	-1.137200
1627306455.615628	0.619000	-0.490100	-0.695800	0.979500	-0.515200	-1.128600
1627306455.616142	0.617900	-0.489700	-0.695100	0.968500	-0.510000	-1.120100
1627306455.616543	0.619600	-0.495000	-0.694900	0.992600	-0.505100	-1.115500
1627306455.618667	0.618300	-0.502700	-0.698500	1.021600	-0.500800	-1.121000
1627306455.619071	0.620400	-0.502800	-0.696000	1.014000	-0.492900	-1.129800
1627306455.619518	0.615100	-0.488800	-0.693700	0.988600	-0.484600	-1.139600
1627306455.619923	0.617700	-0.465900	-0.691400	0.987100	-0.475800	-1.144500
1627306455.621584	0.619300	-0.451200	-0.689900	0.997500	-0.470000	-1.138700
1627306455.621986	0.619400	-0.440200	-0.691500	0.990200	-0.462900	-1.128900
1627306455.622387	0.621500	-0.435900	-0.697400	0.980400	-0.455000	-1.117900
1627306455.624394	0.000000	833.255100	0.047200	0.000000	0.000000	0.000000
1627306457.506176	0.760300	-0.402700	-0.601000	0.443100	-0.443700	-0.379100
1627306457.512229	0.761200	-0.394800	-0.602500	0.458700	-0.435100	-0.390400
1627306457.521029	0.761500	-0.396900	-0.606100	0.478300	-0.430600	-0.395900
1627306457.521931	0.755900	-0.403100	-0.608900	0.491700	-0.428400	-0.396200
1627306457.540968	0.753500	-0.412200	-0.612200	0.500900	-0.428400	-0.398000
1627306457.549757	0.751800	-0.419400	-0.617300	0.523200	-0.426000	-0.404400
1627306457.550666	0.745400	-0.428200	-0.619400	0.555800	-0.422900	-0.417300
1627306457.557916	0.737100	-0.430300	-0.615200	0.582100	-0.415300	-0.432200
1627306457.578748	0.737900	-0.431600	-0.609500	0.623600	-0.411600	-0.448400
1627306457.580048	0.737100	-0.435700	-0.606300	0.664300	-0.415000	-0.456300
1627306457.595004	0.735500	-0.444700	-0.607400	0.696000	-0.423500	-0.461500
1627306457.601190	0.743200	-0.459000	-0.612900	0.726600	-0.433300	-0.469200
1627306457.620402	0.742700	-0.472700	-0.619300	0.747000	-0.444000	-0.482600
1627306457.621217	0.738300	-0.487300	-0.626200	0.763500	-0.451900	-0.503400
1627306457.631368	0.742900	-0.491300	-0.630700	0.790100	-0.461400	-0.530900
1627306457.642256	0.755600	-0.491600	-0.637800	0.821300	-0.473300	-0.567200
1627306457.663894	0.770800	-0.479500	-0.642700	0.838100	-0.486200	-0.599900
1627306457.665430	0.783200	-0.465600	-0.651600	0.848100	-0.499000	-0.627400
1627306457.679553	0.788800	-0.451200	-0.663300	0.848100	-0.510300	-0.643900
1627306457.680451	0.790300	-0.442300	-0.679100	0.847200	-0.519400	-0.650300
1627306457.684441	0.776700	-0.437700	-0.701200	0.853600	-0.522800	-0.652400
1627306457.707602	0.776700	-0.437700	-0.701200	0.853600	-0.522800	-0.652400
1627306457.719580	0.760600	-0.440100	-0.722200	0.867700	-0.513600	-0.657000
1627306457.720479	0.748500	-0.448000	-0.740200	0.881100	-0.482200	-0.675000
1627306457.726762	0.736200	-0.452500	-0.753400	0.865200	-0.444900	-0.697300
1627306457.748069	0.727400	-0.461400	-0.761800	0.862500	-0.394200	-0.727900
1627306457.749083	0.725600	-0.472200	-0.767000	0.867100	-0.334700	-0.770600
1627306457.761306	0.718900	-0.477200	-0.761400	0.847200	-0.273900	-0.820400
1627306457.768648	0.712300	-0.473500	-0.741000	0.817900	-0.216500	-0.873900
1627306457.791597	0.702800	-0.460100	-0.709800	0.797100	-0.164200	-0.929800
1627306457.792825	0.696000	-0.434000	-0.670300	0.781500	-0.124500	-0.978900
1627306457.800150	0.696900	-0.412500	-0.641200	0.781900	-0.109300	-1.008600
1627306457.811101	0.690800	-0.388900	-0.611100	0.773600	-0.112900	-1.020200
1627306457.812004	0.687400	-0.369900	-0.588500	0.749500	-0.131200	-1.014700
1627306457.835433	0.690100	-0.360600	-0.576400	0.745800	-0.160000	-0.992700
1627306457.839007	0.688100	-0.369000	-0.572300	0.758000	-0.196600	-0.964900
1627306457.840523	0.678000	-0.392900	-0.577400	0.757700	-0.238800	-0.938000
1627306457.859994	0.664400	-0.423200	-0.583300	0.794700	-0.276000	-0.933400
1627306457.872341	0.662100	-0.442500	-0.584000	0.809000	-0.293100	-0.953900
1627306457.891597	0.658600	-0.445700	-0.585800	0.814500	-0.309300	-0.988100
1627306457.892728	0.656900	-0.419100	-0.574600	0.835600	-0.319100	-1.026300
1627306457.899931	0.657200	-0.389600	-0.565200	0.867400	-0.327000	-1.052600
1627306457.911017	0.666000	-0.353500	-0.561800	0.869500	-0.333700	-1.060200
1627306457.911911	0.673700	-0.328400	-0.564700	0.856700	-0.353600	-1.037600
1627306457.937973	0.680900	-0.320800	-0.570600	0.864000	-0.367300	-1.005800
1627306457.939163	0.684700	-0.330400	-0.584200	0.856100	-0.378000	-0.978900
1627306457.948908	0.687100	-0.344100	-0.595700	0.847500	-0.385100	-0.959100
1627306457.957268	0.683500	-0.359300	-0.605500	0.853900	-0.386900	-0.952700
1627306457.979264	0.682400	-0.365000	-0.609500	0.863400	-0.382900	-0.953900
1627306457.980091	0.686400	-0.368200	-0.611500	0.883000	-0.376500	-0.961200
1627306457.986672	0.686400	-0.356100	-0.612200	0.920800	-0.370100	-0.971000
1627306458.010126	0.686000	-0.342500	-0.609900	0.957800	-0.362800	-0.973100
1627306458.018169	0.688600	-0.325100	-0.603400	0.996900	-0.354200	-0.966100
1627306458.018870	0.691800	-0.311500	-0.595000	1.038700	-0.342900	-0.952400
1627306458.029180	0.693200	-0.304900	-0.586200	1.082400	-0.335600	-0.936800
1627306458.052539	0.696200	-0.299400	-0.571400	1.112600	-0.332200	-0.916300
1627306458.056995	0.705000	-0.301100	-0.559100	1.138300	-0.335900	-0.894300
1627306458.057891	0.709800	-0.307000	-0.543200	1.177400	-0.354200	-0.871400
1627306458.067681	0.717500	-0.312100	-0.535000	1.180400	-0.377700	-0.853100
1627306458.070352	0.719000	-0.317700	-0.530300	1.175900	-0.407000	-0.837200
1627306458.095441	0.717900	-0.325000	-0.524400	1.171000	-0.441300	-0.822600
1627306458.097666	0.713000	-0.335200	-0.524200	1.160600	-0.478800	-0.814000
1627306458.112666	0.716800	-0.350100	-0.528400	1.144100	-0.517900	-0.812200
1627306458.116070	0.716900	-0.364500	-0.531700	1.114800	-0.560400	-0.818600
1627306458.139655	0.710900	-0.373000	-0.542200	1.083900	-0.603400	-0.836000
1627306458.140654	0.711900	-0.370000	-0.551800	1.075100	-0.634900	-0.854000
1627306458.158445	0.707900	-0.360800	-0.563000	1.053400	-0.665100	-0.869300
1627306458.169799	0.706800	-0.346300	-0.574700	1.026800	-0.691100	-0.869900
1627306458.170699	0.703000	-0.330900	-0.588600	1.013400	-0.714000	-0.858600
1627306458.178102	0.704300	-0.327600	-0.609400	1.016400	-0.729900	-0.840900
1627306458.197447	0.700400	-0.336800	-0.636200	1.016700	-0.736300	-0.819500
1627306458.198706	0.691000	-0.346700	-0.658200	1.021900	-0.725600	-0.809100
1627306458.214188	0.686200	-0.352500	-0.669700	1.037200	-0.705500	-0.810300
1627306458.217298	0.684600	-0.350300	-0.671900	1.043000	-0.679200	-0.816100
1627306458.236727	0.684000	-0.335800	-0.668500	1.034100	-0.659300	-0.817100
1627306458.237942	0.680400	-0.317600	-0.660900	1.028000	-0.643800	-0.806100
1627306458.248902	0.676000	-0.303100	-0.656600	1.031100	-0.637300	-0.784400
1627306458.256141	0.670700	-0.295300	-0.653600	1.027700	-0.637300	-0.748300
1627306458.276659	0.662200	-0.293900	-0.658700	1.007300	-0.639200	-0.713500
1627306458.277489	0.661700	-0.294700	-0.662700	0.983400	-0.645900	-0.677500
1627306458.285623	0.655600	-0.301400	-0.671900	0.969700	-0.654400	-0.639300
1627306458.307611	0.654300	-0.317000	-0.680500	0.972100	-0.659900	-0.605100
1627306458.318285	0.648400	-0.339700	-0.690900	0.969100	-0.663600	-0.583400
1627306458.319186	0.639500	-0.357200	-0.701400	0.941900	-0.663000	-0.571800
1627306458.326746	0.629500	-0.370700	-0.709600	0.919300	-0.651400	-0.572700
1627306458.345218	0.626800	-0.371500	-0.718400	0.927500	-0.634000	-0.583100
1627306458.358202	0.631800	-0.365000	-0.722300	0.931200	-0.611700	-0.594700
1627306458.365938	0.631500	-0.349600	-0.718000	0.930000	-0.583600	-0.603600
1627306458.366863	0.633900	-0.325800	-0.707600	0.930300	-0.554900	-0.604500
1627306458.389098	0.641700	-0.304600	-0.697100	0.939200	-0.528900	-0.589200
1627306458.392591	0.647600	-0.292200	-0.682700	0.938800	-0.511200	-0.560500
1627306458.400061	0.651200	-0.290500	-0.669900	0.918100	-0.499300	-0.511300
1627306458.408443	0.649900	-0.299700	-0.657800	0.908600	-0.499600	-0.470700
1627306458.427896	0.646900	-0.315100	-0.647700	0.908000	-0.504200	-0.438600
1627306458.429042	0.647600	-0.331200	-0.632100	0.906200	-0.514600	-0.418200
1627306458.439021	0.648400	-0.339500	-0.619600	0.900400	-0.533500	-0.404400
1627306458.443603	0.652200	-0.338400	-0.606700	0.890000	-0.560400	-0.393400
1627306458.467879	0.653000	-0.336200	-0.596600	0.882300	-0.597000	-0.377900
1627306458.472286	0.653600	-0.338600	-0.592500	0.868600	-0.642500	-0.357700
1627306458.473196	0.660300	-0.346800	-0.594700	0.845400	-0.684700	-0.341200
1627306458.495441	0.665400	-0.356200	-0.605000	0.798700	-0.726500	-0.325900
1627306458.497639	0.668700	-0.363400	-0.617300	0.753100	-0.764100	-0.313400
1627306458.504204	0.670800	-0.369400	-0.634300	0.718000	-0.798300	-0.302700
1627306458.528236	0.671800	-0.373400	-0.652300	0.698200	-0.822100	-0.294500
1627306458.529143	0.661400	-0.373400	-0.674200	0.679500	-0.841100	-0.285600
1627306458.537806	0.654700	-0.377400	-0.693700	0.660300	-0.848400	-0.275800
1627306458.542944	0.651900	-0.382700	-0.709800	0.641400	-0.847800	-0.263900
1627306458.556351	0.646100	-0.397000	-0.723300	0.628500	-0.841700	-0.252600
1627306458.571818	0.645100	-0.413700	-0.736600	0.623900	-0.831900	-0.251100
1627306458.576147	0.645000	-0.428100	-0.744900	0.598600	-0.820900	-0.254500
1627306458.596619	0.642100	-0.443600	-0.753300	0.580900	-0.811700	-0.265500
1627306458.597440	0.634400	-0.453900	-0.765300	0.570500	-0.799500	-0.286500
1627306458.608894	0.628300	-0.455300	-0.774500	0.545400	-0.788800	-0.305200
1627306458.616143	0.622400	-0.459400	-0.789300	0.531400	-0.776300	-0.319800
1627306458.635514	0.615800	-0.462900	-0.809800	0.524700	-0.760100	-0.336600
1627306458.637798	0.608300	-0.465900	-0.828500	0.498100	-0.740600	-0.351000
1627306458.649151	0.600800	-0.465000	-0.841900	0.457200	-0.716500	-0.362300
1627306458.656177	0.596800	-0.469700	-0.859600	0.445300	-0.688700	-0.372700
1627306458.681699	0.592900	-0.481900	-0.876300	0.441600	-0.652600	-0.391000
1627306458.684399	0.586900	-0.490600	-0.888300	0.410800	-0.620900	-0.412400
1627306458.707948	0.580300	-0.492800	-0.896700	0.380800	-0.583300	-0.436500
1627306458.708769	0.575800	-0.491700	-0.907600	0.375300	-0.540500	-0.466400
1627306458.710381	0.572400	-0.486600	-0.911900	0.368000	-0.489800	-0.496100
1627306458.724695	0.571800	-0.479500	-0.919600	0.353600	-0.432100	-0.526900
1627306458.725700	0.572400	-0.473400	-0.919700	0.353300	-0.368000	-0.562900
1627306458.748051	0.575600	-0.452300	-0.913300	0.337500	-0.286700	-0.602600
1627306458.748980	0.574800	-0.428100	-0.901000	0.296500	-0.227100	-0.624300
1627306458.757710	0.574600	-0.403600	-0.892700	0.274200	-0.172800	-0.638400
1627306458.765991	0.575400	-0.388400	-0.887800	0.262300	-0.119300	-0.642700
1627306458.787556	0.581300	-0.379500	-0.884900	0.235700	-0.068300	-0.640800
1627306458.788837	0.589000	-0.377400	-0.880100	0.205800	-0.017600	-0.635000
1627306458.796089	0.596100	-0.374000	-0.868200	0.189600	0.033700	-0.628600
1627306458.807130	0.595800	-0.373400	-0.851900	0.176200	0.078300	-0.616400
1627306458.830031	0.604400	-0.377700	-0.837000	0.176500	0.103300	-0.605100
1627306458.831045	0.610500	-0.379600	-0.826700	0.185300	0.114000	-0.595000
1627306458.835072	0.612900	-0.390700	-0.821400	0.209800	0.109400	-0.583400
1627306458.859707	0.612300	-0.386200	-0.811400	0.233900	0.103600	-0.580400
1627306458.860416	0.625900	-0.369300	-0.803800	0.177400	0.095700	-0.563200
1627306458.867401	0.631300	-0.357900	-0.809800	0.217700	0.083500	-0.536700
1627306458.877391	0.635700	-0.364500	-0.815900	0.263200	0.081300	-0.509800
1627306458.880163	0.631800	-0.367800	-0.814000	0.225100	0.088400	-0.491500
1627306458.902524	0.628800	-0.366300	-0.810300	0.190800	0.098400	-0.478300
1627306458.906339	0.619600	-0.366500	-0.807500	0.234200	0.110700	-0.478000
1627306458.923763	0.621000	-0.373200	-0.804300	0.243400	0.123800	-0.477700
1627306458.945429	0.628200	-0.364700	-0.804200	0.205500	0.138500	-0.478300
1627306458.946826	0.623800	-0.345000	-0.801800	0.186900	0.150700	-0.469500
1627306458.947731	0.620400	-0.328500	-0.803200	0.152100	0.167500	-0.446900
1627306458.963410	0.614000	-0.328400	-0.804600	0.137100	0.182400	-0.418800
1627306458.966068	0.610100	-0.338400	-0.805900	0.104100	0.206000	-0.395600
1627306458.990513	0.609600	-0.357800	-0.809600	0.048800	0.230100	-0.382400
1627306458.991331	0.603900	-0.378900	-0.811600	0.010000	0.259100	-0.386700
1627306458.995077	0.599200	-0.393700	-0.813400	-0.015000	0.295100	-0.408100
1627306459.009672	0.597200	-0.392600	-0.805700	-0.063000	0.341300	-0.442900
1627306459.010729	0.592800	-0.379600	-0.796600	-0.088000	0.377900	-0.475000
1627306459.032832	0.591900	-0.358200	-0.782300	-0.091400	0.414300	-0.496700
1627306459.035250	0.596400	-0.335100	-0.770000	-0.098100	0.443600	-0.508600
1627306459.046422	0.599500	-0.312400	-0.758700	-0.118300	0.472000	-0.510700
1627306459.053713	0.608500	-0.290000	-0.745200	-0.129900	0.496700	-0.504900
1627306459.077883	0.611000	-0.268100	-0.738000	-0.130200	0.519900	-0.488700
1627306459.078710	0.610500	-0.251200	-0.725000	-0.133800	0.545600	-0.463700
1627306459.085318	0.616200	-0.238300	-0.710300	-0.134100	0.564500	-0.438900
1627306459.106103	0.622100	-0.228500	-0.696300	-0.147900	0.578600	-0.412400
1627306459.116962	0.623500	-0.217400	-0.682300	-0.176900	0.589300	-0.383700
1627306459.117857	0.626300	-0.209700	-0.665000	-0.183300	0.593900	-0.351900
1627306459.126771	0.636200	-0.203000	-0.645900	-0.181200	0.592000	-0.319500
1627306459.151702	0.646700	-0.192500	-0.625400	-0.198600	0.579500	-0.280400
1627306459.152649	0.653600	-0.182900	-0.609300	-0.215100	0.553800	-0.233100
1627306459.155091	0.662500	-0.171300	-0.599400	-0.218100	0.528200	-0.191200
1627306459.170833	0.665600	-0.164400	-0.589200	-0.224900	0.497300	-0.144800
1627306459.173415	0.670800	-0.162800	-0.582400	-0.235800	0.467400	-0.098400
1627306459.197393	0.677100	-0.162400	-0.580800	-0.244100	0.437800	-0.052600
1627306459.208085	0.682400	-0.165000	-0.583100	-0.246800	0.410000	-0.011000
1627306459.208971	0.687700	-0.167100	-0.582500	-0.258400	0.381600	0.030200
1627306459.216536	0.686300	-0.165600	-0.581900	-0.262100	0.358100	0.068100
1627306459.234905	0.691000	-0.167600	-0.582400	-0.246200	0.341300	0.096200
1627306459.248123	0.699800	-0.166000	-0.574600	-0.248700	0.327800	0.122800
1627306459.249028	0.708600	-0.164100	-0.572300	-0.255100	0.313500	0.156400
1627306459.251486	0.716100	-0.168500	-0.572400	-0.244100	0.299100	0.191800
1627306459.275254	0.725000	-0.173600	-0.574200	-0.237400	0.279900	0.225700
1627306459.276172	0.730600	-0.186000	-0.574700	-0.239200	0.261200	0.266300
1627306459.286072	0.735800	-0.196700	-0.577100	-0.221200	0.244100	0.297200
1627306459.305807	0.734000	-0.206100	-0.578000	-0.190000	0.231300	0.319800
1627306459.306718	0.739900	-0.207900	-0.578400	-0.183300	0.226400	0.332300
1627306459.316414	0.749800	-0.197900	-0.575800	-0.198900	0.226100	0.345100
1627306459.325317	0.754400	-0.193100	-0.569800	-0.207700	0.225200	0.368000
1627306459.346009	0.757600	-0.195700	-0.550700	-0.212000	0.219700	0.395200
1627306459.346909	0.761200	-0.213500	-0.531700	-0.285900	0.205300	0.428200
1627306459.355253	0.757800	-0.232500	-0.519000	-0.340900	0.183000	0.449300
1627306459.362910	0.755500	-0.253100	-0.507900	-0.394400	0.152200	0.457800
1627306459.387034	0.745800	-0.268800	-0.503200	-0.460300	0.116500	0.458100
1627306459.387957	0.742400	-0.273600	-0.505900	-0.508900	0.078900	0.450800
1627306459.395003	0.742100	-0.270300	-0.511500	-0.540700	0.039800	0.445300
1627306459.404183	0.736300	-0.266000	-0.525400	-0.557500	-0.001100	0.443200
1627306459.427243	0.728000	-0.259800	-0.549400	-0.566300	-0.037200	0.448600
1627306459.438482	0.725200	-0.252000	-0.562300	-0.591100	-0.059200	0.460600
1627306459.439387	0.715300	-0.244400	-0.576400	-0.604800	-0.074100	0.477700
1627306459.448085	0.709800	-0.236900	-0.586400	-0.596300	-0.085100	0.500600
1627306459.457618	0.710400	-0.234400	-0.592900	-0.583100	-0.093400	0.520400
1627306459.472964	0.704300	-0.229700	-0.593500	-0.573700	-0.098900	0.541800
1627306459.482391	0.694800	-0.220200	-0.595600	-0.576400	-0.103800	0.571400
1627306459.494515	0.691500	-0.216200	-0.599700	-0.548600	-0.110500	0.604700
1627306459.495411	0.685800	-0.215600	-0.606200	-0.511700	-0.113800	0.632500
1627306459.502979	0.680400	-0.218400	-0.614000	-0.509800	-0.116000	0.661500
1627306459.526672	0.677100	-0.219500	-0.619800	-0.519300	-0.113500	0.690900
1627306459.537290	0.674600	-0.223500	-0.627300	-0.519600	-0.112000	0.719300
1627306459.538187	0.671400	-0.235000	-0.635600	-0.522600	-0.107100	0.746400
1627306459.546913	0.665500	-0.257200	-0.651100	-0.534300	-0.099800	0.773600
1627306459.556466	0.669400	-0.283000	-0.664700	-0.531800	-0.087300	0.792600
1627306459.563863	0.683200	-0.306300	-0.678500	-0.526300	-0.075000	0.800800
1627306459.573998	0.689900	-0.324200	-0.687300	-0.534600	-0.064000	0.797500
1627306459.576206	0.692100	-0.329500	-0.692300	-0.554700	-0.052400	0.789200
1627306459.599293	0.682900	-0.321000	-0.694200	-0.580100	-0.040200	0.777600
1627306459.608817	0.670300	-0.304000	-0.695900	-0.591100	-0.027100	0.771800
1627306459.619114	0.669800	-0.280600	-0.697800	-0.591100	-0.013300	0.777900
1627306459.638437	0.667400	-0.255900	-0.700100	-0.615200	-0.001700	0.800500
1627306459.639326	0.669600	-0.243200	-0.706500	-0.646700	0.004400	0.843600
1627306459.643966	0.672500	-0.256700	-0.721900	-0.577600	0.001300	0.887600
1627306459.654273	0.666500	-0.289200	-0.735600	-0.509500	0.009600	0.916300
1627306459.678315	0.670300	-0.313700	-0.744400	-0.557800	0.022700	0.936700
1627306459.679225	0.666500	-0.316300	-0.743300	-0.594400	0.036400	0.947100
1627306459.685515	0.660900	-0.306800	-0.732300	-0.593800	0.056300	0.963300
1627306459.708298	0.668100	-0.321000	-0.731100	-0.564800	0.054800	0.981900
1627306459.709169	0.645800	-0.347400	-0.729000	-0.560800	0.057200	0.989600
1627306459.718888	0.672600	-0.376200	-0.735400	-0.599600	0.061800	0.981000
1627306459.728558	0.652700	-0.386000	-0.743700	-0.631700	0.063600	0.962100
1627306459.753096	0.659500	-0.376000	-0.739300	-0.658900	0.063600	0.943500
1627306459.753931	0.674200	-0.351900	-0.731400	-0.665900	0.055400	0.939500
1627306459.755440	0.678500	-0.337800	-0.736700	-0.659500	0.042500	0.956300
1627306459.770682	0.668600	-0.337500	-0.754400	-0.665600	0.032500	0.974300
1627306459.772574	0.664300	-0.336100	-0.763800	-0.707100	0.033100	1.002700
1627306459.791509	0.664900	-0.339500	-0.775800	-0.710800	0.037700	1.025600
1627306459.793843	0.649800	-0.349600	-0.782700	-0.719000	0.047700	1.048800
1627306459.801088	0.633300	-0.361500	-0.789100	-0.741300	0.059000	1.069600
1627306459.820475	0.632400	-0.378500	-0.795800	-0.729400	0.068800	1.083900
1627306459.823946	0.610200	-0.396700	-0.808600	-0.732200	0.078600	1.092500
1627306459.839004	0.606900	-0.410600	-0.824100	-0.731600	0.087400	1.094000
1627306459.842912	0.589200	-0.420400	-0.835800	-0.726100	0.105500	1.088500
1627306459.865738	0.592800	-0.417700	-0.845800	-0.790200	0.134800	1.082100
1627306459.866634	0.591100	-0.425400	-0.860200	-0.822300	0.159200	1.081200
1627306459.876470	0.571900	-0.437700	-0.866700	-0.797800	0.202300	1.065900
1627306459.881821	0.561600	-0.468800	-0.882600	-0.854000	0.259400	1.039700
1627306459.903627	0.546400	-0.477300	-0.882700	-0.914500	0.334500	0.986800
1627306459.914428	0.522800	-0.471100	-0.873000	-0.995200	0.407200	0.937600
1627306459.915326	0.509900	-0.460400	-0.851200	-0.997900	0.481800	0.883900
1627306459.924297	0.496500	-0.460300	-0.830000	-0.992400	0.546800	0.830400
1627306459.948826	0.482300	-0.444500	-0.799100	-1.058400	0.607900	0.781000
1627306459.952192	0.467000	-0.423500	-0.754500	-1.164700	0.652800	0.747100
1627306459.953090	0.461200	-0.392500	-0.702300	-1.242200	0.680900	0.724800
1627306459.962679	0.462400	-0.380200	-0.666300	-1.293600	0.676900	0.717700
1627306459.969215	0.469500	-0.373400	-0.639800	-1.347900	0.646700	0.713800
1627306459.993165	0.479500	-0.356100	-0.626100	-1.409600	0.598700	0.709800
1627306459.994027	0.487900	-0.324300	-0.619100	-1.446900	0.540700	0.715000
1627306460.003761	0.490500	-0.287200	-0.621800	-1.425200	0.477800	0.733900
1627306460.013608	0.501000	-0.259400	-0.632700	-1.332300	0.412400	0.765700
1627306460.036732	0.539200	-0.240800	-0.651700	-1.222400	0.324800	0.817000
1627306460.038204	0.569000	-0.220300	-0.675000	-1.180500	0.250200	0.874400
1627306460.043910	0.585300	-0.197000	-0.698600	-1.109700	0.180300	0.949900
1627306460.052386	0.593300	-0.184200	-0.723800	-0.984200	0.126500	1.037500
1627306460.074689	0.605700	-0.173600	-0.740800	-0.906300	0.086200	1.131000
1627306460.075590	0.606800	-0.159700	-0.750200	-0.895900	0.052600	1.235100
1627306460.081765	0.593400	-0.151700	-0.761100	-0.851000	0.016600	1.356700
1627306460.104190	0.583400	-0.178500	-0.784200	-0.758400	-0.019500	1.490800
1627306460.105258	0.583000	-0.229000	-0.813400	-0.725800	-0.043900	1.594300
1627306460.116170	0.578200	-0.285300	-0.846300	-0.723900	-0.057300	1.674000
1627306460.123951	0.567000	-0.349200	-0.873000	-0.692200	-0.053700	1.719900
1627306460.143033	0.557000	-0.417400	-0.898400	-0.641800	-0.032900	1.725400
1627306460.143970	0.546600	-0.473900	-0.912200	-0.625300	0.001000	1.698500
1627306460.152713	0.550900	-0.508300	-0.921500	-0.637200	0.041600	1.642000
1627306460.161086	0.543000	-0.529200	-0.923800	-0.632300	0.086500	1.577800
1627306460.185477	0.543800	-0.549200	-0.929800	-0.615500	0.129600	1.518000
1627306460.186296	0.555700	-0.566300	-0.937900	-0.633800	0.171700	1.456000
1627306460.193788	0.548000	-0.569200	-0.946000	-0.709000	0.217000	1.395200
1627306460.207367	0.543700	-0.565100	-0.947500	-0.778300	0.260900	1.342000
1627306460.224318	0.533800	-0.568800	-0.950600	-0.781000	0.306700	1.293500
1627306460.225333	0.528200	-0.585400	-0.955200	-0.785900	0.360800	1.230900
1627306460.235292	0.524900	-0.596100	-0.961100	-0.842100	0.421300	1.170100
1627306460.244863	0.517500	-0.592700	-0.959800	-0.877600	0.477200	1.105000
1627306460.253876	0.511700	-0.586300	-0.955700	-0.856800	0.537300	1.034800
1627306460.269182	0.509600	-0.579200	-0.952800	-0.833600	0.600600	0.964200
1627306460.277471	0.515500	-0.559900	-0.938100	-0.836300	0.661400	0.895800
1627306460.295437	0.517700	-0.533900	-0.918000	-0.827200	0.715400	0.838100
1627306460.296255	0.526900	-0.492400	-0.888900	-0.800600	0.771000	0.789500
1627306460.303913	0.536600	-0.459600	-0.863200	-0.790200	0.811600	0.762600
1627306460.316033	0.549300	-0.434200	-0.838900	-0.784700	0.840000	0.755600
1627306460.316938	0.557300	-0.416300	-0.809000	-0.776800	0.857100	0.761100
1627306460.339366	0.562500	-0.404400	-0.782500	-0.767900	0.865400	0.774500
1627306460.342811	0.569000	-0.401700	-0.753700	-0.753200	0.863900	0.790400
1627306460.352599	0.575300	-0.405300	-0.726300	-0.747100	0.848600	0.805700
1627306460.361028	0.577000	-0.416900	-0.703900	-0.741600	0.811600	0.818200
1627306460.382514	0.580100	-0.429900	-0.692500	-0.728500	0.769800	0.822800
1627306460.384170	0.584600	-0.441700	-0.686200	-0.721200	0.721500	0.821300
1627306460.398977	0.585600	-0.451900	-0.687300	-0.722400	0.669600	0.813600
1627306460.402307	0.585000	-0.456300	-0.696200	-0.716600	0.622000	0.799300
1627306460.420418	0.588000	-0.454500	-0.709700	-0.706200	0.582600	0.781000
1627306460.422713	0.591800	-0.448200	-0.726200	-0.696100	0.548000	0.759300
1627306460.432662	0.593100	-0.432700	-0.744400	-0.689400	0.525700	0.739400
1627306460.442252	0.595100	-0.419700	-0.764400	-0.683900	0.517800	0.730300
1627306460.465117	0.592000	-0.408400	-0.784200	-0.658900	0.517500	0.730000
1627306460.468690	0.588300	-0.402700	-0.807300	-0.630500	0.527000	0.734200
1627306460.480711	0.584800	-0.407600	-0.830300	-0.601100	0.544100	0.744300
1627306460.481614	0.578000	-0.422900	-0.852500	-0.573700	0.573700	0.752600
1627306460.492685	0.568700	-0.447100	-0.876800	-0.539400	0.619800	0.747700
1627306460.497906	0.559700	-0.471700	-0.890400	-0.506200	0.680000	0.727200
1627306460.523407	0.556300	-0.486700	-0.890600	-0.489400	0.742000	0.696100
1627306460.524299	0.560400	-0.496600	-0.882200	-0.460600	0.808900	0.659400
1627306460.534029	0.563200	-0.501300	-0.862400	-0.427700	0.874500	0.614500
1627306460.539350	0.565200	-0.497600	-0.836100	-0.415100	0.937200	0.566900
1627306460.552640	0.566700	-0.488400	-0.801000	-0.415400	0.989700	0.522300
1627306460.567451	0.576400	-0.472900	-0.760900	-0.411200	1.031500	0.484100
1627306460.568353	0.585800	-0.466900	-0.727900	-0.401100	1.052600	0.457200
1627306460.590237	0.593900	-0.467400	-0.698500	-0.395000	1.059600	0.433700
1627306460.591247	0.596600	-0.472500	-0.674700	-0.389500	1.059600	0.411100
1627306460.602552	0.600100	-0.477100	-0.650900	-0.378500	1.055700	0.382400
1627306460.611056	0.603100	-0.473400	-0.624900	-0.359900	1.050500	0.352700
1627306460.632959	0.615700	-0.470900	-0.590900	-0.333300	1.041000	0.318200
1627306460.633925	0.628300	-0.460700	-0.546900	-0.296600	1.016600	0.277300
1627306460.643951	0.631700	-0.451800	-0.509600	-0.267300	0.983900	0.239400
1627306460.649956	0.635000	-0.434800	-0.473100	-0.249900	0.939600	0.212200
1627306460.670437	0.647900	-0.417400	-0.443000	-0.194900	0.881600	0.187200
1627306460.671271	0.654400	-0.396900	-0.416100	-0.114000	0.817100	0.150900
1627306460.682684	0.665000	-0.363200	-0.398800	-0.143600	0.745700	0.131900
1627306460.690176	0.674100	-0.319500	-0.384600	-0.227600	0.666900	0.143500
1627306460.709947	0.691000	-0.292100	-0.385600	-0.233100	0.553200	0.193300
1627306460.711194	0.708500	-0.294600	-0.392000	-0.252300	0.455200	0.249500
1627306460.726763	0.716100	-0.312700	-0.409800	-0.326300	0.360800	0.310300
1627306460.729834	0.708600	-0.341700	-0.437700	-0.372700	0.273800	0.359500
1627306460.753313	0.704100	-0.379200	-0.468500	-0.358600	0.196800	0.390600
1627306460.754138	0.699000	-0.417500	-0.499800	-0.334800	0.135100	0.397900
1627306460.761379	0.694300	-0.447800	-0.531200	-0.313100	0.086800	0.386300
1627306460.768811	0.694600	-0.462000	-0.555700	-0.264300	0.051700	0.353400
1627306460.790843	0.692500	-0.467700	-0.579200	-0.195200	0.043200	0.320400
1627306460.791668	0.694800	-0.466900	-0.600000	-0.138400	0.054200	0.280100
1627306460.799082	0.702600	-0.459400	-0.615000	-0.106000	0.076800	0.245200
1627306460.822057	0.708500	-0.447800	-0.622800	-0.082800	0.107300	0.219000
1627306460.822960	0.716600	-0.443700	-0.623800	-0.049800	0.140000	0.199700
1627306460.832803	0.713000	-0.454700	-0.619800	-0.017800	0.174800	0.181700
1627306460.840644	0.712500	-0.475200	-0.612200	-0.010100	0.211100	0.156400
1627306460.851401	0.714600	-0.493400	-0.601700	-0.012600	0.235300	0.122100
1627306460.866629	0.714600	-0.506600	-0.590000	-0.005900	0.253600	0.075400
1627306460.869985	0.717500	-0.516200	-0.572900	-0.000700	0.264900	0.021700
1627306460.892990	0.719100	-0.514900	-0.557000	-0.008900	0.266400	-0.034900
1627306460.894201	0.725000	-0.505200	-0.541600	-0.008300	0.260000	-0.086800
1627306460.903935	0.723600	-0.492700	-0.522900	-0.007100	0.245100	-0.144800
1627306460.909853	0.725500	-0.476700	-0.509900	-0.007400	0.224000	-0.190900
1627306460.930446	0.729900	-0.460900	-0.500400	-0.012900	0.202000	-0.231200
1627306460.931426	0.733600	-0.439200	-0.492600	-0.019000	0.179400	-0.270600
1627306460.941514	0.736100	-0.412400	-0.483200	-0.023000	0.155600	-0.300600
1627306460.951110	0.735000	-0.381500	-0.479600	-0.023000	0.135100	-0.317100
1627306460.971910	0.736600	-0.352100	-0.473300	0.003000	0.114300	-0.322900
1627306460.972732	0.738300	-0.326300	-0.476100	0.045500	0.081900	-0.307000
1627306460.979247	0.737900	-0.310400	-0.475200	0.073900	0.050800	-0.281000
1627306461.001294	0.735800	-0.297400	-0.473600	0.096200	0.022700	-0.245600
1627306461.012138	0.740600	-0.297100	-0.473100	0.156300	-0.001400	-0.204700
1627306461.019787	0.755000	-0.317300	-0.475100	0.247000	-0.032600	-0.167400
1627306461.020744	0.759000	-0.340200	-0.478400	0.295000	-0.063700	-0.139000
1627306461.038844	0.746000	-0.359500	-0.475200	0.287700	-0.088200	-0.119800
1627306461.040444	0.735500	-0.376100	-0.470600	0.322800	-0.108300	-0.119500
1627306461.055462	0.730100	-0.386500	-0.466800	0.375900	-0.121200	-0.140200
1627306461.061074	0.735800	-0.385400	-0.465700	0.394900	-0.132500	-0.165000
1627306461.079146	0.736800	-0.368400	-0.468000	0.385700	-0.143500	-0.185700
1627306461.079965	0.729600	-0.350100	-0.472900	0.411700	-0.155100	-0.194300
1627306461.093778	0.733600	-0.342800	-0.479500	0.463600	-0.164500	-0.194900
1627306461.099839	0.742400	-0.345300	-0.483400	0.495400	-0.175500	-0.187900
1627306461.119506	0.742200	-0.349400	-0.477900	0.514300	-0.192600	-0.179300
1627306461.120329	0.736200	-0.354700	-0.470100	0.534800	-0.212500	-0.174100
1627306461.137335	0.729000	-0.361300	-0.456500	0.551900	-0.237500	-0.167100
1627306461.151021	0.724500	-0.373500	-0.438700	0.570800	-0.279100	-0.160700
1627306461.151932	0.731700	-0.391000	-0.428200	0.599200	-0.336200	-0.153700
1627306461.162669	0.730600	-0.409500	-0.422700	0.608700	-0.408600	-0.149100
1627306461.166818	0.735400	-0.424300	-0.425800	0.601600	-0.501400	-0.143300
1627306461.191993	0.730600	-0.442300	-0.444200	0.606500	-0.596100	-0.141100
1627306461.192999	0.725800	-0.464600	-0.473100	0.624600	-0.672200	-0.145700
1627306461.202677	0.718900	-0.486200	-0.503500	0.620600	-0.736000	-0.159200
1627306461.210439	0.707000	-0.501100	-0.533700	0.609300	-0.785500	-0.179000
1627306461.229679	0.691200	-0.518100	-0.567900	0.612600	-0.818500	-0.204400
1627306461.230385	0.669200	-0.536600	-0.605300	0.623300	-0.831300	-0.242800
1627306461.240335	0.661600	-0.558300	-0.645800	0.632200	-0.825500	-0.303000
1627306461.248075	0.653600	-0.579100	-0.687600	0.649600	-0.796200	-0.371100
1627306461.270914	0.636100	-0.601600	-0.720200	0.702100	-0.757400	-0.447200
1627306461.282067	0.630600	-0.606400	-0.744800	0.749200	-0.704800	-0.528400
1627306461.283012	0.630600	-0.606400	-0.744800	0.749200	-0.704800	-0.528400
1627306461.289474	0.620100	-0.615600	-0.761700	0.819700	-0.636100	-0.620400
1627306461.308784	0.595000	-0.592800	-0.751000	0.832900	-0.579900	-0.696100
1627306461.319337	0.625200	-0.539300	-0.717400	0.775700	-0.524900	-0.747100
1627306461.319976	0.629200	-0.501000	-0.685400	0.805700	-0.481600	-0.771600
1627306461.328809	0.632700	-0.502900	-0.675300	0.886900	-0.455000	-0.793200
1627306461.347727	0.646000	-0.490700	-0.666400	0.804500	-0.429700	-0.810300
1627306461.360771	0.652800	-0.461200	-0.649800	0.709200	-0.401900	-0.822900
1627306461.361677	0.650800	-0.446300	-0.633300	0.782500	-0.376500	-0.841800
1627306461.366779	0.656700	-0.431800	-0.615000	0.816100	-0.366400	-0.855200
1627306461.388722	0.660300	-0.395100	-0.591300	0.725000	-0.377400	-0.840900
1627306461.399501	0.663200	-0.363400	-0.573200	0.727800	-0.418300	-0.798700
1627306461.400202	0.664200	-0.369500	-0.573400	0.807500	-0.463900	-0.755100
1627306461.409208	0.668000	-0.383700	-0.582500	0.770200	-0.516100	-0.703400
1627306461.426226	0.667200	-0.399400	-0.596600	0.714400	-0.566500	-0.655500
1627306461.429012	0.662800	-0.415300	-0.610500	0.739100	-0.610800	-0.626500
1627306461.443957	0.654900	-0.430400	-0.623500	0.766000	-0.648000	-0.609700
1627306461.446119	0.650000	-0.438500	-0.643400	0.776100	-0.678300	-0.600800
1627306461.467654	0.648700	-0.432900	-0.654700	0.821300	-0.705800	-0.600200
1627306461.474890	0.656900	-0.422500	-0.656100	0.854200	-0.723200	-0.593200
1627306461.475790	0.664300	-0.415500	-0.660600	0.848100	-0.740900	-0.579700
1627306461.496604	0.665900	-0.413500	-0.664800	0.832900	-0.756800	-0.557100
1627306461.498914	0.660800	-0.423700	-0.676400	0.830700	-0.765600	-0.538800
1627306461.513913	0.658400	-0.446900	-0.688500	0.823100	-0.771100	-0.529000
1627306461.517304	0.651200	-0.470500	-0.699800	0.799900	-0.767200	-0.531200
1627306461.541920	0.653200	-0.490000	-0.706500	0.780600	-0.755200	-0.548300
1627306461.542747	0.655000	-0.499600	-0.705300	0.763500	-0.738400	-0.577600
1627306461.548988	0.652100	-0.501100	-0.703700	0.737000	-0.727800	-0.611200
1627306461.559879	0.648700	-0.492700	-0.698900	0.745200	-0.720100	-0.644800
1627306461.560809	0.642900	-0.474500	-0.694700	0.735700	-0.713400	-0.672900
1627306461.583685	0.640600	-0.449300	-0.695300	0.714700	-0.710000	-0.690300
1627306461.598787	0.635000	-0.421600	-0.703100	0.724100	-0.706700	-0.689100
1627306461.604901	0.637300	-0.415200	-0.714100	0.743700	-0.700600	-0.676000
1627306461.605816	0.636000	-0.420800	-0.727900	0.753400	-0.693800	-0.659800
1627306461.629229	0.634400	-0.438000	-0.737200	0.750100	-0.680700	-0.649700
1627306461.630179	0.631300	-0.457500	-0.739500	0.745800	-0.665100	-0.651200
1627306461.640056	0.633700	-0.470100	-0.735500	0.741200	-0.649600	-0.663100
1627306461.649945	0.635400	-0.477500	-0.723100	0.734800	-0.638300	-0.681100
1627306461.670466	0.636000	-0.476600	-0.707900	0.720500	-0.632500	-0.704400
1627306461.671629	0.637000	-0.468300	-0.696400	0.716800	-0.638000	-0.717200
1627306461.677889	0.635300	-0.457500	-0.691800	0.705800	-0.647100	-0.721800
1627306461.700052	0.627400	-0.445900	-0.692100	0.697200	-0.660900	-0.712300
1627306461.710815	0.619100	-0.450800	-0.704200	0.722300	-0.681600	-0.690300
1627306461.711717	0.609700	-0.476700	-0.719600	0.810600	-0.698100	-0.672600
1627306461.719367	0.602400	-0.504400	-0.730300	0.806600	-0.704500	-0.661300
1627306461.737688	0.600500	-0.524200	-0.736700	0.743700	-0.712800	-0.659500
1627306461.750928	0.592800	-0.548700	-0.736700	0.795000	-0.717700	-0.674400
1627306461.751848	0.596600	-0.582000	-0.739700	0.809600	-0.720100	-0.702800
1627306461.756820	0.586300	-0.609000	-0.743000	0.751300	-0.726500	-0.746500
1627306461.778738	0.575800	-0.610700	-0.745600	0.722600	-0.721000	-0.811600
1627306461.780147	0.575800	-0.602200	-0.752800	0.695400	-0.712500	-0.879400
1627306461.795429	0.572400	-0.579700	-0.765700	0.689300	-0.696300	-0.943500
1627306461.797288	0.572600	-0.558600	-0.783400	0.649900	-0.665100	-0.999400
1627306461.821797	0.572800	-0.547100	-0.805400	0.613300	-0.634900	-1.031500
1627306461.822621	0.567700	-0.540500	-0.819900	0.617200	-0.588800	-1.066000
1627306461.835288	0.568400	-0.535900	-0.827100	0.584500	-0.532300	-1.100800
1627306461.841108	0.569900	-0.520900	-0.824500	0.537200	-0.473300	-1.137800
1627306461.842004	0.574700	-0.504600	-0.812500	0.545400	-0.418300	-1.169800
1627306461.868628	0.584500	-0.482800	-0.789200	0.566200	-0.368300	-1.194000
1627306461.869521	0.592800	-0.455700	-0.765700	0.543600	-0.335600	-1.203400
1627306461.879293	0.597900	-0.433800	-0.745700	0.546400	-0.322100	-1.200400
1627306461.896591	0.601200	-0.417500	-0.731300	0.566200	-0.321500	-1.186000
1627306461.898738	0.611500	-0.410200	-0.718400	0.565900	-0.331900	-1.165600
1627306461.914490	0.615200	-0.405200	-0.708600	0.557400	-0.350200	-1.143300
1627306461.917340	0.615200	-0.402500	-0.702500	0.569300	-0.376500	-1.119100
1627306461.940721	0.616000	-0.403300	-0.706400	0.591300	-0.405500	-1.096500
1627306461.941557	0.617900	-0.411300	-0.714800	0.598000	-0.430000	-1.081600
1627306461.950134	0.616700	-0.410300	-0.725100	0.590000	-0.447100	-1.070900
1627306461.962341	0.618900	-0.412700	-0.738300	0.577500	-0.459000	-1.056800
1627306461.983817	0.617300	-0.418200	-0.753400	0.593400	-0.467800	-1.047400
1627306461.985199	0.613800	-0.428000	-0.771500	0.580000	-0.472100	-1.040300
1627306461.997024	0.607800	-0.438200	-0.784700	0.543900	-0.470900	-1.040300
1627306461.998023	0.599400	-0.448600	-0.801100	0.510600	-0.457800	-1.050100
1627306462.004218	0.590700	-0.453600	-0.814600	0.498400	-0.437600	-1.070900
1627306462.025426	0.588900	-0.457800	-0.828200	0.481000	-0.411000	-1.098100
1627306462.027771	0.578500	-0.451800	-0.837600	0.455300	-0.376200	-1.129200
1627306462.039102	0.575200	-0.439600	-0.846600	0.445000	-0.335600	-1.162200
1627306462.046111	0.581900	-0.437100	-0.857800	0.439200	-0.289500	-1.197000
1627306462.070511	0.587400	-0.428500	-0.867600	0.436700	-0.242400	-1.237000
1627306462.071337	0.593000	-0.401100	-0.871700	0.365200	-0.182300	-1.277700
1627306462.077870	0.596700	-0.358400	-0.867100	0.309700	-0.132200	-1.293800
1627306462.101378	0.588600	-0.317000	-0.857800	0.313600	-0.083000	-1.290500
1627306462.112075	0.599100	-0.288900	-0.845200	0.324000	-0.039600	-1.270000
1627306462.112978	0.603000	-0.266700	-0.829200	0.293500	-0.002400	-1.236700
1627306462.120516	0.600800	-0.247400	-0.815900	0.272700	0.032800	-1.197600
1627306462.137714	0.604400	-0.238800	-0.804400	0.312700	0.068800	-1.159500
1627306462.139032	0.616300	-0.237400	-0.792100	0.358500	0.102100	-1.122500
1627306462.149027	0.627300	-0.228400	-0.776000	0.357000	0.122300	-1.092300
1627306462.169348	0.633200	-0.210400	-0.760400	0.352100	0.133900	-1.055000
1627306462.170168	0.634900	-0.195900	-0.748700	0.375600	0.141200	-1.012800
1627306462.176706	0.640500	-0.189500	-0.740700	0.398200	0.147600	-0.970700
1627306462.197518	0.641500	-0.193200	-0.732500	0.396700	0.149400	-0.927900
1627306462.212105	0.643800	-0.196900	-0.721700	0.377800	0.152200	-0.887300
1627306462.219787	0.645500	-0.195200	-0.711900	0.352700	0.150400	-0.851900
1627306462.220722	0.651700	-0.195800	-0.708400	0.332300	0.144900	-0.827800
1627306462.238911	0.659200	-0.192300	-0.707300	0.309400	0.139400	-0.800900
1627306462.240366	0.663200	-0.187700	-0.714800	0.273000	0.134800	-0.775500
1627306462.255850	0.661500	-0.187400	-0.724700	0.247700	0.139100	-0.754800
1627306462.258510	0.660300	-0.186900	-0.734600	0.233600	0.152200	-0.736100
1627306462.279215	0.663700	-0.183000	-0.737100	0.203100	0.174500	-0.720200
1627306462.280047	0.663600	-0.172900	-0.733000	0.160300	0.200200	-0.706200
1627306462.287848	0.661400	-0.163500	-0.732900	0.164300	0.225200	-0.694600
1627306462.298654	0.660400	-0.159100	-0.729200	0.186000	0.252100	-0.686000
1627306462.299569	0.659700	-0.150400	-0.723500	0.169200	0.275900	-0.675000
1627306462.326597	0.662400	-0.134600	-0.717400	0.139500	0.302200	-0.661300
1627306462.327604	0.662500	-0.110500	-0.702800	0.117800	0.324200	-0.639600
1627306462.342319	0.666000	-0.085300	-0.684800	0.108400	0.349200	-0.600800
1627306462.343234	0.672500	-0.070600	-0.666700	0.096500	0.360800	-0.558100
1627306462.365479	0.681500	-0.060400	-0.649400	0.076900	0.366300	-0.506700
1627306462.366307	0.681900	-0.059200	-0.630000	0.064700	0.363900	-0.450800
1627306462.379412	0.684400	-0.066000	-0.613900	0.073300	0.353500	-0.397100
1627306462.398254	0.687500	-0.080200	-0.599400	0.087300	0.337000	-0.349800
1627306462.398962	0.692900	-0.092500	-0.585400	0.082700	0.312200	-0.306700
1627306462.408879	0.699800	-0.103900	-0.573000	0.081200	0.279300	-0.262700
1627306462.417950	0.700100	-0.108300	-0.568100	0.081500	0.246300	-0.233100
1627306462.441952	0.697800	-0.101200	-0.564200	0.063800	0.212100	-0.203800
1627306462.442773	0.704200	-0.095500	-0.559700	0.053700	0.177500	-0.167400
1627306462.446493	0.710200	-0.089200	-0.564300	0.066800	0.144300	-0.125300
1627306462.461547	0.709100	-0.090700	-0.569200	0.071400	0.118000	-0.078800
1627306462.466361	0.706700	-0.094700	-0.575600	0.065300	0.095700	-0.031800
1627306462.486720	0.709600	-0.108000	-0.579000	0.085200	0.078900	0.013100
1627306462.487540	0.714600	-0.121800	-0.581300	0.092800	0.070600	0.041800
1627306462.494135	0.715900	-0.129900	-0.579000	0.078400	0.063000	0.067500
1627306462.515833	0.722400	-0.137500	-0.576300	0.082100	0.055700	0.087600
1627306462.516729	0.723600	-0.148800	-0.572400	0.095900	0.049000	0.104100
1627306462.527748	0.728300	-0.159100	-0.569200	0.095500	0.040100	0.115100
1627306462.534416	0.733600	-0.168000	-0.560400	0.081500	0.027900	0.121500
1627306462.546441	0.735400	-0.175500	-0.553600	0.065600	0.013200	0.127900
1627306462.561172	0.741200	-0.182100	-0.548800	0.058300	-0.005400	0.131300
1627306462.568794	0.744800	-0.187000	-0.545200	0.040000	-0.030500	0.135300
1627306462.586848	0.749100	-0.192300	-0.544300	0.021600	-0.059800	0.139600
1627306462.587681	0.748200	-0.194300	-0.547000	0.002100	-0.094900	0.142300
1627306462.597673	0.750400	-0.194000	-0.552500	-0.029400	-0.127900	0.148700
1627306462.607587	0.754600	-0.195100	-0.560400	-0.045300	-0.169700	0.157600
1627306462.630383	0.757200	-0.195400	-0.567600	-0.060200	-0.206700	0.164600
1627306462.631435	0.752800	-0.193100	-0.579100	-0.091400	-0.238400	0.171000
1627306462.647243	0.746100	-0.189700	-0.590200	-0.109400	-0.262600	0.176800
1627306462.651124	0.739900	-0.186200	-0.609500	-0.105700	-0.277900	0.180800
1627306462.673094	0.740700	-0.183000	-0.622400	-0.106000	-0.287000	0.187200
1627306462.673913	0.741900	-0.177700	-0.637700	-0.124100	-0.293400	0.198200
1627306462.676418	0.740400	-0.164400	-0.652500	-0.134100	-0.295000	0.218000
1627306462.694848	0.740700	-0.156700	-0.667800	-0.116700	-0.289500	0.239400
1627306462.715569	0.743000	-0.153600	-0.678100	-0.103900	-0.280600	0.264800
1627306462.716470	0.738900	-0.153700	-0.687300	-0.101200	-0.267200	0.292600
1627306462.717502	0.733900	-0.155000	-0.692300	-0.091700	-0.250400	0.318800
1627306462.732366	0.730300	-0.156400	-0.690100	-0.078500	-0.236300	0.345400
1627306462.733262	0.728900	-0.158200	-0.686000	-0.079800	-0.225600	0.374100
1627306462.745495	0.726800	-0.161100	-0.683100	-0.093200	-0.221000	0.410200
1627306462.755266	0.720600	-0.163600	-0.682600	-0.109700	-0.225300	0.445600
1627306462.762934	0.715800	-0.172000	-0.686400	-0.118300	-0.229900	0.477700
1627306462.787079	0.707300	-0.187600	-0.692600	-0.132300	-0.233300	0.504800
1627306462.787976	0.698000	-0.205200	-0.698200	-0.152500	-0.233900	0.522300
1627306462.797730	0.691900	-0.215900	-0.701000	-0.180600	-0.236300	0.533600
1627306462.804339	0.682000	-0.221100	-0.702300	-0.204700	-0.236300	0.537800
1627306462.824109	0.684200	-0.218100	-0.700000	-0.242300	-0.239100	0.541500
1627306462.833853	0.680200	-0.213500	-0.699700	-0.263000	-0.244900	0.549400
1627306462.849918	0.673800	-0.199200	-0.700000	-0.298500	-0.248800	0.558300
1627306462.850819	0.664100	-0.187400	-0.706700	-0.361400	-0.245800	0.574500
1627306462.857775	0.648200	-0.184300	-0.718900	-0.359500	-0.239100	0.589800
1627306462.867661	0.633400	-0.180900	-0.729700	-0.352200	-0.226200	0.602000
1627306462.870155	0.634300	-0.168800	-0.737900	-0.434400	-0.207900	0.625800
1627306462.892880	0.629400	-0.156600	-0.750000	-0.479000	-0.183800	0.655400
1627306462.895461	0.621100	-0.153600	-0.763700	-0.481700	-0.158700	0.684400
1627306462.910071	0.601300	-0.156100	-0.777000	-0.513800	-0.126700	0.718000
1627306462.912874	0.585800	-0.159900	-0.786100	-0.528500	-0.087000	0.750400
1627306462.941128	0.581700	-0.159500	-0.785800	-0.516200	-0.038700	0.783400
1627306462.942027	0.580300	-0.167200	-0.790400	-0.505500	0.002500	0.823100
1627306462.947910	0.586400	-0.182900	-0.785900	-0.390700	0.041300	0.866500
1627306462.956775	0.598300	-0.194500	-0.775600	-0.324400	0.069100	0.902200
1627306462.978407	0.603900	-0.192100	-0.761100	-0.315600	0.085300	0.940400
1627306462.979310	0.611100	-0.186900	-0.742100	-0.264900	0.089600	0.985000
1627306462.986555	0.619300	-0.192400	-0.731600	-0.187600	0.082300	1.033900
1627306462.996412	0.620800	-0.211500	-0.727700	-0.168000	0.067600	1.086400
1627306462.998892	0.617400	-0.235500	-0.728100	-0.193400	0.049600	1.138600
1627306463.021314	0.621800	-0.279500	-0.734900	-0.200400	0.020900	1.185700
1627306463.025269	0.616300	-0.327800	-0.746600	-0.190300	-0.003000	1.200300
1627306463.040926	0.615600	-0.370500	-0.754200	-0.211700	-0.023100	1.196300
1627306463.042227	0.618500	-0.402500	-0.766000	-0.253900	-0.043000	1.175600
1627306463.065607	0.627400	-0.424000	-0.776200	-0.281100	-0.058900	1.141700
1627306463.066475	0.624600	-0.436800	-0.782700	-0.308500	-0.073800	1.107200
1627306463.072909	0.616600	-0.440900	-0.797100	-0.355000	-0.079600	1.067800
1627306463.094925	0.614600	-0.445300	-0.808700	-0.406300	-0.080800	1.027800
1627306463.105955	0.612400	-0.444500	-0.819900	-0.445100	-0.073800	0.996000
1627306463.106855	0.603000	-0.441200	-0.831800	-0.487500	-0.058900	0.966400
1627306463.115543	0.590100	-0.441200	-0.846200	-0.515900	-0.030800	0.933700
1627306463.138927	0.584700	-0.437900	-0.854400	-0.530000	0.009900	0.900700
1627306463.144647	0.588900	-0.433000	-0.861200	-0.537300	0.056900	0.870100
1627306463.145543	0.589700	-0.424700	-0.864500	-0.536400	0.111000	0.846000
1627306463.158150	0.585000	-0.411400	-0.862200	-0.545600	0.163800	0.833500
1627306463.172509	0.584000	-0.406100	-0.856600	-0.540400	0.207200	0.832000
1627306463.182408	0.588000	-0.404800	-0.848500	-0.518700	0.245400	0.834100
1627306463.184812	0.587600	-0.405500	-0.836700	-0.522000	0.277100	0.836500
1627306463.203383	0.587000	-0.399400	-0.822000	-0.542200	0.303400	0.839900
1627306463.204294	0.585000	-0.391000	-0.808500	-0.543100	0.322300	0.847900
1627306463.214036	0.583100	-0.388700	-0.796800	-0.520500	0.335800	0.861600
1627306463.221792	0.584400	-0.396500	-0.789800	-0.516800	0.345800	0.877500
1627306463.244651	0.584500	-0.405000	-0.785300	-0.518400	0.348900	0.886900
1627306463.245552	0.583900	-0.414100	-0.782300	-0.512000	0.349800	0.893100
1627306463.255304	0.582900	-0.416500	-0.781700	-0.516200	0.347400	0.896400
1627306463.261709	0.576400	-0.415300	-0.781600	-0.521400	0.345200	0.897900
1627306463.283376	0.574200	-0.413100	-0.781500	-0.524500	0.346800	0.903100
1627306463.284272	0.571500	-0.413900	-0.787100	-0.517800	0.348300	0.911100
1627306463.293973	0.571000	-0.420200	-0.793300	-0.515300	0.355900	0.915700
1627306463.303020	0.571000	-0.428100	-0.799700	-0.520200	0.366600	0.914700
1627306463.325922	0.563100	-0.434300	-0.801900	-0.526900	0.378200	0.912600
1627306463.327067	0.557600	-0.435700	-0.807300	-0.536100	0.393500	0.906200
1627306463.336521	0.551600	-0.438000	-0.806900	-0.542200	0.411500	0.898900
1627306463.340532	0.550700	-0.439700	-0.805300	-0.541600	0.430400	0.890900
1627306463.363692	0.548700	-0.440800	-0.803500	-0.548300	0.451200	0.879300
1627306463.371159	0.549400	-0.441000	-0.803300	-0.555300	0.466500	0.869800
1627306463.372065	0.547600	-0.444600	-0.805400	-0.548600	0.482700	0.862200
1627306463.394612	0.548500	-0.450000	-0.806900	-0.548000	0.501900	0.849400
1627306463.395823	0.548200	-0.450000	-0.806900	-0.555600	0.523300	0.834700
1627306463.405309	0.543500	-0.441200	-0.799800	-0.567200	0.544100	0.820700
1627306463.414879	0.545200	-0.434100	-0.789900	-0.578200	0.563300	0.811800
1627306463.435659	0.549600	-0.425900	-0.780000	-0.588300	0.577400	0.808100
1627306463.436600	0.549300	-0.423700	-0.771400	-0.602400	0.583500	0.812100
1627306463.446472	0.560500	-0.426300	-0.766500	-0.611800	0.584700	0.819400
1627306463.452403	0.565100	-0.427400	-0.765700	-0.636900	0.580700	0.825900
1627306463.474503	0.567000	-0.428100	-0.762500	-0.665600	0.575500	0.835000
1627306463.476385	0.567600	-0.430900	-0.764500	-0.671400	0.570000	0.840500
1627306463.483914	0.564500	-0.432000	-0.768700	-0.689700	0.566100	0.843300
1627306463.493720	0.564600	-0.432600	-0.774800	-0.715700	0.565800	0.846900
1627306463.510138	0.560500	-0.431900	-0.783900	-0.716600	0.569400	0.849700
1627306463.518720	0.561200	-0.431500	-0.793800	-0.711400	0.578900	0.854900
1627306463.519641	0.562500	-0.433100	-0.802900	-0.707100	0.592600	0.861600
1627306463.541702	0.558800	-0.439700	-0.809900	-0.692800	0.611000	0.867100
1627306463.553477	0.554900	-0.448100	-0.809400	-0.685400	0.632300	0.866200
1627306463.554368	0.561000	-0.458900	-0.805200	-0.679600	0.654300	0.861900
1627306463.561794	0.561600	-0.470700	-0.799200	-0.686400	0.671700	0.854900
1627306463.583719	0.562000	-0.486000	-0.788900	-0.701000	0.683300	0.842000
1627306463.598357	0.573200	-0.508400	-0.791100	-0.689100	0.690400	0.815800
1627306463.599267	0.571800	-0.519300	-0.790900	-0.718400	0.698600	0.779700
1627306463.603021	0.569500	-0.518200	-0.784400	-0.767900	0.705900	0.743700
1627306463.623770	0.579300	-0.509300	-0.781100	-0.752600	0.711400	0.708000
1627306463.634553	0.583400	-0.496600	-0.777000	-0.749600	0.716900	0.674700
1627306463.635464	0.590000	-0.480600	-0.769400	-0.781700	0.724600	0.660600
1627306463.640676	0.602800	-0.468500	-0.761500	-0.773400	0.728900	0.654800
1627306463.662597	0.602700	-0.469200	-0.757600	-0.758700	0.736200	0.651800
1627306463.669948	0.595600	-0.471900	-0.752600	-0.778600	0.746000	0.646900
1627306463.670858	0.600000	-0.472800	-0.748800	-0.796300	0.760600	0.638300
1627306463.693219	0.598400	-0.472700	-0.740700	-0.807900	0.775600	0.623700
1627306463.694246	0.599700	-0.471100	-0.733300	-0.824100	0.796100	0.603200
1627306463.704087	0.603900	-0.466700	-0.729000	-0.818900	0.811000	0.587600
1627306463.713734	0.596700	-0.457000	-0.718900	-0.829300	0.823800	0.573900
1627306463.737270	0.607300	-0.446700	-0.709800	-0.817700	0.833900	0.563500
1627306463.738198	0.613200	-0.437100	-0.702500	-0.789000	0.838200	0.558900
1627306463.742660	0.607400	-0.425800	-0.691900	-0.797500	0.839100	0.562300
1627306463.752755	0.615100	-0.415400	-0.676800	-0.785000	0.834800	0.571400
1627306463.757494	0.605600	-0.404100	-0.657500	-0.754200	0.825100	0.589500
1627306463.781674	0.601100	-0.394900	-0.636500	-0.753600	0.813200	0.608700
1627306463.782490	0.606700	-0.389200	-0.615600	-0.758700	0.791500	0.631600
1627306463.792515	0.613500	-0.393400	-0.600200	-0.731000	0.755700	0.654800
1627306463.801246	0.625700	-0.405200	-0.593300	-0.697000	0.712400	0.678900
1627306463.819321	0.632100	-0.426800	-0.593600	-0.694300	0.665600	0.697600
1627306463.821640	0.637800	-0.446500	-0.599200	-0.695200	0.619500	0.707700
1627306463.832703	0.644300	-0.467000	-0.609000	-0.723000	0.581900	0.709800
1627306463.841345	0.646500	-0.494900	-0.619100	-0.712600	0.550200	0.706100
1627306463.861590	0.641500	-0.535400	-0.638200	-0.682100	0.531200	0.677700
1627306463.862538	0.643400	-0.568200	-0.650900	-0.705600	0.527600	0.625800
1627306463.870803	0.645300	-0.576800	-0.664700	-0.759400	0.536100	0.556800
1627306463.895813	0.638300	-0.568500	-0.675900	-0.756600	0.560300	0.481600
1627306463.896564	0.633500	-0.555700	-0.688600	-0.678700	0.601500	0.390900
1627306463.906576	0.636700	-0.533600	-0.691700	-0.638400	0.651600	0.316700
1627306463.911684	0.645600	-0.498900	-0.682400	-0.650600	0.702600	0.261700
1627306463.933401	0.655400	-0.452000	-0.668200	-0.615800	0.749000	0.229700
1627306463.934267	0.664400	-0.415900	-0.652800	-0.533600	0.788700	0.220200
1627306463.942673	0.670400	-0.391100	-0.627300	-0.500400	0.820800	0.232100
1627306463.950571	0.674700	-0.383900	-0.603000	-0.481100	0.840900	0.256200
1627306463.973011	0.685400	-0.379900	-0.563400	-0.453900	0.851900	0.280700
1627306463.973831	0.701500	-0.393200	-0.535000	-0.468600	0.844300	0.302300
1627306463.979314	0.703200	-0.408300	-0.507100	-0.453900	0.816800	0.315800
1627306464.002207	0.713300	-0.424600	-0.483500	-0.470100	0.782900	0.318800
1627306464.003213	0.717800	-0.439800	-0.459600	-0.516500	0.735900	0.310000
1627306464.012676	0.723600	-0.439600	-0.439700	-0.566600	0.684000	0.294700
1627306464.021814	0.726900	-0.432900	-0.423300	-0.609700	0.621600	0.278800
1627306464.041158	0.721700	-0.430800	-0.424000	-0.634700	0.536400	0.258700
1627306464.042052	0.722200	-0.436400	-0.432500	-0.653100	0.473500	0.238200
1627306464.052790	0.725600	-0.436900	-0.449300	-0.698600	0.418800	0.211600
1627306464.059177	0.726100	-0.427000	-0.465600	-0.741000	0.378500	0.179900
1627306464.083319	0.725800	-0.410600	-0.479200	-0.763000	0.349200	0.151200
1627306464.084211	0.732700	-0.397200	-0.491500	-0.763900	0.333000	0.125500
1627306464.091588	0.734000	-0.386200	-0.502300	-0.749900	0.322900	0.101400
1627306464.101776	0.734000	-0.365000	-0.500700	-0.779200	0.311600	0.085500
1627306464.126209	0.739900	-0.342500	-0.498500	-0.782300	0.298500	0.081800
1627306464.130856	0.747900	-0.328100	-0.502700	-0.741000	0.280200	0.087900
1627306464.131762	0.754200	-0.318600	-0.514600	-0.717200	0.260000	0.102000
1627306464.141936	0.755000	-0.309600	-0.528300	-0.710500	0.245400	0.121500
1627306464.162445	0.760000	-0.305200	-0.541000	-0.690900	0.241400	0.141700
1627306464.169995	0.758200	-0.309700	-0.555300	-0.634700	0.239900	0.160300
1627306464.170890	0.761000	-0.319800	-0.565700	-0.578500	0.246900	0.171900
1627306464.190659	0.766600	-0.327800	-0.567400	-0.538500	0.257000	0.171600
1627306464.194025	0.770400	-0.329600	-0.568500	-0.499400	0.263700	0.168000
1627306464.211171	0.778400	-0.328600	-0.566700	-0.457000	0.268000	0.165800
1627306464.224876	0.784200	-0.327600	-0.565300	-0.405700	0.272200	0.167000
1627306464.225777	0.787700	-0.330700	-0.561200	-0.366000	0.277400	0.166700
1627306464.227920	0.787600	-0.336700	-0.553600	-0.335700	0.283200	0.166700
1627306464.250317	0.792500	-0.341700	-0.543700	-0.296300	0.283800	0.161200
1627306464.252722	0.796300	-0.346700	-0.532700	-0.265200	0.276800	0.153000
1627306464.267860	0.807500	-0.349600	-0.527800	-0.241300	0.261500	0.147500
1627306464.271343	0.810200	-0.349200	-0.517500	-0.231300	0.243200	0.141700
1627306464.292968	0.819100	-0.352500	-0.514800	-0.204100	0.220000	0.138000
1627306464.294141	0.814300	-0.356600	-0.509300	-0.192800	0.196200	0.130700
1627306464.305165	0.819900	-0.359900	-0.502100	-0.210500	0.160100	0.122400
1627306464.314875	0.822400	-0.366100	-0.502400	-0.199800	0.124400	0.113300
1627306464.331894	0.815900	-0.370100	-0.502600	-0.196400	0.089600	0.102600
1627306464.332746	0.812500	-0.378200	-0.510000	-0.200400	0.056900	0.086700
1627306464.340320	0.808100	-0.387200	-0.522100	-0.179600	0.029700	0.061100
1627306464.351186	0.799800	-0.392800	-0.543700	-0.163200	0.010500	0.029000
1627306464.374008	0.797700	-0.395400	-0.565700	-0.146400	-0.001100	-0.006800
1627306464.375235	0.786500	-0.390400	-0.588400	-0.122200	-0.000800	-0.048600
1627306464.382838	0.784700	-0.388200	-0.605200	-0.068200	0.008000	-0.081300
1627306464.393890	0.785200	-0.387800	-0.620500	-0.021100	0.029400	-0.114300
1627306464.413150	0.781900	-0.384600	-0.628100	-0.011700	0.056600	-0.144800
1627306464.414045	0.783100	-0.379500	-0.621500	0.030800	0.088700	-0.178400
1627306464.424231	0.782800	-0.362400	-0.607400	0.063200	0.120100	-0.208300
1627306464.432975	0.781100	-0.340600	-0.587200	0.096800	0.147300	-0.232800
1627306464.444042	0.770000	-0.321200	-0.566300	0.158800	0.168100	-0.252000
1627306464.459465	0.775500	-0.307300	-0.551100	0.208900	0.177200	-0.260000
1627306464.462410	0.774500	-0.294400	-0.536100	0.234800	0.180900	-0.263300
1627306464.463318	0.776400	-0.289400	-0.524900	0.266300	0.180300	-0.264200
1627306464.486776	0.781700	-0.285300	-0.511800	0.301700	0.175100	-0.263300
1627306464.490214	0.785400	-0.283400	-0.502000	0.327100	0.161700	-0.263600
1627306464.505153	0.791000	-0.279800	-0.483200	0.347200	0.136600	-0.263000
1627306464.507423	0.793500	-0.275900	-0.468100	0.346600	0.102100	-0.260600
1627306464.531939	0.797500	-0.272100	-0.457000	0.347200	0.062400	-0.256300
1627306464.535535	0.798500	-0.271000	-0.447900	0.339900	0.014100	-0.252000
1627306464.559892	0.801900	-0.271100	-0.444000	0.311200	-0.041800	-0.245600
1627306464.564879	0.802900	-0.269700	-0.442100	0.278800	-0.100400	-0.240400
1627306464.569579	0.800900	-0.268100	-0.452500	0.256200	-0.158100	-0.235500
1627306464.570487	0.797000	-0.264400	-0.471800	0.242200	-0.222600	-0.230300
1627306464.580294	0.790500	-0.257300	-0.492400	0.238800	-0.272000	-0.227000
1627306464.584494	0.786700	-0.251600	-0.516700	0.237900	-0.307800	-0.222700
1627306464.611682	0.785400	-0.240000	-0.543100	0.242800	-0.332200	-0.212900
1627306464.612517	0.789100	-0.232300	-0.567100	0.247700	-0.347800	-0.194600
1627306464.622901	0.785900	-0.227100	-0.588700	0.252200	-0.353900	-0.170500
1627306464.631100	0.787000	-0.230600	-0.606200	0.262000	-0.353900	-0.143300
1627306464.650807	0.785300	-0.246900	-0.626500	0.274200	-0.343200	-0.113300
1627306464.651702	0.778000	-0.262000	-0.638400	0.281600	-0.327000	-0.100200
1627306464.659271	0.772900	-0.273900	-0.645000	0.287700	-0.302000	-0.095000
1627306464.683872	0.768100	-0.281100	-0.645100	0.300800	-0.268400	-0.095300
1627306464.688338	0.765600	-0.284400	-0.643900	0.324000	-0.234500	-0.097500
1627306464.689241	0.764400	-0.286700	-0.634500	0.344200	-0.198400	-0.098400
1627306464.703072	0.758500	-0.290300	-0.625200	0.354900	-0.164800	-0.097800
1627306464.721254	0.761600	-0.295400	-0.613900	0.369500	-0.129100	-0.095900
1627306464.729602	0.754800	-0.304900	-0.605700	0.377200	-0.107100	-0.096900
1627306464.730501	0.761800	-0.319000	-0.596800	0.391800	-0.093100	-0.104500
1627306464.739419	0.769900	-0.331900	-0.584800	0.403100	-0.084200	-0.121300
1627306464.760634	0.772000	-0.340100	-0.577400	0.393300	-0.079600	-0.141400
1627306464.761493	0.779100	-0.343000	-0.565800	0.394900	-0.083600	-0.163400
1627306464.777148	0.785900	-0.342200	-0.551800	0.406500	-0.094300	-0.185400
1627306464.782506	0.792000	-0.338700	-0.541000	0.404600	-0.116600	-0.205300
1627306464.804361	0.796300	-0.332300	-0.529800	0.403700	-0.143200	-0.219000
1627306464.805183	0.796500	-0.323100	-0.521400	0.394000	-0.174300	-0.224800
1627306464.808844	0.797200	-0.322300	-0.516500	0.391200	-0.209100	-0.225700
1627306464.826091	0.796300	-0.328600	-0.517600	0.400100	-0.247300	-0.224200
1627306464.847945	0.793300	-0.342300	-0.524300	0.406500	-0.281500	-0.224500
1627306464.849099	0.789100	-0.360400	-0.535900	0.408600	-0.313600	-0.237700
1627306464.860731	0.782800	-0.371800	-0.545500	0.424500	-0.335900	-0.258700
1627306464.861641	0.777200	-0.373300	-0.553100	0.432400	-0.347500	-0.285600
1627306464.873320	0.773300	-0.369000	-0.557400	0.446800	-0.353600	-0.311000
1627306464.890133	0.775900	-0.363900	-0.561500	0.472500	-0.357000	-0.333300
1627306464.891735	0.780600	-0.360600	-0.568200	0.492900	-0.357900	-0.348500
1627306464.899942	0.778300	-0.356100	-0.575900	0.502700	-0.357000	-0.355900
1627306464.919358	0.773300	-0.357700	-0.585900	0.543900	-0.347800	-0.358600
1627306464.920804	0.757100	-0.367700	-0.593100	0.610200	-0.335300	-0.361400
1627306464.931523	0.757100	-0.367700	-0.593100	0.610200	-0.335300	-0.361400
1627306464.940091	0.756200	-0.390100	-0.597900	0.690800	-0.317900	-0.376600
1627306464.960846	0.748400	-0.405400	-0.601100	0.757100	-0.297700	-0.402600
1627306464.961706	0.746600	-0.407000	-0.583400	0.792200	-0.276300	-0.429200
1627306464.968083	0.755500	-0.394700	-0.557500	0.819700	-0.271100	-0.454800
1627306464.990507	0.755700	-0.394000	-0.539200	0.865800	-0.281200	-0.471000
1627306464.992658	0.746800	-0.395400	-0.517100	0.883600	-0.303800	-0.494800
1627306465.002730	0.748300	-0.399300	-0.507200	0.861600	-0.333100	-0.512500
1627306465.011142	0.740800	-0.397900	-0.503900	0.852400	-0.364300	-0.537000
1627306465.029433	0.734100	-0.398400	-0.506100	0.856700	-0.397000	-0.565700
1627306465.030163	0.735700	-0.391700	-0.508900	0.844200	-0.430300	-0.590100
1627306465.042614	0.733900	-0.377200	-0.514000	0.822800	-0.467800	-0.606600
1627306465.051170	0.741900	-0.361800	-0.520600	0.834400	-0.505400	-0.613000
1627306465.073116	0.742800	-0.341200	-0.528100	0.827100	-0.550300	-0.608500
1627306465.073939	0.742800	-0.323600	-0.537200	0.791000	-0.586300	-0.589200
1627306465.081524	0.733800	-0.320100	-0.548000	0.815800	-0.619900	-0.568100
1627306465.092384	0.732700	-0.325300	-0.565800	0.833500	-0.644700	-0.547400
1627306465.114300	0.736500	-0.332400	-0.579700	0.810000	-0.665800	-0.530300
1627306465.115458	0.731700	-0.336900	-0.597000	0.787000	-0.681000	-0.516500
1627306465.119088	0.715200	-0.338900	-0.616800	0.808100	-0.684100	-0.507400
1627306465.132354	0.712300	-0.353300	-0.635000	0.835000	-0.672800	-0.502800
1627306465.133494	0.708000	-0.363300	-0.640400	0.853900	-0.658700	-0.506400
1627306465.158126	0.700900	-0.372700	-0.642500	0.856700	-0.642500	-0.512500
1627306465.159022	0.697000	-0.378300	-0.640700	0.876800	-0.627600	-0.523800
1627306465.170306	0.694000	-0.383400	-0.632900	0.878100	-0.618400	-0.536100
1627306465.177536	0.692500	-0.385700	-0.624300	0.880200	-0.619300	-0.542200
1627306465.196178	0.692600	-0.385500	-0.620000	0.864900	-0.633400	-0.548000
1627306465.198831	0.698400	-0.383400	-0.614600	0.854900	-0.654800	-0.546400
1627306465.217435	0.696000	-0.388800	-0.617800	0.835600	-0.677400	-0.537900
1627306465.232248	0.689700	-0.392100	-0.616700	0.840800	-0.697200	-0.531500
1627306465.233146	0.681800	-0.400000	-0.616600	0.837100	-0.709700	-0.529700
1627306465.251164	0.678500	-0.406700	-0.611200	0.857600	-0.721300	-0.536100
1627306465.262427	0.676600	-0.408200	-0.606400	0.863400	-0.732900	-0.546100
1627306465.263335	0.668300	-0.400400	-0.604100	0.872900	-0.749400	-0.556200
1627306465.270387	0.664800	-0.397300	-0.611200	0.901300	-0.764700	-0.559000
1627306465.280201	0.660500	-0.399300	-0.622100	0.922700	-0.774200	-0.553500
1627306465.282455	0.664600	-0.406600	-0.633900	0.929400	-0.782700	-0.546400
1627306465.306521	0.670900	-0.419200	-0.645600	0.926600	-0.788200	-0.539700
1627306465.308913	0.672100	-0.427700	-0.654700	0.912300	-0.787600	-0.535500
1627306465.324494	0.671900	-0.439200	-0.662400	0.893000	-0.786100	-0.533600
1627306465.327207	0.669100	-0.447400	-0.663300	0.881100	-0.779700	-0.542800
1627306465.350788	0.665400	-0.451700	-0.661300	0.865500	-0.780000	-0.553200
1627306465.351693	0.664300	-0.453400	-0.662000	0.864000	-0.780300	-0.565700
1627306465.358217	0.667000	-0.447400	-0.662400	0.831000	-0.783000	-0.575500
1627306465.377499	0.668100	-0.440700	-0.665300	0.796500	-0.792800	-0.573000
1627306465.388400	0.661000	-0.443000	-0.672900	0.801400	-0.809000	-0.567200
1627306465.389303	0.650000	-0.464600	-0.692000	0.816100	-0.821500	-0.565100
1627306465.398045	0.647600	-0.493000	-0.714400	0.799900	-0.825200	-0.576700
1627306465.423142	0.646000	-0.506600	-0.726400	0.772100	-0.821800	-0.604800
1627306465.423974	0.636500	-0.508200	-0.737100	0.759600	-0.812700	-0.639900
1627306465.427831	0.624400	-0.507300	-0.747600	0.768700	-0.793700	-0.676300
1627306465.442322	0.621800	-0.507000	-0.762000	0.791600	-0.772700	-0.714400
1627306465.443224	0.620500	-0.510000	-0.777200	0.805100	-0.749400	-0.749900
