1627306474.619916	0.660600	-0.480000	-0.605500	0.028000	0.014100	-0.010100
1627306474.620738	0.661400	-0.477100	-0.606300	0.020100	-0.005100	-0.027500
1627306474.621543	0.662100	-0.472900	-0.609500	0.004200	-0.022800	-0.041000
1627306474.622253	0.659800	-0.460600	-0.621500	-0.013200	-0.042700	-0.049500
1627306474.624111	0.657600	-0.451800	-0.631000	-0.009200	-0.050000	-0.054400
1627306474.624729	0.652000	-0.444600	-0.639200	0.003600	-0.050600	-0.053200
1627306474.625375	0.647900	-0.437000	-0.647500	0.022200	-0.044200	-0.050400
1627306474.625938	0.650800	-0.433000	-0.650800	0.051000	-0.031400	-0.044900
1627306474.627031	0.654900	-0.429200	-0.651200	0.065900	-0.021600	-0.038500
1627306474.627576	0.658100	-0.426000	-0.644800	0.075700	-0.015200	-0.033000
1627306474.628125	0.661500	-0.422500	-0.635400	0.081500	-0.015500	-0.024200
1627306474.628648	0.662600	-0.422600	-0.625400	0.074500	-0.024000	-0.014400
1627306474.629133	0.667700	-0.424600	-0.622700	0.066200	-0.040800	-0.003100
1627306474.629616	0.663100	-0.433100	-0.622900	0.068700	-0.054600	0.002400
1627306474.630106	0.659200	-0.439300	-0.626700	0.062300	-0.062200	-0.005800
1627306474.630594	0.658600	-0.437000	-0.626800	0.030200	-0.065300	-0.021700
1627306474.631080	0.667100	-0.424000	-0.627700	-0.008000	-0.070200	-0.034500
1627306474.631526	0.667000	-0.412000	-0.633800	-0.041300	-0.084500	-0.035800
1627306474.631964	0.664400	-0.407200	-0.640900	-0.056600	-0.098000	-0.021400
1627306474.632413	0.662000	-0.413300	-0.652500	-0.068800	-0.108600	-0.004300
1627306474.632856	0.662200	-0.421000	-0.664900	-0.074900	-0.110500	0.001500
1627306474.633259	0.656200	-0.425800	-0.671300	-0.100500	-0.108600	-0.001900
1627306474.633660	0.654200	-0.419600	-0.678100	-0.143000	-0.105900	-0.004900
1627306474.634104	0.648400	-0.411900	-0.683000	-0.159200	-0.108900	0.003300
1627306474.634504	0.642100	-0.410500	-0.692300	-0.135100	-0.107100	0.021300
1627306474.634902	0.633700	-0.423800	-0.703000	-0.106600	-0.092500	0.036900
1627306474.635342	0.632300	-0.437100	-0.711500	-0.090200	-0.063100	0.041800
1627306474.635741	0.636800	-0.442500	-0.712800	-0.083700	-0.018800	0.034800
1627306474.636136	0.633200	-0.441000	-0.704200	-0.080400	0.028800	0.024700
1627306474.636575	0.630100	-0.435200	-0.693800	-0.071500	0.075200	0.025600
1627306474.636971	0.631000	-0.431500	-0.679700	-0.049200	0.115200	0.040600
1627306474.637411	0.633300	-0.441500	-0.670300	-0.024200	0.138100	0.057100
1627306474.637813	0.628800	-0.458100	-0.665500	-0.011400	0.150400	0.065000
1627306474.638211	0.622800	-0.471700	-0.656000	-0.010100	0.157700	0.064400
1627306474.638652	0.618300	-0.481100	-0.646700	-0.003400	0.158300	0.058000
1627306474.639049	0.636400	-0.484300	-0.638300	0.001800	0.155900	0.043600
1627306474.639446	0.626100	-0.479600	-0.629500	-0.028800	0.144600	0.026500
1627306474.639892	0.606300	-0.464800	-0.618700	-0.041300	0.122900	0.018900
1627306474.640292	0.604900	-0.461800	-0.619000	-0.014100	0.095100	0.023500
1627306474.640705	0.617300	-0.468400	-0.626000	0.010300	0.056300	0.034500
1627306474.641193	0.620500	-0.479200	-0.642600	0.034800	0.015100	0.041200
1627306474.641598	0.617900	-0.487100	-0.660500	0.064400	-0.013000	0.036300
1627306474.642041	0.622200	-0.483600	-0.675700	0.072000	-0.027700	0.022300
1627306474.642465	0.629600	-0.462200	-0.688200	0.062600	-0.025900	0.011900
1627306474.642862	0.629900	-0.433600	-0.697100	0.061300	-0.010600	0.009700
1627306474.643301	0.619900	-0.414700	-0.702000	0.071400	0.012600	0.018600
1627306474.643697	0.612700	-0.407700	-0.709600	0.073600	0.044700	0.035700
1627306474.644122	0.611700	-0.410800	-0.712500	0.078700	0.079500	0.058600
1627306474.644562	0.610700	-0.425300	-0.715700	0.097700	0.110400	0.072700
1627306474.644974	0.613900	-0.445400	-0.718500	0.115700	0.137800	0.075400
1627306474.645383	0.617100	-0.460900	-0.714100	0.113900	0.158000	0.070200
1627306474.645814	0.619300	-0.468600	-0.700700	0.102000	0.172400	0.055300
1627306474.646212	0.624900	-0.466600	-0.686200	0.100400	0.179100	0.038500
1627306474.646632	0.639000	-0.465800	-0.671800	0.082100	0.181800	0.016800
1627306474.647049	0.655300	-0.457500	-0.660500	0.029300	0.183700	-0.006400
1627306474.647449	0.667100	-0.441300	-0.647700	-0.048300	0.180900	-0.027500
1627306474.647892	0.673100	-0.422100	-0.642900	-0.123800	0.175400	-0.038500
1627306474.648291	0.669100	-0.407600	-0.645000	-0.194300	0.173300	-0.046500
1627306474.648692	0.662100	-0.397600	-0.653100	-0.259400	0.172100	-0.051300
1627306474.649134	0.664200	-0.389000	-0.659700	-0.321100	0.168700	-0.050400
1627306474.649531	0.674000	-0.378500	-0.667800	-0.368400	0.158300	-0.036700
1627306474.649927	0.674100	-0.369600	-0.682100	-0.388000	0.142700	-0.013200
1627306474.650365	0.673700	-0.362500	-0.693800	-0.393500	0.127500	0.013400
1627306474.650762	0.670700	-0.356700	-0.705300	-0.394400	0.120100	0.042700
1627306474.651158	0.658000	-0.323400	-0.699800	-0.410600	0.078600	0.106900
1627306474.651589	0.681200	-0.323700	-0.693400	-0.282000	0.041300	0.174100
1627306474.651986	0.701900	-0.341600	-0.688100	-0.081900	0.012900	0.206100
1627306474.652461	0.671800	-0.343300	-0.679800	-0.174100	-0.018200	0.239700
1627306474.652934	0.671400	-0.318800	-0.679600	-0.256000	-0.060400	0.295000
1627306474.653422	0.671400	-0.318800	-0.679600	-0.256000	-0.060400	0.295000
1627306474.653940	0.656400	-0.320900	-0.699300	0.008200	-0.111400	0.358900
1627306474.654424	0.625000	-0.338100	-0.730300	0.218600	-0.122100	0.410800
1627306474.654882	0.616200	-0.353800	-0.756500	0.195700	-0.074700	0.463900
1627306474.655327	0.627400	-0.351800	-0.773300	0.251000	-0.001100	0.490800
1627306474.655757	0.649300	-0.360600	-0.773900	0.295600	0.079200	0.525900
1627306474.656208	0.646000	-0.385000	-0.764400	0.233000	0.152500	0.569900
1627306474.656660	0.639800	-0.429400	-0.746700	0.186000	0.219700	0.596500
1627306474.657108	0.627100	-0.486900	-0.721800	0.126400	0.274700	0.594000
1627306474.657559	0.617200	-0.545200	-0.692000	0.004500	0.312600	0.556800
1627306474.658017	0.633800	-0.599200	-0.667100	-0.123400	0.333000	0.476100
1627306474.658467	0.653100	-0.614500	-0.657800	-0.253600	0.312900	0.394600
1627306474.658919	0.647900	-0.600000	-0.649900	-0.441100	0.298200	0.309400
1627306474.659372	0.633400	-0.584000	-0.656900	-0.578800	0.289900	0.236700
1627306474.659822	0.627400	-0.567700	-0.674700	-0.665300	0.287800	0.179900
1627306474.660274	0.621100	-0.559700	-0.702900	-0.782000	0.314400	0.127600
1627306474.660722	0.612100	-0.548200	-0.739900	-0.887300	0.370900	0.070800
1627306474.661174	0.597500	-0.533700	-0.766700	-0.933800	0.458500	0.011300
1627306474.661626	0.593100	-0.514500	-0.778400	-0.934700	0.540400	-0.020200
1627306474.662077	0.600700	-0.500100	-0.778400	-0.898300	0.619200	-0.035500
1627306474.662684	0.608800	-0.485500	-0.769800	-0.836900	0.690100	-0.046500
1627306474.663144	0.624900	-0.468300	-0.750900	-0.800900	0.750800	-0.052900
1627306474.663598	0.630600	-0.443700	-0.723000	-0.779800	0.797300	-0.048000
1627306474.664075	0.662200	-0.423800	-0.689300	-0.715100	0.826900	-0.037600
1627306474.664488	0.742600	-0.409700	-0.664100	-0.625300	0.820800	-0.052600
1627306474.664900	0.748300	-0.366300	-0.641700	-0.692800	0.780200	-0.071500
1627306474.665334	0.690900	-0.277000	-0.622100	-0.807000	0.739200	-0.047400
1627306474.665746	0.650000	-0.184300	-0.610700	-0.822900	0.713900	0.040300
1627306474.666161	0.651500	-0.144900	-0.614000	-0.733700	0.699800	0.181400
1627306474.666595	0.664700	-0.174900	-0.631800	-0.638700	0.697400	0.331700
1627306474.667007	0.665500	-0.254400	-0.649500	-0.625600	0.706900	0.480100
1627306474.667461	0.650100	-0.331700	-0.652000	-0.634400	0.725800	0.561700
1627306474.667909	0.635900	-0.395600	-0.641400	-0.588900	0.746900	0.594600
1627306474.668311	0.621300	-0.444500	-0.615800	-0.550100	0.761500	0.595600
1627306474.668744	0.629000	-0.480100	-0.590100	-0.522300	0.764900	0.571100
1627306474.669159	0.647000	-0.499100	-0.562100	-0.520800	0.752400	0.524400
1627306474.669570	0.669100	-0.491600	-0.539200	-0.582500	0.728500	0.468800
1627306474.670009	0.680400	-0.440900	-0.522000	-0.719000	0.690100	0.409200
1627306474.670420	0.678500	-0.391000	-0.519300	-0.806100	0.655200	0.383900
1627306474.670844	0.666300	-0.346300	-0.536500	-0.852800	0.628400	0.384800
1627306474.671303	0.664600	-0.320800	-0.563000	-0.876900	0.615800	0.405300
1627306474.671733	0.677600	-0.304700	-0.592400	-0.895000	0.616800	0.440100
1627306474.672145	0.690800	-0.292500	-0.616300	-0.899600	0.628400	0.478900
1627306474.672690	0.694800	-0.276200	-0.630900	-0.889200	0.650700	0.528700
1627306474.673243	0.676600	-0.253400	-0.626000	-0.871800	0.685500	0.599500
1627306474.673656	0.670000	-0.241600	-0.612200	-0.820100	0.714200	0.676200
1627306474.674092	0.673200	-0.254300	-0.597300	-0.737400	0.736800	0.758100
1627306474.674502	0.678000	-0.285500	-0.577800	-0.671700	0.749300	0.832600
1627306474.674936	0.681500	-0.324100	-0.555400	-0.645400	0.754800	0.886000
1627306474.675348	0.700000	-0.363500	-0.530900	-0.625600	0.749300	0.920800
1627306474.675761	0.696200	-0.397300	-0.501700	-0.617300	0.728200	0.934000
1627306474.676269	0.693800	-0.421400	-0.471900	-0.629900	0.695900	0.932800
1627306474.676733	0.698500	-0.432400	-0.449700	-0.651500	0.652500	0.922100
1627306474.677297	0.707000	-0.434400	-0.430400	-0.677500	0.598100	0.913800
1627306474.677938	0.717800	-0.432300	-0.421800	-0.712900	0.536700	0.909900
1627306474.678426	0.707400	-0.424300	-0.419300	-0.754200	0.472900	0.916600
1627306474.678881	0.697500	-0.428300	-0.423500	-0.762100	0.417900	0.927000
1627306474.679338	0.697900	-0.445900	-0.437300	-0.761800	0.367200	0.936700
1627306474.679751	0.701200	-0.465100	-0.444800	-0.770000	0.325100	0.935800
1627306474.680196	0.703700	-0.476700	-0.456800	-0.786500	0.289900	0.922400
1627306474.680607	0.704000	-0.480800	-0.465300	-0.778300	0.257600	0.905900
1627306474.681017	0.701500	-0.482400	-0.470000	-0.749300	0.230400	0.890000
1627306474.681490	0.706500	-0.479100	-0.476700	-0.737100	0.207500	0.875000
1627306474.681940	0.709200	-0.467300	-0.479000	-0.756000	0.191000	0.864300
1627306474.682395	0.706800	-0.441000	-0.488400	-0.790200	0.171700	0.865000
1627306474.682926	0.696400	-0.420700	-0.495500	-0.825900	0.153100	0.887300
1627306474.683347	0.679800	-0.413900	-0.506500	-0.824400	0.136000	0.927000
1627306474.683770	0.663500	-0.431900	-0.520500	-0.781700	0.121000	0.971200
1627306474.684231	0.661700	-0.468600	-0.535400	-0.734000	0.105800	1.003900
1627306474.684657	0.655300	-0.503200	-0.547500	-0.712300	0.090200	1.020700
1627306474.685103	0.648800	-0.524900	-0.546100	-0.696400	0.072500	1.022900
1627306474.685526	0.647600	-0.534900	-0.543100	-0.661300	0.057800	1.014600
1627306474.685941	0.648300	-0.542400	-0.541500	-0.632300	0.039500	1.003000
1627306474.686394	0.628200	-0.550200	-0.540000	-0.602100	0.027600	0.986500
1627306474.686808	0.622200	-0.571200	-0.543200	-0.582500	0.026700	0.961200
1627306474.687219	0.619400	-0.595800	-0.549700	-0.549500	0.026700	0.917500
1627306474.687658	0.635300	-0.620400	-0.552900	-0.541600	0.038300	0.849700
1627306474.688067	0.653700	-0.636800	-0.552000	-0.538200	0.045600	0.764500
1627306474.688486	0.660800	-0.634000	-0.546900	-0.563000	0.050800	0.670100
1627306474.688980	0.666400	-0.619500	-0.535800	-0.601800	0.053500	0.604400
1627306474.689376	0.679700	-0.600600	-0.524500	-0.614600	0.055400	0.547300
1627306474.689802	0.676100	-0.586300	-0.515900	-0.614000	0.054200	0.498100
1627306474.690211	0.682600	-0.574500	-0.508900	-0.632600	0.052000	0.458700
1627306474.690607	0.689500	-0.565100	-0.509800	-0.642700	0.045900	0.423000
1627306474.691055	0.700800	-0.554900	-0.513300	-0.623700	0.029400	0.385400
1627306474.691452	0.709000	-0.541500	-0.519300	-0.602400	0.009900	0.359200
1627306474.691848	0.712600	-0.527800	-0.525900	-0.579800	-0.010000	0.345400
1627306474.692283	0.715100	-0.510900	-0.528900	-0.544000	-0.029800	0.342700
1627306474.692681	0.723900	-0.494600	-0.531200	-0.509200	-0.055200	0.352400
1627306474.693160	0.733500	-0.483200	-0.533300	-0.467400	-0.087600	0.376000
1627306474.693612	0.735400	-0.475500	-0.538000	-0.434400	-0.126400	0.408300
1627306474.694069	0.729400	-0.473300	-0.547100	-0.403500	-0.169700	0.456900
1627306474.694523	0.721400	-0.487800	-0.562300	-0.332700	-0.211900	0.506700
1627306474.694980	0.712400	-0.517100	-0.578200	-0.242000	-0.241200	0.543600
1627306474.695389	0.715000	-0.558100	-0.593000	-0.172600	-0.264400	0.563500
1627306474.695874	0.720800	-0.594100	-0.604400	-0.117600	-0.287000	0.563800
1627306474.696279	0.725600	-0.619900	-0.611000	-0.072100	-0.309000	0.548800
1627306474.696684	0.720000	-0.636200	-0.618900	-0.046500	-0.329500	0.525300
1627306474.697134	0.706200	-0.653800	-0.633200	-0.019300	-0.350200	0.497200
1627306474.697534	0.701800	-0.675300	-0.649400	0.021000	-0.360900	0.464200
1627306474.697935	0.698000	-0.703000	-0.673200	0.043000	-0.361800	0.424200
1627306474.698459	0.689100	-0.725000	-0.694200	0.024700	-0.347800	0.368900
1627306474.698858	0.677600	-0.739900	-0.711500	0.009100	-0.317900	0.299600
1627306474.699253	0.675300	-0.752200	-0.729400	0.034800	-0.279100	0.224200
1627306474.699691	0.669700	-0.766700	-0.745400	0.064700	-0.236300	0.145400
1627306474.700089	0.654700	-0.775600	-0.754600	0.069900	-0.173100	0.038500
1627306474.700530	0.645500	-0.777200	-0.758500	0.083600	-0.111100	-0.052900
1627306474.700931	0.638400	-0.771700	-0.753200	0.086700	-0.048800	-0.149100
1627306474.701328	0.637600	-0.760000	-0.745200	0.075400	0.016000	-0.245600
1627306474.701766	0.638400	-0.736900	-0.734400	0.075100	0.078000	-0.338100
1627306474.702163	0.637000	-0.709000	-0.723600	0.075700	0.132300	-0.417600
1627306474.702558	0.633700	-0.675400	-0.707400	0.091300	0.187300	-0.485400
1627306474.702989	0.634800	-0.639600	-0.691300	0.126400	0.242600	-0.543700
1627306474.703386	0.639500	-0.612200	-0.675900	0.146600	0.280800	-0.577300
1627306474.703783	0.650800	-0.587500	-0.655300	0.156000	0.306700	-0.596500
1627306474.704225	0.654300	-0.569600	-0.635600	0.172800	0.317400	-0.602300
1627306474.704722	0.651100	-0.557300	-0.614900	0.198200	0.313500	-0.598400
1627306474.705153	0.654800	-0.560400	-0.597000	0.237300	0.297300	-0.591300
1627306474.705550	0.661000	-0.573100	-0.580700	0.280600	0.269800	-0.592900
1627306474.705945	0.670900	-0.579500	-0.567400	0.304800	0.231300	-0.603300
1627306474.706384	0.671800	-0.580100	-0.557100	0.324000	0.190400	-0.618200
1627306474.706781	0.662100	-0.574100	-0.548600	0.355800	0.151000	-0.638700
1627306474.707177	0.660600	-0.568100	-0.543000	0.389100	0.114600	-0.660700
1627306474.707605	0.659200	-0.558300	-0.542000	0.408300	0.081000	-0.680200
1627306474.708001	0.657600	-0.547700	-0.538200	0.418700	0.052000	-0.701300
1627306474.708445	0.661300	-0.541000	-0.538100	0.435200	0.021200	-0.722400
1627306474.708898	0.663600	-0.535900	-0.537700	0.447400	-0.008500	-0.738900
1627306474.709383	0.667000	-0.536600	-0.543900	0.468200	-0.034100	-0.751100
1627306474.709817	0.671800	-0.536300	-0.553000	0.491400	-0.056100	-0.766700
1627306474.710224	0.669200	-0.535600	-0.561200	0.507300	-0.072900	-0.782200
1627306474.710620	0.670800	-0.531100	-0.568700	0.531400	-0.083600	-0.796000
1627306474.711058	0.667500	-0.527800	-0.575200	0.581500	-0.085700	-0.810300
1627306474.711454	0.658900	-0.523600	-0.574800	0.631300	-0.078700	-0.830200
1627306474.711851	0.660600	-0.518700	-0.569300	0.654200	-0.070200	-0.846700
1627306474.712281	0.657300	-0.512100	-0.558300	0.687800	-0.066800	-0.858600
1627306474.712678	0.657100	-0.514800	-0.549300	0.742100	-0.071100	-0.868700
1627306474.714315	0.663000	-0.524800	-0.547000	0.780000	-0.074700	-0.884000
1627306474.714741	0.672000	-0.531600	-0.544400	0.780600	-0.079300	-0.907500
1627306474.715137	0.668100	-0.533800	-0.539200	0.782800	-0.083900	-0.935300
1627306474.715559	0.665000	-0.535400	-0.528100	0.814800	-0.089100	-0.973700
1627306474.715991	0.668100	-0.532500	-0.519500	0.828300	-0.096700	-1.007300
1627306474.717764	0.670900	-0.520500	-0.507900	0.819100	-0.111700	-1.035100
1627306474.718229	0.665500	-0.507400	-0.498400	0.817600	-0.131500	-1.054400
1627306474.719984	0.661600	-0.497600	-0.493300	0.848700	-0.156000	-1.066000
1627306474.720423	0.658100	-0.493300	-0.489000	0.884500	-0.185000	-1.074500
1627306474.720819	0.658200	-0.494500	-0.485700	0.899100	-0.219800	-1.077900
1627306474.722895	0.659500	-0.504400	-0.487800	0.921100	-0.266200	-1.081300
1627306474.723291	0.658300	-0.516800	-0.489900	0.957500	-0.307200	-1.092600
1627306474.723691	0.653600	-0.529800	-0.493200	0.979200	-0.343800	-1.118500
1627306474.724134	0.657000	-0.529400	-0.492300	0.971200	-0.372500	-1.154900
1627306474.724531	0.659400	-0.519700	-0.494600	0.963300	-0.398500	-1.197000
1627306474.726584	0.660300	-0.496600	-0.493800	0.956600	-0.420200	-1.239500
1627306474.726981	0.663700	-0.461200	-0.494600	0.932700	-0.443100	-1.270000
1627306474.727420	0.669100	-0.427600	-0.499000	0.910400	-0.462000	-1.285000
1627306474.727889	0.672700	-0.403700	-0.508300	0.904600	-0.477300	-1.283200
1627306474.730373	0.667700	-0.392700	-0.519800	0.907400	-0.489800	-1.272200
1627306474.730819	0.663900	-0.385600	-0.532200	0.926000	-0.494100	-1.259000
1627306474.731222	0.666100	-0.385400	-0.541400	0.954400	-0.497800	-1.251100
1627306474.731621	0.675500	-0.377600	-0.546300	0.969100	-0.503300	-1.239200
1627306474.733704	0.677100	-0.359400	-0.549400	0.970900	-0.516100	-1.209500
1627306474.734104	0.678600	-0.345900	-0.552000	1.007900	-0.523100	-1.176900
1627306474.734541	0.680900	-0.347300	-0.558600	1.056700	-0.525900	-1.144500
1627306474.734938	0.684100	-0.350200	-0.564000	1.078100	-0.524000	-1.117000
1627306474.737004	0.679300	-0.354900	-0.569500	1.103200	-0.518200	-1.095000
1627306474.737401	0.681300	-0.356200	-0.568100	1.146200	-0.510900	-1.082200
1627306474.737832	0.688500	-0.353400	-0.564700	1.180700	-0.505700	-1.069400
1627306474.738230	0.693700	-0.338400	-0.547700	1.193600	-0.506600	-1.048900
1627306474.739911	0.699500	-0.325100	-0.535300	1.204000	-0.511500	-1.027500
1627306474.740308	0.701500	-0.313100	-0.523600	1.216200	-0.523100	-0.998500
1627306474.740708	0.698200	-0.305800	-0.512000	1.197900	-0.537800	-0.966400
1627306474.742363	0.700300	-0.306300	-0.508800	1.184100	-0.559200	-0.928200
1627306474.742760	0.699100	-0.317900	-0.509900	1.204900	-0.584500	-0.892200
1627306474.743156	0.693400	-0.337000	-0.513800	1.215600	-0.612000	-0.864700
1627306474.743659	0.689100	-0.348600	-0.517200	1.192700	-0.647100	-0.835400
1627306474.746141	0.688400	-0.358000	-0.517500	1.208500	-0.675800	-0.817400
1627306474.746553	0.688800	-0.368800	-0.520900	1.241200	-0.704500	-0.801500
1627306474.746982	0.694900	-0.380600	-0.521900	1.239100	-0.732300	-0.790800
1627306474.747403	0.692500	-0.385500	-0.524500	1.212500	-0.759500	-0.781900
1627306474.747800	0.685400	-0.390700	-0.528900	1.203000	-0.778800	-0.776700
1627306474.749861	0.682900	-0.397300	-0.530400	1.209800	-0.797100	-0.776100
1627306474.750290	0.684000	-0.402000	-0.534200	1.200600	-0.817200	-0.774000
1627306474.750689	0.684200	-0.398400	-0.535200	1.185300	-0.839200	-0.770300
1627306474.751085	0.682300	-0.394000	-0.536600	1.186900	-0.862800	-0.757800
1627306474.753148	0.679600	-0.397300	-0.545700	1.209200	-0.885100	-0.739800
1627306474.753550	0.678000	-0.404500	-0.556800	1.227500	-0.901500	-0.723000
1627306474.753988	0.677700	-0.417400	-0.569100	1.229300	-0.914100	-0.710500
1627306474.756053	0.682300	-0.423100	-0.585600	1.216500	-0.922000	-0.702200
1627306474.756450	0.669700	-0.421300	-0.595900	1.205800	-0.924800	-0.692800
1627306474.756850	0.664900	-0.418800	-0.601100	1.213700	-0.919900	-0.683900
1627306474.757364	0.677100	-0.417000	-0.608000	1.230500	-0.912800	-0.677500
1627306474.759511	0.681000	-0.408300	-0.611200	1.212500	-0.905800	-0.663700
1627306474.759908	0.672600	-0.401500	-0.613500	1.192700	-0.897600	-0.644200
1627306474.760306	0.664700	-0.401700	-0.619100	1.230200	-0.889300	-0.620700
1627306474.760745	0.667400	-0.405200	-0.620800	1.267200	-0.871300	-0.599300
1627306474.762778	0.662100	-0.407300	-0.623400	1.239700	-0.857000	-0.576100
1627306474.763221	0.644500	-0.403900	-0.619800	1.260500	-0.846300	-0.559900
1627306474.763618	0.637000	-0.404100	-0.611300	1.296800	-0.835300	-0.541900
1627306474.765289	0.642300	-0.407600	-0.600300	1.293500	-0.835900	-0.517700
1627306474.765692	0.631700	-0.417600	-0.586500	1.297100	-0.855100	-0.492700
1627306474.766091	0.627800	-0.433800	-0.580200	1.336800	-0.881700	-0.471600
1627306474.767835	0.632200	-0.455100	-0.572400	1.352700	-0.921400	-0.460900
1627306474.768232	0.625200	-0.460900	-0.568200	1.320900	-0.960800	-0.457300
1627306474.768633	0.614000	-0.452100	-0.564500	1.296800	-1.005400	-0.449300
1627306474.770304	0.609600	-0.450100	-0.561200	1.313600	-1.053600	-0.434100
1627306474.770701	0.615800	-0.457000	-0.565800	1.323100	-1.105000	-0.413900
1627306474.771141	0.604600	-0.469700	-0.572300	1.286100	-1.156600	-0.389500
1627306474.772775	0.591900	-0.482200	-0.579700	1.239400	-1.201500	-0.370800
1627306474.773175	0.578000	-0.509500	-0.592300	1.232700	-1.251000	-0.362900
1627306474.773618	0.575100	-0.532200	-0.606900	1.204000	-1.283900	-0.365600
1627306474.774016	0.569200	-0.546800	-0.618000	1.137700	-1.314800	-0.371400
1627306474.776111	0.560300	-0.556500	-0.629600	1.103200	-1.339200	-0.384300
1627306474.776511	0.545900	-0.574100	-0.646700	1.099200	-1.352400	-0.406300
1627306474.776952	0.533400	-0.589400	-0.662800	1.075400	-1.352100	-0.437400
1627306474.777351	0.532500	-0.598400	-0.682400	1.019200	-1.340500	-0.477100
1627306474.779388	0.529100	-0.601200	-0.698900	0.987100	-1.320000	-0.522600
1627306474.779785	0.527300	-0.597900	-0.713000	0.969400	-1.297400	-0.553500
1627306474.780183	0.527100	-0.586200	-0.723500	0.951100	-1.275100	-0.574500
1627306474.780578	0.525300	-0.573400	-0.733500	0.948300	-1.254000	-0.584600
1627306476.657670	0.519700	-0.518600	-0.893400	0.431500	-0.456800	-0.687600
1627306476.658563	0.665200	-0.537500	-0.573100	-0.542800	0.800900	0.414400
1627306476.674141	0.669100	-0.533200	-0.575200	-0.489700	0.778900	0.385700
1627306476.680520	0.668900	-0.525300	-0.572600	-0.442000	0.764600	0.348800
1627306476.695169	0.677000	-0.511200	-0.566500	-0.414500	0.761500	0.320100
1627306476.702939	0.681500	-0.492600	-0.556800	-0.387600	0.759400	0.299300
1627306476.728578	0.684900	-0.474400	-0.542200	-0.358600	0.753900	0.291000
1627306476.729469	0.695100	-0.462800	-0.530900	-0.325900	0.744400	0.292600
1627306476.730271	0.697300	-0.454200	-0.523600	-0.306100	0.730700	0.302300
1627306476.736941	0.696200	-0.452900	-0.517800	-0.284100	0.718500	0.314900
1627306476.758107	0.700800	-0.466900	-0.514300	-0.231900	0.705600	0.322800
1627306476.759095	0.702300	-0.483800	-0.510700	-0.192200	0.696200	0.318500
1627306476.774508	0.700400	-0.498700	-0.500200	-0.162500	0.687300	0.304200
1627306476.778761	0.698500	-0.499400	-0.483200	-0.161600	0.675700	0.282200
1627306476.797696	0.697100	-0.495100	-0.464800	-0.165300	0.661700	0.261100
1627306476.798578	0.712000	-0.494100	-0.444100	-0.140900	0.644600	0.234800
1627306476.809308	0.726100	-0.503800	-0.426400	-0.122200	0.616800	0.201900
1627306476.816905	0.727500	-0.507400	-0.412100	-0.170500	0.580100	0.170100
1627306476.839522	0.723000	-0.508100	-0.403800	-0.217200	0.545000	0.143200
1627306476.840399	0.731000	-0.519900	-0.399700	-0.194900	0.512600	0.104400
1627306476.847891	0.739500	-0.525900	-0.396900	-0.210800	0.478700	0.061100
1627306476.859022	0.734100	-0.517200	-0.393200	-0.305800	0.449700	0.022000
1627306476.880768	0.738600	-0.504300	-0.388900	-0.334200	0.423700	-0.019300
1627306476.881721	0.736100	-0.500000	-0.392900	-0.299400	0.395000	-0.066600
1627306476.887981	0.736700	-0.487700	-0.397500	-0.316800	0.369700	-0.112400
1627306476.898876	0.742300	-0.462400	-0.401000	-0.348600	0.348300	-0.142100
1627306476.899755	0.734500	-0.428700	-0.398900	-0.342400	0.329000	-0.156400
1627306476.924596	0.749300	-0.407100	-0.403200	-0.278300	0.311300	-0.159800
1627306476.927843	0.753700	-0.394900	-0.406100	-0.252000	0.294800	-0.150600
1627306476.936639	0.762600	-0.380900	-0.407600	-0.246800	0.279300	-0.133500
1627306476.946342	0.776500	-0.364300	-0.408700	-0.208100	0.259100	-0.103600
1627306476.963264	0.776200	-0.353800	-0.408000	-0.164400	0.244400	-0.070900
1627306476.966711	0.778100	-0.353000	-0.406500	-0.117000	0.231300	-0.038500
1627306476.977981	0.780000	-0.359900	-0.406500	-0.061100	0.218200	-0.010100
1627306476.983934	0.781000	-0.363300	-0.399200	-0.019900	0.204700	0.017700
1627306476.998250	0.794400	-0.370200	-0.392300	-0.003100	0.187900	0.043600
1627306477.007948	0.797400	-0.387200	-0.387800	0.048500	0.159200	0.068400
1627306477.018219	0.798700	-0.418200	-0.387900	0.103200	0.118000	0.086400
1627306477.036510	0.804700	-0.451700	-0.392000	0.126700	0.081000	0.089200
1627306477.046396	0.800700	-0.476000	-0.393100	0.162700	0.048000	0.075100
1627306477.047266	0.807900	-0.498700	-0.396900	0.175900	0.021200	0.047300
1627306477.068280	0.803600	-0.517300	-0.398100	0.209200	-0.006900	0.005800
1627306477.070493	0.805500	-0.531100	-0.404900	0.237600	-0.031400	-0.043100
1627306477.080573	0.815800	-0.534500	-0.407100	0.241800	-0.060100	-0.101400
1627306477.087749	0.820900	-0.522300	-0.408200	0.218600	-0.095200	-0.161000
1627306477.107454	0.805500	-0.500000	-0.408900	0.198500	-0.121500	-0.202500
1627306477.108336	0.812300	-0.488500	-0.415300	0.213100	-0.149600	-0.236700
1627306477.115827	0.820800	-0.484500	-0.426300	0.224400	-0.178300	-0.264500
1627306477.137734	0.814200	-0.474500	-0.441800	0.182300	-0.202700	-0.286200
1627306477.148504	0.814500	-0.463500	-0.457400	0.154500	-0.224100	-0.307000
1627306477.149386	0.810800	-0.459200	-0.477900	0.182900	-0.240000	-0.333600
1627306477.157162	0.801600	-0.452500	-0.496600	0.175900	-0.246100	-0.360400
1627306477.175279	0.804100	-0.436400	-0.510600	0.155400	-0.244900	-0.381500
1627306477.186252	0.805700	-0.421100	-0.524800	0.180500	-0.239400	-0.397100
1627306477.187138	0.801900	-0.408700	-0.539200	0.212800	-0.226800	-0.406900
1627306477.194535	0.802500	-0.397200	-0.552100	0.240300	-0.207900	-0.411100
1627306477.218242	0.792500	-0.388200	-0.559900	0.268400	-0.181300	-0.413900
1627306477.219054	0.794900	-0.378800	-0.564600	0.320700	-0.144100	-0.416300
1627306477.226784	0.791500	-0.373500	-0.564100	0.361900	-0.105000	-0.414500
1627306477.232980	0.796300	-0.371800	-0.555300	0.393600	-0.070200	-0.406000
1627306477.254616	0.791900	-0.375200	-0.539300	0.430900	-0.039300	-0.397700
1627306477.256725	0.792200	-0.387200	-0.521700	0.462700	-0.013300	-0.388800
1627306477.271655	0.800900	-0.410600	-0.507800	0.501200	0.004100	-0.389800
1627306477.275163	0.792700	-0.430500	-0.484000	0.485300	0.014800	-0.400500
1627306477.299687	0.792000	-0.453100	-0.454800	0.475200	0.018100	-0.425800
1627306477.300628	0.790300	-0.465700	-0.431500	0.496000	0.006500	-0.463700
1627306477.307930	0.781700	-0.470600	-0.403200	0.474000	-0.014000	-0.501600
1627306477.316551	0.792600	-0.470000	-0.383700	0.470600	-0.046300	-0.541600
1627306477.338362	0.791000	-0.461300	-0.372100	0.479800	-0.086300	-0.580000
1627306477.339167	0.790400	-0.450200	-0.365700	0.478900	-0.129700	-0.617000
1627306477.346633	0.795400	-0.429200	-0.366300	0.483100	-0.176800	-0.647200
1627306477.356525	0.790200	-0.396900	-0.367200	0.449200	-0.236600	-0.663400
1627306477.357414	0.796400	-0.372400	-0.375500	0.461800	-0.278500	-0.663400
1627306477.380885	0.800800	-0.360800	-0.390600	0.501200	-0.317300	-0.656100
1627306477.385746	0.793600	-0.351900	-0.402300	0.490800	-0.354200	-0.637800
1627306477.411567	0.787500	-0.346300	-0.415200	0.486800	-0.382600	-0.615800
1627306477.415074	0.787200	-0.349600	-0.426300	0.548200	-0.403400	-0.600800
1627306477.415953	0.788900	-0.360700	-0.438600	0.605900	-0.424200	-0.594100
1627306477.426891	0.787000	-0.356800	-0.445700	0.592500	-0.442500	-0.584900
1627306477.430865	0.786300	-0.349600	-0.447400	0.614800	-0.458100	-0.576100
1627306477.454691	0.787600	-0.350300	-0.454500	0.687800	-0.477300	-0.560800
1627306477.458016	0.783400	-0.359500	-0.460400	0.703400	-0.496800	-0.544600
1627306477.467975	0.777000	-0.373400	-0.466600	0.701800	-0.514600	-0.533300
1627306477.475284	0.776200	-0.390500	-0.473100	0.742800	-0.532900	-0.537600
1627306477.495956	0.773800	-0.399700	-0.477500	0.757700	-0.555800	-0.552600
1627306477.496916	0.768800	-0.391800	-0.480000	0.724100	-0.581100	-0.563200
1627306477.504191	0.772600	-0.380700	-0.482100	0.733900	-0.601300	-0.571800
1627306477.516408	0.777000	-0.366700	-0.491500	0.750100	-0.621500	-0.574900
1627306477.517297	0.776400	-0.361600	-0.509200	0.749200	-0.632500	-0.567800
1627306477.540249	0.766400	-0.361300	-0.528700	0.780900	-0.630900	-0.565400
1627306477.556089	0.763100	-0.360100	-0.543800	0.800500	-0.618400	-0.565100
1627306477.560057	0.766500	-0.352100	-0.550200	0.790400	-0.596700	-0.558400
1627306477.582829	0.753400	-0.342800	-0.551000	0.803500	-0.576900	-0.548900
1627306477.584324	0.757000	-0.338400	-0.552700	0.836500	-0.555500	-0.537300
1627306477.593694	0.761000	-0.329300	-0.550900	0.815500	-0.531400	-0.525700
1627306477.594579	0.753200	-0.322500	-0.540000	0.819700	-0.513600	-0.508300
1627306477.607109	0.760300	-0.322900	-0.530000	0.862200	-0.504800	-0.487500
1627306477.624078	0.753200	-0.325400	-0.519400	0.847500	-0.500800	-0.462800
1627306477.638599	0.759600	-0.333300	-0.506800	0.841100	-0.510600	-0.434100
1627306477.639476	0.755500	-0.351600	-0.504900	0.871300	-0.526500	-0.416000
1627306477.645866	0.752600	-0.374900	-0.501600	0.882300	-0.543600	-0.408700
1627306477.666454	0.749100	-0.396100	-0.498300	0.869800	-0.565600	-0.410500
1627306477.677429	0.747600	-0.410600	-0.496100	0.853900	-0.592800	-0.417300
1627306477.678419	0.742600	-0.415500	-0.494600	0.842600	-0.624800	-0.430100
1627306477.684310	0.738600	-0.417000	-0.497100	0.841100	-0.657200	-0.443800
1627306477.685683	0.732400	-0.414600	-0.502800	0.828000	-0.694500	-0.457300
1627306477.711845	0.736300	-0.408800	-0.509800	0.838100	-0.722900	-0.464900
1627306477.714195	0.736100	-0.410200	-0.522500	0.872600	-0.746100	-0.471600
1627306477.729681	0.729000	-0.415600	-0.537400	0.900100	-0.757100	-0.480500
1627306477.731596	0.726200	-0.414100	-0.543100	0.903400	-0.765000	-0.489600
1627306477.754025	0.733500	-0.403600	-0.544400	0.890900	-0.769900	-0.490900
1627306477.755721	0.732500	-0.398800	-0.545300	0.908600	-0.778500	-0.485700
1627306477.770648	0.726200	-0.405400	-0.545700	0.925700	-0.786700	-0.475000
1627306477.776515	0.715200	-0.418600	-0.546600	0.935500	-0.795300	-0.472200
1627306477.796035	0.701400	-0.432100	-0.545000	0.942200	-0.804400	-0.475900
1627306477.796849	0.705100	-0.445800	-0.547400	0.952300	-0.814800	-0.486000
1627306477.805476	0.698100	-0.451500	-0.551000	0.942500	-0.829500	-0.500900
1627306477.814141	0.697500	-0.457800	-0.555500	0.926300	-0.848400	-0.515600
1627306477.835977	0.688400	-0.456300	-0.564600	0.929700	-0.866400	-0.533300
1627306477.836870	0.687300	-0.458900	-0.578500	0.929700	-0.879200	-0.551600
1627306477.844099	0.672100	-0.458000	-0.589100	0.942500	-0.882600	-0.567200
1627306477.856538	0.668900	-0.452300	-0.595000	0.948300	-0.878900	-0.583100
1627306477.879805	0.663800	-0.441200	-0.595500	0.960200	-0.872500	-0.592300
1627306477.880651	0.658700	-0.433700	-0.599200	1.010900	-0.870400	-0.597500
1627306477.885449	0.658100	-0.425300	-0.599100	1.071700	-0.872500	-0.597200
1627306477.898877	0.660000	-0.410500	-0.592400	1.106200	-0.879200	-0.579700
1627306477.899757	0.659800	-0.397000	-0.588500	1.168200	-0.887500	-0.546100
1627306477.921942	0.661300	-0.400000	-0.585000	1.250100	-0.902500	-0.509500
1627306477.924235	0.660500	-0.416600	-0.580800	1.309600	-0.920800	-0.467600
1627306477.936659	0.657700	-0.443800	-0.575400	1.342900	-0.939100	-0.433100
1627306477.941717	0.654200	-0.472500	-0.568500	1.367700	-0.959600	-0.414500
1627306477.962733	0.650800	-0.497800	-0.556600	1.373800	-0.982800	-0.411800
1627306477.964245	0.632600	-0.520500	-0.543600	1.366500	-1.019700	-0.421800
1627306477.979135	0.632900	-0.526500	-0.537000	1.370100	-1.063400	-0.433100
1627306477.982634	0.623200	-0.525900	-0.535000	1.372900	-1.116300	-0.436500
1627306478.003483	0.615700	-0.522300	-0.538600	1.374100	-1.172500	-0.431900
1627306478.004371	0.604200	-0.525000	-0.553500	1.394200	-1.225600	-0.422400
1627306478.012026	0.584600	-0.533900	-0.573400	1.357600	-1.273600	-0.403500
1627306478.033234	0.572800	-0.569600	-0.595300	1.404900	-1.306900	-0.400800
1627306478.034033	0.562400	-0.622300	-0.622400	1.483700	-1.338600	-0.432500
1627306478.043264	0.555500	-0.641800	-0.633100	1.397900	-1.361500	-0.464300
1627306478.063597	0.553300	-0.642900	-0.639500	1.353000	-1.385700	-0.494800
1627306478.064509	0.548200	-0.656700	-0.651100	1.424200	-1.409800	-0.539100
1627306478.073289	0.534200	-0.670200	-0.669900	1.443400	-1.430200	-0.580700
1627306478.081907	0.530900	-0.659200	-0.685300	1.332900	-1.444000	-0.613000
1627306478.092992	0.533900	-0.641700	-0.700900	1.298000	-1.451600	-0.640500
1627306478.108321	0.530600	-0.637000	-0.723800	1.339000	-1.455000	-0.662800
1627306478.115270	0.529300	-0.635900	-0.741100	1.274500	-1.450400	-0.660700
1627306478.134585	0.517800	-0.633200	-0.754400	1.200000	-1.435400	-0.658500
1627306478.135656	0.509600	-0.644300	-0.770400	1.188400	-1.414700	-0.663700
1627306478.142965	0.499800	-0.659500	-0.785300	1.136800	-1.388100	-0.679300
1627306478.155269	0.499600	-0.665900	-0.795500	1.047300	-1.358200	-0.699500
1627306478.177042	0.488400	-0.662600	-0.806900	0.979800	-1.321800	-0.728200
1627306478.178097	0.480700	-0.660300	-0.819800	0.938200	-1.282400	-0.762100
1627306478.182984	0.478400	-0.656200	-0.838000	0.876200	-1.243600	-0.788400
1627306478.195175	0.479400	-0.649400	-0.855600	0.802600	-1.200000	-0.808500
1627306478.196094	0.483600	-0.643800	-0.879800	0.744000	-1.149900	-0.826500
1627306478.220535	0.479100	-0.641400	-0.903700	0.686900	-1.088800	-0.843000
1627306478.224241	0.482200	-0.641000	-0.919100	0.629700	-1.014900	-0.862900
1627306478.229406	0.479900	-0.641200	-0.933500	0.560700	-0.918600	-0.891600
1627306478.252368	0.480000	-0.635300	-0.935900	0.512500	-0.831000	-0.924600
1627306478.253255	0.482700	-0.620200	-0.927200	0.448300	-0.747300	-0.957000
1627306478.268053	0.485200	-0.602500	-0.918200	0.391200	-0.671200	-0.988100
1627306478.270740	0.481600	-0.593400	-0.911600	0.367400	-0.606200	-1.016200
1627306478.296477	0.484400	-0.586800	-0.909500	0.335600	-0.550300	-1.038500
1627306478.297368	0.494500	-0.575900	-0.906200	0.275800	-0.499900	-1.057700
1627306478.304370	0.502100	-0.560100	-0.904800	0.225400	-0.444600	-1.076400
1627306478.314492	0.504800	-0.552000	-0.903800	0.204900	-0.400300	-1.090400
1627306478.341261	0.505400	-0.541000	-0.900800	0.172200	-0.357600	-1.104500
1627306478.342162	0.505900	-0.522600	-0.897000	0.134300	-0.313600	-1.115200
1627306478.342971	0.512900	-0.499800	-0.889400	0.106500	-0.272400	-1.118500
1627306478.358275	0.511500	-0.476700	-0.882800	0.094000	-0.233900	-1.114600
1627306478.369195	0.510700	-0.453100	-0.875500	0.084900	-0.199000	-1.101700
1627306478.373058	0.520300	-0.424800	-0.865600	0.062900	-0.156900	-1.071500
1627306478.385093	0.527500	-0.406700	-0.862100	0.056500	-0.127300	-1.036700
1627306478.385990	0.534900	-0.389000	-0.860700	0.049400	-0.098300	-0.993900
1627306478.409605	0.540200	-0.383400	-0.862500	0.036600	-0.070200	-0.944100
1627306478.412841	0.540000	-0.382900	-0.868000	0.034200	-0.041100	-0.893400
1627306478.424274	0.539800	-0.387500	-0.873500	0.041200	-0.008200	-0.845200
1627306478.428007	0.540800	-0.399000	-0.878900	0.043300	0.033400	-0.802700
1627306478.450695	0.539800	-0.407800	-0.879600	0.041200	0.083500	-0.767900
1627306478.451520	0.539100	-0.409200	-0.878700	0.041500	0.129900	-0.750200
1627306478.461635	0.539900	-0.407500	-0.869900	0.043600	0.178200	-0.741600
1627306478.470268	0.542700	-0.398300	-0.857500	0.040600	0.223700	-0.733400
1627306478.495944	0.547700	-0.386200	-0.844200	0.035400	0.264000	-0.721500
1627306478.499246	0.549300	-0.377200	-0.832000	0.038400	0.297600	-0.703100
1627306478.502922	0.553300	-0.374000	-0.822300	0.048500	0.333300	-0.682400
1627306478.511327	0.563700	-0.377400	-0.817400	0.047900	0.370900	-0.664300
1627306478.533235	0.572900	-0.381600	-0.810900	0.034800	0.403300	-0.650600
1627306478.534107	0.578200	-0.382200	-0.801800	0.014300	0.436300	-0.641700
1627306478.541739	0.584600	-0.377900	-0.788300	0.002100	0.466800	-0.637200
1627306478.554042	0.588600	-0.369800	-0.772000	-0.001900	0.493700	-0.631700
1627306478.577158	0.593100	-0.361900	-0.752800	-0.026600	0.517800	-0.623700
1627306478.579382	0.596700	-0.348500	-0.727300	-0.031500	0.534600	-0.612700
1627306478.581627	0.606000	-0.343500	-0.710800	-0.040700	0.541300	-0.597800
1627306478.595220	0.609900	-0.341200	-0.692600	-0.056900	0.544100	-0.587700
1627306478.613275	0.616500	-0.341700	-0.677900	-0.081000	0.543200	-0.582200
1627306478.615497	0.618200	-0.335600	-0.664100	-0.110300	0.539800	-0.579700
1627306478.622069	0.628200	-0.331100	-0.652200	-0.124700	0.533100	-0.577600
1627306478.645692	0.640300	-0.322100	-0.645600	-0.124400	0.524500	-0.576400
1627306478.656208	0.637900	-0.305700	-0.631000	-0.157000	0.508900	-0.567500
1627306478.657096	0.645600	-0.283000	-0.623000	-0.191900	0.495800	-0.553200
1627306478.664579	0.645400	-0.266600	-0.611600	-0.182700	0.484200	-0.533300
1627306478.682996	0.650500	-0.259800	-0.605200	-0.155800	0.470500	-0.513200
1627306478.684324	0.654300	-0.251100	-0.595700	-0.169000	0.455200	-0.491800
1627306478.699748	0.659400	-0.237700	-0.587300	-0.188800	0.438700	-0.467300
1627306478.703890	0.661300	-0.220900	-0.575800	-0.188500	0.420700	-0.437700
1627306478.722629	0.668900	-0.206300	-0.566900	-0.194000	0.395300	-0.392500
1627306478.723521	0.669600	-0.199500	-0.564500	-0.205000	0.372100	-0.352500
1627306478.733381	0.679100	-0.192600	-0.561800	-0.239500	0.349800	-0.305800
1627306478.750269	0.681500	-0.188000	-0.560700	-0.251400	0.326300	-0.258100
1627306478.761035	0.683100	-0.195600	-0.563000	-0.234300	0.300900	-0.210500
1627306478.761920	0.679600	-0.203000	-0.564900	-0.245000	0.280200	-0.170500
1627306478.769579	0.678300	-0.219700	-0.566500	-0.253000	0.259400	-0.132600
1627306478.788122	0.675200	-0.234400	-0.565600	-0.240100	0.240500	-0.107500
1627306478.791790	0.678600	-0.250900	-0.564700	-0.225800	0.222800	-0.101400
1627306478.806664	0.681500	-0.261700	-0.569800	-0.241300	0.206300	-0.100500
1627306478.808959	0.688500	-0.273600	-0.575800	-0.245300	0.188200	-0.104800
1627306478.831534	0.686800	-0.281000	-0.578700	-0.239200	0.172400	-0.113300
1627306478.832967	0.700300	-0.281500	-0.580800	-0.261500	0.162600	-0.122200
1627306478.848331	0.710600	-0.284500	-0.589800	-0.277700	0.157700	-0.134100
1627306478.850156	0.712800	-0.287500	-0.593800	-0.291700	0.160800	-0.150900
1627306478.873243	0.717900	-0.272900	-0.592200	-0.347000	0.170500	-0.168000
1627306478.874341	0.718900	-0.254000	-0.587300	-0.389200	0.180900	-0.175700
1627306478.880426	0.715800	-0.234900	-0.583500	-0.377600	0.187000	-0.176900
1627306478.892833	0.721200	-0.218400	-0.578400	-0.383100	0.196800	-0.166500
1627306478.893879	0.731100	-0.198700	-0.575800	-0.411500	0.203500	-0.144800
1627306478.916488	0.735600	-0.179800	-0.575200	-0.392500	0.205300	-0.105400
1627306478.925251	0.736600	-0.167400	-0.572500	-0.345500	0.199500	-0.060500
1627306478.926132	0.739100	-0.158900	-0.570300	-0.336300	0.191000	-0.005500
1627306478.949425	0.738800	-0.153700	-0.568500	-0.317400	0.173000	0.057400
1627306478.950294	0.737800	-0.154800	-0.565200	-0.272800	0.147900	0.120300
1627306478.964266	0.736200	-0.159200	-0.556900	-0.246500	0.117700	0.177700
1627306478.967710	0.747100	-0.169900	-0.557500	-0.247500	0.087800	0.226900
1627306478.991849	0.762300	-0.187600	-0.562100	-0.213900	0.044700	0.275500
1627306478.993446	0.767200	-0.201200	-0.572000	-0.217500	0.013800	0.307500
1627306479.008259	0.769000	-0.209700	-0.580700	-0.245600	-0.011200	0.332900
1627306479.011543	0.764400	-0.220500	-0.590900	-0.260900	-0.031700	0.353400
1627306479.035883	0.764500	-0.227200	-0.606800	-0.278900	-0.043000	0.365600
1627306479.037976	0.764400	-0.232200	-0.620400	-0.315600	-0.047900	0.373200
1627306479.040401	0.767300	-0.232800	-0.638300	-0.355300	-0.047600	0.379000
1627306479.052844	0.768700	-0.227100	-0.657800	-0.363800	-0.039300	0.379900
1627306479.070026	0.768100	-0.217200	-0.674400	-0.373900	-0.014900	0.380200
1627306479.070912	0.769000	-0.202300	-0.682900	-0.380900	0.016900	0.385100
1627306479.079546	0.767000	-0.178000	-0.681600	-0.392800	0.053500	0.403800
1627306479.100208	0.765900	-0.158900	-0.677000	-0.387000	0.090200	0.434000
1627306479.112406	0.759400	-0.151200	-0.665200	-0.362900	0.122300	0.473700
1627306479.113291	0.755700	-0.154800	-0.650600	-0.355000	0.149800	0.520700
1627306479.121092	0.751500	-0.168900	-0.631700	-0.368400	0.171400	0.566900
1627306479.140313	0.745500	-0.185700	-0.615000	-0.377600	0.179400	0.598300
1627306479.151175	0.740600	-0.201900	-0.600300	-0.401100	0.177200	0.625500
1627306479.161369	0.738500	-0.215900	-0.588300	-0.423400	0.166900	0.643500
1627306479.162284	0.737200	-0.224900	-0.576800	-0.445100	0.147600	0.655100
1627306479.184246	0.733900	-0.224900	-0.569700	-0.471000	0.121300	0.665500
1627306479.185391	0.733400	-0.218600	-0.562000	-0.492100	0.085000	0.678900
1627306479.199863	0.726700	-0.211900	-0.561400	-0.513500	0.044700	0.696100
1627306479.200746	0.720800	-0.198500	-0.561500	-0.549200	0.005600	0.718700
1627306479.203267	0.722500	-0.194800	-0.571500	-0.586500	-0.028300	0.747100
1627306479.227790	0.716200	-0.203200	-0.586300	-0.571500	-0.054900	0.768400
1627306479.242878	0.711900	-0.214700	-0.601100	-0.599600	-0.075700	0.786200
1627306479.246402	0.695200	-0.223000	-0.613000	-0.663100	-0.088200	0.798700
1627306479.270493	0.689300	-0.228900	-0.619900	-0.694300	-0.100100	0.804800
1627306479.271503	0.673000	-0.231400	-0.625600	-0.716900	-0.109600	0.808800
1627306479.282350	0.658200	-0.228100	-0.630700	-0.760300	-0.119300	0.812100
1627306479.283225	0.652100	-0.221100	-0.637800	-0.796300	-0.130000	0.822200
1627306479.289643	0.642000	-0.216400	-0.645100	-0.800300	-0.139500	0.843000
1627306479.312929	0.642800	-0.223300	-0.662600	-0.785900	-0.148700	0.869200
1627306479.320236	0.635100	-0.223500	-0.680400	-0.791700	-0.156300	0.898600
1627306479.321118	0.632800	-0.220700	-0.699800	-0.808500	-0.160600	0.945900
1627306479.343412	0.632600	-0.225100	-0.718400	-0.760900	-0.166700	0.992000
1627306479.345671	0.616600	-0.237400	-0.740000	-0.714800	-0.165100	1.037800
1627306479.349212	0.612800	-0.258200	-0.761800	-0.679600	-0.153800	1.075700
1627306479.364069	0.597700	-0.272700	-0.781600	-0.653100	-0.130000	1.100100
1627306479.398866	0.589100	-0.283400	-0.795800	-0.625300	-0.092800	1.114500
1627306479.399778	0.589500	-0.284400	-0.806400	-0.596300	-0.049400	1.127000
1627306479.412087	0.597400	-0.277300	-0.811500	-0.614000	-0.000500	1.153900
1627306479.413179	0.593000	-0.271200	-0.818400	-0.628900	0.035800	1.190500
1627306479.415389	0.590000	-0.283400	-0.833700	-0.608500	0.074900	1.229900
1627306479.424217	0.579200	-0.309900	-0.844200	-0.586800	0.118300	1.263800
1627306479.441440	0.565300	-0.338700	-0.851900	-0.632900	0.175700	1.283400
1627306479.442357	0.560900	-0.360100	-0.850600	-0.683600	0.236500	1.288300
1627306479.451854	0.558600	-0.381200	-0.837600	-0.680900	0.300600	1.276700
1627306479.460741	0.567900	-0.408100	-0.824600	-0.691200	0.372400	1.244600
1627306479.482721	0.582600	-0.422500	-0.807500	-0.725800	0.418800	1.214400
1627306479.483612	0.589800	-0.428700	-0.787600	-0.752000	0.450600	1.183800
1627306479.491818	0.615500	-0.429900	-0.769700	-0.756900	0.465600	1.160900
1627306479.502115	0.631500	-0.439300	-0.753700	-0.748700	0.461600	1.146600
1627306479.526562	0.638900	-0.448500	-0.739300	-0.760900	0.436900	1.136800
1627306479.527453	0.663600	-0.447800	-0.725300	-0.835700	0.398100	1.132200
1627306479.529333	0.661300	-0.444200	-0.717500	-0.897100	0.346500	1.132200
1627306479.539244	0.653200	-0.445800	-0.715000	-0.899600	0.299700	1.125500
1627306479.548141	0.649900	-0.453500	-0.726800	-0.937100	0.256700	1.118800
1627306479.568742	0.641500	-0.454100	-0.743200	-0.967700	0.219700	1.106600
1627306479.569634	0.640900	-0.453200	-0.766100	-0.977100	0.190700	1.095900
1627306479.580669	0.642000	-0.442100	-0.791300	-0.982000	0.172400	1.090100
1627306479.583206	0.638100	-0.421800	-0.821700	-0.974700	0.166900	1.090400
1627306479.608506	0.636100	-0.402700	-0.844800	-0.947800	0.179400	1.101400
1627306479.609312	0.632000	-0.379600	-0.867100	-0.926100	0.206000	1.123400
1627306479.620533	0.610800	-0.359000	-0.883200	-0.902600	0.245100	1.160300
1627306479.629162	0.590900	-0.353100	-0.894700	-0.842700	0.300000	1.200300
1627306479.650918	0.574600	-0.360700	-0.901200	-0.778600	0.360500	1.238500
1627306479.651946	0.562300	-0.376700	-0.900800	-0.758100	0.420400	1.275800
1627306479.664235	0.550500	-0.395600	-0.892700	-0.750200	0.493100	1.312100
1627306479.671754	0.540500	-0.413500	-0.879500	-0.729700	0.546800	1.334400
1627306479.672636	0.540500	-0.413500	-0.879500	-0.729700	0.546800	1.334400
1627306479.697241	0.540900	-0.439000	-0.870100	-0.698000	0.591400	1.351200
1627306479.699257	0.536900	-0.470600	-0.862300	-0.679300	0.629600	1.355500
1627306479.717873	0.529700	-0.497800	-0.850500	-0.676600	0.664400	1.348500
1627306479.728177	0.522500	-0.524500	-0.837600	-0.667100	0.695600	1.323100
1627306479.729072	0.517100	-0.548300	-0.817900	-0.669000	0.724600	1.278500
1627306479.752760	0.522100	-0.557700	-0.789800	-0.711700	0.746900	1.216800
1627306479.758652	0.528000	-0.553500	-0.768200	-0.756600	0.755100	1.163400
1627306479.759548	0.536000	-0.547100	-0.753300	-0.799700	0.753900	1.110200
1627306479.769355	0.542800	-0.538200	-0.742300	-0.847000	0.746600	1.063200
1627306479.779492	0.547000	-0.536900	-0.737900	-0.888300	0.734400	1.017700
1627306479.791871	0.549100	-0.528600	-0.743400	-0.900500	0.720000	0.972200
1627306479.799279	0.546100	-0.509400	-0.746300	-0.927700	0.707500	0.931500
1627306479.806573	0.545200	-0.487800	-0.746500	-0.947800	0.696500	0.899200
1627306479.828837	0.555400	-0.465200	-0.745100	-0.921800	0.684600	0.886000
1627306479.829998	0.562000	-0.448100	-0.741300	-0.944800	0.679400	0.887300
1627306479.840177	0.575300	-0.430700	-0.731800	-0.958500	0.673900	0.897600
1627306479.850058	0.576900	-0.427000	-0.728800	-0.976500	0.669300	0.917500
1627306479.850545	0.586700	-0.444500	-0.727200	-0.936200	0.659800	0.932100
1627306479.874064	0.592000	-0.478500	-0.728100	-0.923400	0.654600	0.935500
1627306479.877721	0.604000	-0.501700	-0.724100	-0.939600	0.654300	0.916600
1627306479.887722	0.610100	-0.507600	-0.720900	-0.943800	0.651300	0.888800
1627306479.897569	0.608400	-0.500600	-0.711700	-0.938600	0.642700	0.866500
1627306479.918762	0.613500	-0.498400	-0.706400	-0.904100	0.629300	0.846900
1627306479.920337	0.616200	-0.500500	-0.712000	-0.856800	0.611900	0.829800
1627306479.935445	0.623800	-0.510000	-0.725200	-0.804000	0.595400	0.816700
1627306479.939925	0.621800	-0.505700	-0.737400	-0.769700	0.582200	0.801700
1627306479.957497	0.621100	-0.495200	-0.742700	-0.748700	0.585600	0.791700
1627306479.959034	0.620700	-0.484500	-0.743400	-0.696100	0.598400	0.784300
1627306479.970487	0.623800	-0.478800	-0.743300	-0.669900	0.614900	0.782800
1627306479.980469	0.630600	-0.472200	-0.738900	-0.700100	0.629000	0.788300
1627306479.999882	0.630200	-0.462300	-0.736500	-0.739800	0.640900	0.803000
1627306480.000765	0.628900	-0.468300	-0.741300	-0.740100	0.651000	0.820700
1627306480.009740	0.622400	-0.492600	-0.761000	-0.726400	0.665000	0.839600
1627306480.031611	0.618400	-0.513200	-0.778400	-0.748700	0.683300	0.847500
1627306480.037391	0.608200	-0.532800	-0.791700	-0.751100	0.707800	0.845100
1627306480.038266	0.600700	-0.555800	-0.801000	-0.720000	0.740800	0.830700
1627306480.048073	0.594700	-0.580200	-0.802600	-0.692200	0.779900	0.801100
1627306480.050806	0.590200	-0.605700	-0.804200	-0.669600	0.820500	0.758400
1627306480.072185	0.592400	-0.626800	-0.804300	-0.636600	0.864500	0.694500
1627306480.077929	0.591400	-0.637700	-0.795200	-0.606300	0.913900	0.614500
1627306480.079495	0.589200	-0.627300	-0.780000	-0.626800	0.956700	0.547900
1627306480.093243	0.592800	-0.615700	-0.762200	-0.617900	1.001900	0.487700
1627306480.115807	0.596100	-0.610700	-0.744400	-0.586500	1.046200	0.426400
1627306480.118002	0.602500	-0.602900	-0.719500	-0.599000	1.086500	0.368300
1627306480.123301	0.613500	-0.590500	-0.691500	-0.633500	1.120700	0.314300
1627306480.144040	0.625700	-0.572500	-0.651900	-0.647000	1.147300	0.259600
1627306480.158686	0.627400	-0.559900	-0.617700	-0.647000	1.161000	0.209800
1627306480.159571	0.631200	-0.550300	-0.584800	-0.657000	1.163800	0.170700
1627306480.165801	0.641100	-0.540300	-0.556600	-0.671100	1.154000	0.132800
1627306480.187770	0.650100	-0.522700	-0.526500	-0.673800	1.132000	0.098900
1627306480.188653	0.656000	-0.504900	-0.504000	-0.661900	1.100300	0.069300
1627306480.199281	0.659700	-0.485200	-0.484900	-0.637800	1.064500	0.041500
1627306480.207099	0.662200	-0.461700	-0.459400	-0.612400	1.023600	0.013400
1627306480.229918	0.679200	-0.436800	-0.438600	-0.606600	0.974100	-0.005200
1627306480.230795	0.687300	-0.416100	-0.418000	-0.587400	0.924000	-0.009500
1627306480.239289	0.697300	-0.398100	-0.398600	-0.546200	0.870000	-0.008900
1627306480.247992	0.714100	-0.384000	-0.385400	-0.564200	0.811900	0.003600
1627306480.254148	0.717200	-0.380500	-0.380600	-0.532400	0.744100	0.021300
1627306480.276247	0.720700	-0.382600	-0.378300	-0.484200	0.679100	0.034800
1627306480.277130	0.738500	-0.374300	-0.374100	-0.541300	0.611300	0.052500
1627306480.288123	0.744600	-0.366900	-0.374600	-0.552300	0.549000	0.072400
1627306480.291982	0.747200	-0.371800	-0.383100	-0.485400	0.495800	0.088200
1627306480.317415	0.762600	-0.385000	-0.400000	-0.476800	0.449400	0.102600
1627306480.318299	0.766400	-0.387500	-0.414700	-0.507400	0.409700	0.115700
1627306480.328004	0.761200	-0.377000	-0.420800	-0.508900	0.380400	0.127000
1627306480.332057	0.757600	-0.376500	-0.436600	-0.431600	0.363900	0.136800
1627306480.356238	0.752300	-0.380400	-0.445800	-0.347900	0.354100	0.137400
1627306480.357123	0.755200	-0.379300	-0.445300	-0.340300	0.348600	0.140200
1627306480.368290	0.750400	-0.374000	-0.437100	-0.296000	0.341000	0.143500
1627306480.374703	0.760000	-0.382100	-0.436600	-0.228200	0.334500	0.141100
1627306480.398372	0.761000	-0.399500	-0.436500	-0.157000	0.323200	0.132200
1627306480.399184	0.759400	-0.410900	-0.431800	-0.124400	0.313500	0.114500
1627306480.417890	0.769900	-0.421600	-0.433100	-0.079800	0.304000	0.084300
1627306480.427473	0.777100	-0.426300	-0.430900	0.010600	0.290900	0.042400
1627306480.428383	0.785800	-0.422200	-0.422100	0.027700	0.278600	0.009400
1627306480.435725	0.793800	-0.415600	-0.408900	0.032000	0.260900	-0.016200
1627306480.455589	0.804700	-0.410200	-0.397200	0.069300	0.234100	-0.037000
1627306480.456755	0.804100	-0.410600	-0.386800	0.092800	0.198900	-0.054100
1627306480.472257	0.805700	-0.413300	-0.376500	0.099500	0.158600	-0.070900
1627306480.477580	0.811500	-0.417100	-0.369500	0.114200	0.105200	-0.092900
1627306480.497339	0.816400	-0.414800	-0.368400	0.122700	0.048700	-0.116100
1627306480.498229	0.822300	-0.408800	-0.372200	0.127300	-0.004500	-0.136900
1627306480.507057	0.826400	-0.399400	-0.383900	0.134000	-0.052700	-0.157600
1627306480.527779	0.833400	-0.390400	-0.401500	0.152700	-0.092100	-0.174400
1627306480.536123	0.832600	-0.381700	-0.422900	0.188400	-0.120600	-0.188500
1627306480.537009	0.838100	-0.370800	-0.443000	0.212500	-0.138600	-0.193400
1627306480.548336	0.838600	-0.352400	-0.461900	0.230900	-0.145600	-0.187900
1627306480.569064	0.831100	-0.340200	-0.474100	0.270600	-0.144400	-0.173800
1627306480.576322	0.830600	-0.335900	-0.480600	0.317900	-0.140400	-0.153400
1627306480.577221	0.828600	-0.333100	-0.480800	0.355200	-0.138300	-0.129200
1627306480.588060	0.820900	-0.336300	-0.479100	0.397300	-0.138600	-0.102700
1627306480.589571	0.806500	-0.352300	-0.476200	0.461500	-0.141900	-0.080700
1627306480.616160	0.806500	-0.378300	-0.476600	0.529300	-0.145600	-0.069100
1627306480.621445	0.803200	-0.403900	-0.470000	0.555500	-0.156900	-0.069400
1627306480.622355	0.796500	-0.424900	-0.464600	0.575700	-0.171600	-0.083400
1627306480.644470	0.791900	-0.444600	-0.464700	0.606200	-0.184700	-0.108200
1627306480.646693	0.787000	-0.460900	-0.465800	0.607500	-0.200600	-0.145700
1627306480.661709	0.783900	-0.469000	-0.468800	0.584200	-0.222000	-0.187300
1627306480.668884	0.779900	-0.470200	-0.471800	0.560700	-0.243900	-0.230600
1627306480.686004	0.776200	-0.469600	-0.482700	0.539600	-0.262000	-0.273700
1627306480.689318	0.773900	-0.466800	-0.499300	0.518000	-0.275400	-0.332000
1627306480.699209	0.774800	-0.463500	-0.514000	0.493200	-0.279700	-0.378800
1627306480.706748	0.773800	-0.449800	-0.523200	0.467000	-0.274500	-0.426100
1627306480.727256	0.777800	-0.427000	-0.529300	0.449800	-0.266900	-0.467000
1627306480.728227	0.778100	-0.400300	-0.533200	0.447700	-0.256500	-0.496700
1627306480.737971	0.779400	-0.377300	-0.539200	0.455300	-0.244300	-0.512200
1627306480.747741	0.780200	-0.358000	-0.541400	0.472500	-0.229600	-0.516200
1627306480.766347	0.777600	-0.346400	-0.540400	0.503300	-0.213100	-0.513200
1627306480.767233	0.776900	-0.340000	-0.534200	0.540300	-0.203000	-0.505800
1627306480.777251	0.774000	-0.330900	-0.516700	0.540600	-0.196900	-0.496400
1627306480.786853	0.784700	-0.323000	-0.498000	0.561900	-0.198700	-0.485700
1627306480.795770	0.781500	-0.318400	-0.477100	0.582100	-0.208500	-0.472500
1627306480.814530	0.780200	-0.321500	-0.458700	0.584200	-0.223500	-0.459100
1627306480.816753	0.768400	-0.328000	-0.439900	0.597700	-0.243900	-0.454500
1627306480.826903	0.766000	-0.330600	-0.419100	0.593700	-0.272000	-0.454500
1627306480.834080	0.770100	-0.321700	-0.398400	0.546700	-0.310500	-0.450500
1627306480.854091	0.771100	-0.307600	-0.386000	0.522200	-0.359100	-0.440800
1627306480.856685	0.769800	-0.303100	-0.380400	0.533500	-0.419600	-0.424600
1627306480.871451	0.771700	-0.300300	-0.385900	0.502400	-0.487400	-0.400800
1627306480.874594	0.771200	-0.295700	-0.401200	0.442800	-0.555500	-0.368400
1627306480.888034	0.759900	-0.303500	-0.440900	0.429700	-0.618700	-0.327800
1627306480.903442	0.744100	-0.322100	-0.473900	0.427200	-0.658400	-0.307600
1627306480.906617	0.763300	-0.324700	-0.500900	0.356100	-0.678000	-0.294500
1627306480.928437	0.761100	-0.307700	-0.519800	0.253200	-0.683800	-0.277100
1627306480.929243	0.757800	-0.299700	-0.545300	0.273600	-0.671200	-0.266400
1627306480.939345	0.757600	-0.303500	-0.571700	0.329500	-0.642200	-0.258700
1627306480.952817	0.731200	-0.294600	-0.579500	0.293800	-0.606800	-0.241600
1627306480.965987	0.721900	-0.279900	-0.577600	0.306000	-0.575600	-0.209600
1627306480.967083	0.717800	-0.289900	-0.584800	0.396100	-0.562800	-0.167400
1627306480.976820	0.696500	-0.320400	-0.589500	0.442800	-0.563100	-0.120700
1627306480.985249	0.711400	-0.373400	-0.599500	0.481000	-0.571100	-0.087400
1627306481.007103	0.710800	-0.431800	-0.610600	0.532300	-0.580200	-0.088900
1627306481.008031	0.707200	-0.488000	-0.628300	0.554900	-0.582400	-0.117300
1627306481.014425	0.700700	-0.515700	-0.625400	0.541200	-0.575000	-0.183300
1627306481.035492	0.706200	-0.523200	-0.609400	0.568100	-0.555800	-0.294200
1627306481.036538	0.716800	-0.509600	-0.589800	0.571400	-0.545700	-0.386100
1627306481.052243	0.716300	-0.488900	-0.574200	0.567100	-0.546000	-0.469500
1627306481.057812	0.721400	-0.460300	-0.559800	0.582100	-0.554000	-0.537600
1627306481.079744	0.734300	-0.422100	-0.556500	0.561300	-0.572900	-0.583700
1627306481.080544	0.741300	-0.384000	-0.562100	0.542400	-0.597300	-0.596500
1627306481.086842	0.752600	-0.347400	-0.571300	0.579700	-0.624800	-0.579100
1627306481.100158	0.763500	-0.320300	-0.580100	0.614800	-0.649600	-0.531800
1627306481.101036	0.759800	-0.310900	-0.587500	0.625200	-0.670600	-0.473800
1627306481.124718	0.756600	-0.317600	-0.592500	0.688700	-0.692900	-0.411100
1627306481.127009	0.767100	-0.352800	-0.609600	0.795600	-0.720100	-0.354000
1627306481.135694	0.772700	-0.398800	-0.632100	0.872600	-0.749400	-0.307600
1627306481.152815	0.742700	-0.428100	-0.653000	0.859100	-0.765000	-0.275800
1627306481.163946	0.725100	-0.443500	-0.669900	0.877100	-0.764700	-0.267600
1627306481.164929	0.703600	-0.454300	-0.681800	0.942500	-0.742400	-0.273100
1627306481.189705	0.691700	-0.461300	-0.694100	0.969400	-0.714300	-0.285000
1627306481.190584	0.670300	-0.471300	-0.704600	1.005100	-0.683200	-0.295700
1627306481.197983	0.660000	-0.485600	-0.715200	1.078100	-0.634000	-0.321000
1627306481.209036	0.662400	-0.499000	-0.721700	1.111400	-0.572000	-0.356200
1627306481.209923	0.661400	-0.500500	-0.722800	1.125200	-0.510300	-0.400500
1627306481.233000	0.661500	-0.485500	-0.700300	1.149600	-0.441600	-0.448700
1627306481.235499	0.672000	-0.471700	-0.669900	1.177100	-0.396100	-0.480200
1627306481.250915	0.683300	-0.460600	-0.636800	1.165500	-0.372200	-0.489900
1627306481.255229	0.693200	-0.461200	-0.608600	1.123000	-0.371900	-0.482600
1627306481.278417	0.698900	-0.473000	-0.579200	1.087000	-0.389900	-0.472200
1627306481.279584	0.698900	-0.504800	-0.557900	1.082100	-0.422000	-0.476500
1627306481.288057	0.696200	-0.538600	-0.536600	1.013100	-0.461100	-0.501900
1627306481.293918	0.695900	-0.552200	-0.513500	0.880500	-0.522500	-0.552600
1627306481.314449	0.693000	-0.549100	-0.503900	0.810000	-0.592800	-0.601100
1627306481.315216	0.694200	-0.550200	-0.501700	0.791300	-0.670900	-0.643600
1627306481.326384	0.694300	-0.550300	-0.515900	0.724100	-0.754300	-0.674700
1627306481.338872	0.692100	-0.549400	-0.545300	0.659100	-0.835900	-0.698600
1627306481.353346	0.681800	-0.548800	-0.583600	0.642300	-0.904600	-0.720200
1627306481.355597	0.665500	-0.548000	-0.627300	0.638300	-0.955300	-0.744100
1627306481.370691	0.652200	-0.538000	-0.672000	0.620000	-0.984300	-0.775800
1627306481.377738	0.648400	-0.522000	-0.705800	0.623900	-0.990700	-0.799300
1627306481.394869	0.639600	-0.504300	-0.738000	0.652400	-0.977900	-0.816500
1627306481.406408	0.631800	-0.490400	-0.766100	0.676500	-0.951300	-0.826800
1627306481.407325	0.630200	-0.477500	-0.789100	0.688700	-0.913800	-0.829300
1627306481.429595	0.623700	-0.467300	-0.807700	0.692400	-0.868900	-0.827100
1627306481.430683	0.625500	-0.468100	-0.828000	0.715900	-0.818500	-0.818600
1627306481.440567	0.624400	-0.477500	-0.840300	0.745500	-0.756500	-0.809700
1627306481.450234	0.626200	-0.490500	-0.850700	0.721100	-0.697500	-0.807900
1627306481.474333	0.617700	-0.506100	-0.851200	0.724700	-0.639500	-0.814000
1627306481.475925	0.614000	-0.528200	-0.851800	0.737000	-0.583000	-0.831400
1627306481.485029	0.617900	-0.548600	-0.846300	0.736000	-0.530400	-0.865300
1627306481.485926	0.623800	-0.562500	-0.839400	0.689300	-0.479700	-0.909900
1627306481.494582	0.619100	-0.564600	-0.822500	0.660900	-0.427500	-0.968900
1627306481.516487	0.621900	-0.560200	-0.817400	0.643800	-0.378300	-1.036100
1627306481.517377	0.617600	-0.548800	-0.812400	0.642300	-0.337400	-1.099000
1627306481.524472	0.621000	-0.527300	-0.809000	0.627000	-0.295900	-1.157300
1627306481.535802	0.625500	-0.491200	-0.803100	0.614200	-0.254600	-1.204000
1627306481.557459	0.627900	-0.452600	-0.792600	0.638600	-0.216500	-1.228200
1627306481.558349	0.633400	-0.413300	-0.780200	0.659100	-0.178600	-1.237600
1627306481.568346	0.641500	-0.376800	-0.761800	0.670100	-0.140700	-1.224200
1627306481.577215	0.648400	-0.347000	-0.736800	0.667000	-0.111700	-1.200700
1627306481.586778	0.657100	-0.328600	-0.711400	0.680100	-0.093100	-1.169200
1627306481.601913	0.654400	-0.310100	-0.681000	0.665200	-0.080800	-1.135300
1627306481.605232	0.654900	-0.304300	-0.658900	0.655700	-0.081200	-1.098700
1627306481.606123	0.653400	-0.297000	-0.636400	0.664600	-0.090000	-1.063500
1627306481.629557	0.655300	-0.295900	-0.625100	0.648400	-0.105300	-1.026600
1627306481.639363	0.653100	-0.296000	-0.613000	0.638300	-0.132500	-0.982000
1627306481.648218	0.653600	-0.301900	-0.610100	0.645600	-0.162700	-0.945300
1627306481.667610	0.644800	-0.311600	-0.611800	0.658500	-0.189600	-0.916300
1627306481.668500	0.646900	-0.320300	-0.616800	0.643200	-0.211900	-0.893100
1627306481.674443	0.644200	-0.322600	-0.616900	0.640100	-0.231100	-0.874500
1627306481.683265	0.644000	-0.333400	-0.616700	0.653600	-0.251300	-0.860700
1627306481.707066	0.650600	-0.341600	-0.619500	0.666400	-0.273300	-0.849700
1627306481.707865	0.657600	-0.352400	-0.623500	0.642600	-0.297100	-0.834200
1627306481.715466	0.663300	-0.361700	-0.632000	0.635200	-0.322700	-0.821000
1627306481.727751	0.659100	-0.374000	-0.646000	0.626100	-0.343800	-0.809100
1627306481.728632	0.657200	-0.392500	-0.662400	0.619100	-0.358800	-0.806100
1627306481.749088	0.654700	-0.409900	-0.682700	0.614800	-0.365500	-0.815800
1627306481.763851	0.657200	-0.415200	-0.699700	0.584900	-0.366100	-0.832900
1627306481.764732	0.658900	-0.406600	-0.717800	0.552500	-0.361500	-0.849700
1627306481.768426	0.658700	-0.391200	-0.735600	0.535100	-0.346900	-0.863500
1627306481.792183	0.651500	-0.381100	-0.750700	0.527100	-0.325200	-0.867500
1627306481.804694	0.649500	-0.378200	-0.769400	0.517000	-0.293700	-0.871400
1627306481.808436	0.645600	-0.375400	-0.781600	0.493200	-0.256200	-0.878100
1627306481.829654	0.643200	-0.373400	-0.790300	0.471500	-0.209400	-0.890700
1627306481.830463	0.649400	-0.369000	-0.793800	0.458100	-0.155400	-0.909600
1627306481.835490	0.651900	-0.360200	-0.788800	0.431800	-0.092800	-0.938000
1627306481.850222	0.658600	-0.333600	-0.773900	0.404600	-0.034100	-0.966400
1627306481.851126	0.661100	-0.301300	-0.759000	0.377500	0.010500	-0.981400
1627306481.872245	0.660300	-0.264200	-0.738400	0.357300	0.045600	-0.981400
1627306481.874309	0.665600	-0.230100	-0.719500	0.356100	0.068500	-0.964600
1627306481.885457	0.676800	-0.201200	-0.703200	0.348400	0.084700	-0.932800
1627306481.888984	0.686600	-0.185700	-0.696200	0.335900	0.094800	-0.890100
1627306481.913678	0.691200	-0.177700	-0.683000	0.330400	0.101200	-0.838700
1627306481.914536	0.696000	-0.177900	-0.674900	0.319700	0.103000	-0.798400
1627306481.924790	0.702400	-0.179700	-0.666100	0.303900	0.105800	-0.770600
1627306481.943731	0.710000	-0.171100	-0.653900	0.273000	0.100000	-0.744400
1627306481.944641	0.715500	-0.153100	-0.638100	0.241200	0.087400	-0.711700
1627306481.962711	0.718100	-0.139200	-0.635700	0.218600	0.068800	-0.668000
1627306481.963639	0.722700	-0.132100	-0.634800	0.216500	0.050800	-0.618800
1627306481.987442	0.724500	-0.138900	-0.640500	0.190500	0.027600	-0.559000
1627306481.989476	0.723900	-0.143700	-0.649000	0.147200	0.014400	-0.517100
1627306481.996742	0.725600	-0.150600	-0.657700	0.110200	0.011400	-0.483200
1627306482.006467	0.725300	-0.153100	-0.664200	0.092200	0.011100	-0.459100
1627306482.007361	0.723600	-0.147600	-0.667000	0.048200	0.016600	-0.438000
1627306482.031855	0.726100	-0.142300	-0.672100	0.009700	0.023600	-0.413900
1627306482.034228	0.725100	-0.133100	-0.676400	-0.005900	0.035200	-0.390100
1627306482.049103	0.724700	-0.127300	-0.684800	-0.015900	0.054800	-0.358300
1627306482.052702	0.717800	-0.118400	-0.690400	-0.013200	0.078600	-0.334200
1627306482.075970	0.729000	-0.108900	-0.698100	-0.015300	0.102400	-0.305200
1627306482.076892	0.725600	-0.093500	-0.698200	0.003000	0.126200	-0.271300
1627306482.085553	0.726200	-0.076400	-0.693800	0.008500	0.156500	-0.230000
1627306482.097676	0.731100	-0.057300	-0.683600	0.015500	0.187300	-0.179000
1627306482.098558	0.738300	-0.055200	-0.672500	0.040300	0.211800	-0.114900
1627306482.119596	0.736600	-0.063000	-0.657000	0.076000	0.233100	-0.044600
1627306482.123000	0.736000	-0.074100	-0.642900	0.069600	0.250200	0.007600
1627306482.133432	0.744900	-0.084400	-0.623400	0.048500	0.263400	0.055900
1627306482.152492	0.745400	-0.093300	-0.600800	0.035700	0.266700	0.099200
1627306482.153377	0.745500	-0.105800	-0.582300	0.044800	0.255700	0.139600
1627306482.164453	0.748200	-0.132400	-0.570600	0.069300	0.238600	0.168300
1627306482.172133	0.757900	-0.160800	-0.564000	0.052200	0.216300	0.184800
1627306482.183088	0.757400	-0.173000	-0.552400	0.003000	0.190100	0.192100
1627306482.199063	0.756500	-0.173700	-0.540000	-0.011400	0.166200	0.192400
1627306482.204148	0.760300	-0.176300	-0.533200	-0.005900	0.142400	0.196400
1627306482.224580	0.767800	-0.180700	-0.524300	-0.019300	0.118000	0.196700
1627306482.226864	0.771000	-0.176300	-0.515400	-0.045600	0.088400	0.201600
1627306482.236716	0.773700	-0.166500	-0.506200	-0.066600	0.056600	0.210400
1627306482.245161	0.779900	-0.158400	-0.496900	-0.075800	0.014100	0.233900
1627306482.263300	0.786400	-0.161400	-0.496600	-0.086500	-0.029800	0.259300
1627306482.264264	0.784900	-0.168900	-0.502900	-0.108800	-0.072600	0.283100
1627306482.274355	0.782100	-0.174700	-0.511500	-0.137500	-0.113200	0.307800
1627306482.284104	0.779500	-0.182900	-0.520600	-0.159800	-0.151100	0.331100
1627306482.304602	0.772500	-0.199200	-0.538800	-0.158300	-0.186200	0.354000
1627306482.305407	0.765400	-0.218400	-0.556400	-0.147900	-0.218000	0.368600
1627306482.313010	0.757900	-0.240200	-0.575900	-0.168700	-0.246400	0.376000
1627306482.321764	0.754500	-0.246900	-0.587500	-0.191300	-0.261700	0.372900
1627306482.340344	0.751700	-0.243700	-0.598400	-0.190000	-0.277900	0.368000
1627306482.342820	0.748300	-0.235200	-0.610200	-0.181200	-0.290100	0.366200
1627306482.358449	0.741600	-0.219200	-0.619900	-0.192500	-0.304100	0.375300
1627306482.361244	0.733000	-0.199800	-0.632400	-0.199200	-0.313000	0.395800
1627306482.382372	0.726200	-0.192300	-0.652800	-0.185800	-0.318200	0.424800
1627306482.383335	0.717200	-0.197300	-0.679100	-0.184500	-0.316000	0.470600
1627306482.392955	0.715500	-0.213100	-0.702300	-0.197100	-0.306000	0.507300
1627306482.396865	0.716200	-0.241200	-0.726400	-0.207100	-0.287300	0.534200
1627306482.420732	0.709800	-0.272700	-0.743900	-0.223300	-0.259500	0.548800
1627306482.422931	0.700900	-0.302500	-0.755000	-0.252600	-0.221700	0.544600
1627306482.431551	0.699300	-0.325400	-0.758300	-0.275600	-0.178600	0.523200
1627306482.442484	0.698500	-0.334800	-0.754400	-0.313400	-0.138600	0.491400
1627306482.464144	0.697300	-0.333700	-0.747700	-0.348600	-0.096100	0.452300
1627306482.465517	0.697400	-0.325700	-0.745000	-0.371800	-0.065000	0.421800
1627306482.474371	0.694100	-0.311400	-0.740000	-0.416400	-0.034100	0.399500
1627306482.485307	0.686000	-0.289600	-0.737500	-0.460000	-0.003600	0.386000
1627306482.486204	0.683800	-0.271400	-0.737400	-0.473200	0.028500	0.381800
1627306482.511117	0.688200	-0.256000	-0.736200	-0.475600	0.057200	0.386000
1627306482.512140	0.688000	-0.236900	-0.730500	-0.485700	0.086500	0.400400
1627306482.518345	0.686800	-0.216300	-0.721200	-0.474400	0.108800	0.424200
1627306482.539285	0.681600	-0.199200	-0.705100	-0.453300	0.123800	0.453200
1627306482.541739	0.685500	-0.186200	-0.694500	-0.443500	0.127800	0.492900
1627306482.557375	0.689300	-0.179300	-0.681500	-0.431900	0.120400	0.542400
1627306482.561391	0.686200	-0.179700	-0.674100	-0.414800	0.106700	0.596500
1627306482.581456	0.682400	-0.185300	-0.672100	-0.411800	0.092900	0.649900
1627306482.582337	0.681800	-0.193400	-0.673000	-0.426100	0.076800	0.704000
1627306482.593220	0.676800	-0.203100	-0.674200	-0.433500	0.068500	0.744000
1627306482.597182	0.681500	-0.209800	-0.675000	-0.438000	0.065200	0.776100
1627306482.620881	0.685500	-0.217500	-0.674600	-0.456400	0.061800	0.802300
1627306482.621692	0.683100	-0.218800	-0.671800	-0.483600	0.054800	0.830700
1627306482.631700	0.682500	-0.224600	-0.672000	-0.504900	0.047700	0.864600
1627306482.644115	0.687100	-0.233400	-0.677500	-0.511000	0.038600	0.897900
1627306482.664647	0.681900	-0.252400	-0.694800	-0.520800	0.028200	0.941300
1627306482.665580	0.673700	-0.271700	-0.710000	-0.541000	0.024500	0.970300
1627306482.671794	0.671600	-0.288800	-0.724600	-0.559000	0.027600	0.991700
1627306482.681456	0.675500	-0.302200	-0.741500	-0.574900	0.035800	1.005100
1627306482.702367	0.679200	-0.315300	-0.753100	-0.589500	0.048700	1.011900
1627306482.703178	0.675200	-0.325000	-0.763100	-0.597800	0.070300	1.014600
1627306482.714300	0.667500	-0.326900	-0.769800	-0.623700	0.099100	1.014600
1627306482.724905	0.658300	-0.321400	-0.776400	-0.632600	0.137500	1.023500
1627306482.747737	0.651200	-0.317000	-0.776500	-0.612400	0.168100	1.038700
1627306482.748618	0.647800	-0.313200	-0.778800	-0.611500	0.199800	1.063500
1627306482.751781	0.639500	-0.315300	-0.778800	-0.606900	0.228600	1.091900
1627306482.765787	0.639200	-0.330400	-0.778000	-0.570600	0.256400	1.121500
1627306482.783109	0.638500	-0.354500	-0.775600	-0.546500	0.282900	1.146300
1627306482.792840	0.636100	-0.384400	-0.771100	-0.553800	0.312200	1.160900
1627306482.793831	0.634000	-0.413100	-0.761000	-0.551700	0.342500	1.157600
1627306482.811849	0.636700	-0.443000	-0.752900	-0.539400	0.365400	1.143500
1627306482.813030	0.634300	-0.464800	-0.742200	-0.543700	0.384600	1.118200
1627306482.827925	0.634900	-0.482400	-0.731000	-0.562400	0.396200	1.087000
1627306482.832738	0.636400	-0.492200	-0.718900	-0.567500	0.403000	1.049700
1627306482.855960	0.636700	-0.497200	-0.707300	-0.581600	0.404500	1.013700
1627306482.856783	0.644300	-0.502100	-0.699000	-0.578500	0.398400	0.975200
1627306482.866994	0.643200	-0.508300	-0.693600	-0.563000	0.391400	0.937300
1627306482.875366	0.647100	-0.513300	-0.691300	-0.553800	0.387700	0.901300
1627306482.891258	0.646700	-0.511500	-0.686900	-0.557800	0.384300	0.864300
1627306482.892138	0.646900	-0.504600	-0.681200	-0.568500	0.382200	0.826200
1627306482.901878	0.649700	-0.493400	-0.674600	-0.563600	0.378500	0.793800
1627306482.904748	0.650800	-0.484700	-0.667000	-0.565100	0.373300	0.768400
1627306482.929919	0.645800	-0.474900	-0.659800	-0.577300	0.364800	0.744600
1627306482.930798	0.643100	-0.474200	-0.660900	-0.564200	0.356800	0.721400
1627306482.948980	0.643100	-0.473800	-0.664400	-0.574300	0.350700	0.700600
1627306482.971577	0.645500	-0.469100	-0.668900	-0.607300	0.343700	0.679300
1627306482.973175	0.644700	-0.460000	-0.671900	-0.626800	0.336100	0.663100
1627306482.983700	0.646000	-0.455700	-0.678700	-0.621300	0.330900	0.648400
1627306482.984582	0.642500	-0.447400	-0.689000	-0.637500	0.328100	0.636500
1627306482.990677	0.638200	-0.438100	-0.697600	-0.665600	0.326000	0.626700
1627306482.993300	0.637000	-0.424000	-0.702000	-0.656400	0.325700	0.619400
1627306483.019941	0.628400	-0.411900	-0.706400	-0.657300	0.322600	0.621500
1627306483.020817	0.633800	-0.400000	-0.717500	-0.663500	0.321700	0.627000
1627306483.035631	0.629900	-0.389400	-0.728500	-0.672300	0.319300	0.637400
1627306483.038306	0.629500	-0.377600	-0.741200	-0.686400	0.321100	0.654500
1627306483.062072	0.624900	-0.369300	-0.754800	-0.720000	0.326300	0.676500
1627306483.063583	0.629400	-0.375100	-0.777700	-0.734300	0.337900	0.704900
1627306483.069321	0.622700	-0.385400	-0.790800	-0.730600	0.355000	0.720500
1627306483.081471	0.629800	-0.398800	-0.802500	-0.736500	0.373900	0.734500
1627306483.082588	0.630600	-0.407500	-0.803300	-0.751100	0.396500	0.741600
1627306483.105957	0.631800	-0.415200	-0.796800	-0.752000	0.420700	0.744900
1627306483.109294	0.632000	-0.427200	-0.788800	-0.753600	0.440500	0.741300
1627306483.115939	0.635100	-0.439200	-0.784500	-0.766100	0.455800	0.731800
1627306483.135373	0.640600	-0.452400	-0.784300	-0.776500	0.471100	0.715000
1627306483.149992	0.642100	-0.459600	-0.788500	-0.788100	0.483000	0.695100
1627306483.150871	0.646500	-0.465000	-0.796800	-0.812800	0.503400	0.672500
1627306483.157235	0.653300	-0.461400	-0.808800	-0.837500	0.530600	0.650200
1627306483.178071	0.654400	-0.459000	-0.818100	-0.848200	0.567300	0.628200
1627306483.179597	0.653900	-0.459100	-0.827000	-0.848200	0.613400	0.607200
1627306483.195337	0.650900	-0.455400	-0.830600	-0.851900	0.670200	0.584300
1627306483.199017	0.655000	-0.447600	-0.826000	-0.854700	0.725200	0.566900
1627306483.220881	0.659400	-0.435100	-0.812500	-0.849800	0.768000	0.558900
1627306483.221687	0.667600	-0.425500	-0.796500	-0.851900	0.802800	0.563800
1627306483.229246	0.680500	-0.426100	-0.783900	-0.836600	0.825100	0.579100
1627306483.242914	0.680800	-0.440900	-0.772100	-0.812800	0.845500	0.596200
1627306483.263364	0.677400	-0.474000	-0.763400	-0.777100	0.866000	0.598600
1627306483.264353	0.677000	-0.510500	-0.749400	-0.784100	0.889800	0.570500
1627306483.269302	0.682100	-0.525100	-0.726300	-0.843000	0.907200	0.533300
1627306483.280181	0.685100	-0.524800	-0.701200	-0.868100	0.919400	0.487700
1627306483.303367	0.689800	-0.515400	-0.676800	-0.879100	0.924900	0.438300
1627306483.304170	0.696300	-0.499500	-0.652600	-0.921800	0.921900	0.393700
1627306483.309790	0.699200	-0.476600	-0.636200	-0.975600	0.909700	0.359200
1627306483.320397	0.696700	-0.454600	-0.630500	-0.994200	0.891300	0.338100
1627306483.336210	0.689600	-0.447900	-0.636500	-0.939300	0.868100	0.310000
1627306483.340200	0.690100	-0.442000	-0.645800	-0.956400	0.857400	0.290700
1627306483.359689	0.683500	-0.421000	-0.646700	-1.004000	0.850100	0.282200
1627306483.360554	0.681300	-0.395300	-0.648100	-1.008600	0.848600	0.278500
1627306483.370506	0.686200	-0.384000	-0.651000	-0.956400	0.848900	0.275200
1627306483.379042	0.686200	-0.384000	-0.651000	-0.956400	0.848900	0.275200
1627306483.400839	0.691300	-0.376100	-0.657300	-0.979000	0.856800	0.285200
1627306483.401729	0.699000	-0.361800	-0.658200	-1.022900	0.875200	0.297200
1627306483.409420	0.697800	-0.364500	-0.664200	-0.975600	0.898700	0.314000
1627306483.424313	0.697800	-0.385500	-0.666500	-0.873000	0.926200	0.314600
1627306483.442496	0.699800	-0.393100	-0.656700	-0.896800	0.963400	0.310000
1627306483.443391	0.701500	-0.386700	-0.638700	-0.893400	0.990900	0.302000
1627306483.454673	0.708000	-0.375900	-0.610400	-0.788400	1.012900	0.291700
1627306483.470704	0.711700	-0.369900	-0.581400	-0.734600	1.029400	0.285500
1627306483.471809	0.720300	-0.361500	-0.549900	-0.737700	1.034600	0.288900
1627306483.487236	0.718400	-0.365400	-0.523800	-0.653700	1.027900	0.285900
1627306483.488982	0.729700	-0.382600	-0.508200	-0.582800	1.020800	0.270300
1627306483.489876	0.740200	-0.386700	-0.490700	-0.589200	1.008600	0.249800
1627306483.513488	0.743500	-0.379400	-0.470900	-0.614600	0.993400	0.232700
1627306483.523139	0.764200	-0.368700	-0.450700	-0.569100	0.971100	0.213200
1627306483.531858	0.770400	-0.361900	-0.435500	-0.549500	0.945700	0.201600
1627306483.535268	0.778600	-0.357100	-0.416300	-0.551100	0.913000	0.192700
1627306483.559188	0.790200	-0.352500	-0.401700	-0.567500	0.877300	0.182900
1627306483.560958	0.789800	-0.344700	-0.388200	-0.543400	0.838800	0.171600
1627306483.576105	0.793600	-0.328400	-0.370700	-0.549800	0.802500	0.160600
1627306483.580327	0.797500	-0.309100	-0.352400	-0.572400	0.757900	0.162500
1627306483.601065	0.798600	-0.292800	-0.341300	-0.553500	0.705300	0.166700
1627306483.601867	0.797100	-0.293200	-0.339700	-0.485700	0.649400	0.179000
1627306483.609367	0.802900	-0.295800	-0.346600	-0.457600	0.587400	0.191800
1627306483.621692	0.793600	-0.288900	-0.355200	-0.459400	0.542800	0.204900
1627306483.622575	0.790900	-0.285900	-0.364000	-0.398000	0.514100	0.217400
1627306483.648314	0.797000	-0.297500	-0.374500	-0.297800	0.490600	0.225400
1627306483.649119	0.804200	-0.314300	-0.381700	-0.234600	0.474700	0.219000
1627306483.661862	0.812600	-0.312000	-0.375900	-0.255700	0.464700	0.209200
1627306483.665287	0.819800	-0.302700	-0.368900	-0.260900	0.449700	0.201200
1627306483.687882	0.816500	-0.302200	-0.358200	-0.195800	0.422800	0.195100
1627306483.692755	0.812900	-0.312500	-0.353800	-0.167100	0.397800	0.190300
1627306483.693749	0.815300	-0.318600	-0.349400	-0.167700	0.374200	0.177700
1627306483.715602	0.815700	-0.309900	-0.343500	-0.171400	0.344300	0.169200
1627306483.719264	0.820800	-0.296600	-0.339100	-0.148200	0.313500	0.167300
1627306483.734775	0.828200	-0.288900	-0.336300	-0.103300	0.279000	0.174100
1627306483.737742	0.830300	-0.295500	-0.340800	-0.054700	0.243800	0.185400
1627306483.757550	0.831200	-0.312100	-0.347300	-0.039100	0.206900	0.195800
1627306483.758438	0.844800	-0.332300	-0.348100	-0.009800	0.180000	0.191800
1627306483.769441	0.849900	-0.349200	-0.350300	-0.006200	0.149400	0.180800
1627306483.772117	0.852500	-0.359100	-0.345700	-0.017200	0.118000	0.164600
1627306483.798768	0.855800	-0.368000	-0.341900	-0.019600	0.086800	0.142300
1627306483.799647	0.862900	-0.374600	-0.341100	-0.009800	0.055100	0.114800
1627306483.808188	0.865500	-0.376600	-0.344600	-0.023900	0.022700	0.084000
1627306483.814711	0.867800	-0.371600	-0.346200	-0.040400	-0.009100	0.053700
1627306483.840253	0.870200	-0.365000	-0.350800	-0.033000	-0.032600	0.025300
1627306483.841134	0.873500	-0.354600	-0.355300	-0.026000	-0.052100	0.005200
1627306483.850616	0.881600	-0.342700	-0.362300	-0.031500	-0.073500	-0.004300
1627306483.857185	0.883700	-0.337500	-0.374300	-0.015000	-0.088500	-0.007400
1627306483.878907	0.884000	-0.345000	-0.389000	0.025000	-0.098900	-0.010400
1627306483.879892	0.884300	-0.358300	-0.404800	0.053700	-0.105300	-0.016500
1627306483.890671	0.885000	-0.366100	-0.415900	0.086100	-0.108600	-0.031500
1627306483.900816	0.886200	-0.365500	-0.417000	0.128200	-0.109600	-0.048900
1627306483.921230	0.885500	-0.356000	-0.415500	0.156900	-0.113800	-0.066000
1627306483.922118	0.879900	-0.342300	-0.412200	0.175300	-0.121800	-0.077600
1627306483.931809	0.880000	-0.325400	-0.408300	0.196000	-0.133400	-0.080700
1627306483.940823	0.881000	-0.315600	-0.408200	0.217700	-0.151100	-0.073300
1627306483.966679	0.877900	-0.314300	-0.414200	0.241200	-0.170600	-0.059000
1627306483.967566	0.871600	-0.324800	-0.423200	0.259000	-0.184100	-0.052300
1627306483.968375	0.866800	-0.340000	-0.436500	0.276400	-0.193200	-0.056800
1627306483.979370	0.860200	-0.351700	-0.444300	0.290100	-0.195700	-0.075200
1627306483.984082	0.854600	-0.349000	-0.440900	0.277000	-0.196300	-0.098100
1627306484.004615	0.850800	-0.337300	-0.438400	0.259300	-0.200300	-0.116400
1627306484.006875	0.851000	-0.326500	-0.435300	0.269000	-0.206700	-0.128900
1627306484.012010	0.846700	-0.322800	-0.434700	0.296500	-0.219200	-0.141800
1627306484.036655	0.835400	-0.316900	-0.430400	0.248900	-0.225300	-0.146900
1627306484.038310	0.839100	-0.306800	-0.422700	0.232400	-0.238800	-0.149400
1627306484.053728	0.836200	-0.303100	-0.421500	0.253800	-0.254000	-0.146300
1627306484.055255	0.832500	-0.309400	-0.426500	0.258000	-0.270800	-0.139300
1627306484.077522	0.823000	-0.317400	-0.434300	0.240600	-0.284300	-0.133500
1627306484.078399	0.823200	-0.333900	-0.441200	0.253800	-0.293700	-0.132900
1627306484.086890	0.821300	-0.353000	-0.446400	0.274500	-0.298900	-0.146300
1627306484.092924	0.819600	-0.359900	-0.447800	0.258300	-0.298000	-0.165300
1627306484.114557	0.820300	-0.361000	-0.442400	0.255600	-0.295000	-0.188800
1627306484.116881	0.817500	-0.361700	-0.443100	0.283700	-0.288800	-0.215400
1627306484.122083	0.819500	-0.361300	-0.444000	0.307800	-0.281200	-0.239800
1627306484.142860	0.820600	-0.359600	-0.445100	0.321300	-0.274500	-0.260900
1627306484.158725	0.824500	-0.354600	-0.442000	0.341400	-0.267800	-0.278000
1627306484.164016	0.814000	-0.350800	-0.431600	0.378700	-0.261700	-0.288400
1627306484.164921	0.810800	-0.346600	-0.416300	0.403400	-0.257400	-0.295700
1627306484.177251	0.822000	-0.349100	-0.398800	0.442200	-0.265300	-0.300600
1627306484.186937	0.820400	-0.352500	-0.383500	0.456900	-0.285800	-0.300000
1627306484.193394	0.815900	-0.364600	-0.373200	0.475500	-0.314500	-0.300300
1627306484.217160	0.814600	-0.384800	-0.366500	0.510000	-0.348400	-0.312500
1627306484.217970	0.815800	-0.399000	-0.362800	0.501800	-0.396400	-0.334500
1627306484.228040	0.810900	-0.398100	-0.362200	0.487700	-0.451300	-0.358600
1627306484.237870	0.808100	-0.391600	-0.368400	0.504800	-0.505400	-0.379100
1627306484.238753	0.804400	-0.388300	-0.384000	0.539600	-0.557000	-0.395300
1627306484.262247	0.802600	-0.384500	-0.405300	0.570500	-0.601300	-0.408400
1627306484.267026	0.803200	-0.374100	-0.430800	0.609300	-0.639200	-0.418200
1627306484.276888	0.792700	-0.355800	-0.454300	0.640100	-0.669100	-0.420600
1627306484.282759	0.783600	-0.326400	-0.483900	0.664000	-0.697500	-0.402000
1627306484.306263	0.789600	-0.307900	-0.510500	0.695400	-0.714300	-0.371100
1627306484.307069	0.782700	-0.303000	-0.544600	0.680800	-0.722600	-0.324700
1627306484.313323	0.772000	-0.318000	-0.584500	0.699700	-0.708500	-0.285900
1627306484.336240	0.760700	-0.345200	-0.622600	0.735700	-0.674900	-0.263300
1627306484.337134	0.748900	-0.373000	-0.656000	0.733900	-0.624500	-0.263000
1627306484.351924	0.735400	-0.387600	-0.677200	0.748900	-0.558200	-0.278600
1627306484.355889	0.732300	-0.390300	-0.685900	0.814500	-0.465400	-0.318300
1627306484.379964	0.727400	-0.382800	-0.679800	0.841100	-0.388700	-0.346700
1627306484.380822	0.730800	-0.373000	-0.665000	0.882000	-0.314800	-0.376900
1627306484.388040	0.732100	-0.362200	-0.640300	0.929100	-0.251000	-0.405300
1627306484.394185	0.745500	-0.345800	-0.608000	0.944000	-0.201200	-0.419700
1627306484.415432	0.756500	-0.326800	-0.569900	0.934300	-0.174000	-0.418500
1627306484.416795	0.763800	-0.323700	-0.532000	0.965100	-0.163900	-0.407500
1627306484.435212	0.772900	-0.338600	-0.501000	0.992600	-0.173100	-0.401400
1627306484.444079	0.776100	-0.349000	-0.472800	0.960500	-0.199400	-0.403500
1627306484.455201	0.786500	-0.346100	-0.441400	0.918100	-0.239700	-0.407500
1627306484.456091	0.788800	-0.340800	-0.415400	0.903400	-0.296800	-0.409600
1627306484.465886	0.786500	-0.339500	-0.392800	0.914100	-0.365800	-0.407500
1627306484.478138	0.798100	-0.335600	-0.381200	0.877500	-0.449500	-0.396500
1627306484.493330	0.801000	-0.331800	-0.372900	0.848400	-0.554000	-0.374800
1627306484.499125	0.801500	-0.339500	-0.376000	0.881700	-0.663900	-0.351900
1627306484.520903	0.795400	-0.348500	-0.385100	0.872000	-0.762300	-0.329000
1627306484.521708	0.787200	-0.350600	-0.397800	0.831300	-0.859100	-0.305500
1627306484.525492	0.782200	-0.355800	-0.416000	0.837700	-0.951600	-0.281900
1627306484.541231	0.771100	-0.371000	-0.445400	0.859100	-1.035300	-0.259000
1627306484.544055	0.765600	-0.387200	-0.475800	0.841400	-1.107100	-0.236400
1627306484.565541	0.765500	-0.398400	-0.517900	0.812700	-1.169400	-0.217200
1627306484.567122	0.756600	-0.407800	-0.557700	0.811500	-1.209100	-0.206500
1627306484.582118	0.753200	-0.417700	-0.598600	0.803500	-1.227700	-0.196700
1627306484.587891	0.746500	-0.422700	-0.642200	0.779700	-1.227100	-0.183000
1627306484.610905	0.723600	-0.428600	-0.676800	0.769600	-1.205800	-0.168600
1627306484.613110	0.714600	-0.460800	-0.711400	0.821300	-1.162400	-0.162800
1627306484.615546	0.712900	-0.491100	-0.738000	0.860000	-1.102800	-0.182100
