1627306493.036732	0.691700	-0.167600	-0.745000	0.065600	0.097100	0.026600
1627306493.037374	0.691300	-0.170000	-0.736700	0.067400	0.096100	0.035100
1627306493.037971	0.689900	-0.170000	-0.727400	0.068000	0.088500	0.039700
1627306493.038525	0.688700	-0.173700	-0.723500	0.097000	0.075100	0.042400
1627306493.126206	0.688700	-0.173700	-0.723500	0.097000	0.075100	0.042400
1627306493.127867	0.722800	-0.452500	-0.495600	0.434500	-0.409300	-0.426100
1627306493.128326	0.726100	-0.447000	-0.479700	0.364000	-0.483900	-0.461800
1627306493.128742	0.708300	-0.420900	-0.447400	0.335000	-0.589500	-0.507000
1627306493.131255	0.695600	-0.406700	-0.434300	0.419000	-0.688200	-0.547700
1627306493.131697	0.690400	-0.399900	-0.456100	0.475100	-0.766100	-0.571200
1627306493.132095	0.679400	-0.392800	-0.523100	0.518800	-0.828400	-0.583700
1627306493.132490	0.661000	-0.393600	-0.592900	0.535300	-0.848200	-0.587400
1627306493.134157	0.655800	-0.402500	-0.638700	0.528000	-0.836300	-0.585500
1627306493.134556	0.658200	-0.411900	-0.668300	0.476400	-0.797500	-0.586100
1627306493.135002	0.645100	-0.417400	-0.679900	0.433900	-0.753300	-0.593800
1627306493.136715	0.639800	-0.417700	-0.689000	0.418300	-0.703200	-0.606600
1627306493.137148	0.628700	-0.410000	-0.701300	0.406400	-0.646100	-0.624900
1627306493.137620	0.626500	-0.403400	-0.712400	0.419600	-0.598100	-0.647200
1627306493.138054	0.629800	-0.401000	-0.717700	0.445500	-0.567900	-0.671700
1627306493.140576	0.645100	-0.408300	-0.725100	0.478800	-0.548600	-0.707400
1627306493.141006	0.645500	-0.413000	-0.740100	0.473000	-0.533700	-0.743100
1627306493.141473	0.637000	-0.402800	-0.748500	0.449800	-0.514400	-0.773700
1627306493.141870	0.635600	-0.377700	-0.753800	0.470300	-0.490000	-0.804200
1627306493.144007	0.630100	-0.357800	-0.764400	0.504200	-0.464300	-0.820700
1627306493.144430	0.623000	-0.343000	-0.768900	0.532900	-0.433500	-0.824100
1627306493.144854	0.625600	-0.337000	-0.763200	0.582100	-0.396500	-0.820700
1627306493.145252	0.622300	-0.337600	-0.750100	0.633700	-0.364700	-0.813100
1627306493.147327	0.614900	-0.336100	-0.729200	0.652300	-0.343700	-0.808800
1627306493.147726	0.617200	-0.326700	-0.713400	0.696000	-0.332100	-0.804800
1627306493.148160	0.615100	-0.325800	-0.702000	0.780900	-0.324400	-0.799000
1627306493.148560	0.626300	-0.332300	-0.697400	0.834600	-0.328400	-0.800200
1627306493.150637	0.629300	-0.344400	-0.690400	0.862700	-0.336000	-0.803300
1627306493.151061	0.633500	-0.355600	-0.686000	0.887800	-0.349200	-0.817000
1627306493.151505	0.633700	-0.359900	-0.684800	0.893600	-0.364100	-0.832600
1627306493.151902	0.629900	-0.357900	-0.684900	0.884400	-0.375400	-0.848800
1627306493.153542	0.632400	-0.353500	-0.682500	0.900600	-0.388000	-0.870800
1627306493.153983	0.637100	-0.349200	-0.678100	0.901800	-0.400800	-0.884200
1627306493.154381	0.635400	-0.346300	-0.672600	0.878000	-0.421300	-0.890700
1627306493.156523	0.631600	-0.350800	-0.667800	0.894200	-0.451500	-0.904400
1627306493.156918	0.638900	-0.365500	-0.669700	0.899400	-0.483300	-0.923600
1627306493.157345	0.653000	-0.376600	-0.683800	0.873100	-0.516900	-0.950500
1627306493.157740	0.644700	-0.384000	-0.699700	0.853300	-0.551400	-0.996000
1627306493.158137	0.639200	-0.378500	-0.701800	0.818800	-0.570000	-1.029900
1627306493.160201	0.633400	-0.364100	-0.700100	0.802600	-0.583400	-1.057700
1627306493.160640	0.628300	-0.345200	-0.706800	0.821800	-0.593800	-1.078800
1627306493.161035	0.631100	-0.338700	-0.712800	0.829500	-0.596900	-1.088600
1627306493.161435	0.635100	-0.331800	-0.713900	0.832800	-0.599600	-1.092200
1627306493.163501	0.637700	-0.330800	-0.712900	0.829500	-0.605700	-1.096500
1627306493.163911	0.637500	-0.331300	-0.717400	0.831300	-0.613400	-1.102300
1627306493.164331	0.639400	-0.331700	-0.717000	0.827300	-0.625600	-1.112100
1627306493.166399	0.645400	-0.332800	-0.727800	0.816000	-0.647000	-1.127400
1627306493.166797	0.644800	-0.331400	-0.743000	0.801000	-0.662500	-1.143200
1627306493.167197	0.638800	-0.328400	-0.751500	0.792800	-0.674500	-1.159400
1627306493.168911	0.634600	-0.317500	-0.746600	0.769000	-0.685800	-1.176800
1627306493.169313	0.634600	-0.300400	-0.745000	0.765000	-0.698300	-1.192100
1627306493.169758	0.634300	-0.290500	-0.754000	0.790400	-0.706200	-1.199400
1627306493.170165	0.628800	-0.283000	-0.766600	0.791900	-0.705300	-1.199400
1627306493.170634	0.625700	-0.271700	-0.769200	0.771400	-0.703200	-1.194900
1627306493.173115	0.622300	-0.266700	-0.770500	0.780000	-0.700400	-1.190300
1627306493.173548	0.623700	-0.269400	-0.771900	0.793100	-0.695800	-1.181400
1627306493.173947	0.624900	-0.273900	-0.776200	0.791600	-0.691300	-1.177800
1627306493.174391	0.620000	-0.270000	-0.774400	0.780600	-0.689700	-1.174700
1627306493.176446	0.613200	-0.263200	-0.778600	0.791000	-0.687600	-1.173800
1627306493.176980	0.610800	-0.260000	-0.787400	0.807800	-0.684800	-1.173200
1627306493.177525	0.616700	-0.261600	-0.797700	0.824900	-0.678400	-1.173200
1627306493.177948	0.612700	-0.266200	-0.807700	0.830700	-0.666200	-1.176500
1627306493.178428	0.609000	-0.268600	-0.824700	0.808700	-0.650900	-1.184500
1627306493.180521	0.619000	-0.272100	-0.839500	0.812300	-0.632300	-1.197000
1627306493.180924	0.624800	-0.271600	-0.845200	0.801000	-0.613700	-1.211400
1627306493.181324	0.628400	-0.260300	-0.848100	0.747300	-0.589500	-1.226600
1627306493.183605	0.627700	-0.242600	-0.848900	0.752500	-0.570900	-1.236400
1627306493.184040	0.628300	-0.229400	-0.846300	0.769000	-0.554100	-1.240100
1627306493.184533	0.625600	-0.218000	-0.848900	0.762300	-0.537600	-1.240100
1627306493.184942	0.626300	-0.211500	-0.849500	0.779700	-0.524800	-1.237600
1627306493.187034	0.622100	-0.211300	-0.852200	0.790400	-0.512600	-1.234900
1627306493.187436	0.618400	-0.210800	-0.853400	0.803800	-0.494300	-1.230300
1627306493.187880	0.616000	-0.212600	-0.855200	0.827000	-0.478400	-1.229100
1627306493.188290	0.615700	-0.215100	-0.860600	0.844100	-0.460000	-1.227900
1627306493.190342	0.622900	-0.212500	-0.871200	0.852400	-0.430100	-1.223300
1627306493.190738	0.623200	-0.200600	-0.878700	0.848100	-0.405100	-1.215900
1627306493.191166	0.621700	-0.191700	-0.885100	0.847500	-0.377000	-1.203400
1627306493.192790	0.633100	-0.187600	-0.885900	0.872200	-0.340600	-1.187200
1627306493.193186	0.636800	-0.182100	-0.878800	0.850200	-0.313100	-1.168300
1627306493.193580	0.634500	-0.166900	-0.872300	0.809900	-0.291800	-1.149700
1627306493.194370	0.636100	-0.151000	-0.862700	0.844100	-0.266700	-1.119100
1627306493.194764	0.634900	-0.150300	-0.850200	0.886900	-0.246500	-1.090400
1627306493.195157	0.632900	-0.156500	-0.832400	0.898500	-0.235900	-1.064100
1627306493.196356	0.670200	-0.122200	-0.955300	1.295200	0.021300	-0.910800
1627306493.196757	0.676400	-0.130400	-0.948600	1.345000	0.074200	-0.872000
1627306493.197154	0.677100	-0.127600	-0.919700	1.334300	0.133700	-0.816400
1627306493.197556	0.686500	-0.132300	-0.908200	1.419200	0.187200	-0.775800
1627306493.198020	0.686200	-0.142200	-0.891200	1.443400	0.239400	-0.734000
1627306493.198413	0.689500	-0.138900	-0.846900	1.425400	0.292800	-0.681700
1627306493.198808	0.693100	-0.131600	-0.787700	1.501700	0.318800	-0.648100
1627306493.199203	0.708600	-0.144500	-0.760000	1.560700	0.328900	-0.612400
1627306493.199598	0.721700	-0.160400	-0.759400	1.544500	0.333800	-0.571500
1627306493.199994	0.717900	-0.175300	-0.748800	1.521000	0.334100	-0.546700
1627306493.211724	0.718600	-0.188500	-0.712400	1.488300	0.325200	-0.533000
1627306493.212623	0.722500	-0.195700	-0.673700	1.414700	0.285800	-0.525400
1627306493.242055	0.723400	-0.195200	-0.652700	1.366700	0.242100	-0.524100
1627306493.242955	0.715800	-0.196500	-0.636000	1.347500	0.201500	-0.523800
1627306493.243769	0.712400	-0.198600	-0.620500	1.333100	0.153600	-0.522000
1627306493.270660	0.711300	-0.197600	-0.602100	1.304100	0.114500	-0.517100
1627306493.271559	0.692300	-0.214600	-0.582000	1.371300	0.083600	-0.515600
1627306493.273741	0.680900	-0.208300	-0.589700	1.276300	0.036300	-0.532100
1627306493.279739	0.695300	-0.196700	-0.609500	1.232000	0.010600	-0.529300
1627306493.294907	0.685300	-0.214100	-0.617300	1.332500	0.011200	-0.531500
1627306493.322996	0.689300	-0.217400	-0.619600	1.149500	-0.003700	-0.529000
1627306493.323921	0.697500	-0.206400	-0.617400	1.082000	-0.001000	-0.520500
1627306493.324743	0.702600	-0.222400	-0.613400	1.167000	0.017700	-0.518900
1627306493.355527	0.700100	-0.231800	-0.602200	1.044200	0.027100	-0.507600
1627306493.356432	0.702500	-0.218800	-0.581500	0.981300	0.040900	-0.499100
1627306493.357394	0.704800	-0.213300	-0.556300	1.020300	0.050000	-0.489600
1627306493.358656	0.705000	-0.206400	-0.541500	0.949200	0.045100	-0.465500
1627306493.373948	0.694700	-0.193100	-0.529300	0.920800	0.042400	-0.435600
1627306493.399171	0.692300	-0.189900	-0.523600	0.911600	0.039000	-0.405300
1627306493.399996	0.700600	-0.192700	-0.523600	0.840100	0.031100	-0.368100
1627306493.401018	0.723000	-0.202800	-0.520600	0.806200	0.021000	-0.333500
1627306493.428104	0.735100	-0.219500	-0.519800	0.761300	0.005400	-0.306700
1627306493.429003	0.747700	-0.232900	-0.525000	0.666000	-0.018700	-0.286500
1627306493.429814	0.755900	-0.239000	-0.531100	0.579900	-0.039800	-0.263300
1627306493.439826	0.757300	-0.242900	-0.525100	0.533200	-0.052600	-0.248600
1627306493.470862	0.750200	-0.235100	-0.511200	0.441200	-0.069400	-0.235500
1627306493.473333	0.749900	-0.213600	-0.493500	0.386300	-0.092900	-0.213500
1627306493.474232	0.749900	-0.213600	-0.493500	0.386300	-0.092900	-0.213500
1627306493.478704	0.753700	-0.201500	-0.480100	0.351100	-0.139000	-0.165900
1627306493.489685	0.755500	-0.199000	-0.492300	0.302600	-0.167400	-0.129200
1627306493.504742	0.755500	-0.199000	-0.492300	0.302600	-0.167400	-0.129200
1627306493.525536	0.762600	-0.207300	-0.506100	0.287600	-0.184200	-0.100800
1627306493.526438	0.767300	-0.222300	-0.519200	0.244500	-0.194600	-0.076100
1627306493.528525	0.765100	-0.238200	-0.528200	0.151700	-0.200700	-0.054700
1627306493.543533	0.761400	-0.249100	-0.528900	0.101000	-0.201000	-0.041200
1627306493.558701	0.760100	-0.262200	-0.524500	0.063700	-0.200400	-0.034500
1627306493.581790	0.763300	-0.269500	-0.516000	0.002600	-0.203800	-0.028100
1627306493.582702	0.760600	-0.273300	-0.512100	-0.036800	-0.209300	-0.022900
1627306493.583995	0.756100	-0.271200	-0.513300	-0.060000	-0.217200	-0.021400
1627306493.614187	0.753200	-0.274300	-0.532000	-0.107300	-0.224900	-0.015300
1627306493.615087	0.749100	-0.277100	-0.551800	-0.156200	-0.229100	-0.013500
1627306493.615902	0.746500	-0.280400	-0.565800	-0.210200	-0.231000	-0.014700
1627306493.618476	0.740400	-0.279100	-0.585000	-0.311000	-0.229100	-0.018000
1627306493.633521	0.746900	-0.272000	-0.595900	-0.362700	-0.219700	-0.022900
1627306493.654245	0.743500	-0.269200	-0.601300	-0.389500	-0.212900	-0.027800
1627306493.655145	0.738500	-0.257700	-0.602200	-0.453700	-0.203800	-0.028400
1627306493.657448	0.739100	-0.239600	-0.608300	-0.467400	-0.194900	-0.020500
1627306493.691651	0.738000	-0.237500	-0.615100	-0.425600	-0.185800	-0.011600
1627306493.692549	0.734900	-0.241100	-0.616000	-0.437200	-0.181200	0.005800
1627306493.693933	0.726100	-0.235600	-0.616600	-0.482100	-0.176000	0.026300
1627306493.697230	0.715100	-0.223900	-0.609500	-0.486700	-0.171700	0.047900
1627306493.712317	0.709000	-0.209800	-0.599900	-0.486400	-0.176600	0.075700
1627306493.734172	0.714100	-0.202500	-0.598300	-0.487900	-0.191900	0.114800
1627306493.735069	0.716800	-0.199800	-0.600800	-0.468000	-0.208100	0.152700
1627306493.737309	0.716900	-0.213000	-0.611500	-0.463100	-0.232500	0.197000
1627306493.752332	0.721100	-0.236100	-0.631000	-0.467400	-0.263000	0.235200
1627306493.778328	0.722400	-0.263400	-0.643600	-0.458300	-0.288700	0.255300
1627306493.779241	0.714200	-0.289900	-0.659700	-0.487000	-0.313100	0.264800
1627306493.780058	0.710300	-0.302000	-0.674100	-0.516300	-0.332400	0.256600
1627306493.789829	0.699200	-0.293800	-0.684400	-0.528800	-0.337600	0.248600
1627306493.819136	0.690600	-0.276100	-0.698500	-0.543200	-0.333300	0.247400
1627306493.820038	0.683200	-0.259600	-0.718100	-0.507700	-0.313700	0.257800
1627306493.820860	0.676900	-0.253300	-0.731400	-0.496700	-0.291100	0.275800
1627306493.828611	0.673800	-0.254400	-0.738800	-0.511400	-0.264000	0.292600
1627306493.856657	0.674100	-0.266200	-0.736500	-0.488500	-0.232200	0.308500
1627306493.857573	0.683700	-0.280200	-0.741900	-0.486000	-0.210800	0.311200
1627306493.858612	0.690900	-0.288800	-0.746100	-0.520600	-0.192500	0.306600
1627306493.886972	0.679300	-0.285800	-0.737700	-0.552000	-0.172900	0.295600
1627306493.887874	0.681300	-0.278000	-0.727300	-0.549600	-0.164700	0.286200
1627306493.888682	0.681000	-0.275600	-0.709700	-0.544100	-0.161300	0.283100
1627306493.898420	0.687000	-0.273800	-0.694600	-0.557200	-0.175700	0.278800
1627306493.924339	0.682600	-0.268200	-0.683800	-0.574000	-0.196500	0.275500
1627306493.925242	0.680900	-0.269300	-0.688800	-0.570000	-0.222100	0.268200
1627306493.927398	0.689600	-0.275900	-0.708500	-0.591400	-0.250500	0.259000
1627306493.942292	0.683500	-0.282700	-0.727900	-0.633300	-0.270100	0.249800
1627306493.969426	0.675300	-0.282600	-0.734000	-0.692500	-0.289000	0.236700
1627306493.970331	0.673300	-0.274900	-0.735600	-0.740800	-0.311000	0.220200
1627306493.971154	0.675700	-0.269700	-0.739900	-0.745400	-0.335400	0.207400
1627306493.999169	0.670400	-0.266100	-0.758200	-0.775300	-0.360500	0.195800
1627306494.000059	0.673600	-0.250700	-0.781900	-0.795800	-0.379400	0.182300
1627306494.002213	0.675300	-0.233600	-0.809300	-0.790900	-0.389500	0.173800
1627306494.009803	0.668600	-0.217200	-0.834800	-0.802800	-0.391300	0.173800
1627306494.042944	0.667400	-0.195200	-0.852900	-0.803100	-0.377600	0.181400
1627306494.043866	0.659100	-0.167400	-0.865400	-0.798200	-0.357100	0.201600
1627306494.046036	0.652300	-0.148200	-0.877300	-0.788100	-0.328700	0.226300
1627306494.047129	0.646600	-0.134500	-0.886100	-0.744100	-0.293600	0.257800
1627306494.074518	0.645300	-0.128200	-0.897000	-0.708700	-0.247800	0.294100
1627306494.075428	0.649500	-0.125100	-0.901700	-0.681800	-0.207500	0.325900
1627306494.077510	0.650500	-0.123200	-0.907600	-0.630500	-0.158000	0.359500
1627306494.087328	0.648300	-0.120000	-0.909400	-0.593300	-0.096900	0.401000
1627306494.118025	0.644400	-0.115500	-0.910900	-0.563600	-0.043100	0.443200
1627306494.118928	0.640900	-0.114400	-0.910900	-0.512000	0.019800	0.488400
1627306494.121065	0.644300	-0.124400	-0.899300	-0.476900	0.089100	0.536300
1627306494.151891	0.648900	-0.130500	-0.880700	-0.485400	0.135200	0.576300
1627306494.167736	0.646100	-0.134500	-0.865400	-0.466500	0.170100	0.611500
1627306494.169901	0.649000	-0.145600	-0.850800	-0.443300	0.201800	0.644800
1627306494.171085	0.656600	-0.159300	-0.838000	-0.443300	0.217100	0.664900
1627306494.176877	0.659800	-0.173600	-0.826500	-0.444800	0.222600	0.679000
1627306494.177770	0.659400	-0.186200	-0.822900	-0.457900	0.222600	0.686600
1627306494.205450	0.661900	-0.185500	-0.821400	-0.482400	0.218300	0.692100
1627306494.206350	0.663200	-0.184900	-0.818700	-0.513800	0.211300	0.697000
1627306494.207450	0.658900	-0.182400	-0.814700	-0.543800	0.199700	0.703400
1627306494.234212	0.659200	-0.181900	-0.812100	-0.572500	0.187800	0.710400
1627306494.235111	0.651400	-0.178100	-0.806600	-0.612200	0.175600	0.716800
1627306494.237314	0.637700	-0.166000	-0.812300	-0.666600	0.159400	0.725100
1627306494.248460	0.634200	-0.152800	-0.817500	-0.677200	0.149000	0.734900
1627306494.274582	0.630200	-0.144700	-0.828000	-0.679100	0.139800	0.745900
1627306494.275484	0.627400	-0.139300	-0.844800	-0.698000	0.135500	0.764500
1627306494.291832	0.621500	-0.132800	-0.860100	-0.695000	0.139800	0.783100
1627306494.292725	0.615600	-0.130900	-0.866100	-0.687300	0.151100	0.805400
1627306494.296050	0.614700	-0.127000	-0.874100	-0.672100	0.175300	0.837500
1627306494.306031	0.607300	-0.124600	-0.878300	-0.657100	0.208500	0.868000
1627306494.332939	0.598600	-0.124800	-0.878400	-0.645800	0.240900	0.900400
1627306494.333836	0.593100	-0.125200	-0.882000	-0.627800	0.281500	0.935200
1627306494.336107	0.596800	-0.134500	-0.886500	-0.606400	0.321300	0.968200
1627306494.351098	0.602500	-0.143600	-0.885500	-0.602100	0.350600	0.992600
1627306494.377024	0.603300	-0.156700	-0.883800	-0.611300	0.374400	1.016800
1627306494.377949	0.601000	-0.166400	-0.879200	-0.620700	0.393900	1.036300
1627306494.378867	0.598600	-0.176800	-0.868400	-0.607000	0.411700	1.046400
1627306494.405532	0.602900	-0.187700	-0.859300	-0.603900	0.429100	1.054600
1627306494.406428	0.607500	-0.192300	-0.853000	-0.621000	0.444300	1.058300
1627306494.407417	0.608800	-0.192600	-0.852500	-0.630800	0.457500	1.063500
1627306494.418581	0.611600	-0.194800	-0.848400	-0.644600	0.468500	1.068700
1627306494.447940	0.616500	-0.191800	-0.839800	-0.672700	0.470900	1.077600
1627306494.448853	0.617400	-0.188600	-0.833700	-0.703200	0.466900	1.089200
1627306494.449937	0.614600	-0.181800	-0.825200	-0.720000	0.458100	1.104700
1627306494.483220	0.605600	-0.177700	-0.823000	-0.731300	0.440100	1.128300
1627306494.484124	0.595900	-0.175700	-0.823200	-0.740500	0.427800	1.148100
1627306494.484962	0.591800	-0.182500	-0.829000	-0.726400	0.416900	1.173800
1627306494.486126	0.587800	-0.205300	-0.849000	-0.696800	0.412000	1.196700
1627306494.501154	0.585400	-0.223500	-0.860800	-0.725200	0.419000	1.207400
1627306494.524306	0.585400	-0.234100	-0.859900	-0.728300	0.434300	1.206400
1627306494.525209	0.580100	-0.233800	-0.853000	-0.738300	0.452000	1.203100
1627306494.526168	0.572800	-0.225700	-0.851900	-0.737400	0.467600	1.202500
1627306494.539881	0.559300	-0.215500	-0.851600	-0.708400	0.488300	1.209200
1627306494.554896	0.554100	-0.218900	-0.854100	-0.632700	0.516100	1.224500
1627306494.569435	0.557900	-0.232100	-0.851600	-0.577400	0.536300	1.238800
1627306494.570349	0.571200	-0.244600	-0.846800	-0.546800	0.556700	1.251000
1627306494.576228	0.588500	-0.257800	-0.851000	-0.514800	0.578100	1.263300
1627306494.607044	0.586400	-0.263300	-0.854600	-0.506800	0.597400	1.274900
1627306494.609166	0.588700	-0.270100	-0.850600	-0.479900	0.619000	1.285900
1627306494.610070	0.592000	-0.282600	-0.847900	-0.466500	0.637400	1.295300
1627306494.636772	0.597500	-0.290400	-0.830300	-0.486000	0.651700	1.305700
1627306494.637674	0.599200	-0.299600	-0.810400	-0.465900	0.658400	1.309100
1627306494.638493	0.608200	-0.312400	-0.796900	-0.449100	0.653000	1.308200
1627306494.648489	0.599700	-0.325300	-0.788600	-0.437500	0.642000	1.303300
1627306494.663877	0.599500	-0.341800	-0.781100	-0.398100	0.631000	1.283100
1627306494.683198	0.608500	-0.357800	-0.778900	-0.377600	0.620600	1.253500
1627306494.684101	0.612800	-0.362200	-0.773300	-0.365100	0.609300	1.220500
1627306494.686078	0.611600	-0.362900	-0.791500	-0.344900	0.605900	1.194500
1627306494.715396	0.609400	-0.364400	-0.810700	-0.328400	0.614800	1.172500
1627306494.716295	0.603500	-0.363800	-0.813000	-0.334200	0.636200	1.153900
1627306494.717128	0.620400	-0.370100	-0.817600	-0.345200	0.650800	1.144100
1627306494.728587	0.607700	-0.382000	-0.835800	-0.377600	0.680400	1.133100
1627306494.755539	0.593000	-0.386100	-0.821300	-0.442700	0.710400	1.121500
1627306494.756460	0.594100	-0.391600	-0.800700	-0.461600	0.731800	1.110500
1627306494.758695	0.587400	-0.403400	-0.781700	-0.453400	0.750700	1.093400
1627306494.783206	0.574000	-0.398400	-0.755100	-0.510500	0.756500	1.073000
1627306494.784108	0.586700	-0.384000	-0.726300	-0.490600	0.754400	1.062300
1627306494.786132	0.600300	-0.398400	-0.761000	-0.359600	0.757100	1.050700
1627306494.812836	0.593900	-0.419800	-0.796500	-0.418900	0.778500	1.037500
1627306494.813734	0.576700	-0.412100	-0.789300	-0.480200	0.802600	1.028400
1627306494.816039	0.586500	-0.424600	-0.770900	-0.386200	0.835900	1.011300
1627306494.826083	0.594400	-0.463400	-0.757200	-0.349500	0.869800	0.988400
1627306494.852990	0.593500	-0.472900	-0.752700	-0.433500	0.890300	0.961500
1627306494.853885	0.591700	-0.465300	-0.736100	-0.423700	0.910100	0.929100
1627306494.857505	0.599700	-0.469400	-0.720700	-0.324500	0.927800	0.889100
1627306494.868502	0.601800	-0.471600	-0.717300	-0.347400	0.932700	0.862200
1627306494.899289	0.601100	-0.455800	-0.712600	-0.393800	0.935500	0.841500
1627306494.900230	0.604000	-0.448700	-0.705900	-0.339100	0.945600	0.820400
1627306494.900969	0.607400	-0.461300	-0.703400	-0.319600	0.949500	0.805700
1627306494.904808	0.604400	-0.474200	-0.700700	-0.356500	0.949500	0.788000
1627306494.919730	0.604600	-0.485000	-0.706500	-0.388900	0.951100	0.755900
1627306494.944337	0.603600	-0.491600	-0.700900	-0.402700	0.956200	0.728400
1627306494.945340	0.606100	-0.495700	-0.697100	-0.425000	0.961100	0.703100
1627306494.947325	0.619300	-0.493200	-0.675400	-0.422500	0.967200	0.673500
1627306494.957409	0.609300	-0.482200	-0.648400	-0.443600	0.961100	0.653600
1627306494.977757	0.608000	-0.463500	-0.623900	-0.410600	0.950400	0.637400
1627306494.978417	0.607100	-0.453600	-0.612500	-0.306500	0.937000	0.625800
1627306494.985988	0.607400	-0.449100	-0.597700	-0.260300	0.923600	0.620900
1627306495.015211	0.610400	-0.444100	-0.584000	-0.214200	0.908000	0.620000
1627306495.015755	0.605100	-0.450600	-0.562400	-0.128700	0.888100	0.617900
1627306495.016867	0.608200	-0.464600	-0.547200	-0.096000	0.864600	0.610500
1627306495.027040	0.614300	-0.476200	-0.536500	-0.077100	0.839900	0.599900
1627306495.042740	0.615000	-0.493400	-0.531500	-0.052300	0.813600	0.581200
1627306495.061838	0.616100	-0.509000	-0.526000	-0.056600	0.788300	0.558000
1627306495.062955	0.619300	-0.518600	-0.517100	-0.069400	0.765400	0.532700
1627306495.064801	0.617900	-0.523100	-0.508500	-0.094500	0.737300	0.502100
1627306495.068245	0.623400	-0.522900	-0.498200	-0.116500	0.704600	0.471300
1627306495.084866	0.622400	-0.521600	-0.484300	-0.125300	0.672500	0.443800
1627306495.097572	0.624300	-0.519700	-0.470900	-0.142400	0.627600	0.414200
1627306495.098598	0.627800	-0.520600	-0.461100	-0.140900	0.580300	0.383300
1627306495.121331	0.633100	-0.525800	-0.457800	-0.126200	0.537200	0.355800
1627306495.124813	0.638900	-0.525500	-0.450800	-0.155300	0.489500	0.325600
1627306495.126957	0.637300	-0.515100	-0.446200	-0.182400	0.434900	0.295000
1627306495.148614	0.638700	-0.507200	-0.443000	-0.167800	0.391500	0.271200
1627306495.157776	0.640900	-0.503300	-0.434800	-0.149800	0.344800	0.250700
1627306495.175415	0.645900	-0.500700	-0.430800	-0.152800	0.294100	0.230900
1627306495.176233	0.644900	-0.501300	-0.435800	-0.131400	0.258300	0.216800
1627306495.184764	0.660800	-0.514400	-0.460600	-0.119200	0.233300	0.203700
1627306495.194064	0.651900	-0.517200	-0.470600	-0.179100	0.204900	0.186000
1627306495.215175	0.658600	-0.517100	-0.476900	-0.208700	0.192100	0.175300
1627306495.215987	0.660600	-0.522500	-0.486700	-0.175100	0.186300	0.157900
1627306495.230937	0.655400	-0.523200	-0.492300	-0.235000	0.183800	0.143500
1627306495.243375	0.654300	-0.514600	-0.497100	-0.238600	0.184100	0.129800
1627306495.258161	0.658100	-0.509600	-0.492900	-0.198600	0.187500	0.118200
1627306495.262600	0.670700	-0.515600	-0.496200	-0.187900	0.185900	0.106000
1627306495.263534	0.665900	-0.510600	-0.496600	-0.208700	0.183200	0.097700
1627306495.275497	0.678800	-0.512200	-0.497300	-0.168700	0.183500	0.087300
1627306495.286079	0.686400	-0.521200	-0.488500	-0.144900	0.173700	0.074200
1627306495.292101	0.692100	-0.527700	-0.486300	-0.146100	0.156900	0.060800
1627306495.316824	0.690800	-0.532300	-0.491600	-0.126200	0.142900	0.042400
1627306495.317724	0.699200	-0.542000	-0.500600	-0.104000	0.128200	0.016200
1627306495.331238	0.700700	-0.542000	-0.507800	-0.127200	0.118100	-0.008300
1627306495.337277	0.699300	-0.531900	-0.509200	-0.153100	0.110200	-0.031200
1627306495.357077	0.702400	-0.518600	-0.507600	-0.123200	0.099200	-0.051900
1627306495.364129	0.703200	-0.512700	-0.508400	-0.110400	0.083000	-0.066900
1627306495.365215	0.709000	-0.506000	-0.517600	-0.109400	0.064400	-0.077900
1627306495.374914	0.711300	-0.502900	-0.532100	-0.080100	0.048200	-0.088600
1627306495.376997	0.713700	-0.505200	-0.542700	-0.077700	0.034100	-0.099600
1627306495.404277	0.710100	-0.505000	-0.547700	-0.085300	0.023100	-0.107500
1627306495.405167	0.711800	-0.501200	-0.546000	-0.066100	0.015200	-0.117600
1627306495.413497	0.711800	-0.497900	-0.544700	-0.054200	0.007600	-0.124900
1627306495.420779	0.698500	-0.492300	-0.540300	-0.044100	0.001800	-0.128000
1627306495.444406	0.693000	-0.486200	-0.534700	0.006900	-0.002800	-0.133200
1627306495.445484	0.688200	-0.484600	-0.525300	0.063400	-0.005600	-0.135000
1627306495.457622	0.680200	-0.485000	-0.517900	0.095800	-0.004900	-0.135300
1627306495.460820	0.677500	-0.485200	-0.511700	0.154800	-0.005300	-0.131700
1627306495.486824	0.672100	-0.494900	-0.505500	0.223200	-0.005600	-0.128000
1627306495.487721	0.666300	-0.502700	-0.501700	0.236900	-0.008600	-0.127400
1627306495.492098	0.662000	-0.512900	-0.494300	0.268100	-0.014100	-0.133800
1627306495.513411	0.667000	-0.528200	-0.492400	0.308400	-0.024200	-0.150900
1627306495.514564	0.662800	-0.541000	-0.478300	0.298600	-0.032400	-0.166200
1627306495.524667	0.667700	-0.551100	-0.454700	0.330100	-0.052000	-0.194900
1627306495.533943	0.679300	-0.556300	-0.432600	0.328200	-0.088900	-0.227300
1627306495.534833	0.674800	-0.556200	-0.404700	0.347200	-0.125900	-0.254400
1627306495.562810	0.676400	-0.556600	-0.388100	0.412500	-0.176300	-0.288000
1627306495.563665	0.679700	-0.560300	-0.383400	0.426600	-0.247500	-0.332900
1627306495.579997	0.681600	-0.560300	-0.386700	0.446400	-0.307900	-0.370200
1627306495.594540	0.676300	-0.562300	-0.398600	0.455000	-0.367800	-0.412300
1627306495.601501	0.686500	-0.563600	-0.411400	0.443700	-0.441400	-0.468500
1627306495.602362	0.700800	-0.565300	-0.406600	0.444300	-0.502800	-0.518600
1627306495.606879	0.698100	-0.560200	-0.391700	0.426300	-0.577000	-0.570000
1627306495.628366	0.707000	-0.550000	-0.387600	0.454700	-0.684200	-0.634100
1627306495.636359	0.712800	-0.544200	-0.418800	0.478800	-0.767600	-0.681700
1627306495.637230	0.713600	-0.540300	-0.457900	0.471500	-0.838500	-0.722700
1627306495.662770	0.711800	-0.533200	-0.513800	0.442500	-0.900500	-0.767000
1627306495.664999	0.712000	-0.526100	-0.552500	0.400000	-0.936800	-0.802100
1627306495.673644	0.709200	-0.515500	-0.582800	0.334000	-0.957000	-0.835400
1627306495.677814	0.698900	-0.497200	-0.612900	0.268400	-0.973500	-0.870800
1627306495.702203	0.688000	-0.477500	-0.632700	0.249100	-0.979900	-0.902900
1627306495.704834	0.681200	-0.455400	-0.645400	0.233900	-0.980500	-0.928200
1627306495.720094	0.677600	-0.426000	-0.644700	0.296200	-0.970700	-0.949000
1627306495.725464	0.676100	-0.408800	-0.653600	0.389900	-0.955500	-0.964000
1627306495.743891	0.675200	-0.385000	-0.673800	0.430600	-0.936800	-0.965800
1627306495.744767	0.673800	-0.359900	-0.702600	0.517300	-0.899900	-0.955700
1627306495.755070	0.670800	-0.349200	-0.719700	0.628200	-0.845500	-0.930100
1627306495.764000	0.671300	-0.353600	-0.725600	0.665100	-0.791700	-0.901300
1627306495.782631	0.668300	-0.353800	-0.719600	0.675500	-0.733100	-0.872600
1627306495.794287	0.670900	-0.358800	-0.704600	0.719200	-0.685800	-0.851900
1627306495.795180	0.677100	-0.366800	-0.689800	0.748800	-0.661900	-0.843000
1627306495.802135	0.685500	-0.379300	-0.684600	0.785200	-0.650300	-0.841500
1627306495.825803	0.695300	-0.400300	-0.682300	0.840400	-0.642400	-0.849400
1627306495.826688	0.698900	-0.413200	-0.687700	0.847500	-0.637200	-0.860700
1627306495.832021	0.688700	-0.422500	-0.684700	0.836800	-0.625900	-0.878100
1627306495.853450	0.685500	-0.426500	-0.666000	0.844100	-0.610600	-0.900100
1627306495.855173	0.685500	-0.433300	-0.651500	0.847500	-0.614000	-0.926100
1627306495.870969	0.689200	-0.433000	-0.652200	0.791900	-0.626500	-0.951700
1627306495.873918	0.688700	-0.430400	-0.643800	0.779100	-0.645400	-0.986300
1627306495.874823	0.694100	-0.435500	-0.637100	0.793700	-0.675100	-1.019500
1627306495.901143	0.692900	-0.440200	-0.640700	0.754600	-0.715400	-1.058600
1627306495.902100	0.684400	-0.438200	-0.651100	0.725300	-0.756900	-1.109600
1627306495.914509	0.684900	-0.433100	-0.654800	0.730500	-0.785900	-1.155200
1627306495.929897	0.680400	-0.426600	-0.654700	0.711900	-0.809800	-1.195500
1627306495.945304	0.668700	-0.401100	-0.657600	0.693500	-0.827800	-1.240700
1627306495.946196	0.665300	-0.379500	-0.664200	0.705800	-0.832100	-1.270000
1627306495.966203	0.666000	-0.358800	-0.677900	0.710600	-0.831800	-1.287400
1627306495.967319	0.667000	-0.339600	-0.693000	0.706400	-0.825600	-1.292600
1627306495.981736	0.671500	-0.325200	-0.700400	0.695700	-0.820100	-1.286500
1627306495.982653	0.674200	-0.313700	-0.695700	0.691400	-0.821400	-1.280100
1627306495.984609	0.678800	-0.307700	-0.690600	0.709100	-0.835400	-1.270000
1627306496.011725	0.673700	-0.313200	-0.697800	0.747000	-0.857400	-1.264200
1627306496.012613	0.664900	-0.319200	-0.712400	0.767400	-0.875400	-1.265700
1627306496.027376	0.656000	-0.319600	-0.736600	0.776000	-0.886400	-1.272800
1627306496.031034	0.655000	-0.309700	-0.757900	0.797400	-0.879100	-1.280700
1627306496.053422	0.648400	-0.300400	-0.771700	0.811100	-0.862600	-1.281000
1627306496.061912	0.644500	-0.284700	-0.778100	0.818800	-0.835400	-1.270900
1627306496.062803	0.642900	-0.269500	-0.781900	0.821800	-0.811900	-1.256000
1627306496.072370	0.637700	-0.262500	-0.783900	0.842600	-0.794500	-1.236400
1627306496.074582	0.640500	-0.263700	-0.773600	0.875600	-0.786200	-1.220800
1627306496.099630	0.641600	-0.264500	-0.752400	0.879200	-0.793300	-1.209800
1627306496.110535	0.631200	-0.269000	-0.751000	0.926300	-0.804300	-1.207100
1627306496.111456	0.632200	-0.278100	-0.761700	0.971200	-0.811300	-1.212900
1627306496.112370	0.619400	-0.280300	-0.774900	0.968400	-0.812200	-1.219900
1627306496.137096	0.621500	-0.277100	-0.776400	1.004800	-0.805800	-1.230300
1627306496.152586	0.618000	-0.263900	-0.761800	1.021300	-0.803000	-1.239200
1627306496.156469	0.621600	-0.239700	-0.760400	1.010000	-0.808800	-1.243700
1627306496.157371	0.623200	-0.227500	-0.780900	1.066200	-0.803700	-1.239800
1627306496.173984	0.629200	-0.229400	-0.802500	1.077500	-0.792700	-1.230300
1627306496.183613	0.637700	-0.238000	-0.810500	1.033500	-0.782300	-1.219300
1627306496.185771	0.640900	-0.244400	-0.808600	1.018200	-0.771600	-1.215600
1627306496.211427	0.650400	-0.248900	-0.816800	0.984000	-0.781400	-1.221700
1627306496.212304	0.641100	-0.234400	-0.844700	0.849900	-0.790200	-1.221100
1627306496.222265	0.640700	-0.220100	-0.855500	0.872800	-0.781700	-1.223900
1627306496.231622	0.632900	-0.214700	-0.841600	0.840400	-0.770700	-1.216600
1627306496.254315	0.627000	-0.199000	-0.823700	0.784900	-0.770100	-1.199800
1627306496.255133	0.621100	-0.193400	-0.820900	0.855400	-0.767900	-1.187500
1627306496.261235	0.621200	-0.200300	-0.825400	0.917100	-0.763900	-1.176800
1627306496.269008	0.612900	-0.196300	-0.836500	0.904900	-0.764900	-1.163700
1627306496.280869	0.604900	-0.187000	-0.854100	0.960500	-0.757500	-1.156400
1627306496.296458	0.606900	-0.189800	-0.880200	1.043600	-0.740700	-1.150000
1627306496.297544	0.605000	-0.190100	-0.903200	1.042000	-0.708700	-1.139900
1627306496.318509	0.609700	-0.184700	-0.925000	1.058800	-0.676600	-1.135900
1627306496.320733	0.601900	-0.179400	-0.952600	1.060400	-0.641200	-1.131600
1627306496.337822	0.616900	-0.175500	-0.972500	1.021900	-0.576100	-1.114200
1627306496.360781	0.619500	-0.175500	-0.968000	0.974500	-0.520200	-1.097100
1627306496.362404	0.616200	-0.167100	-0.947300	0.895700	-0.464900	-1.072400
1627306496.371547	0.624300	-0.150800	-0.911700	0.837400	-0.410600	-1.045800
1627306496.372020	0.622800	-0.134000	-0.891400	0.800400	-0.375700	-1.011000
1627306496.381653	0.620600	-0.127900	-0.882800	0.794900	-0.348000	-0.975000
1627306496.401906	0.624000	-0.134300	-0.881700	0.797700	-0.310700	-0.936800
1627306496.410256	0.623800	-0.138900	-0.879900	0.749700	-0.281400	-0.904100
1627306496.410790	0.634400	-0.142000	-0.873800	0.737200	-0.256900	-0.884200
1627306496.420807	0.656100	-0.145600	-0.866500	0.740900	-0.238000	-0.862600
1627306496.443376	0.668800	-0.147100	-0.859600	0.733500	-0.227900	-0.843600
1627306496.454390	0.672100	-0.145600	-0.855600	0.744200	-0.219100	-0.829000
1627306496.455273	0.674700	-0.144300	-0.855500	0.769000	-0.208700	-0.811200
1627306496.464853	0.680500	-0.149300	-0.858300	0.791600	-0.195800	-0.790800
1627306496.475060	0.681400	-0.153300	-0.876200	0.780900	-0.179000	-0.772500
1627306496.482501	0.684300	-0.149800	-0.891400	0.753700	-0.149400	-0.748000
1627306496.492354	0.690800	-0.154300	-0.900800	0.744500	-0.115800	-0.724200
1627306496.493992	0.694700	-0.157700	-0.900100	0.723800	-0.081900	-0.704000
1627306496.517675	0.689100	-0.155400	-0.890700	0.682200	-0.046800	-0.679900
1627306496.521114	0.689900	-0.143900	-0.877700	0.688600	-0.014400	-0.657600
1627306496.536034	0.695900	-0.138700	-0.870000	0.724700	0.010000	-0.636200
1627306496.537970	0.699700	-0.134800	-0.863900	0.727400	0.028000	-0.609700
1627306496.561099	0.707500	-0.126600	-0.856900	0.736900	0.039000	-0.576700
1627306496.563506	0.714200	-0.124000	-0.851900	0.762600	0.042700	-0.548000
1627306496.571070	0.717700	-0.127700	-0.849400	0.778800	0.043300	-0.513800
1627306496.583951	0.716800	-0.129000	-0.860700	0.790700	0.056700	-0.479200
1627306496.605564	0.711200	-0.130500	-0.868000	0.825500	0.085500	-0.452100
1627306496.606456	0.706700	-0.134900	-0.880100	0.862100	0.129400	-0.424300
1627306496.610804	0.696500	-0.137300	-0.883700	0.871600	0.201800	-0.388500
1627306496.629651	0.688800	-0.136700	-0.874800	0.869200	0.269900	-0.358600
1627306496.640614	0.687600	-0.130200	-0.847300	0.873700	0.337700	-0.327100
1627306496.641505	0.690400	-0.125900	-0.808600	0.878000	0.406800	-0.285600
1627306496.649567	0.691800	-0.127600	-0.776900	0.879500	0.445900	-0.252000
1627306496.667288	0.694600	-0.135900	-0.758200	0.885000	0.475500	-0.220500
1627306496.680428	0.696000	-0.150000	-0.734300	0.870700	0.501500	-0.190300
1627306496.681318	0.701000	-0.162400	-0.715200	0.856000	0.515800	-0.168900
1627306496.689617	0.707300	-0.176300	-0.692600	0.844400	0.525300	-0.153300
1627306496.711286	0.714000	-0.187300	-0.660900	0.819400	0.533800	-0.138100
1627306496.712348	0.714200	-0.187300	-0.633200	0.789400	0.532900	-0.121000
1627306496.727491	0.712200	-0.182300	-0.610600	0.765600	0.528300	-0.101700
1627306496.732786	0.715500	-0.179000	-0.587300	0.755800	0.514000	-0.073300
1627306496.752457	0.718300	-0.181900	-0.577900	0.728700	0.499000	-0.046700
1627306496.754951	0.720300	-0.187400	-0.570700	0.675800	0.486500	-0.017100
1627306496.759617	0.723500	-0.197000	-0.563500	0.626000	0.469100	0.015900
1627306496.770406	0.723600	-0.206900	-0.547700	0.568000	0.450500	0.041800
1627306496.771100	0.725600	-0.220200	-0.544100	0.525200	0.435800	0.063200
1627306496.795125	0.733800	-0.233900	-0.537700	0.509400	0.415600	0.079700
1627306496.804968	0.732200	-0.242600	-0.532500	0.449800	0.394900	0.092800
1627306496.813421	0.738300	-0.243400	-0.532800	0.426300	0.378400	0.103200
1627306496.816485	0.732300	-0.246300	-0.532600	0.422600	0.362200	0.113300
1627306496.841395	0.734900	-0.254400	-0.534800	0.399400	0.351200	0.128000
1627306496.842212	0.735400	-0.271500	-0.532600	0.407600	0.344200	0.137400
1627306496.859273	0.737400	-0.293200	-0.524800	0.391500	0.345400	0.140800
1627306496.860183	0.733500	-0.301500	-0.517200	0.350200	0.347800	0.139300
1627306496.883671	0.740500	-0.296500	-0.512500	0.344700	0.353300	0.140500
1627306496.885880	0.737800	-0.288700	-0.503200	0.356300	0.360700	0.147800
1627306496.901290	0.735000	-0.275600	-0.485600	0.343800	0.374100	0.171000
1627306496.904116	0.732100	-0.268700	-0.473900	0.361500	0.390000	0.200700
1627306496.905017	0.718900	-0.271000	-0.464100	0.362400	0.412900	0.235800
1627306496.928961	0.705700	-0.274400	-0.447900	0.291300	0.436700	0.274900
1627306496.929985	0.699200	-0.282200	-0.435200	0.244200	0.450500	0.303000
1627306496.935779	0.699800	-0.302600	-0.421100	0.199300	0.451700	0.321600
1627306496.952370	0.708900	-0.335700	-0.405900	0.084500	0.428800	0.329200
1627306496.960908	0.724900	-0.359500	-0.403100	-0.029100	0.386300	0.318900
1627306496.984528	0.738900	-0.384800	-0.406000	-0.130200	0.329200	0.299300
1627306496.985424	0.742700	-0.407800	-0.408400	-0.271900	0.240000	0.258700
1627306496.990022	0.736300	-0.412600	-0.407100	-0.377900	0.167900	0.219600
1627306496.999929	0.728000	-0.407800	-0.401000	-0.444200	0.092500	0.177400
1627306497.001467	0.723800	-0.396700	-0.397700	-0.486000	0.001800	0.128600
1627306497.026704	0.719800	-0.382400	-0.401000	-0.508300	-0.067300	0.098000
1627306497.029853	0.724500	-0.366300	-0.427600	-0.529100	-0.130500	0.073900
1627306497.037209	0.736700	-0.348800	-0.473900	-0.543200	-0.193100	0.058900
1627306497.059316	0.737800	-0.342400	-0.509300	-0.570000	-0.226400	0.057700
1627306497.070395	0.736800	-0.342000	-0.539800	-0.622000	-0.246900	0.061400
1627306497.071328	0.729500	-0.339500	-0.561300	-0.671100	-0.254200	0.065300
1627306497.078411	0.723100	-0.338100	-0.568200	-0.696200	-0.253600	0.065300
1627306497.099829	0.721800	-0.338400	-0.571900	-0.717600	-0.250500	0.061400
1627306497.110671	0.710900	-0.329800	-0.579800	-0.724600	-0.240700	0.054400
1627306497.111576	0.704600	-0.315300	-0.588300	-0.724900	-0.227900	0.048600
1627306497.117086	0.700400	-0.296400	-0.601800	-0.717000	-0.207800	0.047300
1627306497.138404	0.700900	-0.272600	-0.622400	-0.709600	-0.180000	0.056200
1627306497.149469	0.702900	-0.255600	-0.642800	-0.702600	-0.154900	0.070500
1627306497.150357	0.716400	-0.253200	-0.663600	-0.692800	-0.130500	0.089800
1627306497.161040	0.728800	-0.263700	-0.682500	-0.713300	-0.103300	0.109000
1627306497.172682	0.733800	-0.271200	-0.688700	-0.756700	-0.075500	0.123400
1627306497.183674	0.739300	-0.274400	-0.682100	-0.776500	-0.052900	0.127700
1627306497.187071	0.748200	-0.267800	-0.672600	-0.808900	-0.034900	0.130100
1627306497.210284	0.749900	-0.247100	-0.668300	-0.857500	-0.021700	0.136200
1627306497.211104	0.750200	-0.226600	-0.665300	-0.859900	-0.016900	0.147800
1627306497.221177	0.759400	-0.213300	-0.660200	-0.836700	-0.015300	0.169500
1627306497.227313	0.770400	-0.202600	-0.650800	-0.856500	-0.019600	0.197000
1627306497.249394	0.766000	-0.193000	-0.638900	-0.877300	-0.028800	0.226000
1627306497.250289	0.763200	-0.183100	-0.628900	-0.868800	-0.041900	0.254700
1627306497.260215	0.759200	-0.178300	-0.627700	-0.867200	-0.060200	0.290500
1627306497.268260	0.754800	-0.177600	-0.630700	-0.881000	-0.077600	0.318900
1627306497.285878	0.747100	-0.175700	-0.637200	-0.885200	-0.090500	0.352500
1627306497.295374	0.747200	-0.180800	-0.645900	-0.873300	-0.100900	0.387900
1627306497.296288	0.747600	-0.198500	-0.657100	-0.871500	-0.109400	0.417500
1627306497.318116	0.753200	-0.214600	-0.668100	-0.892300	-0.117300	0.439500
1627306497.319008	0.754900	-0.223300	-0.675400	-0.930500	-0.124700	0.459700
1627306497.323382	0.751700	-0.225800	-0.679100	-0.950300	-0.137800	0.471900
1627306497.348455	0.743900	-0.224700	-0.680500	-0.962200	-0.154900	0.480700
1627306497.359379	0.749400	-0.217300	-0.701400	-0.962500	-0.180300	0.491100
1627306497.360278	0.745500	-0.220600	-0.713600	-0.958900	-0.194300	0.497800
1627306497.363368	0.749400	-0.218300	-0.736500	-0.967700	-0.209900	0.503600
1627306497.388872	0.751500	-0.222800	-0.755000	-0.958200	-0.218800	0.507300
1627306497.389780	0.761100	-0.224900	-0.772100	-0.966800	-0.223900	0.512200
1627306497.397206	0.758100	-0.225000	-0.791100	-0.993400	-0.224300	0.517700
1627306497.407847	0.748900	-0.214800	-0.816000	-1.004400	-0.209900	0.527200
1627306497.429784	0.748900	-0.214800	-0.816000	-1.004400	-0.209900	0.527200
1627306497.431066	0.730200	-0.178100	-0.831500	-1.052900	-0.165900	0.556800
1627306497.446458	0.720600	-0.151100	-0.828600	-1.018700	-0.134500	0.591000
1627306497.450177	0.720600	-0.151100	-0.828600	-1.018700	-0.134500	0.591000
1627306497.470735	0.706400	-0.135100	-0.824000	-0.981800	-0.110000	0.627000
1627306497.471632	0.700300	-0.127200	-0.817900	-0.940200	-0.089600	0.666700
1627306497.478609	0.695100	-0.124800	-0.813500	-0.854700	-0.062400	0.715600
1627306497.488403	0.689100	-0.130500	-0.818100	-0.796400	-0.038500	0.760200
1627306497.512784	0.674800	-0.142500	-0.829800	-0.743800	-0.005900	0.799000
1627306497.513697	0.656100	-0.159200	-0.826000	-0.693700	0.042100	0.837200
1627306497.521078	0.643200	-0.172000	-0.811500	-0.664400	0.091300	0.868600
1627306497.532891	0.639200	-0.182500	-0.794400	-0.633900	0.131900	0.889100
1627306497.533786	0.637700	-0.200000	-0.775800	-0.566400	0.170400	0.904100
1627306497.556073	0.646400	-0.219200	-0.763500	-0.531900	0.199100	0.909000
1627306497.558711	0.650500	-0.234900	-0.748700	-0.530900	0.215300	0.907400
1627306497.574201	0.647100	-0.247900	-0.732900	-0.526700	0.223500	0.901900
1627306497.577718	0.646400	-0.261100	-0.729600	-0.546800	0.218300	0.891500
1627306497.597890	0.641000	-0.263500	-0.724900	-0.608800	0.206700	0.877800
1627306497.598855	0.634600	-0.259500	-0.726700	-0.679100	0.185300	0.864700
1627306497.608701	0.645400	-0.266500	-0.754000	-0.721800	0.148700	0.846300
1627306497.612153	0.655400	-0.283200	-0.776900	-0.800300	0.114200	0.825900
1627306497.644368	0.660800	-0.294200	-0.797600	-0.926200	0.070800	0.797800
1627306497.645260	0.670500	-0.289100	-0.820200	-1.044700	0.021900	0.759000
1627306497.647044	0.660900	-0.276000	-0.828000	-1.109700	-0.014400	0.726900
1627306497.673697	0.645400	-0.245800	-0.844400	-1.173300	-0.043100	0.702500
1627306497.678049	0.627300	-0.203600	-0.867700	-1.183300	-0.052300	0.694200
1627306497.679053	0.620000	-0.179700	-0.886100	-1.126800	-0.039500	0.701300
1627306497.685958	0.617600	-0.165600	-0.902200	-1.095700	-0.011700	0.722900
1627306497.708960	0.607100	-0.148200	-0.915300	-1.072500	0.039900	0.759300
1627306497.709775	0.614400	-0.138700	-0.929900	-1.019000	0.093400	0.792000
1627306497.721183	0.608800	-0.134400	-0.939900	-0.971100	0.155400	0.828000
1627306497.724180	0.607800	-0.131000	-0.946700	-0.921600	0.247900	0.872000
1627306497.747348	0.609700	-0.132300	-0.953200	-0.888900	0.329500	0.910800
1627306497.748802	0.610700	-0.141000	-0.960400	-0.871200	0.423600	0.945300
1627306497.763916	0.605600	-0.150800	-0.949700	-0.884900	0.548800	0.988400
1627306497.767713	0.599700	-0.151400	-0.929600	-0.921600	0.646500	1.021400
1627306497.788913	0.587600	-0.155600	-0.894400	-0.930500	0.733900	1.050700
1627306497.791117	0.593300	-0.164600	-0.855800	-0.936300	0.818200	1.072400
1627306497.798562	0.598500	-0.172400	-0.818000	-0.956100	0.866100	1.083700
1627306497.810352	0.610400	-0.177500	-0.789400	-0.966500	0.885100	1.086100
1627306497.832639	0.628700	-0.193000	-0.774400	-0.961900	0.889100	1.083700
1627306497.833467	0.647600	-0.202800	-0.769700	-0.999800	0.881700	1.074500
1627306497.837341	0.662700	-0.205700	-0.761100	-1.071300	0.863100	1.059500
1627306497.850275	0.672500	-0.194000	-0.741700	-1.145800	0.822500	1.044000
1627306497.870518	0.670800	-0.189500	-0.737300	-1.190400	0.778500	1.033600
1627306497.871340	0.675500	-0.194300	-0.751500	-1.221200	0.733900	1.022300
1627306497.881184	0.686300	-0.198000	-0.758700	-1.315600	0.682000	1.004200
1627306497.889069	0.689900	-0.188700	-0.743900	-1.394100	0.624900	0.986500
1627306497.913204	0.695300	-0.178600	-0.732900	-1.410000	0.564700	0.968500
1627306497.914058	0.699100	-0.168500	-0.733800	-1.422800	0.490500	0.954800
1627306497.917382	0.693000	-0.150600	-0.751600	-1.439000	0.416500	0.945900
1627306497.927313	0.688700	-0.131200	-0.759500	-1.396200	0.363400	0.945000
1627306497.953186	0.694900	-0.108500	-0.752700	-1.331500	0.301700	0.953500
1627306497.954086	0.694600	-0.078200	-0.757700	-1.290600	0.222900	0.968200
1627306497.957620	0.689600	-0.047200	-0.772700	-1.206300	0.166100	1.002400
1627306497.969641	0.674800	-0.039200	-0.805200	-1.031500	0.135900	1.046400
1627306497.980240	0.662200	-0.050900	-0.844400	-0.945400	0.124600	1.106600
1627306497.987506	0.655300	-0.056600	-0.871000	-0.910600	0.140100	1.155400
1627306497.993252	0.642900	-0.071300	-0.892200	-0.847700	0.171300	1.200000
1627306498.017145	0.637100	-0.084700	-0.917000	-0.859600	0.215900	1.246500
1627306498.018467	0.626000	-0.094500	-0.919100	-0.851600	0.268100	1.283400
1627306498.031582	0.618900	-0.112100	-0.917600	-0.805800	0.326400	1.313000
1627306498.047126	0.614100	-0.135500	-0.911700	-0.787800	0.396700	1.339000
1627306498.047987	0.610200	-0.146900	-0.906700	-0.775900	0.452900	1.351500
1627306498.057469	0.608300	-0.159200	-0.897900	-0.726400	0.508200	1.356100
1627306498.065703	0.594800	-0.173800	-0.886600	-0.696500	0.571400	1.355800
1627306498.088841	0.582600	-0.186300	-0.869100	-0.664400	0.629100	1.347900
1627306498.089785	0.584100	-0.207500	-0.857400	-0.622300	0.690200	1.341100
1627306498.105429	0.586300	-0.245400	-0.868500	-0.641200	0.768400	1.320100
1627306498.108972	0.594500	-0.270900	-0.858400	-0.707500	0.820900	1.285900
1627306498.131552	0.600100	-0.290600	-0.815800	-0.750900	0.861300	1.242500
1627306498.133645	0.626600	-0.323200	-0.784700	-0.761500	0.887800	1.188100
1627306498.136091	0.653100	-0.348900	-0.780000	-0.821700	0.886000	1.133800
1627306498.150257	0.676600	-0.352200	-0.785400	-0.923700	0.867400	1.086100
1627306498.169137	0.690800	-0.353100	-0.796100	-0.940500	0.843200	1.028100
1627306498.170025	0.698500	-0.348800	-0.801100	-0.996700	0.816100	0.983800
1627306498.176170	0.699200	-0.323200	-0.791100	-1.082900	0.789800	0.959700
1627306498.186551	0.689300	-0.287400	-0.766200	-1.048300	0.765700	0.948000
1627306498.212066	0.668700	-0.264200	-0.741600	-0.975000	0.746100	0.957500
1627306498.213059	0.660200	-0.246300	-0.713500	-0.905400	0.727200	0.978900
1627306498.216145	0.640500	-0.238900	-0.686400	-0.759700	0.708200	1.010400
1627306498.226156	0.648400	-0.248200	-0.661300	-0.591400	0.683500	1.040300
1627306498.232968	0.666400	-0.264000	-0.649200	-0.497000	0.645900	1.069600
1627306498.256115	0.675700	-0.282000	-0.665400	-0.411200	0.605600	1.100800
1627306498.257577	0.680300	-0.298800	-0.695300	-0.344300	0.577800	1.125800
1627306498.272856	0.679200	-0.310500	-0.691800	-0.328400	0.554900	1.140500
1627306498.273777	0.683600	-0.328700	-0.688500	-0.282600	0.526800	1.152700
1627306498.296809	0.677200	-0.354200	-0.686500	-0.245400	0.502100	1.160600
1627306498.297785	0.665600	-0.375400	-0.675300	-0.229200	0.489500	1.162500
1627306498.308404	0.662500	-0.419600	-0.663300	-0.111900	0.490500	1.147800
1627306498.327204	0.633700	-0.439900	-0.649200	-0.144600	0.459600	1.093700
1627306498.340543	0.646500	-0.426100	-0.654400	-0.209900	0.437600	1.067500
1627306498.341451	0.654700	-0.441700	-0.644400	-0.000700	0.445900	1.030200
1627306498.346858	0.659700	-0.478400	-0.646600	-0.003800	0.441600	0.985900
1627306498.369877	0.638500	-0.462300	-0.668800	-0.190400	0.426600	0.952600
1627306498.375591	0.632600	-0.452000	-0.694500	-0.117100	0.457500	0.915700
1627306498.376510	0.623400	-0.489400	-0.689300	-0.039500	0.507600	0.868300
1627306498.386139	0.635300	-0.510500	-0.654100	-0.190100	0.542700	0.832000
1627306498.388275	0.616300	-0.521700	-0.635100	-0.197400	0.574500	0.778500
1627306498.415536	0.629400	-0.533600	-0.614400	-0.199200	0.595200	0.690300
1627306498.416435	0.572800	-0.510400	-0.606800	-0.334900	0.591900	0.628900
1627306498.426224	0.606900	-0.435800	-0.601700	-0.415200	0.620600	0.590400
1627306498.430969	0.604900	-0.432400	-0.582800	-0.144000	0.632800	0.549800
1627306498.455725	0.590800	-0.459700	-0.593500	-0.171800	0.642600	0.518000
1627306498.456617	0.590300	-0.441300	-0.599000	-0.374000	0.662700	0.504300
1627306498.467433	0.618700	-0.436600	-0.596700	-0.141500	0.702700	0.474000
1627306498.470822	0.639400	-0.465500	-0.570300	-0.102400	0.729000	0.462400
1627306498.495546	0.641100	-0.461400	-0.551500	-0.236800	0.713400	0.449600
1627306498.496441	0.640700	-0.430100	-0.516600	-0.174200	0.693600	0.435800
1627306498.507283	0.642800	-0.434700	-0.483900	0.007200	0.667900	0.427600
1627306498.514579	0.651600	-0.444000	-0.455600	0.000200	0.621500	0.425100
1627306498.535813	0.663500	-0.450300	-0.440400	0.055500	0.556100	0.416900
1627306498.536703	0.676900	-0.480600	-0.441300	0.204500	0.500800	0.397400
1627306498.547491	0.688700	-0.513100	-0.446800	0.172200	0.438500	0.372000
1627306498.555840	0.692900	-0.522000	-0.445300	0.086300	0.361300	0.333500
1627306498.566267	0.705000	-0.528400	-0.438200	0.141300	0.287300	0.290100
1627306498.581814	0.707300	-0.541100	-0.430200	0.136700	0.210100	0.253500
1627306498.585288	0.713100	-0.543300	-0.426800	0.093700	0.127000	0.213200
1627306498.607693	0.710200	-0.547100	-0.426000	0.163000	0.059800	0.171000
1627306498.609894	0.710600	-0.551100	-0.430100	0.189900	0.007600	0.137100
1627306498.630332	0.708500	-0.549000	-0.445300	0.170300	-0.043100	0.108100
1627306498.638007	0.713900	-0.545700	-0.460000	0.224700	-0.074300	0.077900
1627306498.638900	0.723100	-0.555500	-0.470700	0.243600	-0.097800	0.054000
1627306498.644735	0.731800	-0.564100	-0.482800	0.204200	-0.122200	0.032400
1627306498.665345	0.731800	-0.566500	-0.488600	0.193500	-0.142400	0.002700
1627306498.666039	0.730700	-0.563400	-0.482400	0.159000	-0.160400	-0.021100
1627306498.669632	0.737400	-0.552000	-0.473900	0.138300	-0.186400	-0.046400
1627306498.693498	0.737900	-0.547400	-0.469000	0.198100	-0.215400	-0.076400
1627306498.705513	0.733600	-0.548100	-0.466100	0.219800	-0.239800	-0.100800
1627306498.706404	0.732900	-0.545700	-0.469400	0.230200	-0.258500	-0.126500
1627306498.708411	0.727400	-0.538700	-0.476900	0.251000	-0.273400	-0.160100
1627306498.732331	0.721600	-0.528000	-0.491800	0.225300	-0.281700	-0.183600
1627306498.745835	0.728600	-0.521000	-0.505900	0.224100	-0.285600	-0.205300
1627306498.746718	0.729500	-0.522300	-0.516400	0.217400	-0.280500	-0.232800
1627306498.753479	0.721100	-0.515000	-0.512800	0.160600	-0.277700	-0.251100
1627306498.767488	0.709800	-0.503400	-0.506600	0.140100	-0.268500	-0.268500
1627306498.774959	0.702600	-0.487100	-0.492100	0.175800	-0.257200	-0.283100
1627306498.784084	0.694100	-0.477300	-0.479500	0.190500	-0.253300	-0.293800
1627306498.805398	0.683100	-0.467000	-0.470300	0.233900	-0.251400	-0.300900
1627306498.806207	0.676300	-0.467800	-0.467800	0.306600	-0.253600	-0.315800
1627306498.821211	0.672700	-0.473800	-0.473300	0.324300	-0.262100	-0.334500
1627306498.822979	0.676900	-0.473900	-0.491700	0.325800	-0.272800	-0.358900
1627306498.846642	0.681800	-0.476400	-0.521200	0.343200	-0.279500	-0.394300
1627306498.847739	0.684100	-0.480500	-0.536900	0.322700	-0.283800	-0.427900
1627306498.857345	0.681800	-0.474900	-0.538900	0.255500	-0.289300	-0.463000
1627306498.866603	0.692100	-0.459100	-0.539400	0.221600	-0.305500	-0.498800
1627306498.887717	0.700300	-0.449700	-0.544700	0.229300	-0.326600	-0.527500
1627306498.888888	0.708000	-0.437400	-0.540200	0.204800	-0.356800	-0.547300
1627306498.896179	0.707400	-0.411400	-0.539200	0.189900	-0.397400	-0.559300
1627306498.904032	0.715300	-0.389500	-0.551900	0.248200	-0.436800	-0.562900
1627306498.925595	0.703100	-0.377700	-0.556300	0.284600	-0.471000	-0.562300
1627306498.926486	0.704700	-0.357300	-0.553500	0.316000	-0.509200	-0.555900
1627306498.936138	0.709400	-0.341800	-0.562100	0.388100	-0.550100	-0.545500
1627306498.946937	0.704800	-0.338400	-0.574100	0.447400	-0.578900	-0.527500
1627306498.961081	0.696000	-0.330900	-0.600000	0.461700	-0.603000	-0.501800
1627306498.976364	0.694700	-0.330000	-0.632300	0.516100	-0.607600	-0.472500
1627306498.979052	0.688700	-0.338100	-0.659400	0.566500	-0.586800	-0.436500
1627306498.995605	0.683700	-0.351100	-0.688000	0.567100	-0.543400	-0.396200
1627306498.996509	0.685200	-0.358600	-0.704000	0.596700	-0.489400	-0.363200
1627306499.007099	0.678700	-0.363400	-0.699000	0.633100	-0.434700	-0.343600
1627306499.027156	0.684400	-0.368700	-0.683100	0.637000	-0.380900	-0.313400
1627306499.038181	0.685300	-0.371500	-0.661000	0.661500	-0.335400	-0.278300
1627306499.039070	0.686900	-0.380200	-0.634400	0.699600	-0.306400	-0.255000
1627306499.048319	0.683100	-0.393800	-0.601300	0.712200	-0.297600	-0.236100
1627306499.073470	0.683800	-0.421800	-0.571200	0.788500	-0.311600	-0.241900
1627306499.074367	0.684700	-0.456200	-0.564900	0.836800	-0.337300	-0.262400
1627306499.075189	0.683100	-0.490000	-0.573400	0.847200	-0.366300	-0.306100
1627306499.086248	0.686800	-0.520800	-0.585400	0.886300	-0.393200	-0.376900
1627306499.092916	0.692300	-0.544300	-0.591200	0.880500	-0.416700	-0.450200
1627306499.116635	0.694000	-0.554200	-0.591300	0.850200	-0.437400	-0.531800
1627306499.117453	0.704500	-0.555200	-0.588900	0.814800	-0.466200	-0.633500
1627306499.123317	0.707400	-0.548000	-0.581800	0.785200	-0.492700	-0.712600
1627306499.145265	0.709400	-0.536900	-0.578100	0.751600	-0.516900	-0.788900
1627306499.146255	0.719100	-0.518100	-0.573200	0.681300	-0.545000	-0.873600
1627306499.157460	0.710400	-0.496100	-0.582200	0.644700	-0.566900	-0.935600
1627306499.166502	0.710600	-0.472200	-0.615400	0.560100	-0.581600	-0.984700
1627306499.167401	0.718100	-0.448500	-0.647000	0.495300	-0.579500	-1.029600
1627306499.191538	0.719200	-0.439000	-0.652300	0.443400	-0.564200	-1.058900
1627306499.194903	0.717300	-0.420300	-0.653600	0.346600	-0.551700	-1.079400
1627306499.203644	0.719600	-0.381700	-0.648200	0.286400	-0.533700	-1.096200
1627306499.211636	0.715900	-0.356200	-0.651200	0.336200	-0.512600	-1.104200
1627306499.233548	0.721800	-0.337200	-0.650600	0.349300	-0.496400	-1.101100
1627306499.234837	0.733200	-0.304200	-0.647800	0.361500	-0.490900	-1.088900
1627306499.250023	0.733900	-0.277800	-0.647000	0.427800	-0.490300	-1.067800
1627306499.251519	0.736000	-0.260400	-0.649000	0.491900	-0.492100	-1.036300
1627306499.273099	0.738800	-0.251000	-0.656000	0.550600	-0.494900	-0.993300
1627306499.273991	0.740800	-0.251100	-0.662800	0.618400	-0.497000	-0.946200
1627306499.284646	0.746100	-0.265000	-0.674300	0.670300	-0.499800	-0.905000
1627306499.302260	0.750600	-0.279900	-0.680800	0.702700	-0.504000	-0.865300
1627306499.304886	0.747100	-0.293700	-0.687300	0.718300	-0.511400	-0.831100
1627306499.315440	0.742700	-0.304000	-0.688800	0.733200	-0.517500	-0.805700
1627306499.333061	0.735100	-0.314700	-0.687000	0.766500	-0.522700	-0.782500
1627306499.333957	0.725000	-0.325200	-0.681800	0.803500	-0.532100	-0.766300
1627306499.344809	0.720200	-0.336100	-0.681400	0.840100	-0.544300	-0.757200
1627306499.366166	0.712400	-0.353000	-0.687900	0.896600	-0.553800	-0.754700
1627306499.374577	0.704500	-0.370200	-0.700300	0.936400	-0.558100	-0.760500
1627306499.375471	0.700000	-0.386800	-0.716200	0.949200	-0.553500	-0.771800
1627306499.384669	0.695900	-0.397100	-0.726000	0.957400	-0.540400	-0.788900
1627306499.408690	0.692100	-0.408300	-0.731800	0.952200	-0.522400	-0.811500
1627306499.412935	0.685200	-0.403800	-0.718600	0.933000	-0.506200	-0.837200
1627306499.413831	0.677600	-0.395100	-0.697300	0.922000	-0.501900	-0.862900
1627306499.426131	0.674200	-0.386700	-0.683100	0.951900	-0.502200	-0.891600
1627306499.437306	0.674900	-0.383100	-0.687300	0.955000	-0.511100	-0.914800
1627306499.453544	0.673500	-0.376300	-0.685200	0.937300	-0.519300	-0.937100
1627306499.454434	0.680700	-0.374400	-0.692700	0.942500	-0.531200	-0.967600
1627306499.463757	0.688600	-0.376200	-0.700300	0.898800	-0.546200	-0.993600
1627306499.474708	0.690100	-0.369000	-0.700300	0.828500	-0.559000	-1.018600
1627306499.498059	0.700000	-0.345100	-0.698200	0.788500	-0.581600	-1.049800
1627306499.498952	0.687500	-0.326800	-0.698500	0.748200	-0.602100	-1.067200
1627306499.506252	0.672400	-0.311500	-0.714200	0.735100	-0.610900	-1.077600
1627306499.516214	0.665300	-0.296800	-0.719800	0.747000	-0.603000	-1.087400
1627306499.520479	0.659500	-0.283600	-0.715100	0.737800	-0.588600	-1.088900
1627306499.542356	0.665000	-0.269700	-0.718600	0.762300	-0.570600	-1.087700
1627306499.545084	0.658700	-0.259400	-0.719200	0.814200	-0.541300	-1.080600
1627306499.556106	0.652700	-0.248500	-0.715300	0.842000	-0.519300	-1.073900
1627306499.562888	0.654300	-0.237300	-0.711200	0.876200	-0.498200	-1.062900
1627306499.582390	0.663200	-0.232900	-0.713300	0.951000	-0.472600	-1.051000
1627306499.583424	0.664300	-0.240500	-0.724600	0.985800	-0.453600	-1.040000
1627306499.598497	0.660000	-0.245100	-0.739100	0.971500	-0.435600	-1.032100
1627306499.604076	0.643900	-0.231400	-0.742400	0.954700	-0.406000	-1.020800
1627306499.627839	0.648300	-0.221700	-0.737500	1.001100	-0.374500	-1.004000
1627306499.628781	0.661000	-0.217700	-0.742300	1.035600	-0.342500	-0.980500
1627306499.646700	0.666600	-0.215700	-0.747800	1.028000	-0.312500	-0.947800
1627306499.657004	0.660600	-0.214500	-0.746500	1.058500	-0.285600	-0.918800
1627306499.657906	0.672200	-0.227900	-0.748400	1.086600	-0.258500	-0.898000
1627306499.667463	0.687500	-0.241000	-0.745200	1.065200	-0.243200	-0.878700
1627306499.675011	0.695100	-0.251800	-0.735800	1.053600	-0.234300	-0.867700
1627306499.676515	0.705800	-0.263200	-0.732700	1.065600	-0.230700	-0.865000
1627306499.699908	0.706800	-0.265000	-0.724500	1.041100	-0.232500	-0.864700
1627306499.703627	0.705800	-0.260500	-0.713700	1.017900	-0.239200	-0.861600
1627306499.718532	0.708400	-0.261700	-0.701300	1.067400	-0.246900	-0.858900
1627306499.721728	0.706900	-0.275600	-0.684000	1.088800	-0.260600	-0.856400
1627306499.745354	0.710000	-0.288900	-0.661600	1.064300	-0.282000	-0.856100
1627306499.746462	0.711700	-0.299900	-0.644800	1.075900	-0.304000	-0.863200
1627306499.764042	0.718600	-0.311900	-0.628400	1.061600	-0.337300	-0.873900
1627306499.775524	0.725200	-0.314200	-0.620600	0.998700	-0.386100	-0.886400
1627306499.776420	0.728100	-0.313400	-0.611900	0.976100	-0.431000	-0.900400
1627306499.785021	0.726400	-0.319900	-0.612100	0.939100	-0.486600	-0.917500
1627306499.792143	0.721300	-0.316400	-0.609300	0.863400	-0.550500	-0.940100
1627306499.815789	0.719500	-0.310500	-0.611200	0.834900	-0.604500	-0.964900
1627306499.816676	0.727800	-0.304600	-0.621000	0.815400	-0.654900	-0.989600
1627306499.822226	0.733200	-0.287800	-0.648900	0.778800	-0.708400	-1.015000
1627306499.843963	0.733200	-0.275400	-0.683600	0.765900	-0.738900	-1.034200
1627306499.844958	0.730600	-0.265300	-0.721600	0.743000	-0.756000	-1.048000
1627306499.852379	0.725700	-0.248800	-0.759800	0.692300	-0.756000	-1.060200
1627306499.864101	0.722800	-0.231900	-0.786900	0.653500	-0.745000	-1.063800
1627306499.865358	0.720900	-0.216800	-0.806200	0.625400	-0.724200	-1.062000
1627306499.888969	0.721100	-0.194100	-0.819000	0.604300	-0.693700	-1.049200
1627306499.892394	0.724700	-0.176600	-0.822100	0.606800	-0.671100	-1.029900
1627306499.907409	0.713500	-0.159200	-0.814500	0.620200	-0.656400	-1.002700
1627306499.909074	0.710000	-0.143200	-0.814500	0.682800	-0.628000	-0.967300
1627306499.933950	0.704200	-0.132300	-0.825600	0.753100	-0.602700	-0.926700
1627306499.934779	0.687700	-0.119800	-0.833500	0.811400	-0.576700	-0.888800
1627306499.947473	0.686900	-0.117100	-0.851600	0.925100	-0.533000	-0.835400
1627306499.954130	0.686600	-0.130100	-0.874000	1.026200	-0.481100	-0.789300
1627306499.978040	0.689900	-0.154100	-0.903000	1.061000	-0.417300	-0.748300
1627306499.982732	0.688100	-0.175200	-0.913900	1.062200	-0.336600	-0.712900
1627306499.998026	0.694700	-0.193200	-0.921400	1.066800	-0.244700	-0.683300
1627306499.998920	0.702900	-0.206400	-0.915800	1.055200	-0.165300	-0.668600
1627306500.002742	0.706900	-0.208600	-0.883700	1.021900	-0.091400	-0.656100
1627306500.011716	0.716300	-0.206300	-0.854400	1.044500	-0.023000	-0.641100
1627306500.034072	0.732700	-0.217200	-0.840000	1.095500	0.030500	-0.628600
1627306500.034542	0.739400	-0.232100	-0.825200	1.099500	0.080300	-0.614500
1627306500.044615	0.752200	-0.242600	-0.806300	1.098200	0.120900	-0.610300
1627306500.054230	0.757700	-0.247100	-0.778700	1.118100	0.137100	-0.613900
1627306500.064712	0.774700	-0.251000	-0.754800	1.120800	0.137100	-0.622500
1627306500.080552	0.780900	-0.253500	-0.735600	1.139500	0.122100	-0.638400
1627306500.083743	0.783200	-0.249500	-0.726800	1.146800	0.108100	-0.648400
1627306500.084207	0.790400	-0.245200	-0.726300	1.138200	0.088200	-0.653600
1627306500.107008	0.786000	-0.234500	-0.716300	1.109800	0.067700	-0.655800
1627306500.117001	0.774800	-0.217800	-0.707800	1.073200	0.055200	-0.646900
1627306500.129329	0.768600	-0.206900	-0.699300	1.079600	0.051200	-0.630400
1627306500.152153	0.766000	-0.193400	-0.692400	1.085400	0.053100	-0.608700
1627306500.153700	0.767100	-0.186300	-0.688400	1.084800	0.054300	-0.581600
1627306500.154692	0.771000	-0.184800	-0.693000	1.120800	0.059500	-0.551600
1627306500.170481	0.770900	-0.197500	-0.705300	1.135800	0.074500	-0.511900
1627306500.174997	0.763800	-0.203600	-0.723400	1.108900	0.098000	-0.482600
1627306500.192030	0.759200	-0.207500	-0.732200	1.098500	0.136500	-0.456600
1627306500.193698	0.752100	-0.216200	-0.728800	1.085700	0.193000	-0.429100
1627306500.204534	0.747900	-0.216100	-0.717700	1.049700	0.240600	-0.404700
1627306500.213896	0.741800	-0.206800	-0.696500	1.027700	0.287000	-0.379100
1627306500.236919	0.744300	-0.198500	-0.671600	1.039300	0.340200	-0.343000
1627306500.238206	0.748000	-0.192900	-0.646400	1.045100	0.371300	-0.311600
1627306500.251543	0.756100	-0.187300	-0.620800	1.071400	0.396400	-0.272500
1627306500.252148	0.756600	-0.188500	-0.592500	1.102800	0.412600	-0.224800
1627306500.257846	0.765900	-0.196400	-0.582300	1.115300	0.429100	-0.178700
1627306500.281935	0.766500	-0.212300	-0.571300	1.132400	0.448300	-0.138400
1627306500.284546	0.760500	-0.228500	-0.549700	1.072300	0.459900	-0.094100
1627306500.300265	0.759600	-0.234500	-0.529500	1.003200	0.464500	-0.056500
1627306500.300753	0.766500	-0.245800	-0.516100	0.984000	0.470900	-0.027200
1627306500.304161	0.783400	-0.261500	-0.502100	0.895100	0.464500	0.001200
1627306500.332134	0.785800	-0.265900	-0.491600	0.794600	0.449800	0.021700
1627306500.333205	0.783600	-0.274300	-0.482200	0.755800	0.432400	0.030800
1627306500.339154	0.788600	-0.293500	-0.473800	0.697500	0.403100	0.027200
1627306500.352129	0.802000	-0.307700	-0.460800	0.609800	0.374400	0.010100
1627306500.367193	0.803000	-0.313000	-0.446400	0.557900	0.350000	-0.012800
1627306500.372512	0.804000	-0.313100	-0.441400	0.502600	0.323100	-0.044000
1627306500.391948	0.815700	-0.311600	-0.457600	0.443100	0.306300	-0.071800
1627306500.393225	0.829200	-0.312600	-0.486100	0.386300	0.303500	-0.092300
1627306500.400756	0.815900	-0.307000	-0.488900	0.244500	0.313000	-0.108100
1627306500.411415	0.821700	-0.293000	-0.470800	0.141900	0.321300	-0.120700
1627306500.433343	0.822800	-0.283700	-0.444200	0.088500	0.323400	-0.131700
1627306500.434449	0.827400	-0.280200	-0.427900	0.020400	0.314200	-0.138100
1627306500.444698	0.817000	-0.259800	-0.416000	-0.082900	0.295000	-0.139300
1627306500.455115	0.821900	-0.240600	-0.425200	-0.112500	0.285800	-0.130400
1627306500.470244	0.808600	-0.222200	-0.430100	-0.136300	0.284900	-0.109400
1627306500.470821	0.805300	-0.202000	-0.434400	-0.184000	0.289500	-0.075100
1627306500.480789	0.803800	-0.186800	-0.431000	-0.191600	0.295900	-0.039400
1627306500.482997	0.800300	-0.181400	-0.411100	-0.174800	0.302300	0.007300
1627306500.510511	0.799100	-0.176000	-0.377600	-0.149800	0.295000	0.062300
1627306500.511129	0.792800	-0.175000	-0.348100	-0.104900	0.273600	0.107800
1627306500.520706	0.792800	-0.182500	-0.328600	-0.007700	0.246100	0.153000
1627306500.528655	0.788800	-0.208000	-0.333300	0.065300	0.212800	0.206500
1627306500.550384	0.785000	-0.231600	-0.349700	0.092100	0.191100	0.244300
1627306500.550826	0.782800	-0.259000	-0.372600	0.108300	0.178900	0.275200
1627306500.562155	0.782800	-0.304300	-0.403300	0.058500	0.173100	0.300500
1627306500.569255	0.782100	-0.335400	-0.414200	-0.020900	0.179200	0.309100
1627306500.593078	0.774900	-0.361000	-0.403200	-0.094200	0.186600	0.306000
1627306500.593531	0.781100	-0.384300	-0.392900	-0.192800	0.182300	0.290500
1627306500.600712	0.771100	-0.393400	-0.380500	-0.274400	0.173700	0.268200
1627306500.613041	0.771600	-0.390000	-0.350700	-0.321700	0.150200	0.241900
1627306500.634028	0.786500	-0.391500	-0.335200	-0.319900	0.088800	0.211300
1627306500.634483	0.801800	-0.393200	-0.367600	-0.357500	0.015200	0.185400
1627306500.644602	0.785800	-0.378400	-0.370200	-0.444500	-0.045300	0.164000
1627306500.654337	0.803800	-0.367200	-0.386400	-0.417000	-0.124400	0.142900
1627306500.672426	0.811600	-0.374400	-0.428300	-0.447900	-0.196200	0.125200
1627306500.685001	0.818400	-0.370000	-0.490500	-0.574600	-0.260300	0.106900
1627306500.685490	0.821500	-0.356600	-0.564600	-0.670500	-0.304900	0.084000
1627306500.700264	0.817100	-0.343900	-0.618900	-0.781700	-0.319500	0.066300
1627306500.700730	0.820300	-0.315400	-0.658200	-0.943300	-0.306700	0.063500
1627306500.710656	0.807900	-0.272700	-0.674300	-1.038900	-0.265500	0.077900
1627306500.712918	0.794700	-0.243300	-0.663200	-1.034300	-0.211400	0.108700
1627306500.739465	0.780800	-0.231800	-0.647300	-1.023900	-0.164700	0.150600
1627306500.742169	0.786600	-0.235700	-0.644200	-0.920700	-0.095100	0.197900
1627306500.751979	0.790900	-0.242200	-0.634800	-0.809200	-0.019000	0.241600
1627306500.760109	0.780200	-0.241900	-0.615000	-0.748400	0.050000	0.285300
1627306500.782004	0.775100	-0.248200	-0.614700	-0.592900	0.137700	0.328600
1627306500.783665	0.780300	-0.270400	-0.626500	-0.445400	0.245200	0.368600
1627306500.790751	0.781000	-0.285200	-0.613600	-0.426200	0.338100	0.395800
1627306500.803790	0.779900	-0.295300	-0.584500	-0.363600	0.433700	0.418100
1627306500.824016	0.788700	-0.319800	-0.547500	-0.283200	0.530500	0.432200
1627306500.824481	0.796900	-0.344500	-0.512600	-0.274700	0.594300	0.432800
1627306500.834494	0.809100	-0.368700	-0.476800	-0.271300	0.645600	0.419000
1627306500.841668	0.819800	-0.391500	-0.451500	-0.296400	0.682300	0.389100
1627306500.865517	0.833900	-0.397900	-0.434700	-0.384000	0.694500	0.356700
1627306500.865996	0.843900	-0.400600	-0.425200	-0.454000	0.686200	0.322800
1627306500.873236	0.849400	-0.404700	-0.401500	-0.574600	0.660000	0.277900
1627306500.881770	0.856700	-0.404400	-0.384000	-0.698000	0.614800	0.241300
1627306500.905276	0.856700	-0.391800	-0.356400	-0.844000	0.551200	0.206500
1627306500.905775	0.854500	-0.366300	-0.327000	-0.947600	0.449200	0.167100
1627306500.909370	0.853600	-0.351700	-0.309700	-1.014800	0.351800	0.138000
1627306500.924452	0.858900	-0.340100	-0.309000	-1.081900	0.244000	0.115100
1627306500.926465	0.865600	-0.329700	-0.318600	-1.145500	0.104400	0.086400
1627306500.949658	0.869600	-0.316900	-0.335300	-1.206900	-0.005600	0.070500
1627306500.950865	0.867100	-0.300000	-0.361000	-1.273100	-0.108500	0.058000
1627306500.959586	0.870200	-0.272900	-0.381100	-1.317700	-0.215400	0.054700
1627306500.970249	0.864000	-0.246100	-0.397600	-1.344300	-0.302100	0.065700
1627306500.970868	0.853600	-0.215000	-0.417200	-1.371200	-0.372100	0.088300
1627306500.994435	0.842300	-0.186400	-0.446200	-1.323200	-0.436200	0.126400
1627306501.015309	0.834200	-0.175200	-0.469700	-1.256000	-0.475900	0.168900
1627306501.025855	0.827100	-0.174600	-0.498500	-1.211800	-0.506200	0.215000
1627306501.028959	0.819000	-0.181500	-0.534500	-1.145500	-0.517200	0.272100
1627306501.029558	0.807900	-0.195900	-0.575000	-1.067600	-0.505200	0.318200
1627306501.040930	0.796800	-0.206900	-0.611700	-1.051100	-0.476800	0.357600
1627306501.044258	0.787700	-0.213600	-0.648400	-1.026400	-0.426100	0.397000
1627306501.060806	0.782000	-0.217200	-0.664800	-0.992100	-0.360800	0.435500
1627306501.072533	0.783400	-0.219500	-0.662500	-0.979600	-0.305200	0.469400
1627306501.073018	0.786100	-0.228300	-0.663300	-0.937500	-0.249000	0.505500
1627306501.098381	0.790200	-0.248500	-0.665200	-0.882200	-0.198300	0.535400
1627306501.099751	0.789700	-0.263400	-0.653900	-0.877900	-0.165900	0.547000
1627306501.109491	0.794200	-0.280900	-0.653600	-0.884300	-0.141500	0.551000
1627306501.118915	0.785600	-0.294400	-0.655000	-0.864200	-0.121900	0.542100
1627306501.142009	0.781700	-0.296600	-0.653600	-0.926200	-0.113700	0.531100
1627306501.143488	0.783200	-0.281600	-0.640700	-0.941800	-0.113100	0.512500
1627306501.149498	0.784200	-0.264800	-0.624100	-0.945700	-0.127100	0.499400
1627306501.161272	0.789600	-0.253200	-0.612100	-0.922500	-0.152500	0.493900
1627306501.161722	0.786400	-0.247700	-0.605700	-0.897500	-0.183300	0.490800
1627306501.188182	0.781100	-0.242700	-0.613300	-0.882800	-0.223000	0.491700
1627306501.189500	0.770100	-0.245100	-0.630500	-0.881900	-0.247500	0.492300
1627306501.205276	0.767800	-0.249500	-0.647500	-0.886500	-0.267000	0.492600
1627306501.207670	0.766000	-0.250100	-0.658400	-0.923700	-0.289000	0.493300
1627306501.225918	0.762100	-0.243900	-0.669700	-0.974400	-0.307000	0.496300
1627306501.229369	0.756300	-0.237400	-0.681400	-0.991800	-0.322600	0.498800
1627306501.240931	0.744000	-0.230700	-0.705000	-1.014800	-0.335700	0.506400
1627306501.248826	0.739500	-0.226700	-0.732300	-1.045300	-0.333900	0.514600
1627306501.269067	0.728600	-0.214100	-0.748200	-1.060300	-0.327800	0.520100
1627306501.269559	0.715900	-0.205000	-0.764800	-1.051700	-0.309200	0.533600
1627306501.276597	0.716400	-0.205800	-0.785500	-0.994300	-0.283200	0.540300
1627306501.299496	0.707200	-0.209600	-0.797500	-0.989400	-0.247800	0.549800
1627306501.310335	0.708000	-0.198900	-0.830300	-0.971700	-0.191000	0.561100
1627306501.311168	0.700800	-0.185800	-0.841300	-0.943600	-0.130500	0.574500
1627306501.315751	0.702400	-0.171500	-0.845300	-0.893500	-0.063300	0.596800
1627306501.336091	0.701000	-0.163000	-0.837200	-0.822300	0.015500	0.630400
1627306501.349230	0.701000	-0.152500	-0.826000	-0.788700	0.082700	0.669800
1627306501.352518	0.699100	-0.148300	-0.807000	-0.719400	0.137700	0.707100
1627306501.352988	0.705000	-0.157100	-0.784400	-0.639400	0.184700	0.748300
1627306501.379008	0.706700	-0.170400	-0.767700	-0.626500	0.211000	0.785600
1627306501.379538	0.711100	-0.176900	-0.752200	-0.608500	0.223800	0.813000
1627306501.380566	0.717000	-0.187300	-0.737400	-0.595700	0.229900	0.839600
1627306501.404480	0.722200	-0.195700	-0.733200	-0.599700	0.229900	0.859200
1627306501.420173	0.716700	-0.200300	-0.729600	-0.639100	0.224400	0.873200
1627306501.423970	0.720900	-0.203400	-0.728000	-0.658000	0.215300	0.883600
1627306501.440861	0.721700	-0.207300	-0.719700	-0.669900	0.202400	0.891900
1627306501.442122	0.716300	-0.210800	-0.713300	-0.695300	0.185300	0.896700
1627306501.448251	0.715200	-0.213600	-0.710800	-0.702300	0.161800	0.897000
1627306501.458897	0.720200	-0.220700	-0.718600	-0.691000	0.142000	0.894300
1627306501.459368	0.720500	-0.228900	-0.734000	-0.701100	0.128500	0.891200
1627306501.483312	0.715800	-0.226900	-0.753400	-0.737400	0.124600	0.889100
1627306501.488247	0.712300	-0.224200	-0.766400	-0.755700	0.131000	0.889100
1627306501.503246	0.709000	-0.222700	-0.773900	-0.759100	0.142900	0.890300
1627306501.505129	0.701200	-0.220100	-0.778100	-0.790600	0.156900	0.893400
1627306501.529509	0.694800	-0.209000	-0.782800	-0.808900	0.173700	0.898600
1627306501.531032	0.700000	-0.205900	-0.787000	-0.782300	0.189000	0.905900
1627306501.543425	0.700100	-0.206700	-0.794600	-0.768000	0.204900	0.916900
1627306501.550073	0.695200	-0.203000	-0.806000	-0.777100	0.226000	0.930000
1627306501.567826	0.692100	-0.202000	-0.815900	-0.759400	0.251300	0.941900
1627306501.568313	0.692100	-0.202000	-0.815900	-0.759400	0.251300	0.941900
1627306501.578022	0.694600	-0.199100	-0.817000	-0.748100	0.281200	0.955700
1627306501.602032	0.692100	-0.195800	-0.821800	-0.756700	0.316400	0.974600
1627306501.610528	0.691000	-0.194800	-0.821500	-0.754800	0.346000	0.992900
1627306501.611713	0.688700	-0.191200	-0.816700	-0.755700	0.373500	1.012800
1627306501.619476	0.688500	-0.189700	-0.808000	-0.763100	0.399400	1.039400
1627306501.621857	0.690200	-0.194900	-0.803000	-0.750600	0.415900	1.059500
1627306501.647245	0.693500	-0.201900	-0.795200	-0.741100	0.424800	1.076900
1627306501.648376	0.693000	-0.211900	-0.786500	-0.735900	0.433700	1.093400
1627306501.660844	0.691200	-0.221600	-0.784700	-0.714500	0.441300	1.103800
1627306501.668869	0.686400	-0.226700	-0.783100	-0.712700	0.451700	1.110500
1627306501.689528	0.685700	-0.228600	-0.778200	-0.725200	0.459900	1.120600
1627306501.690866	0.683500	-0.229200	-0.774800	-0.705300	0.467200	1.129800
1627306501.698050	0.678800	-0.237100	-0.774800	-0.694400	0.473400	1.137400
1627306501.720283	0.677700	-0.245600	-0.772300	-0.696500	0.481300	1.147800
1627306501.720756	0.681500	-0.260700	-0.771200	-0.669600	0.491100	1.153000
1627306501.731084	0.679700	-0.276700	-0.770300	-0.672700	0.501200	1.157300
1627306501.739252	0.676600	-0.283100	-0.770600	-0.698000	0.514600	1.161200
1627306501.764567	0.671900	-0.288000	-0.775000	-0.699200	0.529900	1.165200
1627306501.765128	0.669100	-0.298800	-0.779500	-0.690700	0.547600	1.167000
1627306501.768235	0.660400	-0.312300	-0.777800	-0.717300	0.568300	1.167700
1627306501.778192	0.653100	-0.315600	-0.773100	-0.754500	0.585500	1.164900
1627306501.782488	0.652100	-0.317100	-0.767800	-0.764600	0.601600	1.159400
1627306501.805823	0.652300	-0.316200	-0.753200	-0.767300	0.615400	1.155400
1627306501.808201	0.656000	-0.313400	-0.734700	-0.767000	0.617500	1.151800
1627306501.818184	0.658800	-0.313200	-0.727200	-0.759400	0.610800	1.153300
1627306501.836520	0.662200	-0.319600	-0.717200	-0.738300	0.598000	1.151200
1627306501.844636	0.665400	-0.325800	-0.698100	-0.731000	0.573500	1.148400
1627306501.848390	0.666700	-0.329500	-0.678500	-0.744400	0.542100	1.147500
1627306501.862489	0.656200	-0.326400	-0.660200	-0.765500	0.500200	1.146000
1627306501.877786	0.648200	-0.319500	-0.652000	-0.782300	0.449500	1.145700
1627306501.878244	0.644900	-0.326300	-0.643400	-0.764600	0.404900	1.144400
1627306501.889478	0.665000	-0.340000	-0.631700	-0.734100	0.356700	1.126100
1627306501.895425	0.680500	-0.316900	-0.614600	-0.915800	0.303800	1.134100
1627306501.917744	0.667800	-0.281000	-0.597700	-0.903300	0.249500	1.137100
1627306501.918477	0.650300	-0.272500	-0.590700	-0.823200	0.205500	1.153300
1627306501.933250	0.653700	-0.269500	-0.600300	-0.854400	0.149300	1.181400
1627306501.937920	0.657300	-0.269900	-0.608200	-0.812200	0.119700	1.195800
1627306501.960592	0.649200	-0.277000	-0.625400	-0.737700	0.097700	1.205800
1627306501.967824	0.648100	-0.264300	-0.696200	-0.804000	0.096800	1.241000
1627306501.968326	0.628700	-0.251600	-0.741000	-0.767700	0.136500	1.279700
1627306501.977904	0.598600	-0.262000	-0.773700	-0.680300	0.193000	1.319800
1627306502.002179	0.565400	-0.296900	-0.799600	-0.747200	0.278200	1.376000
1627306502.017436	0.541600	-0.322000	-0.797000	-0.726100	0.355200	1.402500
1627306502.018938	0.523300	-0.366900	-0.788300	-0.637800	0.435800	1.412000
1627306502.030469	0.502000	-0.421100	-0.775800	-0.624100	0.517300	1.403400
1627306502.031418	0.496600	-0.448100	-0.776200	-0.576100	0.585800	1.373500
1627306502.040977	0.489600	-0.474200	-0.776900	-0.453400	0.654200	1.332000
1627306502.048130	0.499100	-0.498800	-0.788500	-0.368500	0.732700	1.278800
1627306502.072739	0.515900	-0.508200	-0.782800	-0.321700	0.788000	1.229400
1627306502.073320	0.536300	-0.501600	-0.752900	-0.269500	0.820300	1.185100
1627306502.078299	0.552500	-0.499600	-0.712500	-0.204700	0.827400	1.143800
1627306502.088137	0.551600	-0.504200	-0.673000	-0.137200	0.815400	1.105700
1627306502.113142	0.556300	-0.517600	-0.662600	-0.112200	0.786400	1.072400
1627306502.114173	0.558500	-0.538700	-0.675800	-0.103000	0.758000	1.033600
1627306502.117497	0.560700	-0.564700	-0.688600	-0.159800	0.734500	0.982000
1627306502.128640	0.578000	-0.587800	-0.670500	-0.211800	0.719500	0.933400
1627306502.150815	0.580300	-0.607800	-0.642300	-0.290600	0.685000	0.864400
1627306502.159374	0.583000	-0.598000	-0.616700	-0.470500	0.631000	0.808200
1627306502.160303	0.594200	-0.583600	-0.610600	-0.466500	0.582700	0.758400
1627306502.169586	0.602300	-0.596200	-0.614100	-0.418900	0.536300	0.712300
1627306502.193489	0.582500	-0.594700	-0.590900	-0.506500	0.485000	0.662800
1627306502.197984	0.590600	-0.563100	-0.568100	-0.555400	0.431200	0.631000
1627306502.199139	0.610500	-0.573900	-0.600600	-0.369400	0.389700	0.604400
1627306502.211218	0.594500	-0.605100	-0.621900	-0.340700	0.346000	0.565300
1627306502.214528	0.601700	-0.595000	-0.648700	-0.482400	0.312700	0.539700
1627306502.237798	0.589200	-0.592000	-0.665000	-0.351000	0.317600	0.503000
1627306502.238698	0.577500	-0.609300	-0.669700	-0.317400	0.330400	0.464200
1627306502.248688	0.572400	-0.595900	-0.656400	-0.432900	0.338700	0.438600
1627306502.258010	0.566900	-0.568700	-0.644300	-0.374000	0.352100	0.411100
1627306502.279108	0.559200	-0.558100	-0.624900	-0.278700	0.363100	0.394900
1627306502.281169	0.555400	-0.552600	-0.612100	-0.272200	0.363100	0.390300
1627306502.288636	0.550000	-0.550900	-0.599400	-0.184300	0.366200	0.381800
1627306502.295358	0.544900	-0.564900	-0.590900	-0.076500	0.370100	0.365900
1627306502.317953	0.545400	-0.572300	-0.587600	-0.053900	0.366800	0.351200
1627306502.318851	0.541400	-0.581300	-0.582500	0.010300	0.366500	0.326200
1627306502.328798	0.548200	-0.602800	-0.575200	0.078400	0.363100	0.283400
1627306502.338368	0.555400	-0.616900	-0.566000	0.070100	0.351500	0.242500
1627306502.355039	0.558700	-0.620400	-0.557400	0.076300	0.338700	0.197600
1627306502.365224	0.565700	-0.625400	-0.547400	0.090300	0.319100	0.137700
1627306502.366276	0.567700	-0.626800	-0.535200	0.090900	0.300200	0.091000
1627306502.385203	0.569100	-0.629200	-0.527500	0.094000	0.275100	0.044900
1627306502.387551	0.569600	-0.632200	-0.519700	0.102500	0.241800	-0.011300
1627306502.394632	0.579500	-0.633100	-0.511400	0.106200	0.206100	-0.058700
1627306502.419353	0.583700	-0.631600	-0.497900	0.098600	0.163600	-0.101400
1627306502.420245	0.590200	-0.637300	-0.487100	0.121500	0.105900	-0.153600
1627306502.430096	0.598100	-0.647200	-0.474200	0.127300	0.047900	-0.201000
1627306502.437237	0.604200	-0.648800	-0.473100	0.098600	-0.015900	-0.248300
1627306502.457260	0.613600	-0.647600	-0.479600	0.075600	-0.087400	-0.303300
1627306502.468035	0.620500	-0.639400	-0.490400	0.048800	-0.156400	-0.351900
1627306502.468959	0.615500	-0.623800	-0.499100	-0.002200	-0.215700	-0.390700
1627306502.476074	0.621000	-0.605300	-0.504000	-0.012600	-0.277700	-0.426700
1627306502.499876	0.620500	-0.593100	-0.512000	-0.001600	-0.335700	-0.456600
1627306502.509293	0.619000	-0.579300	-0.512200	-0.020900	-0.386100	-0.481100
1627306502.510175	0.614600	-0.561200	-0.524400	-0.022400	-0.436500	-0.503100
1627306502.514760	0.609600	-0.546400	-0.553000	0.007800	-0.474700	-0.523200
1627306502.537365	0.615200	-0.542600	-0.586400	0.023400	-0.493300	-0.537900
1627306502.545807	0.619300	-0.532000	-0.618900	0.011200	-0.497600	-0.555600
1627306502.546805	0.620500	-0.514000	-0.637900	-0.010500	-0.494600	-0.568400
1627306502.557564	0.618800	-0.497300	-0.653100	-0.011400	-0.481100	-0.575100
1627306502.558451	0.617300	-0.477200	-0.666700	-0.007100	-0.458800	-0.573300
1627306502.582804	0.617100	-0.458700	-0.668500	0.010600	-0.429800	-0.566000
1627306502.588905	0.616200	-0.454200	-0.668100	0.052100	-0.408400	-0.556500
1627306502.597394	0.614400	-0.453200	-0.662600	0.088800	-0.390400	-0.550100
1627306502.605683	0.612800	-0.454600	-0.659200	0.125100	-0.375400	-0.546400
1627306502.625858	0.614400	-0.457500	-0.654300	0.168200	-0.365400	-0.548000
1627306502.626769	0.616900	-0.455000	-0.650500	0.209700	-0.357700	-0.551900
1627306502.640252	0.622400	-0.445700	-0.653200	0.242400	-0.355000	-0.559300
1627306502.645985	0.625700	-0.443800	-0.662400	0.264700	-0.352500	-0.563200
1627306502.659046	0.626700	-0.443400	-0.667500	0.278500	-0.347300	-0.562600
1627306502.665050	0.622200	-0.447100	-0.663700	0.282400	-0.339100	-0.569000
1627306502.672278	0.621100	-0.451700	-0.652700	0.294000	-0.332700	-0.577300
1627306502.694133	0.620500	-0.453600	-0.641500	0.295600	-0.330200	-0.588900
1627306502.697476	0.622200	-0.450900	-0.627300	0.320300	-0.331200	-0.606900
1627306502.704770	0.622100	-0.452600	-0.621000	0.338600	-0.336600	-0.621600
1627306502.717302	0.621800	-0.452500	-0.614700	0.358800	-0.344900	-0.635600
1627306502.732699	0.629000	-0.455300	-0.609500	0.375600	-0.358300	-0.656400
1627306502.736582	0.629400	-0.455600	-0.604200	0.367300	-0.377300	-0.673800
1627306502.759216	0.629400	-0.455600	-0.609000	0.356900	-0.404500	-0.693300
1627306502.761234	0.635300	-0.461900	-0.620800	0.349000	-0.437400	-0.725100
1627306502.764957	0.637600	-0.468100	-0.635400	0.324900	-0.468600	-0.757500
1627306502.775450	0.639800	-0.470700	-0.651400	0.278100	-0.497600	-0.794700
1627306502.799264	0.635700	-0.467000	-0.669600	0.236600	-0.529100	-0.839300
1627306502.800117	0.630600	-0.462600	-0.673500	0.218900	-0.552300	-0.881200
1627306502.811286	0.622900	-0.457500	-0.669300	0.197800	-0.575200	-0.915400
1627306502.818246	0.603900	-0.441000	-0.659700	0.198100	-0.597800	-0.953000
1627306502.819140	0.593800	-0.427400	-0.653100	0.248800	-0.611200	-0.988400
1627306502.843920	0.589500	-0.415300	-0.653600	0.305900	-0.628600	-1.016200
1627306502.844934	0.585100	-0.405500	-0.690300	0.350200	-0.644800	-1.041500
1627306502.860496	0.587600	-0.399900	-0.739300	0.401800	-0.639900	-1.060500
1627306502.864094	0.585900	-0.404100	-0.772200	0.433000	-0.612800	-1.078500
1627306502.889017	0.588600	-0.399900	-0.788600	0.399400	-0.577600	-1.100200
1627306502.890123	0.594400	-0.390700	-0.790500	0.397900	-0.536700	-1.121600
1627306502.898753	0.596400	-0.387000	-0.786600	0.417400	-0.498200	-1.135900
1627306502.909107	0.598300	-0.379500	-0.779100	0.387800	-0.467100	-1.150300
1627306502.910009	0.592400	-0.358900	-0.769300	0.389900	-0.434700	-1.157300
1627306502.932624	0.583600	-0.328000	-0.751000	0.389900	-0.417000	-1.152400
1627306502.935098	0.593500	-0.298500	-0.696700	0.461100	-0.412100	-1.137400
1627306502.950249	0.611800	-0.297600	-0.653900	0.607700	-0.427400	-1.110300
1627306502.955439	0.613000	-0.304200	-0.636700	0.693800	-0.468900	-1.100800
1627306502.976635	0.610600	-0.299900	-0.643300	0.720400	-0.534900	-1.094400
1627306502.977602	0.615100	-0.294900	-0.655800	0.839500	-0.598400	-1.096200
1627306502.985044	0.620400	-0.311000	-0.669400	0.926000	-0.655500	-1.101100
1627306502.996693	0.634500	-0.330600	-0.689900	0.915600	-0.721500	-1.115100
1627306503.015484	0.632800	-0.341200	-0.736300	0.860600	-0.790800	-1.140200
1627306503.016638	0.625000	-0.339100	-0.771900	0.803500	-0.822300	-1.165200
