1627306493.033269	0.619000	-0.451700	-0.699500	-0.056900	0.037700	-0.078200
1627306493.034178	0.617700	-0.449600	-0.697300	-0.044300	0.056600	-0.073900
1627306493.034821	0.618500	-0.453200	-0.695800	-0.032400	0.071900	-0.070900
1627306493.035456	0.619000	-0.457000	-0.691400	-0.033000	0.084100	-0.067500
1627306493.036098	0.614300	-0.458400	-0.685700	-0.023900	0.092900	-0.065100
1627306493.039078	0.614400	-0.456800	-0.678000	-0.002800	0.094800	-0.062300
1627306493.039632	0.619400	-0.454000	-0.668100	0.011900	0.096000	-0.062900
1627306493.040181	0.629500	-0.447500	-0.661700	0.004800	0.092600	-0.060500
1627306493.040723	0.628400	-0.437700	-0.652700	-0.004300	0.089600	-0.055600
1627306493.041215	0.626800	-0.429900	-0.646100	0.002100	0.082600	-0.045500
1627306493.041706	0.624100	-0.429100	-0.640400	0.014900	0.074300	-0.030000
1627306493.042200	0.623300	-0.438200	-0.640300	0.023800	0.061500	-0.011300
1627306493.042694	0.617800	-0.447600	-0.637300	0.036900	0.049900	-0.005800
1627306493.043184	0.614400	-0.453700	-0.634300	0.053400	0.040700	-0.006400
1627306493.043636	0.618000	-0.452900	-0.628200	0.048200	0.029400	-0.009500
1627306493.044087	0.618900	-0.448400	-0.622400	0.036000	0.018700	-0.011300
1627306493.044535	0.616800	-0.442100	-0.615000	0.032900	0.005000	-0.012200
1627306493.044959	0.620400	-0.439200	-0.614500	0.026200	-0.012100	-0.003100
1627306493.045412	0.620400	-0.441400	-0.621300	0.031400	-0.031100	0.009700
1627306493.045820	0.616200	-0.450200	-0.627900	0.047600	-0.044500	0.017100
1627306493.046268	0.614500	-0.456800	-0.633300	0.053100	-0.054900	0.018300
1627306493.046762	0.624600	-0.457200	-0.633800	0.054600	-0.065600	0.018900
1627306493.047188	0.629600	-0.454300	-0.635100	0.055500	-0.079000	0.021700
1627306493.047637	0.630000	-0.444600	-0.638700	0.058300	-0.093100	0.026800
1627306493.048039	0.623500	-0.432300	-0.644900	0.068100	-0.104100	0.033300
1627306493.048439	0.623000	-0.419100	-0.655900	0.074200	-0.110800	0.044300
1627306493.048872	0.615700	-0.417100	-0.670000	0.097700	-0.117500	0.059500
1627306493.049270	0.616000	-0.431900	-0.689700	0.144700	-0.113500	0.073900
1627306493.049669	0.615700	-0.447900	-0.700000	0.154500	-0.102200	0.083400
1627306493.050102	0.632900	-0.462800	-0.704800	0.140400	-0.083600	0.078200
1627306493.050501	0.637300	-0.470900	-0.702400	0.116000	-0.060700	0.062600
1627306493.050934	0.637100	-0.470200	-0.687300	0.089400	-0.026500	0.029300
1627306493.051338	0.650500	-0.459000	-0.668600	0.018900	-0.004800	0.006700
1627306493.051735	0.643300	-0.445300	-0.656100	-0.075200	-0.000800	-0.000300
1627306493.052165	0.637000	-0.444900	-0.657000	-0.103600	-0.006900	0.003600
1627306493.052562	0.629600	-0.461200	-0.670000	-0.105100	-0.021600	0.014300
1627306493.052963	0.631600	-0.489300	-0.691700	-0.116700	-0.035900	0.018000
1627306493.053412	0.637200	-0.508200	-0.712200	-0.122500	-0.044200	0.005800
1627306493.053810	0.626500	-0.513500	-0.722400	-0.091700	-0.041800	-0.019600
1627306493.054206	0.621100	-0.502400	-0.719400	-0.047400	-0.033500	-0.039400
1627306493.054647	0.626600	-0.487500	-0.716700	-0.010100	-0.021900	-0.048900
1627306493.055044	0.619300	-0.477200	-0.708500	0.021300	-0.013700	-0.046800
1627306493.055463	0.621900	-0.477900	-0.706200	0.047300	-0.008200	-0.036700
1627306493.055879	0.637300	-0.482200	-0.710200	0.036900	-0.005400	-0.029700
1627306493.056276	0.634400	-0.488400	-0.724400	-0.022700	0.001600	-0.026900
1627306493.056757	0.614000	-0.490700	-0.740600	-0.066000	0.014100	-0.024800
1627306493.057157	0.596100	-0.493900	-0.756300	-0.060500	0.034900	-0.024500
1627306493.057554	0.591800	-0.498900	-0.772700	-0.051700	0.061800	-0.023500
1627306493.057995	0.579500	-0.499900	-0.790000	-0.039800	0.098100	-0.022000
1627306493.058391	0.565600	-0.499000	-0.798500	-0.015300	0.142400	-0.018700
1627306493.058791	0.555900	-0.499000	-0.801100	0.040600	0.197100	-0.014700
1627306493.059234	0.567100	-0.504400	-0.795700	0.084200	0.270700	-0.016800
1627306493.059632	0.586500	-0.502200	-0.779200	0.064700	0.344600	-0.025100
1627306493.060028	0.597000	-0.491200	-0.758300	0.006700	0.395000	-0.030900
1627306493.060460	0.602900	-0.484600	-0.750400	-0.033300	0.415800	-0.024500
1627306493.060858	0.598100	-0.481100	-0.742900	-0.065100	0.426500	-0.025700
1627306493.061293	0.599100	-0.461800	-0.731200	-0.152800	0.442100	-0.037300
1627306493.061706	0.603100	-0.424600	-0.719100	-0.301800	0.443000	-0.034500
1627306493.062103	0.590500	-0.386600	-0.717700	-0.400800	0.425300	-0.004000
1627306493.062521	0.588700	-0.377900	-0.732800	-0.427000	0.412400	0.023800
1627306493.062942	0.581800	-0.372200	-0.753500	-0.502800	0.417900	0.039400
1627306493.063367	0.584200	-0.342900	-0.762800	-0.593200	0.439600	0.040000
1627306493.063806	0.564800	-0.290900	-0.757800	-0.635000	0.475000	0.039400
1627306493.064202	0.564800	-0.290900	-0.757800	-0.635000	0.475000	0.039400
1627306493.064598	0.557500	-0.231600	-0.743300	-0.650300	0.514100	0.055600
1627306493.065036	0.500400	-0.133700	-0.838900	-0.733700	0.507100	0.076600
1627306493.065432	0.880500	0.154500	-0.778200	-1.855900	0.727300	0.159400
1627306493.065861	0.592800	0.080900	-0.807600	-0.298800	0.666900	0.333200
1627306493.066261	0.559600	-0.106800	-0.848300	-0.109400	0.592300	0.658200
1627306493.066658	0.571800	-0.230100	-0.798300	-0.829300	0.627800	0.884800
1627306493.067182	0.588600	-0.299800	-0.718800	-0.409300	0.701700	0.883300
1627306493.067686	0.657800	-0.417700	-0.649400	0.165200	0.780800	0.766600
1627306493.068193	0.653000	-0.476600	-0.570400	-0.137200	0.818000	0.664600
1627306493.068746	0.633500	-0.385400	-0.467500	-0.723900	0.840900	0.551300
1627306493.069215	0.627800	-0.303300	-0.399400	-0.723000	0.805200	0.509700
1627306493.069663	0.587500	-0.324600	-0.379300	-0.731900	0.724300	0.553100
1627306493.070107	0.562700	-0.409700	-0.385900	-0.811900	0.616500	0.614800
1627306493.070575	0.574000	-0.504500	-0.404800	-0.898000	0.489700	0.631300
1627306493.071046	0.605500	-0.569600	-0.427600	-0.918200	0.359300	0.589500
1627306493.071502	0.632700	-0.576500	-0.448700	-0.937100	0.220300	0.513700
1627306493.071955	0.633100	-0.520800	-0.466100	-1.006500	0.062400	0.451100
1627306493.072410	0.617200	-0.440800	-0.487900	-1.021700	-0.056700	0.441600
1627306493.072865	0.615200	-0.379800	-0.519900	-0.966700	-0.135800	0.457500
1627306493.073316	0.612400	-0.356400	-0.559800	-0.906300	-0.187100	0.489900
1627306493.073771	0.598600	-0.356700	-0.613800	-0.939900	-0.210400	0.524700
1627306493.074223	0.585400	-0.360700	-0.688100	-0.991200	-0.200000	0.551000
1627306493.074681	0.572400	-0.350800	-0.763400	-0.954500	-0.133100	0.569000
1627306493.075134	0.547500	-0.345100	-0.777700	-0.786800	-0.029500	0.581200
1627306493.075586	0.549900	-0.346600	-0.750500	-0.599600	0.061200	0.590700
1627306493.076200	0.564900	-0.349400	-0.696700	-0.531500	0.121700	0.611100
1627306493.076661	0.573500	-0.352300	-0.642600	-0.517200	0.153100	0.631000
1627306493.077124	0.577100	-0.353100	-0.600800	-0.511700	0.162300	0.641700
1627306493.077583	0.582900	-0.359000	-0.575300	-0.542800	0.151900	0.648100
1627306493.078043	0.569600	-0.377000	-0.549400	-0.590100	0.111900	0.652400
1627306493.078496	0.564800	-0.404300	-0.548800	-0.586500	0.059700	0.647800
1627306493.078933	0.551600	-0.413100	-0.549400	-0.592000	-0.002700	0.634700
1627306493.079348	0.582500	-0.399800	-0.558800	-0.628300	-0.068300	0.626700
1627306493.079760	0.608000	-0.366600	-0.569200	-0.581300	-0.151700	0.630400
1627306493.080196	0.616300	-0.327300	-0.587300	-0.535200	-0.243900	0.661200
1627306493.080615	0.595700	-0.285800	-0.590300	-0.508900	-0.327900	0.726600
1627306493.081028	0.587000	-0.252200	-0.615100	-0.496400	-0.419600	0.847500
1627306493.081477	0.582300	-0.246800	-0.645000	-0.452700	-0.478800	0.955100
1627306493.081993	0.571400	-0.260700	-0.682700	-0.428600	-0.500200	1.047900
1627306493.082419	0.568400	-0.279100	-0.718000	-0.431600	-0.495000	1.121800
1627306493.082869	0.535200	-0.301600	-0.747600	-0.413300	-0.469700	1.177700
1627306493.083281	0.481900	-0.324200	-0.764900	-0.352500	-0.469700	1.266000
1627306493.083720	0.573500	-0.387300	-0.790600	-0.234600	-0.455300	1.339900
1627306493.084131	0.526900	-0.443500	-0.796300	-0.129600	-0.423200	1.339000
1627306493.084544	0.536100	-0.455800	-0.790200	-0.284700	-0.389300	1.335000
1627306493.084995	0.510600	-0.463300	-0.790000	-0.258800	-0.368000	1.326500
1627306493.085443	0.513100	-0.488900	-0.819700	-0.145700	-0.336500	1.302600
1627306493.085855	0.492700	-0.492700	-0.845000	-0.228500	-0.285200	1.275200
1627306493.086382	0.479200	-0.476400	-0.878800	-0.363800	-0.223200	1.253800
1627306493.086921	0.477400	-0.453500	-0.916100	-0.294800	-0.130000	1.227800
1627306493.087330	0.479500	-0.451700	-0.940400	-0.199200	-0.010300	1.208000
1627306493.087762	0.470600	-0.445600	-0.938000	-0.272500	0.094200	1.210100
1627306493.088172	0.458500	-0.434900	-0.924200	-0.327500	0.182400	1.227200
1627306493.088611	0.458400	-0.429700	-0.907100	-0.352500	0.255400	1.262000
1627306493.089019	0.451500	-0.449500	-0.894700	-0.392200	0.311900	1.302000
1627306493.089425	0.445700	-0.494000	-0.902700	-0.429800	0.351600	1.335600
1627306493.089860	0.433100	-0.547600	-0.919100	-0.501000	0.384300	1.353000
1627306493.090267	0.413900	-0.575300	-0.927000	-0.563900	0.410000	1.351500
1627306493.090680	0.439500	-0.596200	-0.926000	-0.504300	0.432600	1.330700
1627306493.091116	0.446800	-0.608900	-0.909900	-0.405700	0.450600	1.287100
1627306493.091529	0.443400	-0.604700	-0.880100	-0.435900	0.459500	1.251600
1627306493.091937	0.431300	-0.591800	-0.849200	-0.460600	0.466200	1.222900
1627306493.092373	0.413800	-0.585100	-0.829100	-0.429800	0.471400	1.198800
1627306493.092785	0.417400	-0.583100	-0.817000	-0.471300	0.474400	1.181100
1627306493.093218	0.419600	-0.591800	-0.815400	-0.491800	0.475000	1.164900
1627306493.093629	0.431800	-0.607700	-0.819300	-0.459400	0.479600	1.137100
1627306493.094037	0.437500	-0.624100	-0.820400	-0.466400	0.477800	1.103500
1627306493.094471	0.435800	-0.626300	-0.820900	-0.524500	0.472900	1.069900
1627306493.094879	0.435200	-0.622200	-0.822100	-0.553200	0.472300	1.037200
1627306493.095296	0.431000	-0.617400	-0.825900	-0.548000	0.473500	1.007000
1627306493.095750	0.434900	-0.611200	-0.832400	-0.571200	0.487900	0.975200
1627306493.096284	0.423500	-0.613200	-0.834200	-0.567500	0.506500	0.950500
1627306493.096849	0.441000	-0.622700	-0.841900	-0.531200	0.528800	0.921200
1627306493.097320	0.455800	-0.628800	-0.843600	-0.531500	0.548300	0.884800
1627306493.097781	0.456400	-0.624800	-0.841800	-0.587100	0.563900	0.856100
1627306493.098236	0.452900	-0.616800	-0.839800	-0.605400	0.575200	0.837200
1627306493.098688	0.472000	-0.632600	-0.856100	-0.574300	0.585000	0.821900
1627306493.099105	0.465500	-0.668700	-0.873000	-0.510700	0.606700	0.791000
1627306493.099549	0.468600	-0.692300	-0.882000	-0.522000	0.629000	0.756800
1627306493.099964	0.484700	-0.696700	-0.880900	-0.531500	0.654600	0.711300
1627306493.100372	0.491700	-0.680800	-0.863800	-0.514100	0.678200	0.664600
1627306493.100812	0.483800	-0.655300	-0.855200	-0.513500	0.702300	0.626100
1627306493.101222	0.459700	-0.627700	-0.844200	-0.501000	0.714800	0.614500
1627306493.101695	0.460200	-0.618500	-0.837500	-0.438000	0.704700	0.644400
1627306493.102149	0.495800	-0.661500	-0.839800	-0.223300	0.682100	0.655700
1627306493.102615	0.506100	-0.712800	-0.831400	-0.110900	0.680300	0.613000
1627306493.103081	0.496000	-0.726400	-0.800500	-0.256900	0.672400	0.571400
1627306493.103544	0.489700	-0.722000	-0.772500	-0.332100	0.657100	0.540300
1627306493.103963	0.483600	-0.751800	-0.765000	-0.181200	0.637800	0.488400
1627306493.104461	0.476000	-0.800500	-0.777600	-0.156400	0.629300	0.424500
1627306493.104873	0.475300	-0.827100	-0.786500	-0.313100	0.633600	0.332300
1627306493.105283	0.480000	-0.819800	-0.788300	-0.364700	0.652800	0.222600
1627306493.105728	0.482500	-0.814100	-0.788700	-0.344900	0.669000	0.122400
1627306493.106142	0.492400	-0.804400	-0.787600	-0.395000	0.687000	0.029900
1627306493.106561	0.497400	-0.787100	-0.782600	-0.469800	0.708400	-0.055000
1627306493.106999	0.498800	-0.765700	-0.782800	-0.500700	0.737400	-0.141100
1627306493.107410	0.498800	-0.738400	-0.784200	-0.530600	0.771900	-0.217800
1627306493.107821	0.499000	-0.696700	-0.784200	-0.583100	0.822600	-0.289600
1627306493.108268	0.502000	-0.662600	-0.784300	-0.583700	0.873600	-0.339100
1627306493.108675	0.501000	-0.637500	-0.777200	-0.542200	0.925600	-0.374800
1627306493.109105	0.510000	-0.618400	-0.765400	-0.501000	0.974400	-0.401400
1627306493.109526	0.525900	-0.597700	-0.748900	-0.475900	1.016600	-0.420900
1627306493.109937	0.528200	-0.572300	-0.724500	-0.440800	1.052000	-0.433400
1627306493.110379	0.534400	-0.548300	-0.690900	-0.380000	1.074600	-0.437100
1627306493.110799	0.535800	-0.526900	-0.653200	-0.300300	1.087100	-0.434100
1627306493.111198	0.535900	-0.513200	-0.623900	-0.261800	1.083800	-0.421800
1627306493.111635	0.543600	-0.501500	-0.595700	-0.212600	1.064500	-0.406300
1627306493.112084	0.556000	-0.499000	-0.570900	-0.154900	1.035500	-0.388200
1627306493.112536	0.573500	-0.508300	-0.551100	-0.116400	0.996700	-0.373300
1627306493.112989	0.597400	-0.521600	-0.535300	-0.089900	0.954000	-0.367200
1627306493.113481	0.604700	-0.528800	-0.515000	-0.095000	0.905100	-0.372000
1627306493.113882	0.617900	-0.531500	-0.492100	-0.089900	0.846400	-0.384900
1627306493.114332	0.630100	-0.527000	-0.477800	-0.096000	0.785400	-0.392800
1627306493.114761	0.633200	-0.517500	-0.473100	-0.114300	0.718800	-0.394300
1627306493.115205	0.633200	-0.509800	-0.480600	-0.119800	0.660400	-0.391900
1627306493.115606	0.623800	-0.502300	-0.506800	-0.112100	0.615500	-0.390100
1627306493.116002	0.599100	-0.485400	-0.532500	-0.088600	0.596900	-0.388500
1627306493.116454	0.599900	-0.464200	-0.562300	-0.050400	0.605500	-0.387900
1627306493.116851	0.592500	-0.444300	-0.584600	0.035400	0.627800	-0.376600
1627306493.117301	0.593000	-0.434000	-0.589200	0.111700	0.662300	-0.362300
1627306493.117771	0.585600	-0.433100	-0.588700	0.198200	0.699200	-0.354000
1627306493.118167	0.581400	-0.440100	-0.576200	0.306900	0.739900	-0.357400
1627306493.118564	0.593600	-0.442400	-0.551600	0.379600	0.780800	-0.371100
1627306493.119006	0.599900	-0.443100	-0.517100	0.436100	0.805500	-0.388800
1627306493.119405	0.607300	-0.436400	-0.475500	0.496000	0.822600	-0.409600
1627306493.119938	0.622400	-0.429400	-0.440300	0.522800	0.822900	-0.431300
1627306493.120334	0.634300	-0.427400	-0.413100	0.566500	0.805200	-0.448100
1627306493.120732	0.653400	-0.428500	-0.393300	0.623600	0.766700	-0.460300
1627306493.121178	0.665800	-0.417800	-0.370800	0.589700	0.716000	-0.468300
1627306493.121589	0.678000	-0.407100	-0.351000	0.548200	0.653700	-0.462800
1627306493.122003	0.668600	-0.410800	-0.329600	0.610500	0.582600	-0.452100
1627306493.122441	0.677600	-0.429200	-0.303700	0.623900	0.488200	-0.446000
1627306493.122849	0.700000	-0.447100	-0.282800	0.562200	0.390400	-0.454200
1627306493.123256	0.725300	-0.456700	-0.277300	0.550900	0.289000	-0.479600
1627306493.123694	0.730200	-0.455000	-0.278000	0.552800	0.183400	-0.504300
1627306493.124101	0.736700	-0.435900	-0.274700	0.509400	0.079800	-0.521100
1627306493.124539	0.744100	-0.398700	-0.278900	0.466300	-0.014300	-0.531500
1627306493.124949	0.745800	-0.358400	-0.292700	0.482800	-0.099200	-0.525700
1627306493.125355	0.745100	-0.325000	-0.313700	0.531100	-0.186200	-0.497600
1627306493.125791	0.739600	-0.303500	-0.333900	0.532300	-0.241200	-0.455400
1627306493.126616	0.731000	-0.284700	-0.343400	0.534100	-0.276600	-0.409000
1627306493.127049	0.740200	-0.292400	-0.369800	0.581500	-0.309600	-0.353400
1627306493.127458	0.766200	-0.304700	-0.384900	0.606500	-0.353000	-0.296300
1627306493.129154	0.792000	-0.313700	-0.397900	0.559800	-0.401600	-0.241300
1627306493.129596	0.777600	-0.322400	-0.417000	0.583600	-0.469700	-0.180800
1627306493.130004	0.753100	-0.353300	-0.443500	0.747300	-0.535300	-0.134400
1627306493.130441	0.748700	-0.385100	-0.461100	0.859400	-0.566500	-0.116700
1627306493.130849	0.753300	-0.397200	-0.468500	0.903100	-0.579300	-0.122500
1627306493.132919	0.755200	-0.382600	-0.464500	0.911100	-0.587600	-0.124300
1627306493.133319	0.748500	-0.370800	-0.458400	0.921100	-0.594600	-0.105400
1627306493.133716	0.752000	-0.379900	-0.460800	0.964500	-0.597300	-0.078200
1627306493.135401	0.747800	-0.419100	-0.474900	0.954400	-0.594000	-0.061400
1627306493.135863	0.730800	-0.459200	-0.480800	0.869200	-0.583600	-0.062600
1627306493.136303	0.722700	-0.495200	-0.480600	0.838400	-0.568300	-0.092300
1627306493.138488	0.706700	-0.528400	-0.472500	0.817900	-0.560100	-0.138400
1627306493.138941	0.700900	-0.549400	-0.467000	0.755000	-0.564300	-0.187300
1627306493.139340	0.697500	-0.561200	-0.466800	0.696600	-0.583300	-0.230900
1627306493.139779	0.702300	-0.573500	-0.475100	0.703700	-0.616600	-0.276400
1627306493.140176	0.703600	-0.590200	-0.491100	0.726000	-0.651700	-0.333000
1627306493.142312	0.689600	-0.595500	-0.506300	0.685900	-0.676700	-0.390700
1627306493.142732	0.687600	-0.589700	-0.524000	0.654500	-0.692000	-0.438900
1627306493.143173	0.684300	-0.581900	-0.541100	0.668200	-0.697800	-0.484800
1627306493.143604	0.678700	-0.572000	-0.557400	0.668200	-0.688400	-0.525400
1627306493.145695	0.678000	-0.563700	-0.570300	0.644700	-0.668800	-0.559000
1627306493.146091	0.679900	-0.554800	-0.581700	0.652400	-0.643100	-0.586200
1627306493.146487	0.664400	-0.549600	-0.583500	0.686600	-0.601300	-0.621300
1627306493.146928	0.666400	-0.544600	-0.580800	0.716800	-0.566800	-0.654300
1627306493.148960	0.658100	-0.533200	-0.567400	0.728400	-0.538400	-0.679600
1627306493.149401	0.669600	-0.523100	-0.553100	0.762900	-0.521900	-0.695500
1627306493.149797	0.668800	-0.515100	-0.536600	0.817600	-0.520100	-0.709900
1627306493.150238	0.673100	-0.513700	-0.526500	0.841700	-0.526500	-0.719000
1627306493.152304	0.674400	-0.513900	-0.519500	0.860700	-0.539000	-0.730300
1627306493.152749	0.671400	-0.508400	-0.514900	0.870100	-0.557900	-0.744700
1627306493.153145	0.675500	-0.498800	-0.509500	0.865200	-0.577200	-0.752600
1627306493.154822	0.679400	-0.486800	-0.508300	0.866500	-0.599500	-0.754400
1627306493.155221	0.680200	-0.474500	-0.505200	0.875300	-0.625700	-0.745900
1627306493.155686	0.673300	-0.464000	-0.501800	0.886000	-0.654100	-0.725400
1627306493.156127	0.668800	-0.470800	-0.511800	0.927200	-0.684400	-0.703700
1627306493.158578	0.678200	-0.488200	-0.521400	0.979800	-0.720400	-0.688200
1627306493.158975	0.672400	-0.503400	-0.532100	0.975800	-0.758900	-0.674700
1627306493.159406	0.671300	-0.508800	-0.536100	0.979500	-0.782700	-0.674400
1627306493.159806	0.671600	-0.511700	-0.534300	0.995000	-0.800800	-0.680200
1627306493.161867	0.667500	-0.511100	-0.533600	0.998100	-0.814800	-0.684800
1627306493.162264	0.673500	-0.510500	-0.530600	0.994700	-0.830400	-0.690600
1627306493.162661	0.674600	-0.509400	-0.531700	0.988900	-0.848100	-0.695800
1627306493.163103	0.671300	-0.508700	-0.540000	0.978600	-0.869800	-0.699200
1627306493.164727	0.666700	-0.508100	-0.551500	0.984400	-0.890500	-0.698900
1627306493.165167	0.665200	-0.507100	-0.564900	0.985600	-0.903700	-0.694600
1627306493.165562	0.663900	-0.505200	-0.575400	0.996300	-0.916500	-0.686900
1627306493.165957	0.661900	-0.508100	-0.583300	1.017000	-0.930300	-0.673800
1627306493.167655	0.654900	-0.515100	-0.588300	1.040300	-0.944300	-0.661600
1627306493.168061	0.646900	-0.528800	-0.594100	1.054900	-0.955900	-0.654000
1627306493.168465	0.644000	-0.537800	-0.598100	1.050300	-0.965400	-0.659500
1627306493.171079	0.642900	-0.536100	-0.595800	1.042400	-0.975200	-0.670500
1627306493.171480	0.638700	-0.528800	-0.596900	1.029300	-0.983400	-0.674400
1627306493.171879	0.635000	-0.522000	-0.601900	1.016700	-0.992300	-0.672300
1627306493.172314	0.629000	-0.520000	-0.613600	1.025000	-0.992300	-0.666500
1627306493.172715	0.630700	-0.525500	-0.626100	1.032300	-0.986800	-0.662800
1627306493.174797	0.626800	-0.531200	-0.634400	1.031400	-0.977600	-0.661000
1627306493.175199	0.618500	-0.535800	-0.636100	1.037500	-0.962600	-0.661900
1627306493.175642	0.612500	-0.539700	-0.633800	1.038700	-0.952600	-0.663100
1627306493.176045	0.608900	-0.545400	-0.628500	1.048800	-0.944600	-0.667100
1627306493.178831	0.612700	-0.552900	-0.627000	1.056700	-0.944000	-0.674400
1627306493.179276	0.602900	-0.557300	-0.624600	1.036300	-0.945200	-0.684500
1627306493.179685	0.601600	-0.563100	-0.623400	1.017300	-0.948900	-0.694600
1627306493.180087	0.604500	-0.573700	-0.626700	1.016700	-0.957100	-0.705000
1627306493.181777	0.606600	-0.587600	-0.638500	0.992300	-0.972400	-0.724500
1627306493.182205	0.604200	-0.595300	-0.648900	0.952600	-0.979100	-0.747700
1627306493.182655	0.600700	-0.591300	-0.657100	0.920500	-0.986100	-0.769400
1627306493.183174	0.595100	-0.583900	-0.664300	0.908600	-0.991000	-0.791400
1627306493.185372	0.588300	-0.579200	-0.675200	0.905200	-0.993500	-0.806400
1627306493.185787	0.586100	-0.574300	-0.686400	0.895500	-0.992300	-0.815800
1627306493.186187	0.580200	-0.571900	-0.699100	0.893000	-0.983400	-0.823500
1627306493.186632	0.575700	-0.573100	-0.710800	0.901600	-0.965400	-0.834500
1627306493.188690	0.574700	-0.579700	-0.716400	0.915900	-0.941600	-0.844600
1627306493.189119	0.579000	-0.587600	-0.716800	0.920200	-0.913500	-0.862600
1627306493.189514	0.584400	-0.593400	-0.715100	0.912600	-0.886600	-0.882700
1627306493.189942	0.585900	-0.592700	-0.709000	0.891500	-0.866700	-0.902900
1627306493.191563	0.582500	-0.588300	-0.703900	0.864000	-0.850800	-0.920300
1627306493.191960	0.589600	-0.582000	-0.704000	0.834400	-0.838900	-0.935900
1627306493.192396	0.585300	-0.579000	-0.711300	0.802900	-0.827600	-0.950200
1627306493.193973	0.584400	-0.572100	-0.722400	0.769000	-0.814200	-0.958800
1627306493.195549	0.582600	-0.563100	-0.732300	0.750100	-0.794000	-0.966100
1627306493.195942	0.575200	-0.555800	-0.738300	0.763200	-0.767800	-0.975000
1627306495.071444	0.579500	-0.671100	-0.820300	0.872900	-0.677100	-1.133500
1627306495.072337	0.774800	-0.410900	-0.312000	-0.587100	0.659500	-0.107800
1627306495.078810	0.777300	-0.409800	-0.295500	-0.590100	0.625300	-0.092600
1627306495.099436	0.779500	-0.408400	-0.283000	-0.583100	0.585000	-0.081300
1627306495.101051	0.782200	-0.408700	-0.274500	-0.541300	0.525700	-0.072100
1627306495.120424	0.786300	-0.406400	-0.269400	-0.522000	0.475000	-0.066600
1627306495.130222	0.790300	-0.396400	-0.268100	-0.512900	0.423100	-0.060200
1627306495.131329	0.795000	-0.386500	-0.269200	-0.488700	0.369700	-0.053200
1627306495.137518	0.789600	-0.377900	-0.277300	-0.456400	0.321100	-0.044000
1627306495.158677	0.791000	-0.367700	-0.288100	-0.422200	0.276500	-0.031500
1627306495.159681	0.792500	-0.361000	-0.299700	-0.387300	0.239600	-0.016800
1627306495.167002	0.792100	-0.351000	-0.312500	-0.344000	0.209300	0.001200
1627306495.174511	0.799300	-0.335600	-0.311000	-0.321100	0.193700	0.016200
1627306495.194949	0.815100	-0.327300	-0.317100	-0.320800	0.178500	0.039700
1627306495.198371	0.809100	-0.326900	-0.316900	-0.269700	0.159200	0.069000
1627306495.207162	0.814700	-0.343000	-0.323100	-0.257800	0.147600	0.094700
1627306495.214283	0.817300	-0.360200	-0.323500	-0.260900	0.136300	0.107800
1627306495.236561	0.814600	-0.378700	-0.325300	-0.271600	0.128700	0.107500
1627306495.237465	0.813400	-0.393400	-0.325100	-0.273400	0.120100	0.098900
1627306495.242403	0.818100	-0.401900	-0.320900	-0.272500	0.111300	0.083000
1627306495.264652	0.824000	-0.406000	-0.323900	-0.282300	0.096000	0.067200
1627306495.266978	0.824200	-0.403400	-0.323200	-0.285000	0.080400	0.048200
1627306495.274594	0.835100	-0.401200	-0.329200	-0.290200	0.064800	0.033600
1627306495.296362	0.841700	-0.396200	-0.334100	-0.265200	0.047100	0.020700
1627306495.297352	0.842900	-0.395000	-0.342700	-0.249600	0.027600	0.010700
1627306495.312245	0.843300	-0.389500	-0.348000	-0.225800	0.014400	0.002100
1627306495.314713	0.847200	-0.388800	-0.349600	-0.206800	0.001300	-0.002200
1627306495.340397	0.848300	-0.388500	-0.352500	-0.181200	-0.012100	-0.006800
1627306495.341293	0.847700	-0.394900	-0.353900	-0.166200	-0.028000	-0.011300
1627306495.348399	0.846900	-0.401500	-0.360800	-0.154000	-0.041800	-0.018100
1627306495.356053	0.846600	-0.408000	-0.364900	-0.141200	-0.058600	-0.024800
1627306495.379167	0.848800	-0.408900	-0.374100	-0.129600	-0.078400	-0.031200
1627306495.380061	0.850800	-0.409300	-0.378400	-0.113400	-0.094300	-0.033900
1627306495.387055	0.849500	-0.411500	-0.388200	-0.093500	-0.110500	-0.033900
1627306495.401021	0.846400	-0.416900	-0.396200	-0.083700	-0.121800	-0.034900
1627306495.424151	0.849000	-0.421000	-0.403700	-0.070000	-0.128500	-0.037600
1627306495.425042	0.847500	-0.423600	-0.409700	-0.055300	-0.130600	-0.047100
1627306495.428477	0.836100	-0.428200	-0.413300	-0.037000	-0.127000	-0.059600
1627306495.442439	0.831200	-0.430400	-0.416700	0.004200	-0.114100	-0.079100
1627306495.462878	0.826800	-0.431000	-0.415600	0.032300	-0.097600	-0.102400
1627306495.463866	0.824600	-0.424900	-0.409400	0.051300	-0.077800	-0.128900
1627306495.467091	0.829200	-0.417600	-0.395400	0.075700	-0.057900	-0.151200
1627306495.472438	0.826500	-0.407200	-0.381600	0.108700	-0.040200	-0.169200
1627306495.493114	0.819300	-0.398400	-0.367100	0.138600	-0.027700	-0.182700
1627306495.508229	0.818800	-0.393300	-0.350000	0.161800	-0.022800	-0.193100
1627306495.512724	0.827400	-0.393400	-0.333400	0.191800	-0.028600	-0.199800
1627306495.535856	0.823400	-0.392700	-0.314000	0.209500	-0.040800	-0.205900
1627306495.537034	0.829200	-0.393700	-0.297500	0.243400	-0.062200	-0.216900
1627306495.545003	0.844100	-0.395800	-0.284900	0.282200	-0.094900	-0.230600
1627306495.546014	0.836700	-0.390400	-0.272100	0.311800	-0.130000	-0.248300
1627306495.555646	0.833000	-0.385400	-0.266700	0.362800	-0.173100	-0.264800
1627306495.557101	0.835200	-0.367700	-0.258300	0.428200	-0.229900	-0.279200
1627306495.580889	0.833900	-0.349600	-0.256500	0.479800	-0.294300	-0.281000
1627306495.590870	0.824800	-0.335800	-0.256800	0.534800	-0.357900	-0.268200
1627306495.608049	0.831200	-0.331900	-0.262600	0.587000	-0.423800	-0.245300
1627306495.621395	0.835400	-0.343600	-0.279700	0.651100	-0.493800	-0.222100
1627306495.622275	0.826800	-0.355600	-0.296400	0.721700	-0.560400	-0.205900
1627306495.627221	0.831500	-0.365600	-0.314200	0.781200	-0.620200	-0.194600
1627306495.638316	0.838600	-0.364700	-0.332200	0.846300	-0.690200	-0.178700
1627306495.648237	0.839700	-0.361000	-0.344400	0.904300	-0.750400	-0.155200
1627306495.661879	0.840200	-0.361700	-0.354200	0.934900	-0.805300	-0.124000
1627306495.678754	0.838100	-0.372600	-0.369100	0.938500	-0.858500	-0.088900
1627306495.679576	0.826000	-0.396200	-0.388900	0.942500	-0.908000	-0.053800
1627306495.687117	0.808200	-0.430900	-0.413800	0.951700	-0.950400	-0.030900
1627306495.700499	0.787800	-0.475200	-0.442500	0.947100	-0.984900	-0.023500
1627306495.701389	0.773800	-0.520000	-0.477700	0.934900	-1.009100	-0.047700
1627306495.726368	0.761700	-0.552400	-0.503900	0.956300	-1.011500	-0.098100
1627306495.727187	0.754200	-0.572300	-0.529400	0.979500	-1.001400	-0.168300
1627306495.735752	0.748300	-0.569600	-0.551800	0.964200	-0.979400	-0.245000
1627306495.742995	0.752700	-0.548200	-0.567700	0.949200	-0.948000	-0.315800
1627306495.765014	0.751500	-0.520400	-0.578100	0.953200	-0.905200	-0.370500
1627306495.765869	0.749000	-0.496800	-0.584700	0.958100	-0.853000	-0.410800
1627306495.781023	0.738500	-0.478400	-0.587600	0.934900	-0.794000	-0.440200
1627306495.803051	0.734100	-0.474700	-0.586300	0.945000	-0.747900	-0.454500
1627306495.805372	0.733200	-0.482500	-0.586400	0.977900	-0.711300	-0.467300
1627306495.806268	0.742700	-0.494800	-0.584500	0.997500	-0.681900	-0.481700
1627306495.817250	0.751500	-0.496900	-0.572500	0.998400	-0.659300	-0.501200
1627306495.823611	0.759300	-0.492100	-0.552100	0.998100	-0.645600	-0.519600
1627306495.837288	0.755200	-0.479400	-0.522100	0.993200	-0.641900	-0.535100
1627306495.851728	0.754300	-0.469000	-0.490600	0.989500	-0.652600	-0.547700
1627306495.852633	0.754000	-0.470800	-0.471900	1.002400	-0.681000	-0.556200
1627306495.875643	0.755600	-0.471700	-0.458300	0.988600	-0.721900	-0.559000
1627306495.877303	0.751300	-0.473100	-0.453100	0.970900	-0.773000	-0.557800
1627306495.892739	0.751800	-0.476400	-0.455800	0.999000	-0.830700	-0.555600
1627306495.900356	0.748000	-0.484000	-0.464200	1.020700	-0.890500	-0.555600
1627306495.916611	0.734400	-0.487700	-0.474600	1.025900	-0.954400	-0.552900
1627306495.917505	0.730600	-0.496200	-0.485600	1.060400	-1.012700	-0.558400
1627306495.928712	0.723900	-0.503400	-0.496900	1.083000	-1.057000	-0.570900
1627306495.947008	0.710100	-0.500600	-0.505700	1.066500	-1.090900	-0.593200
1627306495.948563	0.704200	-0.489000	-0.513500	1.058600	-1.116900	-0.614600
1627306495.962941	0.705900	-0.478600	-0.525800	1.067100	-1.138300	-0.632600
1627306495.963841	0.709700	-0.470600	-0.541400	1.063500	-1.154700	-0.640500
1627306495.985612	0.704600	-0.465300	-0.568400	1.040300	-1.167600	-0.635300
1627306495.996399	0.699300	-0.467400	-0.589700	1.058600	-1.170600	-0.625600
1627306495.997286	0.696900	-0.476400	-0.611300	1.084200	-1.170900	-0.613300
1627306496.007084	0.688200	-0.485200	-0.629800	1.109300	-1.161800	-0.601400
1627306496.008605	0.673000	-0.498300	-0.642200	1.146800	-1.145600	-0.595900
1627306496.032090	0.665900	-0.510000	-0.648200	1.185900	-1.123300	-0.599000
1627306496.045341	0.669200	-0.522800	-0.651100	1.200600	-1.099200	-0.606600
1627306496.046235	0.664800	-0.529900	-0.642900	1.187200	-1.068000	-0.624000
1627306496.052458	0.661600	-0.533300	-0.634800	1.175900	-1.045400	-0.640500
1627306496.078219	0.659900	-0.533800	-0.629900	1.159100	-1.031000	-0.654900
1627306496.086461	0.654900	-0.534900	-0.626800	1.141000	-1.021000	-0.661900
1627306496.087371	0.643900	-0.546100	-0.634300	1.160000	-1.018800	-0.667700
1627306496.098579	0.637600	-0.550800	-0.639800	1.183500	-1.014900	-0.679600
1627306496.113266	0.627600	-0.554200	-0.646000	1.185000	-1.008800	-0.697000
1627306496.124033	0.622100	-0.543200	-0.647900	1.200300	-0.999000	-0.718400
1627306496.124933	0.612800	-0.541000	-0.646000	1.255000	-0.990100	-0.731800
1627306496.136136	0.612700	-0.551600	-0.652700	1.299600	-0.977900	-0.749000
1627306496.158214	0.603500	-0.554400	-0.649700	1.299000	-0.967500	-0.772800
1627306496.159431	0.599600	-0.540900	-0.643900	1.258900	-0.960800	-0.792600
1627306496.173082	0.607700	-0.517800	-0.639400	1.250400	-0.959600	-0.804800
1627306496.187721	0.608000	-0.504400	-0.638300	1.269600	-0.964500	-0.801200
1627306496.188626	0.619300	-0.503500	-0.647000	1.262000	-0.975200	-0.783200
1627306496.198438	0.612900	-0.510500	-0.658700	1.228400	-0.984600	-0.765400
1627306496.207104	0.612400	-0.521200	-0.669100	1.250100	-0.999900	-0.745000
1627306496.210527	0.610200	-0.522100	-0.680400	1.180400	-1.006600	-0.718400
1627306496.232523	0.607300	-0.519900	-0.686400	1.134000	-1.013900	-0.689400
1627306496.234779	0.600300	-0.528800	-0.694100	1.158500	-1.014900	-0.666800
1627306496.244641	0.589700	-0.555300	-0.707400	1.169800	-1.002300	-0.651200
1627306496.253420	0.582800	-0.577000	-0.718500	1.164300	-0.981600	-0.653400
1627306496.269901	0.580100	-0.592200	-0.724900	1.188400	-0.956200	-0.674400
1627306496.279836	0.570200	-0.600500	-0.730500	1.204300	-0.929600	-0.698200
1627306496.298578	0.561000	-0.610100	-0.736800	1.219800	-0.901200	-0.722700
1627306496.299720	0.563000	-0.616200	-0.739900	1.255600	-0.873700	-0.751400
1627306496.310827	0.554200	-0.622900	-0.741300	1.245800	-0.846900	-0.781900
1627306496.317818	0.549700	-0.627100	-0.741700	1.233600	-0.820900	-0.817100
1627306496.338401	0.556500	-0.612300	-0.733000	1.157800	-0.804100	-0.832300
1627306496.340878	0.571000	-0.588400	-0.724600	1.055200	-0.793100	-0.834800
1627306496.344522	0.576700	-0.575300	-0.721700	1.018000	-0.783000	-0.832300
1627306496.359064	0.571300	-0.574000	-0.722500	0.979200	-0.767800	-0.827100
1627306496.359755	0.572100	-0.567300	-0.723600	0.872600	-0.752800	-0.822300
1627306496.382884	0.569600	-0.552400	-0.727800	0.792500	-0.735400	-0.815500
1627306496.394967	0.564200	-0.537400	-0.731300	0.777300	-0.705500	-0.806100
1627306496.395427	0.563400	-0.530600	-0.739500	0.738500	-0.679200	-0.794800
1627306496.400719	0.558200	-0.525600	-0.742100	0.687800	-0.652600	-0.778900
1627306496.422112	0.563600	-0.531700	-0.750900	0.693000	-0.627300	-0.765100
1627306496.435232	0.579600	-0.546600	-0.759000	0.704600	-0.604400	-0.759900
1627306496.436130	0.585200	-0.559200	-0.764600	0.675300	-0.584200	-0.762100
1627306496.442480	0.588000	-0.557100	-0.768600	0.649900	-0.561000	-0.771600
1627306496.465842	0.590800	-0.546900	-0.772500	0.663000	-0.532300	-0.781600
1627306496.473166	0.600500	-0.537200	-0.773300	0.661200	-0.506900	-0.787400
1627306496.474192	0.604400	-0.527700	-0.769300	0.637700	-0.481900	-0.785300
1627306496.494890	0.606300	-0.520300	-0.766600	0.613900	-0.458100	-0.776400
1627306496.495710	0.614600	-0.524400	-0.770300	0.602300	-0.435800	-0.764200
1627306496.505688	0.618200	-0.536300	-0.774900	0.582100	-0.410700	-0.756300
1627306496.516763	0.610500	-0.549100	-0.780500	0.542100	-0.381700	-0.759000
1627306496.538877	0.607900	-0.556300	-0.782800	0.513700	-0.344100	-0.771600
1627306496.539764	0.612300	-0.559300	-0.782100	0.502400	-0.315400	-0.789000
1627306496.543278	0.613800	-0.552700	-0.780800	0.475200	-0.289200	-0.803600
1627306496.558843	0.619800	-0.535300	-0.782800	0.445900	-0.265900	-0.807300
1627306496.560434	0.626700	-0.525400	-0.788600	0.469400	-0.246100	-0.802400
1627306496.584850	0.627700	-0.526600	-0.803800	0.520700	-0.220700	-0.798700
1627306496.585675	0.620500	-0.534700	-0.821400	0.526500	-0.176400	-0.805200
1627306496.601092	0.616300	-0.533800	-0.824600	0.501800	-0.118400	-0.823800
1627306496.611875	0.617700	-0.526200	-0.820700	0.489900	-0.058900	-0.849100
1627306496.624121	0.613200	-0.516600	-0.807600	0.463300	0.002800	-0.873600
1627306496.625011	0.609400	-0.503100	-0.783800	0.408600	0.063900	-0.896500
1627306496.628603	0.607500	-0.487200	-0.759400	0.355200	0.117400	-0.916300
1627306496.650647	0.609700	-0.472200	-0.735200	0.313900	0.162000	-0.936500
1627306496.662654	0.613900	-0.451400	-0.710900	0.259300	0.198300	-0.951500
1627306496.663547	0.615800	-0.427500	-0.695800	0.210700	0.221200	-0.955400
1627306496.666307	0.620600	-0.403600	-0.685800	0.182600	0.236800	-0.947800
1627306496.690719	0.626500	-0.388200	-0.679100	0.178300	0.250900	-0.935300
1627306496.705867	0.637000	-0.375200	-0.672900	0.168900	0.266100	-0.920600
1627306496.709217	0.647500	-0.361200	-0.663800	0.149900	0.283200	-0.907800
1627306496.710122	0.650400	-0.339000	-0.648300	0.127000	0.299400	-0.893100
1627306496.733524	0.655600	-0.307000	-0.625700	0.101400	0.315300	-0.864100
1627306496.734689	0.661700	-0.280200	-0.612700	0.099500	0.323200	-0.828700
1627306496.745577	0.667000	-0.257100	-0.598800	0.097400	0.325700	-0.785300
1627306496.751679	0.678700	-0.234400	-0.588300	0.058300	0.327800	-0.731800
1627306496.771724	0.682300	-0.223600	-0.587800	0.041200	0.326600	-0.668000
1627306496.774567	0.681600	-0.225300	-0.587300	0.066200	0.326000	-0.605700
1627306496.789737	0.690400	-0.232400	-0.587300	0.049100	0.333900	-0.546100
1627306496.794224	0.693800	-0.246700	-0.589700	0.027100	0.341000	-0.487500
1627306496.817389	0.700000	-0.254600	-0.583700	0.037200	0.349800	-0.451500
1627306496.818789	0.702400	-0.264900	-0.579200	0.025900	0.357100	-0.418500
1627306496.823301	0.704100	-0.262500	-0.567500	0.008800	0.359000	-0.391000
1627306496.838599	0.717000	-0.257900	-0.554300	-0.010100	0.362000	-0.360100
1627306496.840485	0.721100	-0.259500	-0.546000	0.002400	0.362000	-0.332000
1627306496.860992	0.725300	-0.278000	-0.541000	0.015500	0.365700	-0.318600
1627306496.863191	0.728600	-0.291400	-0.537100	0.006400	0.371500	-0.318600
1627306496.881927	0.739500	-0.295900	-0.535200	-0.023300	0.380400	-0.327100
1627306496.882850	0.746000	-0.286300	-0.526200	-0.036400	0.390400	-0.341200
1627306496.905818	0.751300	-0.265700	-0.515700	-0.057800	0.406300	-0.354600
1627306496.907019	0.752400	-0.233300	-0.499600	-0.098700	0.423700	-0.359500
1627306496.922201	0.742600	-0.193600	-0.483600	-0.142400	0.439900	-0.349100
1627306496.928054	0.733600	-0.147100	-0.457900	-0.187900	0.454900	-0.315200
1627306496.950654	0.726300	-0.116500	-0.437300	-0.242600	0.459200	-0.255400
1627306496.951557	0.727400	-0.093600	-0.418000	-0.289000	0.448500	-0.179000
1627306496.963842	0.733800	-0.089800	-0.404400	-0.322000	0.422200	-0.084300
1627306496.965017	0.751500	-0.100800	-0.395300	-0.333900	0.377600	0.018600
1627306496.972090	0.763300	-0.126200	-0.393300	-0.341500	0.317100	0.125800
1627306496.982322	0.766500	-0.159400	-0.391200	-0.338500	0.247800	0.225700
1627306497.002559	0.761400	-0.205300	-0.389000	-0.336600	0.162900	0.317300
1627306497.003409	0.753400	-0.239100	-0.390500	-0.326300	0.090500	0.378400
1627306497.014973	0.753300	-0.261000	-0.388800	-0.307300	0.026100	0.414400
1627306497.025793	0.750200	-0.278000	-0.390500	-0.287800	-0.035000	0.436400
1627306497.041537	0.755200	-0.286600	-0.402500	-0.265200	-0.092800	0.453800
1627306497.042447	0.771200	-0.284500	-0.417200	-0.266100	-0.149300	0.472800
1627306497.052193	0.772100	-0.277500	-0.437700	-0.285000	-0.201800	0.502700
1627306497.056131	0.766200	-0.280200	-0.471600	-0.285000	-0.248200	0.548800
1627306497.079427	0.754200	-0.294600	-0.501200	-0.286900	-0.270200	0.582700
1627306497.091511	0.745100	-0.314200	-0.527600	-0.309800	-0.274800	0.609300
1627306497.092416	0.733300	-0.331500	-0.547500	-0.328100	-0.267200	0.623700
1627306497.097296	0.719200	-0.348000	-0.559800	-0.323200	-0.249100	0.625200
1627306497.119668	0.710300	-0.364500	-0.566500	-0.321700	-0.224400	0.614200
1627306497.132715	0.699600	-0.373200	-0.565800	-0.340600	-0.196600	0.595600
1627306497.133611	0.698600	-0.376600	-0.565100	-0.376000	-0.175800	0.575700
1627306497.137372	0.699800	-0.374600	-0.563800	-0.398900	-0.166100	0.566900
1627306497.163303	0.710800	-0.379000	-0.570300	-0.428900	-0.166700	0.566500
1627306497.171786	0.717800	-0.385100	-0.578900	-0.470700	-0.171900	0.571400
1627306497.190271	0.716900	-0.395800	-0.594200	-0.497600	-0.177400	0.574500
1627306497.191171	0.714100	-0.406900	-0.607100	-0.517800	-0.179200	0.569900
1627306497.192357	0.714000	-0.407300	-0.620200	-0.577000	-0.177700	0.557400
1627306497.202076	0.711400	-0.390500	-0.629900	-0.635000	-0.176100	0.547300
1627306497.209387	0.707500	-0.371800	-0.640900	-0.636900	-0.174600	0.551300
1627306497.231469	0.714700	-0.358500	-0.653300	-0.626200	-0.170900	0.564700
1627306497.232397	0.716900	-0.344800	-0.664900	-0.642100	-0.165500	0.583000
1627306497.242178	0.709600	-0.329300	-0.676800	-0.649100	-0.153500	0.606300
1627306497.246029	0.701500	-0.316000	-0.688500	-0.633500	-0.135800	0.636200
1627306497.271450	0.693100	-0.306800	-0.700100	-0.613400	-0.110200	0.675600
1627306497.272345	0.684900	-0.300300	-0.707200	-0.603600	-0.078100	0.720200
1627306497.284992	0.682500	-0.295200	-0.707900	-0.597200	-0.044500	0.765700
1627306497.297255	0.686400	-0.299700	-0.709600	-0.580700	-0.008500	0.814300
1627306497.303672	0.688200	-0.314200	-0.707300	-0.553500	0.027000	0.861600
1627306497.324584	0.692900	-0.335900	-0.703700	-0.542500	0.057200	0.903100
1627306497.334005	0.696300	-0.356300	-0.695100	-0.551400	0.082300	0.935200
1627306497.334899	0.688700	-0.381600	-0.680100	-0.555000	0.097200	0.967300
1627306497.347353	0.681200	-0.402600	-0.673300	-0.541900	0.100300	0.990500
1627306497.364616	0.686300	-0.425000	-0.669300	-0.522300	0.098100	1.002100
1627306497.371659	0.679200	-0.440300	-0.672500	-0.534300	0.089900	1.007900
1627306497.386422	0.685500	-0.451700	-0.679800	-0.544600	0.078300	1.014600
1627306497.387969	0.683300	-0.463100	-0.688700	-0.530000	0.067600	1.016800
1627306497.408748	0.692500	-0.473600	-0.703400	-0.522300	0.059000	1.015500
1627306497.410964	0.690800	-0.482900	-0.719500	-0.552300	0.056600	1.013400
1627306497.413372	0.679200	-0.485400	-0.732400	-0.571800	0.062700	1.013100
1627306497.428057	0.668700	-0.493500	-0.747100	-0.566600	0.076800	1.009100
1627306497.428956	0.658800	-0.502600	-0.762300	-0.577000	0.101800	1.001800
1627306497.451075	0.646500	-0.512300	-0.775500	-0.599900	0.135700	0.991100
1627306497.451892	0.633100	-0.516400	-0.787800	-0.609100	0.177200	0.976700
1627306497.467469	0.624400	-0.521200	-0.799700	-0.592300	0.231900	0.958100
1627306497.490534	0.620100	-0.522700	-0.804200	-0.570000	0.302500	0.930900
1627306497.491428	0.617700	-0.517000	-0.802400	-0.566600	0.366900	0.907400
1627306497.492239	0.609300	-0.508500	-0.791900	-0.566600	0.432900	0.889100
1627306497.502025	0.600800	-0.502200	-0.773400	-0.555600	0.501900	0.872600
1627306497.511870	0.589700	-0.507400	-0.750900	-0.533000	0.569700	0.854300
1627306497.534600	0.589400	-0.514300	-0.723800	-0.529700	0.629000	0.829500
1627306497.536166	0.589100	-0.519700	-0.693100	-0.547400	0.680300	0.795900
1627306497.551519	0.603000	-0.516000	-0.658900	-0.555300	0.710500	0.759000
1627306497.554330	0.611900	-0.501600	-0.629500	-0.574900	0.718200	0.734800
1627306497.555224	0.618200	-0.481800	-0.600600	-0.594700	0.710800	0.723200
1627306497.578637	0.619500	-0.468100	-0.577400	-0.595600	0.691600	0.727500
1627306497.580647	0.615200	-0.456300	-0.562000	-0.595000	0.658000	0.743400
1627306497.596137	0.610700	-0.443600	-0.550400	-0.635400	0.618300	0.772700
1627306497.614155	0.620400	-0.438500	-0.545900	-0.668600	0.552900	0.834700
1627306497.615054	0.627100	-0.452500	-0.553000	-0.649100	0.473800	0.909500
1627306497.620992	0.626500	-0.488900	-0.573500	-0.655200	0.400800	0.973100
1627306497.632224	0.629600	-0.527300	-0.603600	-0.682100	0.331500	1.027800
1627306497.648193	0.611600	-0.563800	-0.631500	-0.704400	0.275600	1.059500
1627306497.660325	0.598000	-0.590700	-0.657300	-0.713500	0.240200	1.067500
1627306497.661210	0.584400	-0.609000	-0.681600	-0.724800	0.223700	1.060100
1627306497.672639	0.576500	-0.621900	-0.709000	-0.737700	0.231000	1.034500
1627306497.686839	0.569800	-0.625000	-0.728000	-0.753900	0.254800	1.003300
1627306497.702197	0.561800	-0.626300	-0.746200	-0.782600	0.291800	0.967300
1627306497.708056	0.564500	-0.633400	-0.767300	-0.782000	0.341000	0.924200
1627306497.725076	0.556000	-0.634200	-0.784500	-0.795700	0.400200	0.875300
1627306497.725892	0.554400	-0.624100	-0.789900	-0.861700	0.470500	0.824600
1627306497.730844	0.561500	-0.604100	-0.784400	-0.925800	0.538900	0.777600
1627306497.745609	0.561900	-0.579800	-0.773700	-0.990300	0.624700	0.727200
1627306497.746508	0.561300	-0.558600	-0.756700	-1.072100	0.687300	0.693600
1627306497.768630	0.555400	-0.538000	-0.741800	-1.173200	0.746900	0.669500
1627306497.770824	0.542600	-0.525500	-0.725200	-1.234900	0.797000	0.653000
1627306497.785747	0.541400	-0.522100	-0.710700	-1.266700	0.840300	0.633700
1627306497.788020	0.544300	-0.518800	-0.693000	-1.319200	0.866600	0.619700
1627306497.811249	0.552100	-0.504000	-0.673500	-1.368100	0.873300	0.612100
1627306497.813490	0.569700	-0.484400	-0.656000	-1.389200	0.862300	0.612700
1627306497.819710	0.582900	-0.466200	-0.648200	-1.407500	0.833600	0.628500
1627306497.831743	0.590200	-0.449300	-0.647000	-1.420600	0.790900	0.655100
1627306497.851281	0.597200	-0.438400	-0.651000	-1.424300	0.740200	0.691800
1627306497.852110	0.592700	-0.416700	-0.651000	-1.440800	0.692200	0.737000
1627306497.859673	0.592200	-0.404100	-0.662000	-1.458500	0.642400	0.799000
1627306497.869608	0.590700	-0.404100	-0.678700	-1.427600	0.582200	0.874700
1627306497.890040	0.585400	-0.423100	-0.704600	-1.387900	0.530300	0.944700
1627306497.890907	0.586400	-0.443400	-0.726100	-1.367800	0.496400	0.996300
1627306497.901848	0.584000	-0.457900	-0.748400	-1.330500	0.470200	1.035400
1627306497.912273	0.574300	-0.470200	-0.770300	-1.272500	0.454600	1.068100
1627306497.930299	0.568800	-0.488600	-0.794200	-1.198900	0.453400	1.092500
1627306497.931303	0.564800	-0.515400	-0.823700	-1.105700	0.462800	1.107500
1627306497.940953	0.555900	-0.535800	-0.853500	-0.997600	0.488500	1.104700
1627306497.949791	0.557500	-0.535600	-0.870200	-0.933100	0.529400	1.093700
1627306497.979349	0.550800	-0.526100	-0.876100	-0.865000	0.585600	1.083300
1627306497.995583	0.545700	-0.516500	-0.878100	-0.793300	0.651900	1.077500
1627306497.996536	0.540300	-0.514800	-0.872700	-0.751400	0.725500	1.076600
1627306497.997395	0.530800	-0.517700	-0.863300	-0.740400	0.797900	1.077800
1627306498.000796	0.531700	-0.527600	-0.848300	-0.739500	0.863900	1.080300
1627306498.015514	0.527500	-0.549300	-0.825100	-0.758100	0.935600	1.072600
1627306498.016413	0.525600	-0.574800	-0.805700	-0.780400	0.996100	1.049700
1627306498.032476	0.525900	-0.602200	-0.787200	-0.799100	1.045900	1.008200
1627306498.039821	0.527800	-0.620700	-0.768700	-0.840900	1.085300	0.954800
1627306498.045019	0.529300	-0.625600	-0.746300	-0.887600	1.115800	0.895200
1627306498.066916	0.522300	-0.619500	-0.722300	-0.922200	1.137200	0.831700
1627306498.082323	0.522000	-0.598100	-0.692100	-0.965800	1.155500	0.772400
1627306498.086751	0.538600	-0.559400	-0.657800	-1.056500	1.176000	0.708600
1627306498.087658	0.536100	-0.527600	-0.627100	-1.131100	1.173600	0.681400
1627306498.109865	0.548600	-0.520100	-0.603900	-1.144800	1.147300	0.674100
1627306498.110853	0.567100	-0.529100	-0.585300	-1.137500	1.114000	0.660900
1627306498.120923	0.596200	-0.540200	-0.572600	-1.221800	1.077700	0.646000
1627306498.130415	0.630400	-0.543500	-0.560100	-1.281000	1.021500	0.636500
1627306498.151157	0.661900	-0.553200	-0.555800	-1.259400	0.948800	0.629500
1627306498.153361	0.679900	-0.570900	-0.562500	-1.249300	0.856500	0.622400
1627306498.160902	0.693400	-0.579500	-0.582500	-1.286800	0.780500	0.619100
1627306498.168224	0.696300	-0.581400	-0.603100	-1.295100	0.720300	0.608400
1627306498.187449	0.689500	-0.581500	-0.634200	-1.257500	0.684600	0.587600
1627306498.189627	0.674300	-0.575300	-0.663100	-1.216300	0.681200	0.558300
1627306498.204508	0.667800	-0.558300	-0.689800	-1.183900	0.708400	0.528100
1627306498.209907	0.650800	-0.531000	-0.703000	-1.096600	0.767300	0.494500
1627306498.233861	0.665200	-0.512100	-0.703700	-0.942000	0.841600	0.468200
1627306498.234779	0.689200	-0.501000	-0.694800	-0.833000	0.905700	0.455400
1627306498.239635	0.697000	-0.480800	-0.678700	-0.790500	0.965000	0.456600
1627306498.254405	0.700000	-0.464500	-0.661400	-0.728500	1.007400	0.470000
1627306498.255296	0.705300	-0.464100	-0.640400	-0.623400	1.038300	0.492300
1627306498.274587	0.717700	-0.480600	-0.621500	-0.544000	1.061500	0.510700
1627306498.284566	0.720600	-0.495600	-0.592200	-0.539100	1.080100	0.524100
1627306498.295717	0.735100	-0.506100	-0.562900	-0.509800	1.099700	0.518300
1627306498.310727	0.690900	-0.536500	-0.545200	-0.394100	1.104800	0.486500
1627306498.311619	0.695200	-0.548100	-0.508100	-0.370500	1.102100	0.455100
1627306498.321005	0.719500	-0.532600	-0.470500	-0.455800	1.087700	0.431900
1627306498.326181	0.719500	-0.532600	-0.470500	-0.455800	1.087700	0.431900
1627306498.348193	0.733800	-0.519900	-0.440900	-0.408700	1.062700	0.390900
1627306498.362794	0.739400	-0.532700	-0.428500	-0.300900	1.023600	0.349400
1627306498.363686	0.729200	-0.518800	-0.404900	-0.368400	0.974100	0.306900
1627306498.367563	0.730800	-0.490100	-0.382000	-0.519600	0.923400	0.289800
1627306498.392720	0.733300	-0.476200	-0.373900	-0.482000	0.874200	0.277000
1627306498.393627	0.741900	-0.493900	-0.373300	-0.428600	0.837600	0.243700
1627306498.398649	0.721700	-0.505000	-0.361500	-0.526000	0.802500	0.206100
1627306498.412545	0.724000	-0.496500	-0.352800	-0.632600	0.757000	0.174700
1627306498.434264	0.704100	-0.478900	-0.338900	-0.639900	0.703500	0.146300
1627306498.435155	0.717300	-0.490100	-0.359500	-0.542200	0.669300	0.088900
1627306498.438389	0.695700	-0.479700	-0.361300	-0.641500	0.620400	0.060800
1627306498.452482	0.703700	-0.463300	-0.367600	-0.723900	0.590500	0.033300
1627306498.472803	0.705800	-0.460700	-0.382000	-0.611200	0.581300	-0.011900
1627306498.480065	0.735200	-0.463500	-0.397600	-0.636300	0.574600	-0.040300
1627306498.480999	0.759200	-0.464200	-0.404500	-0.712000	0.573700	-0.069400
1627306498.490946	0.755500	-0.461300	-0.411100	-0.639000	0.567900	-0.102000
1627306498.493543	0.759200	-0.446000	-0.407200	-0.592900	0.563000	-0.127700
1627306498.519209	0.760100	-0.432400	-0.397800	-0.567200	0.559000	-0.143900
1627306498.520098	0.769500	-0.411900	-0.383500	-0.478400	0.553200	-0.162800
1627306498.529774	0.780000	-0.387600	-0.369000	-0.401400	0.538000	-0.170500
1627306498.532160	0.794100	-0.364000	-0.354400	-0.355600	0.512300	-0.163400
1627306498.558986	0.810700	-0.348900	-0.340800	-0.285300	0.474700	-0.143600
1627306498.559873	0.818400	-0.341100	-0.328600	-0.201000	0.420100	-0.106600
1627306498.565042	0.831700	-0.348900	-0.324300	-0.132300	0.359000	-0.062600
1627306498.586205	0.840500	-0.369400	-0.325900	-0.045300	0.302200	-0.034900
1627306498.589627	0.848300	-0.381100	-0.324600	0.007900	0.254200	-0.021400
1627306498.604611	0.850600	-0.382200	-0.321200	0.028700	0.208700	-0.018100
1627306498.606789	0.856600	-0.382900	-0.319800	0.091600	0.172400	-0.023200
1627306498.631349	0.859400	-0.380700	-0.319600	0.162400	0.138500	-0.033300
1627306498.632481	0.867800	-0.371000	-0.318100	0.165200	0.102700	-0.037600
1627306498.636092	0.882000	-0.362300	-0.316400	0.174700	0.066700	-0.036100
1627306498.652490	0.892700	-0.359000	-0.319300	0.216200	0.030600	-0.030000
1627306498.670645	0.890500	-0.363900	-0.322300	0.223800	-0.005400	-0.022000
1627306498.679148	0.885000	-0.372200	-0.332900	0.217100	-0.036600	-0.013200
1627306498.680038	0.882800	-0.383400	-0.343500	0.247300	-0.068300	-0.014400
1627306498.692587	0.884500	-0.391600	-0.351700	0.289500	-0.094600	-0.026600
1627306498.709375	0.874600	-0.390100	-0.356200	0.299600	-0.120200	-0.047400
1627306498.720255	0.873000	-0.379000	-0.351200	0.313000	-0.139500	-0.070300
1627306498.721158	0.863300	-0.366000	-0.347500	0.338700	-0.162100	-0.088900
1627306498.731193	0.860200	-0.354200	-0.344500	0.353300	-0.187100	-0.096500
1627306498.754490	0.862200	-0.349000	-0.344200	0.345700	-0.218300	-0.095600
1627306498.757760	0.862300	-0.349500	-0.351000	0.337100	-0.251600	-0.093200
1627306498.763041	0.847400	-0.358800	-0.363900	0.330700	-0.277200	-0.092300
1627306498.763967	0.838300	-0.371200	-0.376200	0.321900	-0.294000	-0.106300
1627306498.784980	0.826800	-0.378900	-0.385300	0.308400	-0.296500	-0.129200
1627306498.788345	0.817400	-0.375100	-0.387800	0.304500	-0.295300	-0.156100
1627306498.796959	0.802200	-0.365500	-0.384300	0.314800	-0.291600	-0.180500
1627306498.804492	0.791100	-0.357800	-0.382400	0.346600	-0.287900	-0.203400
1627306498.823868	0.778100	-0.356000	-0.384000	0.383300	-0.291900	-0.219300
1627306498.827311	0.778200	-0.358600	-0.383800	0.406800	-0.300800	-0.232800
1627306498.837268	0.782300	-0.358400	-0.381800	0.404600	-0.323400	-0.235200
1627306498.845747	0.778600	-0.359900	-0.376700	0.404300	-0.355100	-0.230000
1627306498.867491	0.776000	-0.370600	-0.375700	0.398800	-0.393000	-0.224200
1627306498.868531	0.780300	-0.384800	-0.382600	0.401000	-0.436400	-0.216000
1627306498.878526	0.788700	-0.404100	-0.399000	0.409500	-0.482200	-0.213500
1627306498.886829	0.789200	-0.424100	-0.420700	0.427600	-0.525900	-0.219600
1627306498.904925	0.788600	-0.429700	-0.451500	0.427200	-0.559800	-0.233100
1627306498.907333	0.781100	-0.428300	-0.484100	0.455300	-0.586000	-0.240400
1627306498.918392	0.762600	-0.423100	-0.505700	0.534100	-0.594900	-0.247700
1627306498.921068	0.759200	-0.416300	-0.533200	0.575400	-0.591800	-0.251400
1627306498.949020	0.760900	-0.408100	-0.557000	0.622100	-0.580800	-0.247400
1627306498.949917	0.753800	-0.398700	-0.576200	0.684400	-0.557000	-0.245900
1627306498.960178	0.747700	-0.392300	-0.593800	0.723500	-0.518800	-0.232500
1627306498.979950	0.761400	-0.391000	-0.608000	0.773600	-0.457800	-0.210200
1627306498.980773	0.762600	-0.406900	-0.617100	0.808100	-0.386600	-0.195800
1627306498.991110	0.761700	-0.432900	-0.615500	0.815100	-0.308700	-0.195800
1627306499.008143	0.756200	-0.460100	-0.610600	0.814800	-0.237800	-0.207700
1627306499.018992	0.761400	-0.470100	-0.582900	0.764400	-0.173100	-0.232500
1627306499.019875	0.773200	-0.466300	-0.551000	0.693000	-0.117500	-0.258400
1627306499.026241	0.778600	-0.458900	-0.520000	0.682000	-0.083900	-0.279800
1627306499.049482	0.781900	-0.458500	-0.491200	0.697900	-0.062200	-0.309700
1627306499.057846	0.765300	-0.457300	-0.474100	0.690800	-0.058600	-0.331700
1627306499.058742	0.762700	-0.452500	-0.461500	0.691100	-0.068900	-0.350100
1627306499.067129	0.760100	-0.450400	-0.452500	0.757400	-0.086300	-0.370800
1627306499.071374	0.755600	-0.451900	-0.442400	0.824600	-0.110200	-0.389500
1627306499.093810	0.762200	-0.455700	-0.428700	0.844800	-0.143200	-0.405600
1627306499.097134	0.769200	-0.456200	-0.406900	0.870100	-0.187400	-0.423100
1627306499.108622	0.780900	-0.457500	-0.383100	0.895200	-0.259800	-0.442900
1627306499.115723	0.787700	-0.458500	-0.363600	0.895200	-0.334400	-0.459700
1627306499.127050	0.792800	-0.454000	-0.345900	0.888100	-0.420500	-0.476200
1627306499.142144	0.799200	-0.446200	-0.335700	0.870700	-0.516400	-0.491800
1627306499.144366	0.797000	-0.439300	-0.341900	0.852700	-0.615000	-0.510100
1627306499.168217	0.786400	-0.429700	-0.356700	0.841100	-0.707300	-0.529300
1627306499.169599	0.787500	-0.409900	-0.370800	0.769600	-0.801100	-0.528700
1627306499.185119	0.790900	-0.392900	-0.397700	0.709500	-0.899400	-0.511600
1627306499.190621	0.780800	-0.403300	-0.437000	0.703400	-0.965700	-0.498800
1627306499.212664	0.771500	-0.422600	-0.482700	0.663300	-1.006900	-0.493300
1627306499.213658	0.761400	-0.437400	-0.523700	0.599800	-1.028300	-0.500000
1627306499.217219	0.751100	-0.444200	-0.555700	0.584500	-1.032000	-0.519000
1627306499.231584	0.747700	-0.452800	-0.592300	0.604700	-1.017600	-0.545200
1627306499.232284	0.744600	-0.450600	-0.628100	0.600700	-0.994100	-0.572100
1627306499.252423	0.741800	-0.437900	-0.652100	0.611400	-0.958400	-0.592300
1627306499.255858	0.738200	-0.425200	-0.673600	0.662100	-0.916200	-0.602300
1627306499.262401	0.741300	-0.414400	-0.689100	0.707300	-0.865800	-0.606000
1627306499.286123	0.745600	-0.403400	-0.698400	0.726000	-0.810200	-0.595900
1627306499.300535	0.750600	-0.399500	-0.707200	0.768100	-0.753100	-0.578200
1627306499.301442	0.755600	-0.403100	-0.702500	0.826400	-0.698400	-0.557800
1627306499.316331	0.757800	-0.416100	-0.689700	0.861300	-0.638900	-0.530600
1627306499.318540	0.760300	-0.432400	-0.676900	0.886000	-0.589400	-0.507700
1627306499.328700	0.756300	-0.452500	-0.657700	0.924800	-0.551800	-0.499400
1627306499.346148	0.749800	-0.474600	-0.638800	0.963900	-0.521000	-0.500600
1627306499.355340	0.747800	-0.493000	-0.615600	0.996900	-0.499600	-0.510100
1627306499.356235	0.744400	-0.506700	-0.595200	1.019800	-0.488600	-0.529300
1627306499.365275	0.741700	-0.513200	-0.575300	1.037200	-0.485200	-0.555300
1627306499.386173	0.745500	-0.518400	-0.551800	1.041500	-0.494100	-0.588300
1627306499.396485	0.744800	-0.520500	-0.536400	1.042400	-0.506000	-0.614000
1627306499.405335	0.741900	-0.524900	-0.525300	1.030500	-0.526800	-0.641400
1627306499.406264	0.732200	-0.529100	-0.514200	1.018300	-0.552100	-0.670800
1627306499.407786	0.720100	-0.531500	-0.509000	1.016400	-0.584200	-0.701600
1627306499.440240	0.714800	-0.523200	-0.505500	1.000800	-0.614400	-0.734300
1627306499.441138	0.711100	-0.507400	-0.502800	0.982800	-0.649900	-0.758400
1627306499.448414	0.707200	-0.486100	-0.507600	0.981300	-0.696600	-0.778000
1627306499.451099	0.706800	-0.465200	-0.513400	0.968200	-0.738700	-0.776100
1627306499.476553	0.708000	-0.455100	-0.526700	0.958700	-0.782100	-0.758700
1627306499.477447	0.705400	-0.449800	-0.540800	0.964200	-0.820000	-0.741300
1627306499.487145	0.703100	-0.458600	-0.563100	0.976400	-0.858500	-0.722700
1627306499.496268	0.690700	-0.460900	-0.576400	0.961800	-0.888700	-0.707400
1627306499.521387	0.675200	-0.461200	-0.592300	0.934900	-0.905800	-0.694000
1627306499.522204	0.663800	-0.468300	-0.609100	0.954700	-0.908900	-0.690900
1627306499.525905	0.654800	-0.479000	-0.624300	0.962700	-0.897600	-0.703100
1627306499.540643	0.652200	-0.485200	-0.639300	0.942200	-0.877700	-0.725700
1627306499.541543	0.645100	-0.485500	-0.645100	0.929400	-0.852400	-0.755400
1627306499.563800	0.635400	-0.482800	-0.652300	0.952600	-0.824000	-0.785300
1627306499.565695	0.633900	-0.485100	-0.657100	0.980400	-0.790400	-0.819500
1627306499.580691	0.634600	-0.474900	-0.662400	0.956300	-0.756200	-0.853100
1627306499.604981	0.637100	-0.451200	-0.658700	0.924500	-0.728400	-0.872700
1627306499.605796	0.632000	-0.445800	-0.665800	0.952000	-0.703900	-0.877500
1627306499.607271	0.622800	-0.457900	-0.673600	1.008500	-0.671600	-0.884900
1627306499.622506	0.628700	-0.470100	-0.677100	0.985600	-0.627600	-0.897400
1627306499.626924	0.641200	-0.472000	-0.676800	0.920200	-0.586600	-0.915100
1627306499.647603	0.645500	-0.460200	-0.672100	0.901300	-0.550000	-0.928200
1627306499.648424	0.636700	-0.449500	-0.665600	0.905900	-0.513600	-0.931900
1627306499.654808	0.653800	-0.450200	-0.659200	0.898500	-0.484900	-0.933700
1627306499.677415	0.658900	-0.451900	-0.657100	0.887200	-0.470300	-0.925500
1627306499.678231	0.662200	-0.458000	-0.658800	0.872000	-0.459000	-0.919400
1627306499.688269	0.676000	-0.456700	-0.654500	0.866800	-0.451600	-0.920300
1627306499.698010	0.675500	-0.457200	-0.648700	0.868900	-0.451900	-0.919400
1627306499.699052	0.674900	-0.456700	-0.642100	0.886600	-0.452900	-0.918800
1627306499.722623	0.683300	-0.449300	-0.626800	0.887500	-0.459300	-0.916900
1627306499.724816	0.687700	-0.437100	-0.612800	0.883300	-0.468100	-0.913300
1627306499.734577	0.691900	-0.419800	-0.599400	0.892700	-0.480000	-0.907800
1627306499.744443	0.695800	-0.404100	-0.584700	0.905600	-0.495000	-0.893700
1627306499.765322	0.704700	-0.386800	-0.572800	0.918700	-0.518800	-0.875100
1627306499.766171	0.711700	-0.368700	-0.561800	0.928500	-0.550900	-0.842100
1627306499.772414	0.715200	-0.352500	-0.553800	0.934000	-0.592800	-0.800000
1627306499.795264	0.708100	-0.346400	-0.554300	0.966000	-0.650200	-0.734900
1627306499.796162	0.699500	-0.354900	-0.560900	1.003000	-0.698400	-0.683600
1627306499.804997	0.694000	-0.370700	-0.569500	1.040900	-0.743300	-0.639900
1627306499.813607	0.696500	-0.394400	-0.586800	1.069000	-0.783600	-0.610300
1627306499.825858	0.696700	-0.410400	-0.604200	1.083900	-0.819700	-0.594400
1627306499.841354	0.689500	-0.419100	-0.620800	1.077500	-0.857000	-0.580000
1627306499.843042	0.684800	-0.423500	-0.640000	1.064400	-0.890900	-0.561400
1627306499.866222	0.673800	-0.435100	-0.663700	1.049100	-0.917100	-0.544000
1627306499.867050	0.667200	-0.451500	-0.691500	1.026200	-0.928700	-0.530000
1627306499.882147	0.664700	-0.472300	-0.718500	0.992300	-0.929300	-0.523200
1627306499.888062	0.660900	-0.493800	-0.744100	0.963000	-0.917400	-0.523800
1627306499.909966	0.660900	-0.511600	-0.765400	0.948000	-0.899100	-0.527800
1627306499.912316	0.640700	-0.521400	-0.783800	0.941300	-0.870100	-0.539100
1627306499.914622	0.638500	-0.538600	-0.809100	0.952900	-0.816600	-0.571500
1627306499.930090	0.626600	-0.553600	-0.831300	0.995400	-0.749400	-0.611500
1627306499.933039	0.611800	-0.559900	-0.841300	1.019200	-0.679500	-0.652100
1627306499.955028	0.611700	-0.556900	-0.841700	1.015200	-0.601300	-0.692800
1627306499.955844	0.617900	-0.543000	-0.834700	1.013400	-0.520700	-0.733700
1627306499.962510	0.624400	-0.535000	-0.823500	0.995000	-0.444600	-0.762700
1627306499.983635	0.624600	-0.530300	-0.806400	0.977300	-0.375000	-0.787700
1627306499.985873	0.636400	-0.535400	-0.777000	0.905200	-0.301700	-0.815200
1627306499.996255	0.643400	-0.549600	-0.760000	0.857600	-0.254600	-0.844900
1627306500.014019	0.646700	-0.564800	-0.741100	0.830700	-0.222300	-0.885200
1627306500.014605	0.661300	-0.566900	-0.725200	0.746400	-0.195700	-0.937100
1627306500.024182	0.679400	-0.551100	-0.710300	0.674300	-0.177100	-0.990200
1627306500.031997	0.686200	-0.528600	-0.698100	0.644700	-0.168500	-1.038200
1627306500.056251	0.688100	-0.513200	-0.695900	0.629400	-0.166400	-1.073300
1627306500.056724	0.688200	-0.500600	-0.701000	0.648700	-0.173400	-1.109700
1627306500.063158	0.699100	-0.491800	-0.709100	0.645900	-0.180700	-1.129800
1627306500.085410	0.701400	-0.469600	-0.710200	0.660900	-0.191100	-1.145700
1627306500.086672	0.703000	-0.439900	-0.711200	0.652700	-0.196000	-1.149700
1627306500.102506	0.712500	-0.408100	-0.706900	0.668500	-0.203600	-1.139300
1627306500.106525	0.708500	-0.385100	-0.705600	0.700600	-0.213400	-1.114900
1627306500.131634	0.702400	-0.372900	-0.712300	0.707600	-0.213700	-1.084000
1627306500.132158	0.692600	-0.370600	-0.722200	0.714000	-0.193200	-1.057400
1627306500.135471	0.693800	-0.372300	-0.731400	0.722900	-0.166700	-1.042500
1627306500.145426	0.697400	-0.371200	-0.731600	0.724700	-0.136700	-1.032100
1627306500.151555	0.704200	-0.369000	-0.732300	0.720500	-0.101600	-1.021100
1627306500.175590	0.706300	-0.364300	-0.727700	0.709200	-0.067700	-1.009200
1627306500.177875	0.701000	-0.363500	-0.724900	0.700300	-0.029500	-0.998800
1627306500.189201	0.699500	-0.362900	-0.719200	0.671900	0.012900	-0.990200
1627306500.191527	0.696000	-0.367600	-0.703500	0.616600	0.061800	-0.986300
1627306500.214394	0.693000	-0.369400	-0.692100	0.570200	0.098700	-0.988400
1627306500.215576	0.693400	-0.367400	-0.679400	0.522500	0.137800	-0.997900
1627306500.224197	0.693800	-0.371100	-0.672500	0.477000	0.174200	-1.010700
1627306500.235333	0.698600	-0.365000	-0.663100	0.470000	0.206900	-1.030300
1627306500.235798	0.707400	-0.349600	-0.659100	0.434600	0.239900	-1.047100
1627306500.259182	0.712600	-0.321700	-0.650300	0.403400	0.275000	-1.062000
1627306500.274333	0.723800	-0.277300	-0.637900	0.372600	0.313200	-1.062900
1627306500.280227	0.727500	-0.235500	-0.624100	0.346300	0.341600	-1.041600
1627306500.280725	0.730000	-0.203100	-0.615600	0.337800	0.371200	-1.000300
1627306500.305463	0.731400	-0.173100	-0.604700	0.304500	0.402300	-0.943500
1627306500.312505	0.740400	-0.148200	-0.590700	0.250100	0.432000	-0.876300
1627306500.312985	0.754300	-0.136500	-0.576700	0.243100	0.450000	-0.803300
1627306500.331568	0.752400	-0.139800	-0.554400	0.240000	0.451200	-0.714700
1627306500.342439	0.747200	-0.151000	-0.537600	0.204000	0.439900	-0.637200
1627306500.343049	0.747600	-0.160300	-0.520400	0.177700	0.413600	-0.570900
1627306500.350833	0.761100	-0.175200	-0.507300	0.163000	0.377300	-0.522600
1627306500.372985	0.758700	-0.190800	-0.496300	0.154500	0.332100	-0.496400
1627306500.375382	0.756700	-0.197000	-0.487700	0.127900	0.287200	-0.481400
1627306500.385507	0.775500	-0.183600	-0.472200	0.065000	0.239900	-0.472200
1627306500.391481	0.793600	-0.158900	-0.461400	-0.028200	0.161400	-0.444400
1627306500.411883	0.786100	-0.140000	-0.464100	-0.087400	0.100000	-0.409900
1627306500.414321	0.779700	-0.139400	-0.475800	-0.140600	0.040700	-0.371400
1627306500.425459	0.781600	-0.138400	-0.490000	-0.187600	-0.005100	-0.341200
1627306500.432859	0.784100	-0.139000	-0.506500	-0.232500	-0.049400	-0.313700
1627306500.455636	0.768100	-0.126300	-0.526000	-0.283200	-0.075000	-0.285000
1627306500.456957	0.777800	-0.114000	-0.549000	-0.315900	-0.085400	-0.252900
1627306500.464690	0.756600	-0.101100	-0.571400	-0.326300	-0.079600	-0.209600
1627306500.485099	0.753500	-0.099900	-0.591400	-0.343400	-0.061300	-0.172600
1627306500.485559	0.755100	-0.102700	-0.609600	-0.351900	-0.029500	-0.135000
1627306500.495340	0.751700	-0.105000	-0.619600	-0.365400	0.014100	-0.099300
1627306500.504369	0.745200	-0.116800	-0.633300	-0.323800	0.062700	-0.073300
1627306500.509041	0.742700	-0.123900	-0.634300	-0.261800	0.122000	-0.057500
1627306500.532869	0.746200	-0.117600	-0.622900	-0.232200	0.189500	-0.046200
1627306500.533749	0.754200	-0.095000	-0.593400	-0.194600	0.260000	-0.025100
1627306500.542933	0.761500	-0.076800	-0.559600	-0.144200	0.307700	0.006400
1627306500.546958	0.770300	-0.068100	-0.527200	-0.119500	0.340300	0.052800
1627306500.572427	0.784200	-0.071000	-0.494300	-0.130800	0.354100	0.110500
1627306500.572908	0.790300	-0.081200	-0.459000	-0.172600	0.352900	0.171900
1627306500.587922	0.792600	-0.104600	-0.433100	-0.204400	0.340000	0.225400
1627306500.590710	0.802200	-0.141800	-0.410200	-0.235800	0.311900	0.266600
1627306500.615171	0.790800	-0.165900	-0.393800	-0.305200	0.268000	0.296200
1627306500.615637	0.798600	-0.183700	-0.378400	-0.324400	0.220000	0.311800
1627306500.625511	0.809200	-0.201500	-0.373700	-0.278600	0.159200	0.321600
1627306500.631994	0.821500	-0.210000	-0.379300	-0.263300	0.083200	0.337500
1627306500.657471	0.809400	-0.201200	-0.387000	-0.304600	0.007700	0.365300
1627306500.657934	0.822400	-0.199500	-0.406400	-0.257200	-0.064700	0.400100
1627306500.661616	0.819000	-0.206900	-0.442100	-0.207400	-0.149600	0.452900
1627306500.670942	0.815900	-0.213600	-0.472900	-0.236500	-0.225000	0.518000
1627306500.686651	0.812500	-0.219100	-0.504800	-0.275600	-0.290400	0.588800
1627306500.697093	0.802400	-0.235500	-0.539100	-0.303000	-0.342900	0.658500
1627306500.715254	0.798500	-0.264500	-0.579300	-0.369600	-0.372500	0.714400
1627306500.715723	0.786600	-0.292600	-0.619500	-0.476500	-0.383200	0.750400
1627306500.724173	0.769000	-0.323200	-0.661400	-0.542800	-0.365500	0.767800
1627306500.735478	0.754600	-0.358200	-0.704300	-0.561100	-0.297700	0.747700
1627306500.739000	0.764200	-0.386700	-0.731100	-0.574600	-0.210400	0.699400
1627306500.760618	0.766000	-0.403700	-0.745200	-0.560800	-0.112000	0.626400
1627306500.762871	0.760600	-0.396100	-0.736600	-0.565400	0.000400	0.537200
1627306500.771764	0.761500	-0.374500	-0.721100	-0.610600	0.118600	0.450800
1627306500.781530	0.768600	-0.351700	-0.695900	-0.587100	0.224900	0.370200
1627306500.804276	0.771400	-0.333700	-0.664200	-0.566600	0.323200	0.291400
1627306500.805725	0.778400	-0.310900	-0.619800	-0.643600	0.412700	0.215600
1627306500.812893	0.787200	-0.282100	-0.578000	-0.699800	0.468000	0.158500
1627306500.822752	0.800900	-0.255700	-0.537200	-0.708700	0.498600	0.108400
1627306500.843865	0.808000	-0.231400	-0.498700	-0.739500	0.505900	0.067500
1627306500.844326	0.820100	-0.203400	-0.462000	-0.796600	0.489100	0.042400
1627306500.851649	0.833700	-0.172500	-0.429600	-0.850400	0.447200	0.036300
1627306500.859589	0.844200	-0.137100	-0.403200	-0.898300	0.373000	0.060400
1627306500.883790	0.853300	-0.105600	-0.388200	-0.978400	0.268600	0.120000
1627306500.884295	0.853100	-0.089100	-0.389300	-0.992700	0.166900	0.186300
1627306500.894138	0.846400	-0.081300	-0.396000	-1.003400	0.063300	0.263600
1627306500.903220	0.835300	-0.080600	-0.410900	-1.011000	-0.038100	0.344500
1627306500.926929	0.824800	-0.075100	-0.428700	-1.003100	-0.134300	0.426000
1627306500.928371	0.822100	-0.068500	-0.449200	-0.969200	-0.224400	0.512200
1627306500.931699	0.819600	-0.067500	-0.478900	-0.912100	-0.316900	0.616000
1627306500.946711	0.814200	-0.074300	-0.513100	-0.842700	-0.398800	0.723200
1627306500.949196	0.806000	-0.087600	-0.545300	-0.787800	-0.456500	0.813300
1627306500.971693	0.803300	-0.105600	-0.580200	-0.746500	-0.494700	0.897300
1627306500.973263	0.792200	-0.121700	-0.611300	-0.698900	-0.516700	0.970300
1627306500.988590	0.774900	-0.145000	-0.646100	-0.647900	-0.518500	1.029300
1627306500.992738	0.764800	-0.162400	-0.676900	-0.598100	-0.502300	1.077800
1627306500.993307	0.753100	-0.187000	-0.710700	-0.534900	-0.456200	1.122400
1627306501.015994	0.750000	-0.211900	-0.732900	-0.459100	-0.397000	1.150500
1627306501.024619	0.746200	-0.234000	-0.747200	-0.419400	-0.325800	1.166700
1627306501.046555	0.737900	-0.258100	-0.754000	-0.398900	-0.244900	1.172200
1627306501.047071	0.732300	-0.279200	-0.746800	-0.381800	-0.161500	1.170400
1627306501.053588	0.728800	-0.304700	-0.739900	-0.380000	-0.079300	1.163400
1627306501.074137	0.731600	-0.331100	-0.723900	-0.404800	-0.003600	1.145000
1627306501.075723	0.734500	-0.361200	-0.700700	-0.439900	0.075800	1.110200
1627306501.091562	0.741800	-0.373700	-0.680200	-0.479000	0.125300	1.075700
1627306501.097855	0.744000	-0.384200	-0.662000	-0.522000	0.155600	1.041200
1627306501.119390	0.742800	-0.388700	-0.645400	-0.524200	0.171100	1.004800
1627306501.120634	0.748500	-0.384500	-0.630000	-0.554400	0.176900	0.973400
1627306501.122080	0.740200	-0.379200	-0.616000	-0.581000	0.166600	0.952300
1627306501.137522	0.732100	-0.374500	-0.609600	-0.588300	0.148200	0.937300
1627306501.141539	0.724200	-0.377100	-0.614600	-0.577900	0.121700	0.926700
1627306501.162927	0.726700	-0.379300	-0.622100	-0.574900	0.097800	0.918700
1627306501.165495	0.726600	-0.374100	-0.630500	-0.567500	0.073100	0.914700
1627306501.180348	0.723600	-0.362400	-0.636100	-0.544600	0.052600	0.914400
1627306501.186499	0.717800	-0.348900	-0.645600	-0.516800	0.039200	0.922100
1627306501.186969	0.711900	-0.335700	-0.650500	-0.497000	0.033100	0.940700
1627306501.208314	0.711200	-0.327800	-0.653800	-0.475000	0.028200	0.974600
1627306501.211785	0.704500	-0.330400	-0.661000	-0.447500	0.023000	1.017700
1627306501.221707	0.698500	-0.346700	-0.665000	-0.440200	0.021800	1.057100
1627306501.225261	0.692400	-0.363800	-0.672200	-0.445100	0.022100	1.093100
1627306501.249310	0.685400	-0.382900	-0.676000	-0.445700	0.025400	1.121200
1627306501.250398	0.677000	-0.408200	-0.685500	-0.451500	0.032500	1.138900
1627306501.256963	0.661600	-0.441800	-0.691800	-0.440800	0.040400	1.146300
1627306501.278022	0.650500	-0.477400	-0.700100	-0.460600	0.053800	1.137100
1627306501.290034	0.647700	-0.506500	-0.712800	-0.482900	0.073700	1.107200
1627306501.290505	0.640300	-0.522300	-0.720200	-0.497300	0.101200	1.062000
1627306501.298239	0.641700	-0.536500	-0.733300	-0.529100	0.135100	1.010300
1627306501.316979	0.637000	-0.549700	-0.743900	-0.538500	0.171700	0.952900
1627306501.330149	0.642300	-0.555500	-0.757600	-0.573000	0.219400	0.888800
1627306501.330894	0.638700	-0.551300	-0.765900	-0.615800	0.273100	0.824300
1627306501.334436	0.641500	-0.531400	-0.770900	-0.649700	0.344300	0.755900
1627306501.354306	0.642100	-0.505900	-0.767900	-0.660700	0.404800	0.706400
1627306501.367075	0.643600	-0.481400	-0.759800	-0.668300	0.458500	0.678900
1627306501.381715	0.648400	-0.456700	-0.751100	-0.663500	0.505900	0.668000
1627306501.396264	0.650000	-0.437400	-0.737100	-0.650300	0.545300	0.671600
1627306501.396819	0.655500	-0.419900	-0.726600	-0.644800	0.578000	0.682300
1627306501.403290	0.657100	-0.407000	-0.712300	-0.645700	0.598400	0.702500
1627306501.424425	0.653400	-0.400300	-0.699600	-0.632300	0.614000	0.736100
1627306501.426801	0.655800	-0.401400	-0.689200	-0.629200	0.617100	0.765700
1627306501.430643	0.654800	-0.409300	-0.683000	-0.624400	0.612500	0.792000
1627306501.440367	0.648100	-0.418800	-0.681800	-0.622800	0.606400	0.816400
1627306501.460478	0.646100	-0.427900	-0.681900	-0.615200	0.601500	0.833800
1627306501.461669	0.651600	-0.437900	-0.679400	-0.592900	0.596000	0.846300
1627306501.477034	0.656200	-0.443500	-0.677400	-0.585300	0.587700	0.854900
1627306501.482825	0.656200	-0.451900	-0.673500	-0.605400	0.580400	0.862200
1627306501.505748	0.653100	-0.457200	-0.671600	-0.618900	0.574000	0.866800
1627306501.506930	0.649900	-0.466100	-0.672900	-0.626200	0.566400	0.867400
1627306501.510566	0.641400	-0.478300	-0.682100	-0.647000	0.564800	0.862500
1627306501.525902	0.637200	-0.489100	-0.693800	-0.668600	0.570300	0.855800
1627306501.529033	0.643100	-0.497800	-0.702000	-0.677200	0.579800	0.845700
1627306501.550741	0.642100	-0.504900	-0.712000	-0.688500	0.593900	0.828300
1627306501.551974	0.640900	-0.505500	-0.717700	-0.708000	0.613100	0.812700
1627306501.559498	0.638300	-0.504200	-0.723900	-0.725500	0.634800	0.797800
1627306501.579189	0.639300	-0.505000	-0.725000	-0.731300	0.657100	0.783700
1627306501.590047	0.639300	-0.503800	-0.724900	-0.753900	0.680000	0.769700
1627306501.590530	0.638500	-0.497200	-0.724000	-0.798500	0.703200	0.761100
1627306501.600797	0.638900	-0.492700	-0.725200	-0.822900	0.725200	0.758100
1627306501.624076	0.639300	-0.491800	-0.723300	-0.822300	0.748400	0.758400
1627306501.624541	0.641100	-0.494400	-0.724400	-0.833900	0.772200	0.761100
1627306501.631721	0.642900	-0.495100	-0.725800	-0.841500	0.790900	0.763200
1627306501.644291	0.642600	-0.498000	-0.722900	-0.826600	0.811300	0.762000
1627306501.646740	0.644800	-0.498500	-0.715700	-0.827500	0.831500	0.757700
1627306501.671173	0.642700	-0.496500	-0.707800	-0.841200	0.851000	0.753500
1627306501.671649	0.645900	-0.491700	-0.698100	-0.837200	0.868400	0.750700
1627306501.689049	0.648700	-0.492200	-0.685800	-0.827500	0.883700	0.749800
1627306501.700445	0.646200	-0.494100	-0.678300	-0.833300	0.894400	0.751600
1627306501.700913	0.652300	-0.496900	-0.671600	-0.836000	0.903900	0.751600
1627306501.710426	0.663200	-0.504400	-0.662700	-0.828700	0.913000	0.747400
1627306501.718226	0.668900	-0.508400	-0.656700	-0.836900	0.921900	0.740600
1627306501.742440	0.670200	-0.506000	-0.644800	-0.867500	0.929500	0.733900
1627306501.742896	0.673200	-0.503300	-0.632300	-0.877600	0.936900	0.727500
1627306501.750420	0.676300	-0.505500	-0.619500	-0.880600	0.939300	0.725400
1627306501.762185	0.673600	-0.507000	-0.609700	-0.908700	0.940500	0.723800
1627306501.782961	0.668700	-0.514000	-0.599500	-0.936800	0.937200	0.722000
1627306501.784167	0.670300	-0.522100	-0.599000	-0.947800	0.934400	0.714100
1627306501.794174	0.666900	-0.523900	-0.591300	-0.966400	0.930400	0.701500
1627306501.805335	0.677400	-0.523900	-0.586500	-0.986900	0.922800	0.692400
1627306501.837022	0.681400	-0.516700	-0.583000	-0.977400	0.912100	0.682000
1627306501.838303	0.683800	-0.504800	-0.578900	-0.967100	0.896800	0.681100
1627306501.839470	0.695300	-0.488300	-0.570800	-0.968600	0.880300	0.687200
1627306501.842761	0.695900	-0.469800	-0.562900	-0.945100	0.860800	0.704300
1627306501.843215	0.684100	-0.453400	-0.554300	-0.904700	0.841300	0.728700
1627306501.862964	0.677700	-0.433000	-0.548600	-0.898000	0.822900	0.763200
1627306501.871731	0.663000	-0.415200	-0.546800	-0.891300	0.800900	0.809100
1627306501.875762	0.695700	-0.408800	-0.545700	-0.822300	0.782300	0.857600
1627306501.900344	0.694300	-0.409400	-0.552100	-0.775500	0.760900	0.887900
1627306501.900970	0.685500	-0.384300	-0.548200	-0.822000	0.738900	0.929100
1627306501.911951	0.669200	-0.357900	-0.554300	-0.832700	0.727900	0.976100
1627306501.914490	0.663500	-0.366100	-0.575800	-0.689400	0.730100	1.017100
1627306501.940256	0.657500	-0.396900	-0.602300	-0.575200	0.745300	1.036900
1627306501.940706	0.657800	-0.425300	-0.622100	-0.584300	0.775000	1.045500
1627306501.949156	0.670900	-0.434400	-0.630000	-0.600500	0.827800	1.040900
1627306501.958448	0.661400	-0.440600	-0.627600	-0.599000	0.885800	1.036900
1627306501.981787	0.643900	-0.456200	-0.621900	-0.617300	0.943000	1.042400
1627306501.993768	0.627200	-0.480700	-0.616000	-0.680900	1.012300	1.046700
1627306501.994252	0.608200	-0.516200	-0.603100	-0.710500	1.085600	1.040900
1627306502.000845	0.598900	-0.563000	-0.581800	-0.718700	1.162600	1.011300
1627306502.019513	0.589000	-0.616100	-0.555900	-0.730300	1.235900	0.960600
1627306502.020899	0.593600	-0.690800	-0.515900	-0.704400	1.310700	0.859500
1627306502.028247	0.601700	-0.734100	-0.471800	-0.702900	1.359000	0.740000
1627306502.051506	0.624600	-0.762200	-0.429200	-0.728800	1.383100	0.617200
1627306502.052146	0.651100	-0.776400	-0.385900	-0.731600	1.375200	0.492900
1627306502.059215	0.679800	-0.771600	-0.347000	-0.737100	1.334800	0.377500
1627306502.069616	0.703400	-0.744400	-0.317400	-0.770400	1.268600	0.275200
1627306502.091170	0.704700	-0.698000	-0.297400	-0.777100	1.190100	0.190900
1627306502.091657	0.724400	-0.629800	-0.292100	-0.739500	1.092000	0.124600
1627306502.103702	0.724400	-0.629800	-0.292100	-0.739500	1.092000	0.124600
1627306502.111367	0.727800	-0.574100	-0.293000	-0.751400	1.017800	0.113000
1627306502.131619	0.736800	-0.526100	-0.292200	-0.762400	0.944800	0.135300
1627306502.132885	0.755500	-0.502900	-0.293000	-0.748400	0.873600	0.176500
1627306502.139822	0.758700	-0.500000	-0.297200	-0.724800	0.805200	0.223900
1627306502.148703	0.765900	-0.503300	-0.301000	-0.732200	0.743500	0.273000
1627306502.170639	0.783000	-0.512200	-0.306000	-0.731900	0.683700	0.317300
1627306502.182788	0.786700	-0.538200	-0.312100	-0.673800	0.619200	0.347900
1627306502.183690	0.769200	-0.553300	-0.316200	-0.636600	0.575200	0.355200
1627306502.192476	0.791100	-0.563100	-0.308700	-0.624100	0.545000	0.352400
1627306502.219213	0.808500	-0.568000	-0.316000	-0.582800	0.505600	0.341400
1627306502.219906	0.788800	-0.578200	-0.323200	-0.499700	0.471400	0.329500
1627306502.221086	0.806300	-0.585100	-0.325000	-0.469200	0.441400	0.318200
1627306502.232155	0.795300	-0.587000	-0.321400	-0.497900	0.415200	0.300500
1627306502.236892	0.790900	-0.592500	-0.317000	-0.475600	0.397500	0.271800
1627306502.258926	0.781400	-0.598000	-0.314100	-0.465200	0.384300	0.239100
1627306502.259752	0.777800	-0.599200	-0.308500	-0.484500	0.373000	0.202800
1627306502.269658	0.777000	-0.601100	-0.309800	-0.470400	0.365400	0.162200
1627306502.278220	0.774200	-0.601100	-0.312300	-0.429200	0.362000	0.115100
1627306502.296250	0.765100	-0.597000	-0.314100	-0.411500	0.364200	0.068400
1627306502.299528	0.762100	-0.581700	-0.310300	-0.385800	0.371800	0.017700
1627306502.311201	0.758400	-0.564600	-0.300200	-0.335400	0.377600	-0.027500
1627306502.313558	0.754300	-0.547500	-0.288200	-0.298800	0.377900	-0.057800
1627306502.340314	0.757000	-0.536000	-0.273100	-0.269100	0.369700	-0.080700
1627306502.341208	0.767700	-0.530900	-0.257400	-0.230300	0.351000	-0.098700
1627306502.354001	0.773700	-0.528900	-0.240500	-0.207100	0.321400	-0.118800
1627306502.367113	0.781200	-0.526400	-0.224500	-0.198300	0.283800	-0.138100
1627306502.369620	0.786700	-0.519500	-0.206100	-0.176600	0.227900	-0.159800
1627306502.384302	0.789300	-0.517500	-0.199300	-0.140900	0.172400	-0.178400
1627306502.399551	0.793200	-0.516100	-0.193800	-0.122200	0.116200	-0.192100
1627306502.400567	0.806500	-0.510000	-0.192400	-0.107000	0.059000	-0.205900
1627306502.411267	0.809200	-0.501000	-0.189500	-0.083400	-0.003000	-0.212000
1627306502.416193	0.817100	-0.485100	-0.188100	-0.058100	-0.065900	-0.209600
1627306502.439119	0.819800	-0.472300	-0.186600	-0.019600	-0.130000	-0.205000
1627306502.440011	0.826200	-0.458900	-0.191400	0.040600	-0.215500	-0.184500
1627306502.450982	0.837200	-0.451800	-0.199600	0.074200	-0.283700	-0.160700
1627306502.455184	0.838300	-0.450400	-0.211900	0.114200	-0.349600	-0.133500
1627306502.476970	0.833300	-0.450200	-0.226700	0.154500	-0.411600	-0.105700
1627306502.489125	0.832800	-0.454500	-0.243200	0.188100	-0.468100	-0.077300
1627306502.490037	0.827400	-0.463300	-0.264500	0.222300	-0.515500	-0.052900
1627306502.497414	0.816400	-0.470600	-0.282300	0.259000	-0.559800	-0.034200
1627306502.515957	0.807300	-0.476100	-0.302100	0.293800	-0.597300	-0.022000
1627306502.527899	0.797200	-0.482400	-0.325400	0.327100	-0.618400	-0.015000
1627306502.528809	0.796100	-0.492400	-0.345900	0.359100	-0.630900	-0.012900
1627306502.536233	0.791300	-0.503100	-0.364600	0.362500	-0.640400	-0.014700
1627306502.560372	0.787600	-0.511100	-0.380500	0.349700	-0.646200	-0.018700
1627306502.561282	0.781200	-0.518800	-0.398400	0.337800	-0.646800	-0.029700
1627306502.571105	0.773400	-0.526400	-0.415500	0.327700	-0.638600	-0.047100
1627306502.579852	0.764900	-0.533100	-0.429600	0.307800	-0.626300	-0.070000
1627306502.581900	0.760500	-0.536300	-0.439200	0.299300	-0.612000	-0.092600
1627306502.606574	0.754300	-0.541400	-0.449700	0.311200	-0.595800	-0.115500
1627306502.608609	0.747900	-0.546100	-0.457600	0.335300	-0.574700	-0.143600
1627306502.619700	0.746500	-0.546900	-0.461900	0.349100	-0.550600	-0.174700
1627306502.623682	0.744900	-0.540500	-0.459700	0.357600	-0.530400	-0.206200
1627306502.658146	0.746700	-0.526100	-0.453000	0.374700	-0.515800	-0.231900
1627306502.674375	0.752600	-0.514400	-0.446400	0.396700	-0.510900	-0.249600
1627306502.675297	0.750400	-0.505500	-0.442100	0.395500	-0.511200	-0.254200
1627306502.676116	0.741700	-0.502900	-0.442000	0.394000	-0.514300	-0.256000
1627306502.678414	0.737700	-0.504500	-0.442100	0.414400	-0.515200	-0.263900
1627306502.693244	0.734600	-0.509200	-0.443700	0.421400	-0.515200	-0.277100
1627306502.708029	0.735600	-0.507900	-0.436800	0.414400	-0.516100	-0.295700
1627306502.708923	0.736900	-0.499900	-0.428300	0.432100	-0.522200	-0.315800
1627306502.716297	0.739100	-0.490700	-0.418100	0.462400	-0.532000	-0.329900
1627306502.737482	0.742600	-0.482200	-0.411000	0.468800	-0.550300	-0.338100
1627306502.738300	0.739300	-0.470100	-0.404700	0.468800	-0.574700	-0.337800
1627306502.749742	0.735100	-0.463900	-0.400500	0.491400	-0.607700	-0.327500
1627306502.758314	0.734100	-0.463900	-0.401500	0.517400	-0.646200	-0.312500
1627306502.776360	0.733600	-0.473800	-0.411100	0.534500	-0.690500	-0.292900
1627306502.778468	0.730300	-0.487800	-0.418700	0.537800	-0.750400	-0.269400
1627306502.793477	0.725600	-0.505400	-0.424700	0.543000	-0.799200	-0.253500
1627306502.798135	0.721900	-0.520800	-0.432000	0.555800	-0.845600	-0.241600
1627306502.819964	0.710800	-0.539400	-0.439300	0.570800	-0.887200	-0.241300
1627306502.821130	0.694900	-0.559200	-0.450000	0.593400	-0.917100	-0.257200
1627306502.836603	0.681300	-0.573100	-0.460000	0.617500	-0.935800	-0.290200
1627306502.840592	0.671500	-0.580900	-0.471200	0.653300	-0.948000	-0.336300
1627306502.841500	0.671000	-0.579000	-0.485400	0.696300	-0.960200	-0.381800
1627306502.865106	0.671100	-0.573100	-0.499600	0.691400	-0.962300	-0.411100
1627306502.868415	0.664900	-0.574800	-0.510100	0.691100	-0.962000	-0.434700
1627306502.877240	0.662700	-0.582000	-0.518400	0.699400	-0.962300	-0.460600
1627306502.888098	0.669100	-0.589400	-0.518600	0.664900	-0.963200	-0.485100
1627306502.910894	0.667800	-0.593000	-0.522700	0.617500	-0.960800	-0.515900
1627306502.912374	0.666500	-0.592500	-0.530400	0.595200	-0.961400	-0.554700
1627306502.927513	0.661100	-0.589500	-0.539800	0.582100	-0.953200	-0.593200
1627306502.930478	0.652100	-0.575200	-0.544700	0.552500	-0.944300	-0.615800
1627306502.931392	0.653900	-0.563400	-0.551800	0.598000	-0.933000	-0.642400
1627306502.956356	0.658100	-0.558700	-0.568200	0.656600	-0.910400	-0.674100
1627306502.957173	0.642900	-0.553300	-0.587300	0.749800	-0.894500	-0.705000
1627306502.967135	0.635600	-0.534800	-0.595800	0.836500	-0.881100	-0.721500
1627306502.975716	0.632800	-0.504300	-0.597000	0.903400	-0.869800	-0.715400
1627306502.997581	0.633800	-0.481900	-0.588700	1.018300	-0.869800	-0.688200
1627306502.998775	0.647500	-0.477800	-0.577600	1.116000	-0.886900	-0.646900
1627306503.008398	0.646100	-0.483000	-0.573000	1.140700	-0.916500	-0.596200
1627306503.014311	0.641800	-0.500700	-0.578200	1.138900	-0.947100	-0.548300
