1627306511.164552	0.666100	-0.337200	-0.740500	0.201500	0.015800	0.167700
1627306511.165214	0.656600	-0.357300	-0.743700	0.165700	0.034800	0.119700
1627306511.165874	0.654100	-0.367600	-0.739500	0.123900	0.054900	0.063500
1627306511.166530	0.665000	-0.364700	-0.731200	0.086300	0.069000	0.011300
1627306511.262897	0.665000	-0.364700	-0.731200	0.086300	0.069000	0.011300
1627306511.263348	0.665000	-0.364700	-0.731200	0.086300	0.069000	0.011300
1627306511.263783	0.625100	-0.567400	-0.502100	0.984300	-0.749000	-0.704600
1627306511.264207	0.629500	-0.535900	-0.499900	0.849900	-0.791400	-0.744700
1627306511.266871	0.614100	-0.509200	-0.508100	0.850800	-0.824400	-0.771800
1627306511.267337	0.615100	-0.497700	-0.521600	0.843800	-0.851000	-0.787700
1627306511.267760	0.616000	-0.487900	-0.534700	0.768400	-0.874500	-0.792000
1627306511.268186	0.621000	-0.482300	-0.538500	0.763500	-0.894100	-0.795100
1627306511.268642	0.621500	-0.486600	-0.538500	0.769900	-0.915400	-0.798700
1627306511.270857	0.630900	-0.489100	-0.553500	0.746700	-0.945700	-0.806700
1627306511.271279	0.629600	-0.486000	-0.577900	0.740900	-0.966800	-0.817400
1627306511.271700	0.634400	-0.491200	-0.602200	0.739300	-0.976200	-0.826200
1627306511.272155	0.638100	-0.493900	-0.628800	0.708500	-0.974100	-0.836300
1627306511.273920	0.639500	-0.488400	-0.647900	0.658400	-0.959700	-0.851600
1627306511.274386	0.646600	-0.477100	-0.651700	0.617500	-0.939600	-0.861600
1627306511.274810	0.646500	-0.458100	-0.643600	0.591200	-0.922200	-0.866800
1627306511.277006	0.646000	-0.445700	-0.644300	0.606200	-0.903200	-0.863200
1627306511.277430	0.641400	-0.445700	-0.641000	0.637000	-0.886100	-0.858900
1627306511.277852	0.647700	-0.445100	-0.637800	0.629700	-0.871500	-0.856800
1627306511.278311	0.654400	-0.435500	-0.635900	0.621800	-0.858900	-0.852500
1627306511.280941	0.652500	-0.432400	-0.645100	0.641600	-0.846100	-0.846700
1627306511.281363	0.652100	-0.441200	-0.650000	0.646500	-0.829900	-0.839000
1627306511.281818	0.654200	-0.445200	-0.639900	0.612600	-0.812200	-0.833500
1627306511.282260	0.657800	-0.449800	-0.625900	0.583600	-0.806100	-0.833200
1627306511.282682	0.653600	-0.451700	-0.616900	0.564600	-0.804600	-0.835700
1627306511.284885	0.645400	-0.452300	-0.621300	0.531300	-0.806700	-0.845100
1627306511.285339	0.647600	-0.445200	-0.620200	0.502600	-0.806700	-0.855800
1627306511.285762	0.648900	-0.423600	-0.620800	0.461100	-0.809800	-0.864400
1627306511.286184	0.643200	-0.396400	-0.624400	0.413500	-0.813400	-0.862200
1627306511.288386	0.641700	-0.384400	-0.626000	0.422600	-0.814000	-0.857100
1627306511.288812	0.644800	-0.381800	-0.620500	0.430600	-0.815300	-0.851300
1627306511.289359	0.647600	-0.376200	-0.614700	0.388100	-0.824400	-0.842400
1627306511.289783	0.653200	-0.371600	-0.628300	0.386300	-0.830500	-0.832900
1627306511.291624	0.656900	-0.375200	-0.645500	0.387800	-0.832700	-0.820400
1627306511.292051	0.666300	-0.378200	-0.665600	0.316600	-0.830200	-0.807000
1627306511.292473	0.665900	-0.375000	-0.682000	0.260100	-0.815900	-0.796900
1627306511.294681	0.661100	-0.359600	-0.679400	0.187400	-0.799100	-0.785600
1627306511.295158	0.656500	-0.328900	-0.670000	0.103700	-0.783200	-0.760200
1627306511.295639	0.648400	-0.302100	-0.657500	0.107100	-0.768200	-0.728800
1627306511.296058	0.653400	-0.291700	-0.648300	0.115000	-0.763600	-0.695200
1627306511.296523	0.649900	-0.289700	-0.654700	0.103400	-0.769400	-0.654900
1627306511.299145	0.653100	-0.293900	-0.675000	0.110500	-0.769400	-0.617900
1627306511.299570	0.659400	-0.306200	-0.698600	0.112000	-0.760300	-0.592200
1627306511.300016	0.662200	-0.312900	-0.716900	0.049700	-0.749600	-0.569600
1627306511.300459	0.655800	-0.309300	-0.711400	0.008400	-0.738600	-0.553800
1627306511.302746	0.662600	-0.307000	-0.720900	0.023700	-0.726100	-0.544600
1627306511.303196	0.659400	-0.305400	-0.752100	-0.002900	-0.703500	-0.530200
1627306511.303617	0.642100	-0.296100	-0.754600	-0.049900	-0.668700	-0.513400
1627306511.304082	0.649200	-0.289700	-0.753400	-0.026100	-0.634100	-0.494200
1627306511.306539	0.653300	-0.295400	-0.758700	-0.023300	-0.599600	-0.467600
1627306511.306959	0.650000	-0.304800	-0.757300	-0.073700	-0.562100	-0.438300
1627306511.307381	0.653100	-0.308800	-0.741500	-0.086200	-0.540700	-0.418500
1627306511.307831	0.652500	-0.315100	-0.714800	-0.081300	-0.531800	-0.402300
1627306511.310176	0.653200	-0.325700	-0.722400	-0.106100	-0.532400	-0.388800
1627306511.310678	0.649300	-0.322500	-0.739700	-0.159800	-0.532400	-0.381200
1627306511.311158	0.644500	-0.310200	-0.746100	-0.205700	-0.530600	-0.373900
1627306511.311640	0.648800	-0.298500	-0.727900	-0.199900	-0.537000	-0.362600
1627306511.312128	0.655200	-0.298000	-0.737200	-0.202600	-0.551700	-0.347000
1627306511.315249	0.648800	-0.295200	-0.753500	-0.226100	-0.565700	-0.332600
1627306511.315746	0.650000	-0.296800	-0.782000	-0.230100	-0.571800	-0.311900
1627306511.316233	0.644800	-0.303200	-0.801500	-0.233500	-0.565700	-0.301200
1627306511.318168	0.645100	-0.300700	-0.821400	-0.297600	-0.555000	-0.286800
1627306511.318664	0.644200	-0.290300	-0.837400	-0.326000	-0.532700	-0.270900
1627306511.319103	0.643200	-0.285200	-0.854700	-0.340400	-0.511400	-0.256000
1627306511.319540	0.643300	-0.275100	-0.867700	-0.361700	-0.486300	-0.238900
1627306511.321783	0.630700	-0.262500	-0.874600	-0.367200	-0.457000	-0.218400
1627306511.322249	0.633700	-0.258200	-0.891800	-0.346800	-0.426800	-0.198200
1627306511.322708	0.632100	-0.257600	-0.912200	-0.344300	-0.394100	-0.181100
1627306511.323159	0.633200	-0.252900	-0.926000	-0.349200	-0.350100	-0.161000
1627306511.325885	0.634000	-0.244500	-0.930200	-0.336400	-0.307600	-0.142000
1627306511.326336	0.636100	-0.228500	-0.930800	-0.330000	-0.267000	-0.115200
1627306511.326787	0.627900	-0.211800	-0.931900	-0.297600	-0.214200	-0.077600
1627306511.327253	0.629200	-0.201800	-0.929400	-0.243500	-0.162200	-0.037600
1627306511.327735	0.627600	-0.192400	-0.917600	-0.220900	-0.116100	0.006400
1627306511.330164	0.621900	-0.183200	-0.905000	-0.205700	-0.072100	0.058600
1627306511.330646	0.612300	-0.184700	-0.891600	-0.162900	-0.033700	0.111500
1627306511.331099	0.615200	-0.191000	-0.880200	-0.133600	-0.003400	0.156400
1627306511.331552	0.613600	-0.201800	-0.872200	-0.138500	0.020100	0.204300
1627306511.333822	0.614400	-0.208500	-0.869500	-0.140000	0.039900	0.242800
1627306511.334259	0.617100	-0.216600	-0.872400	-0.131400	0.050900	0.271800
1627306511.334695	0.618700	-0.227300	-0.880900	-0.147300	0.057100	0.299000
1627306511.335132	0.616900	-0.231600	-0.887000	-0.174800	0.061900	0.320700
1627306511.337374	0.564300	-0.407200	-0.930300	-0.353800	1.103200	0.567800
1627306511.337813	0.546500	-0.352700	-0.864400	-0.397200	1.200900	0.530200
1627306511.338250	0.558100	-0.281500	-0.792000	-0.413000	1.245500	0.534500
1627306511.338701	0.580800	-0.227100	-0.758100	-0.334600	1.244900	0.568100
1627306511.339146	0.599500	-0.213900	-0.699300	-0.205000	1.211000	0.638000
1627306511.339582	0.616100	-0.247400	-0.646600	-0.001300	1.147100	0.685100
1627306511.340017	0.598800	-0.289700	-0.633900	0.047500	1.068000	0.716200
1627306511.340451	0.628400	-0.301400	-0.654100	0.037500	0.979500	0.731500
1627306511.340885	0.627100	-0.303800	-0.656500	0.034100	0.904900	0.752000
1627306511.341320	0.631500	-0.314200	-0.629500	0.093100	0.831000	0.763300
1627306511.341754	0.637600	-0.335000	-0.603400	0.058200	0.734800	0.773600
1627306511.365819	0.628900	-0.332300	-0.606100	-0.025100	0.638900	0.780100
1627306511.366754	0.624300	-0.318500	-0.631000	-0.061200	0.574800	0.787700
1627306511.367753	0.620600	-0.316200	-0.665000	-0.067900	0.526800	0.802100
1627306511.399471	0.619900	-0.332000	-0.703600	-0.121700	0.499300	0.814000
1627306511.410726	0.616900	-0.343400	-0.729600	-0.213600	0.495000	0.821000
1627306511.411665	0.606900	-0.345000	-0.736100	-0.291200	0.503900	0.824000
1627306511.413123	0.599600	-0.343600	-0.728800	-0.343400	0.523400	0.824300
1627306511.416455	0.594000	-0.337400	-0.710700	-0.366600	0.541200	0.822200
1627306511.444612	0.583600	-0.326700	-0.688100	-0.386500	0.557700	0.824000
1627306511.445575	0.572600	-0.311500	-0.677500	-0.366900	0.573200	0.831100
1627306511.446455	0.565600	-0.304300	-0.672500	-0.341900	0.586100	0.841800
1627306511.477143	0.569200	-0.305900	-0.677600	-0.345500	0.597400	0.856100
1627306511.478076	0.567100	-0.319100	-0.674600	-0.339700	0.611700	0.869900
1627306511.478926	0.568000	-0.337400	-0.668300	-0.357200	0.621200	0.872300
1627306511.488887	0.566900	-0.351000	-0.654200	-0.395000	0.624900	0.863100
1627306511.504242	0.568800	-0.355600	-0.639000	-0.426200	0.623300	0.841100
1627306511.523380	0.567000	-0.349700	-0.627100	-0.452400	0.616900	0.825300
1627306511.524324	0.567600	-0.346800	-0.610600	-0.456100	0.608100	0.811500
1627306511.525197	0.570300	-0.351600	-0.593600	-0.439600	0.589100	0.798100
1627306511.555815	0.570200	-0.360100	-0.584100	-0.466200	0.568300	0.788300
1627306511.556757	0.565900	-0.365700	-0.580300	-0.500700	0.545700	0.779800
1627306511.557612	0.575800	-0.382400	-0.588100	-0.527900	0.518600	0.766600
1627306511.565177	0.579700	-0.401600	-0.595900	-0.572200	0.492900	0.749800
1627306511.591915	0.586100	-0.415000	-0.598800	-0.648200	0.467900	0.726600
1627306511.592849	0.591300	-0.422500	-0.599600	-0.717000	0.437000	0.699100
1627306511.595128	0.591700	-0.423500	-0.597300	-0.752700	0.414400	0.675000
1627306511.626084	0.586700	-0.414700	-0.595200	-0.795100	0.390900	0.657300
1627306511.627839	0.584600	-0.401100	-0.600800	-0.814100	0.369500	0.645100
1627306511.635866	0.587800	-0.394700	-0.613600	-0.793300	0.357000	0.642000
1627306511.636794	0.588900	-0.399900	-0.630900	-0.803100	0.351500	0.642600
1627306511.669776	0.594400	-0.408100	-0.646500	-0.833000	0.349400	0.641400
1627306511.670727	0.601000	-0.408300	-0.647500	-0.866600	0.350600	0.637400
1627306511.671611	0.607300	-0.403300	-0.641600	-0.896500	0.345700	0.635600
1627306511.675066	0.610100	-0.391800	-0.633500	-0.902400	0.335600	0.634100
1627306511.715651	0.616300	-0.378200	-0.635700	-0.902400	0.321900	0.640500
1627306511.716654	0.620000	-0.373400	-0.647800	-0.902400	0.309600	0.653900
1627306511.717635	0.619000	-0.380700	-0.658800	-0.898700	0.298000	0.668300
1627306511.718861	0.622600	-0.387700	-0.659100	-0.923700	0.285500	0.678700
1627306511.734217	0.625600	-0.383400	-0.653800	-0.979600	0.267500	0.683200
1627306511.749951	0.620800	-0.371300	-0.650500	-1.000100	0.241500	0.687800
1627306511.753209	0.617700	-0.356200	-0.650500	-0.991800	0.203400	0.694800
1627306511.754162	0.622700	-0.344100	-0.659700	-0.986300	0.169500	0.711300
1627306511.779889	0.615200	-0.341300	-0.692900	-0.964700	0.143500	0.733600
1627306511.780952	0.604700	-0.346400	-0.717000	-0.965300	0.135500	0.761100
1627306511.814413	0.601400	-0.346900	-0.723000	-0.980500	0.137700	0.789800
1627306511.815351	0.598100	-0.349100	-0.719400	-0.971700	0.143800	0.817900
1627306511.816471	0.596700	-0.358000	-0.711200	-0.963100	0.144400	0.850300
1627306511.817661	0.594100	-0.371100	-0.711100	-0.948500	0.137100	0.870800
1627306511.832900	0.590800	-0.388200	-0.719800	-0.935600	0.128500	0.880900
1627306511.854616	0.585800	-0.407500	-0.737300	-0.964400	0.120900	0.883900
1627306511.855572	0.584100	-0.414400	-0.743900	-0.985100	0.120300	0.879300
1627306511.856542	0.583000	-0.417400	-0.742800	-0.987000	0.117800	0.872000
1627306511.863931	0.586500	-0.410600	-0.733000	-1.002500	0.105000	0.861900
1627306511.899433	0.579800	-0.403600	-0.725100	-0.981800	0.087600	0.857300
1627306511.900374	0.577800	-0.397200	-0.733300	-0.956700	0.069000	0.853400
1627306511.901603	0.573700	-0.396200	-0.756600	-0.941800	0.052200	0.852800
1627306511.903872	0.566000	-0.399800	-0.771000	-0.934700	0.050900	0.852100
1627306511.918916	0.567700	-0.404500	-0.784100	-0.944800	0.052500	0.850900
1627306511.934851	0.569000	-0.413300	-0.786700	-0.955800	0.059200	0.842400
1627306511.955853	0.565700	-0.414200	-0.779800	-0.976300	0.059800	0.832000
1627306511.956811	0.568100	-0.403200	-0.773700	-1.005900	0.052500	0.820400
1627306511.957671	0.565200	-0.384000	-0.793500	-1.005300	0.039300	0.810600
1627306511.988420	0.564700	-0.374600	-0.819700	-0.968300	0.038400	0.805100
1627306511.989363	0.561500	-0.376300	-0.844500	-0.965900	0.046100	0.799900
1627306511.990246	0.558500	-0.374900	-0.860700	-0.990300	0.062900	0.792000
1627306511.993808	0.552500	-0.369000	-0.867600	-0.990900	0.088800	0.782800
1627306512.024679	0.559900	-0.363000	-0.863600	-0.965900	0.116000	0.775800
1627306512.026604	0.558700	-0.350200	-0.859300	-0.954900	0.142600	0.775200
1627306512.034495	0.558100	-0.333400	-0.856300	-0.922500	0.166400	0.779800
1627306512.035420	0.554700	-0.321800	-0.859300	-0.872700	0.183800	0.788900
1627306512.054611	0.551900	-0.321700	-0.860400	-0.830300	0.201800	0.802400
1627306512.055555	0.553800	-0.329800	-0.864100	-0.793000	0.218600	0.815800
1627306512.085773	0.556000	-0.338700	-0.859600	-0.780800	0.231100	0.820100
1627306512.087660	0.556000	-0.344500	-0.860700	-0.775300	0.239700	0.819500
1627306512.088626	0.560500	-0.338600	-0.863800	-0.768600	0.246100	0.812700
1627306512.115935	0.559600	-0.327300	-0.864000	-0.762800	0.250400	0.812100
1627306512.116882	0.557400	-0.318400	-0.869400	-0.744700	0.259200	0.814600
1627306512.117752	0.556300	-0.318200	-0.870700	-0.708400	0.271800	0.821300
1627306512.127563	0.558800	-0.326700	-0.869400	-0.686400	0.279700	0.823700
1627306512.142582	0.564700	-0.332000	-0.867700	-0.699500	0.282800	0.825300
1627306512.162021	0.568200	-0.332500	-0.879600	-0.704700	0.284900	0.823100
1627306512.162958	0.566800	-0.334100	-0.888200	-0.707800	0.291600	0.821300
1627306512.163842	0.563500	-0.331300	-0.892200	-0.717000	0.299900	0.821300
1627306512.191998	0.562300	-0.322000	-0.895300	-0.727600	0.319400	0.824700
1627306512.192943	0.556400	-0.307300	-0.889600	-0.709300	0.339000	0.834400
1627306512.194126	0.549800	-0.301600	-0.887000	-0.663800	0.361000	0.846600
1627306512.204000	0.546900	-0.300200	-0.883900	-0.604200	0.391800	0.866500
1627306512.233533	0.547200	-0.304700	-0.883100	-0.570700	0.416900	0.880200
1627306512.234475	0.554800	-0.311200	-0.876300	-0.536700	0.441300	0.892800
1627306512.236395	0.558800	-0.319800	-0.861200	-0.525800	0.460500	0.907100
1627306512.264489	0.554700	-0.324500	-0.853400	-0.527300	0.467200	0.919900
1627306512.265428	0.546600	-0.334200	-0.845700	-0.504100	0.472100	0.934900
1627306512.266616	0.541600	-0.351700	-0.844000	-0.502500	0.474600	0.948400
1627306512.273929	0.535300	-0.361600	-0.851200	-0.546200	0.475500	0.957800
1627306512.289371	0.523100	-0.367200	-0.863900	-0.594200	0.478900	0.960900
1627306512.308437	0.515600	-0.368800	-0.863900	-0.616800	0.487100	0.953500
1627306512.309384	0.514500	-0.361900	-0.856900	-0.636300	0.492900	0.940700
1627306512.312874	0.517100	-0.347900	-0.851000	-0.631700	0.499000	0.933400
1627306512.339397	0.520400	-0.342200	-0.853300	-0.549600	0.514900	0.925400
1627306512.340342	0.519800	-0.346700	-0.860800	-0.479600	0.532300	0.920300
1627306512.343561	0.520100	-0.351100	-0.859100	-0.459800	0.551900	0.912600
1627306512.352342	0.520800	-0.345500	-0.816000	-0.437800	0.566500	0.907100
1627306512.382994	0.526500	-0.343300	-0.782500	-0.386800	0.562500	0.903800
1627306512.384092	0.534200	-0.356200	-0.783200	-0.355000	0.551200	0.906800
1627306512.385111	0.525400	-0.377900	-0.799200	-0.384900	0.543900	0.904100
1627306512.397280	0.522100	-0.384800	-0.803100	-0.485100	0.540600	0.895500
1627306512.412977	0.522000	-0.377200	-0.794100	-0.549300	0.535700	0.889700
1627306512.427102	0.524000	-0.365800	-0.785400	-0.575200	0.521000	0.886400
1627306512.427837	0.533700	-0.366300	-0.791900	-0.575200	0.498400	0.888500
1627306512.434909	0.535000	-0.380000	-0.817300	-0.534000	0.486500	0.883300
1627306512.469535	0.535000	-0.392100	-0.848600	-0.543200	0.489900	0.872300
1627306512.470483	0.541000	-0.394700	-0.863400	-0.557800	0.506300	0.858300
1627306512.471358	0.536000	-0.391400	-0.863000	-0.517800	0.529900	0.844800
1627306512.472779	0.546100	-0.389500	-0.864400	-0.483000	0.557000	0.834700
1627306512.488183	0.549700	-0.385700	-0.867700	-0.445400	0.591600	0.826800
1627306512.513498	0.549400	-0.380700	-0.870100	-0.402100	0.621800	0.825000
1627306512.514541	0.550900	-0.382600	-0.861800	-0.354100	0.654800	0.825600
1627306512.515412	0.556600	-0.391200	-0.849400	-0.314100	0.687200	0.825000
1627306512.523899	0.556300	-0.396000	-0.841100	-0.292700	0.712200	0.823700
1627306512.539051	0.559700	-0.406600	-0.835900	-0.243200	0.741200	0.816400
1627306512.566890	0.559800	-0.418500	-0.827100	-0.207800	0.777900	0.805700
1627306512.567837	0.557000	-0.420700	-0.812000	-0.205000	0.806600	0.796600
1627306512.569013	0.566200	-0.422600	-0.777700	-0.153400	0.830700	0.786200
1627306512.572599	0.571000	-0.424000	-0.722700	-0.102100	0.827400	0.773300
1627306512.598240	0.577400	-0.427700	-0.697300	-0.089600	0.805100	0.767500
1627306512.599182	0.583600	-0.429200	-0.683100	-0.045300	0.772700	0.762700
1627306512.604063	0.580300	-0.448700	-0.656900	-0.010800	0.727200	0.752300
1627306512.615278	0.584600	-0.468000	-0.647600	-0.016300	0.682600	0.739400
1627306512.640763	0.578100	-0.482500	-0.646600	-0.044400	0.639800	0.719000
1627306512.641710	0.575900	-0.488600	-0.650800	-0.077100	0.595200	0.689300
1627306512.642948	0.576500	-0.483900	-0.642200	-0.105800	0.557400	0.664600
1627306512.673429	0.570400	-0.474600	-0.640700	-0.105800	0.518600	0.645100
1627306512.674376	0.568400	-0.470500	-0.656200	-0.081000	0.483400	0.628600
1627306512.675233	0.563700	-0.480300	-0.677400	-0.073400	0.465400	0.620300
1627306512.685149	0.557300	-0.489300	-0.683100	-0.079200	0.458100	0.608700
1627306512.716732	0.551800	-0.497600	-0.667800	-0.087500	0.449200	0.596200
1627306512.718449	0.551400	-0.510500	-0.665300	-0.072200	0.441000	0.579400
1627306512.719414	0.544600	-0.514200	-0.658900	-0.096000	0.430600	0.562300
1627306512.732804	0.540300	-0.507700	-0.650600	-0.122300	0.416500	0.546100
1627306512.733984	0.542400	-0.511000	-0.643700	-0.091700	0.405600	0.531400
1627306512.748808	0.543500	-0.517300	-0.630200	-0.066100	0.387800	0.515600
1627306512.773351	0.545700	-0.525400	-0.625000	-0.069100	0.358200	0.496300
1627306512.774294	0.542100	-0.530900	-0.618900	-0.020600	0.327400	0.473100
1627306512.775148	0.543900	-0.543900	-0.626600	0.036500	0.303800	0.448100
1627306512.786439	0.536700	-0.551300	-0.630700	0.054300	0.277300	0.420900
1627306512.817820	0.536500	-0.554800	-0.627600	0.119300	0.256200	0.382700
1627306512.819865	0.544900	-0.564200	-0.636700	0.184400	0.240600	0.353100
1627306512.820812	0.542100	-0.576800	-0.640600	0.205100	0.226900	0.316400
1627306512.822861	0.547100	-0.586700	-0.622600	0.241800	0.211300	0.270600
1627306512.849499	0.551500	-0.606800	-0.620800	0.302000	0.197200	0.226000
1627306512.850439	0.551800	-0.629900	-0.626600	0.295900	0.182000	0.170700
1627306512.851606	0.553300	-0.640700	-0.619400	0.256500	0.166700	0.102900
1627306512.863952	0.556000	-0.637200	-0.612700	0.246400	0.151700	0.043700
1627306512.889858	0.558200	-0.632100	-0.592700	0.244200	0.136200	-0.012500
1627306512.890821	0.560500	-0.623400	-0.584800	0.245200	0.107100	-0.078200
1627306512.892684	0.555200	-0.617200	-0.586900	0.247300	0.089400	-0.125200
1627306512.920975	0.550000	-0.614600	-0.576300	0.270200	0.075400	-0.171700
1627306512.921929	0.552900	-0.614100	-0.562700	0.269000	0.053100	-0.228800
1627306512.938526	0.556000	-0.604700	-0.556000	0.254600	0.032300	-0.273100
1627306512.939481	0.556300	-0.590000	-0.548000	0.255200	0.006700	-0.308500
1627306512.942639	0.563200	-0.582800	-0.534700	0.298000	-0.028500	-0.345800
1627306512.952757	0.557300	-0.580700	-0.521400	0.300400	-0.063600	-0.373900
1627306512.980876	0.559600	-0.575400	-0.515100	0.281800	-0.107600	-0.395500
1627306512.981824	0.559100	-0.561000	-0.519700	0.295900	-0.154000	-0.416900
1627306512.984007	0.552700	-0.555500	-0.523900	0.309600	-0.193100	-0.429100
1627306512.993887	0.559700	-0.555200	-0.528700	0.295600	-0.229100	-0.441400
1627306513.019654	0.565100	-0.551600	-0.537000	0.274200	-0.274300	-0.450200
1627306513.020590	0.564300	-0.554100	-0.547400	0.269600	-0.310400	-0.460000
1627306513.022921	0.553200	-0.564100	-0.551900	0.276300	-0.340300	-0.474000
1627306513.052118	0.564300	-0.575800	-0.561400	0.262600	-0.376700	-0.505200
1627306513.053060	0.572600	-0.563500	-0.578500	0.231100	-0.408700	-0.533600
1627306513.053920	0.570600	-0.544600	-0.601200	0.217700	-0.429500	-0.555000
1627306513.085359	0.571800	-0.532800	-0.632400	0.237500	-0.443200	-0.572700
1627306513.088283	0.575400	-0.528300	-0.653900	0.236000	-0.447800	-0.588600
1627306513.089241	0.568200	-0.528700	-0.652000	0.235700	-0.449000	-0.606300
1627306513.091479	0.575300	-0.526400	-0.656100	0.259800	-0.456400	-0.634100
1627306513.130886	0.583500	-0.523700	-0.679700	0.275100	-0.467400	-0.661300
1627306513.131817	0.579200	-0.515500	-0.695200	0.284900	-0.471000	-0.679000
1627306513.132866	0.574700	-0.507100	-0.700600	0.321200	-0.469500	-0.697600
1627306513.134079	0.571900	-0.501600	-0.702900	0.350800	-0.465800	-0.711100
1627306513.149258	0.570900	-0.499100	-0.705400	0.377700	-0.459400	-0.720800
1627306513.170852	0.565200	-0.496900	-0.708600	0.406700	-0.453300	-0.731500
1627306513.171793	0.566000	-0.496600	-0.704700	0.435700	-0.448400	-0.748600
1627306513.172656	0.567700	-0.493200	-0.687500	0.475800	-0.452700	-0.764200
1627306513.183939	0.570700	-0.499600	-0.688200	0.512400	-0.465800	-0.783800
1627306513.201766	0.560800	-0.503300	-0.685300	0.517900	-0.479600	-0.808800
1627306513.211363	0.556600	-0.494400	-0.673000	0.514200	-0.493300	-0.830200
1627306513.220861	0.560200	-0.483600	-0.666700	0.543300	-0.509200	-0.852800
1627306513.221820	0.555500	-0.470800	-0.657300	0.561300	-0.529100	-0.871700
1627306513.228723	0.554600	-0.455300	-0.660400	0.559800	-0.548300	-0.886700
1627306513.251726	0.552100	-0.444500	-0.654300	0.580200	-0.562700	-0.895200
1627306513.253902	0.551500	-0.436300	-0.641100	0.606200	-0.582800	-0.905600
1627306513.257315	0.558800	-0.433000	-0.643100	0.596400	-0.606700	-0.911400
1627306513.284240	0.559800	-0.433600	-0.650100	0.597000	-0.627100	-0.921800
1627306513.285098	0.566500	-0.435400	-0.656600	0.593000	-0.652200	-0.938900
1627306513.285947	0.567100	-0.436000	-0.657200	0.558200	-0.674800	-0.954800
1627306513.305383	0.569800	-0.426800	-0.653400	0.532300	-0.696800	-0.973400
1627306513.316752	0.570100	-0.413200	-0.657800	0.519400	-0.729400	-0.990200
1627306513.317686	0.569900	-0.405000	-0.662800	0.510300	-0.758100	-1.000600
1627306513.340493	0.573400	-0.405900	-0.676000	0.524900	-0.777700	-1.007000
1627306513.341355	0.565300	-0.411700	-0.690300	0.509100	-0.795700	-1.018900
1627306513.352577	0.562400	-0.406700	-0.699800	0.461100	-0.808500	-1.029300
1627306513.359315	0.562400	-0.403400	-0.717700	0.466000	-0.812800	-1.042500
1627306513.380595	0.569700	-0.402700	-0.741600	0.442200	-0.808800	-1.052500
1627306513.381517	0.569500	-0.395300	-0.756700	0.399400	-0.798800	-1.059300
1627306513.391315	0.578100	-0.393800	-0.764900	0.413800	-0.787200	-1.066600
1627306513.401876	0.580900	-0.411300	-0.775000	0.440600	-0.774000	-1.075100
1627306513.423184	0.580900	-0.428200	-0.781500	0.429600	-0.760000	-1.094100
1627306513.424170	0.576500	-0.423200	-0.781200	0.403100	-0.746200	-1.121000
1627306513.430045	0.574500	-0.405500	-0.788700	0.411600	-0.726700	-1.148400
1627306513.452250	0.577600	-0.386800	-0.804000	0.453200	-0.699500	-1.167100
1627306513.453193	0.585400	-0.376200	-0.808700	0.477300	-0.673500	-1.175000
1627306513.460272	0.598500	-0.363500	-0.803600	0.486800	-0.646400	-1.177800
1627306513.468590	0.608200	-0.349600	-0.805200	0.491600	-0.629300	-1.176500
1627306513.490851	0.611800	-0.338100	-0.808800	0.495000	-0.619200	-1.168600
1627306513.491790	0.611900	-0.336500	-0.805900	0.515200	-0.612100	-1.154900
1627306513.501644	0.610100	-0.341800	-0.792500	0.536200	-0.615500	-1.145100
1627306513.511232	0.607800	-0.346800	-0.779800	0.551800	-0.628600	-1.139300
1627306513.519910	0.603400	-0.348500	-0.774200	0.590600	-0.647000	-1.143200
1627306513.534998	0.602400	-0.343300	-0.786100	0.620800	-0.667700	-1.150900
1627306513.539280	0.603000	-0.332600	-0.787800	0.676700	-0.685100	-1.159400
1627306513.561833	0.593900	-0.326400	-0.777100	0.749700	-0.703800	-1.162200
1627306513.562695	0.585800	-0.329800	-0.799000	0.834000	-0.720600	-1.164900
1627306513.572734	0.577000	-0.340900	-0.820300	0.875900	-0.718400	-1.166200
1627306513.583397	0.576700	-0.348900	-0.841200	0.870100	-0.709000	-1.173800
1627306513.605106	0.581500	-0.349200	-0.858900	0.838600	-0.687600	-1.187200
1627306513.606910	0.579000	-0.349600	-0.871300	0.810200	-0.667700	-1.198200
1627306513.619724	0.580700	-0.349900	-0.887500	0.775100	-0.639600	-1.214400
1627306513.620656	0.580000	-0.345000	-0.895600	0.711600	-0.599600	-1.235500
1627306513.626262	0.581800	-0.331300	-0.888400	0.663300	-0.570000	-1.253500
1627306513.647602	0.577900	-0.311400	-0.877700	0.654700	-0.549800	-1.269100
1627306513.660823	0.584600	-0.292400	-0.875400	0.671500	-0.525700	-1.276400
1627306513.661760	0.582600	-0.276500	-0.877100	0.671200	-0.507700	-1.277300
1627306513.665109	0.577600	-0.252200	-0.858500	0.667900	-0.493300	-1.267600
1627306513.687743	0.582500	-0.238600	-0.850000	0.758900	-0.476500	-1.252300
1627306513.690069	0.587400	-0.232700	-0.853300	0.785800	-0.468000	-1.232400
1627306513.705814	0.583000	-0.219100	-0.843000	0.775700	-0.459700	-1.208900
1627306513.709270	0.586200	-0.215100	-0.847500	0.871000	-0.446600	-1.177800
1627306513.732662	0.591700	-0.223300	-0.847700	0.915900	-0.431300	-1.147500
1627306513.737047	0.592800	-0.225600	-0.841600	0.898200	-0.416700	-1.118500
1627306513.751086	0.590600	-0.221100	-0.829200	0.929900	-0.404500	-1.092200
1627306513.752029	0.595100	-0.228800	-0.824100	0.973300	-0.398700	-1.068700
1627306513.762818	0.604600	-0.241200	-0.821000	0.990700	-0.397400	-1.049800
1627306513.764846	0.601100	-0.250900	-0.813500	0.987100	-0.396800	-1.035100
1627306513.789541	0.603300	-0.251700	-0.807000	0.967800	-0.401700	-1.025000
1627306513.790495	0.604400	-0.246900	-0.802200	0.965100	-0.408400	-1.015600
1627306513.800588	0.606600	-0.243800	-0.808600	0.966000	-0.418500	-1.006100
1627306513.809996	0.609600	-0.250600	-0.821500	0.947300	-0.428600	-0.995400
1627306513.820198	0.611500	-0.253400	-0.839200	0.896300	-0.432900	-0.988100
1627306513.835868	0.608500	-0.252400	-0.857300	0.836800	-0.435300	-0.984400
1627306513.839151	0.603900	-0.253500	-0.879400	0.783300	-0.429200	-0.978900
1627306513.861905	0.607900	-0.256000	-0.900900	0.731700	-0.410900	-0.976800
1627306513.862766	0.600000	-0.248800	-0.907600	0.669400	-0.380000	-0.970400
1627306513.870141	0.596700	-0.220300	-0.888100	0.637000	-0.343700	-0.958200
1627306513.883365	0.597200	-0.194300	-0.864600	0.679800	-0.317100	-0.941100
1627306513.903018	0.598800	-0.170800	-0.859300	0.737200	-0.294800	-0.908100
1627306513.903881	0.599200	-0.150500	-0.867800	0.791000	-0.264000	-0.857700
1627306513.919623	0.602300	-0.147600	-0.879600	0.834000	-0.231000	-0.808500
1627306513.920532	0.616200	-0.153000	-0.887700	0.856900	-0.197400	-0.757200
1627306513.923681	0.633700	-0.172700	-0.880600	0.871300	-0.158600	-0.700700
1627306513.947868	0.634000	-0.191400	-0.867300	0.861800	-0.140000	-0.666200
1627306513.950105	0.640300	-0.203200	-0.858900	0.865500	-0.126800	-0.639300
1627306513.965532	0.642900	-0.217800	-0.857400	0.892700	-0.109400	-0.617300
1627306513.968160	0.645500	-0.219200	-0.857500	0.899100	-0.096600	-0.600800
1627306513.993022	0.648200	-0.217500	-0.849700	0.908300	-0.083100	-0.584900
1627306513.994216	0.650800	-0.214000	-0.842800	0.941500	-0.067000	-0.564500
1627306514.006579	0.657300	-0.219800	-0.842200	0.971500	-0.053500	-0.545500
1627306514.010672	0.664700	-0.229200	-0.834600	0.971200	-0.038900	-0.526900
1627306514.030736	0.663900	-0.240000	-0.821900	0.961400	-0.027900	-0.506700
1627306514.031965	0.659200	-0.253300	-0.819800	0.965400	-0.015600	-0.494200
1627306514.038856	0.670300	-0.265000	-0.821000	0.961700	-0.001900	-0.488100
1627306514.063985	0.667100	-0.274800	-0.817000	0.942500	0.021000	-0.486600
1627306514.068279	0.668800	-0.274700	-0.813200	0.914700	0.043000	-0.485700
1627306514.069213	0.671900	-0.261700	-0.801100	0.904300	0.066200	-0.479500
1627306514.078957	0.670900	-0.247300	-0.784500	0.900900	0.097100	-0.460000
1627306514.099216	0.671800	-0.236800	-0.767800	0.912500	0.123600	-0.434300
1627306514.100365	0.667200	-0.231900	-0.746700	0.926600	0.141000	-0.405600
1627306514.107506	0.669700	-0.232200	-0.717700	0.941500	0.151700	-0.368700
1627306514.130604	0.667600	-0.243300	-0.708600	0.956500	0.159700	-0.335700
1627306514.131496	0.671000	-0.262900	-0.712300	0.950100	0.170400	-0.307300
1627306514.139052	0.666000	-0.277700	-0.705600	0.899400	0.185000	-0.287100
1627306514.148801	0.668800	-0.288700	-0.696000	0.850200	0.200600	-0.270000
1627306514.151792	0.667000	-0.297600	-0.691900	0.808400	0.217100	-0.255700
1627306514.179354	0.671000	-0.302700	-0.685500	0.734800	0.237900	-0.240700
1627306514.180355	0.667800	-0.297000	-0.672700	0.670000	0.260800	-0.224200
1627306514.188856	0.668500	-0.287100	-0.653900	0.650500	0.281500	-0.210800
1627306514.208621	0.668000	-0.276100	-0.637200	0.637900	0.297100	-0.190300
1627306514.209572	0.666500	-0.263800	-0.624600	0.615300	0.311500	-0.160700
1627306514.221632	0.666500	-0.263800	-0.624600	0.615300	0.311500	-0.160700
1627306514.228504	0.659400	-0.255600	-0.615000	0.602200	0.329500	-0.130700
1627306514.251218	0.657200	-0.254600	-0.601100	0.586000	0.352400	-0.095600
1627306514.259633	0.658300	-0.252000	-0.575300	0.551200	0.379600	-0.051600
1627306514.260574	0.661600	-0.248200	-0.548800	0.511200	0.392700	-0.017100
1627306514.268964	0.665900	-0.253800	-0.527000	0.503900	0.392700	0.019800
1627306514.271096	0.674200	-0.266400	-0.507400	0.498400	0.379300	0.054400
1627306514.294279	0.690900	-0.279500	-0.493700	0.456800	0.353900	0.078800
1627306514.306840	0.688800	-0.288700	-0.481300	0.415300	0.308700	0.096800
1627306514.308959	0.689100	-0.304000	-0.475600	0.384400	0.251900	0.108400
1627306514.315594	0.694900	-0.315700	-0.474400	0.343500	0.202400	0.118500
1627306514.338149	0.694300	-0.333500	-0.481100	0.309000	0.153000	0.125200
1627306514.339071	0.685300	-0.361200	-0.486300	0.267200	0.096800	0.122500
1627306514.350263	0.685400	-0.382100	-0.488900	0.215500	0.059200	0.109000
1627306514.355671	0.694300	-0.397100	-0.488000	0.159600	0.023500	0.091600
1627306514.376780	0.688700	-0.406600	-0.487500	0.098200	-0.019600	0.066900
1627306514.379017	0.691900	-0.411900	-0.494100	0.068300	-0.047400	0.046100
1627306514.396738	0.694300	-0.413300	-0.493200	0.038700	-0.076400	0.024700
1627306514.397681	0.697900	-0.408200	-0.501700	-0.003200	-0.106700	0.009100
1627306514.420850	0.702400	-0.405400	-0.513700	-0.035500	-0.125000	-0.002200
1627306514.421711	0.706300	-0.403100	-0.525500	-0.080100	-0.135100	-0.004300
1627306514.426184	0.703600	-0.403100	-0.536500	-0.140300	-0.137800	-0.005800
1627306514.449885	0.706300	-0.395400	-0.555400	-0.255800	-0.134800	-0.003700
1627306514.450826	0.709800	-0.382300	-0.565100	-0.358400	-0.124700	0.002400
1627306514.461556	0.709500	-0.366600	-0.552000	-0.442700	-0.114600	0.011900
1627306514.469896	0.711700	-0.349900	-0.538900	-0.534300	-0.118000	0.028100
1627306514.492139	0.712400	-0.334000	-0.532000	-0.593300	-0.132300	0.043100
1627306514.493069	0.712400	-0.321900	-0.541300	-0.606400	-0.158300	0.058300
1627306514.502900	0.712300	-0.312600	-0.561500	-0.652800	-0.185500	0.074500
1627306514.512578	0.710900	-0.299600	-0.579200	-0.700500	-0.206500	0.089200
1627306514.528348	0.705800	-0.289400	-0.589700	-0.712100	-0.231000	0.103800
1627306514.529286	0.697600	-0.277600	-0.595300	-0.750900	-0.256300	0.117300
1627306514.539124	0.689300	-0.253500	-0.600500	-0.801300	-0.272200	0.134700
1627306514.542435	0.670400	-0.211400	-0.611800	-0.833600	-0.284400	0.165800
1627306514.566382	0.646200	-0.157800	-0.604700	-0.915500	-0.295400	0.215300
1627306514.577139	0.640700	-0.113000	-0.584500	-0.878500	-0.305800	0.273300
1627306514.578100	0.640300	-0.099100	-0.563200	-0.782900	-0.324400	0.358300
1627306514.586412	0.653900	-0.127300	-0.558700	-0.684900	-0.360800	0.454800
1627306514.607655	0.659100	-0.173200	-0.581200	-0.623500	-0.397400	0.518300
1627306514.618335	0.653800	-0.226200	-0.618400	-0.606700	-0.431600	0.559800
1627306514.619278	0.662800	-0.278600	-0.655800	-0.618300	-0.461300	0.573900
1627306514.623725	0.663700	-0.312000	-0.675800	-0.643600	-0.486300	0.567800
1627306514.646310	0.664400	-0.343000	-0.711900	-0.676000	-0.511700	0.547300
1627306514.657174	0.654800	-0.364100	-0.755500	-0.738600	-0.535800	0.506400
1627306514.658119	0.656100	-0.375100	-0.798700	-0.765800	-0.540400	0.469700
1627306514.662628	0.651400	-0.386100	-0.845100	-0.791200	-0.526900	0.433100
1627306514.687501	0.644900	-0.383200	-0.883500	-0.902400	-0.489400	0.394000
1627306514.700958	0.643600	-0.366500	-0.913900	-0.943600	-0.442900	0.371400
1627306514.701871	0.644400	-0.349200	-0.940300	-0.965600	-0.389500	0.358000
1627306514.703805	0.643300	-0.322400	-0.967800	-1.045900	-0.313700	0.360700
1627306514.728367	0.642200	-0.294700	-0.989300	-1.087700	-0.244100	0.378100
1627306514.729225	0.636000	-0.270000	-0.993500	-1.091100	-0.168700	0.407700
1627306514.746915	0.634600	-0.245700	-0.970500	-1.077400	-0.082500	0.451400
1627306514.758615	0.640600	-0.226700	-0.945300	-1.030300	-0.019600	0.500000
1627306514.759559	0.640600	-0.211500	-0.929600	-0.939600	0.029300	0.554000
1627306514.778143	0.632000	-0.200300	-0.930100	-0.827200	0.089100	0.623400
1627306514.787041	0.624300	-0.192400	-0.939800	-0.746300	0.150200	0.688400
1627306514.787977	0.619900	-0.188000	-0.955800	-0.694400	0.214400	0.748600
1627306514.797803	0.622700	-0.196400	-0.960200	-0.613700	0.302000	0.817600
1627306514.806241	0.623900	-0.219100	-0.946000	-0.575500	0.373500	0.869900
1627306514.830834	0.622200	-0.234700	-0.911900	-0.584700	0.420800	0.909000
1627306514.831712	0.624000	-0.262000	-0.898700	-0.545000	0.464500	0.938000
1627306514.839031	0.620100	-0.284900	-0.897300	-0.554800	0.501200	0.956300
1627306514.850496	0.613000	-0.288000	-0.888100	-0.632000	0.527400	0.967300
1627306514.851223	0.603000	-0.284900	-0.856200	-0.639400	0.553100	0.976100
1627306514.875531	0.597300	-0.286300	-0.827500	-0.644000	0.566200	0.983200
1627306514.876580	0.586300	-0.283700	-0.802500	-0.693700	0.562200	0.989300
1627306514.886395	0.571800	-0.279800	-0.783300	-0.679700	0.554300	0.992600
1627306514.896785	0.567000	-0.286400	-0.773900	-0.651300	0.543600	0.990200
1627306514.920886	0.569800	-0.289400	-0.772800	-0.702600	0.527400	0.987500
1627306514.923034	0.560400	-0.291600	-0.767000	-0.737100	0.512500	0.985300
1627306514.927739	0.563200	-0.298300	-0.765400	-0.749600	0.493500	0.975200
1627306514.938045	0.566700	-0.302600	-0.761800	-0.817100	0.472400	0.966700
1627306514.958164	0.568200	-0.298200	-0.762900	-0.867800	0.450500	0.958700
1627306514.959031	0.566900	-0.292100	-0.769300	-0.903900	0.425100	0.950500
1627306514.966423	0.566500	-0.281600	-0.772600	-0.963400	0.405200	0.949600
1627306514.975920	0.557500	-0.264400	-0.768900	-0.990600	0.385100	0.957800
1627306514.996923	0.547600	-0.245000	-0.764800	-0.997600	0.363400	0.975200
1627306514.998113	0.547200	-0.234500	-0.765400	-1.008300	0.343500	0.997200
1627306515.006239	0.546500	-0.225700	-0.772100	-0.998000	0.318800	1.020100
1627306515.017872	0.554400	-0.220600	-0.796400	-0.965300	0.287000	1.048200
1627306515.041766	0.561000	-0.223500	-0.822900	-0.979300	0.267200	1.072700
1627306515.042633	0.558800	-0.222000	-0.843400	-0.992800	0.255000	1.096800
1627306515.046442	0.551000	-0.226200	-0.870700	-0.961900	0.254700	1.123400
1627306515.060530	0.552400	-0.232100	-0.891800	-0.944500	0.263200	1.142900
1627306515.061461	0.550400	-0.231300	-0.905200	-0.941400	0.279100	1.161900
1627306515.084228	0.555200	-0.225500	-0.911000	-0.906600	0.306900	1.190600
1627306515.086468	0.556300	-0.224000	-0.916900	-0.855000	0.335300	1.219600
1627306515.093568	0.552200	-0.228900	-0.923600	-0.816200	0.368000	1.251000
1627306515.106404	0.542200	-0.239900	-0.936300	-0.771600	0.411400	1.285900
1627306515.121343	0.538800	-0.246700	-0.943400	-0.742900	0.456900	1.313700
1627306515.124284	0.531700	-0.256200	-0.947600	-0.730700	0.500200	1.335900
1627306515.148005	0.528000	-0.264200	-0.945900	-0.708700	0.550600	1.359500
1627306515.148955	0.531100	-0.273400	-0.937500	-0.693100	0.588500	1.373200
1627306515.156502	0.532000	-0.277500	-0.925000	-0.686100	0.614800	1.385700
1627306515.164598	0.536700	-0.282200	-0.913900	-0.646700	0.642300	1.398300
1627306515.184459	0.533200	-0.292400	-0.906500	-0.613100	0.669800	1.410800
1627306515.187832	0.537000	-0.306000	-0.903800	-0.592900	0.695100	1.418400
1627306515.198993	0.541700	-0.319900	-0.896200	-0.589900	0.728400	1.423000
1627306515.203115	0.543600	-0.333900	-0.887000	-0.610100	0.759500	1.420900
1627306515.226404	0.545500	-0.348500	-0.885000	-0.626900	0.783400	1.411100
1627306515.230500	0.539700	-0.371200	-0.899200	-0.622300	0.809300	1.387900
1627306515.231441	0.532300	-0.402500	-0.926800	-0.631700	0.847800	1.346900
1627306515.256724	0.543200	-0.433300	-0.965200	-0.638800	0.900400	1.288300
1627306515.257603	0.547100	-0.445100	-0.976100	-0.714200	0.972100	1.216200
1627306515.271409	0.540500	-0.428800	-0.941500	-0.775000	1.048200	1.132500
1627306515.277099	0.536500	-0.398200	-0.906100	-0.755400	1.091600	1.064700
1627306515.297726	0.544800	-0.354500	-0.864400	-0.740800	1.116300	1.016200
1627306515.300277	0.552100	-0.328100	-0.829100	-0.562700	1.123000	0.974000
1627306515.315065	0.566000	-0.322900	-0.816300	-0.516300	1.107700	0.953200
1627306515.319272	0.580100	-0.320600	-0.800900	-0.479300	1.077500	0.945300
1627306515.320219	0.588000	-0.327100	-0.783800	-0.394400	1.030800	0.932200
1627306515.342787	0.595700	-0.331400	-0.766400	-0.402400	0.977900	0.934300
1627306515.345059	0.594500	-0.333000	-0.762700	-0.394100	0.924800	0.939500
1627306515.360101	0.588700	-0.336700	-0.783300	-0.385300	0.875000	0.958400
1627306515.365648	0.579300	-0.336800	-0.810300	-0.438100	0.856100	0.981600
1627306515.386709	0.567300	-0.330200	-0.814500	-0.491200	0.856400	1.012800
1627306515.387574	0.557700	-0.323700	-0.790400	-0.520600	0.863400	1.057100
1627306515.400509	0.550200	-0.323400	-0.767000	-0.524200	0.869500	1.094000
1627306515.406898	0.548700	-0.326400	-0.751200	-0.505300	0.864000	1.130100
1627306515.432052	0.540000	-0.339000	-0.750500	-0.473800	0.857300	1.171000
1627306515.433013	0.538800	-0.352200	-0.756700	-0.447000	0.854500	1.197000
1627306515.434867	0.537100	-0.372700	-0.749300	-0.425300	0.850900	1.211300
1627306515.459932	0.539100	-0.406200	-0.741200	-0.408200	0.847800	1.214400
1627306515.464527	0.535300	-0.428700	-0.744400	-0.434700	0.846600	1.206800
1627306515.465484	0.545800	-0.446500	-0.734300	-0.457300	0.847800	1.190900
1627306515.475379	0.550900	-0.459100	-0.701800	-0.478100	0.835900	1.164600
1627306515.479999	0.549300	-0.463600	-0.673700	-0.508600	0.807500	1.141100
1627306515.504792	0.540800	-0.470800	-0.660400	-0.483300	0.780900	1.116000
1627306515.505732	0.560100	-0.481200	-0.656400	-0.465300	0.743700	1.085200
1627306515.515411	0.556200	-0.493900	-0.671400	-0.504700	0.718900	1.058900
1627306515.523690	0.542000	-0.507800	-0.684000	-0.466200	0.715600	1.023200
1627306515.544595	0.550500	-0.525100	-0.686200	-0.443600	0.725600	0.981300
1627306515.545541	0.547400	-0.519500	-0.695600	-0.479000	0.729000	0.940100
1627306515.560276	0.540800	-0.497400	-0.700300	-0.498300	0.743700	0.916300
1627306515.562426	0.547100	-0.485500	-0.696500	-0.402700	0.773000	0.898900
1627306515.585914	0.543800	-0.486900	-0.665900	-0.372400	0.787600	0.891800
1627306515.586842	0.542000	-0.487700	-0.634900	-0.372700	0.782800	0.890300
1627306515.599203	0.537500	-0.495700	-0.607300	-0.246600	0.770800	0.884500
1627306515.606269	0.535200	-0.521200	-0.603500	-0.170500	0.757700	0.876900
1627306515.617810	0.531600	-0.535400	-0.599900	-0.160100	0.743700	0.864400
1627306515.626520	0.534400	-0.548500	-0.594700	-0.099400	0.733900	0.845100
1627306515.635661	0.534400	-0.565400	-0.587600	-0.061800	0.723500	0.822800
1627306515.656862	0.536900	-0.582300	-0.587000	-0.056000	0.716200	0.804500
1627306515.657727	0.534900	-0.602300	-0.571800	-0.032200	0.711600	0.777300
1627306515.667657	0.535800	-0.620000	-0.539400	-0.044400	0.698800	0.744600
1627306515.673197	0.535800	-0.628800	-0.518300	-0.059400	0.677400	0.712000
1627306515.694355	0.540500	-0.638800	-0.495600	-0.037100	0.647500	0.675000
1627306515.699183	0.544300	-0.650800	-0.482300	-0.036100	0.607700	0.627300
1627306515.705481	0.551300	-0.657800	-0.464100	-0.059100	0.569000	0.585200
1627306515.715565	0.560700	-0.666500	-0.456100	-0.072800	0.524700	0.539400
1627306515.740393	0.567500	-0.672500	-0.442500	-0.119200	0.457500	0.476800
1627306515.755257	0.573000	-0.672100	-0.431500	-0.162000	0.397600	0.429100
1627306515.757039	0.579700	-0.668700	-0.420300	-0.177600	0.334100	0.383300
1627306515.758087	0.583600	-0.672000	-0.422400	-0.189200	0.252800	0.326500
1627306515.758815	0.585000	-0.669200	-0.439000	-0.200200	0.195700	0.279200
1627306515.782990	0.583400	-0.668900	-0.457200	-0.210900	0.150800	0.239400
1627306515.785362	0.581200	-0.663500	-0.467300	-0.224300	0.110200	0.188400
1627306515.800220	0.581200	-0.651500	-0.459500	-0.239000	0.075400	0.151200
1627306515.802926	0.582500	-0.636800	-0.454000	-0.227000	0.039900	0.117300
1627306515.824701	0.585100	-0.631000	-0.462300	-0.180300	-0.004000	0.082500
1627306515.825636	0.590000	-0.637100	-0.475500	-0.134800	-0.039200	0.053100
1627306515.832482	0.592300	-0.646700	-0.484100	-0.124400	-0.074900	0.021400
1627306515.854986	0.595600	-0.655400	-0.498500	-0.118300	-0.109700	-0.022300
1627306515.865848	0.593900	-0.655000	-0.515100	-0.119200	-0.132300	-0.062900
1627306515.866897	0.596900	-0.653000	-0.532000	-0.114600	-0.147900	-0.101400
1627306515.875435	0.602400	-0.647600	-0.544600	-0.111300	-0.162200	-0.146900
1627306515.876362	0.599600	-0.637300	-0.548700	-0.127800	-0.180000	-0.185100
1627306515.900896	0.604100	-0.631600	-0.549400	-0.107900	-0.194300	-0.221100
1627306515.904085	0.606800	-0.630700	-0.552700	-0.060600	-0.207800	-0.264200
1627306515.916439	0.607500	-0.609700	-0.554900	-0.140900	-0.231900	-0.297800
1627306515.921980	0.610800	-0.587300	-0.565200	-0.089000	-0.243500	-0.324400
1627306515.949680	0.610700	-0.576300	-0.556800	0.001100	-0.257800	-0.342700
1627306515.950619	0.616600	-0.562100	-0.545200	-0.013200	-0.284100	-0.354000
1627306515.954012	0.621100	-0.546400	-0.540200	0.065600	-0.311900	-0.362900
1627306515.959975	0.615700	-0.544200	-0.546600	0.161500	-0.338200	-0.368100
1627306515.984631	0.615400	-0.542100	-0.559900	0.205500	-0.364100	-0.367400
1627306515.985687	0.613200	-0.541000	-0.573500	0.250700	-0.376100	-0.371400
1627306515.995547	0.613800	-0.539700	-0.578700	0.276300	-0.385200	-0.373900
1627306516.001196	0.614600	-0.529300	-0.570300	0.291900	-0.401700	-0.377800
1627306516.017598	0.616800	-0.529700	-0.569800	0.339800	-0.418200	-0.383600
1627306516.031904	0.612900	-0.534400	-0.581900	0.366400	-0.437100	-0.390100
1627306516.032832	0.609700	-0.542800	-0.592400	0.377100	-0.451500	-0.401000
1627306516.055424	0.610200	-0.553000	-0.605000	0.391500	-0.456700	-0.418200
1627306516.056373	0.605800	-0.560200	-0.612700	0.354500	-0.461900	-0.438300
1627306516.072221	0.599900	-0.557000	-0.616800	0.316300	-0.466200	-0.470100
1627306516.081733	0.596100	-0.553300	-0.624000	0.320600	-0.465200	-0.498200
1627306516.083923	0.600500	-0.553800	-0.637800	0.293100	-0.463700	-0.528100
1627306516.099088	0.606400	-0.546000	-0.659100	0.232900	-0.456100	-0.562900
1627306516.100841	0.613300	-0.541900	-0.679100	0.204800	-0.443600	-0.587400
1627306516.125616	0.613300	-0.537100	-0.682900	0.165400	-0.429800	-0.613900
1627306516.127836	0.616200	-0.528200	-0.667600	0.139200	-0.420300	-0.645100
1627306516.136519	0.619400	-0.517900	-0.653100	0.145300	-0.427100	-0.672900
1627306516.144443	0.616300	-0.501600	-0.642900	0.147100	-0.442300	-0.694900
1627306516.166882	0.605500	-0.481800	-0.648200	0.207000	-0.462200	-0.713800
1627306516.167741	0.609400	-0.468300	-0.652200	0.276900	-0.474100	-0.724500
1627306516.173728	0.606000	-0.457300	-0.663300	0.297700	-0.483600	-0.724200
1627306516.198466	0.601300	-0.451400	-0.680200	0.362100	-0.484200	-0.719300
1627306516.199416	0.608900	-0.462200	-0.689200	0.431800	-0.475300	-0.715300
1627306516.205603	0.608500	-0.474500	-0.690900	0.444900	-0.468300	-0.715900
1627306516.216176	0.611800	-0.482400	-0.684400	0.455000	-0.460000	-0.728800
1627306516.241795	0.622300	-0.484600	-0.686800	0.466600	-0.461000	-0.743400
1627306516.242660	0.620400	-0.489900	-0.684700	0.491000	-0.459100	-0.760800
1627306516.245235	0.621800	-0.497700	-0.682600	0.499300	-0.461300	-0.789300
1627306516.260628	0.630100	-0.496900	-0.677000	0.470300	-0.472300	-0.821300
1627306516.261565	0.639300	-0.486100	-0.674900	0.453800	-0.490600	-0.847900
1627306516.285918	0.638200	-0.476100	-0.672700	0.469700	-0.512900	-0.874800
1627306516.286858	0.629600	-0.467800	-0.679800	0.465400	-0.537600	-0.897100
1627306516.296726	0.632000	-0.462800	-0.698600	0.454100	-0.553500	-0.914200
1627306516.306278	0.636800	-0.456100	-0.714000	0.468400	-0.557500	-0.929800
1627306516.321180	0.632200	-0.439100	-0.713500	0.453200	-0.559900	-0.942900
1627306516.334398	0.629900	-0.413300	-0.713600	0.488900	-0.557200	-0.946500
1627306516.334886	0.629400	-0.393600	-0.719700	0.564600	-0.552600	-0.942000
1627306516.335906	0.633700	-0.383100	-0.747200	0.608900	-0.540100	-0.924300
1627306516.360157	0.635500	-0.384000	-0.761600	0.653800	-0.523000	-0.904400
1627306516.371969	0.638400	-0.397100	-0.754200	0.689300	-0.508000	-0.888200
1627306516.387784	0.638100	-0.413200	-0.737900	0.707300	-0.504000	-0.882400
1627306516.403493	0.638900	-0.422700	-0.726600	0.733200	-0.509200	-0.887300
1627306516.409311	0.634600	-0.432100	-0.729100	0.765600	-0.515600	-0.896800
1627306516.418689	0.628800	-0.432400	-0.732200	0.787000	-0.519600	-0.910500
1627306516.419632	0.621500	-0.425900	-0.730300	0.805000	-0.517800	-0.919400
1627306516.427730	0.614700	-0.412500	-0.721300	0.825500	-0.512900	-0.925500
1627306516.434083	0.616300	-0.401000	-0.723400	0.857600	-0.509800	-0.923300
1627306516.436861	0.620000	-0.399700	-0.724700	0.893000	-0.508300	-0.917200
1627306516.461908	0.619900	-0.408000	-0.722800	0.907900	-0.509800	-0.913300
1627306516.464010	0.617100	-0.412500	-0.718100	0.893000	-0.523900	-0.913300
1627306516.480730	0.611000	-0.420900	-0.717000	0.911900	-0.534300	-0.919100
1627306516.504246	0.609600	-0.432900	-0.720300	0.942800	-0.544000	-0.933400
1627306516.505235	0.607500	-0.442700	-0.721900	0.924400	-0.556900	-0.954800
1627306516.506483	0.601600	-0.438400	-0.719000	0.922600	-0.565100	-0.974000
1627306516.521768	0.592400	-0.432500	-0.718100	0.947700	-0.568200	-0.993900
1627306516.522725	0.594000	-0.420000	-0.720000	0.951600	-0.572700	-1.009500
1627306516.545557	0.594500	-0.411900	-0.719800	0.969000	-0.576700	-1.018600
1627306516.547728	0.595600	-0.415300	-0.729400	0.994400	-0.579800	-1.028400
1627306516.555276	0.597400	-0.423100	-0.731600	0.990700	-0.587700	-1.040600
1627306516.565811	0.598100	-0.431600	-0.735000	0.991600	-0.592900	-1.058000
1627306516.566761	0.591400	-0.434700	-0.734000	0.983400	-0.599300	-1.077900
1627306516.590100	0.588100	-0.428000	-0.733800	0.962600	-0.602700	-1.103800
1627306516.604832	0.589000	-0.416700	-0.728800	0.985500	-0.599900	-1.127700
1627306516.605773	0.580900	-0.402100	-0.720200	0.995900	-0.595400	-1.140500
1627306516.610000	0.582000	-0.387500	-0.708900	1.017900	-0.593500	-1.143200
1627306516.632560	0.583100	-0.378500	-0.698700	1.063100	-0.594400	-1.140500
1627306516.644711	0.594000	-0.379000	-0.693700	1.082000	-0.603900	-1.133200
1627306516.645644	0.593500	-0.382600	-0.654700	1.110400	-0.635700	-1.130100
1627306516.651296	0.597000	-0.390500	-0.635700	1.164800	-0.683900	-1.130100
1627306516.671351	0.601600	-0.406100	-0.654500	1.202100	-0.731900	-1.136200
1627306516.682115	0.587500	-0.407800	-0.662700	1.177300	-0.772200	-1.143600
1627306516.689464	0.595200	-0.412200	-0.687500	1.194400	-0.799400	-1.154200
1627306516.690433	0.598900	-0.424800	-0.709800	1.181600	-0.806400	-1.162500
1627306516.710442	0.602900	-0.431400	-0.722800	1.087800	-0.809800	-1.171700
1627306516.715269	0.601600	-0.427100	-0.719700	1.005100	-0.810100	-1.191200
1627306516.729345	0.599200	-0.425700	-0.705800	0.979700	-0.819200	-1.211400
1627306516.730305	0.596200	-0.425500	-0.705600	0.947000	-0.842800	-1.242200
1627306516.751741	0.601200	-0.421900	-0.727400	0.900000	-0.866300	-1.272400
1627306516.752910	0.596200	-0.416100	-0.753900	0.886300	-0.873300	-1.304800
1627306516.758653	0.589600	-0.408400	-0.771100	0.849900	-0.871200	-1.334800
1627306516.782078	0.598000	-0.386800	-0.778900	0.824000	-0.858900	-1.371100
1627306516.783012	0.604000	-0.366100	-0.785000	0.813000	-0.847600	-1.391900
1627306516.798077	0.603600	-0.335700	-0.793600	0.792200	-0.834800	-1.399500
1627306516.799008	0.606300	-0.298500	-0.811800	0.812300	-0.811000	-1.395200
1627306516.824625	0.610200	-0.277700	-0.825000	0.842600	-0.785300	-1.379700
1627306516.825562	0.617400	-0.258500	-0.836300	0.837700	-0.761200	-1.357400
1627306516.835270	0.634200	-0.239500	-0.854700	0.849600	-0.727000	-1.318000
1627306516.839933	0.641500	-0.236100	-0.865600	0.871900	-0.694600	-1.281300
1627306516.862226	0.645300	-0.237200	-0.881200	0.854800	-0.660400	-1.242200
1627306516.863165	0.648400	-0.237400	-0.887900	0.829500	-0.618900	-1.202200
1627306516.868760	0.656500	-0.234700	-0.891600	0.842900	-0.578200	-1.172900
1627306516.890560	0.657700	-0.231800	-0.901200	0.831000	-0.541900	-1.143200
1627306516.892920	0.653700	-0.217200	-0.922200	0.832800	-0.490600	-1.109300
1627306516.905052	0.661300	-0.210700	-0.938400	0.896000	-0.433200	-1.077300
1627306516.910687	0.667100	-0.208500	-0.947100	0.915000	-0.369300	-1.045500
1627306516.933114	0.672100	-0.196400	-0.942900	0.937600	-0.287800	-1.002100
1627306516.934004	0.678500	-0.190200	-0.939600	0.997100	-0.207800	-0.959700
1627306516.945273	0.690100	-0.190700	-0.935100	1.036500	-0.130500	-0.912000
1627306516.948121	0.698600	-0.190100	-0.916500	1.042900	-0.048300	-0.857400
1627306516.973187	0.709400	-0.188000	-0.886200	1.056400	0.023100	-0.799600
1627306516.974039	0.718300	-0.189100	-0.849700	1.073500	0.069000	-0.749900
1627306516.984135	0.721800	-0.199100	-0.815100	1.108900	0.105000	-0.698800
1627306516.990757	0.726900	-0.215300	-0.790300	1.148300	0.127900	-0.654200
1627306517.010916	0.731000	-0.231300	-0.769500	1.163000	0.144400	-0.624600
1627306517.013039	0.729900	-0.246600	-0.754000	1.159900	0.160000	-0.597400
1627306517.022730	0.734400	-0.255600	-0.736100	1.153500	0.170700	-0.576100
1627306517.031946	0.732900	-0.257900	-0.719500	1.135200	0.180400	-0.555600
1627306517.056007	0.727800	-0.259900	-0.702100	1.109500	0.187800	-0.533900
1627306517.056948	0.734300	-0.259500	-0.693500	1.106500	0.195100	-0.506100
1627306517.067783	0.735000	-0.268200	-0.683800	1.092400	0.201200	-0.484400
1627306517.079102	0.733900	-0.273100	-0.668700	1.051500	0.205200	-0.459700
1627306517.082579	0.732200	-0.276400	-0.650500	1.029500	0.206400	-0.432200
1627306517.098256	0.730700	-0.281900	-0.627600	1.024000	0.200300	-0.413300
1627306517.115799	0.732700	-0.290800	-0.618400	0.997100	0.191400	-0.392200
1627306517.116677	0.732100	-0.296500	-0.616500	0.966900	0.180400	-0.371700
1627306517.124079	0.724100	-0.297200	-0.606300	0.930200	0.172200	-0.360400
1627306517.135787	0.722400	-0.293300	-0.595600	0.901200	0.159700	-0.343900
1627306517.136724	0.723100	-0.295300	-0.601600	0.898500	0.151700	-0.319500
1627306517.163136	0.720600	-0.302900	-0.607300	0.878000	0.151100	-0.302100
1627306517.168676	0.714500	-0.301800	-0.591900	0.833700	0.148700	-0.284100
1627306517.188915	0.720500	-0.298200	-0.577800	0.829800	0.146200	-0.263300
1627306517.192715	0.719700	-0.298800	-0.557900	0.845300	0.134600	-0.249900
1627306517.203444	0.728500	-0.299900	-0.554400	0.827600	0.116300	-0.231800
1627306517.204383	0.732400	-0.300700	-0.559000	0.820300	0.102300	-0.207100
1627306517.208724	0.723800	-0.304000	-0.554400	0.826700	0.094300	-0.180800
1627306517.231251	0.729200	-0.312300	-0.551300	0.813600	0.090300	-0.155800
1627306517.245598	0.728500	-0.316700	-0.531900	0.783900	0.086100	-0.131300
1627306517.246535	0.724900	-0.316700	-0.514900	0.758600	0.075100	-0.110000
1627306517.270631	0.731000	-0.319600	-0.508400	0.748500	0.059800	-0.091300
1627306517.271499	0.731400	-0.330800	-0.512300	0.725900	0.041800	-0.069300
1627306517.272500	0.736200	-0.346100	-0.524500	0.688300	0.032000	-0.055300
1627306517.287901	0.734300	-0.367900	-0.521700	0.643700	0.024700	-0.051300
1627306517.290581	0.734000	-0.384800	-0.515500	0.575600	0.016100	-0.057700
1627306517.312093	0.740500	-0.394300	-0.519900	0.508700	0.010300	-0.068700
1627306517.312947	0.735000	-0.393300	-0.526000	0.461400	0.012500	-0.082200
1627306517.324051	0.738200	-0.385000	-0.528000	0.424400	0.019500	-0.097100
1627306517.330710	0.748200	-0.374300	-0.539600	0.401500	0.034800	-0.106900
1627306517.355603	0.740500	-0.367900	-0.546000	0.356300	0.054300	-0.108400
1627306517.356644	0.747700	-0.355500	-0.543600	0.304100	0.086700	-0.098700
1627306517.364049	0.748000	-0.351100	-0.534500	0.288500	0.116000	-0.085800
1627306517.371026	0.743400	-0.353800	-0.522600	0.240300	0.142300	-0.070000
1627306517.389345	0.743400	-0.353800	-0.513200	0.185000	0.168200	-0.051900
1627306517.391755	0.739500	-0.350600	-0.498800	0.150500	0.193600	-0.033300
1627306517.408024	0.739900	-0.347800	-0.479200	0.108900	0.213400	-0.009500
1627306517.422072	0.739400	-0.342500	-0.463000	0.068300	0.224700	0.018300
1627306517.423013	0.738300	-0.339600	-0.441500	0.049100	0.233300	0.054000
1627306517.432832	0.740200	-0.348000	-0.421800	0.043300	0.228100	0.079100
1627306517.434895	0.741800	-0.354100	-0.397100	0.012400	0.206400	0.100500
1627306517.460818	0.747300	-0.362400	-0.393400	0.007200	0.171000	0.120600
1627306517.461753	0.748700	-0.381200	-0.406400	0.008400	0.142600	0.132800
1627306517.466316	0.749100	-0.404500	-0.426800	-0.041300	0.120300	0.138700
1627306517.487862	0.752900	-0.418900	-0.431000	-0.137500	0.089400	0.133500
1627306517.491684	0.754900	-0.427400	-0.423800	-0.184600	0.063500	0.123400
1627306517.502862	0.761500	-0.432700	-0.421800	-0.236500	0.030500	0.109300
1627306517.509342	0.770900	-0.440200	-0.435100	-0.316200	-0.012300	0.092200
1627306517.533126	0.776900	-0.444300	-0.446900	-0.358100	-0.042200	0.078800
1627306517.534212	0.776600	-0.446800	-0.456200	-0.416400	-0.070000	0.064100
1627306517.541484	0.773600	-0.446500	-0.467500	-0.512300	-0.102700	0.044900
1627306517.553093	0.775400	-0.436300	-0.478000	-0.573700	-0.128000	0.028400
1627306517.554039	0.771000	-0.426100	-0.485700	-0.616800	-0.152800	0.015900
1627306517.577593	0.770900	-0.406700	-0.494100	-0.660400	-0.183000	0.006400
1627306517.592764	0.770400	-0.391700	-0.499800	-0.674800	-0.209900	0.008800
1627306517.596932	0.769300	-0.381200	-0.509400	-0.665600	-0.231300	0.020500
1627306517.616149	0.768100	-0.378300	-0.535400	-0.651600	-0.246500	0.040600
1627306517.617112	0.764300	-0.379200	-0.566000	-0.660100	-0.249600	0.065000
1627306517.624179	0.756500	-0.382800	-0.586800	-0.667500	-0.237700	0.091000
1627306517.633907	0.752200	-0.391100	-0.597200	-0.646100	-0.220000	0.114500
1627306517.635664	0.742100	-0.392000	-0.593600	-0.653400	-0.199800	0.131000
1627306517.659413	0.743000	-0.386700	-0.595900	-0.625900	-0.180000	0.143200
1627306517.661515	0.738300	-0.382100	-0.585000	-0.556600	-0.156100	0.153600
1627306517.668612	0.745800	-0.383400	-0.588300	-0.508600	-0.139300	0.166400
1627306517.687503	0.744400	-0.386400	-0.589700	-0.472600	-0.128300	0.175000
1627306517.700946	0.745400	-0.397600	-0.603400	-0.447600	-0.116700	0.179900
1627306517.701896	0.741800	-0.408700	-0.619600	-0.475700	-0.100900	0.177400
1627306517.706319	0.735700	-0.410000	-0.625700	-0.523300	-0.085900	0.168900
1627306517.728824	0.735400	-0.402000	-0.622600	-0.562100	-0.069400	0.154200
1627306517.744596	0.726900	-0.389800	-0.621900	-0.619800	-0.057800	0.142900
1627306517.746834	0.725600	-0.372100	-0.624800	-0.661100	-0.048000	0.135600
1627306517.759594	0.724600	-0.355100	-0.623700	-0.683100	-0.040400	0.130100
1627306517.760548	0.730500	-0.336200	-0.618000	-0.710200	-0.036700	0.130100
1627306517.775382	0.730700	-0.319100	-0.615800	-0.737700	-0.042200	0.133800
1627306517.777432	0.727500	-0.299000	-0.620400	-0.767300	-0.052000	0.144800
1627306517.803256	0.730600	-0.285800	-0.645000	-0.774700	-0.053500	0.167700
1627306517.804326	0.729500	-0.282500	-0.663900	-0.814400	-0.046500	0.188700
1627306517.812874	0.717300	-0.271900	-0.669600	-0.890700	-0.036100	0.213500
1627306517.826951	0.715200	-0.252100	-0.682700	-0.932000	-0.008000	0.251400
1627306517.847030	0.703600	-0.238900	-0.683200	-0.957600	0.023100	0.288600
1627306517.847904	0.697000	-0.221600	-0.666000	-0.989100	0.051200	0.331100
1627306517.850246	0.696000	-0.202500	-0.636400	-0.942400	0.073200	0.389100
1627306517.865300	0.690100	-0.201500	-0.610700	-0.879700	0.080000	0.437700
1627306517.880097	0.687600	-0.207000	-0.600600	-0.846200	0.075700	0.482600
1627306517.891161	0.694600	-0.219600	-0.606300	-0.797900	0.062900	0.533900
1627306517.892108	0.701700	-0.237300	-0.612200	-0.765500	0.052800	0.569300
1627306517.901646	0.699700	-0.256200	-0.619800	-0.801300	0.032300	0.595300
1627306517.917777	0.707600	-0.275800	-0.618000	-0.815900	0.005400	0.614800
1627306517.930955	0.714800	-0.310800	-0.635100	-0.790600	-0.016300	0.620900
1627306517.932100	0.719500	-0.345000	-0.649000	-0.848000	-0.041600	0.612700
1627306517.932989	0.720100	-0.365600	-0.654500	-0.928000	-0.069700	0.588900
1627306517.957818	0.730600	-0.378200	-0.673300	-0.946000	-0.093800	0.555600
1627306517.961254	0.724100	-0.380200	-0.685300	-1.023900	-0.121300	0.518900
1627306517.982540	0.718400	-0.365500	-0.698200	-1.099400	-0.151600	0.478600
1627306517.996119	0.718100	-0.355100	-0.736000	-1.100000	-0.166200	0.444400
1627306517.997063	0.717200	-0.339000	-0.769400	-1.162600	-0.168700	0.421200
1627306518.005010	0.715300	-0.310100	-0.790500	-1.221500	-0.153100	0.405600
1627306518.015348	0.711100	-0.284800	-0.811000	-1.194300	-0.126800	0.397700
1627306518.022870	0.708500	-0.264200	-0.832500	-1.219100	-0.093500	0.405000
1627306518.033224	0.709700	-0.235400	-0.847800	-1.222400	-0.053500	0.423300
1627306518.034156	0.700400	-0.213000	-0.857500	-1.171100	-0.003700	0.452000
1627306518.058079	0.697500	-0.200700	-0.861200	-1.126800	0.042700	0.489900
1627306518.060277	0.692600	-0.197400	-0.860000	-1.065500	0.096500	0.533900
1627306518.065081	0.685700	-0.192900	-0.849600	-0.995800	0.151400	0.578200
1627306518.085471	0.674100	-0.182600	-0.839600	-0.947900	0.193000	0.617600
1627306518.096350	0.668500	-0.168100	-0.831700	-0.882200	0.231100	0.664600
1627306518.114056	0.665000	-0.163500	-0.819600	-0.779900	0.271200	0.717800
1627306518.122191	0.654300	-0.166700	-0.808500	-0.739300	0.296800	0.763600
1627306518.123129	0.653400	-0.166600	-0.798700	-0.711500	0.319400	0.808500
1627306518.132585	0.651500	-0.178800	-0.789800	-0.645200	0.337700	0.851800
1627306518.156531	0.655300	-0.199800	-0.779300	-0.616800	0.346900	0.882100
1627306518.157538	0.657300	-0.224200	-0.767500	-0.618900	0.348100	0.901000
1627306518.164287	0.653900	-0.248000	-0.752200	-0.606700	0.341100	0.911100
1627306518.165336	0.659400	-0.263100	-0.740400	-0.615500	0.329200	0.906800
1627306518.187144	0.660500	-0.274500	-0.736000	-0.631100	0.312100	0.896700
1627306518.190460	0.662000	-0.278800	-0.734000	-0.650400	0.291000	0.878400
1627306518.200374	0.662700	-0.278000	-0.728000	-0.662300	0.275400	0.867400
1627306518.207122	0.661600	-0.278600	-0.722200	-0.671700	0.261100	0.856400
1627306518.229448	0.658300	-0.271000	-0.713600	-0.671100	0.243100	0.849100
1627306518.231614	0.659100	-0.268200	-0.711100	-0.656500	0.228100	0.846600
1627306518.242855	0.653100	-0.268100	-0.715500	-0.646100	0.218900	0.848200
1627306518.244460	0.651000	-0.275500	-0.721700	-0.632300	0.212800	0.852100
1627306518.270600	0.651700	-0.283700	-0.725700	-0.625600	0.211000	0.853100
1627306518.271461	0.651500	-0.289600	-0.739100	-0.636000	0.212800	0.853100
1627306518.281479	0.654200	-0.292500	-0.751600	-0.641500	0.217400	0.853100
1627306518.288137	0.657800	-0.292600	-0.754900	-0.642100	0.225700	0.852400
1627306518.309790	0.658600	-0.295000	-0.757000	-0.643300	0.230800	0.854000
1627306518.310732	0.657500	-0.293100	-0.760700	-0.638200	0.236300	0.856700
1627306518.320325	0.654800	-0.296000	-0.768200	-0.638800	0.242500	0.858600
1627306518.326230	0.648800	-0.298300	-0.779300	-0.651600	0.249800	0.857300
1627306518.351044	0.644700	-0.298600	-0.792000	-0.667200	0.261100	0.853700
1627306518.351953	0.643600	-0.297600	-0.796100	-0.681500	0.275400	0.845100
1627306518.368372	0.646000	-0.298000	-0.802000	-0.693400	0.289200	0.837500
1627306518.369321	0.649300	-0.290600	-0.804100	-0.707800	0.307200	0.827700
1627306518.371400	0.653300	-0.281200	-0.808100	-0.712400	0.324600	0.820400
1627306518.395219	0.649900	-0.275100	-0.811400	-0.713600	0.339000	0.816400
1627306518.410556	0.646600	-0.260700	-0.806900	-0.740200	0.351800	0.819200
1627306518.416884	0.644700	-0.246900	-0.807300	-0.746000	0.365200	0.826200
1627306518.429697	0.642500	-0.236500	-0.803600	-0.728300	0.376200	0.836000
1627306518.430633	0.642100	-0.227300	-0.802500	-0.722500	0.386300	0.852400
1627306518.441514	0.636700	-0.220500	-0.801000	-0.704400	0.398800	0.875400
1627306518.444902	0.633700	-0.217400	-0.802500	-0.677600	0.408600	0.895800
1627306518.469902	0.633200	-0.218800	-0.811200	-0.654600	0.423900	0.920600
1627306518.470845	0.634500	-0.229400	-0.824500	-0.636300	0.448000	0.950500
1627306518.480383	0.627200	-0.237400	-0.811800	-0.638800	0.469400	0.973400
1627306518.486234	0.636500	-0.248400	-0.809200	-0.629000	0.487400	0.996900
1627306518.508560	0.630600	-0.260100	-0.806900	-0.613700	0.503000	1.016500
1627306518.509506	0.630600	-0.260100	-0.806900	-0.613700	0.503000	1.016500
1627306518.519142	0.629800	-0.268800	-0.812100	-0.612500	0.519800	1.033000
1627306518.527612	0.623700	-0.280900	-0.812900	-0.588100	0.540200	1.045800
1627306518.549891	0.622300	-0.299200	-0.808000	-0.559400	0.568700	1.054600
1627306518.559667	0.623000	-0.311300	-0.806800	-0.552900	0.587000	1.060100
1627306518.560633	0.627400	-0.332200	-0.812400	-0.529400	0.607100	1.062600
1627306518.565430	0.627900	-0.368700	-0.825400	-0.502800	0.634900	1.054300
1627306518.586179	0.634300	-0.402700	-0.836400	-0.523600	0.664600	1.037200
1627306518.598569	0.627300	-0.429900	-0.838100	-0.572800	0.699400	1.005500
1627306518.599506	0.626300	-0.439200	-0.822600	-0.626200	0.744900	0.952000
1627306518.605099	0.628300	-0.436800	-0.805700	-0.641200	0.775100	0.906800
1627306518.631209	0.624300	-0.426800	-0.784500	-0.636900	0.802000	0.866500
1627306518.632147	0.630000	-0.404800	-0.760700	-0.619200	0.823700	0.825600
1627306518.639141	0.633300	-0.381500	-0.754900	-0.583500	0.833500	0.804200
1627306518.653733	0.637700	-0.368300	-0.759300	-0.532200	0.845100	0.793200
1627306518.669710	0.649300	-0.358800	-0.762500	-0.516300	0.857000	0.795000
1627306518.670650	0.651600	-0.350300	-0.755600	-0.540100	0.862500	0.806300
1627306518.680392	0.655600	-0.343000	-0.741600	-0.543800	0.859700	0.821000
1627306518.688748	0.662000	-0.341300	-0.722200	-0.516600	0.845400	0.841800
1627306518.712710	0.663300	-0.337400	-0.692600	-0.507700	0.819400	0.861600
1627306518.720847	0.665800	-0.330200	-0.667700	-0.480200	0.781500	0.883900
1627306518.721793	0.663500	-0.325900	-0.658900	-0.413700	0.733900	0.915400
1627306518.732533	0.649400	-0.327400	-0.644800	-0.336400	0.686200	0.950800
1627306518.754351	0.641000	-0.338100	-0.630700	-0.251500	0.644100	0.981300
1627306518.755221	0.626500	-0.361200	-0.641200	-0.158900	0.603500	1.010100
1627306518.758944	0.612800	-0.389900	-0.668800	-0.089300	0.581200	1.025900
1627306518.764729	0.603900	-0.418800	-0.686600	-0.046800	0.581200	1.028700
1627306518.788551	0.604900	-0.449500	-0.695900	-0.018700	0.594300	1.016500
1627306518.789492	0.607700	-0.476200	-0.692700	-0.002500	0.612000	0.994500
1627306518.793894	0.608500	-0.494400	-0.687300	0.008400	0.627900	0.969100
1627306518.810376	0.607400	-0.506300	-0.679800	0.020700	0.641700	0.943200
1627306518.821475	0.598600	-0.523800	-0.675500	0.065900	0.663300	0.912600
1627306518.823220	0.606600	-0.547400	-0.683100	0.100400	0.687800	0.883000
1627306518.846976	0.597200	-0.562400	-0.664300	0.070100	0.707300	0.844800
1627306518.849096	0.599000	-0.565700	-0.637800	0.047500	0.725600	0.803300
1627306518.859117	0.604500	-0.572900	-0.628300	0.074700	0.737600	0.763300
1627306518.867129	0.596700	-0.573000	-0.604000	0.022500	0.741500	0.728400
1627306518.889714	0.596800	-0.566400	-0.591100	-0.004700	0.745500	0.696100
1627306518.890683	0.597200	-0.561200	-0.572100	0.024300	0.751000	0.671900
1627306518.904242	0.598300	-0.568400	-0.552500	0.059500	0.747900	0.647200
1627306518.907389	0.601600	-0.578600	-0.532600	0.038400	0.731100	0.616000
1627306518.930671	0.600200	-0.584100	-0.520500	0.045700	0.712800	0.586100
1627306518.931536	0.601400	-0.592200	-0.512900	0.065000	0.694200	0.551600
1627306518.939093	0.605100	-0.598900	-0.503300	0.036900	0.668200	0.507300
1627306518.950542	0.612800	-0.596700	-0.487500	0.032300	0.644400	0.467600
1627306518.951581	0.616800	-0.597200	-0.471100	0.036200	0.612600	0.429400
1627306518.975647	0.621100	-0.599700	-0.458400	0.038400	0.567700	0.383300
1627306518.978993	0.624600	-0.604600	-0.453500	0.054300	0.524700	0.335700
1627306518.987868	0.629400	-0.612800	-0.457800	0.064600	0.484400	0.288600
1627306518.995811	0.636500	-0.616100	-0.460700	0.046000	0.441900	0.228100
1627306519.017044	0.637200	-0.610000	-0.463300	0.038100	0.407100	0.178100
1627306519.018080	0.643600	-0.599600	-0.460700	0.044200	0.379000	0.133800
1627306519.023909	0.645800	-0.590600	-0.453100	0.054000	0.347500	0.090700
1627306519.048574	0.649400	-0.579800	-0.435100	0.060700	0.317900	0.058000
1627306519.049516	0.657300	-0.572400	-0.413200	0.090300	0.284600	0.033300
1627306519.059150	0.661000	-0.570100	-0.392100	0.140100	0.242100	0.009800
1627306519.067750	0.665000	-0.570900	-0.378300	0.164200	0.194200	-0.010700
1627306519.069699	0.662700	-0.569700	-0.373800	0.202700	0.148100	-0.029900
1627306519.096113	0.670400	-0.578400	-0.371000	0.227400	0.093700	-0.055600
1627306519.097046	0.679800	-0.583400	-0.370500	0.190800	0.027700	-0.085500
1627306519.106488	0.679800	-0.584200	-0.371000	0.134600	-0.041300	-0.117000
1627306519.119064	0.671000	-0.589400	-0.377700	0.114700	-0.117300	-0.157300
1627306519.126619	0.674200	-0.589800	-0.375700	0.061600	-0.183600	-0.199500
1627306519.134939	0.678600	-0.574800	-0.385700	-0.004400	-0.239800	-0.224800
1627306519.157180	0.678500	-0.562100	-0.407500	0.017000	-0.280800	-0.245900
1627306519.158117	0.681400	-0.557900	-0.426400	0.034400	-0.309500	-0.257800
1627306519.163781	0.671600	-0.551100	-0.432300	0.017300	-0.327200	-0.263000
1627306519.185510	0.676500	-0.539900	-0.427700	0.032000	-0.338800	-0.264500
1627306519.186810	0.682500	-0.535200	-0.431300	0.085700	-0.353400	-0.262400
1627306519.196616	0.678700	-0.534400	-0.444800	0.077500	-0.363200	-0.257800
1627306519.205995	0.677400	-0.524700	-0.464400	0.074100	-0.368400	-0.250800
1627306519.227043	0.684600	-0.522800	-0.483600	0.105900	-0.369300	-0.246800
1627306519.227916	0.688400	-0.526200	-0.495600	0.105600	-0.370600	-0.244700
1627306519.241451	0.681600	-0.527800	-0.494600	0.092100	-0.369300	-0.248000
1627306519.243222	0.688100	-0.553800	-0.507300	0.205100	-0.369300	-0.262700
1627306519.266909	0.696000	-0.570300	-0.539900	0.143800	-0.371800	-0.284100
1627306519.267954	0.687700	-0.554100	-0.559800	0.015200	-0.368700	-0.301200
1627306519.282759	0.684600	-0.551900	-0.542600	0.118100	-0.352800	-0.329600
1627306519.285695	0.683200	-0.571800	-0.515600	0.141600	-0.356500	-0.359500
1627306519.311779	0.677500	-0.569100	-0.495800	0.060400	-0.376700	-0.388800
1627306519.312832	0.672900	-0.555900	-0.491000	0.157800	-0.402000	-0.433700
1627306519.327296	0.674400	-0.554700	-0.500100	0.227100	-0.425200	-0.465200
1627306519.329299	0.671300	-0.549700	-0.509400	0.183200	-0.453600	-0.486900
1627306519.330265	0.664300	-0.537700	-0.511400	0.221300	-0.481100	-0.513100
1627306519.354425	0.657800	-0.536900	-0.501100	0.254900	-0.508300	-0.532100
1627306519.356597	0.657500	-0.533200	-0.502700	0.250700	-0.544000	-0.551600
1627306519.361347	0.651700	-0.526900	-0.519700	0.294600	-0.581000	-0.574200
1627306519.383088	0.652200	-0.532100	-0.538700	0.353900	-0.605700	-0.595300
1627306519.389175	0.647600	-0.535400	-0.552000	0.363700	-0.625000	-0.617600
1627306519.400447	0.648100	-0.527700	-0.564800	0.360300	-0.644500	-0.645400
1627306519.403129	0.651400	-0.523600	-0.577500	0.401800	-0.657400	-0.670400
1627306519.425688	0.649800	-0.521100	-0.590300	0.404000	-0.668000	-0.693000
1627306519.426689	0.646400	-0.513800	-0.611000	0.363400	-0.674500	-0.718100
1627306519.446902	0.651400	-0.509600	-0.636100	0.372800	-0.672300	-0.744000
1627306519.447952	0.651700	-0.512200	-0.649900	0.357600	-0.665900	-0.767300
1627306519.470050	0.649400	-0.502600	-0.670700	0.283600	-0.657000	-0.791400
1627306519.478490	0.650900	-0.489600	-0.679900	0.285800	-0.637800	-0.820100
1627306519.479433	0.658000	-0.481300	-0.682300	0.305300	-0.621900	-0.844500
1627306519.487984	0.661100	-0.472200	-0.686400	0.284600	-0.606000	-0.867700
1627306519.491276	0.661500	-0.462600	-0.686200	0.298000	-0.588300	-0.891900
1627306519.507742	0.658800	-0.454500	-0.677100	0.327300	-0.578200	-0.913600
1627306519.519366	0.660400	-0.432100	-0.666500	0.311100	-0.578200	-0.931300
1627306519.520297	0.662800	-0.400000	-0.677900	0.359700	-0.573100	-0.941400
1627306519.545800	0.663800	-0.386800	-0.692700	0.429000	-0.556600	-0.938900
1627306519.546667	0.668000	-0.375100	-0.702100	0.453500	-0.531800	-0.928800
1627306519.557711	0.677400	-0.367900	-0.702600	0.494400	-0.498200	-0.913000
1627306519.560828	0.684700	-0.371100	-0.698500	0.549700	-0.468600	-0.899200
1627306519.586837	0.684000	-0.374600	-0.690200	0.560700	-0.442600	-0.887000
1627306519.587727	0.687900	-0.366500	-0.673300	0.576900	-0.421300	-0.871400
1627306519.595580	0.690900	-0.362700	-0.656100	0.637000	-0.409600	-0.861900
1627306519.604461	0.688800	-0.361100	-0.642900	0.647400	-0.411500	-0.848200
1627306519.629069	0.688800	-0.356300	-0.632300	0.651700	-0.422200	-0.828300
1627306519.631447	0.691000	-0.364400	-0.626100	0.703000	-0.431300	-0.817400
1627306519.647098	0.694500	-0.378900	-0.619400	0.694500	-0.448700	-0.811200
1627306519.649266	0.695200	-0.382400	-0.616500	0.648900	-0.476200	-0.810300
1627306519.650228	0.691400	-0.380900	-0.615700	0.654400	-0.498200	-0.813100
1627306519.673094	0.693000	-0.377600	-0.619100	0.652900	-0.517200	-0.817000
1627306519.675300	0.694900	-0.374900	-0.630700	0.636700	-0.540700	-0.818000
1627306519.686653	0.692300	-0.373300	-0.646000	0.643100	-0.555600	-0.821300
1627306519.694490	0.693700	-0.380500	-0.657500	0.641300	-0.561100	-0.823800
1627306519.717186	0.691800	-0.383100	-0.659900	0.613200	-0.569100	-0.828700
1627306519.718279	0.683100	-0.384000	-0.658100	0.612000	-0.575500	-0.835700
1627306519.723848	0.681200	-0.388300	-0.657600	0.629400	-0.582500	-0.847600
1627306519.745129	0.675300	-0.382200	-0.660800	0.612300	-0.598100	-0.862200
1627306519.760918	0.670400	-0.376200	-0.673500	0.627600	-0.608200	-0.873900
1627306519.761856	0.668900	-0.374400	-0.687400	0.655400	-0.611800	-0.883300
1627306519.773253	0.664800	-0.378100	-0.691700	0.673100	-0.606000	-0.889100
1627306519.775345	0.670200	-0.377100	-0.709800	0.677000	-0.603900	-0.905600
1627306519.788783	0.669700	-0.357200	-0.719700	0.607100	-0.606000	-0.908100
1627306519.808895	0.666900	-0.342500	-0.697100	0.697800	-0.598400	-0.909900
1627306519.815815	0.671900	-0.353500	-0.692400	0.771700	-0.598400	-0.912300
1627306519.816771	0.674300	-0.348400	-0.699500	0.698700	-0.607000	-0.908700
1627306519.826655	0.675200	-0.332200	-0.691300	0.744200	-0.608800	-0.911100
1627306519.828689	0.678100	-0.335400	-0.694800	0.806200	-0.615800	-0.909300
1627306519.877167	0.675500	-0.335800	-0.715100	0.758300	-0.619800	-0.904400
1627306519.878029	0.679900	-0.335700	-0.728400	0.765300	-0.613400	-0.902600
1627306519.878878	0.684700	-0.344000	-0.745200	0.789100	-0.608500	-0.906500
1627306519.892426	0.683800	-0.345100	-0.757400	0.692900	-0.607300	-0.909900
1627306519.893361	0.674700	-0.348100	-0.756600	0.708500	-0.596300	-0.921500
1627306519.896730	0.672100	-0.370700	-0.764600	0.765600	-0.582200	-0.945600
1627306519.898866	0.664100	-0.375600	-0.773400	0.703000	-0.580100	-0.977100
1627306519.919039	0.656900	-0.354900	-0.785900	0.654100	-0.574000	-1.007900
1627306519.927206	0.652500	-0.339600	-0.804200	0.738700	-0.548600	-1.041800
1627306519.928144	0.650800	-0.336800	-0.810700	0.757100	-0.525400	-1.062600
1627306519.951778	0.650600	-0.325200	-0.816800	0.733900	-0.501600	-1.077600
1627306519.957879	0.645300	-0.304800	-0.823900	0.784600	-0.461900	-1.090400
1627306519.966564	0.643100	-0.291900	-0.829200	0.826100	-0.426800	-1.092200
1627306519.970907	0.642700	-0.284800	-0.832300	0.858800	-0.387700	-1.093200
1627306519.993297	0.643100	-0.278700	-0.827900	0.907600	-0.339400	-1.088600
1627306519.995358	0.652500	-0.272000	-0.813200	0.937900	-0.302700	-1.083700
1627306520.006546	0.660800	-0.265600	-0.794900	0.973900	-0.275000	-1.075400
1627306520.015663	0.663100	-0.257800	-0.775400	1.010900	-0.249000	-1.061400
1627306520.036907	0.668800	-0.251700	-0.760700	1.034700	-0.233100	-1.047300
1627306520.037927	0.674700	-0.244900	-0.749300	1.045700	-0.223600	-1.028400
1627306520.045444	0.678200	-0.236200	-0.735000	1.055200	-0.210500	-0.999100
1627306520.054622	0.686600	-0.227200	-0.710100	1.043900	-0.210800	-0.972200
1627306520.073165	0.694000	-0.222700	-0.692400	1.043600	-0.221500	-0.942600
1627306520.075379	0.702800	-0.229900	-0.679400	1.068600	-0.245000	-0.911400
1627306520.088812	0.705400	-0.238900	-0.677000	1.063400	-0.271600	-0.887000
1627306520.100431	0.712400	-0.246000	-0.681900	1.053600	-0.295100	-0.870500
1627306520.105270	0.715800	-0.254400	-0.691400	1.066200	-0.314400	-0.857100
1627306520.116808	0.712200	-0.261400	-0.700000	1.046300	-0.325000	-0.844800
1627306520.117745	0.717900	-0.263500	-0.701200	1.027400	-0.329900	-0.834800
1627306520.144471	0.718300	-0.265500	-0.703000	1.038700	-0.332700	-0.825300
1627306520.145340	0.719400	-0.274300	-0.701900	1.048100	-0.334800	-0.816100
1627306520.155245	0.715600	-0.284400	-0.705700	1.046300	-0.338800	-0.815800
1627306520.163455	0.719000	-0.301600	-0.714500	1.049400	-0.338200	-0.824400
1627306520.184518	0.723300	-0.310700	-0.720200	1.023400	-0.335400	-0.842100
1627306520.185430	0.727700	-0.302600	-0.718100	0.983400	-0.331800	-0.858900
1627306520.195379	0.727500	-0.281200	-0.720800	0.951900	-0.326900	-0.871400
1627306520.204601	0.730700	-0.259400	-0.718000	0.939400	-0.318600	-0.872900
1627306520.223145	0.731100	-0.243800	-0.713100	0.934200	-0.311300	-0.865600
1627306520.226624	0.732800	-0.226900	-0.716100	0.903100	-0.305500	-0.849400
1627306520.238881	0.731200	-0.210200	-0.727500	0.891800	-0.295400	-0.822500
1627306520.266279	0.732700	-0.204200	-0.731600	0.902100	-0.282300	-0.797500
1627306520.267227	0.734700	-0.204000	-0.735200	0.899100	-0.264300	-0.767300
1627306520.268083	0.736000	-0.202100	-0.737100	0.905200	-0.236500	-0.733700
1627306520.277790	0.736900	-0.199700	-0.728500	0.915300	-0.208700	-0.703400
1627306520.285710	0.736200	-0.194000	-0.714500	0.926000	-0.187300	-0.671000
1627306520.305859	0.740200	-0.186300	-0.706400	0.936400	-0.168400	-0.629500
1627306520.309039	0.742300	-0.179100	-0.707600	0.938500	-0.157100	-0.593200
1627306520.313880	0.745600	-0.180300	-0.715900	0.933600	-0.148800	-0.557400
1627306520.329308	0.757200	-0.190900	-0.734600	0.911600	-0.136000	-0.518300
1627306520.331984	0.762100	-0.208300	-0.749000	0.877100	-0.120700	-0.493600
1627306520.353116	0.762800	-0.224600	-0.754500	0.833400	-0.101800	-0.478300
1627306520.354083	0.759800	-0.230200	-0.735800	0.780000	-0.074600	-0.470100
1627306520.363925	0.752400	-0.218600	-0.716600	0.753700	-0.055700	-0.464900
1627306520.371009	0.750100	-0.194000	-0.702600	0.750700	-0.036400	-0.452400
1627306520.394663	0.749800	-0.162800	-0.685400	0.776600	-0.016300	-0.423000
1627306520.396726	0.747700	-0.150900	-0.678600	0.820000	0.004200	-0.383000
1627306520.403981	0.744400	-0.151500	-0.676800	0.857200	0.027700	-0.345500
1627306520.409537	0.744300	-0.155000	-0.667100	0.814800	0.058900	-0.294800
1627306520.432048	0.740700	-0.165500	-0.647600	0.830100	0.085500	-0.255000
1627306520.435346	0.744000	-0.181300	-0.621500	0.839200	0.104700	-0.223600
1627306520.437453	0.754400	-0.196800	-0.588600	0.799200	0.108100	-0.190300
1627306520.464781	0.758100	-0.205700	-0.570400	0.784600	0.102000	-0.166800
1627306520.465777	0.755900	-0.218400	-0.559200	0.782100	0.091600	-0.143900
1627306520.474274	0.756100	-0.230600	-0.545000	0.757100	0.077800	-0.125900
1627306520.476264	0.756100	-0.243900	-0.534700	0.720700	0.058000	-0.111500
1627306520.507547	0.757400	-0.255400	-0.529500	0.695400	0.039000	-0.102000
1627306520.508484	0.758700	-0.269700	-0.527800	0.663000	0.018300	-0.094100
1627306520.515389	0.762300	-0.286700	-0.525600	0.633400	-0.001300	-0.089800
1627306520.519976	0.760100	-0.298800	-0.526700	0.590000	-0.019900	-0.090400
1627306520.543384	0.760000	-0.302000	-0.524500	0.533500	-0.042200	-0.088900
1627306520.544116	0.755600	-0.304600	-0.526100	0.509100	-0.062100	-0.086800
1627306520.557986	0.756300	-0.310500	-0.526200	0.494400	-0.077600	-0.084300
1627306520.558931	0.755000	-0.319600	-0.532600	0.466000	-0.095100	-0.078800
1627306520.582658	0.756100	-0.330300	-0.540900	0.444900	-0.107900	-0.077000
1627306520.593519	0.756600	-0.339100	-0.541000	0.416800	-0.119500	-0.076700
1627306520.594462	0.759000	-0.343500	-0.557300	0.383800	-0.130500	-0.076700
1627306520.601423	0.759200	-0.349100	-0.575100	0.375600	-0.131100	-0.077600
1627306520.624717	0.760500	-0.359400	-0.579300	0.340800	-0.125600	-0.077900
1627306520.625653	0.763800	-0.360400	-0.577000	0.300100	-0.121600	-0.078500
1627306520.636574	0.759400	-0.359000	-0.578000	0.265000	-0.113100	-0.080300
1627306520.648748	0.759400	-0.353000	-0.579500	0.235700	-0.105700	-0.078800
1627306520.669710	0.759000	-0.347000	-0.578600	0.221900	-0.098400	-0.075800
1627306520.670648	0.752600	-0.346800	-0.569900	0.205100	-0.090200	-0.069000
1627306520.674101	0.765100	-0.341600	-0.564300	0.150800	-0.095400	-0.058700
1627306520.689226	0.761100	-0.345000	-0.583100	0.168500	-0.084100	-0.054700
1627306520.690928	0.750400	-0.351900	-0.583000	0.178900	-0.061100	-0.053200
1627306520.716067	0.748700	-0.351000	-0.575600	0.121500	-0.046800	-0.049500
1627306520.716975	0.750600	-0.350200	-0.567700	0.124500	-0.030900	-0.049200
1627306520.724084	0.745000	-0.350600	-0.563400	0.098600	-0.015300	-0.044600
1627306520.731288	0.737200	-0.343500	-0.543700	0.058200	-0.009500	-0.041900
1627306520.753119	0.736200	-0.352500	-0.521700	0.083900	-0.006800	-0.042200
1627306520.753955	0.729100	-0.377000	-0.519900	0.072000	-0.015300	-0.051000
1627306520.760085	0.720800	-0.382300	-0.512500	-0.016000	-0.028800	-0.069300
1627306520.783519	0.712900	-0.366200	-0.497700	-0.068200	-0.045300	-0.091000
1627306520.784685	0.717500	-0.350200	-0.494100	-0.079500	-0.072100	-0.106900
1627306520.794356	0.720200	-0.344400	-0.488600	-0.107300	-0.102100	-0.113600
1627306520.802493	0.722900	-0.341800	-0.490200	-0.144300	-0.136300	-0.120000
1627306520.824778	0.721400	-0.337000	-0.504500	-0.175100	-0.173500	-0.125900
1627306520.825713	0.720700	-0.332600	-0.524200	-0.211500	-0.203200	-0.130700
1627306520.832825	0.721900	-0.327400	-0.544600	-0.260300	-0.223000	-0.135600
1627306520.845053	0.722300	-0.308500	-0.568600	-0.324800	-0.238000	-0.137200
1627306520.867219	0.725600	-0.273900	-0.584600	-0.381600	-0.247200	-0.132300
1627306520.868077	0.728600	-0.238000	-0.600700	-0.411200	-0.251700	-0.116400
1627306520.877864	0.732100	-0.200100	-0.629000	-0.400500	-0.249000	-0.083100
1627306520.889610	0.730100	-0.164200	-0.658400	-0.397800	-0.233100	-0.038500
1627306520.911280	0.721400	-0.125200	-0.681200	-0.421900	-0.205900	0.013100
1627306520.912231	0.714700	-0.096600	-0.675700	-0.339100	-0.161600	0.076000
1627306520.914131	0.730600	-0.095700	-0.692000	-0.169000	-0.125900	0.135000
1627306520.924115	0.725100	-0.090200	-0.704800	-0.287500	-0.102400	0.212600
1627306520.926938	0.724100	-0.108300	-0.691700	-0.127200	-0.062100	0.289200
1627306520.951720	0.743900	-0.150500	-0.667400	-0.054500	-0.039500	0.363100
1627306520.952617	0.742900	-0.161900	-0.656500	-0.220600	-0.044700	0.442300
1627306520.959660	0.737900	-0.181900	-0.655400	-0.163200	-0.038200	0.509400
1627306520.982321	0.747600	-0.252100	-0.656500	-0.117400	-0.032400	0.573300
1627306520.983255	0.745800	-0.300000	-0.654700	-0.285700	-0.034300	0.606300
1627306520.994301	0.740500	-0.330800	-0.644200	-0.374000	-0.034600	0.616000
1627306521.001188	0.737400	-0.366500	-0.634600	-0.362300	-0.032400	0.604100
1627306521.024726	0.740600	-0.392500	-0.633900	-0.415800	-0.037300	0.583700
1627306521.025674	0.746800	-0.409100	-0.641800	-0.440800	-0.042800	0.548500
1627306521.032879	0.767000	-0.423700	-0.668300	-0.439300	-0.048900	0.494500
1627306521.040138	0.774800	-0.431400	-0.696900	-0.460100	-0.054100	0.454200
1627306521.062295	0.770600	-0.435200	-0.721400	-0.494900	-0.049200	0.418100
1627306521.063234	0.754900	-0.427500	-0.724000	-0.497000	-0.022700	0.367700
1627306521.080798	0.741700	-0.400500	-0.695900	-0.526100	-0.003100	0.339000
1627306521.081736	0.737500	-0.362700	-0.683100	-0.527900	0.014600	0.323700
1627306521.105273	0.732500	-0.319900	-0.681400	-0.484800	0.036000	0.329200
1627306521.113532	0.730700	-0.308600	-0.688000	-0.467100	0.054900	0.353100
1627306521.114486	0.727200	-0.315400	-0.687900	-0.459800	0.070200	0.381500
1627306521.124235	0.724700	-0.343800	-0.679800	-0.481800	0.081800	0.406800
1627306521.126253	0.720700	-0.371500	-0.671800	-0.530900	0.079000	0.414200
1627306521.153452	0.715800	-0.388800	-0.670500	-0.585900	0.071700	0.406500
1627306521.154381	0.709400	-0.388900	-0.678000	-0.639700	0.062200	0.387600
1627306521.160023	0.708000	-0.373300	-0.686600	-0.677900	0.054900	0.369600
