1627306530.213849	0.769000	-0.408600	-0.541100	0.117500	0.011400	-0.029400
1627306530.217911	0.771500	-0.386200	-0.529200	0.115700	0.010800	-0.022300
1627306530.218551	0.767100	-0.384000	-0.528800	0.142600	-0.002000	0.000600
1627306530.219185	0.763900	-0.403300	-0.538700	0.148100	-0.006300	0.013400
1627306530.219818	0.771200	-0.418100	-0.542400	0.139200	-0.006600	0.011900
1627306530.220449	0.777600	-0.423200	-0.544200	0.104700	0.000700	-0.003100
1627306530.221005	0.773700	-0.418000	-0.540000	0.081800	0.000700	-0.012200
1627306530.221565	0.766000	-0.412100	-0.535800	0.086100	0.004700	-0.018100
1627306530.222121	0.772600	-0.408700	-0.532100	0.075100	0.011700	-0.020800
1627306530.222682	0.776700	-0.403300	-0.532600	0.033500	0.017200	-0.022000
1627306530.223240	0.772900	-0.404200	-0.535800	0.025900	0.020600	-0.020200
1627306530.223754	0.770800	-0.411300	-0.541600	0.035400	0.023900	-0.020200
1627306530.224268	0.778200	-0.416400	-0.546100	0.036900	0.026700	-0.022300
1627306530.224779	0.781200	-0.413300	-0.547600	0.036000	0.025100	-0.026600
1627306530.225298	0.779200	-0.406000	-0.545500	0.042700	0.020300	-0.028700
1627306530.225796	0.777800	-0.400300	-0.544200	0.058300	0.012300	-0.024500
1627306530.226263	0.779800	-0.397000	-0.544300	0.073600	0.004400	-0.016200
1627306530.226714	0.784100	-0.397800	-0.545800	0.073300	-0.003600	-0.014400
1627306530.227160	0.783000	-0.399700	-0.554100	0.068400	-0.010600	-0.015300
1627306530.227591	0.778900	-0.390400	-0.556400	0.054600	-0.011500	-0.021100
1627306530.228038	0.781700	-0.379300	-0.561800	0.031700	-0.013000	-0.022600
1627306530.228442	0.783700	-0.367900	-0.568100	0.022200	-0.021600	-0.013200
1627306530.228846	0.778900	-0.362200	-0.582900	0.021300	-0.027400	0.008500
1627306530.229292	0.774900	-0.360400	-0.598800	0.021600	-0.024300	0.029600
1627306530.229695	0.772800	-0.364400	-0.612400	0.021900	-0.011800	0.042100
1627306530.230098	0.767300	-0.363000	-0.621000	0.022900	0.015700	0.048800
1627306530.230532	0.765300	-0.359400	-0.625400	0.014600	0.051100	0.053700
1627306530.230935	0.760600	-0.350100	-0.626000	0.012200	0.088400	0.060800
1627306530.231336	0.754500	-0.344200	-0.621900	0.017400	0.136000	0.070500
1627306530.231767	0.751600	-0.340800	-0.609100	0.025000	0.190700	0.087900
1627306530.232169	0.755000	-0.340300	-0.596400	0.004800	0.239900	0.101700
1627306530.232615	0.754300	-0.340600	-0.580100	-0.004600	0.278300	0.117600
1627306530.233025	0.749500	-0.339000	-0.558800	-0.037300	0.313500	0.136500
1627306530.233428	0.754600	-0.343600	-0.537800	-0.075200	0.336700	0.163700
1627306530.233874	0.747400	-0.357500	-0.518100	-0.093200	0.347700	0.189600
1627306530.234272	0.743400	-0.384300	-0.508100	-0.112100	0.355300	0.208300
1627306530.234673	0.743400	-0.420800	-0.490800	-0.143600	0.352600	0.216200
1627306530.235122	0.742100	-0.450100	-0.474400	-0.161900	0.340700	0.208000
1627306530.235525	0.743500	-0.472400	-0.458100	-0.154000	0.317400	0.189000
1627306530.235927	0.752600	-0.487200	-0.442900	-0.159200	0.281100	0.157600
1627306530.236372	0.772600	-0.488500	-0.429900	-0.178100	0.231900	0.129500
1627306530.236774	0.777000	-0.481800	-0.427200	-0.188200	0.170800	0.109000
1627306530.237222	0.770000	-0.472800	-0.440100	-0.176600	0.107600	0.097400
1627306530.237627	0.767800	-0.460800	-0.460600	-0.161600	0.034600	0.094700
1627306530.238033	0.767700	-0.446500	-0.485100	-0.154900	-0.016700	0.106000
1627306530.238480	0.755100	-0.444000	-0.508500	-0.077900	-0.047600	0.111500
1627306530.238884	0.758300	-0.447900	-0.529200	0.008800	-0.066200	0.110500
1627306530.239287	0.758800	-0.445300	-0.545000	0.034500	-0.070500	0.106600
1627306530.239721	0.749100	-0.430100	-0.547200	0.040300	-0.066200	0.099500
1627306530.240121	0.745500	-0.406900	-0.551600	0.072000	-0.054900	0.098000
1627306530.240525	0.747800	-0.391200	-0.554200	0.091000	-0.037500	0.107200
1627306530.240968	0.758200	-0.383800	-0.562300	0.060400	-0.020700	0.121500
1627306530.241370	0.765100	-0.374900	-0.572800	0.009100	-0.002400	0.137400
1627306530.241794	0.768100	-0.362400	-0.582000	-0.042500	0.019900	0.154200
1627306530.242216	0.758100	-0.354100	-0.590700	-0.096600	0.046800	0.176200
1627306530.242617	0.750200	-0.352400	-0.599100	-0.143600	0.073700	0.205200
1627306530.243049	0.753800	-0.363300	-0.607500	-0.187000	0.106700	0.242500
1627306530.243447	0.756200	-0.381500	-0.610600	-0.221800	0.139100	0.271500
1627306530.243848	0.751000	-0.403900	-0.614700	-0.249900	0.171700	0.284300
1627306530.244282	0.746100	-0.422100	-0.612500	-0.255700	0.209000	0.283100
1627306530.244682	0.738600	-0.437600	-0.608200	-0.239800	0.252100	0.269700
1627306530.245080	0.732200	-0.443800	-0.597200	-0.226700	0.299100	0.245200
1627306530.245550	0.735400	-0.439800	-0.586700	-0.221800	0.348000	0.211600
1627306530.245951	0.729600	-0.417800	-0.564700	-0.241300	0.410300	0.171300
1627306530.246349	0.726300	-0.390000	-0.543100	-0.269700	0.461900	0.144400
1627306530.246791	0.729200	-0.362500	-0.517500	-0.293300	0.498600	0.133400
1627306530.247215	0.746800	-0.342700	-0.498200	-0.329000	0.512600	0.137400
1627306530.247651	0.769300	-0.335000	-0.481400	-0.387000	0.509900	0.156400
1627306530.248137	0.748000	-0.324300	-0.462900	-0.475600	0.482100	0.180500
1627306530.248643	0.667800	-0.262500	-0.351100	-0.620700	0.301600	0.281900
1627306530.249176	1.015400	-0.371800	-0.418900	-0.456700	0.139700	0.289200
1627306530.249645	0.868800	-0.372200	-0.501300	-0.476500	0.037100	0.226900
1627306530.250100	0.780500	-0.220900	-0.474600	-1.244100	-0.042700	0.301700
1627306530.250546	0.763400	-0.130400	-0.514000	-1.065100	-0.101000	0.422100
1627306530.250999	0.823700	-0.144000	-0.612500	-0.599600	-0.141300	0.577800
1627306530.251455	0.809700	-0.225700	-0.717800	-0.697100	-0.131500	0.739400
1627306530.251910	0.785400	-0.327100	-0.794400	-0.731300	-0.057300	0.824000
1627306530.252362	0.773600	-0.394800	-0.829000	-0.502800	0.103300	0.832900
1627306530.252825	0.761700	-0.407500	-0.800200	-0.614300	0.227600	0.855500
1627306530.253298	0.737700	-0.441900	-0.754900	-0.602700	0.325700	0.872900
1627306530.253756	0.711200	-0.505700	-0.730000	-0.452700	0.414900	0.865600
1627306530.254216	0.702900	-0.566700	-0.709600	-0.563300	0.494900	0.843300
1627306530.254671	0.689700	-0.619900	-0.683600	-0.654000	0.563900	0.786200
1627306530.255126	0.685500	-0.681000	-0.668000	-0.511700	0.629600	0.668300
1627306530.255584	0.690100	-0.707000	-0.649700	-0.505800	0.705600	0.511600
1627306530.256039	0.688100	-0.677100	-0.612900	-0.597500	0.767300	0.371700
1627306530.256498	0.687000	-0.619900	-0.573200	-0.600500	0.815900	0.251000
1627306530.256951	0.693200	-0.557600	-0.542400	-0.635400	0.852600	0.177700
1627306530.257404	0.694200	-0.509900	-0.517100	-0.706200	0.879400	0.146000
1627306530.258035	0.695600	-0.485500	-0.500500	-0.702200	0.901400	0.131300
1627306530.258500	0.698900	-0.470000	-0.485000	-0.711700	0.920700	0.121200
1627306530.258955	0.705600	-0.455800	-0.464500	-0.752300	0.922200	0.115400
1627306530.259405	0.742200	-0.468800	-0.442100	-0.658900	0.894100	0.093100
1627306530.259822	0.793300	-0.482300	-0.422000	-0.614300	0.821700	0.042400
1627306530.260238	0.800900	-0.443600	-0.415400	-0.837200	0.727300	0.006700
1627306530.260674	0.779900	-0.339000	-0.409200	-1.082200	0.634800	0.021700
1627306530.261093	0.770100	-0.237900	-0.423600	-1.128300	0.553800	0.104700
1627306530.261506	0.759400	-0.190700	-0.472800	-1.085300	0.498900	0.260200
1627306530.261941	0.737800	-0.190100	-0.515300	-1.128900	0.490000	0.424500
1627306530.262457	0.738000	-0.216100	-0.542000	-1.116100	0.521500	0.570200
1627306530.262954	0.736000	-0.278300	-0.555700	-0.945700	0.585300	0.653000
1627306530.263421	0.721300	-0.343100	-0.542000	-0.895600	0.652200	0.697600
1627306530.263881	0.702600	-0.385600	-0.509400	-1.002500	0.695300	0.734200
1627306530.264341	0.706100	-0.426400	-0.475300	-0.966400	0.708400	0.747400
1627306530.264761	0.717500	-0.484600	-0.451300	-0.901100	0.697400	0.719000
1627306530.265166	0.722900	-0.501800	-0.441000	-1.025400	0.674500	0.680800
1627306530.265623	0.716900	-0.476600	-0.431800	-1.126500	0.647600	0.640800
1627306530.266074	0.709600	-0.441000	-0.426500	-1.125600	0.618600	0.613900
1627306530.266508	0.705200	-0.410300	-0.429000	-1.124700	0.592000	0.617600
1627306530.266985	0.704700	-0.389800	-0.439900	-1.163100	0.570300	0.647200
1627306530.267443	0.706800	-0.384400	-0.451700	-1.168900	0.560900	0.686600
1627306530.267938	0.719600	-0.398300	-0.464000	-1.119800	0.557500	0.728100
1627306530.268861	0.722400	-0.408000	-0.466800	-1.111800	0.556900	0.757100
1627306530.269672	0.714700	-0.412600	-0.463500	-1.114000	0.553200	0.787700
1627306530.270256	0.715300	-0.416000	-0.454600	-1.056500	0.545600	0.816700
1627306530.270793	0.713300	-0.421900	-0.446500	-0.982300	0.528800	0.843000
1627306530.271283	0.715600	-0.431500	-0.441400	-0.962500	0.509600	0.870100
1627306530.271888	0.726200	-0.439500	-0.435900	-0.943500	0.487600	0.894900
1627306530.272441	0.737200	-0.448400	-0.432600	-0.912100	0.460100	0.917800
1627306530.272868	0.738400	-0.457500	-0.428300	-0.905700	0.437800	0.932800
1627306530.273316	0.743300	-0.469800	-0.428700	-0.915700	0.417900	0.947100
1627306530.273756	0.744000	-0.487800	-0.430800	-0.902900	0.396200	0.952300
1627306530.274180	0.748300	-0.507400	-0.434800	-0.881200	0.375800	0.945000
1627306530.274630	0.749300	-0.515500	-0.434600	-0.895600	0.359300	0.933400
1627306530.275137	0.739100	-0.519400	-0.427900	-0.904700	0.346500	0.914100
1627306530.275594	0.770300	-0.524700	-0.424800	-0.895000	0.326600	0.897900
1627306530.276057	0.786300	-0.532600	-0.433100	-0.924000	0.294800	0.889100
1627306530.276488	0.773100	-0.536400	-0.448900	-0.948700	0.267000	0.882400
1627306530.276952	0.750900	-0.539400	-0.463300	-0.947200	0.258800	0.872600
1627306530.277368	0.749000	-0.547700	-0.471900	-0.913300	0.252400	0.866200
1627306530.277782	0.747100	-0.565100	-0.481000	-0.866300	0.253300	0.853700
1627306530.278224	0.743500	-0.576700	-0.482100	-0.838500	0.257300	0.828000
1627306530.278638	0.742100	-0.579000	-0.473100	-0.820800	0.265200	0.794700
1627306530.279052	0.748400	-0.578200	-0.467400	-0.811300	0.267300	0.763200
1627306530.279498	0.743000	-0.570100	-0.460800	-0.820800	0.267700	0.735100
1627306530.279910	0.736500	-0.563500	-0.460900	-0.822600	0.267300	0.713800
1627306530.280321	0.738200	-0.563800	-0.465200	-0.796600	0.266100	0.693600
1627306530.280768	0.742100	-0.567600	-0.471800	-0.780100	0.269800	0.674700
1627306530.281180	0.742100	-0.567600	-0.471800	-0.780100	0.269800	0.674700
1627306530.281591	0.743200	-0.578700	-0.472000	-0.770400	0.280200	0.635000
1627306530.282042	0.743200	-0.578700	-0.472000	-0.770400	0.280200	0.635000
1627306530.282458	0.745500	-0.585900	-0.467800	-0.766700	0.283800	0.612700
1627306530.282911	0.740700	-0.588900	-0.467900	-0.769400	0.281400	0.591600
1627306530.283324	0.746300	-0.587200	-0.462600	-0.758100	0.275300	0.568700
1627306530.283736	0.749100	-0.582800	-0.458400	-0.747400	0.264600	0.548200
1627306530.284181	0.748200	-0.572600	-0.460800	-0.724800	0.249000	0.535400
1627306530.284594	0.745800	-0.559700	-0.466200	-0.682400	0.224000	0.534200
1627306530.285033	0.750100	-0.548000	-0.465900	-0.637800	0.203200	0.540600
1627306530.285533	0.757900	-0.545200	-0.469700	-0.599300	0.182100	0.555600
1627306530.285945	0.759200	-0.555900	-0.479100	-0.544300	0.158300	0.572000
1627306530.286346	0.752700	-0.570700	-0.482200	-0.494900	0.143600	0.580300
1627306530.286803	0.751700	-0.583500	-0.480600	-0.470400	0.133900	0.580000
1627306530.287205	0.752600	-0.601100	-0.472200	-0.438300	0.115500	0.571700
1627306530.287663	0.752400	-0.618500	-0.469500	-0.422500	0.091100	0.554600
1627306530.288068	0.749100	-0.643600	-0.476800	-0.388300	0.063300	0.530800
1627306530.288467	0.752900	-0.664800	-0.492300	-0.373600	0.042500	0.492900
1627306530.288922	0.751600	-0.673300	-0.507400	-0.385200	0.027900	0.449000
1627306530.289324	0.750000	-0.675300	-0.523400	-0.376700	0.020600	0.403100
1627306530.289732	0.752800	-0.677600	-0.533700	-0.350400	0.023000	0.357300
1627306530.290173	0.757200	-0.682400	-0.546900	-0.326900	0.029400	0.303300
1627306530.290664	0.750200	-0.683300	-0.556200	-0.319500	0.046200	0.246500
1627306530.291067	0.751800	-0.675400	-0.556600	-0.322000	0.070300	0.195400
1627306530.291514	0.749600	-0.667000	-0.557300	-0.298500	0.093600	0.147200
1627306530.291922	0.747300	-0.660600	-0.564800	-0.265500	0.121300	0.102000
1627306530.292371	0.743500	-0.650000	-0.589000	-0.282000	0.159800	0.063200
1627306530.292774	0.738600	-0.639200	-0.590900	-0.276500	0.219700	0.028700
1627306530.293177	0.745800	-0.630600	-0.570600	-0.138100	0.266400	-0.006100
1627306530.293615	0.745000	-0.641600	-0.569500	-0.044600	0.313200	-0.042200
1627306530.294020	0.742100	-0.636700	-0.549300	-0.075500	0.355300	-0.075200
1627306530.294424	0.749500	-0.617600	-0.518300	-0.071800	0.386800	-0.098400
1627306530.294871	0.744100	-0.617400	-0.495100	0.023200	0.395900	-0.116100
1627306530.295274	0.737200	-0.631300	-0.480300	0.080900	0.403900	-0.143300
1627306530.295678	0.738500	-0.636800	-0.457900	0.030200	0.402300	-0.165900
1627306530.296124	0.739400	-0.644800	-0.437400	0.043300	0.388300	-0.207100
1627306530.296528	0.740800	-0.660400	-0.425500	0.091000	0.372700	-0.253200
1627306530.296953	0.744900	-0.672500	-0.415800	0.058300	0.353800	-0.306400
1627306530.297379	0.739900	-0.662800	-0.410500	-0.002800	0.336400	-0.366200
1627306530.297780	0.741000	-0.636100	-0.404500	-0.012600	0.316500	-0.420900
1627306530.298227	0.747400	-0.604500	-0.401700	0.002700	0.296400	-0.457600
1627306530.298627	0.744800	-0.576400	-0.404100	0.020100	0.275600	-0.477700
1627306530.299028	0.735400	-0.553100	-0.407200	0.078400	0.252100	-0.484800
1627306530.299474	0.742600	-0.546400	-0.403300	0.138600	0.227300	-0.482300
1627306530.300007	0.741800	-0.543700	-0.401600	0.186000	0.199800	-0.482000
1627306530.300441	0.739900	-0.540600	-0.402200	0.194200	0.173300	-0.482000
1627306530.300921	0.746000	-0.542400	-0.402800	0.215600	0.147000	-0.486300
1627306530.301413	0.748400	-0.552400	-0.407500	0.255300	0.121700	-0.497000
1627306530.301823	0.741100	-0.564000	-0.418900	0.264100	0.102400	-0.517400
1627306530.302270	0.738200	-0.565600	-0.423600	0.268100	0.094800	-0.553200
1627306530.302674	0.743400	-0.559400	-0.419900	0.289800	0.096000	-0.592600
1627306530.303125	0.749600	-0.539200	-0.413100	0.275400	0.094800	-0.629800
1627306530.303607	0.757700	-0.517600	-0.408700	0.273000	0.085900	-0.656700
1627306530.304010	0.760400	-0.495000	-0.400900	0.294100	0.077700	-0.675600
1627306530.304457	0.764300	-0.474200	-0.400800	0.309400	0.064200	-0.684500
1627306530.304863	0.762200	-0.449500	-0.400100	0.307800	0.049300	-0.680200
1627306530.305344	0.761200	-0.433700	-0.403400	0.344800	0.030000	-0.669200
1627306530.305807	0.761000	-0.425000	-0.403900	0.386600	0.016000	-0.651800
1627306530.306223	0.769800	-0.418100	-0.405800	0.396700	-0.002700	-0.630100
1627306530.306638	0.770100	-0.425400	-0.405400	0.415900	-0.023100	-0.607800
1627306530.307083	0.770000	-0.439300	-0.406900	0.459000	-0.039000	-0.597800
1627306530.307501	0.772900	-0.459700	-0.401700	0.484100	-0.057000	-0.600500
1627306530.307940	0.770600	-0.469700	-0.397200	0.478900	-0.079900	-0.618800
1627306530.308357	0.769900	-0.469500	-0.395300	0.476100	-0.103100	-0.642100
1627306530.309638	0.774800	-0.461900	-0.395500	0.485000	-0.121500	-0.665300
1627306530.310062	0.778900	-0.448400	-0.401200	0.467900	-0.139800	-0.682400
1627306530.310511	0.774700	-0.431500	-0.409700	0.459600	-0.154500	-0.693700
1627306530.310929	0.774500	-0.412100	-0.416600	0.452300	-0.158100	-0.696700
1627306530.311350	0.774200	-0.397900	-0.419100	0.468500	-0.157500	-0.696400
1627306530.313613	0.774700	-0.385600	-0.418600	0.474600	-0.151100	-0.690300
1627306530.314084	0.770600	-0.377200	-0.415200	0.478300	-0.148000	-0.679300
1627306530.314503	0.773100	-0.377800	-0.410400	0.504800	-0.145600	-0.673800
1627306530.314923	0.777800	-0.376600	-0.404700	0.528700	-0.145000	-0.671400
1627306530.317128	0.775000	-0.373400	-0.396600	0.543300	-0.149000	-0.671400
1627306530.317561	0.776000	-0.366900	-0.391100	0.561000	-0.154500	-0.671700
1627306530.317988	0.775400	-0.356200	-0.383400	0.598900	-0.162700	-0.672600
1627306530.318394	0.777800	-0.346100	-0.380600	0.649300	-0.178000	-0.670500
1627306530.320926	0.782800	-0.340000	-0.378900	0.684400	-0.195400	-0.663400
1627306530.321366	0.791000	-0.329000	-0.377000	0.705200	-0.212800	-0.650600
1627306530.321773	0.800200	-0.320400	-0.372600	0.728400	-0.237200	-0.628000
1627306530.322180	0.804700	-0.315300	-0.371100	0.754400	-0.263500	-0.599600
1627306530.322628	0.806500	-0.319100	-0.371800	0.785200	-0.292800	-0.567800
1627306530.324729	0.806600	-0.329600	-0.364500	0.809600	-0.324300	-0.537000
1627306530.325133	0.800500	-0.340300	-0.358000	0.837100	-0.367000	-0.511600
1627306530.325537	0.800800	-0.343900	-0.354500	0.840800	-0.408000	-0.493300
1627306530.327686	0.804900	-0.353500	-0.364100	0.861600	-0.455600	-0.475000
1627306530.328140	0.794100	-0.369900	-0.377000	0.907400	-0.502600	-0.464000
1627306530.328546	0.794300	-0.385500	-0.398600	0.915900	-0.546900	-0.449900
1627306530.328955	0.795400	-0.404100	-0.418000	0.890000	-0.583000	-0.436200
1627306530.331078	0.793300	-0.429900	-0.441700	0.868600	-0.611400	-0.435300
1627306530.331483	0.785400	-0.455300	-0.457900	0.819400	-0.620200	-0.449900
1627306530.331971	0.802500	-0.485600	-0.475800	0.839900	-0.615000	-0.487200
1627306530.332401	0.803800	-0.504900	-0.484400	0.839000	-0.605000	-0.542800
1627306530.332851	0.797600	-0.498000	-0.491000	0.759300	-0.588200	-0.601100
1627306530.334521	0.786400	-0.476100	-0.498000	0.738200	-0.565900	-0.661000
1627306530.334926	0.781100	-0.454800	-0.508100	0.799000	-0.537500	-0.718700
1627306530.335378	0.783300	-0.423500	-0.518100	0.835000	-0.496800	-0.768800
1627306530.337919	0.792800	-0.379000	-0.518300	0.828900	-0.456800	-0.790800
1627306530.338376	0.801500	-0.345000	-0.510500	0.868900	-0.419900	-0.790200
1627306530.338817	0.812600	-0.329000	-0.503200	0.928500	-0.386600	-0.778600
1627306530.339224	0.820600	-0.322800	-0.486100	0.951700	-0.360000	-0.762100
1627306530.340896	0.828000	-0.316400	-0.461900	0.957200	-0.343800	-0.746200
1627306530.341343	0.830000	-0.302900	-0.433300	0.987700	-0.340500	-0.730300
1627306530.341748	0.831900	-0.285200	-0.401700	1.027100	-0.355700	-0.702800
1627306530.342225	0.827500	-0.271200	-0.385500	1.068000	-0.386300	-0.670800
1627306530.344843	0.828100	-0.258100	-0.373000	1.103500	-0.424800	-0.631700
1627306530.345249	0.834800	-0.252900	-0.363300	1.147200	-0.469100	-0.584600
1627306530.345654	0.838900	-0.255600	-0.353800	1.191400	-0.520400	-0.536700
1627306530.347360	0.837600	-0.261100	-0.346400	1.202100	-0.579000	-0.484400
1627306530.347808	0.833300	-0.270300	-0.338600	1.207300	-0.642800	-0.428600
1627306530.348259	0.827300	-0.293800	-0.333900	1.234800	-0.718600	-0.376600
1627306530.348665	0.821800	-0.315400	-0.334400	1.229000	-0.786400	-0.340600
1627306530.350813	0.811000	-0.337000	-0.338500	1.207900	-0.856600	-0.309700
1627306530.351219	0.799100	-0.359300	-0.351600	1.200300	-0.923500	-0.287400
1627306530.351626	0.785200	-0.377600	-0.369300	1.183500	-0.985500	-0.272200
1627306530.352062	0.772600	-0.400000	-0.397100	1.171000	-1.040200	-0.258700
1627306530.354241	0.756500	-0.433500	-0.434900	1.185300	-1.090600	-0.253200
1627306530.354645	0.756100	-0.469700	-0.480000	1.188700	-1.128200	-0.261500
1627306530.355053	0.749800	-0.492100	-0.515700	1.160000	-1.139200	-0.279500
1627306530.356745	0.743300	-0.505400	-0.544900	1.141300	-1.134300	-0.304500
1627306530.357148	0.730200	-0.516100	-0.569700	1.153000	-1.114700	-0.340900
1627306530.357574	0.724900	-0.529100	-0.589000	1.167900	-1.081700	-0.383300
1627306530.357997	0.721900	-0.526200	-0.600200	1.146800	-1.044500	-0.428600
1627306530.360110	0.726300	-0.513200	-0.608500	1.128800	-0.996800	-0.473100
1627306530.360515	0.728100	-0.492700	-0.614100	1.133400	-0.949800	-0.501200
1627306530.360917	0.731400	-0.478000	-0.619500	1.139500	-0.909800	-0.507700
1627306530.361363	0.733400	-0.476900	-0.625600	1.160000	-0.868900	-0.503700
1627306530.363448	0.734600	-0.488300	-0.628700	1.178000	-0.825500	-0.500000
1627306530.363856	0.726400	-0.504900	-0.628400	1.180700	-0.782100	-0.504000
1627306530.364257	0.725100	-0.518600	-0.618300	1.178300	-0.742100	-0.515600
1627306530.364704	0.732200	-0.527200	-0.595800	1.182600	-0.707000	-0.541300
1627306530.365107	0.732700	-0.531500	-0.579600	1.164000	-0.687400	-0.567800
1627306530.367213	0.728000	-0.522900	-0.566200	1.132500	-0.677700	-0.594700
1627306530.367616	0.711300	-0.509500	-0.550200	1.137700	-0.670000	-0.618800
1627306530.368051	0.717300	-0.497600	-0.541300	1.171000	-0.670300	-0.637200
1627306530.368529	0.718500	-0.481600	-0.533800	1.167900	-0.683200	-0.640800
1627306530.371044	0.705900	-0.460800	-0.529500	1.158100	-0.696900	-0.628000
1627306530.371448	0.698500	-0.453400	-0.523300	1.224400	-0.719800	-0.600800
1627306530.371894	0.702500	-0.463500	-0.518300	1.272400	-0.743300	-0.576100
1627306530.372300	0.705400	-0.478000	-0.512100	1.274800	-0.769900	-0.557800
1627306530.374020	0.701800	-0.491100	-0.505200	1.268400	-0.798300	-0.545200
1627306530.374428	0.691500	-0.499400	-0.496300	1.278500	-0.829800	-0.544600
1627306530.374834	0.680500	-0.506800	-0.490500	1.294100	-0.864600	-0.551900
1627306530.375282	0.666400	-0.509800	-0.484900	1.287300	-0.904900	-0.565100
1627306530.377347	0.658100	-0.507400	-0.480000	1.273300	-0.959300	-0.582800
1627306530.377753	0.645600	-0.503300	-0.478500	1.254400	-1.010900	-0.595900
1627306530.378157	0.636000	-0.496600	-0.478900	1.208200	-1.065000	-0.600800
1627306530.378634	0.619100	-0.487800	-0.482100	1.165800	-1.120500	-0.596800
1627306532.268148	0.762300	-0.547400	-0.323200	-0.584700	0.628100	0.096200
1627306532.270376	0.754200	-0.547100	-0.316500	-0.547100	0.589000	0.084600
1627306532.288933	0.753800	-0.540800	-0.313400	-0.509200	0.555700	0.069000
1627306532.303556	0.757000	-0.536400	-0.307500	-0.493300	0.526400	0.054000
1627306532.304453	0.752400	-0.526100	-0.305200	-0.484500	0.498900	0.042100
1627306532.312961	0.755000	-0.518400	-0.301300	-0.474100	0.472600	0.030200
1627306532.319184	0.758900	-0.512000	-0.303600	-0.464300	0.445700	0.023800
1627306532.340561	0.761200	-0.505700	-0.305500	-0.454800	0.417300	0.020400
1627306532.341376	0.761800	-0.499400	-0.304800	-0.426400	0.386500	0.018600
1627306532.350296	0.761800	-0.499400	-0.304800	-0.426400	0.386500	0.018600
1627306532.365035	0.766200	-0.491500	-0.299400	-0.368100	0.337300	0.019800
1627306532.386067	0.766200	-0.491500	-0.299400	-0.368100	0.337300	0.019800
1627306532.387134	0.763500	-0.480100	-0.296900	-0.359500	0.311900	0.023800
1627306532.390001	0.773900	-0.471800	-0.291500	-0.327800	0.288100	0.032700
1627306532.404184	0.777000	-0.471600	-0.288600	-0.253000	0.259100	0.040000
1627306532.422859	0.776200	-0.477700	-0.285300	-0.216600	0.227600	0.050100
1627306532.431294	0.778800	-0.480800	-0.280400	-0.205900	0.188900	0.062600
1627306532.432192	0.780000	-0.489500	-0.281900	-0.154000	0.153700	0.069300
1627306532.450581	0.785900	-0.505000	-0.281200	-0.103900	0.118600	0.066200
1627306532.451689	0.787500	-0.515100	-0.277500	-0.096600	0.085600	0.059800
1627306532.462769	0.787700	-0.518100	-0.273400	-0.102700	0.055100	0.046100
1627306532.468785	0.791400	-0.523600	-0.275100	-0.065700	0.022400	0.029900
1627306532.490581	0.800200	-0.532600	-0.282000	-0.042200	-0.013700	0.008200
1627306532.491401	0.801800	-0.538900	-0.289900	-0.047400	-0.050000	-0.013800
1627306532.501678	0.798700	-0.539600	-0.298500	-0.034900	-0.074100	-0.038200
1627306532.507506	0.797100	-0.535600	-0.309000	-0.010400	-0.096700	-0.063300
1627306532.521396	0.801000	-0.534100	-0.318100	0.008500	-0.116900	-0.085600
1627306532.534820	0.807000	-0.529500	-0.324500	0.040600	-0.138300	-0.104200
1627306532.535722	0.811600	-0.521200	-0.333900	0.065300	-0.157800	-0.121000
1627306532.559254	0.813000	-0.505700	-0.343900	0.070500	-0.176800	-0.129500
1627306532.560411	0.815200	-0.495600	-0.347400	0.093700	-0.188400	-0.125900
1627306532.566821	0.812900	-0.488800	-0.348500	0.128500	-0.194200	-0.119800
1627306532.590807	0.804300	-0.497600	-0.348100	0.152100	-0.199700	-0.113300
1627306532.591705	0.798300	-0.511000	-0.343500	0.165500	-0.207300	-0.114600
1627306532.600559	0.794400	-0.526200	-0.340600	0.162400	-0.220400	-0.128000
1627306532.610641	0.784800	-0.542800	-0.340700	0.158200	-0.240300	-0.150900
1627306532.620478	0.779400	-0.559100	-0.354500	0.164300	-0.264100	-0.194300
1627306532.635506	0.776400	-0.563100	-0.368900	0.172800	-0.282700	-0.241600
1627306532.643687	0.766700	-0.558700	-0.384600	0.193300	-0.298300	-0.286200
1627306532.666937	0.766400	-0.545000	-0.395300	0.244600	-0.305000	-0.330500
1627306532.667801	0.770300	-0.522100	-0.397800	0.284900	-0.305600	-0.369300
1627306532.668764	0.777100	-0.496200	-0.398700	0.322800	-0.303800	-0.394000
1627306532.683754	0.783200	-0.470200	-0.392200	0.364600	-0.301400	-0.402300
1627306532.684651	0.791000	-0.446800	-0.384300	0.409800	-0.307500	-0.400800
1627306532.707823	0.787100	-0.435800	-0.380000	0.412000	-0.314500	-0.388800
1627306532.709026	0.787500	-0.429100	-0.376100	0.418700	-0.326700	-0.371100
1627306532.724419	0.785000	-0.428200	-0.371700	0.444000	-0.341400	-0.351000
1627306532.729985	0.783200	-0.430300	-0.370200	0.460800	-0.359100	-0.335700
1627306532.755083	0.776500	-0.433500	-0.367200	0.458100	-0.380500	-0.318900
1627306532.755999	0.777600	-0.435200	-0.363400	0.486500	-0.407000	-0.304500
1627306532.778049	0.771500	-0.441400	-0.363000	0.530500	-0.442200	-0.292300
1627306532.778867	0.774800	-0.451700	-0.367700	0.548800	-0.470000	-0.284700
1627306532.780297	0.774200	-0.459200	-0.369000	0.580600	-0.497800	-0.285600
1627306532.793759	0.770400	-0.461700	-0.367700	0.598600	-0.525300	-0.286500
1627306532.794666	0.767000	-0.459700	-0.363800	0.605900	-0.553700	-0.289000
1627306532.816655	0.766100	-0.457300	-0.361600	0.608400	-0.583600	-0.286500
1627306532.818997	0.768800	-0.453400	-0.363900	0.607500	-0.613200	-0.275800
1627306532.834076	0.766200	-0.449800	-0.370800	0.605300	-0.638900	-0.251700
1627306532.838584	0.758500	-0.456300	-0.382300	0.613300	-0.658100	-0.227000
1627306532.859408	0.761800	-0.465600	-0.396200	0.622700	-0.671200	-0.204700
1627306532.861613	0.757300	-0.477100	-0.405800	0.620900	-0.676400	-0.184500
1627306532.868951	0.748400	-0.491300	-0.409700	0.634300	-0.679800	-0.172000
1627306532.882529	0.738000	-0.512600	-0.407100	0.662400	-0.685000	-0.171400
1627306532.901739	0.723500	-0.538300	-0.397800	0.680100	-0.689600	-0.190600
1627306532.904175	0.719600	-0.556000	-0.386000	0.680100	-0.705500	-0.226700
1627306532.907887	0.723500	-0.561900	-0.373900	0.692100	-0.730800	-0.275200
1627306532.921208	0.721600	-0.554700	-0.364300	0.690500	-0.767800	-0.326800
1627306532.922104	0.722800	-0.528200	-0.355500	0.669100	-0.807800	-0.369000
1627306532.946834	0.726300	-0.493700	-0.356000	0.671000	-0.859400	-0.395600
1627306532.949024	0.733300	-0.458100	-0.363000	0.684100	-0.920500	-0.398600
1627306532.959003	0.735100	-0.423500	-0.389200	0.686900	-0.997100	-0.368700
1627306532.967597	0.734700	-0.394400	-0.417800	0.675000	-1.061600	-0.319200
1627306532.985561	0.732900	-0.376200	-0.444000	0.682000	-1.115000	-0.248700
1627306532.987699	0.735800	-0.371800	-0.474600	0.717100	-1.161500	-0.161600
1627306533.002913	0.735200	-0.397300	-0.503700	0.726300	-1.196900	-0.070900
1627306533.009918	0.723800	-0.443500	-0.540400	0.713100	-1.219800	0.005500
1627306533.029599	0.701800	-0.497400	-0.565900	0.726300	-1.225600	0.046700
1627306533.030499	0.692000	-0.558300	-0.587900	0.746100	-1.215800	0.051300
1627306533.040603	0.668700	-0.577100	-0.595700	0.718600	-1.203000	0.032000
1627306533.063816	0.657800	-0.601000	-0.606800	0.755600	-1.182800	-0.002200
1627306533.067171	0.630200	-0.647500	-0.624800	0.937000	-1.163600	-0.059600
1627306533.068078	0.618500	-0.697500	-0.643400	0.980400	-1.138300	-0.129200
1627306533.082718	0.613000	-0.721200	-0.663800	0.871300	-1.111700	-0.204100
1627306533.097608	0.611200	-0.729700	-0.684900	0.837700	-1.082100	-0.292900
1627306533.098981	0.608800	-0.743500	-0.715300	0.871700	-1.035600	-0.402000
1627306533.108556	0.623800	-0.738800	-0.731400	0.814800	-0.979700	-0.488400
1627306533.129415	0.623200	-0.703500	-0.730700	0.697900	-0.922000	-0.556500
1627306533.130077	0.627300	-0.664200	-0.724400	0.679800	-0.864300	-0.607200
1627306533.137576	0.623500	-0.646000	-0.715100	0.740600	-0.805000	-0.642700
1627306533.147595	0.618400	-0.635900	-0.700200	0.695400	-0.748200	-0.659200
1627306533.151038	0.619000	-0.630500	-0.671500	0.641400	-0.692600	-0.668300
1627306533.174063	0.613400	-0.639000	-0.644400	0.671000	-0.654100	-0.680800
1627306533.176315	0.606300	-0.668100	-0.631700	0.697900	-0.631200	-0.703100
1627306533.191262	0.605200	-0.686200	-0.622800	0.672800	-0.618400	-0.740400
1627306533.195944	0.607400	-0.682100	-0.603800	0.640400	-0.616300	-0.784700
1627306533.220459	0.608500	-0.666700	-0.589700	0.644700	-0.623600	-0.827400
1627306533.221690	0.608000	-0.649800	-0.584400	0.674600	-0.636100	-0.863200
1627306533.236605	0.615100	-0.627100	-0.582200	0.663700	-0.654100	-0.891600
1627306533.239904	0.620400	-0.597800	-0.581400	0.640700	-0.672200	-0.906200
1627306533.240803	0.616200	-0.570200	-0.583100	0.662700	-0.686500	-0.914200
1627306533.264408	0.623500	-0.551000	-0.585700	0.704900	-0.699000	-0.913000
1627306533.266531	0.628300	-0.534800	-0.586400	0.728400	-0.716100	-0.905600
1627306533.281417	0.626700	-0.518300	-0.587600	0.740300	-0.736000	-0.885800
1627306533.286154	0.624800	-0.511600	-0.595600	0.785500	-0.754000	-0.861400
1627306533.311705	0.624800	-0.512600	-0.600200	0.835300	-0.769900	-0.828400
1627306533.312727	0.629500	-0.517700	-0.603900	0.860400	-0.785800	-0.800600
1627306533.325970	0.626800	-0.521400	-0.608000	0.887800	-0.798300	-0.778000
1627306533.326859	0.624800	-0.527800	-0.613000	0.904300	-0.809600	-0.758100
1627306533.330551	0.623300	-0.539100	-0.621900	0.915000	-0.816900	-0.743800
1627306533.353929	0.617800	-0.554000	-0.632300	0.919000	-0.816300	-0.736400
1627306533.361030	0.606900	-0.569600	-0.637800	0.908900	-0.810500	-0.741900
1627306533.361730	0.600800	-0.578500	-0.650000	0.890900	-0.792200	-0.763000
1627306533.383095	0.594600	-0.577100	-0.656400	0.884200	-0.774200	-0.787100
1627306533.386734	0.594000	-0.569300	-0.661300	0.886900	-0.756200	-0.811000
1627306533.403562	0.593400	-0.555400	-0.666000	0.884200	-0.740300	-0.822600
1627306533.421288	0.592300	-0.544700	-0.668800	0.870100	-0.725900	-0.822600
1627306533.422189	0.590600	-0.536900	-0.674000	0.867400	-0.710300	-0.816500
1627306533.431964	0.588300	-0.536500	-0.678700	0.878700	-0.692900	-0.807600
1627306533.448803	0.586900	-0.545700	-0.685500	0.871300	-0.666100	-0.800300
1627306533.457147	0.586200	-0.551300	-0.685300	0.855800	-0.643800	-0.796600
1627306533.458054	0.585800	-0.559400	-0.683200	0.854900	-0.621200	-0.797800
1627306533.467919	0.588900	-0.572000	-0.679000	0.860700	-0.601300	-0.806700
1627306533.470675	0.584800	-0.580900	-0.674700	0.846300	-0.588800	-0.818000
1627306533.496065	0.584700	-0.584400	-0.672700	0.824000	-0.583600	-0.830800
1627306533.496963	0.581200	-0.594100	-0.670400	0.840500	-0.583900	-0.848200
1627306533.508130	0.580700	-0.610100	-0.676300	0.868000	-0.586600	-0.873600
1627306533.514227	0.581800	-0.612900	-0.680300	0.834100	-0.588500	-0.901100
1627306533.538550	0.588600	-0.606200	-0.685400	0.796800	-0.590300	-0.928900
1627306533.539447	0.600300	-0.597200	-0.694300	0.807200	-0.587600	-0.959400
1627306533.546656	0.614500	-0.583900	-0.707600	0.809300	-0.579600	-0.985700
1627306533.556442	0.624300	-0.561000	-0.719600	0.779400	-0.566800	-1.002500
1627306533.560117	0.633400	-0.532000	-0.730700	0.793800	-0.544800	-1.006100
1627306533.583154	0.639500	-0.512300	-0.742800	0.843600	-0.521300	-0.997000
1627306533.586586	0.637300	-0.496900	-0.747200	0.861000	-0.489200	-0.979600
1627306533.595490	0.642800	-0.480200	-0.744900	0.864900	-0.457400	-0.956300
1627306533.603780	0.637100	-0.479100	-0.739700	0.912600	-0.426600	-0.928500
1627306533.625909	0.633700	-0.490600	-0.736200	0.948900	-0.393600	-0.907500
1627306533.626822	0.635600	-0.506700	-0.727300	0.930000	-0.366100	-0.893400
1627306533.631828	0.630900	-0.522600	-0.711400	0.908600	-0.341400	-0.887000
1627306533.655065	0.629400	-0.540900	-0.700900	0.917200	-0.323700	-0.894000
1627306533.662347	0.628800	-0.550900	-0.688800	0.907400	-0.307800	-0.911700
1627306533.663042	0.633300	-0.553100	-0.677500	0.865200	-0.296500	-0.932800
1627306533.684187	0.632800	-0.546800	-0.665500	0.857000	-0.284900	-0.959100
1627306533.685139	0.642900	-0.535600	-0.661100	0.829800	-0.280000	-0.982000
1627306533.696689	0.644500	-0.511700	-0.656700	0.769600	-0.276000	-0.994200
1627306533.711250	0.644400	-0.481200	-0.663000	0.719900	-0.272700	-0.993300
1627306533.725946	0.646600	-0.455400	-0.669400	0.706700	-0.263800	-0.978900
1627306533.726857	0.644900	-0.438600	-0.681000	0.680800	-0.252200	-0.954800
1627306533.736456	0.637500	-0.424600	-0.693600	0.663700	-0.232600	-0.926100
1627306533.739216	0.643200	-0.423700	-0.706400	0.680100	-0.208200	-0.894600
1627306533.767216	0.643400	-0.427600	-0.720900	0.696600	-0.178600	-0.864400
1627306533.768108	0.651000	-0.430900	-0.725800	0.679500	-0.141600	-0.842400
1627306533.776833	0.657700	-0.429800	-0.727900	0.670700	-0.098000	-0.822300
1627306533.795106	0.659800	-0.431800	-0.726000	0.680100	-0.057600	-0.813700
1627306533.806005	0.661000	-0.431500	-0.718100	0.672500	-0.014300	-0.810600
1627306533.806909	0.663000	-0.425700	-0.707200	0.649600	0.030000	-0.811000
1627306533.820521	0.663200	-0.414400	-0.694100	0.633400	0.072800	-0.811900
1627306533.840072	0.668200	-0.404700	-0.678500	0.630100	0.115900	-0.813400
1627306533.844663	0.677000	-0.390300	-0.658200	0.614800	0.160100	-0.807300
1627306533.858826	0.682700	-0.377200	-0.638700	0.603500	0.193700	-0.796300
1627306533.859753	0.687100	-0.362300	-0.621000	0.604400	0.213900	-0.776400
1627306533.881821	0.692600	-0.350200	-0.608200	0.587000	0.226700	-0.746500
1627306533.882706	0.693600	-0.345800	-0.591300	0.593100	0.235000	-0.710500
1627306533.885138	0.690300	-0.356100	-0.579600	0.625500	0.237100	-0.676900
1627306533.900052	0.687700	-0.377800	-0.569900	0.632200	0.235000	-0.653400
1627306533.903705	0.695600	-0.402000	-0.558100	0.595800	0.231000	-0.640200
1627306533.925992	0.704000	-0.415400	-0.548200	0.589100	0.226400	-0.645700
1627306533.926878	0.711300	-0.424900	-0.536700	0.595200	0.220600	-0.663100
1627306533.931916	0.725300	-0.419400	-0.524400	0.561000	0.212700	-0.681800
1627306533.953939	0.727400	-0.397200	-0.512300	0.514300	0.201400	-0.692800
1627306533.965095	0.730200	-0.370500	-0.502200	0.492600	0.190100	-0.690000
1627306533.965987	0.741200	-0.347500	-0.498500	0.476100	0.175100	-0.673200
1627306533.985827	0.741800	-0.324700	-0.502900	0.433700	0.160800	-0.630400
1627306533.986791	0.757100	-0.312100	-0.507600	0.409800	0.157700	-0.588000
1627306533.996778	0.763500	-0.303000	-0.512800	0.395200	0.161100	-0.540300
1627306534.006329	0.767200	-0.299100	-0.512500	0.376900	0.172400	-0.489900
1627306534.007285	0.770800	-0.302200	-0.508100	0.370100	0.186400	-0.443800
1627306534.031837	0.775400	-0.318500	-0.500400	0.389400	0.198600	-0.404400
1627306534.035220	0.780300	-0.335100	-0.489100	0.389400	0.208400	-0.376600
1627306534.046451	0.786600	-0.342200	-0.474100	0.342600	0.213000	-0.348200
1627306534.056360	0.790400	-0.342200	-0.458900	0.335000	0.211100	-0.334800
1627306534.074386	0.795400	-0.340700	-0.447800	0.339600	0.203200	-0.319500
1627306534.075206	0.800900	-0.337900	-0.435700	0.330700	0.186700	-0.302100
1627306534.085157	0.805500	-0.334200	-0.427600	0.308700	0.165600	-0.281300
1627306534.093758	0.808200	-0.327400	-0.418500	0.306600	0.140900	-0.261500
1627306534.112039	0.813500	-0.321500	-0.408200	0.291300	0.109100	-0.236700
1627306534.114164	0.817700	-0.311400	-0.397200	0.261700	0.070600	-0.201900
1627306534.124330	0.816900	-0.312300	-0.397800	0.242800	0.031900	-0.170200
1627306534.140048	0.813100	-0.325300	-0.405900	0.233000	-0.000200	-0.141800
1627306534.153407	0.814800	-0.344500	-0.416300	0.215600	-0.026800	-0.126200
1627306534.154295	0.810300	-0.364100	-0.431200	0.190500	-0.044200	-0.121300
1627306534.160864	0.810900	-0.383400	-0.449200	0.165500	-0.051200	-0.129800
1627306534.185030	0.811300	-0.393300	-0.469400	0.148400	-0.045700	-0.149700
1627306534.197184	0.808600	-0.392100	-0.481700	0.134600	-0.028000	-0.172000
1627306534.198093	0.807100	-0.382100	-0.488000	0.118100	-0.005100	-0.184200
1627306534.206826	0.808100	-0.370200	-0.488500	0.138900	0.018100	-0.192500
1627306534.216524	0.808200	-0.366500	-0.485800	0.159100	0.043500	-0.198300
1627306534.224087	0.809700	-0.357900	-0.476900	0.153000	0.066700	-0.199800
1627306534.238762	0.812600	-0.342000	-0.464100	0.141400	0.085900	-0.199200
1627306534.239671	0.821800	-0.326700	-0.445100	0.141100	0.099400	-0.187300
1627306534.264390	0.832200	-0.323200	-0.431800	0.130700	0.100300	-0.167100
1627306534.265230	0.834000	-0.323400	-0.424600	0.094900	0.090200	-0.140500
1627306534.275293	0.831300	-0.329600	-0.422100	0.061900	0.078600	-0.115800
1627306534.281171	0.832800	-0.339000	-0.421800	0.053100	0.063600	-0.099300
1627306534.305734	0.830900	-0.349200	-0.418300	0.047300	0.048000	-0.090700
1627306534.309195	0.834800	-0.351000	-0.414200	0.016100	0.030600	-0.087400
1627306534.316541	0.837800	-0.335100	-0.413500	-0.036700	0.005000	-0.081000
1627306534.322441	0.836100	-0.318500	-0.421500	-0.072100	-0.016700	-0.068400
1627306534.344316	0.840700	-0.305100	-0.436000	-0.088300	-0.030100	-0.047400
1627306534.345217	0.840200	-0.299600	-0.452600	-0.113100	-0.039000	-0.021100
1627306534.360815	0.835900	-0.296500	-0.474400	-0.141200	-0.038400	0.008200
1627306534.383538	0.830300	-0.293200	-0.492100	-0.152500	-0.024600	0.037800
1627306534.384744	0.827100	-0.297100	-0.504200	-0.143000	-0.003000	0.065300
1627306534.385711	0.828200	-0.307600	-0.508800	-0.139300	0.028200	0.093400
1627306534.395525	0.827900	-0.314900	-0.511500	-0.176600	0.055100	0.114500
1627306534.402549	0.827100	-0.324500	-0.507100	-0.202600	0.082600	0.128300
1627306534.414094	0.827800	-0.333700	-0.499100	-0.209900	0.112200	0.131000
1627306534.429677	0.830400	-0.335900	-0.487500	-0.226400	0.138100	0.128600
1627306534.431118	0.832200	-0.328400	-0.470500	-0.262100	0.155900	0.127000
1627306534.451821	0.830400	-0.309600	-0.448400	-0.292000	0.163500	0.139600
1627306534.455269	0.826500	-0.293100	-0.429400	-0.303000	0.158900	0.169800
1627306534.458181	0.820400	-0.296500	-0.419800	-0.300900	0.147000	0.200300
1627306534.484605	0.835100	-0.308800	-0.408900	-0.257500	0.126800	0.227500
1627306534.485501	0.827400	-0.317100	-0.399300	-0.310100	0.103300	0.256800
1627306534.496873	0.813700	-0.311600	-0.395000	-0.406300	0.076100	0.290700
1627306534.500650	0.806600	-0.314000	-0.394900	-0.400200	0.051100	0.315500
1627306534.517751	0.804600	-0.335800	-0.408800	-0.366900	0.029100	0.334100
1627306534.528792	0.799800	-0.353100	-0.421300	-0.432500	0.015100	0.346300
1627306534.529691	0.793800	-0.351600	-0.428300	-0.492100	0.007700	0.356700
1627306534.552099	0.790300	-0.352500	-0.437000	-0.465200	0.003500	0.367400
1627306534.555323	0.788000	-0.358800	-0.444000	-0.442300	0.004100	0.379900
1627306534.556638	0.779700	-0.362900	-0.450100	-0.486000	0.007100	0.397000
1627306534.580067	0.774300	-0.362500	-0.448900	-0.515300	0.010200	0.415700
1627306534.593698	0.773400	-0.371900	-0.452400	-0.491500	0.012000	0.433100
1627306534.594602	0.782600	-0.391600	-0.461900	-0.503400	0.012000	0.442200
1627306534.599409	0.782300	-0.402800	-0.475300	-0.566900	0.012600	0.446200
1627306534.615358	0.782800	-0.401000	-0.488200	-0.612400	0.014400	0.443800
1627306534.624002	0.776400	-0.397800	-0.500000	-0.616700	0.025400	0.438600
1627306534.628822	0.773700	-0.397200	-0.508900	-0.615500	0.040400	0.436100
1627306534.653264	0.774700	-0.395900	-0.516600	-0.635400	0.062100	0.435500
1627306534.654127	0.773600	-0.396600	-0.521700	-0.647900	0.087800	0.435200
1627306534.660651	0.777800	-0.396400	-0.523100	-0.646000	0.112800	0.433700
1627306534.682615	0.777600	-0.392600	-0.522800	-0.657600	0.136900	0.432800
1627306534.694980	0.775000	-0.382400	-0.516000	-0.673200	0.158600	0.435800
1627306534.702366	0.769000	-0.371200	-0.505600	-0.666500	0.175400	0.443200
1627306534.703539	0.771100	-0.364400	-0.495700	-0.654000	0.184300	0.456300
1627306534.716655	0.777700	-0.362200	-0.492600	-0.666800	0.185800	0.473700
1627306534.723971	0.781600	-0.363600	-0.488800	-0.696700	0.174800	0.502400
1627306534.738739	0.778100	-0.379300	-0.492800	-0.694300	0.160400	0.524700
1627306534.758092	0.773100	-0.404800	-0.504300	-0.674800	0.146700	0.531400
1627306534.758906	0.764200	-0.422100	-0.514200	-0.703500	0.135700	0.526500
1627306534.762743	0.761500	-0.426400	-0.517900	-0.751100	0.125600	0.517700
1627306534.778473	0.760900	-0.424300	-0.525300	-0.757800	0.111900	0.513400
1627306534.787558	0.766800	-0.428200	-0.540000	-0.751100	0.098700	0.511900
1627306534.802445	0.771600	-0.423000	-0.557300	-0.801800	0.084100	0.523500
1627306534.817534	0.773200	-0.409200	-0.572100	-0.895600	0.080400	0.547300
1627306534.818431	0.772900	-0.403900	-0.589100	-0.872700	0.087400	0.567800
1627306534.825482	0.762600	-0.409300	-0.601700	-0.812500	0.107600	0.581500
1627306534.836469	0.762200	-0.411100	-0.596200	-0.840300	0.134800	0.589500
1627306534.838671	0.755600	-0.409200	-0.589100	-0.858600	0.160100	0.593700
1627306534.861855	0.751000	-0.410900	-0.579200	-0.795700	0.188500	0.592500
1627306534.862675	0.754600	-0.417200	-0.571500	-0.765200	0.213600	0.587900
1627306534.872836	0.763100	-0.413900	-0.559000	-0.791400	0.230400	0.586100
1627306534.883655	0.771000	-0.403800	-0.544900	-0.783200	0.241400	0.584900
1627306534.905478	0.769900	-0.391200	-0.531500	-0.756900	0.246000	0.587900
1627306534.906583	0.768700	-0.384000	-0.516200	-0.765200	0.245000	0.601700
1627306534.922289	0.770500	-0.380600	-0.506100	-0.777100	0.238300	0.619400
1627306534.926152	0.774300	-0.383700	-0.506200	-0.780100	0.220600	0.643500
1627306534.927078	0.769900	-0.389300	-0.511700	-0.801500	0.202300	0.666700
1627306534.951869	0.767900	-0.395100	-0.523600	-0.818600	0.185800	0.686600
1627306534.953956	0.766400	-0.400000	-0.543100	-0.818900	0.173900	0.703700
1627306534.955517	0.761500	-0.402100	-0.564800	-0.809100	0.169900	0.720500
1627306534.980157	0.760700	-0.402500	-0.582500	-0.805800	0.176300	0.739700
1627306534.993622	0.762500	-0.406200	-0.595800	-0.788400	0.192200	0.761100
1627306534.994525	0.760500	-0.417400	-0.612200	-0.762700	0.217600	0.789800
1627306534.998155	0.756600	-0.433800	-0.619900	-0.748100	0.246900	0.805100
1627306535.021667	0.752400	-0.456200	-0.627400	-0.739200	0.279000	0.813900
1627306535.033369	0.748000	-0.477300	-0.632100	-0.739800	0.315000	0.810600
1627306535.034362	0.742200	-0.491000	-0.632600	-0.757800	0.352600	0.799600
1627306535.042024	0.745400	-0.499500	-0.634000	-0.777100	0.392000	0.787400
1627306535.065957	0.743200	-0.507900	-0.636500	-0.780700	0.432600	0.772700
1627306535.066853	0.743500	-0.521400	-0.639900	-0.782600	0.483900	0.747100
1627306535.076371	0.748300	-0.527200	-0.638500	-0.805800	0.525700	0.718700
1627306535.085487	0.745500	-0.524400	-0.639000	-0.830800	0.560900	0.689600
1627306535.102753	0.737500	-0.510500	-0.629900	-0.841200	0.596300	0.662100
1627306535.104215	0.734300	-0.490000	-0.611000	-0.865000	0.625600	0.642900
1627306535.119530	0.727500	-0.475300	-0.596900	-0.869900	0.640600	0.635900
1627306535.131305	0.715800	-0.464000	-0.581800	-0.871100	0.647300	0.634700
1627306535.139982	0.711100	-0.450400	-0.564900	-0.906300	0.644300	0.640800
1627306535.140877	0.716900	-0.439300	-0.553800	-0.908100	0.629600	0.654200
1627306535.161914	0.718900	-0.430300	-0.548100	-0.892200	0.605800	0.672800
1627306535.164028	0.718600	-0.422900	-0.545300	-0.894100	0.577700	0.698500
1627306535.174067	0.714000	-0.414700	-0.542400	-0.891600	0.548700	0.730300
1627306535.182489	0.708300	-0.413300	-0.537500	-0.860800	0.519900	0.759600
1627306535.202238	0.708400	-0.414700	-0.538000	-0.835700	0.489400	0.790700
1627306535.203290	0.706200	-0.419400	-0.539300	-0.840000	0.459200	0.819400
1627306535.211601	0.697300	-0.423000	-0.549800	-0.842100	0.438400	0.840800
1627306535.217491	0.694600	-0.436000	-0.565200	-0.824700	0.424900	0.854900
1627306535.239360	0.694500	-0.449100	-0.584000	-0.816500	0.421600	0.861600
1627306535.241598	0.692300	-0.463100	-0.600800	-0.832700	0.430400	0.865300
1627306535.254447	0.696900	-0.476400	-0.615700	-0.841500	0.447600	0.861600
1627306535.277562	0.689000	-0.489700	-0.631200	-0.850700	0.477500	0.852100
1627306535.280915	0.686600	-0.500700	-0.640100	-0.861700	0.513500	0.838700
1627306535.281817	0.690100	-0.512800	-0.641200	-0.851900	0.550500	0.820700
1627306535.291800	0.690400	-0.517600	-0.639600	-0.845200	0.587700	0.800500
1627306535.296963	0.689100	-0.517900	-0.632700	-0.863800	0.625900	0.783400
1627306535.315288	0.692600	-0.511000	-0.625600	-0.867200	0.662900	0.769000
1627306535.325073	0.693500	-0.506600	-0.614900	-0.851600	0.695900	0.760500
1627306535.325996	0.702000	-0.499800	-0.596900	-0.847900	0.728200	0.759300
1627306535.351933	0.710400	-0.496200	-0.582600	-0.857700	0.742000	0.767800
1627306535.353185	0.708500	-0.500500	-0.577400	-0.848500	0.748700	0.782200
1627306535.359386	0.705700	-0.510700	-0.573500	-0.826600	0.756300	0.791700
1627306535.380938	0.701900	-0.519000	-0.569500	-0.820400	0.765200	0.796200
1627306535.381839	0.702500	-0.527000	-0.563800	-0.803000	0.776500	0.796500
1627306535.391566	0.700300	-0.536700	-0.554300	-0.765200	0.785100	0.792000
1627306535.401730	0.703700	-0.549900	-0.545500	-0.716000	0.795700	0.781600
1627306535.410325	0.717300	-0.553000	-0.528100	-0.721200	0.801200	0.772700
1627306535.421599	0.717000	-0.556000	-0.511200	-0.723900	0.797600	0.767500
1627306535.430035	0.719400	-0.555800	-0.495100	-0.724500	0.787200	0.763900
1627306535.451439	0.730800	-0.561500	-0.476600	-0.738300	0.766400	0.765700
1627306535.452649	0.740600	-0.576500	-0.462600	-0.753900	0.731900	0.768400
1627306535.468444	0.739400	-0.602300	-0.455100	-0.775200	0.687900	0.766000
1627306535.480143	0.730000	-0.632900	-0.454100	-0.784100	0.637500	0.741900
1627306535.491027	0.721100	-0.655200	-0.455700	-0.777100	0.600300	0.696400
1627306535.491928	0.719800	-0.658900	-0.461100	-0.807600	0.563600	0.642600
1627306535.503061	0.712300	-0.642800	-0.467200	-0.848900	0.526700	0.593400
1627306535.525251	0.706100	-0.621300	-0.479900	-0.858900	0.494600	0.558300
1627306535.533528	0.704500	-0.608300	-0.499600	-0.859800	0.471100	0.534200
1627306535.534542	0.699100	-0.614300	-0.541600	-0.853100	0.454300	0.514000
1627306535.540409	0.689200	-0.619900	-0.576400	-0.836300	0.464000	0.482200
1627306535.544277	0.693700	-0.609100	-0.595500	-0.864700	0.493700	0.449600
1627306535.569647	0.684200	-0.594600	-0.604900	-0.838500	0.530000	0.416600
1627306535.570544	0.682300	-0.577100	-0.609700	-0.806700	0.576700	0.387000
1627306535.585403	0.688400	-0.555700	-0.604400	-0.828400	0.625000	0.367700
1627306535.588018	0.697400	-0.523700	-0.602900	-0.891300	0.669600	0.363100
1627306535.612375	0.696200	-0.491200	-0.599100	-0.906900	0.716600	0.375700
1627306535.613249	0.700000	-0.472500	-0.595700	-0.933800	0.760000	0.402200
1627306535.620368	0.695900	-0.472400	-0.590900	-0.975600	0.795700	0.433400
1627306535.635292	0.681300	-0.490400	-0.589500	-0.973800	0.832400	0.452000
1627306535.656879	0.669100	-0.521500	-0.582500	-0.942000	0.873900	0.447700
1627306535.657701	0.670800	-0.557700	-0.569600	-0.915400	0.912100	0.416600
1627306535.660232	0.677200	-0.570200	-0.542100	-0.911500	0.938400	0.366500
1627306535.667647	0.696500	-0.548100	-0.508100	-0.927700	0.950600	0.308500
1627306535.690740	0.704700	-0.515300	-0.485400	-0.916000	0.943300	0.280700
1627306535.693006	0.711100	-0.485700	-0.470100	-0.891900	0.932000	0.269700
1627306535.702810	0.717400	-0.463500	-0.465500	-0.867800	0.914300	0.278800
1627306535.706200	0.723000	-0.450700	-0.466100	-0.838800	0.898700	0.298100
1627306535.729528	0.725500	-0.438600	-0.464000	-0.818000	0.891000	0.321300
1627306535.730354	0.737500	-0.428100	-0.455200	-0.793000	0.885800	0.351200
1627306535.741567	0.750200	-0.417100	-0.434300	-0.758100	0.874900	0.395800
1627306535.747629	0.748200	-0.416700	-0.421800	-0.731600	0.854400	0.439500
1627306535.768333	0.752900	-0.427400	-0.412500	-0.694300	0.828700	0.483500
1627306535.770353	0.765900	-0.434400	-0.407200	-0.699200	0.797900	0.519500
1627306535.786042	0.766400	-0.431500	-0.404400	-0.735500	0.765500	0.557400
1627306535.802530	0.762300	-0.427500	-0.406200	-0.723900	0.733100	0.593400
1627306535.803427	0.760500	-0.435900	-0.414600	-0.689400	0.700800	0.625800
1627306535.813079	0.762900	-0.463400	-0.424900	-0.665300	0.676900	0.649900
1627306535.832829	0.762100	-0.501300	-0.433300	-0.631100	0.665900	0.645700
1627306535.833934	0.767600	-0.534900	-0.429700	-0.584700	0.662900	0.614500
1627306535.848718	0.776600	-0.560400	-0.418500	-0.585300	0.658300	0.567800
1627306535.849631	0.775100	-0.568400	-0.399500	-0.621600	0.647900	0.518000
1627306535.872794	0.772100	-0.564700	-0.371500	-0.628000	0.631100	0.466700
1627306535.874323	0.780600	-0.559900	-0.345600	-0.638700	0.597800	0.416300
1627306535.889553	0.782700	-0.555400	-0.334800	-0.678700	0.549600	0.376600
1627306535.896211	0.773800	-0.545300	-0.339700	-0.705000	0.500700	0.354900
1627306535.897107	0.774500	-0.539900	-0.353000	-0.711100	0.452700	0.347200
1627306535.919309	0.779800	-0.537200	-0.383800	-0.706800	0.412400	0.348800
1627306535.920128	0.785400	-0.531700	-0.418700	-0.725500	0.387100	0.358900
1627306535.931545	0.773200	-0.518900	-0.444700	-0.730600	0.383700	0.376900
1627306535.936340	0.774000	-0.515400	-0.462200	-0.659200	0.403300	0.399200
1627306535.959497	0.764300	-0.525600	-0.465000	-0.581600	0.436600	0.413200
1627306535.960309	0.758700	-0.538700	-0.456900	-0.544600	0.475300	0.416300
1627306535.970254	0.762100	-0.549800	-0.435500	-0.521100	0.511100	0.412000
1627306535.978745	0.760400	-0.566400	-0.415900	-0.482000	0.543500	0.400100
1627306535.997110	0.763100	-0.590000	-0.397600	-0.451200	0.567300	0.377500
1627306535.999149	0.764300	-0.611200	-0.382700	-0.452700	0.583500	0.344500
1627306536.010278	0.762500	-0.631000	-0.368200	-0.442000	0.601800	0.287400
1627306536.016230	0.766200	-0.639600	-0.356300	-0.410900	0.612500	0.228700
1627306536.038049	0.770500	-0.640900	-0.340300	-0.397700	0.615800	0.169800
1627306536.039364	0.770500	-0.640900	-0.340300	-0.397700	0.615800	0.169800
1627306536.049101	0.778400	-0.631100	-0.322800	-0.386100	0.611600	0.114200
1627306536.053959	0.786000	-0.615000	-0.303500	-0.371800	0.597500	0.063500
1627306536.082194	0.790400	-0.597400	-0.288100	-0.362000	0.580100	0.025000
1627306536.083100	0.800900	-0.573600	-0.275600	-0.344900	0.554800	-0.003100
1627306536.095641	0.813400	-0.555100	-0.266600	-0.316200	0.516300	-0.018700
1627306536.119942	0.817900	-0.549200	-0.263100	-0.284400	0.480200	-0.020200
1627306536.120803	0.818800	-0.555200	-0.262900	-0.248100	0.445700	-0.019600
1627306536.121635	0.819600	-0.565300	-0.256000	-0.204400	0.412700	-0.026000
1627306536.141365	0.825400	-0.571200	-0.245100	-0.205300	0.379100	-0.036400
1627306536.151220	0.821000	-0.572800	-0.233800	-0.200100	0.336100	-0.051600
1627306536.152114	0.819100	-0.581500	-0.232400	-0.158600	0.290900	-0.070900
1627306536.159185	0.827100	-0.597400	-0.236300	-0.117300	0.237700	-0.103300
1627306536.170521	0.829000	-0.596700	-0.242400	-0.136600	0.196500	-0.135000
1627306536.191414	0.826700	-0.584100	-0.253200	-0.141500	0.161100	-0.168300
1627306536.192316	0.830000	-0.571000	-0.266700	-0.091700	0.134200	-0.199800
1627306536.201749	0.827300	-0.563000	-0.279400	-0.040100	0.117700	-0.229700
1627306536.209095	0.826300	-0.553800	-0.287000	-0.025400	0.109400	-0.254200
1627306536.213744	0.827000	-0.538000	-0.285000	-0.005900	0.101800	-0.280700
1627306536.236971	0.821700	-0.518800	-0.280600	0.034800	0.096900	-0.303900
1627306536.239108	0.824800	-0.514900	-0.276700	0.076900	0.085300	-0.322600
1627306536.249037	0.822600	-0.502600	-0.265900	0.106500	0.072200	-0.340900
1627306536.252753	0.829000	-0.489600	-0.262800	0.094600	0.053800	-0.350700
1627306536.279576	0.822300	-0.474900	-0.261100	0.108100	0.029100	-0.354300
1627306536.280505	0.823900	-0.468000	-0.262600	0.141700	0.009900	-0.361100
1627306536.292967	0.828900	-0.459800	-0.270500	0.144100	-0.016100	-0.358000
1627306536.294544	0.824600	-0.452100	-0.277600	0.158800	-0.037200	-0.352500
1627306536.318858	0.821700	-0.446800	-0.277600	0.199400	-0.051200	-0.348200
1627306536.320194	0.823000	-0.437400	-0.272200	0.227800	-0.066500	-0.340300
1627306536.331185	0.818700	-0.432100	-0.267500	0.257700	-0.083300	-0.330200
1627306536.339912	0.816700	-0.432700	-0.260300	0.301700	-0.099200	-0.323800
1627306536.363251	0.820400	-0.439300	-0.257200	0.317300	-0.119300	-0.318300
1627306536.365393	0.821000	-0.447400	-0.260300	0.324000	-0.149300	-0.314300
1627306536.369031	0.824600	-0.450600	-0.267200	0.331300	-0.170000	-0.317700
1627306536.382463	0.821300	-0.449100	-0.271100	0.350600	-0.186800	-0.319800
1627306536.383434	0.822500	-0.449300	-0.272700	0.374700	-0.201200	-0.322300
1627306536.412054	0.819200	-0.449000	-0.270800	0.416600	-0.220400	-0.324400
1627306536.414070	0.820200	-0.443400	-0.266400	0.430900	-0.236900	-0.324100
1627306536.417822	0.820800	-0.434200	-0.257200	0.430300	-0.258600	-0.314600
1627306536.423797	0.825600	-0.430700	-0.246000	0.477600	-0.291300	-0.298400
1627306536.467788	0.824300	-0.445600	-0.241700	0.538100	-0.321200	-0.289600
1627306536.469848	0.830100	-0.460900	-0.237900	0.541200	-0.353300	-0.282900
1627306536.470744	0.823900	-0.473300	-0.236500	0.547600	-0.393300	-0.281300
1627306536.472812	0.824100	-0.478800	-0.232500	0.570500	-0.431500	-0.286200
1627306536.481537	0.831500	-0.489300	-0.232800	0.605900	-0.474200	-0.296300
1627306536.491319	0.829300	-0.497800	-0.242900	0.613900	-0.523100	-0.305800
1627306536.509581	0.820300	-0.504300	-0.262300	0.609000	-0.575600	-0.315800
1627306536.510539	0.812300	-0.513900	-0.278000	0.627300	-0.609600	-0.327500
1627306536.517790	0.815100	-0.521000	-0.289700	0.617200	-0.637000	-0.348200
1627306536.528849	0.804300	-0.529500	-0.306400	0.577800	-0.664800	-0.371100
1627306536.529741	0.802700	-0.538900	-0.325200	0.572000	-0.689600	-0.401100
1627306536.553214	0.797100	-0.544700	-0.343000	0.582100	-0.707900	-0.442000
1627306536.562899	0.800900	-0.543800	-0.364500	0.548500	-0.722600	-0.492100
1627306536.573904	0.799300	-0.529100	-0.388900	0.532300	-0.733300	-0.541600
1627306536.592062	0.795300	-0.510000	-0.407700	0.562900	-0.739100	-0.577300
1627306536.592772	0.801400	-0.496000	-0.429900	0.592500	-0.733300	-0.603300
1627306536.597737	0.799700	-0.480700	-0.448100	0.624300	-0.723500	-0.623100
1627306536.607833	0.799700	-0.466700	-0.462000	0.646500	-0.703300	-0.639900
1627306536.617556	0.800000	-0.448900	-0.470100	0.675000	-0.675800	-0.649100
1627306536.636782	0.808800	-0.431900	-0.475000	0.702400	-0.638900	-0.653400
1627306536.637693	0.809400	-0.420500	-0.475500	0.718600	-0.605600	-0.652400
1627306536.647780	0.811200	-0.414800	-0.472200	0.731200	-0.572300	-0.647900
1627306536.657715	0.810500	-0.408100	-0.470300	0.745500	-0.542700	-0.644200
1627306536.675738	0.811000	-0.403700	-0.464400	0.762000	-0.517600	-0.638700
1627306536.677982	0.812300	-0.396600	-0.456400	0.779700	-0.497500	-0.631700
1627306536.689113	0.816400	-0.391400	-0.443000	0.804500	-0.484600	-0.621300
1627306536.699897	0.811300	-0.389300	-0.429800	0.839300	-0.480000	-0.607200
1627306536.708049	0.815100	-0.394200	-0.417100	0.868900	-0.484300	-0.596800
1627306536.719142	0.822000	-0.394900	-0.406200	0.879900	-0.494700	-0.588600
1627306536.733147	0.816800	-0.392900	-0.395500	0.875000	-0.516700	-0.580700
1627306536.753039	0.817900	-0.384800	-0.387000	0.872000	-0.541700	-0.569400
1627306536.754000	0.817000	-0.376700	-0.383700	0.882600	-0.571100	-0.555300
1627306536.762504	0.812400	-0.371700	-0.384300	0.890600	-0.602200	-0.533300
1627306536.763432	0.810300	-0.371900	-0.389800	0.903100	-0.642200	-0.504300
1627306536.783219	0.806400	-0.378200	-0.397600	0.918700	-0.674300	-0.482000
1627306536.793167	0.802600	-0.387700	-0.407700	0.938200	-0.701800	-0.465500
1627306536.810321	0.801000	-0.398100	-0.421000	0.948300	-0.725300	-0.452100
1627306536.818426	0.801900	-0.406700	-0.431300	0.956600	-0.745800	-0.442600
1627306536.819332	0.797000	-0.415800	-0.439800	0.960200	-0.767200	-0.436500
1627306536.829173	0.788900	-0.424100	-0.451000	0.954700	-0.784000	-0.433100
1627306536.831820	0.774500	-0.431000	-0.459700	0.947700	-0.799200	-0.435900
1627306536.857535	0.774200	-0.435800	-0.471100	0.945900	-0.806200	-0.442300
1627306536.858423	0.774200	-0.441400	-0.482500	0.934300	-0.813300	-0.451200
1627306536.868005	0.766700	-0.443000	-0.493400	0.918100	-0.814500	-0.459100
1627306536.876800	0.761200	-0.439300	-0.504400	0.912600	-0.809300	-0.472500
1627306536.900931	0.757900	-0.435900	-0.514600	0.924200	-0.796800	-0.486300
1627306536.901766	0.763200	-0.429800	-0.526000	0.934300	-0.776600	-0.495700
1627306536.907824	0.765700	-0.423800	-0.533000	0.923900	-0.758600	-0.495700
1627306536.917868	0.764800	-0.418200	-0.535800	0.926300	-0.741800	-0.493900
1627306536.921139	0.761100	-0.416100	-0.538600	0.937900	-0.721900	-0.489300
1627306536.945886	0.758700	-0.414300	-0.537100	0.946800	-0.705500	-0.485400
1627306536.947885	0.763200	-0.408000	-0.531100	0.948600	-0.693500	-0.477700
1627306536.953049	0.764000	-0.402000	-0.522000	0.946800	-0.690500	-0.460900
1627306536.973833	0.767700	-0.403600	-0.512100	0.955600	-0.695100	-0.431900
1627306536.989254	0.768400	-0.416700	-0.510400	0.961400	-0.703600	-0.409000
1627306536.995106	0.767000	-0.438400	-0.508500	0.968200	-0.710600	-0.399200
1627306536.996019	0.763500	-0.453000	-0.505500	0.957800	-0.716800	-0.402000
1627306537.007842	0.761800	-0.459700	-0.502000	0.942800	-0.724700	-0.413600
1627306537.017844	0.755200	-0.457200	-0.500000	0.932700	-0.734500	-0.427000
1627306537.025673	0.753500	-0.449500	-0.499400	0.923000	-0.747600	-0.435300
1627306537.046165	0.759400	-0.436800	-0.508800	0.895500	-0.764700	-0.432200
1627306537.047066	0.759000	-0.429200	-0.519800	0.885100	-0.776600	-0.421500
1627306537.053062	0.753100	-0.427200	-0.533600	0.897000	-0.784000	-0.407200
1627306537.074353	0.748900	-0.429200	-0.541300	0.911100	-0.786100	-0.391000
1627306537.076575	0.741800	-0.439900	-0.550500	0.944000	-0.788500	-0.374500
1627306537.091927	0.739400	-0.452000	-0.555900	0.965100	-0.786700	-0.362300
1627306537.114497	0.735100	-0.462500	-0.559900	0.956300	-0.785500	-0.350700
1627306537.116777	0.727100	-0.481200	-0.562500	0.969700	-0.784000	-0.346700
1627306537.117951	0.722800	-0.509400	-0.570100	0.992600	-0.785500	-0.351900
1627306537.126286	0.715600	-0.530900	-0.576700	0.992000	-0.779700	-0.369300
1627306537.147218	0.710900	-0.545500	-0.578700	0.972100	-0.772700	-0.397100
1627306537.148052	0.702600	-0.551000	-0.573400	0.996600	-0.764400	-0.436200
1627306537.154280	0.697400	-0.553000	-0.571800	1.008500	-0.754000	-0.476500
1627306537.175171	0.693600	-0.544100	-0.561800	0.990800	-0.746400	-0.516800
1627306537.186131	0.688700	-0.533900	-0.557900	0.970000	-0.744900	-0.551600
1627306537.187022	0.684400	-0.525100	-0.559100	0.952600	-0.744600	-0.577600
1627306537.195749	0.681300	-0.518600	-0.559700	0.930300	-0.744600	-0.598700
1627306537.206700	0.690600	-0.516500	-0.564200	0.916900	-0.746700	-0.617600
1627306537.216547	0.689500	-0.513400	-0.568100	0.912000	-0.752200	-0.636600
1627306537.225068	0.687600	-0.512700	-0.575300	0.900400	-0.755500	-0.651800
1627306537.248447	0.683000	-0.510600	-0.582900	0.891500	-0.760100	-0.671700
1627306537.249260	0.681600	-0.502000	-0.589400	0.870400	-0.764100	-0.690300
1627306537.255714	0.678000	-0.492700	-0.598100	0.841400	-0.764700	-0.707400
1627306537.276909	0.681200	-0.479100	-0.612800	0.823100	-0.765600	-0.715700
1627306537.277735	0.675300	-0.461400	-0.624000	0.827100	-0.762000	-0.721200
1627306537.287882	0.674800	-0.439000	-0.634900	0.824900	-0.752800	-0.716300
1627306537.297608	0.679700	-0.416100	-0.641800	0.831000	-0.745200	-0.701900
1627306537.298508	0.680400	-0.401100	-0.658900	0.849700	-0.729600	-0.671700
1627306537.322652	0.679900	-0.396600	-0.671800	0.847800	-0.710600	-0.636600
1627306537.326492	0.684900	-0.399900	-0.682700	0.853300	-0.683200	-0.603900
1627306537.341196	0.688800	-0.407600	-0.692300	0.873800	-0.656600	-0.574500
1627306537.342090	0.693200	-0.416600	-0.693800	0.888100	-0.626000	-0.549500
1627306537.365213	0.702600	-0.422200	-0.695300	0.888800	-0.596400	-0.528700
1627306537.366566	0.710700	-0.421800	-0.690300	0.891800	-0.568000	-0.508900
1627306537.381664	0.713400	-0.423800	-0.675000	0.912000	-0.532600	-0.488100
1627306537.386440	0.719500	-0.431500	-0.664400	0.916600	-0.511500	-0.472800
1627306537.387352	0.722800	-0.447300	-0.656000	0.909500	-0.496800	-0.461800
1627306537.410776	0.729000	-0.469400	-0.652500	0.891500	-0.487700	-0.455100
1627306537.417915	0.735400	-0.498800	-0.652200	0.878400	-0.483400	-0.457600
1627306537.425564	0.739500	-0.523400	-0.655000	0.857000	-0.480000	-0.474100
1627306537.446861	0.741900	-0.539700	-0.653900	0.813000	-0.478800	-0.502500
1627306537.447671	0.744900	-0.543500	-0.650400	0.768400	-0.478200	-0.538800
1627306537.455792	0.746800	-0.545500	-0.652300	0.740600	-0.478200	-0.569700
1627306537.478525	0.734700	-0.552700	-0.658800	0.731200	-0.474900	-0.606300
1627306537.479444	0.731400	-0.549200	-0.666900	0.703400	-0.455000	-0.648800
1627306537.489378	0.726000	-0.533700	-0.674100	0.679500	-0.433000	-0.689700
1627306537.496803	0.720000	-0.505700	-0.676600	0.655700	-0.401900	-0.721500
1627306537.517335	0.720700	-0.471400	-0.676100	0.641400	-0.368900	-0.734900
1627306537.518298	0.715700	-0.444200	-0.676100	0.625500	-0.329800	-0.727900
1627306537.528186	0.708900	-0.426600	-0.678300	0.608700	-0.297700	-0.711100
1627306537.551525	0.703000	-0.418300	-0.676500	0.584500	-0.262000	-0.686900
1627306537.556009	0.699000	-0.418500	-0.674400	0.573200	-0.230500	-0.658500
1627306537.556909	0.690700	-0.425900	-0.664900	0.559800	-0.200300	-0.635000
1627306537.566716	0.682900	-0.433500	-0.654700	0.536000	-0.180700	-0.617300
1627306537.573108	0.677600	-0.441200	-0.638900	0.510000	-0.164200	-0.606300
1627306537.592797	0.682400	-0.449300	-0.631700	0.479200	-0.156600	-0.602000
1627306537.608241	0.678200	-0.456500	-0.630000	0.437900	-0.152300	-0.606300
1627306537.609965	0.680400	-0.456200	-0.631100	0.392700	-0.145900	-0.616100
1627306537.610873	0.685800	-0.452000	-0.633300	0.366500	-0.134900	-0.630400
1627306537.635751	0.688600	-0.442000	-0.632800	0.345700	-0.119000	-0.648800
1627306537.636896	0.685400	-0.420500	-0.634500	0.307800	-0.100100	-0.661000
1627306537.646580	0.686000	-0.387000	-0.629800	0.281300	-0.073500	-0.666800
1627306537.655283	0.695900	-0.362100	-0.623400	0.288000	-0.050900	-0.658500
1627306537.673308	0.703900	-0.347300	-0.623500	0.286700	-0.033800	-0.635000
1627306537.675399	0.709600	-0.341100	-0.624400	0.265700	-0.021300	-0.603000
1627306537.693745	0.713600	-0.345500	-0.627000	0.262300	-0.009100	-0.570000
1627306537.716725	0.721100	-0.360100	-0.627800	0.279400	0.002200	-0.541900
1627306537.720295	0.726600	-0.374300	-0.626500	0.280600	0.014400	-0.520500
1627306537.724735	0.728900	-0.382700	-0.620000	0.273300	0.029400	-0.508000
1627306537.725631	0.728400	-0.382400	-0.609900	0.287100	0.043200	-0.508900
1627306537.735559	0.732900	-0.376800	-0.595900	0.299900	0.055400	-0.510400
1627306537.738063	0.736200	-0.366300	-0.580400	0.289800	0.061200	-0.508000
1627306537.764760	0.738000	-0.352900	-0.567500	0.282500	0.062400	-0.496100
1627306537.765656	0.745400	-0.349200	-0.562100	0.287700	0.059300	-0.477700
1627306537.780565	0.747300	-0.356300	-0.562000	0.291600	0.053200	-0.454500
1627306537.804536	0.756200	-0.366300	-0.570700	0.277000	0.048000	-0.433100
1627306537.805345	0.752800	-0.373700	-0.575300	0.264500	0.050800	-0.420600
1627306537.806842	0.762300	-0.374500	-0.580300	0.265100	0.058400	-0.418500
1627306537.811347	0.770100	-0.366900	-0.583600	0.242200	0.066100	-0.414200
1627306537.833957	0.773900	-0.349100	-0.586900	0.218000	0.078300	-0.405600
1627306537.847785	0.779300	-0.332500	-0.590900	0.210100	0.089900	-0.391000
1627306537.856462	0.775900	-0.313100	-0.602200	0.195400	0.107600	-0.363800
1627306537.857353	0.775600	-0.300500	-0.614600	0.179500	0.138100	-0.326800
1627306537.876566	0.771500	-0.297400	-0.621900	0.178000	0.172700	-0.293200
1627306537.879097	0.766800	-0.300800	-0.625100	0.167300	0.212700	-0.261200
1627306537.893874	0.762700	-0.304900	-0.621200	0.139200	0.256000	-0.233700
1627306537.897447	0.765900	-0.306900	-0.601300	0.106800	0.300300	-0.216000
1627306537.898363	0.762200	-0.307900	-0.582000	0.063800	0.337000	-0.202800
1627306537.921882	0.761000	-0.309000	-0.559600	0.012800	0.368800	-0.194600
1627306537.925379	0.768100	-0.312100	-0.541600	-0.049500	0.394400	-0.190300
1627306537.934123	0.773100	-0.305900	-0.524900	-0.107900	0.410300	-0.193100
1627306537.938907	0.777500	-0.290800	-0.511800	-0.168300	0.419500	-0.189100
1627306537.964280	0.778000	-0.272100	-0.497800	-0.199500	0.420400	-0.180500
1627306537.965230	0.778200	-0.258900	-0.481700	-0.203800	0.417300	-0.164400
1627306537.980683	0.780900	-0.248500	-0.465900	-0.224900	0.404800	-0.137800
1627306538.003559	0.786900	-0.240500	-0.445700	-0.265500	0.379100	-0.097500
1627306538.004425	0.794100	-0.235800	-0.427500	-0.282600	0.348000	-0.060800
1627306538.006510	0.791900	-0.238200	-0.416000	-0.293900	0.313800	-0.028400
1627306538.015356	0.792800	-0.240400	-0.404900	-0.324700	0.279300	0.004200
1627306538.026398	0.798200	-0.242900	-0.394700	-0.343400	0.240800	0.028700
1627306538.045349	0.800500	-0.243300	-0.385000	-0.369600	0.197400	0.054900
1627306538.046491	0.803700	-0.243800	-0.383700	-0.388000	0.149800	0.078200
1627306538.061675	0.803500	-0.245700	-0.388100	-0.397400	0.091100	0.108700
1627306538.066215	0.804000	-0.244100	-0.390300	-0.419400	0.043200	0.138900
1627306538.067130	0.801000	-0.243000	-0.400800	-0.428900	-0.001400	0.175600
1627306538.090814	0.802900	-0.245500	-0.413700	-0.409600	-0.039600	0.211900
1627306538.094290	0.804000	-0.256200	-0.423300	-0.399300	-0.070500	0.247400
1627306538.104010	0.799300	-0.267600	-0.438600	-0.414500	-0.094900	0.279100
1627306538.112602	0.799900	-0.278400	-0.452500	-0.411200	-0.115100	0.305400
1627306538.134375	0.798800	-0.288500	-0.467400	-0.420000	-0.128800	0.330800
1627306538.135220	0.798100	-0.293000	-0.483300	-0.422800	-0.135200	0.346600
1627306538.153954	0.793900	-0.292700	-0.496600	-0.424900	-0.135200	0.363700
1627306538.164741	0.793900	-0.290500	-0.508100	-0.415100	-0.132500	0.381100
1627306538.165649	0.794900	-0.295800	-0.521000	-0.399600	-0.126400	0.399500
1627306538.171897	0.796100	-0.299000	-0.533000	-0.395000	-0.118400	0.418100
1627306538.194658	0.787400	-0.306600	-0.545000	-0.403800	-0.107700	0.436700
1627306538.195492	0.783200	-0.314900	-0.553700	-0.386400	-0.091500	0.450200
1627306538.203976	0.783100	-0.318800	-0.559900	-0.387600	-0.078100	0.455400
1627306538.213882	0.780900	-0.316700	-0.562900	-0.424300	-0.066200	0.462100
1627306538.234386	0.782200	-0.313100	-0.566700	-0.446000	-0.051800	0.470600
1627306538.235284	0.785800	-0.316200	-0.572800	-0.443800	-0.038400	0.483800
1627306538.246632	0.790500	-0.331400	-0.580600	-0.457300	-0.024300	0.495700
1627306538.255163	0.785600	-0.351400	-0.594000	-0.486900	-0.005100	0.502700
1627306538.273166	0.784400	-0.369900	-0.597800	-0.488700	0.018400	0.496900
1627306538.273979	0.779200	-0.379800	-0.599500	-0.486000	0.041300	0.479500
1627306538.284392	0.776600	-0.379500	-0.596700	-0.497300	0.063000	0.461800
1627306538.292717	0.778100	-0.373300	-0.590200	-0.508600	0.080400	0.442800
1627306538.311054	0.778300	-0.364300	-0.582200	-0.508300	0.092900	0.430900
1627306538.314280	0.779400	-0.357200	-0.577500	-0.517200	0.103300	0.420500
1627306538.324146	0.780900	-0.352300	-0.573200	-0.540100	0.111900	0.418400
1627306538.331330	0.782600	-0.351700	-0.576200	-0.542800	0.119200	0.416000
1627306538.357235	0.786400	-0.354000	-0.578100	-0.540100	0.127800	0.412000
1627306538.358130	0.790600	-0.350000	-0.577400	-0.560800	0.137200	0.411700
1627306538.367832	0.791100	-0.341900	-0.572300	-0.577900	0.145800	0.416300
1627306538.371810	0.788600	-0.334800	-0.564700	-0.572100	0.151600	0.426000
1627306538.394996	0.783600	-0.330200	-0.556000	-0.567900	0.154000	0.438300
1627306538.395890	0.781200	-0.327000	-0.549100	-0.588600	0.148500	0.460300
1627306538.405606	0.779500	-0.321900	-0.547000	-0.603000	0.142100	0.481000
1627306538.413206	0.775100	-0.322800	-0.549900	-0.588900	0.130200	0.505200
1627306538.436263	0.770800	-0.328100	-0.559100	-0.574900	0.122900	0.526200
1627306538.437256	0.766200	-0.335100	-0.574000	-0.586200	0.120400	0.548500
1627306538.444130	0.758900	-0.337400	-0.579700	-0.592600	0.122900	0.565000
1627306538.453262	0.753900	-0.341600	-0.585600	-0.573300	0.129000	0.578200
1627306538.472318	0.746600	-0.348500	-0.586700	-0.564800	0.140900	0.590700
1627306538.473216	0.741000	-0.354100	-0.586900	-0.565100	0.150400	0.600800
1627306538.488253	0.742800	-0.359600	-0.585700	-0.553200	0.160100	0.607500
1627306538.498346	0.742100	-0.365000	-0.585800	-0.546500	0.167500	0.613000
1627306538.502794	0.747300	-0.370400	-0.590100	-0.554100	0.176300	0.619700
1627306538.511961	0.748200	-0.373700	-0.589800	-0.554400	0.183000	0.627600
1627306538.530238	0.752400	-0.375000	-0.588000	-0.542800	0.186400	0.640200
1627306538.542178	0.746600	-0.384800	-0.580800	-0.521700	0.185800	0.655400
1627306538.543064	0.741700	-0.395000	-0.573400	-0.513200	0.182700	0.663700
1627306538.548395	0.741900	-0.405900	-0.566800	-0.515600	0.174200	0.668900
1627306538.572615	0.742100	-0.421100	-0.564500	-0.519300	0.162900	0.668000
1627306538.583717	0.744900	-0.431900	-0.569700	-0.535200	0.150400	0.664300
1627306538.584721	0.741800	-0.440400	-0.576200	-0.553200	0.140300	0.658200
1627306538.590796	0.742100	-0.452000	-0.587200	-0.550400	0.134500	0.644700
1627306538.611742	0.739000	-0.460600	-0.596300	-0.546800	0.134800	0.628500
1627306538.624912	0.736900	-0.459800	-0.602300	-0.554400	0.137200	0.610800
1627306538.625812	0.733500	-0.455600	-0.605300	-0.551400	0.143300	0.597100
1627306538.632016	0.732400	-0.451400	-0.608000	-0.537300	0.151000	0.582700
1627306538.655137	0.733600	-0.449700	-0.613000	-0.528800	0.159800	0.574500
1627306538.665975	0.735100	-0.452500	-0.618700	-0.525100	0.170200	0.570200
1627306538.666871	0.728300	-0.461500	-0.628400	-0.518400	0.187300	0.564400
1627306538.675709	0.729500	-0.474700	-0.634500	-0.512900	0.204400	0.553700
1627306538.694539	0.728000	-0.488400	-0.638500	-0.513800	0.224000	0.537200
1627306538.695358	0.728900	-0.493300	-0.634800	-0.519300	0.247200	0.510000
1627306538.704003	0.734000	-0.487400	-0.628900	-0.526300	0.266400	0.481900
1627306538.711376	0.736900	-0.472800	-0.616600	-0.535800	0.279600	0.458400
1627306538.735757	0.734500	-0.459500	-0.608500	-0.544300	0.290300	0.448300
1627306538.737041	0.731200	-0.454600	-0.606000	-0.548600	0.294500	0.441000
1627306538.743935	0.727400	-0.460600	-0.607200	-0.553800	0.297000	0.436100
1627306538.751383	0.727200	-0.464000	-0.613300	-0.560200	0.302500	0.427000
1627306538.770875	0.728300	-0.464500	-0.618500	-0.563300	0.308600	0.410800
1627306538.772905	0.728400	-0.460400	-0.618000	-0.576100	0.316500	0.391200
1627306538.787718	0.726700	-0.449200	-0.619000	-0.603000	0.328100	0.374700
1627306538.790694	0.725000	-0.432000	-0.616900	-0.619200	0.338500	0.360700
1627306538.802840	0.722200	-0.415300	-0.614500	-0.621900	0.352000	0.352700
1627306538.812898	0.722500	-0.406000	-0.619500	-0.623100	0.363300	0.355800
1627306538.820095	0.719700	-0.397600	-0.623000	-0.621300	0.376100	0.361600
1627306538.844133	0.717800	-0.386100	-0.626500	-0.618600	0.390100	0.372900
1627306538.845147	0.717800	-0.377900	-0.625700	-0.613400	0.402700	0.388500
1627306538.860367	0.718900	-0.372200	-0.628300	-0.598400	0.416100	0.412600
1627306538.866377	0.720800	-0.372800	-0.628200	-0.588000	0.427700	0.439200
1627306538.887762	0.722800	-0.376000	-0.626800	-0.586500	0.443000	0.467000
1627306538.889276	0.712500	-0.381300	-0.624100	-0.592000	0.457900	0.488100
1627306538.903614	0.715800	-0.392100	-0.619800	-0.581300	0.473800	0.503300
1627306538.904784	0.713100	-0.401500	-0.615700	-0.567500	0.490300	0.506400
1627306538.906962	0.717400	-0.407300	-0.604000	-0.588900	0.505900	0.506400
1627306538.931463	0.719800	-0.409300	-0.592300	-0.605700	0.514700	0.503000
1627306538.943620	0.723300	-0.407200	-0.579500	-0.606600	0.522100	0.498400
1627306538.944513	0.730800	-0.403400	-0.569500	-0.629900	0.522400	0.496000
1627306538.950856	0.736800	-0.397700	-0.565100	-0.656700	0.518400	0.502100
1627306538.970333	0.741700	-0.392500	-0.560100	-0.664100	0.512000	0.514000
1627306538.982499	0.743900	-0.393600	-0.559900	-0.662500	0.502200	0.526800
1627306538.983395	0.736200	-0.396500	-0.561300	-0.667700	0.494000	0.540900
1627306538.989666	0.733000	-0.398800	-0.559200	-0.675100	0.488800	0.554300
1627306539.001852	0.734400	-0.404500	-0.554100	-0.672900	0.479900	0.568100
1627306539.014168	0.729400	-0.416600	-0.555400	-0.669900	0.474100	0.575100
1627306539.018107	0.728800	-0.434400	-0.557600	-0.683900	0.469200	0.575400
1627306539.042536	0.727700	-0.445600	-0.562400	-0.707700	0.466500	0.566900
1627306539.043435	0.727700	-0.439300	-0.555900	-0.752900	0.469800	0.550100
1627306539.049484	0.739700	-0.426400	-0.551300	-0.813400	0.465000	0.543000
1627306539.071830	0.738200	-0.425300	-0.558700	-0.773400	0.459200	0.538400
1627306539.072641	0.755000	-0.426000	-0.565600	-0.799400	0.468300	0.536000
1627306539.083038	0.759000	-0.409700	-0.559800	-0.850100	0.478400	0.539100
1627306539.091374	0.751700	-0.396900	-0.557600	-0.861400	0.481800	0.557400
1627306539.112333	0.740700	-0.402300	-0.556400	-0.804000	0.479000	0.579400
1627306539.113229	0.749500	-0.416900	-0.562600	-0.842700	0.476000	0.604100
1627306539.119404	0.744000	-0.429400	-0.567400	-0.924600	0.465300	0.629500
1627306539.142657	0.733200	-0.445400	-0.579000	-0.949900	0.453700	0.643800
1627306539.155247	0.719800	-0.470200	-0.595200	-0.939900	0.449700	0.643800
1627306539.156137	0.710900	-0.489600	-0.604900	-0.955400	0.453000	0.626100
1627306539.171467	0.699600	-0.501800	-0.621100	-0.968900	0.465000	0.597400
1627306539.182498	0.701700	-0.510900	-0.635400	-0.971300	0.485400	0.555600
1627306539.183388	0.710300	-0.511800	-0.652700	-0.982300	0.507100	0.512200
1627306539.191939	0.714800	-0.509500	-0.670300	-1.005500	0.538600	0.471600
1627306539.192989	0.719100	-0.498900	-0.680700	-1.003700	0.580100	0.428200
1627306539.217880	0.718600	-0.486700	-0.689100	-0.982000	0.631400	0.390300
1627306539.221586	0.722900	-0.477200	-0.685400	-0.941400	0.682400	0.360700
1627306539.236132	0.725200	-0.466800	-0.672900	-0.911500	0.729500	0.335600
1627306539.237265	0.732400	-0.456900	-0.652700	-0.871100	0.771000	0.312400
1627306539.259344	0.736900	-0.442900	-0.626500	-0.843700	0.802800	0.296200
1627306539.261645	0.751600	-0.426600	-0.594000	-0.822000	0.822600	0.288000
1627306539.276922	0.759900	-0.411500	-0.555700	-0.792700	0.826300	0.288300
1627306539.301190	0.756100	-0.405500	-0.522000	-0.749300	0.819900	0.292900
1627306539.302092	0.757900	-0.407600	-0.494600	-0.714200	0.801200	0.293200
1627306539.303184	0.774800	-0.412500	-0.475200	-0.690900	0.771600	0.290100
1627306539.310460	0.777200	-0.415400	-0.456800	-0.670200	0.731300	0.288000
1627306539.319984	0.790900	-0.421100	-0.444200	-0.633200	0.687900	0.280700
1627306539.340676	0.805700	-0.423800	-0.431600	-0.608200	0.643300	0.273900
1627306539.341797	0.817000	-0.425900	-0.426000	-0.580400	0.585000	0.267500
1627306539.348193	0.822300	-0.417600	-0.423500	-0.576400	0.538000	0.258400
1627306539.368915	0.819900	-0.409200	-0.419400	-0.566000	0.494300	0.248600
1627306539.379988	0.819100	-0.405800	-0.419700	-0.523000	0.451200	0.238200
1627306539.380882	0.820700	-0.398600	-0.412100	-0.517200	0.413300	0.227500
1627306539.390504	0.830000	-0.395800	-0.410400	-0.546200	0.367500	0.220800
1627306539.400618	0.830100	-0.389000	-0.416000	-0.579500	0.323900	0.215000
1627306539.411786	0.835100	-0.379800	-0.438100	-0.660700	0.275900	0.217100
1627306539.419426	0.832200	-0.367100	-0.462200	-0.690300	0.251200	0.221700
1627306539.444774	0.832600	-0.355700	-0.486600	-0.698900	0.241100	0.230000
1627306539.445669	0.830300	-0.339200	-0.504800	-0.721200	0.242900	0.252900
1627306539.455801	0.830100	-0.325300	-0.519800	-0.720900	0.251500	0.286200
1627306539.472655	0.821000	-0.325100	-0.535400	-0.680300	0.269500	0.325300
1627306539.488566	0.811800	-0.341900	-0.555400	-0.632300	0.299700	0.359800
1627306539.498720	0.792800	-0.359900	-0.563200	-0.610600	0.345200	0.385700
1627306539.501634	0.790000	-0.374600	-0.558000	-0.583700	0.384900	0.397000
1627306539.509858	0.785200	-0.392700	-0.548100	-0.534300	0.421300	0.394900
1627306539.510765	0.777500	-0.416300	-0.532700	-0.484500	0.453000	0.380500
1627306539.520346	0.772800	-0.431800	-0.510700	-0.462500	0.476900	0.354600
1627306539.524286	0.761700	-0.439100	-0.485500	-0.432900	0.490000	0.320100
1627306539.548267	0.759400	-0.445700	-0.455000	-0.365400	0.490300	0.268100
1627306539.550396	0.765000	-0.443500	-0.427500	-0.340300	0.476000	0.217700
1627306539.565607	0.764500	-0.424600	-0.402000	-0.370800	0.447900	0.183500
1627306539.589979	0.764400	-0.412600	-0.387700	-0.357400	0.413600	0.160000
1627306539.590887	0.762000	-0.412400	-0.381000	-0.320100	0.370300	0.142300
1627306539.591808	0.764200	-0.423800	-0.382800	-0.313400	0.325100	0.126100
1627306539.600370	0.762700	-0.429400	-0.383100	-0.331800	0.281100	0.106300
1627306539.605108	0.770600	-0.427000	-0.381000	-0.331800	0.234700	0.077200
1627306539.629622	0.779400	-0.425900	-0.382100	-0.290500	0.190100	0.045200
1627306539.630564	0.772800	-0.423200	-0.379000	-0.280100	0.161700	0.012800
1627306539.642955	0.778900	-0.418000	-0.383200	-0.287200	0.140600	-0.019900
1627306539.649582	0.772300	-0.403200	-0.384800	-0.306400	0.110400	-0.030900
1627306539.673478	0.765500	-0.396100	-0.384500	-0.245900	0.084700	-0.044000
1627306539.674376	0.772800	-0.397300	-0.393100	-0.150600	0.068200	-0.062000
1627306539.684275	0.780800	-0.379400	-0.393300	-0.187000	0.050500	-0.063900
1627306539.688158	0.785000	-0.361300	-0.390600	-0.173800	0.035200	-0.056200
1627306539.700436	0.785800	-0.352700	-0.396100	-0.067200	0.027000	-0.046500
1627306539.715361	0.795000	-0.350800	-0.402500	-0.043700	0.027000	-0.030300
1627306539.717480	0.795300	-0.347500	-0.405500	-0.041000	0.031900	-0.011600
1627306539.740663	0.787200	-0.347800	-0.406000	0.033500	0.045300	0.003300
1627306539.741491	0.780200	-0.351700	-0.400000	0.114500	0.060300	0.018600
1627306539.748195	0.785800	-0.360500	-0.380700	0.173400	0.075500	0.036600
1627306539.769003	0.793700	-0.369000	-0.362500	0.211300	0.082300	0.048800
1627306539.780004	0.805500	-0.385000	-0.351600	0.249500	0.079800	0.050100
1627306539.780895	0.812600	-0.401100	-0.345500	0.268700	0.072500	0.040000
1627306539.790854	0.826900	-0.406700	-0.343600	0.249500	0.064200	0.014600
1627306539.807909	0.826900	-0.406700	-0.343600	0.249500	0.064200	0.014600
1627306539.821078	0.879600	-0.376100	-0.343000	0.217700	0.036400	-0.039400
1627306539.821728	0.879600	-0.376100	-0.343000	0.217700	0.036400	-0.039400
1627306539.840705	0.898300	-0.348900	-0.343300	0.204600	0.015100	-0.046800
1627306539.841521	0.897700	-0.325700	-0.339200	0.198200	-0.006600	-0.033300
1627306539.848218	0.897900	-0.308500	-0.330900	0.194500	-0.030100	-0.001900
1627306539.869072	0.896700	-0.305900	-0.323600	0.204000	-0.063100	0.037500
1627306539.870259	0.887000	-0.308800	-0.313800	0.216500	-0.102800	0.078500
1627306539.885846	0.880200	-0.315700	-0.305500	0.195400	-0.150200	0.122400
1627306539.892790	0.882000	-0.338600	-0.304000	0.208900	-0.210400	0.160600
1627306539.911089	0.864600	-0.364300	-0.314200	0.205800	-0.273900	0.181100
1627306539.911992	0.859700	-0.382900	-0.324300	0.153000	-0.330700	0.190300
1627306539.920755	0.855800	-0.396000	-0.333300	0.158800	-0.386900	0.182600
1627306539.938873	0.848100	-0.408400	-0.350800	0.169200	-0.438200	0.164600
1627306539.946411	0.844100	-0.413100	-0.372400	0.126100	-0.489200	0.149900
1627306539.947290	0.831900	-0.415600	-0.394000	0.108700	-0.534700	0.140200
1627306539.968205	0.808000	-0.425500	-0.427400	0.148700	-0.576000	0.123700
1627306539.969317	0.794100	-0.443600	-0.458600	0.175300	-0.605600	0.104400
1627306539.979233	0.786700	-0.458900	-0.480800	0.181100	-0.620900	0.084300
1627306539.988826	0.778300	-0.465200	-0.503700	0.212200	-0.623000	0.059800
1627306540.001760	0.771100	-0.480700	-0.521600	0.264500	-0.614700	0.032000
1627306540.012670	0.767800	-0.494300	-0.534500	0.317000	-0.598900	-0.002800
1627306540.013631	0.764200	-0.496300	-0.541000	0.341400	-0.574400	-0.040300
1627306540.037956	0.758500	-0.480600	-0.540800	0.362500	-0.545700	-0.080100
1627306540.039078	0.751300	-0.462900	-0.534700	0.414400	-0.526200	-0.103900
1627306540.046566	0.748000	-0.452100	-0.534500	0.453500	-0.513600	-0.108200
1627306540.069765	0.745600	-0.454000	-0.538900	0.463600	-0.506600	-0.101100
1627306540.070794	0.743900	-0.471900	-0.549900	0.483800	-0.497800	-0.094100
1627306540.081813	0.743700	-0.500200	-0.566300	0.508200	-0.486800	-0.102000
1627306540.086863	0.738400	-0.528000	-0.577600	0.516700	-0.468100	-0.124300
1627306540.099180	0.736600	-0.552000	-0.581700	0.523800	-0.438800	-0.177200
1627306540.114792	0.734600	-0.559200	-0.574000	0.542700	-0.414700	-0.232200
1627306540.117518	0.738000	-0.551400	-0.568400	0.560400	-0.392400	-0.291400
1627306540.140978	0.743300	-0.532300	-0.557000	0.577500	-0.375900	-0.345800
1627306540.141793	0.743900	-0.505400	-0.549000	0.598300	-0.366700	-0.387600
1627306540.148216	0.748200	-0.472700	-0.541900	0.627600	-0.362800	-0.412100
1627306540.168938	0.755200	-0.440200	-0.542800	0.655700	-0.364600	-0.413600
1627306540.184634	0.755000	-0.405500	-0.539300	0.671900	-0.370700	-0.388200
1627306540.186289	0.737500	-0.378900	-0.530200	0.660300	-0.375300	-0.348500
1627306540.203456	0.752900	-0.380700	-0.524400	0.743700	-0.384400	-0.311900
1627306540.204449	0.757900	-0.400300	-0.515700	0.829200	-0.396700	-0.281900
