1627307132.166698	0.486000	-0.554800	-0.687000	-0.059600	0.002800	-0.030600
1627307132.167632	0.663300	-0.238000	-0.621600	-0.345200	0.097800	0.463600
1627307132.168456	0.668900	-0.252900	-0.609900	-0.374200	0.077700	0.474600
1627307132.169268	0.671500	-0.250100	-0.609400	-0.447800	0.054800	0.473100
1627307132.169971	0.674100	-0.228900	-0.614100	-0.504600	0.035200	0.474600
1627307132.170599	0.674800	-0.205000	-0.630500	-0.519600	0.018700	0.485300
1627307132.171224	0.680200	-0.184200	-0.651000	-0.489400	0.007100	0.506400
1627307132.171844	0.677600	-0.171400	-0.674000	-0.464600	0.005300	0.529300
1627307132.172468	0.678200	-0.151500	-0.684600	-0.461300	0.012600	0.557100
1627307132.173092	0.675900	-0.149200	-0.687600	-0.378800	0.029400	0.594300
1627307132.173639	0.677000	-0.137300	-0.663700	-0.355900	0.049000	0.631600
1627307132.174185	0.673700	-0.138200	-0.629000	-0.318900	0.048400	0.683500
1627307132.174724	0.677900	-0.173000	-0.609400	-0.219700	0.034600	0.736400
1627307132.175267	0.676500	-0.213000	-0.601800	-0.230300	0.006200	0.773600
1627307132.175811	0.678600	-0.236700	-0.607500	-0.295700	-0.033200	0.797500
1627307132.176328	0.678200	-0.241800	-0.637100	-0.318000	-0.076300	0.807800
1627307132.176813	0.659300	-0.233900	-0.692700	-0.299400	-0.106800	0.834700
1627307132.177296	0.662700	-0.237300	-0.731600	-0.191300	-0.107400	0.853700
1627307132.177778	0.667100	-0.241900	-0.768400	-0.168300	-0.097600	0.871400
1627307132.178262	0.660300	-0.239300	-0.807900	-0.201900	-0.078700	0.896700
1627307132.178735	0.655400	-0.240600	-0.832600	-0.144800	-0.039600	0.924500
1627307132.179175	0.658100	-0.267500	-0.840600	-0.053500	0.011700	0.944400
1627307132.179621	0.655200	-0.292400	-0.835200	-0.080700	0.055700	0.959900
1627307132.180061	0.652300	-0.309700	-0.825300	-0.155800	0.105800	0.966400
1627307132.180497	0.645900	-0.314800	-0.809800	-0.175400	0.143000	0.967000
1627307132.180889	0.643100	-0.311800	-0.786100	-0.205000	0.171100	0.973100
1627307132.181280	0.642800	-0.318800	-0.766200	-0.203800	0.191300	0.994200
1627307132.181704	0.638100	-0.350200	-0.732800	-0.077900	0.216000	1.011300
1627307132.182097	0.650600	-0.392600	-0.691200	-0.039100	0.224600	0.996600
1627307132.182490	0.655600	-0.400500	-0.654400	-0.214800	0.205600	0.981600
1627307132.182927	0.655900	-0.387800	-0.636800	-0.282000	0.170500	0.968800
1627307132.183316	0.656600	-0.397000	-0.642600	-0.222400	0.139700	0.961500
1627307132.183708	0.651700	-0.408900	-0.665000	-0.252000	0.111900	0.960200
1627307132.184131	0.642600	-0.411300	-0.691200	-0.272200	0.095400	0.955400
1627307132.184522	0.639000	-0.413300	-0.712900	-0.216900	0.092000	0.951400
1627307132.184939	0.638100	-0.422400	-0.732400	-0.185800	0.099700	0.951700
1627307132.185412	0.633900	-0.435300	-0.747700	-0.166800	0.120400	0.955700
1627307132.185806	0.629200	-0.455100	-0.749100	-0.135100	0.147300	0.952900
1627307132.186230	0.629300	-0.476100	-0.742400	-0.150900	0.171400	0.945900
1627307132.186623	0.622800	-0.500000	-0.733900	-0.155500	0.191900	0.938600
1627307132.187019	0.629200	-0.535400	-0.732100	-0.116700	0.200800	0.927000
1627307132.187455	0.629300	-0.579000	-0.744400	-0.089200	0.202600	0.904400
1627307132.187843	0.623000	-0.602200	-0.759300	-0.092000	0.214500	0.861900
1627307132.188238	0.616300	-0.598000	-0.759500	-0.073700	0.248100	0.804800
1627307132.188675	0.613800	-0.590200	-0.734600	0.022500	0.276200	0.763600
1627307132.189068	0.624500	-0.601700	-0.703900	0.124600	0.290600	0.736700
1627307132.189505	0.622900	-0.614100	-0.673200	0.139800	0.299700	0.690900
1627307132.189898	0.635300	-0.601600	-0.630400	0.033200	0.294500	0.640500
1627307132.190290	0.635500	-0.562100	-0.599000	-0.111500	0.270700	0.597700
1627307132.190725	0.615500	-0.522900	-0.576300	-0.219000	0.238300	0.582100
1627307132.191116	0.626600	-0.518200	-0.561800	-0.189100	0.203800	0.587300
1627307132.191507	0.609300	-0.546400	-0.555400	-0.136600	0.173900	0.580900
1627307132.191933	0.616100	-0.578400	-0.546400	-0.194300	0.133300	0.565600
1627307132.192323	0.621000	-0.597800	-0.546900	-0.278300	0.084400	0.539700
1627307132.192714	0.623300	-0.612200	-0.558700	-0.278300	0.037400	0.508200
1627307132.193149	0.614400	-0.624300	-0.581400	-0.213600	0.003800	0.460300
1627307132.193541	0.610600	-0.619800	-0.593600	-0.187600	-0.014600	0.406800
1627307132.193957	0.620500	-0.600600	-0.606700	-0.189400	-0.044500	0.363400
1627307132.194372	0.605200	-0.599700	-0.631000	-0.088000	-0.062800	0.342700
1627307132.194835	0.593900	-0.624400	-0.655600	0.080000	-0.057900	0.313000
1627307132.195271	0.605600	-0.666100	-0.657700	0.233000	-0.047200	0.274600
1627307132.195664	0.603500	-0.685900	-0.669700	0.217700	-0.049100	0.197000
1627307132.196055	0.600200	-0.671400	-0.630500	0.121500	-0.057300	0.142000
1627307132.196494	0.609000	-0.674800	-0.635300	0.186600	-0.091200	0.086100
1627307132.196915	0.582300	-0.689800	-0.645800	0.293500	-0.109900	0.014300
1627307132.197330	0.582300	-0.689800	-0.645800	0.293500	-0.109900	0.014300
1627307132.197767	0.565100	-0.699500	-0.611500	0.342000	-0.098600	-0.044900
1627307132.198160	0.569200	-0.705000	-0.529500	0.429400	-0.091500	-0.121300
1627307132.198549	0.598300	-0.708900	-0.452000	0.404000	-0.139200	-0.198300
1627307132.198985	0.617300	-0.688700	-0.434700	0.190500	-0.253400	-0.270600
1627307132.199377	0.584400	-0.630400	-0.501700	-0.059600	-0.377700	-0.330800
1627307132.199804	0.545700	-0.544700	-0.580700	-0.164100	-0.417100	-0.347300
1627307132.200269	0.543700	-0.514200	-0.600200	0.078100	-0.404600	-0.318000
1627307132.200754	0.557500	-0.572000	-0.586900	0.387800	-0.406100	-0.300000
1627307132.201331	0.560300	-0.646600	-0.590100	0.355500	-0.435800	-0.315800
1627307132.201826	0.558500	-0.681000	-0.599900	0.069300	-0.464800	-0.351900
1627307132.202313	0.549200	-0.675800	-0.615100	-0.017800	-0.481600	-0.409900
1627307132.202751	0.543600	-0.665900	-0.625100	0.120900	-0.490700	-0.472200
1627307132.203198	0.541000	-0.647900	-0.636000	0.160000	-0.505400	-0.530600
1627307132.203644	0.542700	-0.615700	-0.635700	0.087600	-0.517600	-0.563600
1627307132.204094	0.547100	-0.591900	-0.641100	0.149300	-0.529200	-0.584900
1627307132.204540	0.541700	-0.581100	-0.653800	0.258300	-0.533200	-0.603600
1627307132.204990	0.537200	-0.575100	-0.655300	0.280300	-0.528600	-0.623100
1627307132.205440	0.536600	-0.565600	-0.648600	0.281600	-0.525300	-0.642700
1627307132.205887	0.531500	-0.548500	-0.627800	0.304800	-0.523700	-0.667400
1627307132.206338	0.545300	-0.523800	-0.604400	0.299300	-0.550600	-0.686000
1627307132.206785	0.550400	-0.498200	-0.617200	0.212200	-0.590300	-0.694000
1627307132.207229	0.541700	-0.453900	-0.664400	0.071100	-0.617200	-0.686600
1627307132.207715	0.532700	-0.392100	-0.716400	-0.001300	-0.611100	-0.660400
1627307132.208193	0.532200	-0.343400	-0.751200	0.060100	-0.575600	-0.614300
1627307132.208647	0.543300	-0.267100	-0.767300	0.070800	-0.534100	-0.563200
1627307132.209098	0.533000	-0.161400	-0.773600	-0.087700	-0.483100	-0.464600
1627307132.209550	0.531200	-0.093500	-0.749500	0.025000	-0.436400	-0.317400
1627307132.210175	0.525300	-0.145400	-0.731000	0.385700	-0.422900	-0.183900
1627307132.210634	0.529500	-0.252400	-0.724900	0.601300	-0.431800	-0.085600
1627307132.211091	0.502000	-0.306900	-0.715100	0.431200	-0.446800	-0.016500
1627307132.211522	0.505900	-0.352400	-0.679200	0.342000	-0.455000	0.038500
1627307132.211928	0.503700	-0.482300	-0.679900	0.964500	-0.485200	0.058600
1627307132.212335	0.489600	-0.777500	-0.784800	1.940100	-0.495600	-0.000000
1627307132.212743	0.473300	-0.947800	-0.872300	1.873800	-0.464800	-0.192800
1627307132.213192	0.477800	-0.829800	-0.857800	0.525300	-0.413200	-0.313100
1627307132.213596	0.493800	-0.551500	-0.730000	0.338100	-0.379600	-0.411100
1627307132.214000	0.488000	-0.371200	-0.633700	1.047600	-0.393000	-0.428900
1627307132.234113	0.486000	-0.331900	-0.615600	1.247600	-0.440600	-0.351000
1627307132.234970	0.484400	-0.349200	-0.614600	1.035400	-0.475800	-0.254800
1627307132.235751	0.470100	-0.415600	-0.575400	1.038100	-0.494400	-0.186700
1627307132.245623	0.466200	-0.499800	-0.530200	1.066200	-0.523100	-0.163100
1627307132.276511	0.479100	-0.557300	-0.491600	0.659100	-0.577800	-0.155800
1627307132.278790	0.485100	-0.556600	-0.486700	0.186000	-0.660600	-0.158900
1627307132.279689	0.473100	-0.568700	-0.580200	0.115100	-0.736300	-0.183000
1627307132.285767	0.461300	-0.585800	-0.648400	0.114200	-0.757700	-0.212900
1627307132.310120	0.460800	-0.572400	-0.669800	-0.156100	-0.762600	-0.232800
1627307132.311035	0.460200	-0.532800	-0.690300	-0.455100	-0.759200	-0.227900
1627307132.314386	0.469000	-0.500900	-0.704600	-0.451500	-0.755200	-0.223000
1627307132.340275	0.450900	-0.474900	-0.692700	-0.417900	-0.753400	-0.201300
1627307132.341162	0.465900	-0.464100	-0.694700	-0.410900	-0.764700	-0.178100
1627307132.344369	0.441000	-0.465800	-0.695700	-0.356800	-0.767500	-0.166500
1627307132.354415	0.457800	-0.481900	-0.693000	-0.252300	-0.779700	-0.156400
1627307132.383861	0.467300	-0.511400	-0.712800	-0.155500	-0.808400	-0.138400
1627307132.384617	0.464700	-0.553000	-0.796500	-0.143900	-0.841400	-0.119800
1627307132.385579	0.455400	-0.607700	-0.935800	0.031100	-0.829200	-0.145400
1627307132.416414	0.432900	-0.623300	-0.970000	0.246700	-0.732300	-0.218400
1627307132.417309	0.423100	-0.576200	-0.889400	0.281900	-0.641300	-0.280400
1627307132.418117	0.432700	-0.513800	-0.828400	0.268100	-0.595500	-0.302100
1627307132.428419	0.427600	-0.436200	-0.772900	0.225100	-0.582100	-0.280700
1627307132.442899	0.430400	-0.367700	-0.736100	0.255300	-0.599200	-0.209300
1627307132.443786	0.428700	-0.383300	-0.732400	0.512200	-0.630600	-0.106900
1627307132.454486	0.414800	-0.473300	-0.756100	0.726600	-0.648600	-0.044900
1627307132.483858	0.420300	-0.554600	-0.770600	0.696900	-0.659900	-0.017700
1627307132.484750	0.410900	-0.602300	-0.804800	0.584900	-0.672800	-0.022000
1627307132.486977	0.404900	-0.609700	-0.831300	0.540600	-0.665400	-0.043700
1627307132.513934	0.390900	-0.595600	-0.852700	0.588800	-0.648300	-0.074600
1627307132.514829	0.390000	-0.577900	-0.873900	0.648700	-0.611400	-0.090700
1627307132.515885	0.376000	-0.574600	-0.874600	0.801400	-0.572300	-0.109400
1627307132.525847	0.371000	-0.591900	-0.885300	0.817600	-0.531100	-0.116400
1627307132.549151	0.378100	-0.622700	-0.891800	0.871000	-0.488000	-0.132300
1627307132.550043	0.385500	-0.641500	-0.877000	0.899100	-0.450100	-0.155500
1627307132.553124	0.389300	-0.630200	-0.854400	0.809300	-0.422000	-0.168300
1627307132.590089	0.393600	-0.610800	-0.829300	0.758000	-0.405200	-0.172900
1627307132.590982	0.382900	-0.610800	-0.805100	0.844500	-0.391500	-0.178100
1627307132.591792	0.387500	-0.616100	-0.788700	0.831600	-0.380800	-0.184200
1627307132.594359	0.379200	-0.632800	-0.785300	0.771500	-0.374400	-0.187600
1627307132.609309	0.382700	-0.670500	-0.792100	0.813000	-0.360000	-0.210200
1627307132.632847	0.379400	-0.716800	-0.798800	0.799600	-0.346300	-0.249600
1627307132.633741	0.376100	-0.719100	-0.789700	0.633100	-0.338600	-0.292000
1627307132.634558	0.381200	-0.708400	-0.774400	0.572000	-0.344100	-0.328400
1627307132.643164	0.380600	-0.723500	-0.757600	0.580900	-0.360000	-0.369600
1627307132.671575	0.382600	-0.743500	-0.757300	0.501200	-0.382600	-0.403500
1627307132.672487	0.392600	-0.766600	-0.768300	0.427900	-0.397900	-0.442600
1627307132.674423	0.386700	-0.775400	-0.767500	0.372300	-0.406400	-0.494500
1627307132.693627	0.394700	-0.770100	-0.785600	0.237900	-0.409200	-0.538200
1627307132.694383	0.392500	-0.757100	-0.792500	0.181100	-0.400600	-0.579400
1627307132.704385	0.394800	-0.746300	-0.811600	0.153900	-0.388400	-0.614900
1627307132.730032	0.398900	-0.718300	-0.805500	0.093100	-0.368000	-0.650600
1627307132.730936	0.393400	-0.697100	-0.803500	0.093100	-0.359700	-0.670800
1627307132.733254	0.380500	-0.687000	-0.819600	0.069300	-0.353900	-0.677500
1627307132.763784	0.393900	-0.689200	-0.842800	0.079400	-0.342000	-0.682100
1627307132.764677	0.390100	-0.704200	-0.851900	0.156900	-0.325200	-0.691800
1627307132.766844	0.391600	-0.732200	-0.844700	0.214100	-0.310800	-0.712000
1627307132.774407	0.389600	-0.751300	-0.846900	0.167900	-0.302900	-0.748600
1627307132.805140	0.388400	-0.752100	-0.856700	0.118800	-0.285500	-0.796300
1627307132.806032	0.381700	-0.741600	-0.855700	0.143200	-0.269000	-0.836600
1627307132.806985	0.374500	-0.727800	-0.862200	0.124600	-0.247000	-0.875700
1627307132.833953	0.383900	-0.701500	-0.849700	0.109900	-0.223500	-0.909900
1627307132.834854	0.394200	-0.674900	-0.841400	0.078400	-0.207300	-0.931000
1627307132.835784	0.395600	-0.646100	-0.835400	0.033200	-0.193900	-0.935000
1627307132.852799	0.393300	-0.622200	-0.842300	0.010600	-0.180100	-0.921200
1627307132.853678	0.405200	-0.609300	-0.826800	0.061300	-0.161200	-0.904700
1627307132.864414	0.407100	-0.623200	-0.812500	0.085800	-0.158100	-0.886400
1627307132.893893	0.415500	-0.644800	-0.789900	0.060700	-0.158400	-0.884300
1627307132.894798	0.417600	-0.659100	-0.774200	0.001800	-0.170600	-0.896800
1627307132.895700	0.412000	-0.651000	-0.780800	-0.117900	-0.185300	-0.915700
1627307132.905598	0.411900	-0.613400	-0.808600	-0.254200	-0.188400	-0.925800
1627307132.937185	0.418800	-0.563600	-0.859600	-0.266400	-0.167600	-0.912700
1627307132.939001	0.422600	-0.543900	-0.888200	-0.188200	-0.125400	-0.892500
1627307132.939901	0.415400	-0.552500	-0.889500	-0.092600	-0.079900	-0.873000
1627307132.943236	0.412700	-0.588100	-0.870800	-0.003700	-0.046600	-0.869600
1627307132.953163	0.412400	-0.610400	-0.847400	-0.053800	-0.031100	-0.878800
1627307132.968060	0.415500	-0.597900	-0.812400	-0.153100	-0.027100	-0.897400
1627307132.988718	0.415300	-0.572800	-0.793800	-0.197100	-0.040800	-0.906200
1627307132.989601	0.413300	-0.547900	-0.807000	-0.293300	-0.055200	-0.898000
1627307132.993153	0.408800	-0.531200	-0.828400	-0.369600	-0.054900	-0.882700
1627307133.013734	0.419700	-0.522500	-0.852100	-0.352800	-0.047200	-0.870500
1627307133.014683	0.401200	-0.525500	-0.872700	-0.350700	-0.020700	-0.865900
1627307133.044037	0.408000	-0.535300	-0.857100	-0.336900	0.017200	-0.869600
1627307133.045039	0.403300	-0.550900	-0.835800	-0.369300	0.045300	-0.888500
1627307133.045855	0.395100	-0.542100	-0.814500	-0.515300	0.061800	-0.913000
1627307133.053166	0.398800	-0.501800	-0.804400	-0.653700	0.082300	-0.939200
1627307133.080155	0.401500	-0.450900	-0.794300	-0.745300	0.102700	-0.950500
1627307133.081044	0.394700	-0.398900	-0.786100	-0.807600	0.117700	-0.941100
1627307133.083150	0.399700	-0.372800	-0.779700	-0.776200	0.144600	-0.921200
1627307133.091862	0.397800	-0.357800	-0.767300	-0.776800	0.166600	-0.902900
1627307133.122846	0.396500	-0.335400	-0.752900	-0.821700	0.185500	-0.876900
1627307133.126527	0.400300	-0.305800	-0.741100	-0.816800	0.204400	-0.848500
1627307133.127418	0.397100	-0.268900	-0.722800	-0.836000	0.221200	-0.803600
1627307133.135976	0.403300	-0.238400	-0.699100	-0.802700	0.224000	-0.759000
1627307133.143208	0.403600	-0.218100	-0.680800	-0.768500	0.216600	-0.706200
1627307133.157950	0.410300	-0.200100	-0.672100	-0.749000	0.208400	-0.654600
1627307133.178723	0.403800	-0.182900	-0.674600	-0.736800	0.201400	-0.601700
1627307133.179606	0.416400	-0.165200	-0.680500	-0.687000	0.198000	-0.544300
1627307133.181909	0.415000	-0.165300	-0.687000	-0.564800	0.200500	-0.480200
1627307133.208879	0.421100	-0.174000	-0.680100	-0.455500	0.197400	-0.421500
1627307133.209791	0.416900	-0.170800	-0.655200	-0.398600	0.180300	-0.379100
1627307133.211874	0.426600	-0.133300	-0.626700	-0.459400	0.145200	-0.317100
1627307133.223258	0.416700	-0.086100	-0.627800	-0.453000	0.101200	-0.233700
1627307133.241415	0.418200	-0.076200	-0.663900	-0.340900	0.074000	-0.139900
1627307133.242309	0.413900	-0.100500	-0.693500	-0.209600	0.075500	-0.054100
1627307133.253239	0.418100	-0.149500	-0.710800	-0.125900	0.087100	0.025900
1627307133.282562	0.414200	-0.182100	-0.711100	-0.109100	0.098100	0.073300
1627307133.283451	0.413000	-0.187000	-0.708500	-0.109100	0.114900	0.102000
1627307133.284245	0.416000	-0.164400	-0.695300	-0.138100	0.128700	0.137700
1627307133.294301	0.420000	-0.160800	-0.684200	-0.062400	0.129300	0.185400
1627307133.325767	0.418100	-0.184300	-0.693800	-0.007100	0.127800	0.229700
1627307133.327751	0.421900	-0.192700	-0.706300	-0.058100	0.130200	0.263600
1627307133.328634	0.422600	-0.189700	-0.711100	-0.066900	0.140900	0.295300
1627307133.332084	0.431800	-0.196300	-0.704500	0.005400	0.160100	0.305700
1627307133.351345	0.441800	-0.202600	-0.685800	0.023500	0.173300	0.317000
1627307133.352239	0.445600	-0.199000	-0.661500	0.003000	0.168400	0.329500
1627307133.381183	0.451300	-0.181800	-0.659700	-0.057500	0.147300	0.347900
1627307133.382229	0.451500	-0.140600	-0.665000	-0.112500	0.126800	0.384500
1627307133.383706	0.450100	-0.098800	-0.667400	-0.082500	0.109100	0.450800
1627307133.410138	0.454700	-0.081500	-0.665500	-0.005900	0.085900	0.552200
1627307133.411031	0.457400	-0.114100	-0.667100	0.111700	0.062100	0.645000
1627307133.413114	0.456400	-0.175000	-0.677200	0.200300	0.039800	0.715000
1627307133.423270	0.461800	-0.239600	-0.700700	0.202100	0.023900	0.760200
1627307133.438832	0.472400	-0.282300	-0.729600	0.191100	0.017500	0.777000
1627307133.462482	0.464000	-0.301400	-0.762500	0.173400	0.029400	0.781000
1627307133.463370	0.479000	-0.305500	-0.787800	0.197300	0.063600	0.780700
1627307133.464197	0.487500	-0.307900	-0.793200	0.266900	0.101500	0.784000
1627307133.473204	0.498700	-0.307300	-0.768200	0.308400	0.129600	0.789200
1627307133.508937	0.514800	-0.306800	-0.733300	0.335300	0.137200	0.803300
1627307133.509826	0.523900	-0.315800	-0.702600	0.347200	0.124700	0.818800
1627307133.510643	0.530900	-0.316500	-0.692100	0.295900	0.096900	0.838700
1627307133.513093	0.520000	-0.299300	-0.704100	0.217400	0.061800	0.869500
1627307133.528506	0.508800	-0.267000	-0.746100	0.154200	0.041900	0.932800
1627307133.544525	0.498800	-0.265600	-0.794700	0.221400	0.044100	1.005800
1627307133.562552	0.486700	-0.305800	-0.821500	0.324000	0.066700	1.073300
1627307133.563439	0.486900	-0.369300	-0.828200	0.377800	0.094200	1.122400
1627307133.564383	0.484700	-0.437900	-0.818100	0.406500	0.114300	1.144700
1627307133.595236	0.484400	-0.499900	-0.797400	0.457800	0.118900	1.139500
1627307133.597476	0.485100	-0.550000	-0.782000	0.435800	0.111600	1.113000
1627307133.598352	0.478400	-0.580800	-0.776100	0.344500	0.087100	1.072300
1627307133.600700	0.469500	-0.588500	-0.799300	0.300800	0.071000	1.025300
1627307133.639114	0.463400	-0.569300	-0.827100	0.239100	0.073400	0.989900
1627307133.640255	0.460600	-0.530500	-0.834200	0.218600	0.085300	0.974300
1627307133.641523	0.458400	-0.511700	-0.825900	0.270300	0.099100	0.980700
1627307133.642392	0.457400	-0.512700	-0.806900	0.284900	0.106400	0.995700
1627307133.657405	0.455600	-0.532200	-0.783000	0.255000	0.100600	1.015200
1627307133.681262	0.450200	-0.572400	-0.792400	0.178000	0.085900	1.031100
1627307133.682147	0.443400	-0.608600	-0.809100	0.124600	0.085300	1.035100
1627307133.682973	0.438200	-0.637800	-0.826900	0.063800	0.092000	1.026500
1627307133.691870	0.429400	-0.650300	-0.838900	0.001800	0.108800	1.010000
1627307133.707342	0.425500	-0.665000	-0.849900	0.006100	0.127200	0.988700
1627307133.725173	0.424200	-0.701500	-0.859000	0.029900	0.151000	0.959600
1627307133.726062	0.425800	-0.724100	-0.850100	-0.021100	0.174500	0.918100
1627307133.730704	0.429100	-0.734400	-0.842000	-0.079800	0.189500	0.862200
1627307133.740700	0.431500	-0.726800	-0.834700	-0.151900	0.198900	0.811200
1627307133.767581	0.432700	-0.703400	-0.836400	-0.245000	0.208400	0.773600
1627307133.768480	0.426300	-0.677100	-0.844400	-0.285300	0.222400	0.749800
1627307133.770698	0.425800	-0.670900	-0.847300	-0.252000	0.240800	0.739400
1627307133.797489	0.428100	-0.683800	-0.844500	-0.233400	0.256400	0.727800
1627307133.798371	0.424100	-0.696300	-0.841800	-0.277400	0.272800	0.708000
1627307133.800691	0.425900	-0.694700	-0.833100	-0.314300	0.285100	0.680800
1627307133.810663	0.420300	-0.690300	-0.833400	-0.328100	0.291200	0.659400
1627307133.837929	0.421100	-0.694100	-0.862700	-0.363800	0.301600	0.641700
1627307133.838806	0.425200	-0.691700	-0.879000	-0.359500	0.327800	0.623400
1627307133.840843	0.419200	-0.690300	-0.876700	-0.343400	0.357100	0.602600
1627307133.873802	0.416700	-0.682000	-0.861700	-0.387300	0.384900	0.580600
1627307133.874696	0.421800	-0.660800	-0.839200	-0.452400	0.406300	0.563500
1627307133.875850	0.424600	-0.644200	-0.831400	-0.455500	0.417900	0.551000
1627307133.884465	0.429900	-0.643600	-0.829100	-0.437700	0.426500	0.543600
1627307133.899935	0.427400	-0.659700	-0.828000	-0.421900	0.431100	0.535100
1627307133.917555	0.430800	-0.673600	-0.824700	-0.456400	0.430400	0.513400
1627307133.918441	0.429100	-0.673500	-0.842500	-0.549500	0.427100	0.488700
1627307133.920832	0.425800	-0.648400	-0.881000	-0.634400	0.435600	0.468200
1627307133.930850	0.417000	-0.593100	-0.922900	-0.659800	0.473800	0.462400
1627307133.960150	0.412500	-0.558000	-0.928500	-0.600200	0.520900	0.482600
1627307133.961044	0.412700	-0.560800	-0.900300	-0.465200	0.561800	0.512500
1627307133.961930	0.410300	-0.606600	-0.857400	-0.372700	0.589000	0.532600
1627307133.970606	0.417700	-0.659700	-0.812900	-0.382800	0.592900	0.525600
1627307134.001304	0.428300	-0.699300	-0.789900	-0.471600	0.578300	0.492000
1627307134.002194	0.430100	-0.697000	-0.782700	-0.586500	0.564200	0.437700
1627307134.003223	0.436500	-0.658400	-0.778400	-0.691900	0.549000	0.382400
1627307134.026604	0.438800	-0.615800	-0.773200	-0.723000	0.541600	0.354000
1627307134.027493	0.438600	-0.590200	-0.764400	-0.705900	0.533400	0.339600
1627307134.029589	0.437500	-0.586700	-0.752900	-0.692200	0.515700	0.332900
1627307134.060511	0.440400	-0.591900	-0.740700	-0.711100	0.490000	0.322500
1627307134.061399	0.447000	-0.590100	-0.734600	-0.801500	0.455800	0.313000
1627307134.062200	0.447400	-0.576200	-0.752300	-0.876600	0.417600	0.305100
1627307134.092508	0.449100	-0.575700	-0.785500	-0.888600	0.386800	0.296200
1627307134.093385	0.450000	-0.581900	-0.823900	-0.896800	0.384300	0.286200
1627307134.094177	0.456200	-0.579500	-0.839500	-0.896200	0.398100	0.270600
1627307134.104410	0.463000	-0.575600	-0.835000	-0.875700	0.421000	0.252000
1627307134.135778	0.477200	-0.574200	-0.817000	-0.851900	0.435600	0.233300
1627307134.138974	0.490600	-0.568200	-0.803000	-0.856800	0.441700	0.215300
1627307134.139870	0.497900	-0.545800	-0.789900	-0.879400	0.436600	0.201600
1627307134.140869	0.501200	-0.513900	-0.796000	-0.934400	0.432300	0.202500
1627307134.151923	0.505100	-0.485100	-0.809400	-0.926700	0.437800	0.215600
1627307134.177564	0.510500	-0.479100	-0.807100	-0.802100	0.449100	0.234200
1627307134.178447	0.513500	-0.500500	-0.798500	-0.712300	0.458200	0.249200
1627307134.179243	0.517800	-0.527800	-0.776900	-0.657300	0.461600	0.250400
1627307134.189033	0.518300	-0.555500	-0.748200	-0.622500	0.457300	0.232100
1627307134.212251	0.518100	-0.573700	-0.714000	-0.654600	0.438700	0.200600
1627307134.213146	0.524900	-0.579000	-0.710000	-0.703800	0.416700	0.161800
1627307134.223360	0.524000	-0.568700	-0.718300	-0.740700	0.401400	0.123700
1627307134.233446	0.525800	-0.547500	-0.721400	-0.737100	0.393200	0.091000
1627307134.248415	0.518800	-0.519400	-0.720600	-0.729700	0.387400	0.069300
1627307134.250642	0.515500	-0.493400	-0.714100	-0.714200	0.383400	0.061400
1627307134.265799	0.513100	-0.480000	-0.688100	-0.635700	0.376700	0.060400
1627307134.266982	0.515700	-0.490700	-0.656100	-0.555000	0.345800	0.058000
1627307134.289396	0.516000	-0.511000	-0.644900	-0.563900	0.306400	0.047000
1627307134.290512	0.506300	-0.526700	-0.648400	-0.597800	0.265500	0.023500
1627307134.305552	0.500000	-0.521400	-0.665500	-0.635700	0.237400	-0.004000
1627307134.313576	0.499300	-0.508400	-0.678500	-0.618600	0.219400	-0.029700
1627307134.333492	0.495000	-0.503700	-0.691900	-0.514400	0.213900	-0.059300
1627307134.334565	0.499600	-0.499400	-0.681400	-0.444200	0.210500	-0.086800
1627307134.338177	0.502000	-0.486500	-0.671600	-0.432200	0.198600	-0.116700
1627307134.356206	0.494400	-0.463700	-0.672600	-0.487800	0.195000	-0.134700
1627307134.368788	0.500200	-0.424600	-0.668700	-0.523600	0.192200	-0.148500
1627307134.369691	0.504000	-0.383300	-0.661600	-0.474700	0.187900	-0.149400
1627307134.384353	0.501200	-0.366700	-0.659500	-0.395000	0.185200	-0.140500
1627307134.406823	0.501200	-0.378700	-0.651000	-0.317700	0.184000	-0.133800
1627307134.408875	0.505700	-0.408800	-0.632400	-0.290800	0.175700	-0.140200
1627307134.409758	0.509300	-0.438000	-0.623700	-0.350100	0.157400	-0.170200
1627307134.420978	0.508800	-0.436400	-0.623500	-0.427700	0.141200	-0.208600
1627307134.425356	0.511400	-0.416600	-0.627000	-0.465500	0.125300	-0.243800
1627307134.441997	0.513500	-0.388200	-0.627400	-0.468300	0.111000	-0.267900
1627307134.454940	0.512700	-0.361800	-0.631800	-0.435900	0.096300	-0.280700
1627307134.455821	0.511100	-0.344600	-0.628300	-0.361400	0.079500	-0.285900
1627307134.478531	0.504300	-0.329500	-0.614000	-0.295100	0.056300	-0.285600
1627307134.479342	0.505100	-0.313600	-0.612900	-0.255100	0.025100	-0.280100
1627307134.489474	0.507700	-0.303800	-0.620400	-0.194300	-0.003000	-0.266700
1627307134.499605	0.505500	-0.309100	-0.636800	-0.099000	-0.024600	-0.254800
1627307134.521798	0.506500	-0.316300	-0.646100	-0.021400	-0.039000	-0.249000
1627307134.523356	0.507600	-0.325300	-0.658300	0.030200	-0.049400	-0.246200
1627307134.537635	0.507700	-0.330900	-0.661900	0.068400	-0.049400	-0.250200
1627307134.538521	0.513800	-0.326800	-0.658800	0.080600	-0.057000	-0.256900
1627307134.542917	0.507000	-0.321300	-0.665600	0.075100	-0.062200	-0.260300
1627307134.565654	0.508200	-0.318700	-0.670900	0.107200	-0.064000	-0.262400
1627307134.577696	0.509900	-0.323500	-0.670800	0.142000	-0.074100	-0.262700
1627307134.578601	0.504200	-0.335800	-0.667500	0.155100	-0.089400	-0.269400
1627307134.589238	0.511500	-0.334600	-0.657100	0.116000	-0.100400	-0.282900
1627307134.611666	0.512700	-0.321900	-0.655000	0.065900	-0.121800	-0.295400
1627307134.623892	0.520400	-0.299200	-0.661100	0.071100	-0.151700	-0.299000
1627307134.624806	0.517200	-0.286400	-0.675200	0.118500	-0.176100	-0.292300
1627307134.634064	0.515600	-0.283400	-0.697800	0.178300	-0.191700	-0.280700
1627307134.645670	0.515600	-0.288000	-0.708400	0.234500	-0.201500	-0.269700
1627307134.649401	0.517700	-0.291100	-0.714100	0.278200	-0.213400	-0.258100
1627307134.664175	0.519700	-0.300000	-0.715100	0.334100	-0.224400	-0.253200
1627307134.667184	0.518900	-0.304700	-0.713100	0.372600	-0.233300	-0.257200
1627307134.688492	0.530200	-0.302900	-0.702900	0.391200	-0.244600	-0.264500
1627307134.689306	0.538800	-0.310700	-0.686600	0.461800	-0.265000	-0.271900
1627307134.703130	0.535400	-0.324500	-0.678800	0.494400	-0.297400	-0.286800
1627307134.706261	0.537600	-0.328900	-0.681200	0.477900	-0.329200	-0.303000
1627307134.728794	0.542200	-0.326000	-0.686000	0.483400	-0.365500	-0.320400
1627307134.729597	0.536400	-0.320600	-0.711500	0.478600	-0.398200	-0.332600
1627307134.738338	0.532000	-0.301800	-0.742400	0.476400	-0.414400	-0.336000
1627307134.749886	0.532300	-0.290000	-0.765300	0.534100	-0.412200	-0.329600
1627307134.773260	0.535400	-0.292700	-0.759200	0.604400	-0.406100	-0.318000
1627307134.774394	0.533700	-0.312000	-0.735500	0.673100	-0.411900	-0.304900
1627307134.790208	0.533800	-0.339000	-0.706500	0.718600	-0.433300	-0.297800
1627307134.791102	0.523900	-0.365600	-0.698100	0.715000	-0.470900	-0.299400
1627307134.794144	0.513700	-0.378800	-0.710600	0.716200	-0.504200	-0.307900
1627307134.815599	0.507900	-0.395800	-0.732900	0.765700	-0.531700	-0.325600
1627307134.818279	0.504300	-0.412200	-0.742300	0.800800	-0.547200	-0.340000
1627307134.832197	0.496500	-0.428300	-0.748900	0.834100	-0.557000	-0.356800
1627307134.833241	0.496000	-0.440300	-0.744100	0.859100	-0.565600	-0.380000
1627307134.857287	0.494300	-0.447300	-0.737900	0.863100	-0.578400	-0.401100
1627307134.858107	0.489700	-0.441800	-0.712000	0.876200	-0.596400	-0.424000
1627307134.869441	0.485500	-0.428800	-0.691900	0.841100	-0.632500	-0.435900
1627307134.876045	0.477300	-0.425500	-0.685800	0.836800	-0.688000	-0.430700
1627307134.896012	0.462800	-0.450300	-0.696700	0.878700	-0.735400	-0.423100
1627307134.898124	0.451500	-0.482800	-0.726900	0.838100	-0.777800	-0.417300
1627307134.907101	0.443000	-0.508100	-0.769900	0.756200	-0.804100	-0.422100
1627307134.914734	0.440300	-0.524500	-0.808100	0.755600	-0.811400	-0.442900
1627307134.933757	0.430500	-0.529400	-0.828500	0.774500	-0.797100	-0.475300
1627307134.937135	0.427000	-0.520300	-0.819000	0.776400	-0.780300	-0.503400
1627307134.950740	0.424900	-0.510000	-0.813700	0.807200	-0.773300	-0.519300
1627307134.954947	0.411300	-0.522300	-0.825100	0.879000	-0.769300	-0.529300
1627307134.978382	0.409200	-0.539200	-0.831700	0.924800	-0.763200	-0.540600
1627307134.979807	0.403400	-0.555700	-0.833300	0.927900	-0.757700	-0.550400
1627307134.989436	0.396900	-0.579800	-0.838000	0.951100	-0.760100	-0.561700
1627307134.997255	0.392100	-0.603900	-0.844000	0.948600	-0.762300	-0.584000
1627307135.017704	0.388500	-0.621900	-0.834700	0.947100	-0.768400	-0.614900
1627307135.018605	0.384400	-0.619400	-0.832500	0.879900	-0.781800	-0.655500
1627307135.029699	0.380200	-0.603400	-0.834500	0.828300	-0.799500	-0.683900
1627307135.031417	0.375900	-0.608600	-0.857100	0.850600	-0.808700	-0.714400
1627307135.056447	0.369800	-0.618800	-0.874400	0.831300	-0.801400	-0.752300
1627307135.057322	0.369100	-0.620400	-0.883400	0.796200	-0.785800	-0.793900
1627307135.070327	0.367400	-0.616500	-0.890000	0.784600	-0.768700	-0.840600
1627307135.092995	0.358600	-0.594700	-0.888100	0.742500	-0.752200	-0.883300
1627307135.096396	0.354200	-0.551800	-0.884900	0.694200	-0.741500	-0.910500
1627307135.097275	0.352100	-0.516700	-0.890400	0.677100	-0.734800	-0.909000
1627307135.111946	0.351000	-0.503500	-0.902000	0.718000	-0.724700	-0.893100
1627307135.115277	0.349600	-0.510300	-0.919300	0.754700	-0.706400	-0.876300
1627307135.139224	0.346100	-0.526400	-0.925900	0.777600	-0.676400	-0.865300
1627307135.140098	0.348800	-0.547900	-0.918300	0.806900	-0.651100	-0.870800
1627307135.147141	0.344200	-0.563500	-0.911600	0.766300	-0.628800	-0.884900
1627307135.159315	0.344500	-0.554200	-0.911400	0.731200	-0.614700	-0.894900
1627307135.182607	0.340300	-0.538800	-0.913700	0.748000	-0.602800	-0.897100
1627307135.183492	0.334600	-0.535900	-0.919700	0.773900	-0.590000	-0.889500
1627307135.187152	0.335400	-0.534900	-0.925700	0.792500	-0.573200	-0.874800
1627307135.202638	0.339400	-0.547600	-0.923100	0.841100	-0.561900	-0.859800
1627307135.228934	0.338500	-0.576400	-0.935400	0.866200	-0.547900	-0.855200
1627307135.229816	0.341300	-0.596600	-0.946200	0.822800	-0.516100	-0.870800
1627307135.230793	0.338700	-0.601900	-0.947900	0.806900	-0.483400	-0.893400
1627307135.239547	0.340600	-0.594000	-0.941000	0.771200	-0.452600	-0.916300
1627307135.248959	0.345500	-0.574000	-0.930500	0.711900	-0.428400	-0.926700
1627307135.269493	0.348100	-0.559200	-0.920400	0.699700	-0.408300	-0.929200
1627307135.272017	0.348900	-0.553500	-0.907700	0.689900	-0.393900	-0.927900
1627307135.279458	0.358600	-0.553600	-0.894500	0.671300	-0.387800	-0.924000
1627307135.290935	0.367800	-0.555400	-0.878100	0.631000	-0.388100	-0.923000
1627307135.291832	0.371100	-0.555300	-0.864400	0.577800	-0.390600	-0.926700
1627307135.314694	0.377400	-0.550200	-0.864100	0.516700	-0.397000	-0.928900
1627307135.317144	0.375900	-0.544200	-0.875000	0.466300	-0.399700	-0.928900
1627307135.328370	0.376700	-0.536700	-0.892500	0.431800	-0.392100	-0.927000
1627307135.337191	0.377700	-0.528300	-0.906400	0.417800	-0.378600	-0.919100
1627307135.358175	0.378300	-0.528900	-0.912200	0.440100	-0.363100	-0.904700
1627307135.359324	0.377100	-0.539200	-0.907300	0.482500	-0.344100	-0.894600
1627307135.374474	0.382400	-0.556300	-0.893600	0.489300	-0.337100	-0.891600
1627307135.378366	0.386700	-0.572400	-0.890100	0.459300	-0.333400	-0.896200
1627307135.392955	0.383700	-0.578700	-0.888900	0.434900	-0.325500	-0.908400
1627307135.404644	0.387500	-0.574700	-0.886100	0.395200	-0.317600	-0.923700
1627307135.405545	0.384500	-0.561300	-0.891800	0.325800	-0.305600	-0.937100
1627307135.428322	0.383300	-0.533000	-0.892300	0.274200	-0.279100	-0.947500
1627307135.437692	0.387700	-0.517500	-0.887600	0.294100	-0.252500	-0.950500
1627307135.438568	0.390300	-0.518100	-0.882800	0.304800	-0.232300	-0.946300
1627307135.450585	0.392700	-0.525100	-0.874500	0.288600	-0.213700	-0.942600
1627307135.473027	0.393300	-0.528600	-0.861300	0.250700	-0.201500	-0.942900
1627307135.477719	0.400800	-0.524400	-0.846100	0.210700	-0.195400	-0.942300
1627307135.478608	0.399300	-0.518900	-0.840500	0.186900	-0.197500	-0.938000
1627307135.488460	0.399700	-0.519200	-0.853600	0.148700	-0.190800	-0.930700
1627307135.494242	0.402200	-0.513300	-0.856300	0.131300	-0.180400	-0.920600
1627307135.516586	0.404400	-0.517000	-0.865600	0.142600	-0.167900	-0.907800
1627307135.525182	0.408200	-0.517300	-0.868300	0.145000	-0.150500	-0.898900
1627307135.526116	0.406500	-0.521000	-0.864600	0.151100	-0.132500	-0.894900
1627307135.535262	0.406100	-0.520900	-0.861800	0.134300	-0.115700	-0.895300
1627307135.559379	0.410300	-0.516600	-0.859900	0.102000	-0.098600	-0.889800
1627307135.567591	0.412700	-0.504600	-0.860600	0.071700	-0.078100	-0.886700
1627307135.568483	0.414300	-0.493800	-0.861000	0.041800	-0.057600	-0.879400
1627307135.576814	0.415800	-0.485400	-0.856000	0.031700	-0.036300	-0.871400
1627307135.597992	0.415500	-0.480800	-0.855700	0.016400	-0.013700	-0.865300
1627307135.610225	0.416100	-0.471700	-0.844500	-0.000400	0.009000	-0.866800
1627307135.611113	0.423700	-0.458500	-0.829800	-0.036100	0.020900	-0.865300
1627307135.615351	0.428800	-0.442900	-0.824700	-0.083100	0.029400	-0.856500
1627307135.639460	0.430500	-0.418900	-0.827800	-0.126500	0.042200	-0.843000
1627307135.647629	0.436000	-0.392800	-0.830300	-0.158900	0.057200	-0.820700
1627307135.648509	0.436000	-0.392800	-0.830300	-0.158900	0.057200	-0.820700
1627307135.659442	0.438800	-0.378900	-0.829300	-0.144200	0.077400	-0.793500
1627307135.681742	0.442000	-0.372200	-0.817100	-0.099000	0.096000	-0.767300
1627307135.685115	0.451300	-0.375900	-0.807300	-0.096600	0.107900	-0.742200
1627307135.686007	0.448700	-0.370500	-0.793800	-0.132000	0.115500	-0.718400
1627307135.695619	0.450900	-0.356100	-0.782800	-0.146000	0.121000	-0.692100
1627307135.701505	0.445100	-0.342900	-0.775400	-0.141800	0.122000	-0.659500
1627307135.720719	0.444900	-0.344200	-0.779500	-0.124700	0.122900	-0.628000
1627307135.724581	0.443500	-0.357200	-0.790500	-0.097500	0.128400	-0.604800
1627307135.730956	0.445400	-0.367800	-0.792100	-0.105400	0.138500	-0.590400
1627307135.756464	0.453700	-0.362100	-0.782000	-0.144200	0.146700	-0.583400
1627307135.757347	0.457300	-0.340000	-0.774800	-0.192800	0.154900	-0.573000
1627307135.761663	0.453900	-0.302700	-0.760600	-0.205600	0.164700	-0.549200
1627307135.785702	0.458700	-0.279700	-0.755400	-0.198600	0.168400	-0.512200
1627307135.797629	0.456300	-0.269000	-0.760000	-0.194600	0.172700	-0.464900
1627307135.798512	0.455900	-0.267700	-0.765000	-0.195800	0.184300	-0.415400
1627307135.804079	0.459500	-0.269200	-0.756500	-0.178700	0.195600	-0.367200
1627307135.824444	0.460000	-0.278900	-0.744900	-0.165300	0.202000	-0.327100
1627307135.833877	0.459600	-0.284800	-0.731600	-0.202600	0.202000	-0.289600
1627307135.834777	0.461300	-0.270600	-0.728000	-0.269400	0.195000	-0.245300
1627307135.841583	0.463500	-0.256000	-0.725200	-0.270100	0.186400	-0.196700
1627307135.865785	0.460900	-0.259400	-0.721100	-0.209000	0.176300	-0.152100
1627307135.866737	0.464600	-0.283000	-0.717800	-0.183000	0.167800	-0.114000
1627307135.882933	0.467800	-0.300900	-0.719600	-0.202900	0.154900	-0.088000
1627307135.885921	0.467700	-0.307400	-0.736000	-0.241000	0.143600	-0.068400
1627307135.907421	0.467900	-0.288500	-0.760300	-0.287500	0.147600	-0.051600
1627307135.908224	0.461400	-0.258200	-0.773700	-0.280400	0.174500	-0.024800
1627307135.918408	0.465500	-0.235000	-0.763400	-0.246200	0.201700	0.006700
1627307135.927401	0.469000	-0.221200	-0.739500	-0.191900	0.218800	0.047300
1627307135.947411	0.469700	-0.233900	-0.716800	-0.151900	0.220900	0.089500
1627307135.948265	0.470000	-0.244000	-0.704600	-0.161300	0.211500	0.126400
1627307135.956963	0.468400	-0.246000	-0.709800	-0.222700	0.199200	0.162800
1627307135.968498	0.470700	-0.229500	-0.724400	-0.246200	0.199500	0.198200
1627307135.990989	0.477500	-0.220600	-0.721400	-0.205600	0.211100	0.238800
1627307135.991790	0.479900	-0.222800	-0.703500	-0.169000	0.220600	0.271200
1627307135.994369	0.487800	-0.220000	-0.672900	-0.190600	0.220600	0.298400
1627307136.009635	0.494800	-0.201500	-0.640700	-0.242600	0.201100	0.333200
1627307136.012157	0.508200	-0.177200	-0.626100	-0.278300	0.165900	0.379900
1627307136.034899	0.509000	-0.153900	-0.630100	-0.299700	0.123800	0.443800
1627307136.037306	0.497100	-0.154700	-0.665200	-0.251400	0.085000	0.526500
1627307136.045567	0.487300	-0.186000	-0.713700	-0.184800	0.064200	0.610800
1627307136.052528	0.478100	-0.225500	-0.757900	-0.110000	0.068800	0.673100
1627307136.073786	0.471800	-0.269800	-0.793000	-0.064500	0.089600	0.720200
1627307136.074602	0.467300	-0.306400	-0.810300	-0.061100	0.122000	0.753200
1627307136.080463	0.467800	-0.329700	-0.802900	-0.054100	0.149100	0.773900
1627307136.104207	0.461800	-0.344200	-0.794800	-0.051400	0.167500	0.787100
1627307136.105093	0.466700	-0.341100	-0.788700	-0.082200	0.180000	0.803900
1627307136.114585	0.466800	-0.334600	-0.787100	-0.076700	0.186700	0.820700
1627307136.124033	0.468000	-0.342800	-0.784400	-0.041000	0.195900	0.840500
1627307136.133296	0.474400	-0.368700	-0.780900	-0.019000	0.202000	0.854600
1627307136.148444	0.477400	-0.395800	-0.774900	-0.038500	0.207500	0.854600
1627307136.153748	0.483500	-0.409400	-0.765300	-0.104200	0.209600	0.841100
1627307136.175690	0.490600	-0.401000	-0.756200	-0.184500	0.208400	0.828600
1627307136.179370	0.505000	-0.381000	-0.765600	-0.265200	0.204400	0.819800
1627307136.193855	0.504300	-0.356300	-0.761100	-0.300900	0.209300	0.824000
1627307136.194756	0.510600	-0.334600	-0.745400	-0.300900	0.210800	0.838400
1627307136.196697	0.515400	-0.327900	-0.728800	-0.291700	0.200800	0.867100
1627307136.222147	0.517900	-0.336400	-0.721400	-0.305500	0.183700	0.900700
1627307136.223183	0.517200	-0.352800	-0.726700	-0.302400	0.169900	0.928500
1627307136.238360	0.518800	-0.379000	-0.740000	-0.297800	0.163200	0.944100
1627307136.243686	0.522000	-0.407800	-0.753800	-0.289000	0.163200	0.947400
1627307136.267429	0.524000	-0.417800	-0.754300	-0.278600	0.166200	0.940400
1627307136.268230	0.523800	-0.406200	-0.742900	-0.318900	0.162900	0.936700
1627307136.273168	0.523300	-0.375900	-0.739000	-0.356800	0.148800	0.950500
1627307136.286082	0.515600	-0.345700	-0.739100	-0.314300	0.139100	0.978000
1627307136.305455	0.506600	-0.343900	-0.740500	-0.235500	0.124100	1.020400
1627307136.307700	0.497700	-0.377400	-0.752800	-0.169000	0.111600	1.062900
1627307136.318320	0.490400	-0.420000	-0.768200	-0.134400	0.103000	1.092200
1627307136.324720	0.486000	-0.456200	-0.774400	-0.131700	0.100300	1.100400
1627307136.335655	0.478300	-0.481600	-0.779700	-0.131100	0.099100	1.090100
1627307136.348563	0.476600	-0.492900	-0.782500	-0.177200	0.101500	1.074800
1627307136.349449	0.480600	-0.491600	-0.783000	-0.217200	0.102100	1.060700
1627307136.373072	0.479200	-0.496200	-0.784300	-0.241700	0.101200	1.051600
1627307136.388303	0.476100	-0.500100	-0.795700	-0.277100	0.103600	1.037200
1627307136.394678	0.474700	-0.483800	-0.795000	-0.323200	0.107000	1.028700
1627307136.405126	0.470300	-0.473000	-0.793000	-0.344600	0.107300	1.026800
1627307136.406010	0.464100	-0.468600	-0.797200	-0.362900	0.110000	1.031400
1627307136.407875	0.459800	-0.477100	-0.807700	-0.380900	0.111000	1.033200
1627307136.430053	0.452500	-0.489400	-0.830100	-0.425200	0.116800	1.029600
1627307136.433321	0.450900	-0.493200	-0.860000	-0.490600	0.133900	1.020700
1627307136.455482	0.451400	-0.484700	-0.885400	-0.510100	0.168700	1.014600
1627307136.457006	0.450800	-0.465500	-0.888200	-0.500400	0.205000	1.018000
1627307136.472110	0.450700	-0.456100	-0.883200	-0.475600	0.235300	1.030500
1627307136.477220	0.444200	-0.440700	-0.876200	-0.456100	0.264600	1.051600
1627307136.478112	0.438200	-0.425300	-0.868200	-0.445700	0.288400	1.079700
1627307136.500850	0.432300	-0.420000	-0.858400	-0.400500	0.306700	1.114800
1627307136.504400	0.426500	-0.433100	-0.859600	-0.358000	0.323200	1.154200
1627307136.519767	0.421000	-0.464200	-0.876200	-0.325000	0.353800	1.187800
1627307136.522262	0.416900	-0.489500	-0.875000	-0.280400	0.382800	1.197900
1627307136.543866	0.413200	-0.510600	-0.862800	-0.272200	0.408200	1.201500
1627307136.544678	0.409500	-0.515900	-0.847200	-0.311900	0.425600	1.202500
1627307136.550252	0.400000	-0.516000	-0.829100	-0.322600	0.435000	1.204300
1627307136.573017	0.402200	-0.525500	-0.822400	-0.312200	0.435300	1.208300
1627307136.587772	0.387900	-0.546300	-0.833400	-0.324700	0.434700	1.207000
1627307136.588643	0.373500	-0.559100	-0.849700	-0.345800	0.448800	1.195400
1627307136.591648	0.370100	-0.556600	-0.850800	-0.366900	0.468900	1.185000
1627307136.614381	0.369500	-0.555700	-0.839600	-0.379400	0.486000	1.178900
1627307136.622644	0.370400	-0.556600	-0.826400	-0.392200	0.494900	1.176500
1627307136.623510	0.372300	-0.556800	-0.831400	-0.426400	0.503400	1.173700
1627307136.633489	0.371900	-0.552600	-0.835200	-0.441700	0.516600	1.173100
1627307136.635173	0.369800	-0.547000	-0.834000	-0.419400	0.532200	1.173100
1627307136.667468	0.362400	-0.543600	-0.835200	-0.393500	0.551100	1.176800
1627307136.668237	0.358900	-0.545500	-0.829500	-0.386100	0.564200	1.186300
1627307136.679086	0.354100	-0.564200	-0.827500	-0.339100	0.572200	1.195700
1627307136.700613	0.346400	-0.599400	-0.833000	-0.296000	0.583200	1.189900
1627307136.703881	0.349900	-0.626200	-0.844500	-0.327500	0.592600	1.175000
1627307136.704769	0.348500	-0.638200	-0.852100	-0.339400	0.603600	1.146900
1627307136.719203	0.345200	-0.633700	-0.846800	-0.325900	0.624700	1.108400
1627307136.741229	0.347200	-0.616300	-0.827600	-0.344000	0.635700	1.084300
1627307136.742096	0.349500	-0.600800	-0.807700	-0.339400	0.632600	1.074800
1627307136.744470	0.348500	-0.598000	-0.812400	-0.342100	0.628700	1.073300
1627307136.748733	0.351000	-0.600100	-0.809100	-0.340600	0.628100	1.072300
1627307136.771514	0.345900	-0.605500	-0.805500	-0.337600	0.628700	1.064700
1627307136.778546	0.346700	-0.609900	-0.799800	-0.359200	0.629900	1.055500
1627307136.802224	0.351700	-0.609700	-0.786600	-0.369000	0.624100	1.045200
1627307136.803597	0.351900	-0.618200	-0.785900	-0.375400	0.613400	1.037200
1627307136.804473	0.354600	-0.631500	-0.799700	-0.375700	0.611300	1.025900
1627307136.819459	0.358600	-0.645900	-0.798000	-0.370200	0.612500	1.006100
1627307136.820991	0.362500	-0.646000	-0.786400	-0.409600	0.608500	0.987100
1627307136.841424	0.365700	-0.638700	-0.780600	-0.457600	0.599400	0.973100
1627307136.842318	0.367900	-0.642100	-0.784800	-0.426400	0.592000	0.961500
1627307136.849221	0.367200	-0.659900	-0.791000	-0.397400	0.588700	0.938000
1627307136.871851	0.366300	-0.659400	-0.790900	-0.440500	0.588100	0.917200
1627307136.882896	0.366900	-0.654700	-0.787400	-0.452100	0.587100	0.894600
1627307136.884104	0.370200	-0.649300	-0.780500	-0.443800	0.583200	0.875900
1627307136.892958	0.372100	-0.651600	-0.767600	-0.419700	0.576100	0.857300
1627307136.916901	0.374900	-0.659900	-0.760900	-0.420000	0.563900	0.829500
1627307136.921627	0.381000	-0.662100	-0.754400	-0.476500	0.546500	0.803300
1627307136.922516	0.386700	-0.659900	-0.766100	-0.524500	0.525400	0.776400
1627307136.931952	0.383200	-0.665000	-0.790300	-0.525700	0.516300	0.751000
1627307136.939170	0.378100	-0.665200	-0.815700	-0.549800	0.526700	0.720200
1627307136.962446	0.380900	-0.658200	-0.821500	-0.561400	0.544100	0.692100
1627307136.963245	0.377800	-0.650800	-0.814600	-0.523900	0.563300	0.666700
1627307136.973324	0.381100	-0.650600	-0.802900	-0.500000	0.578900	0.643200
1627307136.982758	0.387500	-0.656400	-0.767700	-0.471900	0.583200	0.610800
1627307137.005764	0.394800	-0.652600	-0.738900	-0.502800	0.569700	0.575700
1627307137.006902	0.394700	-0.643900	-0.728500	-0.559900	0.547100	0.554600
1627307137.013480	0.393600	-0.638700	-0.733200	-0.553200	0.523000	0.533900
1627307137.026160	0.387200	-0.638700	-0.737300	-0.541300	0.504400	0.512200
1627307137.027068	0.390600	-0.641100	-0.739900	-0.560500	0.487300	0.486500
1627307137.049778	0.393400	-0.636200	-0.733200	-0.565400	0.469500	0.458700
1627307137.051967	0.395900	-0.627100	-0.727300	-0.578500	0.447900	0.428800
1627307137.069745	0.397800	-0.614000	-0.730300	-0.614900	0.430400	0.409200
1627307137.070637	0.400800	-0.599700	-0.731700	-0.612800	0.422800	0.397900
1627307137.093545	0.396600	-0.599500	-0.733600	-0.563000	0.418500	0.384200
1627307137.094361	0.402700	-0.601200	-0.724900	-0.543100	0.410300	0.368300
1627307137.105778	0.399400	-0.605800	-0.720200	-0.543100	0.393800	0.351200
1627307137.118550	0.402300	-0.598400	-0.721700	-0.548600	0.377900	0.332600
1627307137.139666	0.408900	-0.591800	-0.726800	-0.502500	0.358400	0.313600
1627307137.140723	0.407300	-0.599200	-0.730200	-0.440200	0.345800	0.299600
1627307137.148449	0.406200	-0.618300	-0.737100	-0.399300	0.331800	0.282200
1627307137.167828	0.407200	-0.645100	-0.750700	-0.384000	0.324800	0.254400
1627307137.168726	0.411600	-0.659100	-0.762800	-0.402900	0.326900	0.215900
1627307137.171923	0.418100	-0.660900	-0.762900	-0.422200	0.332700	0.168900
1627307137.181955	0.420700	-0.651600	-0.740000	-0.409000	0.335500	0.118800
1627307137.192243	0.428200	-0.634900	-0.724200	-0.431900	0.326600	0.072700
1627307137.212750	0.431300	-0.618500	-0.717000	-0.459700	0.315600	0.043000
1627307137.213569	0.433200	-0.602700	-0.710600	-0.460300	0.303100	0.015900
1627307137.220870	0.435100	-0.596200	-0.714800	-0.458500	0.289000	-0.007400
1627307137.229776	0.437100	-0.589400	-0.723400	-0.467100	0.278600	-0.023900
1627307137.252641	0.435200	-0.584200	-0.730100	-0.448100	0.274400	-0.044000
1627307137.253532	0.446200	-0.585200	-0.718500	-0.415100	0.270700	-0.069700
1627307137.260827	0.452600	-0.592800	-0.708300	-0.397100	0.255100	-0.098700
1627307137.270395	0.453500	-0.604200	-0.719700	-0.406600	0.243500	-0.126800
1627307137.292635	0.461200	-0.604400	-0.724600	-0.406900	0.240500	-0.162800
1627307137.293522	0.471700	-0.594500	-0.718000	-0.393100	0.234400	-0.201300
1627307137.304510	0.484500	-0.583700	-0.710200	-0.364700	0.226100	-0.235200
1627307137.311774	0.499600	-0.574500	-0.699300	-0.332100	0.212400	-0.263900
1627307137.331645	0.511600	-0.560300	-0.696700	-0.298500	0.197700	-0.295400
1627307137.332620	0.520900	-0.545700	-0.695100	-0.276800	0.186100	-0.324700
1627307137.343434	0.534100	-0.531900	-0.693100	-0.230300	0.177500	-0.348500
1627307137.347929	0.533000	-0.515700	-0.694000	-0.181800	0.167200	-0.377500
1627307137.371675	0.530200	-0.489900	-0.685500	-0.169000	0.158000	-0.404400
1627307137.372561	0.529100	-0.457800	-0.657800	-0.137200	0.136900	-0.417300
1627307137.386703	0.525000	-0.443500	-0.631100	-0.052600	0.099100	-0.416300
1627307137.398479	0.516200	-0.464800	-0.622200	0.012800	0.038600	-0.408100
1627307137.405841	0.511100	-0.501500	-0.631000	0.012500	-0.017000	-0.406000
1627307137.416515	0.503800	-0.544800	-0.653700	0.007300	-0.062500	-0.424900
1627307137.440488	0.496200	-0.585800	-0.684100	-0.013200	-0.095800	-0.465800
1627307137.441381	0.493400	-0.604000	-0.706200	-0.069100	-0.116900	-0.522000
1627307137.442195	0.490600	-0.598100	-0.724900	-0.129300	-0.130300	-0.581900
1627307137.447777	0.479900	-0.579700	-0.736600	-0.147300	-0.135500	-0.635900
1627307137.470722	0.477500	-0.537500	-0.753300	-0.187900	-0.135800	-0.677500
1627307137.482651	0.477400	-0.510400	-0.770500	-0.178700	-0.128200	-0.690900
1627307137.483540	0.474600	-0.494500	-0.771900	-0.124400	-0.115100	-0.690900
1627307137.489249	0.474900	-0.492400	-0.772600	-0.068800	-0.104700	-0.687900
1627307137.509813	0.473300	-0.495100	-0.772600	-0.046200	-0.094600	-0.688800
1627307137.520309	0.465200	-0.498200	-0.764800	-0.019900	-0.086300	-0.692800
1627307137.521195	0.465600	-0.504000	-0.762100	0.026200	-0.083300	-0.704400
1627307137.528036	0.462800	-0.518100	-0.761500	0.083900	-0.078700	-0.726000
1627307137.550547	0.460300	-0.519200	-0.757700	0.103500	-0.071400	-0.756600
1627307137.552207	0.464400	-0.507700	-0.747900	0.084200	-0.063400	-0.788000
1627307137.566906	0.462800	-0.485200	-0.729700	0.094300	-0.060700	-0.818000
1627307137.579707	0.461800	-0.468400	-0.708000	0.125800	-0.066200	-0.842100
1627307137.595716	0.466700	-0.449600	-0.684800	0.145000	-0.080500	-0.864400
1627307137.596865	0.467200	-0.427100	-0.664800	0.125800	-0.105000	-0.881200
1627307137.612057	0.464700	-0.397600	-0.656200	0.072300	-0.137400	-0.887000
1627307137.618542	0.467800	-0.367200	-0.653300	0.071700	-0.163900	-0.878800
1627307137.640077	0.468300	-0.338600	-0.664100	0.081500	-0.189000	-0.858600
1627307137.640891	0.471400	-0.347800	-0.665900	0.168900	-0.207900	-0.829600
1627307137.642239	0.463000	-0.393100	-0.675700	0.342000	-0.228100	-0.823200
1627307137.648741	0.465500	-0.427200	-0.682100	0.295600	-0.246100	-0.831700
1627307137.670461	0.461900	-0.420800	-0.689900	0.186300	-0.269000	-0.852800
1627307137.671320	0.458300	-0.393800	-0.704100	0.191500	-0.284300	-0.876600
1627307137.681971	0.451700	-0.359300	-0.719500	0.186300	-0.286100	-0.883300
1627307137.689235	0.451800	-0.325400	-0.725100	0.182600	-0.280000	-0.872000
1627307137.711616	0.455300	-0.312100	-0.726800	0.255900	-0.274500	-0.851900
1627307137.712501	0.454600	-0.320700	-0.719400	0.343600	-0.279700	-0.831100
1627307137.721047	0.455100	-0.343100	-0.725600	0.353000	-0.293400	-0.818300
1627307137.728076	0.456300	-0.356100	-0.751300	0.305700	-0.304400	-0.820100
1627307137.739367	0.460300	-0.335400	-0.770400	0.259900	-0.305600	-0.821600
1627307137.753334	0.464400	-0.303300	-0.788000	0.263800	-0.300800	-0.814000
1627307137.756209	0.464500	-0.274700	-0.799300	0.322800	-0.285800	-0.796600
1627307137.779899	0.470000	-0.265600	-0.796600	0.427900	-0.268400	-0.772800
1627307137.780812	0.476300	-0.276500	-0.785800	0.524400	-0.262000	-0.750800
1627307137.791957	0.479500	-0.292100	-0.774200	0.566200	-0.262000	-0.734600
1627307137.803452	0.482500	-0.303000	-0.763100	0.596200	-0.271100	-0.729100
1627307137.821233	0.481300	-0.298800	-0.752600	0.605000	-0.284300	-0.727900
1627307137.822099	0.479200	-0.286400	-0.750900	0.632200	-0.299200	-0.728800
1627307137.830760	0.479500	-0.273400	-0.750500	0.650500	-0.316600	-0.716900
1627307137.842504	0.480700	-0.267300	-0.751100	0.687500	-0.331300	-0.702200
1627307137.865937	0.479100	-0.267200	-0.759200	0.721700	-0.338600	-0.687600
1627307137.866816	0.487700	-0.263500	-0.754800	0.740900	-0.343200	-0.671400
1627307137.869429	0.484900	-0.262100	-0.747100	0.782500	-0.350800	-0.650600
1627307137.884573	0.494000	-0.259800	-0.734100	0.823100	-0.360900	-0.627700
1627307137.887228	0.493800	-0.274000	-0.726400	0.895500	-0.378600	-0.608500
1627307137.906049	0.491200	-0.296600	-0.723800	0.946500	-0.396400	-0.598100
1627307137.909646	0.495600	-0.308300	-0.720300	0.920500	-0.414400	-0.587700
1627307137.920903	0.497700	-0.312100	-0.718100	0.919300	-0.436100	-0.574200
1627307137.926030	0.493500	-0.332600	-0.728900	0.976700	-0.453500	-0.568700
1627307137.948437	0.489600	-0.344000	-0.725600	0.974600	-0.465700	-0.564200
1627307137.949430	0.490600	-0.344500	-0.711700	0.991400	-0.485500	-0.558100
1627307137.960712	0.491100	-0.349600	-0.701500	1.024700	-0.512100	-0.546400
1627307137.968547	0.491700	-0.359000	-0.693800	1.039000	-0.541400	-0.534800
1627307137.987533	0.486000	-0.369800	-0.684700	1.067100	-0.577200	-0.520200
1627307137.989517	0.481100	-0.397900	-0.686000	1.112300	-0.618400	-0.507400
1627307138.004295	0.471700	-0.445200	-0.702900	1.136800	-0.660600	-0.511000
1627307138.007319	0.463700	-0.475600	-0.723900	1.104700	-0.691700	-0.525700
1627307138.030277	0.452900	-0.483600	-0.737100	1.040300	-0.709100	-0.549800
1627307138.031236	0.443500	-0.481600	-0.749500	1.009100	-0.721300	-0.570600
1627307138.039652	0.440800	-0.475700	-0.755700	1.007000	-0.731100	-0.579400
1627307138.049212	0.436900	-0.473400	-0.766000	0.992900	-0.742100	-0.577300
1627307138.066945	0.438200	-0.483400	-0.779900	1.003600	-0.741500	-0.573000
1627307138.077359	0.432600	-0.499300	-0.787600	1.021600	-0.735400	-0.571800
1627307138.078274	0.434400	-0.506200	-0.790000	1.033200	-0.723800	-0.577600
1627307138.100964	0.433200	-0.512000	-0.777100	1.051200	-0.716100	-0.582500
1627307138.101676	0.431200	-0.514900	-0.759500	1.056700	-0.718600	-0.587700
1627307138.112232	0.432000	-0.510600	-0.752700	1.018000	-0.728400	-0.584900
1627307138.122386	0.422900	-0.508400	-0.756000	1.011800	-0.743000	-0.576400
1627307138.140134	0.418100	-0.504500	-0.768400	1.046100	-0.752800	-0.563600
1627307138.140960	0.421100	-0.505900	-0.775800	1.082700	-0.765600	-0.538500
1627307138.148245	0.417700	-0.522800	-0.782700	1.149600	-0.772000	-0.521400
1627307138.159865	0.413700	-0.554300	-0.782000	1.238200	-0.778500	-0.516200
1627307138.160755	0.412000	-0.591100	-0.774500	1.262900	-0.787300	-0.523500
1627307138.188112	0.411100	-0.625600	-0.775000	1.241500	-0.800100	-0.544300
1627307138.198831	0.405300	-0.642700	-0.778400	1.204600	-0.810500	-0.574900
1627307138.199938	0.401100	-0.642000	-0.776600	1.161800	-0.823400	-0.608500
1627307138.205544	0.394300	-0.635300	-0.781600	1.134600	-0.840500	-0.633500
1627307138.227096	0.394800	-0.630500	-0.792800	1.108100	-0.855700	-0.643300
1627307138.238960	0.387600	-0.630200	-0.801900	1.100400	-0.864000	-0.646000
1627307138.243597	0.377900	-0.642500	-0.811500	1.098600	-0.867600	-0.647900
1627307138.244510	0.376300	-0.657700	-0.818500	1.063200	-0.870400	-0.652700
1627307138.267412	0.374900	-0.676800	-0.827300	1.032000	-0.871600	-0.660700
1627307138.268296	0.370700	-0.708100	-0.834100	1.013100	-0.866400	-0.681100
1627307138.278307	0.371800	-0.738600	-0.847700	0.959900	-0.859700	-0.715000
1627307138.288615	0.367100	-0.747900	-0.864900	0.873800	-0.843200	-0.756300
1627307138.312359	0.366800	-0.743000	-0.878800	0.812100	-0.817600	-0.803300
1627307138.313756	0.365800	-0.722900	-0.884900	0.774800	-0.787600	-0.846700
1627307138.318355	0.355000	-0.694300	-0.882700	0.725700	-0.757400	-0.878500
1627307138.332167	0.352300	-0.660800	-0.874600	0.684700	-0.730500	-0.896500
1627307138.333423	0.355800	-0.624100	-0.860000	0.673100	-0.712500	-0.894300
1627307138.358234	0.355200	-0.607700	-0.852200	0.675000	-0.708800	-0.868700
1627307138.368914	0.354200	-0.619100	-0.857500	0.697600	-0.707600	-0.842400
1627307138.369796	0.351900	-0.649300	-0.876700	0.706400	-0.697200	-0.830500
1627307138.376823	0.347000	-0.667600	-0.892200	0.675300	-0.680700	-0.832000
1627307138.394511	0.348300	-0.668600	-0.898700	0.606800	-0.660600	-0.837200
1627307138.398169	0.343600	-0.664900	-0.905900	0.594900	-0.633700	-0.846400
1627307138.408639	0.336800	-0.668300	-0.913300	0.582100	-0.593400	-0.857100
1627307138.427815	0.334700	-0.662000	-0.915400	0.524700	-0.556400	-0.865300
1627307138.428716	0.328500	-0.645900	-0.917100	0.461800	-0.521000	-0.868100
1627307138.438405	0.324100	-0.624000	-0.917500	0.430600	-0.484600	-0.866800
1627307138.445569	0.320200	-0.597000	-0.904700	0.389700	-0.452300	-0.851900
1627307138.468934	0.322600	-0.575000	-0.890400	0.359400	-0.430600	-0.821300
1627307138.469818	0.321800	-0.575600	-0.885300	0.370700	-0.415000	-0.784100
1627307138.479617	0.322000	-0.600800	-0.894800	0.370700	-0.394500	-0.748600
1627307138.489189	0.314500	-0.635000	-0.908800	0.353300	-0.371300	-0.739500
1627307138.512383	0.312900	-0.654500	-0.912000	0.301100	-0.338600	-0.745900
1627307138.513326	0.315200	-0.643300	-0.900600	0.224100	-0.313300	-0.760600
1627307138.519551	0.317900	-0.615800	-0.892200	0.130100	-0.295300	-0.763000
1627307138.534796	0.318700	-0.595600	-0.891800	0.068400	-0.281200	-0.752900
1627307138.553942	0.319100	-0.591700	-0.908300	0.073600	-0.258900	-0.740100
1627307138.554836	0.321900	-0.601900	-0.928300	0.076900	-0.220100	-0.732200
1627307138.558345	0.328100	-0.602700	-0.934900	0.026200	-0.179500	-0.734300
1627307138.568206	0.336900	-0.588000	-0.932100	-0.033000	-0.135200	-0.738300
1627307138.576076	0.340600	-0.557500	-0.912000	-0.071800	-0.095500	-0.731800
1627307138.595993	0.344700	-0.529100	-0.894800	-0.087700	-0.065900	-0.712900
1627307138.598287	0.342800	-0.510500	-0.879200	-0.072700	-0.038400	-0.687300
1627307138.608533	0.347800	-0.502800	-0.857900	-0.064200	-0.011500	-0.656100
1627307138.618456	0.353000	-0.504800	-0.841400	-0.053800	0.004100	-0.632000
1627307138.640918	0.354900	-0.504600	-0.833000	-0.098100	0.012000	-0.614900
1627307138.642792	0.354200	-0.480800	-0.826800	-0.183000	0.023300	-0.592600
1627307138.666044	0.362800	-0.447400	-0.824700	-0.216300	0.038300	-0.562900
1627307138.667126	0.363000	-0.422500	-0.820700	-0.197700	0.052300	-0.519300
1627307138.669429	0.366000	-0.416400	-0.818200	-0.160100	0.067600	-0.472200
1627307138.684391	0.367700	-0.424400	-0.810700	-0.136300	0.087800	-0.420900
1627307138.686027	0.371800	-0.427500	-0.788300	-0.136300	0.096600	-0.383700
1627307138.708554	0.373500	-0.423300	-0.765700	-0.176900	0.089300	-0.350100
1627307138.710916	0.378700	-0.418700	-0.762600	-0.248700	0.079200	-0.313100
1627307138.728455	0.385600	-0.411300	-0.772900	-0.293000	0.073700	-0.272800
1627307138.741070	0.389500	-0.415300	-0.798500	-0.268800	0.075800	-0.233100
1627307138.742185	0.388400	-0.440100	-0.829600	-0.234000	0.093600	-0.200100
1627307138.753319	0.392100	-0.473400	-0.851000	-0.211400	0.139700	-0.176300
1627307138.762261	0.393400	-0.486900	-0.838000	-0.209300	0.179400	-0.170500
1627307138.784812	0.401700	-0.484300	-0.812300	-0.227300	0.207800	-0.165000
1627307138.785623	0.409900	-0.473800	-0.781100	-0.256600	0.222100	-0.156700
1627307138.788227	0.413500	-0.457500	-0.756100	-0.272500	0.226100	-0.140500
1627307138.799681	0.419100	-0.448600	-0.749400	-0.277700	0.222400	-0.119800
1627307138.800722	0.423200	-0.448600	-0.751200	-0.273700	0.220900	-0.094400
1627307138.827572	0.421600	-0.454300	-0.749500	-0.261800	0.222100	-0.069700
1627307138.828467	0.420900	-0.461300	-0.754200	-0.259100	0.228300	-0.054100
1627307138.839524	0.424700	-0.464600	-0.750200	-0.261500	0.238000	-0.042800
1627307138.849983	0.428700	-0.469400	-0.737400	-0.258100	0.244400	-0.034900
1627307138.869775	0.425800	-0.471400	-0.725000	-0.267900	0.245700	-0.029700
1627307138.877748	0.424200	-0.470500	-0.726400	-0.300600	0.245400	-0.023500
1627307138.878650	0.419800	-0.463400	-0.740800	-0.325900	0.258200	-0.023500
1627307138.886994	0.426900	-0.444200	-0.730500	-0.324400	0.275000	-0.024200
1627307138.890377	0.423500	-0.423700	-0.701000	-0.313400	0.277700	-0.017400
1627307138.917944	0.425800	-0.403700	-0.673800	-0.326300	0.270700	-0.000900
1627307138.918831	0.432400	-0.386000	-0.653100	-0.345500	0.250900	0.021300
1627307138.927159	0.427700	-0.372200	-0.655600	-0.357700	0.232800	0.041800
1627307138.934008	0.434600	-0.360500	-0.661300	-0.376000	0.218200	0.070200
1627307138.962681	0.431000	-0.349600	-0.657200	-0.324100	0.196800	0.111500
1627307138.966281	0.432400	-0.343100	-0.651400	-0.286500	0.172400	0.147500
1627307138.967347	0.433000	-0.334100	-0.650400	-0.303300	0.145200	0.186300
1627307138.979207	0.426800	-0.324800	-0.658600	-0.293900	0.121300	0.227500
1627307138.999395	0.427200	-0.331900	-0.674900	-0.214200	0.106400	0.267200
1627307139.010430	0.426100	-0.355800	-0.687500	-0.124400	0.097800	0.302300
1627307139.011318	0.424900	-0.382800	-0.693500	-0.082200	0.090200	0.328300
1627307139.020451	0.420300	-0.406500	-0.698400	-0.068800	0.083800	0.347600
1627307139.042733	0.419400	-0.414900	-0.708900	-0.070600	0.081600	0.356100
1627307139.043622	0.416900	-0.405400	-0.706800	-0.080700	0.084400	0.367700
1627307139.047030	0.420200	-0.386000	-0.700200	-0.089500	0.082900	0.389100
1627307139.058345	0.414100	-0.377600	-0.697100	-0.060200	0.077100	0.421800
1627307139.061070	0.413300	-0.388800	-0.698400	-0.022000	0.071900	0.457500
1627307139.082390	0.414200	-0.412400	-0.706800	-0.007700	0.063000	0.493900
1627307139.090407	0.412000	-0.449800	-0.723500	-0.007700	0.055400	0.522900
1627307139.110922	0.406700	-0.484300	-0.734400	0.006100	0.055100	0.528100
1627307139.117876	0.403200	-0.512700	-0.737500	-0.003100	0.060000	0.514600
1627307139.118766	0.402600	-0.515300	-0.737200	-0.073700	0.065200	0.491400
1627307139.127136	0.410600	-0.502800	-0.744000	-0.140600	0.071000	0.470000
1627307139.130373	0.411600	-0.460200	-0.746600	-0.197700	0.082300	0.461500
1627307139.156534	0.406400	-0.398300	-0.738500	-0.235500	0.094200	0.482200
1627307139.157417	0.404100	-0.357200	-0.730200	-0.180600	0.105500	0.532900
1627307139.167159	0.404900	-0.353300	-0.719200	-0.105400	0.110000	0.585200
1627307139.174197	0.401400	-0.370800	-0.704700	-0.094700	0.103300	0.635600
1627307139.197724	0.398100	-0.398600	-0.710800	-0.106600	0.092000	0.679900
1627307139.198603	0.403200	-0.435500	-0.730100	-0.102100	0.081000	0.708900
1627307139.208631	0.395300	-0.466200	-0.761800	-0.127700	0.080700	0.719000
1627307139.215516	0.390100	-0.483300	-0.814800	-0.188800	0.097200	0.721700
1627307139.239308	0.399500	-0.456500	-0.811500	-0.157400	0.139700	0.698200
1627307139.248473	0.409400	-0.413100	-0.788000	-0.144500	0.149800	0.722900
1627307139.249360	0.403900	-0.399300	-0.775800	-0.011400	0.162900	0.749500
1627307139.270499	0.412500	-0.384200	-0.738300	0.060100	0.141500	0.796200
1627307139.271922	0.402300	-0.390700	-0.746300	0.040000	0.103000	0.864600
1627307139.287785	0.389400	-0.422100	-0.806800	0.049700	0.088100	0.922400
1627307139.292337	0.385900	-0.438600	-0.849000	0.073600	0.092000	0.987700
1627307139.316011	0.380200	-0.470800	-0.877700	0.110800	0.107900	1.042700
1627307139.317135	0.378500	-0.518900	-0.903200	0.162700	0.137500	1.077500
1627307139.318325	0.380000	-0.578700	-0.909400	0.208900	0.179700	1.082700
1627307139.333563	0.379500	-0.634600	-0.895600	0.215900	0.225500	1.055200
1627307139.338752	0.380500	-0.662100	-0.861700	0.131300	0.258200	1.006100
1627307139.360575	0.387100	-0.657100	-0.829700	-0.001300	0.268900	0.953500
1627307139.362129	0.388500	-0.620700	-0.817900	-0.165000	0.269200	0.905000
1627307139.375224	0.385600	-0.584100	-0.826000	-0.256900	0.271900	0.886000
1627307139.376107	0.391400	-0.563400	-0.848800	-0.269100	0.283200	0.884200
1627307139.381628	0.386700	-0.560200	-0.864600	-0.256900	0.307400	0.894000
1627307139.400913	0.386700	-0.564800	-0.861200	-0.253600	0.334500	0.910800
1627307139.408544	0.391800	-0.580700	-0.852200	-0.242600	0.356200	0.926300
1627307139.412328	0.395100	-0.607800	-0.847000	-0.241700	0.371200	0.933400
1627307139.434543	0.389500	-0.634600	-0.845600	-0.269400	0.389500	0.929400
1627307139.440051	0.382700	-0.650100	-0.848000	-0.278300	0.405700	0.911100
1627307139.440951	0.381700	-0.651600	-0.851600	-0.337900	0.419800	0.896400
1627307139.464919	0.379200	-0.647200	-0.867700	-0.379100	0.439000	0.886600
1627307139.465882	0.375400	-0.646400	-0.885000	-0.367800	0.470500	0.875300
1627307139.475877	0.372100	-0.648900	-0.885000	-0.336300	0.510200	0.862800
1627307139.484744	0.373800	-0.663900	-0.873300	-0.337600	0.545300	0.848200
1627307139.502327	0.370200	-0.674800	-0.854000	-0.376700	0.576400	0.821000
1627307139.505915	0.366300	-0.674000	-0.838100	-0.450000	0.592900	0.796200
1627307139.518362	0.362800	-0.658900	-0.827500	-0.540100	0.597200	0.777900
1627307139.521343	0.360200	-0.643100	-0.826000	-0.602100	0.598700	0.773900
1627307139.543666	0.360200	-0.643100	-0.826000	-0.602100	0.598700	0.773900
1627307139.545769	0.357500	-0.638500	-0.836200	-0.608500	0.604200	0.774900
1627307139.558250	0.358200	-0.644700	-0.845500	-0.596000	0.615500	0.771500
1627307139.563624	0.364400	-0.658300	-0.847300	-0.623700	0.631400	0.763600
1627307139.586096	0.359600	-0.645100	-0.850100	-0.698900	0.647000	0.750700
1627307139.586902	0.366500	-0.606200	-0.845500	-0.798800	0.661700	0.752200
1627307139.597093	0.367300	-0.581100	-0.840200	-0.758100	0.673300	0.759600
1627307139.604953	0.367100	-0.573600	-0.842300	-0.687300	0.686400	0.769700
1627307139.625481	0.360400	-0.559800	-0.840000	-0.724800	0.698000	0.785200
1627307139.626374	0.355800	-0.530600	-0.831200	-0.777100	0.705900	0.809700
1627307139.637180	0.358900	-0.505200	-0.827300	-0.763600	0.705600	0.854000
1627307139.645388	0.356600	-0.502400	-0.837400	-0.732500	0.706900	0.899500
1627307139.667708	0.351400	-0.528300	-0.855200	-0.680900	0.714200	0.932100
1627307139.668600	0.345100	-0.558700	-0.874600	-0.656400	0.727300	0.949300
1627307139.675942	0.342900	-0.577500	-0.889400	-0.680900	0.749300	0.955100
1627307139.684546	0.336800	-0.577500	-0.889600	-0.727600	0.775600	0.955700
1627307139.688631	0.335700	-0.573600	-0.873000	-0.703200	0.796100	0.958700
1627307139.715048	0.334100	-0.589500	-0.848300	-0.653100	0.807700	0.961500
1627307139.715874	0.330800	-0.612400	-0.839800	-0.680600	0.812500	0.956900
1627307139.729008	0.334800	-0.625000	-0.833900	-0.752000	0.813500	0.941900
1627307139.744322	0.340300	-0.626300	-0.839800	-0.808500	0.815600	0.921800
1627307139.757718	0.339200	-0.609900	-0.846100	-0.866000	0.824800	0.901900
1627307139.758604	0.341700	-0.583300	-0.836200	-0.887300	0.839100	0.887600
1627307139.761730	0.348100	-0.563500	-0.811200	-0.876600	0.845200	0.885700
1627307139.784322	0.350100	-0.552500	-0.797700	-0.897400	0.842200	0.889400
1627307139.795119	0.345100	-0.550500	-0.799300	-0.934400	0.835500	0.898600
1627307139.796008	0.343300	-0.549800	-0.809400	-0.952100	0.832400	0.910200
1627307139.805589	0.333600	-0.555800	-0.826300	-0.939900	0.837600	0.926300
1627307139.829661	0.328900	-0.566900	-0.833100	-0.907800	0.850100	0.934900
1627307139.835187	0.326300	-0.574200	-0.825900	-0.880600	0.863600	0.941300
1627307139.836066	0.319600	-0.576200	-0.794200	-0.844900	0.872700	0.940100
1627307139.845953	0.323200	-0.570100	-0.752700	-0.836600	0.866300	0.937000
1627307139.849294	0.324800	-0.558600	-0.730500	-0.860800	0.844300	0.937600
1627307139.873913	0.329000	-0.550300	-0.734400	-0.880000	0.818300	0.939200
1627307139.874810	0.332600	-0.544200	-0.742800	-0.870200	0.800600	0.943100
1627307139.889537	0.339400	-0.545300	-0.735200	-0.817400	0.783500	0.941900
1627307139.894075	0.343500	-0.549900	-0.721700	-0.807600	0.756000	0.936700
1627307139.916744	0.358400	-0.552200	-0.730800	-0.874200	0.720000	0.930600
1627307139.917636	0.368400	-0.550000	-0.752600	-0.899200	0.689100	0.927300
1627307139.925917	0.378700	-0.543700	-0.767900	-0.876000	0.672400	0.923600
1627307139.932855	0.381300	-0.538300	-0.783100	-0.867500	0.663500	0.921800
1627307139.959244	0.391700	-0.537500	-0.789300	-0.852800	0.664700	0.921800
1627307139.960136	0.391500	-0.541500	-0.787600	-0.806400	0.662300	0.922100
1627307139.964616	0.394900	-0.554000	-0.788700	-0.779200	0.658600	0.918700
1627307139.977937	0.402500	-0.575300	-0.782500	-0.782000	0.646400	0.902500
1627307140.001452	0.403600	-0.590800	-0.791700	-0.803600	0.634200	0.878100
1627307140.002188	0.404700	-0.598400	-0.798200	-0.844300	0.631100	0.849100
1627307140.004515	0.414600	-0.593600	-0.803700	-0.874200	0.633600	0.815800
1627307140.015683	0.420800	-0.586100	-0.805700	-0.891900	0.637500	0.787400
1627307140.018876	0.427400	-0.585900	-0.810200	-0.876000	0.643300	0.760800
1627307140.042231	0.430100	-0.585600	-0.804400	-0.851000	0.651600	0.728700
1627307140.043050	0.439800	-0.576500	-0.787600	-0.874500	0.652500	0.695700
1627307140.053419	0.446800	-0.565100	-0.780500	-0.901400	0.650100	0.675900
1627307140.067251	0.448400	-0.555900	-0.780000	-0.886100	0.649700	0.659400
1627307140.087462	0.449500	-0.555700	-0.771600	-0.849200	0.651000	0.645000
1627307140.089549	0.457500	-0.562100	-0.763100	-0.828700	0.652800	0.626700
1627307140.096716	0.458700	-0.567700	-0.748700	-0.822600	0.648500	0.605900
1627307140.105775	0.462500	-0.568100	-0.729000	-0.822900	0.639400	0.581500
1627307140.115777	0.464800	-0.564100	-0.717800	-0.824100	0.620700	0.555200
1627307140.123675	0.470700	-0.564100	-0.705200	-0.789300	0.605500	0.529600
1627307140.147047	0.471600	-0.564700	-0.696400	-0.740400	0.588100	0.500600
1627307140.149442	0.472300	-0.568000	-0.684100	-0.712900	0.574300	0.467600
1627307140.164301	0.474400	-0.564700	-0.663600	-0.705000	0.555100	0.433100
1627307140.169716	0.482200	-0.558700	-0.651700	-0.703200	0.527900	0.400100
1627307140.187351	0.485000	-0.556000	-0.645600	-0.682400	0.496100	0.363100
1627307140.188166	0.489300	-0.547600	-0.638400	-0.653100	0.463400	0.323400
1627307140.198233	0.488600	-0.538800	-0.639400	-0.647000	0.433800	0.289800
1627307140.211050	0.488500	-0.521700	-0.641400	-0.654000	0.409700	0.260800
1627307140.232512	0.490600	-0.501000	-0.636500	-0.631400	0.387700	0.235200
1627307140.233583	0.488800	-0.484400	-0.629900	-0.580400	0.363300	0.213800
1627307140.236802	0.491800	-0.473000	-0.622200	-0.547100	0.335500	0.200600
1627307140.258093	0.492100	-0.473000	-0.617600	-0.493900	0.300300	0.184100
1627307140.260752	0.491600	-0.476200	-0.621600	-0.462200	0.270400	0.164000
1627307140.275306	0.497300	-0.475300	-0.621000	-0.453600	0.246900	0.141400
1627307140.276192	0.495800	-0.471400	-0.619900	-0.420600	0.223100	0.108400
1627307140.280400	0.497100	-0.460700	-0.619800	-0.393100	0.201100	0.076900
1627307140.304333	0.496600	-0.445700	-0.616300	-0.388900	0.178500	0.054000
1627307140.315281	0.496000	-0.427100	-0.624900	-0.371500	0.159200	0.034200
1627307140.316164	0.496800	-0.401600	-0.623400	-0.314000	0.140600	0.022000
1627307140.325467	0.498400	-0.387700	-0.613200	-0.233100	0.124100	0.014300
1627307140.346776	0.497100	-0.381600	-0.594200	-0.164100	0.100900	0.008500
1627307140.347735	0.502900	-0.376600	-0.579100	-0.130500	0.068500	0.008200
1627307140.358444	0.505600	-0.378400	-0.565600	-0.080100	0.026700	0.007900
1627307140.363375	0.504500	-0.384200	-0.560400	-0.016500	-0.019100	0.000600
1627307140.368599	0.502900	-0.390000	-0.558500	0.011200	-0.065600	-0.011000
1627307140.394996	0.504200	-0.397300	-0.578700	0.029600	-0.121500	-0.028100
1627307140.395817	0.499600	-0.393200	-0.602100	0.053100	-0.154800	-0.044300
1627307140.406660	0.502000	-0.385300	-0.613200	0.088500	-0.178600	-0.058700
1627307140.427633	0.505500	-0.376500	-0.617900	0.139500	-0.203000	-0.064500
1627307140.428507	0.502800	-0.369800	-0.617800	0.178900	-0.229900	-0.061700
1627307140.436746	0.503300	-0.363800	-0.619300	0.203700	-0.260400	-0.055900
1627307140.443673	0.502000	-0.361500	-0.634200	0.221400	-0.293700	-0.044600
1627307140.456965	0.495600	-0.366000	-0.669800	0.259600	-0.317300	-0.026900
1627307140.460452	0.492900	-0.383300	-0.700300	0.322800	-0.317900	-0.019600
1627307140.483598	0.492900	-0.403400	-0.711700	0.416300	-0.309300	-0.021400
1627307140.484403	0.493300	-0.423300	-0.709200	0.487700	-0.304400	-0.033600
1627307140.494556	0.492400	-0.433600	-0.702800	0.510000	-0.309300	-0.046200
1627307140.504846	0.493400	-0.433800	-0.700700	0.523500	-0.322100	-0.056500
1627307140.528171	0.489900	-0.433500	-0.710000	0.582100	-0.343200	-0.058400
1627307140.529058	0.491800	-0.446700	-0.731600	0.683200	-0.359100	-0.057800
1627307140.533563	0.491700	-0.472900	-0.741900	0.777900	-0.364000	-0.063900
1627307140.543364	0.495400	-0.508300	-0.738000	0.847500	-0.371900	-0.082500
1627307140.548017	0.491200	-0.542800	-0.733500	0.889100	-0.380200	-0.119800
1627307140.572471	0.492600	-0.568400	-0.729100	0.868600	-0.392700	-0.172900
1627307140.573278	0.492400	-0.568500	-0.725500	0.803800	-0.406400	-0.226400
1627307140.583254	0.497200	-0.554300	-0.721100	0.764800	-0.430300	-0.286200
1627307140.589782	0.493800	-0.547100	-0.714400	0.782200	-0.454400	-0.333000
1627307140.611427	0.496500	-0.550000	-0.710300	0.771200	-0.478800	-0.371100
1627307140.613403	0.495000	-0.561400	-0.709800	0.752500	-0.509400	-0.406900
1627307140.627014	0.492300	-0.581100	-0.719200	0.744900	-0.539300	-0.447200
1627307140.633734	0.494600	-0.592500	-0.730300	0.720200	-0.565900	-0.496100
1627307140.656961	0.489400	-0.590000	-0.743900	0.672800	-0.586000	-0.545800
1627307140.660768	0.489700	-0.562600	-0.756300	0.644400	-0.601600	-0.597800
1627307140.676161	0.495100	-0.545800	-0.750600	0.716200	-0.616300	-0.631400
1627307140.677041	0.492200	-0.541600	-0.742300	0.780600	-0.642500	-0.654300
1627307140.701107	0.486300	-0.538600	-0.750700	0.768100	-0.669400	-0.670800
1627307140.701879	0.481100	-0.530600	-0.766400	0.759300	-0.692900	-0.678400
1627307140.703433	0.474200	-0.523300	-0.784400	0.810600	-0.709700	-0.681500
1627307140.717245	0.471900	-0.532700	-0.798000	0.901300	-0.725000	-0.676600
1627307140.718139	0.468900	-0.568400	-0.809100	1.014000	-0.742700	-0.674100
1627307140.741100	0.456800	-0.613900	-0.819700	1.075100	-0.751600	-0.689700
1627307140.743284	0.452800	-0.649200	-0.831700	1.063200	-0.753700	-0.720500
1627307140.759803	0.448400	-0.667100	-0.828400	1.018300	-0.758000	-0.756600
1627307140.772665	0.441300	-0.673800	-0.830000	0.989500	-0.759500	-0.796900
1627307140.773557	0.438000	-0.674400	-0.827900	0.965700	-0.764400	-0.834800
1627307140.781981	0.433000	-0.693100	-0.839500	0.960200	-0.770200	-0.879700
1627307140.787931	0.423100	-0.712500	-0.855500	0.918700	-0.768400	-0.935600
1627307140.811687	0.420300	-0.710900	-0.863300	0.839000	-0.761000	-0.994200
1627307140.812566	0.418000	-0.695100	-0.871000	0.757100	-0.748800	-1.045800
1627307140.822144	0.415600	-0.666900	-0.879500	0.700600	-0.731100	-1.093200
1627307140.825405	0.414700	-0.638100	-0.881000	0.686900	-0.708200	-1.130400
1627307140.852751	0.414700	-0.615500	-0.872600	0.693600	-0.688400	-1.152400
1627307140.853654	0.406100	-0.594600	-0.864600	0.699100	-0.673700	-1.166500
1627307140.862066	0.406000	-0.580300	-0.864500	0.667600	-0.655700	-1.172600
1627307140.869138	0.400800	-0.564000	-0.863000	0.682300	-0.641600	-1.170100
1627307140.892743	0.396600	-0.558600	-0.861800	0.716500	-0.628800	-1.164000
1627307140.905364	0.392900	-0.561000	-0.861700	0.734200	-0.617500	-1.156700
1627307140.906278	0.389900	-0.566900	-0.856000	0.740000	-0.611100	-1.151500
1627307140.910450	0.386100	-0.574300	-0.845600	0.759600	-0.605600	-1.155500
1627307140.934329	0.385700	-0.592900	-0.847700	0.758900	-0.610200	-1.161600
1627307140.941100	0.382900	-0.611600	-0.867600	0.747600	-0.603400	-1.177800
1627307140.941982	0.381100	-0.612900	-0.880600	0.718300	-0.587600	-1.203400
1627307140.964850	0.378400	-0.602900	-0.879000	0.692400	-0.571100	-1.220500
1627307140.965731	0.382600	-0.607500	-0.871100	0.744000	-0.554300	-1.236700
1627307140.973385	0.378900	-0.607900	-0.866600	0.710100	-0.541400	-1.253200
1627307140.987426	0.378100	-0.603100	-0.859000	0.635900	-0.527700	-1.268800
1627307141.009903	0.379600	-0.587600	-0.853800	0.580000	-0.513600	-1.281900
1627307141.011144	0.381800	-0.581500	-0.846800	0.559500	-0.505100	-1.287100
1627307141.012075	0.382800	-0.576200	-0.848500	0.535100	-0.496500	-1.288300
1627307141.027831	0.389300	-0.580200	-0.851900	0.490800	-0.487400	-1.286800
1627307141.032414	0.385300	-0.583300	-0.852500	0.477000	-0.475800	-1.291700
1627307141.056172	0.391700	-0.587500	-0.851700	0.463900	-0.465100	-1.298400
1627307141.056990	0.392300	-0.581400	-0.852500	0.409800	-0.459000	-1.301500
1627307141.066986	0.389400	-0.569600	-0.858600	0.359100	-0.448300	-1.303600
1627307141.078611	0.388400	-0.561300	-0.864500	0.373500	-0.436100	-1.302400
1627307141.098334	0.390000	-0.556400	-0.867100	0.381400	-0.425400	-1.296300
1627307141.101618	0.394000	-0.560400	-0.876500	0.376200	-0.419900	-1.286500
1627307141.102512	0.397600	-0.569500	-0.886600	0.383900	-0.408600	-1.287700
1627307141.108140	0.395800	-0.576300	-0.897300	0.367400	-0.392700	-1.292600
1627307141.122172	0.393600	-0.571300	-0.906900	0.314800	-0.365800	-1.308500
1627307141.132040	0.392500	-0.554100	-0.911600	0.273600	-0.332800	-1.320100
1627307141.137709	0.391000	-0.534700	-0.913500	0.256800	-0.303200	-1.324700
1627307141.159950	0.388900	-0.515300	-0.922500	0.237600	-0.270200	-1.321600
1627307141.162060	0.389800	-0.501700	-0.920300	0.244000	-0.233900	-1.312800
1627307141.172143	0.391700	-0.491700	-0.908200	0.277000	-0.195700	-1.307600
1627307141.182406	0.397200	-0.488500	-0.883500	0.311500	-0.165500	-1.302700
1627307141.205389	0.403700	-0.489000	-0.847300	0.333200	-0.148300	-1.304500
1627307141.206288	0.408900	-0.489900	-0.821700	0.324600	-0.142500	-1.316800
1627307141.211036	0.422400	-0.473000	-0.808200	0.261700	-0.143200	-1.329900
1627307141.220845	0.432600	-0.441200	-0.804900	0.184400	-0.144100	-1.331700
1627307141.227359	0.435200	-0.400600	-0.815300	0.152700	-0.137000	-1.322600
1627307141.248299	0.437300	-0.357400	-0.816300	0.153300	-0.119600	-1.298400
1627307141.252022	0.446000	-0.320700	-0.810300	0.178000	-0.104700	-1.252900
1627307141.267386	0.453100	-0.299700	-0.796900	0.230900	-0.089400	-1.177800
1627307141.268353	0.456100	-0.301000	-0.781500	0.269000	-0.084500	-1.121000
1627307141.291030	0.461100	-0.310500	-0.767300	0.276100	-0.085100	-1.070600
1627307141.291972	0.466300	-0.320600	-0.756800	0.273000	-0.090900	-1.029300
1627307141.301371	0.473100	-0.328400	-0.748200	0.273600	-0.105000	-0.990900
1627307141.321757	0.465900	-0.340200	-0.758200	0.279700	-0.115400	-0.959100
1627307141.322450	0.466800	-0.354700	-0.774400	0.296500	-0.114700	-0.936500
1627307141.333272	0.455000	-0.358900	-0.782800	0.316100	-0.096700	-0.921200
1627307141.340699	0.461800	-0.354900	-0.773300	0.313000	-0.084200	-0.911400
1627307141.365049	0.459400	-0.338900	-0.757400	0.276700	-0.081800	-0.897400
1627307141.365970	0.459700	-0.322400	-0.744500	0.232100	-0.084200	-0.877200
1627307141.373453	0.459600	-0.304400	-0.734700	0.170700	-0.090900	-0.847000
1627307141.382064	0.461100	-0.296300	-0.736900	0.145300	-0.099200	-0.803900
1627307141.386087	0.465300	-0.305200	-0.753200	0.173400	-0.098300	-0.768500
1627307141.408867	0.467800	-0.313400	-0.772000	0.143200	-0.093400	-0.735200
1627307141.411006	0.465900	-0.307100	-0.785400	0.099200	-0.075700	-0.710500
1627307141.423382	0.463300	-0.290600	-0.785900	0.095900	-0.050000	-0.682100
1627307141.431237	0.469700	-0.276600	-0.774200	0.132500	-0.031100	-0.639900
1627307141.452376	0.471400	-0.280400	-0.765700	0.178600	-0.020400	-0.595300
1627307141.453184	0.465100	-0.293200	-0.761100	0.177700	-0.013000	-0.555300
1627307141.460778	0.465100	-0.294200	-0.753700	0.131600	-0.003900	-0.518000
1627307141.464887	0.468100	-0.286900	-0.753700	0.106500	0.004700	-0.479600
1627307141.490020	0.469400	-0.275500	-0.757700	0.108100	0.015100	-0.445000
1627307141.492113	0.473400	-0.270000	-0.755600	0.124600	0.027000	-0.410800
1627307141.505963	0.473900	-0.265100	-0.751700	0.146200	0.038300	-0.377500
1627307141.508636	0.475000	-0.255700	-0.743300	0.137700	0.049600	-0.342100
1627307141.532683	0.477700	-0.243900	-0.730100	0.120900	0.051400	-0.302100
1627307141.533769	0.479700	-0.227300	-0.720300	0.112300	0.047400	-0.242500
1627307141.546779	0.479700	-0.224000	-0.725000	0.125800	0.043500	-0.185100
1627307141.561991	0.481300	-0.234000	-0.734900	0.157600	0.047400	-0.132600
1627307141.563550	0.484500	-0.254800	-0.742900	0.200900	0.052900	-0.089800
1627307141.578987	0.484100	-0.272600	-0.744500	0.228100	0.059700	-0.060800
1627307141.583526	0.483800	-0.280800	-0.741700	0.199400	0.067900	-0.038800
1627307141.584422	0.488000	-0.272800	-0.735100	0.165500	0.074000	-0.018700
1627307141.610721	0.491100	-0.252800	-0.730500	0.149000	0.077700	0.018300
1627307141.619084	0.491900	-0.233800	-0.724900	0.154800	0.079200	0.055300
1627307141.619962	0.497400	-0.215900	-0.714500	0.138900	0.075200	0.101400
1627307141.626749	0.498800	-0.207600	-0.709400	0.128200	0.064500	0.159700
1627307141.650659	0.502100	-0.213600	-0.712600	0.138900	0.050800	0.216800
1627307141.659035	0.503300	-0.238500	-0.727800	0.159100	0.041300	0.268100
1627307141.659914	0.501600	-0.272800	-0.743500	0.175300	0.033700	0.308800
1627307141.673058	0.501200	-0.303000	-0.755700	0.155700	0.033700	0.335300
1627307141.691875	0.506100	-0.314200	-0.761200	0.117200	0.031600	0.353400
1627307141.704138	0.509200	-0.317700	-0.765900	0.096800	0.029400	0.371700
1627307141.705028	0.510100	-0.314200	-0.767700	0.100100	0.030900	0.392500
1627307141.713211	0.515500	-0.316700	-0.765700	0.126100	0.034000	0.409900
1627307141.720994	0.524800	-0.322500	-0.765900	0.133100	0.030000	0.426400
1627307141.729595	0.526200	-0.323100	-0.770300	0.091000	0.026400	0.448300
1627307141.739576	0.525500	-0.317500	-0.768400	0.071700	0.022400	0.478600
1627307141.743836	0.527600	-0.321400	-0.775900	0.088500	0.024200	0.505500
1627307141.769846	0.524500	-0.337200	-0.785400	0.105300	0.035200	0.529300
1627307141.770983	0.531600	-0.348800	-0.783200	0.096800	0.047100	0.549700
1627307141.785403	0.531500	-0.353400	-0.779900	0.067800	0.056000	0.567200
1627307141.796935	0.524300	-0.360800	-0.779300	0.042700	0.066700	0.584900
1627307141.812883	0.524400	-0.366200	-0.785300	0.016100	0.081300	0.605000
1627307141.817451	0.522800	-0.371900	-0.784800	0.009100	0.098100	0.620600
1627307141.818363	0.519500	-0.377600	-0.780600	0.002700	0.112800	0.631900
1627307141.839830	0.518300	-0.376800	-0.767700	-0.031500	0.127500	0.643200
1627307141.840676	0.515300	-0.364400	-0.746500	-0.073700	0.132000	0.656000
1627307141.853356	0.515000	-0.353800	-0.731400	-0.102100	0.128100	0.679900
1627307141.861188	0.510600	-0.349900	-0.729500	-0.100800	0.120700	0.711000
1627307141.883954	0.496600	-0.386800	-0.782200	-0.083100	0.113700	0.748000
1627307141.885268	0.498300	-0.408900	-0.801500	-0.053200	0.170200	0.732400
1627307141.894692	0.503100	-0.391400	-0.746200	-0.061100	0.187900	0.738800
1627307141.909526	0.492900	-0.388900	-0.716100	-0.084400	0.184900	0.753200
1627307141.916077	0.500100	-0.415200	-0.753700	-0.121000	0.181200	0.770300
1627307141.928517	0.500600	-0.396400	-0.741600	-0.148800	0.199500	0.767500
1627307141.930790	0.501000	-0.379500	-0.732100	-0.192800	0.192500	0.793500
1627307141.938716	0.485500	-0.387800	-0.750900	-0.163500	0.188500	0.835000
1627307141.959271	0.505700	-0.403900	-0.757100	-0.121900	0.208400	0.845100
1627307141.960154	0.501200	-0.410400	-0.735400	-0.159200	0.207200	0.869500
1627307141.970844	0.492800	-0.425200	-0.729000	-0.165600	0.203200	0.892100
1627307141.981766	0.495800	-0.443700	-0.736200	-0.194900	0.195000	0.910800
1627307142.011195	0.492900	-0.460300	-0.754800	-0.244700	0.185800	0.927300
1627307142.012030	0.485100	-0.476900	-0.784800	-0.258400	0.190400	0.932800
1627307142.013470	0.480200	-0.487500	-0.817700	-0.280100	0.214200	0.938300
1627307142.024896	0.479500	-0.487700	-0.826200	-0.295100	0.246000	0.942800
1627307142.025808	0.474000	-0.482200	-0.820200	-0.277400	0.279900	0.949300
1627307142.048170	0.479600	-0.477900	-0.804100	-0.258400	0.306100	0.959300
1627307142.060218	0.475600	-0.474600	-0.783400	-0.265200	0.319900	0.974300
1627307142.061106	0.470000	-0.465600	-0.769700	-0.287200	0.330300	0.993200
1627307142.070504	0.468600	-0.465600	-0.767900	-0.311900	0.332100	1.019800
1627307142.095145	0.462000	-0.470500	-0.770300	-0.297800	0.333300	1.047000
1627307142.096030	0.457000	-0.482700	-0.776200	-0.291400	0.337900	1.073600
1627307142.098547	0.456700	-0.499600	-0.786100	-0.286900	0.341900	1.100100
1627307142.109885	0.451200	-0.522000	-0.795400	-0.255400	0.351300	1.114800
1627307142.113624	0.446200	-0.548800	-0.803300	-0.236500	0.367800	1.121200
1627307142.137531	0.437400	-0.568200	-0.799900	-0.242300	0.386200	1.116600
1627307142.138392	0.434300	-0.578700	-0.793100	-0.272800	0.405400	1.102900
1627307142.150861	0.438000	-0.575100	-0.795000	-0.317400	0.420400	1.089100
1627307142.154141	0.425400	-0.559400	-0.790000	-0.350700	0.436900	1.080600
