1627307151.270378	0.618200	-0.328400	-0.732500	0.015800	0.055500	0.032700
1627307151.271330	0.619300	-0.329500	-0.727100	0.020700	0.057100	0.038800
1627307151.272259	0.622300	-0.329700	-0.721400	0.031700	0.054600	0.046400
1627307151.273037	0.620000	-0.328200	-0.716400	0.037200	0.049700	0.055000
1627307151.276800	0.616100	-0.329100	-0.706300	0.034100	0.039300	0.066000
1627307151.277356	0.616800	-0.334700	-0.699100	0.039300	0.027700	0.074200
1627307151.277911	0.615600	-0.345600	-0.693400	0.042700	0.009700	0.079100
1627307151.278465	0.612700	-0.362500	-0.686600	0.035900	-0.017200	0.078500
1627307151.279019	0.611300	-0.371700	-0.687300	0.043900	-0.039200	0.073600
1627307151.279557	0.606600	-0.381000	-0.689600	0.049700	-0.055000	0.062000
1627307151.280050	0.612400	-0.386500	-0.694600	0.049400	-0.077900	0.048200
1627307151.280543	0.615600	-0.388300	-0.700000	0.045100	-0.095100	0.034200
1627307151.281036	0.606400	-0.384800	-0.707300	0.029800	-0.108500	0.021400
1627307151.281537	0.607500	-0.378400	-0.725600	0.024000	-0.119500	0.009800
1627307151.282024	0.605700	-0.377800	-0.737500	0.033500	-0.122800	0.003000
1627307151.282479	0.601300	-0.378800	-0.747100	0.031100	-0.126800	-0.006100
1627307151.282928	0.604900	-0.375600	-0.753500	0.029500	-0.124400	-0.019000
1627307151.283383	0.606900	-0.372900	-0.762100	0.039000	-0.116400	-0.029300
1627307151.283788	0.609600	-0.365000	-0.774900	0.033800	-0.103300	-0.036100
1627307151.284226	0.602900	-0.353900	-0.784100	0.037500	-0.076400	-0.036400
1627307151.284630	0.604600	-0.353900	-0.789300	0.044800	-0.052000	-0.031800
1627307151.285069	0.608000	-0.353400	-0.795500	0.034100	-0.031800	-0.028400
1627307151.285475	0.602800	-0.350100	-0.794600	0.007500	-0.015900	-0.024100
1627307151.285881	0.598300	-0.350600	-0.791900	-0.001900	-0.006800	-0.022000
1627307151.286320	0.599200	-0.353500	-0.786600	0.000200	-0.000100	-0.020800
1627307151.286728	0.601000	-0.343500	-0.768900	0.015500	0.002700	-0.017700
1627307151.287133	0.593600	-0.327300	-0.723600	0.061600	-0.008300	-0.007300
1627307151.287571	0.611100	-0.332800	-0.733800	0.088500	-0.025400	0.004000
1627307151.287975	0.617400	-0.325200	-0.738400	0.110200	-0.052000	0.018900
1627307151.288380	0.610500	-0.306000	-0.724900	0.132500	-0.088900	0.047000
1627307151.288899	0.618500	-0.280200	-0.661000	0.207000	-0.143300	0.080900
1627307151.289371	0.614300	-0.280500	-0.609000	0.342300	-0.222700	0.130100
1627307151.289862	0.663700	-0.343900	-0.615500	0.457400	-0.328400	0.152700
1627307151.290318	0.627400	-0.363200	-0.666700	0.438200	-0.408400	0.163700
1627307151.290794	0.611800	-0.367200	-0.708600	0.441600	-0.467400	0.155100
1627307151.291265	0.614700	-0.382400	-0.728800	0.572000	-0.501900	0.143500
1627307151.291828	0.620200	-0.388900	-0.743400	0.578700	-0.528200	0.125200
1627307151.292293	0.609500	-0.387200	-0.770000	0.517600	-0.546800	0.110900
1627307151.292759	0.590300	-0.397000	-0.812300	0.546900	-0.531500	0.084600
1627307151.293231	0.571900	-0.405500	-0.855600	0.513300	-0.499800	0.060800
1627307151.293696	0.571800	-0.406900	-0.889500	0.434500	-0.442900	0.038200
1627307151.294211	0.541500	-0.396100	-0.895500	0.420800	-0.350700	0.011900
1627307151.294714	0.528600	-0.379600	-0.891400	0.356000	-0.271300	0.002700
1627307151.295199	0.515100	-0.360800	-0.878100	0.297100	-0.189100	0.001500
1627307151.295671	0.496100	-0.346800	-0.859700	0.240600	-0.092600	0.013400
1627307151.296139	0.479000	-0.348600	-0.847800	0.200300	-0.019300	0.031100
1627307151.296618	0.475700	-0.366600	-0.844000	0.169400	0.055200	0.049800
1627307151.297086	0.469800	-0.394500	-0.837300	0.091500	0.151700	0.058600
1627307151.297550	0.467700	-0.407600	-0.796100	0.045400	0.211600	0.059500
1627307151.298026	0.474700	-0.417100	-0.731300	0.041700	0.251000	0.052800
1627307151.298494	0.502900	-0.424000	-0.655800	0.006600	0.246100	0.036600
1627307151.298947	0.511700	-0.419600	-0.614900	-0.080100	0.193000	0.022300
1627307151.299415	0.509000	-0.411600	-0.591200	-0.098500	0.120600	0.010700
1627307151.299878	0.512700	-0.417000	-0.582500	-0.045600	0.021600	-0.004300
1627307151.300342	0.518200	-0.420000	-0.586300	-0.032200	-0.073400	-0.019000
1627307151.300775	0.513800	-0.415900	-0.602100	-0.010200	-0.156400	-0.033000
1627307151.301197	0.520500	-0.406000	-0.634900	0.036900	-0.241700	-0.055000
1627307151.301637	0.532300	-0.382000	-0.668100	0.048500	-0.307000	-0.067200
1627307151.302073	0.525400	-0.347800	-0.695300	0.025200	-0.355600	-0.062000
1627307151.302495	0.522500	-0.309300	-0.734900	0.040500	-0.379700	-0.035700
1627307151.302946	0.530500	-0.292700	-0.772800	0.114400	-0.374200	-0.005500
1627307151.303428	0.534200	-0.294300	-0.800400	0.144100	-0.355600	0.028100
1627307151.303944	0.541500	-0.301400	-0.822800	0.123000	-0.323200	0.059900
1627307151.304499	0.557000	-0.314000	-0.831300	0.115700	-0.278900	0.077900
1627307151.304994	0.569800	-0.319900	-0.827400	0.078100	-0.242000	0.084300
1627307151.305518	0.589000	-0.314000	-0.814100	0.034100	-0.203500	0.091300
1627307151.305985	0.609600	-0.308300	-0.813500	-0.006800	-0.171100	0.102300
1627307151.306464	0.609300	-0.298600	-0.811300	-0.049000	-0.148200	0.117300
1627307151.306943	0.620000	-0.288100	-0.811900	-0.090800	-0.133200	0.136500
1627307151.307415	0.618800	-0.271000	-0.804600	-0.121100	-0.129900	0.154500
1627307151.307878	0.620000	-0.263300	-0.807600	-0.123200	-0.133500	0.179000
1627307151.308390	0.616900	-0.260900	-0.816200	-0.107000	-0.136900	0.201300
1627307151.308878	0.617700	-0.262700	-0.831100	-0.099400	-0.140300	0.225100
1627307151.309347	0.607500	-0.265700	-0.850000	-0.093600	-0.133500	0.243700
1627307151.309860	0.599500	-0.264300	-0.859700	-0.072500	-0.110600	0.257200
1627307151.310341	0.581700	-0.261700	-0.858400	-0.068500	-0.070300	0.278200
1627307151.310850	0.571200	-0.265700	-0.859500	-0.057800	-0.018700	0.300500
1627307151.311335	0.555800	-0.283600	-0.846400	-0.045000	0.042400	0.325600
1627307151.311839	0.544900	-0.312100	-0.826300	-0.074300	0.122700	0.356100
1627307151.312309	0.542500	-0.338500	-0.810900	-0.093600	0.182600	0.373800
1627307151.312773	0.533200	-0.373500	-0.792100	-0.140600	0.232700	0.385700
1627307151.313232	0.535900	-0.409400	-0.766800	-0.295800	0.273600	0.388500
1627307151.313695	0.532600	-0.424700	-0.747100	-0.411500	0.284900	0.385700
1627307151.314156	0.520900	-0.429700	-0.720800	-0.499500	0.282200	0.379900
1627307151.314595	0.509000	-0.425000	-0.678600	-0.571000	0.244900	0.379900
1627307151.315043	0.502600	-0.425800	-0.653700	-0.543500	0.195100	0.380600
1627307151.315460	0.507900	-0.429400	-0.628200	-0.497700	0.128200	0.379000
1627307151.315878	0.509500	-0.422400	-0.606900	-0.466200	0.029900	0.377500
1627307151.316474	0.496700	-0.414900	-0.616900	-0.399000	-0.057500	0.382400
1627307151.316903	0.489000	-0.415900	-0.662400	-0.325400	-0.119500	0.387000
1627307151.317362	0.491700	-0.426300	-0.725300	-0.260600	-0.169600	0.387900
1627307151.317806	0.500200	-0.436900	-0.780500	-0.240500	-0.194300	0.380300
1627307151.318225	0.509000	-0.444600	-0.827400	-0.263700	-0.201600	0.367700
1627307151.318699	0.515000	-0.445200	-0.871100	-0.325400	-0.187600	0.349400
1627307151.319121	0.513300	-0.440100	-0.899700	-0.372400	-0.154900	0.334100
1627307151.319541	0.513200	-0.427000	-0.914700	-0.404200	-0.109400	0.319800
1627307151.319990	0.523400	-0.406200	-0.906600	-0.432300	-0.061800	0.313400
1627307151.320411	0.551800	-0.409500	-0.853400	-0.388000	-0.036400	0.303900
1627307151.320831	0.542700	-0.377400	-0.862900	-0.363900	-0.037000	0.296300
1627307151.321297	0.556800	-0.323500	-0.903100	-0.505000	-0.028500	0.327400
1627307151.321746	0.565700	-0.305900	-0.918000	-0.347700	0.010600	0.367400
1627307151.322206	0.560300	-0.329500	-0.916600	-0.207200	0.047000	0.402500
1627307151.322625	0.563800	-0.351300	-0.919400	-0.321700	0.063800	0.444400
1627307151.323046	0.560900	-0.345200	-0.914100	-0.288400	0.098900	0.477100
1627307151.323495	0.552900	-0.344200	-0.934000	-0.278000	0.134600	0.516200
1627307151.323912	0.556800	-0.353900	-0.947000	-0.317800	0.189000	0.566900
1627307151.324337	0.557000	-0.381700	-0.937100	-0.281400	0.260500	0.612700
1627307151.324787	0.548100	-0.408600	-0.919300	-0.297600	0.308700	0.650600
1627307151.325207	0.551000	-0.457200	-0.891000	-0.245100	0.357000	0.674400
1627307151.325626	0.531600	-0.538300	-0.892900	-0.178200	0.396100	0.671000
1627307151.326137	0.523200	-0.620700	-0.969100	-0.245700	0.466600	0.631000
1627307151.326678	0.559000	-0.649800	-0.960700	-0.369700	0.553100	0.558600
1627307151.327120	0.533700	-0.604700	-0.882400	-0.570700	0.589700	0.499700
1627307151.327587	0.530300	-0.579200	-0.824800	-0.571000	0.590900	0.470700
1627307151.328046	0.533700	-0.597800	-0.808300	-0.458600	0.584200	0.441900
1627307151.328508	0.527600	-0.630100	-0.830700	-0.434400	0.563200	0.397000
1627307151.328940	0.519800	-0.668300	-0.872100	-0.411200	0.572300	0.345100
1627307151.329358	0.535500	-0.692100	-0.883500	-0.379800	0.589400	0.271500
1627307151.329801	0.542200	-0.681200	-0.856100	-0.436300	0.583000	0.180200
1627307151.330220	0.544300	-0.649200	-0.818700	-0.400800	0.564700	0.112100
1627307151.330642	0.537700	-0.608800	-0.804000	-0.335800	0.539000	0.057100
1627307151.331087	0.533200	-0.551500	-0.825200	-0.340400	0.507300	0.026900
1627307151.331505	0.544200	-0.508300	-0.825000	-0.322300	0.493200	0.027800
1627307151.331924	0.543800	-0.489900	-0.795300	-0.171500	0.480700	0.034500
1627307151.332369	0.536900	-0.501200	-0.788700	-0.067900	0.452000	0.060500
1627307151.332822	0.552700	-0.538600	-0.835200	-0.055700	0.434000	0.074800
1627307151.333284	0.554400	-0.572100	-0.891100	-0.021800	0.443100	0.065300
1627307151.333857	0.545500	-0.581700	-0.930200	-0.087800	0.479500	0.043700
1627307151.334367	0.553000	-0.564900	-0.934700	-0.129900	0.523800	0.018900
1627307151.334893	0.544200	-0.540600	-0.894000	-0.153400	0.551900	0.005800
1627307151.335390	0.530000	-0.521200	-0.878700	-0.181800	0.561600	0.000300
1627307151.335814	0.510400	-0.492600	-0.872200	-0.166600	0.575400	-0.002800
1627307151.336268	0.502100	-0.479700	-0.877200	-0.083200	0.598900	0.000600
1627307151.336744	0.500200	-0.472300	-0.858600	0.023100	0.623600	0.004300
1627307151.337163	0.492600	-0.469600	-0.821800	0.106800	0.638900	0.008200
1627307151.337614	0.448200	-0.462000	-0.779800	0.197200	0.646800	0.011000
1627307151.338033	0.479100	-0.493400	-0.748300	0.299800	0.638600	0.020100
1627307151.338482	0.505900	-0.571000	-0.703200	0.547500	0.635800	-0.035400
1627307151.338901	0.478600	-0.590000	-0.674000	0.476700	0.587300	-0.093200
1627307151.339331	0.481100	-0.572000	-0.673700	0.325500	0.539000	-0.154300
1627307151.339815	0.483200	-0.560200	-0.674900	0.489200	0.528000	-0.225100
1627307151.340304	0.481600	-0.555400	-0.664800	0.441200	0.507600	-0.274600
1627307151.340738	0.488300	-0.525500	-0.641000	0.381400	0.485000	-0.321000
1627307151.341206	0.506300	-0.507100	-0.621100	0.459300	0.466900	-0.365900
1627307151.341646	0.496600	-0.495400	-0.621500	0.403700	0.439800	-0.393100
1627307151.342077	0.496300	-0.459400	-0.617300	0.328800	0.420500	-0.410500
1627307151.342528	0.490100	-0.437300	-0.636400	0.392700	0.417800	-0.418200
1627307151.342951	0.493300	-0.424700	-0.635400	0.419000	0.423000	-0.419700
1627307151.343376	0.500600	-0.403800	-0.612200	0.402800	0.420200	-0.412000
1627307151.343830	0.505000	-0.394900	-0.586200	0.458000	0.413800	-0.401000
1627307151.344252	0.509800	-0.402000	-0.576900	0.491000	0.395800	-0.391900
1627307151.344705	0.509900	-0.407000	-0.584800	0.479400	0.371300	-0.387600
1627307151.345126	0.506200	-0.405200	-0.612800	0.475800	0.349000	-0.380900
1627307151.345544	0.499000	-0.411300	-0.625600	0.484300	0.344800	-0.377500
1627307151.345992	0.492900	-0.423200	-0.623000	0.490400	0.340500	-0.377200
1627307151.346433	0.491700	-0.436400	-0.612500	0.494100	0.327700	-0.387300
1627307151.346917	0.499900	-0.439600	-0.604400	0.498100	0.313000	-0.402900
1627307151.347370	0.505000	-0.431500	-0.595000	0.489200	0.288900	-0.418200
1627307151.347791	0.517200	-0.424000	-0.605800	0.504200	0.265100	-0.433400
1627307151.348210	0.535200	-0.422700	-0.620000	0.539600	0.254400	-0.450800
1627307151.348660	0.551600	-0.420800	-0.631700	0.523100	0.250700	-0.468500
1627307151.349078	0.560700	-0.400900	-0.641800	0.455300	0.249500	-0.481400
1627307151.349535	0.561400	-0.389800	-0.636000	0.451300	0.262300	-0.489900
1627307151.349955	0.569100	-0.372600	-0.603400	0.471500	0.269900	-0.495700
1627307151.350374	0.577900	-0.358500	-0.570400	0.442500	0.256500	-0.489000
1627307151.350820	0.595000	-0.354100	-0.558100	0.462900	0.240900	-0.479800
1627307151.351239	0.599100	-0.363600	-0.543600	0.484600	0.222600	-0.473100
1627307151.351663	0.596200	-0.383200	-0.527500	0.486800	0.192400	-0.470100
1627307151.352118	0.603900	-0.409900	-0.522900	0.516400	0.160300	-0.480200
1627307151.352542	0.613300	-0.446400	-0.535000	0.535600	0.135500	-0.507000
1627307151.352968	0.636400	-0.453500	-0.527600	0.510900	0.104100	-0.552500
1627307151.353424	0.637100	-0.423500	-0.514500	0.419600	0.059500	-0.590100
1627307151.353845	0.643800	-0.399700	-0.512100	0.431800	0.029000	-0.611500
1627307151.354293	0.647300	-0.378700	-0.531400	0.458400	-0.004900	-0.622200
1627307151.354714	0.647700	-0.340000	-0.544600	0.393300	-0.023600	-0.611800
1627307151.355136	0.654800	-0.324100	-0.527300	0.512700	-0.026000	-0.592900
1627307151.355715	0.665500	-0.331100	-0.523900	0.623900	-0.037600	-0.572400
1627307151.356159	0.657000	-0.318100	-0.505900	0.531300	-0.077000	-0.534800
1627307151.356579	0.659700	-0.324100	-0.473100	0.614100	-0.114000	-0.505500
1627307151.357020	0.680800	-0.373900	-0.447600	0.753400	-0.172600	-0.487500
1627307151.357437	0.691400	-0.422900	-0.404400	0.815700	-0.272200	-0.504000
1627307151.357854	0.656600	-0.428200	-0.390600	0.703600	-0.381500	-0.511300
1627307151.358299	0.669100	-0.415400	-0.365700	0.736900	-0.511100	-0.529600
1627307151.358726	0.665000	-0.426000	-0.372100	0.906400	-0.650900	-0.549800
1627307151.359175	0.658000	-0.439800	-0.343800	0.923200	-0.795400	-0.573000
1627307151.359594	0.638800	-0.438100	-0.325400	0.965700	-0.962500	-0.597100
1627307151.360008	0.632700	-0.446700	-0.330400	1.116600	-1.172000	-0.632600
1627307151.360455	0.635000	-0.464600	-0.371700	1.192300	-1.335400	-0.662200
1627307151.360870	0.600500	-0.498900	-0.437400	1.248200	-1.470100	-0.703400
1627307151.361291	0.593100	-0.533700	-0.539900	1.300100	-1.589500	-0.770600
1627307151.361739	0.587900	-0.544900	-0.611200	1.280000	-1.652800	-0.833800
1627307151.362217	0.576700	-0.530500	-0.687100	1.224400	-1.676900	-0.897700
1627307151.362620	0.561600	-0.498500	-0.775800	1.128500	-1.655500	-0.964000
1627307151.363073	0.557500	-0.467000	-0.838500	1.068600	-1.600500	-1.005800
1627307151.363478	0.551500	-0.437300	-0.879200	1.030100	-1.515900	-1.037900
1627307151.363881	0.563600	-0.415200	-0.905600	0.997100	-1.393400	-1.066300
1627307151.364366	0.569300	-0.401100	-0.910800	0.965100	-1.275500	-1.089800
1627307151.364825	0.586100	-0.386700	-0.893300	0.937300	-1.168300	-1.109300
1627307151.365300	0.597200	-0.368900	-0.866700	0.899400	-1.058700	-1.124600
1627307151.365801	0.595900	-0.355600	-0.848300	0.840400	-0.976200	-1.130400
1627307151.366248	0.601000	-0.344400	-0.827400	0.802900	-0.907500	-1.134100
1627307151.366703	0.612400	-0.336700	-0.785300	0.800100	-0.849500	-1.135000
1627307151.367129	0.619000	-0.335400	-0.743900	0.783000	-0.826900	-1.132300
1627307151.367566	0.629000	-0.339000	-0.706200	0.771100	-0.830800	-1.131600
1627307151.368045	0.630900	-0.345500	-0.677100	0.774500	-0.853700	-1.138400
1627307151.368965	0.632600	-0.348100	-0.647600	0.759500	-0.896500	-1.151500
1627307151.369418	0.638200	-0.343600	-0.646100	0.756100	-0.939000	-1.163100
1627307151.369827	0.654500	-0.320200	-0.648800	0.740900	-0.993900	-1.174700
1627307151.371534	0.660900	-0.297900	-0.670800	0.711600	-1.037600	-1.172300
1627307151.371952	0.658000	-0.271900	-0.679900	0.688000	-1.063000	-1.160000
1627307151.372369	0.654300	-0.252700	-0.692500	0.709400	-1.075500	-1.130700
1627307151.374172	0.657300	-0.263100	-0.715200	0.741800	-1.076700	-1.091300
1627307151.374605	0.656900	-0.282700	-0.735500	0.725600	-1.070600	-1.060200
1627307151.375062	0.658300	-0.302600	-0.751200	0.680400	-1.063600	-1.039400
1627307151.377798	0.651900	-0.324700	-0.767900	0.635500	-1.059600	-1.029900
1627307151.378305	0.637200	-0.334000	-0.779400	0.590900	-1.051100	-1.031200
1627307151.378788	0.628400	-0.332500	-0.790400	0.550900	-1.037300	-1.040600
1627307151.379233	0.629500	-0.330800	-0.807400	0.540800	-1.015600	-1.056800
1627307151.379651	0.638400	-0.315700	-0.818200	0.520700	-0.992700	-1.074200
1627307151.381795	0.632000	-0.281100	-0.834400	0.459600	-0.970700	-1.083400
1627307151.382215	0.618400	-0.251300	-0.871000	0.409200	-0.926100	-1.072400
1627307151.382662	0.615000	-0.231900	-0.898100	0.359700	-0.884600	-1.051000
1627307151.384737	0.602200	-0.214200	-0.915000	0.327600	-0.840900	-1.017400
1627307151.385205	0.600100	-0.205800	-0.926600	0.351400	-0.776800	-0.969800
1627307151.385726	0.615100	-0.207800	-0.923200	0.343800	-0.734600	-0.931900
1627307151.387621	0.621000	-0.199500	-0.909900	0.305000	-0.706500	-0.891000
1627307151.388115	0.647600	-0.190700	-0.934400	0.277800	-0.697700	-0.840300
1627307151.388532	0.667400	-0.151600	-0.859000	0.379500	-0.720600	-0.797200
1627307151.388950	0.634500	-0.162200	-0.847700	0.572000	-0.753900	-0.738900
1627307151.391090	0.713700	-0.195700	-0.943200	0.672200	-0.806100	-0.689400
1627307151.391538	0.646900	-0.186900	-0.976900	0.781200	-0.842400	-0.642300
1627307151.391954	0.629200	-0.200000	-1.013900	0.866100	-0.827200	-0.595900
1627307151.392369	0.638400	-0.248500	-1.055300	0.943100	-0.774600	-0.554100
1627307151.392810	0.650800	-0.288300	-1.083000	0.871900	-0.668300	-0.540300
1627307151.395375	0.729600	-0.286000	-1.073400	0.600100	-0.541600	-0.540900
1627307151.395813	0.616900	-0.272300	-1.137900	0.211900	-0.396800	-0.525700
1627307151.396240	0.588400	-0.269500	-1.136600	0.164200	-0.219100	-0.513100
1627307151.396685	0.617600	-0.275600	-1.047400	0.243900	-0.079200	-0.507600
1627307151.398837	0.626600	-0.266400	-0.974400	0.162700	-0.005300	-0.497000
1627307151.399319	0.615600	-0.250500	-0.966700	0.190200	0.038700	-0.483500
1627307151.399750	0.610100	-0.257700	-0.983200	0.323700	0.071400	-0.468900
1627307151.400203	0.608500	-0.279300	-1.002100	0.348400	0.098300	-0.445600
1627307151.402896	0.621600	-0.302900	-1.008300	0.360900	0.137700	-0.431000
1627307151.403306	0.624000	-0.326500	-0.997200	0.372200	0.179500	-0.429100
1627307151.403756	0.632900	-0.333300	-0.968600	0.342600	0.219500	-0.435900
1627307151.404191	0.640300	-0.322600	-0.930800	0.318200	0.240000	-0.446900
1627307151.405887	0.645600	-0.301300	-0.909400	0.296200	0.243700	-0.450200
1627307151.406325	0.627800	-0.283200	-0.922100	0.287600	0.245200	-0.441100
1627307151.406732	0.637800	-0.270400	-0.934300	0.327300	0.266900	-0.425800
1627307151.407180	0.647000	-0.268800	-0.947100	0.341700	0.290700	-0.412700
1627307151.409250	0.636400	-0.251100	-0.958900	0.314800	0.325500	-0.391000
1627307151.409697	0.625100	-0.239000	-0.963400	0.338000	0.382000	-0.360700
1627307151.410099	0.620400	-0.231700	-0.958600	0.358800	0.441000	-0.333200
1627307151.410501	0.617200	-0.221200	-0.946000	0.362800	0.507600	-0.302100
1627307151.412607	0.622900	-0.207900	-0.925400	0.346900	0.580600	-0.264200
1627307151.413055	0.621100	-0.198100	-0.904500	0.320900	0.630700	-0.228200
1627307151.413458	0.620100	-0.194800	-0.877300	0.295900	0.667600	-0.191200
1627307151.415211	0.626800	-0.195700	-0.846100	0.281800	0.700300	-0.146000
1627307151.415651	0.615800	-0.200200	-0.821900	0.267500	0.717100	-0.113900
1627307151.416055	0.610600	-0.211900	-0.794400	0.258300	0.726900	-0.085800
1627307151.417868	0.619900	-0.228100	-0.762700	0.293700	0.735700	-0.066000
1627307151.418282	0.621900	-0.230200	-0.734900	0.261700	0.726300	-0.055000
1627307151.418699	0.616000	-0.223400	-0.710800	0.243900	0.710400	-0.043700
1627307151.419141	0.616500	-0.219100	-0.688800	0.266800	0.681400	-0.031500
1627307151.421666	0.623400	-0.218900	-0.686400	0.237200	0.651700	-0.016800
1627307151.422075	0.618900	-0.206400	-0.697000	0.200900	0.622100	-0.000300
1627307151.422527	0.606300	-0.191900	-0.717200	0.176100	0.608400	0.030200
1627307151.422934	0.593300	-0.186500	-0.712900	0.179800	0.612000	0.067500
1627307151.424667	0.603100	-0.189500	-0.695800	0.208500	0.617800	0.099900
1627307151.425106	0.602300	-0.200300	-0.674900	0.200900	0.618700	0.135600
1627307151.425513	0.601600	-0.208100	-0.656600	0.186500	0.616600	0.161900
1627307151.425917	0.603300	-0.221600	-0.636800	0.192600	0.612000	0.179300
1627307151.426372	0.614700	-0.230700	-0.612500	0.168500	0.595200	0.189700
1627307151.428907	0.624900	-0.232400	-0.599400	0.116900	0.568000	0.195500
1627307151.429316	0.615400	-0.238300	-0.595800	0.077500	0.545700	0.204000
1627307151.429766	0.615500	-0.238800	-0.597500	0.026800	0.528300	0.210700
1627307151.430174	0.605700	-0.232400	-0.575800	-0.034600	0.517600	0.223000
1627307151.432727	0.605000	-0.231600	-0.562000	-0.057200	0.507900	0.236400
1627307151.433179	0.614100	-0.231800	-0.543800	-0.091400	0.487100	0.248300
1627307151.433587	0.614300	-0.226000	-0.527600	-0.131100	0.453200	0.263900
1627307151.434000	0.622100	-0.220900	-0.524500	-0.166000	0.415900	0.275500
1627307151.434450	0.616900	-0.212000	-0.539300	-0.220000	0.377800	0.293200
1627307151.436527	0.599000	-0.207600	-0.558300	-0.274700	0.346000	0.322200
1627307151.436978	0.605500	-0.214400	-0.562400	-0.265800	0.336500	0.345100
1627307151.437385	0.612900	-0.219500	-0.549200	-0.292400	0.320600	0.369900
1627307151.437791	0.616600	-0.223900	-0.529200	-0.334900	0.291900	0.397400
1627307151.439418	0.616800	-0.230500	-0.509400	-0.312600	0.261400	0.417200
1627307153.309528	0.644200	-0.159800	-0.695100	0.648300	0.126700	-0.168600
1627307153.311790	0.646000	-0.156100	-0.698600	0.615000	0.137100	-0.150900
1627307153.330344	0.647700	-0.153000	-0.705700	0.567700	0.153000	-0.131700
1627307153.341727	0.647100	-0.159900	-0.705000	0.513900	0.178600	-0.104200
1627307153.342630	0.646000	-0.170500	-0.695600	0.470300	0.201800	-0.083700
1627307153.365976	0.645000	-0.176800	-0.682400	0.416200	0.224100	-0.068700
1627307153.366885	0.640600	-0.175800	-0.659800	0.348400	0.242800	-0.047000
1627307153.370529	0.649500	-0.170700	-0.639300	0.306600	0.251000	-0.028700
1627307153.381760	0.649500	-0.172000	-0.616500	0.277800	0.250100	-0.008600
1627307153.401212	0.648900	-0.172000	-0.589800	0.240900	0.238500	0.016500
1627307153.402369	0.651100	-0.169400	-0.565100	0.206400	0.213100	0.040300
1627307153.412047	0.651000	-0.175700	-0.555300	0.175500	0.178900	0.061100
1627307153.418528	0.651500	-0.191300	-0.550300	0.142800	0.134300	0.080900
1627307153.442574	0.652000	-0.208500	-0.554000	0.096700	0.094000	0.091000
1627307153.443481	0.653200	-0.218300	-0.558500	0.045700	0.058900	0.097100
1627307153.453171	0.647100	-0.223900	-0.575200	-0.016000	0.027100	0.101700
1627307153.462204	0.647100	-0.224400	-0.596200	-0.062700	0.010300	0.106300
1627307153.484198	0.646100	-0.225600	-0.612100	-0.089300	0.003300	0.112100
1627307153.490180	0.645500	-0.225800	-0.627300	-0.132700	0.003000	0.120300
1627307153.491090	0.642300	-0.219100	-0.639800	-0.186100	0.009400	0.132800
1627307153.502353	0.643800	-0.214000	-0.642600	-0.213000	0.018300	0.146600
1627307153.519194	0.644500	-0.218400	-0.642200	-0.240800	0.026800	0.165500
1627307153.526815	0.644200	-0.224100	-0.641100	-0.285100	0.033200	0.184500
1627307153.527734	0.647900	-0.235200	-0.631600	-0.307700	0.037200	0.199400
1627307153.550945	0.651100	-0.247100	-0.619000	-0.327800	0.032900	0.210700
1627307153.552101	0.656200	-0.252900	-0.606900	-0.339100	0.019200	0.216800
1627307153.563155	0.663100	-0.252000	-0.593400	-0.373600	-0.008300	0.223000
1627307153.570637	0.661700	-0.237100	-0.592800	-0.415200	-0.046500	0.236400
1627307153.590360	0.664100	-0.227300	-0.600200	-0.419500	-0.083400	0.257800
1627307153.591195	0.664700	-0.224400	-0.606300	-0.425900	-0.111200	0.281300
1627307153.603160	0.664600	-0.224700	-0.607300	-0.432300	-0.134100	0.310300
1627307153.610574	0.669800	-0.236600	-0.603800	-0.417900	-0.152800	0.337200
1627307153.634634	0.678100	-0.250500	-0.601700	-0.417900	-0.167400	0.356100
1627307153.635806	0.686200	-0.260500	-0.603400	-0.425000	-0.183000	0.373800
1627307153.643175	0.698200	-0.272600	-0.608400	-0.403900	-0.206800	0.387300
1627307153.656653	0.705000	-0.282100	-0.624000	-0.381600	-0.226400	0.391900
1627307153.657558	0.704500	-0.284800	-0.651200	-0.398700	-0.245300	0.393700
1627307153.680928	0.700900	-0.279500	-0.696200	-0.435700	-0.250800	0.393100
1627307153.683347	0.696000	-0.273800	-0.725800	-0.455200	-0.240100	0.393100
1627307153.694374	0.685300	-0.263800	-0.735200	-0.489400	-0.218400	0.400400
1627307153.697947	0.691400	-0.263700	-0.732200	-0.508600	-0.186100	0.418400
1627307153.723585	0.692500	-0.278100	-0.723500	-0.494000	-0.161600	0.432200
1627307153.724398	0.688800	-0.299800	-0.714400	-0.480900	-0.144200	0.441000
1627307153.731882	0.694000	-0.319800	-0.710100	-0.455500	-0.129600	0.438000
1627307153.743018	0.698100	-0.326200	-0.720300	-0.443000	-0.118600	0.428200
1627307153.762186	0.683000	-0.315200	-0.748200	-0.523600	-0.108500	0.424200
1627307153.763003	0.657500	-0.284500	-0.785800	-0.593600	-0.073400	0.439200
1627307153.773140	0.655000	-0.265100	-0.801600	-0.590200	-0.022700	0.466100
1627307153.780800	0.656900	-0.246700	-0.796800	-0.649500	0.019200	0.508200
1627307153.799943	0.645300	-0.229700	-0.777600	-0.733400	0.055800	0.576900
1627307153.800896	0.642800	-0.225300	-0.756600	-0.720300	0.085500	0.646000
1627307153.812014	0.635900	-0.243500	-0.738000	-0.696500	0.103500	0.706800
1627307153.819248	0.631000	-0.275400	-0.721100	-0.729500	0.095500	0.761100
1627307153.850563	0.637800	-0.307100	-0.716300	-0.727300	0.071400	0.790100
1627307153.851493	0.638300	-0.335100	-0.711800	-0.708700	0.038400	0.794700
1627307153.867118	0.634300	-0.357100	-0.707300	-0.777700	-0.017500	0.790400
1627307153.868487	0.635700	-0.363200	-0.717500	-0.822300	-0.077300	0.777600
1627307153.870509	0.621100	-0.359300	-0.743000	-0.824800	-0.114000	0.760800
1627307153.877827	0.602900	-0.336200	-0.771000	-0.854400	-0.136300	0.748300
1627307153.898943	0.588000	-0.303200	-0.799800	-0.849200	-0.141200	0.750400
1627307153.899854	0.580900	-0.284500	-0.830300	-0.817700	-0.126500	0.763600
1627307153.909557	0.582200	-0.269900	-0.838700	-0.760600	-0.101800	0.785900
1627307153.917264	0.579200	-0.272600	-0.835300	-0.691900	-0.074300	0.815800
1627307153.940218	0.578200	-0.294300	-0.839200	-0.652200	-0.052600	0.834100
1627307153.941108	0.571400	-0.321800	-0.848900	-0.628400	-0.023900	0.843300
1627307153.950706	0.567100	-0.352300	-0.869600	-0.597200	0.016400	0.838700
1627307153.956141	0.561400	-0.368900	-0.875900	-0.600900	0.054000	0.826200
1627307153.976698	0.556400	-0.364900	-0.877300	-0.648500	0.094900	0.810000
1627307153.990204	0.543600	-0.348400	-0.875700	-0.653700	0.145900	0.799900
1627307153.991110	0.545900	-0.335200	-0.866500	-0.632700	0.189900	0.799000
1627307153.997322	0.559700	-0.328600	-0.843000	-0.627200	0.218900	0.808200
1627307154.021459	0.567300	-0.323500	-0.818000	-0.627800	0.240000	0.826200
1627307154.022360	0.568000	-0.329300	-0.810700	-0.631400	0.249200	0.843000
1627307154.029496	0.571900	-0.337000	-0.809600	-0.643000	0.257700	0.857000
1627307154.042378	0.579800	-0.337400	-0.783700	-0.647000	0.252800	0.873200
1627307154.068824	0.588500	-0.349100	-0.776700	-0.662300	0.237000	0.889700
1627307154.069725	0.585900	-0.356600	-0.766000	-0.679100	0.214700	0.901600
1627307154.070491	0.594800	-0.368400	-0.760000	-0.665300	0.176200	0.912600
1627307154.082128	0.602800	-0.381600	-0.759800	-0.663800	0.134900	0.909900
1627307154.084479	0.598600	-0.388900	-0.778400	-0.692200	0.089700	0.901600
1627307154.107455	0.587000	-0.390700	-0.821300	-0.707500	0.044800	0.885700
1627307154.112075	0.582300	-0.394000	-0.861100	-0.709600	0.019500	0.866200
1627307154.121975	0.575700	-0.397500	-0.909100	-0.732500	0.007600	0.847900
1627307154.129347	0.564300	-0.393800	-0.962600	-0.755400	0.021900	0.825600
1627307154.152595	0.552400	-0.390400	-1.005200	-0.764000	0.056700	0.806600
1627307154.153509	0.538100	-0.380200	-1.041400	-0.758200	0.108100	0.789500
1627307154.173084	0.531600	-0.361200	-1.068500	-0.727000	0.191400	0.782200
1627307154.180994	0.528000	-0.352800	-1.093100	-0.683100	0.281200	0.781600
1627307154.181874	0.523300	-0.348100	-1.103500	-0.632700	0.374100	0.783400
1627307154.189918	0.523100	-0.344800	-1.096900	-0.572200	0.484700	0.785900
1627307154.212300	0.526100	-0.349000	-1.077100	-0.540400	0.589100	0.788600
1627307154.214409	0.531100	-0.351900	-1.050300	-0.535500	0.671900	0.788900
1627307154.221915	0.531400	-0.355500	-1.015000	-0.542200	0.746700	0.791400
1627307154.233033	0.532200	-0.352400	-0.977300	-0.546500	0.808400	0.795900
1627307154.255956	0.537600	-0.355600	-0.938200	-0.535800	0.852700	0.801100
1627307154.257105	0.547600	-0.363400	-0.892600	-0.524800	0.882600	0.802700
1627307154.259338	0.553700	-0.366800	-0.847000	-0.514100	0.894200	0.796200
1627307154.274421	0.562700	-0.369900	-0.809600	-0.494600	0.885400	0.789200
1627307154.277001	0.572400	-0.372200	-0.780300	-0.472000	0.863700	0.775800
1627307154.301966	0.579600	-0.367200	-0.760600	-0.462200	0.831000	0.761400
1627307154.303150	0.582300	-0.355600	-0.753400	-0.474400	0.793800	0.753200
1627307154.310486	0.578700	-0.347300	-0.760000	-0.475700	0.753400	0.751400
1627307154.320426	0.584400	-0.343600	-0.776700	-0.468000	0.721700	0.753500
1627307154.340892	0.584400	-0.347500	-0.786000	-0.473500	0.702400	0.755900
1627307154.342037	0.581300	-0.355300	-0.799000	-0.472900	0.689900	0.759600
1627307154.349202	0.585700	-0.357800	-0.810900	-0.475100	0.690200	0.758400
1627307154.358971	0.588300	-0.351700	-0.792000	-0.451800	0.691400	0.758700
1627307154.384197	0.592000	-0.366000	-0.808600	-0.452100	0.697200	0.760500
1627307154.385561	0.585600	-0.374100	-0.812900	-0.460400	0.707000	0.755000
1627307154.389207	0.587000	-0.399000	-0.837500	-0.443300	0.721400	0.745900
1627307154.402768	0.581700	-0.413600	-0.831400	-0.433800	0.734200	0.729400
1627307154.403671	0.595900	-0.436300	-0.833100	-0.442400	0.742400	0.701000
1627307154.429652	0.597900	-0.441500	-0.822800	-0.461900	0.740000	0.667700
1627307154.430480	0.585700	-0.438000	-0.826500	-0.495800	0.740000	0.636800
1627307154.440393	0.576700	-0.434600	-0.834100	-0.478400	0.752500	0.606900
1627307154.447927	0.580200	-0.427000	-0.829800	-0.456700	0.772700	0.583700
1627307154.468926	0.580200	-0.421800	-0.824600	-0.472000	0.789800	0.568700
1627307154.470468	0.578700	-0.416400	-0.813700	-0.476600	0.809300	0.559200
1627307154.475652	0.572600	-0.414100	-0.797900	-0.472000	0.829500	0.552800
1627307154.499470	0.575700	-0.417000	-0.781900	-0.472000	0.848400	0.547900
1627307154.507271	0.574700	-0.406600	-0.760500	-0.490600	0.870400	0.544900
1627307154.507801	0.576500	-0.385000	-0.731800	-0.496100	0.883200	0.547000
1627307154.518131	0.572800	-0.366000	-0.697500	-0.497300	0.885100	0.561700
1627307154.519645	0.573400	-0.356400	-0.665800	-0.486400	0.868300	0.589500
1627307154.548486	0.577800	-0.363500	-0.647100	-0.454000	0.839600	0.617000
1627307154.549537	0.584700	-0.380400	-0.638100	-0.422500	0.805700	0.635600
1627307154.559376	0.593400	-0.406700	-0.627400	-0.397500	0.766900	0.644400
1627307154.564186	0.595000	-0.433200	-0.620100	-0.382800	0.729300	0.638000
1627307154.588684	0.594000	-0.453200	-0.622100	-0.395600	0.699400	0.624000
1627307154.589509	0.592700	-0.468300	-0.624600	-0.401400	0.671300	0.600500
1627307154.598144	0.596400	-0.478500	-0.625700	-0.379500	0.648700	0.572700
1627307154.605451	0.599900	-0.485800	-0.632100	-0.381900	0.633700	0.547600
1627307154.628529	0.594100	-0.481700	-0.636700	-0.386200	0.627600	0.525600
1627307154.629511	0.590800	-0.483800	-0.644000	-0.365100	0.632500	0.506100
1627307154.640639	0.591200	-0.491500	-0.645100	-0.338200	0.639500	0.493600
1627307154.648141	0.598400	-0.505700	-0.633400	-0.306800	0.646500	0.477700
1627307154.667346	0.606000	-0.525900	-0.619800	-0.288400	0.649000	0.457500
1627307154.668387	0.625400	-0.534100	-0.600600	-0.284200	0.639800	0.424200
1627307154.673614	0.633300	-0.547900	-0.589100	-0.222200	0.627000	0.384200
1627307154.695827	0.622900	-0.551900	-0.575900	-0.224300	0.605300	0.342700
1627307154.707764	0.635700	-0.543300	-0.567100	-0.220600	0.584200	0.309700
1627307154.708658	0.642100	-0.537000	-0.573900	-0.173300	0.566800	0.279800
1627307154.716303	0.635500	-0.531900	-0.576300	-0.167800	0.543000	0.251100
1627307154.740703	0.623500	-0.524900	-0.575700	-0.171800	0.524700	0.230000
1627307154.741712	0.631000	-0.531400	-0.580100	-0.076500	0.516700	0.204900
1627307154.756760	0.644700	-0.543500	-0.565400	-0.024500	0.504200	0.162200
1627307154.759238	0.655600	-0.540300	-0.554900	-0.045600	0.496900	0.130100
1627307154.760177	0.661400	-0.538200	-0.548800	-0.023000	0.482200	0.093100
1627307154.784345	0.669100	-0.539400	-0.534500	-0.008700	0.460800	0.047300
1627307154.797604	0.667000	-0.524400	-0.515600	-0.033400	0.433700	0.013400
1627307154.798503	0.664600	-0.503900	-0.500400	-0.043800	0.398800	-0.008600
1627307154.803632	0.657300	-0.489600	-0.495400	-0.015100	0.357000	-0.025700
1627307154.822979	0.649000	-0.485400	-0.500700	0.019100	0.318200	-0.038200
1627307154.838702	0.642600	-0.480300	-0.503700	0.063400	0.291300	-0.048600
1627307154.844208	0.646100	-0.475800	-0.502100	0.121200	0.267800	-0.059000
1627307154.867169	0.657000	-0.472500	-0.498500	0.170600	0.244000	-0.066900
1627307154.869820	0.659900	-0.473100	-0.493200	0.204800	0.219200	-0.076100
1627307154.871871	0.656000	-0.469600	-0.492600	0.229000	0.187800	-0.084600
1627307154.879186	0.654900	-0.463100	-0.495500	0.255500	0.166400	-0.092300
1627307154.899193	0.660800	-0.460200	-0.501700	0.270200	0.145900	-0.098400
1627307154.900101	0.663200	-0.453000	-0.500600	0.282700	0.122400	-0.102600
1627307154.907070	0.667100	-0.444200	-0.490600	0.289100	0.092200	-0.107500
1627307154.918553	0.661600	-0.433200	-0.472500	0.288200	0.055500	-0.105100
1627307154.943611	0.663200	-0.427200	-0.460700	0.306200	0.010900	-0.094700
1627307154.945816	0.663100	-0.411700	-0.444800	0.335600	-0.035800	-0.080000
1627307154.946718	0.662500	-0.407200	-0.432300	0.366100	-0.084100	-0.060800
1627307154.961706	0.679900	-0.416400	-0.432900	0.433000	-0.142700	-0.042200
1627307154.962611	0.671000	-0.437000	-0.452600	0.475100	-0.205900	-0.031200
1627307154.987463	0.673600	-0.452900	-0.462300	0.504800	-0.253900	-0.032100
1627307154.988292	0.665800	-0.465900	-0.472400	0.554000	-0.294800	-0.041900
1627307154.998150	0.674700	-0.475600	-0.472200	0.584800	-0.351900	-0.060500
1627307155.006661	0.672400	-0.484900	-0.479100	0.638900	-0.397400	-0.079100
1627307155.030569	0.666100	-0.497800	-0.496800	0.668800	-0.436800	-0.108100
1627307155.036517	0.662100	-0.504500	-0.524400	0.682800	-0.469200	-0.147200
1627307155.039086	0.663100	-0.505500	-0.542400	0.704200	-0.484500	-0.183000
1627307155.047797	0.659900	-0.504200	-0.562600	0.703000	-0.492400	-0.218100
1627307155.072254	0.654700	-0.493700	-0.582600	0.686500	-0.483600	-0.260900
1627307155.073540	0.656400	-0.488500	-0.593500	0.693200	-0.462800	-0.290800
1627307155.098615	0.661100	-0.485500	-0.608000	0.682200	-0.436800	-0.319800
1627307155.099543	0.658300	-0.476200	-0.609100	0.650500	-0.396800	-0.351600
1627307155.100786	0.651000	-0.463400	-0.592900	0.642500	-0.364700	-0.372300
1627307155.116377	0.649900	-0.450100	-0.566200	0.636100	-0.339100	-0.388800
1627307155.124206	0.653100	-0.444200	-0.537700	0.629100	-0.319200	-0.401000
1627307155.143663	0.651400	-0.447600	-0.538900	0.606500	-0.305800	-0.411100
1627307155.144526	0.642000	-0.444000	-0.522800	0.589400	-0.296300	-0.420000
1627307155.146934	0.650800	-0.451000	-0.517000	0.560700	-0.298800	-0.429500
1627307155.153506	0.655200	-0.466100	-0.525100	0.509400	-0.304000	-0.444400
1627307155.175224	0.655400	-0.467400	-0.529400	0.448600	-0.306700	-0.466100
1627307155.176131	0.659100	-0.461800	-0.523100	0.409200	-0.306100	-0.493300
1627307155.188313	0.669100	-0.453900	-0.512600	0.388400	-0.306700	-0.516200
1627307155.194709	0.673300	-0.443800	-0.505200	0.354500	-0.317700	-0.534500
1627307155.220088	0.681600	-0.421100	-0.488900	0.322700	-0.336600	-0.551000
1627307155.220977	0.684100	-0.397500	-0.475000	0.296800	-0.363800	-0.550700
1627307155.228279	0.689500	-0.376800	-0.462400	0.282100	-0.399900	-0.535100
1627307155.236955	0.695400	-0.369900	-0.449200	0.360600	-0.450000	-0.509200
1627307155.240523	0.702500	-0.377300	-0.433700	0.430600	-0.516500	-0.481100
1627307155.263024	0.705700	-0.388700	-0.420800	0.452200	-0.594100	-0.458800
1627307155.265672	0.707900	-0.400400	-0.397900	0.533200	-0.693700	-0.442600
1627307155.276749	0.715800	-0.422000	-0.387800	0.603400	-0.805800	-0.435600
1627307155.291899	0.711900	-0.434900	-0.382000	0.637900	-0.915100	-0.434900
1627307155.307245	0.715500	-0.458500	-0.406500	0.677000	-1.030300	-0.446300
1627307155.311741	0.704100	-0.484300	-0.459000	0.679200	-1.129200	-0.468900
1627307155.312655	0.691200	-0.494000	-0.516800	0.659600	-1.188200	-0.500900
1627307155.336117	0.680100	-0.492800	-0.575600	0.655400	-1.217500	-0.538200
1627307155.336988	0.674300	-0.476800	-0.619400	0.649900	-1.220300	-0.574800
1627307155.346965	0.678500	-0.458400	-0.648200	0.638300	-1.205600	-0.592900
1627307155.356768	0.667700	-0.447000	-0.678800	0.635500	-1.172900	-0.599600
1627307155.379470	0.665600	-0.441000	-0.703200	0.646500	-1.118600	-0.603900
1627307155.381112	0.675200	-0.441900	-0.709700	0.652600	-1.074000	-0.603200
1627307155.396136	0.677000	-0.449500	-0.702900	0.656600	-1.037000	-0.601400
1627307155.400282	0.674900	-0.465900	-0.686600	0.668500	-1.005500	-0.602600
1627307155.401207	0.670700	-0.484300	-0.669300	0.685900	-0.990000	-0.610600
1627307155.424733	0.659700	-0.503500	-0.653200	0.712800	-0.980500	-0.624300
1627307155.425563	0.663500	-0.528700	-0.636700	0.744800	-0.984200	-0.657900
1627307155.435643	0.666300	-0.555400	-0.660900	0.716100	-0.997600	-0.690300
1627307155.440563	0.653100	-0.566900	-0.700200	0.660900	-1.001600	-0.731500
1627307155.462179	0.640600	-0.556800	-0.740400	0.625400	-0.984800	-0.785300
1627307155.465725	0.642900	-0.540400	-0.758200	0.635200	-0.968900	-0.823200
1627307155.484523	0.646500	-0.528300	-0.781400	0.618100	-0.953600	-0.854900
1627307155.504181	0.639500	-0.503300	-0.794900	0.602800	-0.929500	-0.889400
1627307155.520065	0.639000	-0.482800	-0.793500	0.634300	-0.907800	-0.910800
1627307155.520970	0.596300	-0.468400	-0.799100	0.665100	-0.909900	-0.916000
1627307155.521797	0.653400	-0.452800	-0.784400	0.716700	-0.892200	-0.923600
1627307155.525600	0.634500	-0.436200	-0.750700	0.783900	-0.877900	-0.920000
1627307155.541222	0.625200	-0.418700	-0.744900	0.732300	-0.878800	-0.911100
1627307155.542959	0.611200	-0.405200	-0.778100	0.761000	-0.875100	-0.894900
1627307155.562261	0.613400	-0.411500	-0.814800	0.837100	-0.862000	-0.885200
1627307155.565691	0.620000	-0.422100	-0.835600	0.830700	-0.852800	-0.878400
1627307155.574697	0.621800	-0.431800	-0.858300	0.788200	-0.832100	-0.880300
1627307155.584415	0.627200	-0.442600	-0.879900	0.769000	-0.792400	-0.887600
1627307155.605089	0.627400	-0.432300	-0.876200	0.733200	-0.749600	-0.885500
1627307155.605990	0.628200	-0.407600	-0.863800	0.703900	-0.702900	-0.855500
1627307155.613697	0.617800	-0.381700	-0.865000	0.696900	-0.653700	-0.810000
1627307155.635787	0.601400	-0.354700	-0.852900	0.681300	-0.615200	-0.763900
1627307155.646414	0.614100	-0.339500	-0.848100	0.697800	-0.588300	-0.712300
1627307155.647118	0.614100	-0.339500	-0.848100	0.697800	-0.588300	-0.712300
1627307155.653645	0.621000	-0.337600	-0.842800	0.730500	-0.578600	-0.665200
1627307155.674307	0.631200	-0.352300	-0.849700	0.715800	-0.576100	-0.633200
1627307155.685136	0.642700	-0.384800	-0.864300	0.714300	-0.568200	-0.619400
1627307155.696697	0.647600	-0.408000	-0.871700	0.738100	-0.543700	-0.628000
1627307155.697634	0.660900	-0.427000	-0.893800	0.758300	-0.516500	-0.653600
1627307155.719473	0.658700	-0.415800	-0.911500	0.707900	-0.468600	-0.683000
1627307155.720631	0.650500	-0.365200	-0.912800	0.712500	-0.390700	-0.700400
1627307155.735917	0.647700	-0.311200	-0.875400	0.758600	-0.328100	-0.689100
1627307155.739152	0.659100	-0.273200	-0.847700	0.801000	-0.283800	-0.644200
1627307155.740070	0.641800	-0.273700	-0.856300	0.878900	-0.253000	-0.577900
1627307155.763497	0.634000	-0.303500	-0.866700	0.924100	-0.232200	-0.529300
1627307155.764554	0.645600	-0.345200	-0.847800	0.951600	-0.229100	-0.490500
1627307155.774693	0.651500	-0.405900	-0.836500	0.956500	-0.242000	-0.475000
1627307155.784243	0.661600	-0.451900	-0.834500	0.900600	-0.263300	-0.493600
1627307155.806852	0.664800	-0.477800	-0.842200	0.819700	-0.282600	-0.533000
1627307155.811757	0.671500	-0.485700	-0.872100	0.737200	-0.296300	-0.593200
1627307155.830026	0.663900	-0.472700	-0.900400	0.704800	-0.277100	-0.641700
1627307155.830941	0.669400	-0.451300	-0.932600	0.684400	-0.227900	-0.682700
1627307155.835785	0.657100	-0.416600	-0.991700	0.653500	-0.117700	-0.711100
1627307155.841030	0.639800	-0.383100	-1.029400	0.621800	0.010000	-0.715000
1627307155.863780	0.628800	-0.337900	-1.045400	0.609800	0.159700	-0.707700
1627307155.864690	0.635300	-0.290000	-1.028600	0.614400	0.331300	-0.683300
1627307155.874474	0.633500	-0.259300	-0.998300	0.575000	0.458700	-0.637100
1627307155.882301	0.639500	-0.241200	-0.950800	0.540500	0.543900	-0.581900
1627307155.906341	0.655600	-0.258700	-0.889400	0.549700	0.604400	-0.515900
1627307155.907237	0.668100	-0.295700	-0.830300	0.528600	0.621200	-0.468200
1627307155.915760	0.676100	-0.337500	-0.780400	0.501100	0.607100	-0.441700
1627307155.926062	0.681400	-0.372300	-0.732100	0.467200	0.568300	-0.437100
1627307155.949315	0.673500	-0.387000	-0.698500	0.437900	0.523100	-0.441400
1627307155.953829	0.669200	-0.382300	-0.687300	0.448300	0.484700	-0.450500
1627307155.954738	0.660900	-0.356600	-0.686000	0.479100	0.452300	-0.458800
1627307155.971877	0.665200	-0.321800	-0.697400	0.500800	0.422700	-0.449600
1627307155.993626	0.667400	-0.297500	-0.726100	0.517300	0.406800	-0.425500
1627307155.994548	0.664400	-0.276100	-0.755900	0.505700	0.404000	-0.383000
1627307155.997048	0.666300	-0.260400	-0.774000	0.506300	0.421400	-0.332600
1627307156.011627	0.668200	-0.254400	-0.769800	0.524000	0.446200	-0.280700
1627307156.012699	0.668700	-0.270100	-0.752100	0.531300	0.479200	-0.225100
1627307156.034652	0.678000	-0.301800	-0.752200	0.521600	0.519800	-0.186600
1627307156.036919	0.678700	-0.324600	-0.741300	0.510600	0.565300	-0.170100
1627307156.044475	0.678200	-0.334500	-0.715700	0.490100	0.613200	-0.161300
1627307156.055534	0.672700	-0.330100	-0.681900	0.429000	0.660900	-0.151200
1627307156.076991	0.673100	-0.319900	-0.651700	0.398800	0.689900	-0.139300
1627307156.078190	0.668100	-0.303000	-0.612300	0.383500	0.706100	-0.120400
1627307156.093700	0.664700	-0.288200	-0.568000	0.343500	0.701500	-0.088000
1627307156.096641	0.670700	-0.292700	-0.551100	0.329500	0.684400	-0.059300
1627307156.097568	0.675300	-0.304700	-0.547100	0.302600	0.660900	-0.035400
1627307156.122237	0.670800	-0.320100	-0.533900	0.242100	0.631900	-0.012200
1627307156.124482	0.676300	-0.331700	-0.519400	0.208200	0.613600	-0.003400
1627307156.139677	0.675300	-0.347500	-0.506800	0.184100	0.595500	-0.001200
1627307156.149291	0.682900	-0.361200	-0.487300	0.129700	0.570500	-0.012500
1627307156.160696	0.675000	-0.357500	-0.474900	0.062500	0.548500	-0.023200
1627307156.161592	0.671900	-0.342900	-0.460200	0.005100	0.529900	-0.033600
1627307156.182727	0.670200	-0.323600	-0.455000	-0.038000	0.513400	-0.039100
1627307156.183765	0.674600	-0.313200	-0.448900	-0.081700	0.496900	-0.035700
1627307156.193192	0.673000	-0.303600	-0.439700	-0.133300	0.480700	-0.029300
1627307156.199847	0.668500	-0.300900	-0.429300	-0.187000	0.462100	-0.020800
1627307156.223862	0.674700	-0.304600	-0.421400	-0.234100	0.450800	-0.017700
1627307156.224759	0.675300	-0.304900	-0.411500	-0.288100	0.433000	-0.018600
1627307156.235724	0.681900	-0.302700	-0.404400	-0.339400	0.408600	-0.021100
1627307156.244781	0.685400	-0.298200	-0.400600	-0.389800	0.382000	-0.020500
1627307156.268837	0.676000	-0.284800	-0.413100	-0.458900	0.357300	-0.018300
1627307156.269715	0.685500	-0.275100	-0.429400	-0.506500	0.339000	-0.005200
1627307156.273411	0.676100	-0.269400	-0.434900	-0.553900	0.325800	0.013400
1627307156.283688	0.680700	-0.261700	-0.434100	-0.603900	0.326400	0.031400
1627307156.294472	0.679000	-0.261100	-0.430300	-0.638200	0.326400	0.056200
1627307156.309147	0.684100	-0.264900	-0.419800	-0.660100	0.322500	0.080900
1627307156.312687	0.689000	-0.266800	-0.400400	-0.688200	0.309000	0.103200
1627307156.337246	0.697800	-0.268600	-0.371200	-0.694000	0.286400	0.127000
1627307156.339425	0.706800	-0.273400	-0.343500	-0.687300	0.248300	0.149000
1627307156.345718	0.720000	-0.279100	-0.325200	-0.673900	0.198800	0.171300
1627307156.356795	0.719700	-0.279900	-0.338500	-0.654600	0.133700	0.199700
1627307156.357690	0.714600	-0.271400	-0.313500	-0.624100	0.076000	0.230000
1627307156.380718	0.731900	-0.281400	-0.310200	-0.551100	0.008500	0.259900
1627307156.395004	0.744400	-0.301500	-0.326800	-0.534000	-0.076100	0.286200
1627307156.395903	0.748800	-0.321000	-0.338300	-0.525100	-0.172000	0.308500
1627307156.402571	0.757600	-0.339700	-0.345900	-0.502500	-0.249000	0.321600
1627307156.427664	0.758900	-0.361800	-0.371200	-0.491800	-0.320500	0.325900
1627307156.428572	0.751100	-0.377200	-0.405300	-0.504700	-0.384600	0.323100
1627307156.435884	0.762600	-0.376100	-0.437400	-0.502800	-0.425800	0.317000
1627307156.450069	0.744000	-0.360000	-0.465200	-0.494300	-0.452100	0.317000
1627307156.476720	0.748200	-0.352200	-0.487500	-0.456100	-0.466500	0.325000
1627307156.479197	0.759000	-0.352400	-0.510000	-0.439600	-0.479000	0.338100
1627307156.480106	0.752100	-0.349500	-0.537800	-0.461000	-0.488800	0.355200
1627307156.483486	0.755900	-0.353000	-0.571900	-0.457600	-0.488100	0.378700
1627307156.490007	0.754900	-0.360700	-0.590800	-0.465000	-0.485400	0.397000
1627307156.511032	0.747700	-0.365600	-0.602700	-0.487300	-0.475000	0.413500
1627307156.513224	0.749800	-0.378500	-0.612500	-0.469200	-0.457000	0.427900
1627307156.517255	0.743900	-0.384500	-0.613500	-0.467700	-0.445400	0.432200
1627307156.548905	0.740400	-0.387000	-0.620600	-0.490300	-0.441700	0.432200
1627307156.549922	0.744100	-0.378400	-0.637700	-0.513500	-0.439000	0.425800
1627307156.553223	0.738000	-0.369800	-0.661100	-0.546200	-0.434400	0.425500
1627307156.562293	0.733600	-0.363400	-0.691900	-0.586800	-0.425200	0.427000
1627307156.587437	0.714400	-0.356600	-0.722400	-0.626500	-0.398300	0.433700
1627307156.588254	0.709500	-0.349200	-0.738200	-0.647600	-0.362600	0.437700
1627307156.593170	0.705800	-0.336800	-0.736800	-0.662300	-0.326300	0.442300
1627307156.605508	0.700300	-0.320900	-0.744100	-0.691300	-0.290800	0.456300
1627307156.606412	0.702600	-0.310200	-0.755100	-0.681200	-0.253600	0.469100
1627307156.631018	0.698000	-0.309400	-0.770400	-0.668400	-0.217500	0.482000
1627307156.633201	0.688700	-0.310200	-0.792000	-0.695300	-0.169900	0.499700
1627307156.641990	0.686300	-0.312900	-0.805200	-0.708700	-0.116700	0.513400
1627307156.651698	0.683100	-0.317600	-0.809900	-0.728900	-0.057500	0.522600
1627307156.674860	0.680900	-0.317700	-0.796300	-0.780200	0.002400	0.535100
1627307156.675689	0.681300	-0.313500	-0.777100	-0.816200	0.054300	0.547000
1627307156.681808	0.687900	-0.316500	-0.753700	-0.839400	0.086700	0.557400
1627307156.696727	0.689500	-0.319200	-0.728300	-0.877000	0.102600	0.568700
1627307156.697634	0.687000	-0.320700	-0.708400	-0.899000	0.107100	0.579700
1627307156.719337	0.687600	-0.318700	-0.693200	-0.919500	0.104700	0.591600
1627307156.724331	0.691700	-0.323000	-0.687100	-0.933500	0.096500	0.605400
1627307156.737860	0.694700	-0.323000	-0.687100	-0.946000	0.082400	0.619400
1627307156.738761	0.687700	-0.319600	-0.691400	-0.975300	0.068000	0.637400
1627307156.757939	0.692300	-0.320200	-0.701300	-0.985700	0.055200	0.659400
1627307156.761874	0.686200	-0.324800	-0.710900	-1.003800	0.042700	0.682300
1627307156.769244	0.684400	-0.321400	-0.722700	-1.037700	0.032600	0.708600
1627307156.791627	0.679600	-0.325700	-0.730600	-1.041900	0.026500	0.734900
1627307156.792530	0.678800	-0.333400	-0.733000	-1.049600	0.021600	0.760800
1627307156.802137	0.679200	-0.341700	-0.737900	-1.076100	0.012500	0.780100
1627307156.808723	0.683200	-0.345600	-0.744400	-1.081300	0.005400	0.793800
1627307156.832656	0.684100	-0.350200	-0.755400	-1.095700	-0.003400	0.805400
1627307156.833575	0.688800	-0.349900	-0.774300	-1.104500	-0.002200	0.814900
1627307156.845021	0.685700	-0.354100	-0.796400	-1.092600	0.007000	0.823400
1627307156.859484	0.682400	-0.358900	-0.816000	-1.092300	0.029000	0.836300
1627307156.861872	0.677600	-0.360600	-0.833600	-1.094500	0.050600	0.846300
1627307156.866020	0.676800	-0.362500	-0.843000	-1.081600	0.074500	0.855800
1627307156.889509	0.672900	-0.371100	-0.856800	-1.076800	0.104100	0.871400
1627307156.901243	0.672100	-0.378300	-0.863800	-1.070000	0.127000	0.876900
1627307156.902268	0.668300	-0.381000	-0.870800	-1.057200	0.153600	0.880500
1627307156.910117	0.668800	-0.377400	-0.879200	-1.042500	0.185900	0.884500
1627307156.934261	0.661000	-0.368200	-0.884500	-1.023300	0.213700	0.886400
1627307156.942702	0.651400	-0.368400	-0.896600	-0.998000	0.240900	0.892800
1627307156.943596	0.651400	-0.375500	-0.912400	-0.956400	0.279400	0.895800
1627307156.952078	0.651200	-0.388400	-0.923600	-0.941100	0.314500	0.893400
1627307156.953620	0.653000	-0.388200	-0.917500	-0.927100	0.345400	0.886400
1627307156.977532	0.660300	-0.380200	-0.882700	-0.896200	0.363100	0.882400
1627307156.982051	0.659800	-0.377200	-0.872100	-0.904800	0.361300	0.880500
1627307156.993173	0.653800	-0.370100	-0.859500	-0.892300	0.348400	0.876900
1627307156.998067	0.661000	-0.369000	-0.847900	-0.837900	0.321900	0.875700
1627307157.022532	0.657200	-0.385400	-0.857500	-0.822000	0.291300	0.870800
1627307157.023462	0.647100	-0.399900	-0.887800	-0.805800	0.279100	0.856400
1627307157.033404	0.638300	-0.408000	-0.923200	-0.791800	0.288300	0.832600
1627307157.042240	0.639000	-0.406900	-0.958300	-0.800900	0.315400	0.805100
1627307157.065995	0.634500	-0.395300	-0.980300	-0.806800	0.357300	0.783400
1627307157.066838	0.629200	-0.374900	-0.998300	-0.819300	0.423900	0.765100
1627307157.077173	0.628200	-0.356700	-1.012600	-0.834200	0.502100	0.754400
1627307157.088133	0.630000	-0.347700	-1.015300	-0.850100	0.576600	0.747400
1627307157.101282	0.628800	-0.340200	-1.006700	-0.852000	0.657200	0.745500
1627307157.102454	0.632400	-0.333900	-0.983300	-0.860500	0.742400	0.746200
1627307157.112166	0.630100	-0.333300	-0.964800	-0.872400	0.802600	0.750700
1627307157.116057	0.628700	-0.328400	-0.929700	-0.868100	0.855100	0.759600
1627307157.141353	0.638200	-0.327400	-0.891200	-0.854100	0.892100	0.770600
1627307157.142271	0.637300	-0.327300	-0.845900	-0.824800	0.892700	0.777000
1627307157.150786	0.641200	-0.315700	-0.775000	-0.773800	0.851800	0.787100
1627307157.160044	0.646900	-0.299000	-0.678100	-0.665600	0.755000	0.801700
1627307157.181951	0.658600	-0.299700	-0.611000	-0.531600	0.634300	0.820100
1627307157.197014	0.665500	-0.312300	-0.555400	-0.375200	0.503900	0.835300
1627307157.199638	0.684200	-0.333000	-0.522600	-0.182400	0.337400	0.844500
1627307157.213832	0.697500	-0.340700	-0.521500	-0.055100	0.200600	0.842700
1627307157.214737	0.689000	-0.344700	-0.546000	0.019100	0.059200	0.841500
1627307157.222178	0.663500	-0.353800	-0.604400	0.147400	-0.092300	0.839600
1627307157.232402	0.642600	-0.376600	-0.663300	0.294300	-0.175100	0.834400
1627307157.255823	0.618400	-0.415600	-0.722700	0.441200	-0.213300	0.822500
1627307157.260286	0.623300	-0.486100	-0.826200	0.543300	-0.200400	0.780400
1627307157.261183	0.596900	-0.534400	-0.921800	0.448600	-0.139000	0.731500
1627307157.270941	0.572500	-0.583000	-1.012800	0.327000	-0.029400	0.661200
1627307157.277623	0.583500	-0.617700	-1.050800	0.268100	0.160900	0.562900
1627307157.295722	0.558700	-0.624400	-1.049800	0.081100	0.324900	0.475200
1627307157.306719	0.535000	-0.620500	-1.058200	-0.051700	0.498700	0.398600
1627307157.307633	0.509600	-0.632100	-1.085400	-0.100900	0.744600	0.302400
1627307157.330994	0.494400	-0.634800	-1.111800	-0.273500	0.976400	0.221700
1627307157.331819	0.484300	-0.611700	-1.110100	-0.426800	1.207000	0.153900
1627307157.343148	0.461800	-0.587000	-1.055200	-0.570300	1.477600	0.092500
1627307157.351862	0.455700	-0.561000	-0.974100	-0.740200	1.687800	0.055900
1627307157.371265	0.453900	-0.522200	-0.845500	-0.828700	1.834400	0.023500
1627307157.373085	0.471300	-0.479100	-0.669400	-0.840700	1.909800	-0.000000
1627307157.380649	0.498900	-0.453900	-0.540500	-0.819600	1.902800	-0.009800
1627307157.389428	0.510300	-0.445400	-0.439800	-0.763400	1.847500	-0.014400
1627307157.411196	0.524900	-0.450600	-0.355800	-0.650400	1.744000	-0.019000
1627307157.412133	0.553600	-0.445100	-0.263900	-0.544700	1.614500	-0.030900
1627307157.423363	0.570300	-0.430500	-0.189500	-0.458900	1.460800	-0.038200
1627307157.428035	0.600600	-0.432000	-0.169400	-0.383100	1.257100	-0.051300
1627307157.450148	0.602300	-0.426800	-0.154500	-0.327200	1.045700	-0.066600
1627307157.451004	0.612500	-0.420400	-0.165000	-0.293300	0.851200	-0.077600
1627307157.463248	0.625200	-0.413300	-0.194800	-0.241400	0.649900	-0.083100
1627307157.473202	0.623700	-0.409900	-0.228300	-0.179400	0.444000	-0.088900
1627307157.490473	0.627200	-0.402000	-0.255600	-0.117100	0.288600	-0.091300
1627307157.491397	0.632100	-0.391800	-0.283400	-0.046200	0.146200	-0.092600
1627307157.502040	0.626500	-0.386000	-0.342400	0.020700	0.020400	-0.090700
1627307157.507337	0.618700	-0.381700	-0.402200	0.080800	-0.047100	-0.087700
1627307157.529751	0.613300	-0.371100	-0.453900	0.140700	-0.084400	-0.084900
1627307157.530580	0.605000	-0.355700	-0.498000	0.188700	-0.099000	-0.070900
1627307157.537272	0.599200	-0.342300	-0.524800	0.214900	-0.088000	-0.055900
1627307157.560132	0.604000	-0.336800	-0.548600	0.238400	-0.064200	-0.033000
1627307157.561056	0.601900	-0.344800	-0.564300	0.244900	-0.023600	-0.000000
1627307157.572157	0.610700	-0.362700	-0.553700	0.262300	0.014900	0.022600
1627307157.578761	0.624900	-0.381700	-0.518300	0.287600	0.043900	0.034500
1627307157.602781	0.631500	-0.393700	-0.463000	0.282400	0.047000	0.037200
1627307157.604615	0.636700	-0.402700	-0.421900	0.298600	0.022200	0.033000
1627307157.612036	0.647800	-0.417100	-0.393600	0.335000	-0.018100	0.022900
1627307157.625450	0.649300	-0.436800	-0.376700	0.357300	-0.086500	0.003300
1627307157.626367	0.658600	-0.450600	-0.374400	0.360000	-0.155800	-0.021700
1627307157.649893	0.662200	-0.458900	-0.374300	0.362400	-0.221800	-0.050400
1627307157.651959	0.648400	-0.460800	-0.387300	0.350500	-0.299700	-0.084300
1627307157.664395	0.646700	-0.458300	-0.406200	0.348400	-0.360500	-0.112700
1627307157.667113	0.646000	-0.463300	-0.420200	0.378600	-0.411200	-0.138400
1627307157.690228	0.647800	-0.473900	-0.441300	0.406700	-0.464900	-0.173200
1627307157.691049	0.660200	-0.483200	-0.468400	0.424400	-0.509200	-0.208900
1627307157.701961	0.671500	-0.488300	-0.498000	0.457400	-0.538500	-0.245900
1627307157.711834	0.677600	-0.484100	-0.524400	0.462300	-0.561400	-0.289900
1627307157.733846	0.677400	-0.467900	-0.544400	0.436700	-0.577900	-0.328000
1627307157.734749	0.676400	-0.445600	-0.556400	0.449200	-0.584700	-0.355500
1627307157.742083	0.677000	-0.424700	-0.559800	0.466600	-0.592900	-0.373900
1627307157.751808	0.676600	-0.406100	-0.561800	0.502600	-0.606700	-0.380000
1627307157.754184	0.668500	-0.400600	-0.551000	0.565300	-0.621600	-0.378100
1627307157.776990	0.674900	-0.406500	-0.540900	0.651700	-0.642100	-0.376300
1627307157.780907	0.684300	-0.427500	-0.535400	0.720400	-0.668700	-0.378400
1627307157.796096	0.684100	-0.451300	-0.541000	0.763500	-0.696800	-0.389700
1627307157.799155	0.682000	-0.469400	-0.546500	0.807800	-0.720000	-0.413300
1627307157.820631	0.676800	-0.480700	-0.544800	0.831000	-0.743200	-0.443200
1627307157.822238	0.680500	-0.486700	-0.546600	0.815400	-0.771300	-0.467000
1627307157.837902	0.679000	-0.493500	-0.550800	0.818200	-0.798200	-0.492400
1627307157.841780	0.671600	-0.501700	-0.554000	0.842300	-0.819500	-0.523500
1627307157.863901	0.677600	-0.509300	-0.558300	0.852700	-0.832700	-0.561100
1627307157.864800	0.683500	-0.516600	-0.545400	0.859100	-0.844900	-0.613600
1627307157.870219	0.686900	-0.523300	-0.526900	0.857200	-0.869300	-0.681700
1627307157.894535	0.688000	-0.513100	-0.504300	0.840800	-0.913000	-0.740400
1627307157.896047	0.688000	-0.493800	-0.481600	0.836500	-0.978400	-0.788000
1627307157.910181	0.679700	-0.481000	-0.500900	0.833700	-1.078200	-0.832900
1627307157.911095	0.679800	-0.474100	-0.554900	0.808100	-1.150600	-0.859800
1627307157.912245	0.675000	-0.462200	-0.621100	0.802000	-1.198300	-0.884500
1627307157.936792	0.676900	-0.432700	-0.693800	0.826100	-1.221200	-0.906800
1627307157.951763	0.676800	-0.403800	-0.745100	0.815100	-1.216600	-0.909000
1627307157.956630	0.677500	-0.376000	-0.787200	0.823000	-1.190300	-0.897100
1627307157.957534	0.673500	-0.354200	-0.827100	0.850800	-1.135100	-0.870500
1627307157.984975	0.666600	-0.349600	-0.850000	0.851700	-1.085600	-0.840300
1627307157.985842	0.666900	-0.359700	-0.869900	0.860600	-1.035500	-0.811900
1627307157.989493	0.659700	-0.380000	-0.887300	0.873400	-0.975900	-0.784700
1627307158.000606	0.652600	-0.394300	-0.887600	0.860300	-0.921900	-0.767000
1627307158.001623	0.641700	-0.397600	-0.882300	0.846600	-0.875400	-0.755000
1627307158.024253	0.628300	-0.404300	-0.876000	0.867000	-0.820500	-0.744000
1627307158.039613	0.617600	-0.407100	-0.860500	0.871000	-0.778900	-0.736700
1627307158.044330	0.616000	-0.407300	-0.846700	0.872200	-0.744400	-0.730900
1627307158.067377	0.619600	-0.413800	-0.820700	0.890200	-0.715100	-0.732100
1627307158.068280	0.618000	-0.418700	-0.797700	0.887500	-0.701000	-0.734900
1627307158.069739	0.612400	-0.420000	-0.778100	0.866400	-0.699800	-0.741900
1627307158.085594	0.602300	-0.421800	-0.762800	0.853900	-0.710200	-0.750800
1627307158.089249	0.584500	-0.414700	-0.748300	0.841400	-0.729100	-0.755700
1627307158.113235	0.578100	-0.407100	-0.745600	0.832800	-0.752300	-0.757800
1627307158.114215	0.561400	-0.391800	-0.744400	0.815400	-0.785300	-0.753800
1627307158.129478	0.554600	-0.392600	-0.763700	0.806500	-0.818900	-0.747100
1627307158.131803	0.551000	-0.415900	-0.797200	0.817200	-0.836900	-0.750500
1627307158.132714	0.547400	-0.444200	-0.841900	0.779400	-0.834500	-0.771200
1627307158.158459	0.540900	-0.449100	-0.867700	0.747300	-0.804300	-0.803300
1627307158.159302	0.538700	-0.436600	-0.864400	0.757700	-0.762100	-0.832000
1627307158.164816	0.538800	-0.410600	-0.857800	0.748200	-0.723000	-0.850900
1627307158.189549	0.531200	-0.380000	-0.843400	0.744200	-0.683300	-0.847900
1627307158.204294	0.531900	-0.366800	-0.824300	0.750700	-0.664100	-0.829900
1627307158.205202	0.549900	-0.383300	-0.818200	0.805000	-0.658900	-0.811500
1627307158.217411	0.556900	-0.426000	-0.825100	0.855700	-0.668700	-0.811900
1627307158.219549	0.560300	-0.448600	-0.830400	0.812300	-0.685100	-0.830500
1627307158.226102	0.564700	-0.466800	-0.849500	0.756500	-0.701900	-0.851600
1627307158.246747	0.557100	-0.478600	-0.844700	0.780600	-0.706800	-0.885800
1627307158.259045	0.548100	-0.485700	-0.850700	0.773600	-0.710500	-0.920300
1627307158.259958	0.535300	-0.471400	-0.860600	0.728000	-0.702600	-0.955100
1627307158.262659	0.553700	-0.452000	-0.894700	0.730200	-0.672300	-0.992400
1627307158.287176	0.556200	-0.435200	-0.888700	0.768100	-0.633200	-1.022900
1627307158.298930	0.563800	-0.422100	-0.879600	0.778800	-0.598700	-1.047000
1627307158.305429	0.588100	-0.407100	-0.873400	0.774200	-0.559900	-1.074800
1627307158.306356	0.597800	-0.391100	-0.867600	0.770200	-0.532700	-1.093200
1627307158.329669	0.603600	-0.373800	-0.877100	0.736900	-0.508900	-1.106000
1627307158.330667	0.595900	-0.335300	-0.882600	0.676700	-0.479900	-1.104800
1627307158.346079	0.592700	-0.304700	-0.881000	0.677000	-0.451500	-1.088300
1627307158.351873	0.601000	-0.294200	-0.883300	0.713400	-0.424600	-1.060200
1627307158.374479	0.602300	-0.294600	-0.890100	0.717700	-0.391900	-1.024400
1627307158.376068	0.606900	-0.296100	-0.881800	0.713400	-0.363200	-0.995400
1627307158.378215	0.609100	-0.302100	-0.877000	0.745200	-0.334800	-0.974600
1627307158.393997	0.617800	-0.304800	-0.867300	0.753400	-0.311600	-0.956000
1627307158.396762	0.619900	-0.289800	-0.856100	0.753400	-0.300000	-0.935900
1627307158.417448	0.620400	-0.275800	-0.853500	0.773300	-0.294500	-0.910800
1627307158.419515	0.630000	-0.267900	-0.854000	0.798900	-0.292100	-0.877200
1627307158.429574	0.638500	-0.273700	-0.859700	0.810200	-0.292100	-0.841500
1627307158.434253	0.645800	-0.283600	-0.875900	0.809300	-0.290200	-0.812500
1627307158.456147	0.647500	-0.303800	-0.901200	0.804100	-0.278900	-0.785600
1627307158.458291	0.643100	-0.315600	-0.921500	0.786100	-0.255700	-0.769100
1627307158.472503	0.638700	-0.313600	-0.930700	0.778100	-0.221500	-0.759600
1627307158.492813	0.646600	-0.306500	-0.933100	0.775100	-0.177500	-0.745000
1627307158.493708	0.655500	-0.304600	-0.933100	0.788200	-0.133800	-0.726600
1627307158.500910	0.651900	-0.300700	-0.932000	0.794300	-0.095100	-0.712300
1627307158.512380	0.659400	-0.293000	-0.932900	0.806800	-0.047700	-0.697300
1627307158.548196	0.671000	-0.287700	-0.929100	0.835300	0.006400	-0.679300
1627307158.549249	0.673700	-0.276600	-0.924100	0.836800	0.049700	-0.660400
1627307158.562652	0.667500	-0.257900	-0.913600	0.833100	0.095200	-0.632300
1627307158.563556	0.666300	-0.243700	-0.908400	0.851700	0.148700	-0.590100
1627307158.565798	0.673500	-0.240400	-0.898300	0.861500	0.195700	-0.549200
1627307158.568245	0.675300	-0.241200	-0.877000	0.863400	0.242100	-0.504600
1627307158.581876	0.676800	-0.248400	-0.842200	0.859700	0.283100	-0.457200
1627307158.582776	0.671100	-0.250600	-0.819300	0.844100	0.304500	-0.422100
1627307158.606044	0.670400	-0.252600	-0.804900	0.838000	0.321300	-0.389100
1627307158.608265	0.673500	-0.258800	-0.787600	0.847200	0.335600	-0.357100
1627307158.620697	0.675700	-0.261200	-0.771900	0.825500	0.335300	-0.334800
1627307158.624266	0.673000	-0.263400	-0.765300	0.796800	0.335000	-0.316700
1627307158.646209	0.665800	-0.262200	-0.760300	0.777800	0.339900	-0.294500
1627307158.648361	0.665300	-0.266100	-0.758400	0.756100	0.345700	-0.272800
1627307158.659532	0.655800	-0.269200	-0.756500	0.744800	0.361000	-0.254700
1627307158.664530	0.659900	-0.270800	-0.744100	0.699300	0.378700	-0.235800
1627307158.687480	0.650800	-0.268800	-0.728500	0.674300	0.397000	-0.219900
1627307158.688510	0.643100	-0.268700	-0.718300	0.667000	0.412600	-0.206500
1627307158.699587	0.643800	-0.259600	-0.708600	0.645000	0.434000	-0.189700
1627307158.708147	0.639500	-0.250500	-0.693100	0.651100	0.455600	-0.170800
1627307158.729428	0.652200	-0.244400	-0.677400	0.650200	0.471200	-0.150900
1627307158.730892	0.644800	-0.246500	-0.663100	0.647700	0.485600	-0.122500
1627307158.746495	0.641000	-0.251800	-0.648100	0.629700	0.496900	-0.099600
1627307158.752977	0.642800	-0.255100	-0.632100	0.608900	0.505100	-0.078500
1627307158.753897	0.638700	-0.259800	-0.608200	0.572900	0.512500	-0.056500
1627307158.773318	0.642700	-0.261800	-0.574000	0.541700	0.517300	-0.036700
1627307158.777016	0.650800	-0.262500	-0.539700	0.515200	0.511500	-0.016800
1627307158.792286	0.651000	-0.264600	-0.501000	0.475500	0.491700	0.007600
1627307158.794228	0.649700	-0.269400	-0.475700	0.429000	0.459900	0.032400
1627307158.817541	0.656100	-0.283300	-0.463300	0.398800	0.423300	0.049200
1627307158.818382	0.658400	-0.305900	-0.460600	0.342000	0.375000	0.061400
1627307158.828150	0.651900	-0.326200	-0.459600	0.263200	0.324300	0.067200
1627307158.838041	0.650000	-0.336800	-0.457300	0.220400	0.280600	0.066900
1627307158.861076	0.654300	-0.346400	-0.458100	0.185300	0.233300	0.059500
1627307158.861898	0.658000	-0.342300	-0.460700	0.118400	0.184700	0.054000
1627307158.867347	0.656100	-0.329500	-0.466200	0.076600	0.149600	0.054000
1627307158.890579	0.657600	-0.323500	-0.476900	0.064000	0.126100	0.060200
1627307158.891486	0.660800	-0.323400	-0.491900	0.021600	0.107100	0.071500
1627307158.898339	0.666000	-0.325200	-0.506300	-0.021500	0.095800	0.080000
1627307158.909592	0.675400	-0.336900	-0.517800	-0.061500	0.087300	0.086100
1627307158.911909	0.683200	-0.348600	-0.533000	-0.125600	0.077200	0.086700
1627307158.936244	0.679700	-0.351200	-0.543000	-0.180300	0.077200	0.081500
1627307158.937135	0.677500	-0.348100	-0.557100	-0.228600	0.082700	0.075100
1627307158.952364	0.687300	-0.335800	-0.566200	-0.270400	0.097400	0.072100
1627307158.975520	0.693800	-0.321000	-0.563700	-0.295200	0.115700	0.075400
1627307158.977936	0.699700	-0.300700	-0.554800	-0.323300	0.131900	0.087000
1627307158.978842	0.702300	-0.274800	-0.546100	-0.361100	0.147200	0.118500
1627307158.987002	0.704100	-0.263200	-0.539900	-0.379100	0.157500	0.155800
1627307158.997360	0.711300	-0.257100	-0.527700	-0.384900	0.163300	0.198500
1627307159.021080	0.716100	-0.262700	-0.513300	-0.392300	0.159100	0.257500
1627307159.021906	0.714400	-0.277300	-0.500700	-0.406600	0.144100	0.301400
1627307159.029551	0.720000	-0.298600	-0.486500	-0.416400	0.123000	0.336000
1627307159.040580	0.729900	-0.327600	-0.484100	-0.409700	0.096100	0.364400
1627307159.041478	0.736800	-0.346100	-0.484600	-0.411800	0.069000	0.379900
1627307159.064814	0.739700	-0.356800	-0.482500	-0.457000	0.035100	0.388500
1627307159.067119	0.743300	-0.364700	-0.495800	-0.508600	-0.007700	0.397400
1627307159.079626	0.735700	-0.371100	-0.515500	-0.538900	-0.039500	0.404100
1627307159.084270	0.727200	-0.378500	-0.541100	-0.569100	-0.056600	0.410500
1627307159.108358	0.729000	-0.387500	-0.570300	-0.599100	-0.062700	0.414500
1627307159.110712	0.725300	-0.393900	-0.593600	-0.632000	-0.061100	0.413500
1627307159.125884	0.721200	-0.394700	-0.609600	-0.670800	-0.054700	0.413800
1627307159.129194	0.721800	-0.386600	-0.628400	-0.694400	-0.039200	0.416600
1627307159.148568	0.721900	-0.379300	-0.643300	-0.719100	-0.019300	0.422100
1627307159.149393	0.723000	-0.372200	-0.657300	-0.735300	0.004200	0.432800
1627307159.159607	0.720200	-0.366600	-0.664800	-0.743200	0.037500	0.446500
1627307159.169465	0.713400	-0.362300	-0.670900	-0.763700	0.072600	0.465200
1627307159.192494	0.706700	-0.358400	-0.671600	-0.778000	0.100400	0.482600
1627307159.193469	0.703900	-0.355600	-0.668500	-0.780200	0.131000	0.506100
1627307159.198253	0.708100	-0.358000	-0.665000	-0.790900	0.155700	0.529600
1627307159.213094	0.707200	-0.359600	-0.662800	-0.818700	0.172800	0.548200
1627307159.226389	0.698900	-0.361200	-0.661300	-0.842800	0.185300	0.566600
1627307159.227304	0.698200	-0.366500	-0.657800	-0.864200	0.200300	0.584600
1627307159.237086	0.696200	-0.371200	-0.653000	-0.891400	0.208200	0.598000
1627307159.241267	0.694300	-0.367200	-0.645800	-0.923100	0.211600	0.609900
1627307159.267807	0.689500	-0.363400	-0.636200	-0.944200	0.210700	0.628000
1627307159.277810	0.690300	-0.363600	-0.630700	-0.961300	0.204000	0.646000
1627307159.278744	0.684900	-0.360700	-0.626600	-0.984200	0.191400	0.668600
1627307159.284802	0.677000	-0.358000	-0.628700	-1.001000	0.174300	0.694500
1627307159.311453	0.678700	-0.358500	-0.634200	-1.025100	0.156000	0.713800
1627307159.312349	0.671900	-0.355300	-0.646900	-1.047100	0.137100	0.733000
1627307159.315774	0.669100	-0.359900	-0.666400	-1.065800	0.119400	0.753800
1627307159.328642	0.669200	-0.366200	-0.685500	-1.087700	0.105900	0.767500
1627307159.354130	0.668200	-0.370100	-0.704100	-1.109700	0.095800	0.781600
1627307159.355033	0.660400	-0.366900	-0.715600	-1.126200	0.090700	0.796200
1627307159.357050	0.660300	-0.362800	-0.724600	-1.138500	0.085200	0.806600
1627307159.361113	0.657800	-0.355500	-0.738900	-1.156800	0.084200	0.818500
1627307159.383447	0.647100	-0.344500	-0.770400	-1.172000	0.097700	0.837200
1627307159.395129	0.634600	-0.332400	-0.783600	-1.171100	0.126700	0.856100
1627307159.396036	0.629000	-0.325100	-0.786700	-1.155600	0.162400	0.880200
1627307159.403606	0.630600	-0.328400	-0.790200	-1.128700	0.202700	0.913200
1627307159.426830	0.623400	-0.340500	-0.788900	-1.114600	0.230800	0.942200
1627307159.428099	0.618700	-0.351000	-0.781900	-1.103300	0.256500	0.967600
1627307159.443348	0.618900	-0.365600	-0.778100	-1.078900	0.278200	0.992300
1627307159.448023	0.613600	-0.374400	-0.772700	-1.071600	0.289800	1.013400
1627307159.470837	0.607800	-0.382400	-0.765600	-1.051700	0.295000	1.027200
1627307159.471982	0.609700	-0.396200	-0.758300	-1.015700	0.293200	1.036900
1627307159.485131	0.611700	-0.407300	-0.757000	-1.006800	0.284000	1.041500
1627307159.486034	0.611200	-0.416700	-0.761400	-1.022400	0.273600	1.039400
1627307159.492489	0.607200	-0.432900	-0.773100	-1.023000	0.264100	1.028100
1627307159.516949	0.606000	-0.444500	-0.787200	-1.024200	0.256500	1.011000
1627307159.525244	0.605100	-0.450100	-0.796900	-1.029400	0.254700	0.989900
1627307159.526145	0.601200	-0.451000	-0.816300	-1.041900	0.259600	0.966400
1627307159.536435	0.599500	-0.443700	-0.829700	-1.037000	0.278800	0.944100
1627307159.551885	0.598900	-0.435200	-0.841300	-1.021200	0.302900	0.931600
1627307159.564494	0.602100	-0.432000	-0.849500	-1.020900	0.331000	0.919300
1627307159.565396	0.599700	-0.429100	-0.849600	-1.023900	0.364900	0.910500
1627307159.587617	0.602100	-0.429300	-0.846300	-1.022400	0.390000	0.903200
1627307159.588542	0.611300	-0.439900	-0.841800	-1.012000	0.414700	0.894000
1627307159.596946	0.613500	-0.450000	-0.841600	-1.022700	0.434900	0.879300
1627307159.602339	0.617200	-0.453400	-0.838000	-1.029400	0.448600	0.865600
1627307159.627570	0.614500	-0.457000	-0.836800	-1.011700	0.461100	0.849400
1627307159.628471	0.626200	-0.462500	-0.833700	-0.997300	0.473400	0.825000
1627307159.639536	0.629000	-0.459500	-0.835800	-0.995500	0.480100	0.806600
1627307159.643652	0.629000	-0.459500	-0.835800	-0.995500	0.480100	0.806600
1627307159.666554	0.626500	-0.449600	-0.842400	-0.993700	0.493200	0.788300
1627307159.667464	0.623500	-0.434700	-0.846700	-0.976000	0.512800	0.774300
1627307159.677249	0.625200	-0.423800	-0.844600	-0.957900	0.528900	0.768100
1627307159.687395	0.631800	-0.415600	-0.845800	-0.937200	0.544800	0.766300
1627307159.711155	0.627900	-0.414200	-0.845000	-0.919800	0.563200	0.768800
1627307159.711972	0.626200	-0.417800	-0.842700	-0.894100	0.582400	0.769400
1627307159.715753	0.627700	-0.425900	-0.839600	-0.863600	0.604100	0.768800
1627307159.730686	0.624800	-0.435800	-0.838600	-0.852000	0.629400	0.761400
1627307159.731595	0.620500	-0.437100	-0.834800	-0.838500	0.651400	0.755000
1627307159.751120	0.623300	-0.433000	-0.828100	-0.837600	0.672200	0.746800
1627307159.757759	0.625100	-0.427400	-0.817000	-0.837900	0.691100	0.741900
1627307159.779480	0.622900	-0.426400	-0.807500	-0.841900	0.702700	0.739700
1627307159.780965	0.627600	-0.425000	-0.793900	-0.826900	0.709800	0.738500
1627307159.795129	0.630000	-0.436800	-0.777100	-0.808900	0.708800	0.732100
1627307159.796026	0.629500	-0.441300	-0.769700	-0.793900	0.703700	0.722600
1627307159.800012	0.634800	-0.441700	-0.763100	-0.770400	0.696900	0.709800
1627307159.825742	0.629500	-0.431300	-0.764900	-0.744100	0.695400	0.695500
1627307159.837667	0.628700	-0.419200	-0.767200	-0.713900	0.697200	0.687200
1627307159.838561	0.627600	-0.405800	-0.767700	-0.679100	0.703700	0.683500
1627307159.843790	0.622600	-0.395000	-0.766800	-0.649800	0.713700	0.690300
1627307159.864413	0.621300	-0.392100	-0.764300	-0.616800	0.725000	0.698800
1627307159.875173	0.618700	-0.403300	-0.759000	-0.587500	0.731400	0.707700
1627307159.876072	0.617900	-0.423500	-0.753400	-0.564200	0.737300	0.707100
1627307159.883910	0.618000	-0.441000	-0.732500	-0.543200	0.738500	0.697600
1627307159.903473	0.624800	-0.454700	-0.721900	-0.529400	0.737900	0.679900
1627307159.905693	0.616200	-0.461300	-0.719600	-0.524500	0.738800	0.653900
1627307159.920493	0.605700	-0.456500	-0.717800	-0.513500	0.742700	0.627000
1627307159.923063	0.606000	-0.447100	-0.709000	-0.492200	0.744000	0.610200
1627307159.946214	0.601900	-0.444900	-0.696000	-0.440200	0.740900	0.597100
1627307159.947046	0.599600	-0.444900	-0.666500	-0.385300	0.730800	0.584000
1627307159.958386	0.606700	-0.454200	-0.641100	-0.337000	0.711300	0.573000
1627307159.968121	0.612400	-0.469500	-0.644000	-0.285400	0.692700	0.552200
1627307159.989988	0.609700	-0.492600	-0.655600	-0.275900	0.675900	0.517100
1627307159.993309	0.613200	-0.496700	-0.658100	-0.309200	0.663900	0.479500
1627307159.994463	0.621700	-0.495400	-0.651400	-0.318400	0.654800	0.439200
1627307160.005544	0.622200	-0.492200	-0.638400	-0.324500	0.643500	0.397000
1627307160.027399	0.626700	-0.481200	-0.625900	-0.331800	0.633100	0.366800
1627307160.027905	0.629300	-0.472300	-0.609100	-0.300300	0.622400	0.343900
1627307160.038002	0.629900	-0.460600	-0.595600	-0.261900	0.600700	0.322200
1627307160.042190	0.636100	-0.459100	-0.593900	-0.225800	0.580300	0.306300
1627307160.068745	0.639600	-0.458400	-0.591200	-0.198900	0.556700	0.289200
1627307160.069259	0.643700	-0.459100	-0.584400	-0.185500	0.521600	0.267500
1627307160.074059	0.651500	-0.467000	-0.581200	-0.164400	0.490200	0.249500
1627307160.080652	0.651200	-0.475100	-0.574300	-0.140900	0.455900	0.228500
1627307160.107354	0.656600	-0.478000	-0.560200	-0.123800	0.413500	0.198200
1627307160.107868	0.662600	-0.478900	-0.552500	-0.103600	0.376800	0.174700
1627307160.116469	0.664300	-0.490000	-0.567700	-0.046500	0.343200	0.150900
1627307160.120658	0.672200	-0.506000	-0.591200	0.022500	0.322800	0.111200
1627307160.144056	0.672100	-0.520900	-0.603400	0.070100	0.322500	0.063200
1627307160.156124	0.673200	-0.528300	-0.612900	0.093400	0.334400	0.009500
1627307160.156603	0.675300	-0.517100	-0.613200	0.093400	0.360000	-0.059300
1627307160.164653	0.678500	-0.492300	-0.603500	0.089700	0.384800	-0.111200
1627307160.184316	0.673300	-0.467800	-0.592500	0.107400	0.411000	-0.146000
1627307160.194898	0.676300	-0.439200	-0.576700	0.110500	0.437600	-0.171100
1627307160.195410	0.680800	-0.419300	-0.558800	0.119900	0.459600	-0.179600
1627307160.204459	0.678200	-0.408700	-0.543600	0.140100	0.468500	-0.176600
1627307160.227369	0.671500	-0.403900	-0.512600	0.164500	0.465700	-0.163700
1627307160.227899	0.674100	-0.406900	-0.471600	0.196900	0.440100	-0.150000
1627307160.239034	0.678100	-0.414900	-0.434600	0.234200	0.397900	-0.141400
1627307160.248194	0.679300	-0.428800	-0.412500	0.265900	0.336200	-0.139000
1627307160.273821	0.686900	-0.439100	-0.407500	0.287000	0.271500	-0.147200
1627307160.274488	0.686900	-0.444000	-0.408300	0.303800	0.215900	-0.157000
1627307160.275503	0.690900	-0.439200	-0.420200	0.306200	0.161200	-0.171700
1627307160.284031	0.685500	-0.429200	-0.431300	0.319700	0.110800	-0.184800
1627307160.288205	0.684300	-0.422000	-0.433700	0.331600	0.075400	-0.195200
1627307160.316119	0.683600	-0.412400	-0.436000	0.341400	0.040600	-0.201000
1627307160.316592	0.688200	-0.401000	-0.432500	0.357600	-0.001000	-0.203400
1627307160.324029	0.692100	-0.403600	-0.436000	0.385700	-0.039500	-0.198200
1627307160.329465	0.680800	-0.408400	-0.438000	0.407300	-0.074300	-0.193400
1627307160.354854	0.682600	-0.411400	-0.436900	0.439400	-0.100600	-0.194000
1627307160.355453	0.688700	-0.415300	-0.436200	0.472100	-0.121900	-0.194000
1627307160.363310	0.688200	-0.417000	-0.430500	0.479100	-0.144200	-0.194600
1627307160.384339	0.696300	-0.418200	-0.426000	0.503900	-0.173200	-0.191500
1627307160.386563	0.695200	-0.423700	-0.415400	0.527400	-0.202600	-0.191800
1627307160.392832	0.699000	-0.439300	-0.405800	0.532000	-0.234300	-0.191200
1627307160.404059	0.704000	-0.464200	-0.403600	0.558500	-0.277400	-0.205300
1627307160.404582	0.712200	-0.485500	-0.401100	0.581100	-0.313100	-0.227900
1627307160.430274	0.725100	-0.502800	-0.405200	0.546600	-0.356800	-0.257500
1627307160.442400	0.735200	-0.513200	-0.411700	0.495600	-0.403800	-0.303600
1627307160.442900	0.737800	-0.511600	-0.425200	0.472400	-0.435300	-0.347300
1627307160.445674	0.733800	-0.499100	-0.432900	0.440300	-0.463100	-0.383900
1627307160.469432	0.732500	-0.481300	-0.444700	0.435100	-0.491500	-0.414800
1627307160.482358	0.732200	-0.475100	-0.453900	0.452500	-0.512300	-0.434600
1627307160.482964	0.728500	-0.470800	-0.465100	0.458700	-0.530300	-0.445900
1627307160.489394	0.722900	-0.467200	-0.481100	0.483100	-0.545900	-0.455100
1627307160.514849	0.727100	-0.471200	-0.495500	0.514900	-0.558100	-0.462700
1627307160.524857	0.722400	-0.476700	-0.504900	0.535900	-0.570600	-0.469200
1627307160.525425	0.722900	-0.476200	-0.506200	0.548100	-0.585900	-0.479800
1627307160.533572	0.730000	-0.479900	-0.513100	0.566800	-0.604200	-0.493000
1627307160.552842	0.733400	-0.490800	-0.525100	0.573500	-0.624400	-0.510100
1627307160.563885	0.729200	-0.493200	-0.534500	0.565900	-0.642400	-0.534800
1627307160.564728	0.722900	-0.486200	-0.540600	0.563700	-0.660100	-0.558000
1627307160.573477	0.713500	-0.477900	-0.555800	0.569800	-0.665900	-0.574200
1627307160.584082	0.717800	-0.472500	-0.578900	0.576200	-0.663200	-0.586700
1627307160.594094	0.722800	-0.473500	-0.606200	0.582400	-0.648800	-0.601700
1627307160.600715	0.726400	-0.473100	-0.630100	0.579600	-0.627100	-0.614800
1627307160.626122	0.728500	-0.472800	-0.646000	0.568900	-0.595400	-0.630700
1627307160.626799	0.733400	-0.474100	-0.653400	0.560700	-0.559000	-0.650900
1627307160.636585	0.732200	-0.473800	-0.651500	0.563100	-0.526300	-0.672600
1627307160.645692	0.737100	-0.469600	-0.638300	0.572600	-0.502200	-0.699500
1627307160.670366	0.734900	-0.468600	-0.631100	0.606200	-0.483300	-0.728800
1627307160.671714	0.723800	-0.457500	-0.608000	0.620500	-0.481100	-0.752600
1627307160.673021	0.728100	-0.442500	-0.575700	0.663600	-0.501600	-0.770600
1627307160.685554	0.721800	-0.436200	-0.542400	0.751300	-0.544000	-0.784400
1627307160.689319	0.730200	-0.430700	-0.516200	0.797700	-0.603300	-0.792900
1627307160.714176	0.724500	-0.436600	-0.522000	0.849000	-0.678700	-0.797200
1627307160.715329	0.708900	-0.448200	-0.549600	0.889900	-0.750800	-0.810600
1627307160.716983	0.703400	-0.455000	-0.587200	0.882000	-0.800900	-0.824100
1627307160.734182	0.698000	-0.453000	-0.623300	0.894200	-0.833600	-0.840300
1627307160.746434	0.690100	-0.454500	-0.655500	0.892100	-0.853100	-0.862600
1627307160.746904	0.686600	-0.447500	-0.673100	0.882000	-0.857700	-0.878100
1627307160.771959	0.677500	-0.434600	-0.687400	0.874000	-0.851600	-0.895200
1627307160.773007	0.671500	-0.415000	-0.700600	0.871000	-0.835700	-0.910800
1627307160.782842	0.668700	-0.395500	-0.702500	0.872500	-0.818000	-0.919400
1627307160.791535	0.664800	-0.380200	-0.707000	0.886000	-0.800000	-0.919100
1627307160.812868	0.669200	-0.372300	-0.715300	0.915300	-0.775600	-0.915100
1627307160.817752	0.669200	-0.373200	-0.719000	0.917400	-0.759700	-0.911400
1627307160.821543	0.664600	-0.372300	-0.719600	0.901500	-0.747500	-0.909900
1627307160.831558	0.661100	-0.382000	-0.725200	0.904300	-0.736200	-0.912000
1627307160.854437	0.661100	-0.391200	-0.728100	0.897600	-0.730400	-0.917800
1627307160.877843	0.657200	-0.387700	-0.732900	0.872800	-0.727600	-0.923900
1627307160.880400	0.653100	-0.374300	-0.737500	0.867600	-0.723600	-0.929800
1627307160.881812	0.637200	-0.366500	-0.739500	0.866400	-0.722400	-0.926700
1627307160.891146	0.644800	-0.360700	-0.747700	0.897600	-0.712600	-0.923600
1627307160.891617	0.652200	-0.370200	-0.761200	0.924100	-0.701000	-0.923600
1627307160.896884	0.648300	-0.371900	-0.768300	0.905200	-0.691000	-0.925500
1627307160.920313	0.646000	-0.369900	-0.770500	0.907300	-0.676300	-0.928200
1627307160.921563	0.652500	-0.365200	-0.768700	0.919900	-0.653700	-0.932500
1627307160.936960	0.656200	-0.358500	-0.769000	0.907600	-0.633500	-0.933100
1627307160.939057	0.657300	-0.351300	-0.776200	0.891500	-0.617000	-0.931300
1627307160.961786	0.663000	-0.343000	-0.779100	0.884400	-0.601800	-0.924600
1627307160.962998	0.664900	-0.332200	-0.776000	0.868900	-0.596300	-0.916000
1627307160.972901	0.668600	-0.322000	-0.774500	0.854200	-0.597500	-0.902900
1627307160.977861	0.677100	-0.314500	-0.779400	0.868200	-0.598700	-0.890000
1627307161.000458	0.680800	-0.310700	-0.788700	0.877400	-0.599000	-0.874800
1627307161.002018	0.683000	-0.308700	-0.803000	0.869500	-0.597500	-0.864700
1627307161.020291	0.684000	-0.307100	-0.830300	0.873400	-0.581000	-0.853400
1627307161.031090	0.683700	-0.306300	-0.853600	0.872500	-0.548600	-0.843000
1627307161.031688	0.683100	-0.296500	-0.869400	0.865500	-0.508300	-0.834500
1627307161.046630	0.678200	-0.283200	-0.876300	0.856600	-0.460000	-0.819200
1627307161.049440	0.684300	-0.263100	-0.884200	0.856300	-0.403500	-0.796900
1627307161.072896	0.692700	-0.254900	-0.884200	0.881400	-0.355000	-0.772100
1627307161.073796	0.688700	-0.251300	-0.886700	0.873700	-0.311900	-0.744700
1627307161.082211	0.688600	-0.247900	-0.885400	0.856000	-0.260000	-0.708600
1627307161.092537	0.695200	-0.257300	-0.883800	0.867600	-0.221200	-0.686900
1627307161.116146	0.697600	-0.265900	-0.876200	0.849000	-0.187900	-0.667700
1627307161.117376	0.700800	-0.263800	-0.871700	0.809600	-0.148200	-0.648100
1627307161.124487	0.705600	-0.260000	-0.859600	0.816900	-0.114900	-0.633500
1627307161.135496	0.709600	-0.250400	-0.846300	0.804700	-0.082500	-0.614200
1627307161.136635	0.716800	-0.232500	-0.830300	0.795900	-0.043100	-0.586400
1627307161.159780	0.717500	-0.221700	-0.821800	0.788500	-0.016600	-0.558600
1627307161.162197	0.714600	-0.203900	-0.810500	0.760400	0.004500	-0.527200
1627307161.173286	0.718600	-0.188600	-0.792000	0.769600	0.026200	-0.480800
1627307161.179277	0.723500	-0.184900	-0.778700	0.794300	0.044800	-0.433100
1627307161.202329	0.726300	-0.189900	-0.772500	0.785500	0.058900	-0.384900
1627307161.203404	0.724400	-0.202400	-0.766800	0.775100	0.076900	-0.337800
1627307161.207344	0.727900	-0.211200	-0.748200	0.768400	0.094600	-0.303900
1627307161.221131	0.732900	-0.224400	-0.726700	0.752500	0.105300	-0.278300
1627307161.241948	0.742400	-0.237700	-0.707800	0.725600	0.110800	-0.262100
1627307161.243133	0.749000	-0.249300	-0.695800	0.684700	0.109600	-0.252900
1627307161.259040	0.741600	-0.250200	-0.689800	0.618100	0.106800	-0.245900
1627307161.263241	0.740400	-0.252000	-0.701200	0.555200	0.109900	-0.238300
