1627307169.653333	0.581300	-0.406700	-0.731700	0.069600	-0.028300	0.022900
1627307169.654266	0.579200	-0.416700	-0.737900	0.093400	-0.024000	0.018300
1627307169.657283	0.581900	-0.424000	-0.735700	0.126700	-0.019100	0.008500
1627307169.657914	0.584600	-0.432300	-0.730700	0.132800	-0.017600	-0.003700
1627307169.747064	0.507100	-0.375900	-0.717000	0.390600	-0.328900	-0.498800
1627307169.748759	0.502700	-0.407200	-0.729900	0.481300	-0.335600	-0.511000
1627307169.749172	0.496700	-0.427200	-0.731100	0.491400	-0.333400	-0.536400
1627307169.749614	0.500600	-0.430800	-0.711800	0.487400	-0.338000	-0.563900
1627307169.751374	0.499800	-0.426800	-0.697900	0.490200	-0.350500	-0.592600
1627307169.751836	0.502900	-0.418200	-0.687300	0.492300	-0.374700	-0.613600
1627307169.752254	0.497700	-0.413000	-0.686600	0.526500	-0.404300	-0.633500
1627307169.752668	0.495200	-0.400100	-0.687100	0.530500	-0.431800	-0.650600
1627307169.754758	0.491200	-0.383400	-0.691500	0.527400	-0.470600	-0.653000
1627307169.755155	0.486800	-0.385100	-0.715900	0.581200	-0.495000	-0.650000
1627307169.755585	0.485000	-0.395300	-0.752600	0.616900	-0.506000	-0.648500
1627307169.755982	0.483300	-0.396600	-0.780300	0.595800	-0.498100	-0.657300
1627307169.756429	0.480300	-0.384000	-0.794800	0.561300	-0.484900	-0.654300
1627307169.758535	0.487400	-0.379200	-0.801500	0.632500	-0.466300	-0.655500
1627307169.758976	0.486500	-0.382100	-0.797400	0.627300	-0.452300	-0.648200
1627307169.759374	0.481400	-0.397000	-0.781400	0.642300	-0.445800	-0.643000
1627307169.759772	0.474000	-0.415200	-0.765000	0.639500	-0.445500	-0.640200
1627307169.762474	0.468600	-0.437700	-0.744800	0.614500	-0.455900	-0.640500
1627307169.762870	0.461200	-0.462500	-0.741500	0.592200	-0.473300	-0.650600
1627307169.763269	0.461400	-0.487500	-0.745800	0.579000	-0.493800	-0.669800
1627307169.763709	0.458300	-0.508400	-0.754900	0.567400	-0.513000	-0.699200
1627307169.765789	0.456900	-0.508400	-0.763500	0.538100	-0.530700	-0.743800
1627307169.766192	0.464600	-0.490000	-0.763700	0.505100	-0.541700	-0.787400
1627307169.766591	0.468600	-0.458700	-0.759000	0.494400	-0.553000	-0.820100
1627307169.767034	0.475700	-0.426600	-0.746300	0.531100	-0.567400	-0.841500
1627307169.768667	0.481200	-0.406100	-0.731200	0.577200	-0.590900	-0.846700
1627307169.769065	0.485700	-0.397100	-0.721100	0.619100	-0.622400	-0.845200
1627307169.769504	0.496200	-0.397200	-0.723900	0.652000	-0.663000	-0.840000
1627307169.771587	0.497200	-0.397200	-0.749400	0.685300	-0.707000	-0.840600
1627307169.771986	0.491600	-0.381200	-0.771000	0.686600	-0.736300	-0.835100
1627307169.772384	0.495100	-0.368900	-0.791100	0.784000	-0.756800	-0.820100
1627307169.772824	0.495200	-0.378700	-0.811500	0.926300	-0.772300	-0.802400
1627307169.773225	0.490800	-0.400300	-0.820300	0.991100	-0.780900	-0.785900
1627307169.774957	0.491100	-0.417700	-0.813200	1.021900	-0.791900	-0.773400
1627307169.775397	0.486100	-0.440300	-0.806800	1.034800	-0.808100	-0.767600
1627307169.775796	0.474200	-0.460000	-0.811900	0.964500	-0.824900	-0.764200
1627307169.777475	0.464000	-0.476000	-0.823400	0.882600	-0.834700	-0.764800
1627307169.777874	0.448100	-0.496200	-0.846200	0.829200	-0.838600	-0.761800
1627307169.778272	0.431000	-0.523700	-0.879800	0.766000	-0.835300	-0.757800
1627307169.780348	0.417200	-0.554600	-0.909300	0.723200	-0.820000	-0.754800
1627307169.780787	0.412500	-0.592500	-0.925200	0.736300	-0.796500	-0.767900
1627307169.781189	0.403900	-0.627200	-0.929800	0.709500	-0.772000	-0.797200
1627307169.783654	0.389800	-0.648200	-0.927700	0.629400	-0.748500	-0.841500
1627307169.784052	0.394800	-0.651900	-0.928500	0.595200	-0.726500	-0.891900
1627307169.784491	0.376100	-0.651100	-0.930400	0.550900	-0.696300	-0.947200
1627307169.784887	0.379200	-0.636800	-0.924200	0.507000	-0.667000	-1.003100
1627307169.785334	0.371600	-0.605800	-0.919600	0.453200	-0.640100	-1.051600
1627307169.787480	0.366300	-0.563400	-0.915900	0.376200	-0.615000	-1.081600
1627307169.787908	0.361700	-0.511400	-0.908300	0.350300	-0.586000	-1.091300
1627307169.788304	0.359400	-0.471100	-0.888400	0.380800	-0.560400	-1.078800
1627307169.788702	0.362300	-0.459100	-0.869100	0.407400	-0.551200	-1.052900
1627307169.790767	0.363000	-0.465300	-0.857100	0.436700	-0.552400	-1.026000
1627307169.791197	0.363900	-0.482400	-0.858000	0.446800	-0.557000	-1.008900
1627307169.791600	0.363000	-0.492100	-0.868800	0.428800	-0.559200	-1.005800
1627307169.791998	0.358500	-0.485100	-0.888700	0.394900	-0.548200	-1.008600
1627307169.792428	0.359400	-0.456400	-0.902100	0.411700	-0.520700	-1.014100
1627307169.794896	0.361300	-0.434200	-0.895500	0.477000	-0.492600	-1.011000
1627307169.795293	0.363600	-0.427000	-0.880700	0.529000	-0.473000	-0.998500
1627307169.795732	0.362700	-0.433700	-0.866500	0.566500	-0.463900	-0.984100
1627307169.796133	0.364500	-0.448000	-0.862100	0.565000	-0.457800	-0.970100
1627307169.798634	0.370000	-0.461800	-0.863800	0.551900	-0.454700	-0.957000
1627307169.799028	0.376100	-0.476400	-0.873900	0.566200	-0.448900	-0.947800
1627307169.799468	0.381700	-0.492100	-0.881100	0.590300	-0.436100	-0.945300
1627307169.799864	0.386700	-0.493000	-0.880000	0.575100	-0.423500	-0.946000
1627307169.800296	0.387700	-0.484900	-0.878400	0.559200	-0.410700	-0.945000
1627307169.802323	0.390300	-0.475700	-0.876000	0.585500	-0.400600	-0.938300
1627307169.802752	0.393200	-0.484000	-0.875900	0.618800	-0.394800	-0.930400
1627307169.803147	0.392300	-0.500100	-0.882900	0.621800	-0.388700	-0.926100
1627307169.804812	0.394500	-0.514600	-0.891600	0.620000	-0.381100	-0.930700
1627307169.805220	0.395100	-0.532200	-0.899700	0.610500	-0.371300	-0.944400
1627307169.805615	0.396500	-0.541400	-0.902500	0.606500	-0.360900	-0.957900
1627307169.806044	0.395400	-0.549200	-0.900900	0.587300	-0.350200	-0.975300
1627307169.808067	0.395500	-0.546600	-0.895600	0.535100	-0.342900	-0.997000
1627307169.808495	0.394200	-0.541000	-0.892300	0.480700	-0.336200	-1.014700
1627307169.808909	0.391200	-0.531000	-0.895500	0.441300	-0.327900	-1.031200
1627307169.809322	0.390600	-0.525400	-0.902200	0.421100	-0.315400	-1.045500
1627307169.811380	0.389600	-0.521700	-0.905500	0.426000	-0.300100	-1.065400
1627307169.811820	0.389400	-0.514800	-0.903200	0.421400	-0.289200	-1.084600
1627307169.812217	0.392700	-0.498400	-0.898800	0.368000	-0.279100	-1.095000
1627307169.812679	0.392000	-0.480200	-0.894800	0.347200	-0.273900	-1.095300
1627307169.814665	0.391400	-0.474600	-0.894900	0.375000	-0.269600	-1.091000
1627307169.815062	0.390000	-0.481200	-0.903700	0.391500	-0.262900	-1.087400
1627307169.815529	0.391700	-0.491200	-0.905900	0.392400	-0.252500	-1.091300
1627307169.815958	0.388900	-0.496600	-0.904200	0.366200	-0.240000	-1.098100
1627307169.817347	0.429000	-0.267900	-0.847700	0.003900	0.012300	-0.906200
1627307169.817749	0.430900	-0.249000	-0.843000	0.018600	0.028800	-0.873900
1627307169.818144	0.439300	-0.243000	-0.832400	0.056100	0.042500	-0.839100
1627307169.818544	0.437500	-0.245200	-0.832500	0.044800	0.048000	-0.803300
1627307169.818985	0.441000	-0.246000	-0.835600	0.014000	0.052600	-0.762400
1627307169.819381	0.442900	-0.247700	-0.845500	0.025000	0.064200	-0.723000
1627307169.819778	0.447900	-0.249100	-0.846600	0.041500	0.074600	-0.694900
1627307169.820216	0.450900	-0.248900	-0.844600	0.023500	0.086800	-0.667100
1627307169.823518	0.450800	-0.239500	-0.841600	0.001800	0.101500	-0.640500
1627307169.824423	0.459600	-0.228100	-0.836300	0.004500	0.116800	-0.610600
1627307169.827812	0.459200	-0.218900	-0.825400	0.016700	0.129000	-0.579700
1627307169.837505	0.463900	-0.214200	-0.808500	0.016100	0.136000	-0.545500
1627307169.865673	0.469800	-0.214500	-0.796800	0.012200	0.136900	-0.510400
1627307169.866579	0.473000	-0.217800	-0.791700	0.007600	0.135700	-0.482300
1627307169.867939	0.479200	-0.217400	-0.787100	0.003600	0.133300	-0.455700
1627307169.877565	0.479200	-0.215100	-0.783400	-0.005200	0.129300	-0.429200
1627307169.903239	0.483500	-0.207900	-0.784700	-0.015600	0.126200	-0.401400
1627307169.904138	0.487400	-0.198200	-0.787700	-0.007100	0.127500	-0.370800
1627307169.906488	0.490100	-0.184100	-0.786300	0.003600	0.133300	-0.332000
1627307169.933526	0.494800	-0.170200	-0.779200	0.021600	0.137500	-0.297500
1627307169.934419	0.498000	-0.159900	-0.765100	0.049400	0.138500	-0.262700
1627307169.936453	0.498700	-0.154700	-0.752700	0.066200	0.132300	-0.227600
1627307169.946380	0.501800	-0.152700	-0.744100	0.064100	0.120400	-0.191800
1627307169.975808	0.504600	-0.152200	-0.739300	0.059500	0.105800	-0.156700
1627307169.976706	0.506200	-0.156700	-0.739100	0.072900	0.091100	-0.126500
1627307169.977586	0.505700	-0.167700	-0.748400	0.080300	0.075200	-0.093800
1627307169.987591	0.508900	-0.171900	-0.752100	0.074800	0.066100	-0.069400
1627307170.018483	0.505500	-0.178600	-0.757000	0.089400	0.057800	-0.043100
1627307170.019384	0.507100	-0.189300	-0.762100	0.117800	0.052300	-0.016800
1627307170.020587	0.509500	-0.201300	-0.764400	0.123300	0.048400	0.007600
1627307170.033889	0.508900	-0.209600	-0.764200	0.115100	0.045600	0.027500
1627307170.045773	0.512700	-0.213100	-0.763900	0.102600	0.045000	0.047000
1627307170.046666	0.518100	-0.211800	-0.760400	0.078100	0.043800	0.069000
1627307170.074555	0.517600	-0.210300	-0.756800	0.075400	0.041600	0.086100
1627307170.075446	0.513400	-0.210600	-0.747200	0.071400	0.040100	0.103800
1627307170.076255	0.516100	-0.208700	-0.735800	0.055800	0.033100	0.126700
1627307170.104613	0.517500	-0.214800	-0.731900	0.050300	0.018400	0.152700
1627307170.105516	0.517500	-0.214800	-0.731900	0.050300	0.018400	0.152700
1627307170.106330	0.511400	-0.257400	-0.758700	0.051000	-0.011500	0.193600
1627307170.116284	0.511400	-0.257400	-0.758700	0.051000	-0.011500	0.193600
1627307170.149558	0.512600	-0.268100	-0.780500	0.021600	-0.020400	0.205500
1627307170.150462	0.513300	-0.262500	-0.797600	-0.008000	-0.017900	0.215300
1627307170.151277	0.512200	-0.247100	-0.798100	0.023800	-0.007800	0.223200
1627307170.154955	0.518900	-0.233400	-0.787800	0.039000	-0.006900	0.239400
1627307170.170382	0.518200	-0.229000	-0.785800	0.012500	-0.013000	0.264500
1627307170.186383	0.513900	-0.229600	-0.793600	0.010600	-0.018800	0.288000
1627307170.202186	0.509900	-0.239100	-0.802100	0.006700	-0.020400	0.314300
1627307170.203168	0.512500	-0.250000	-0.808800	0.005400	-0.021600	0.338400
1627307170.205092	0.500900	-0.269900	-0.817600	0.031100	-0.020400	0.354300
1627307170.216415	0.496600	-0.289900	-0.820100	0.060400	-0.013700	0.360100
1627307170.231448	0.500500	-0.310400	-0.821200	0.063800	-0.009100	0.361900
1627307170.260676	0.499900	-0.326900	-0.816800	0.060700	-0.005100	0.356400
1627307170.261573	0.503300	-0.336700	-0.813600	0.049100	0.002500	0.342700
1627307170.262384	0.502300	-0.338600	-0.814700	0.014900	0.015400	0.323700
1627307170.265015	0.506700	-0.327400	-0.811000	-0.001000	0.033100	0.305100
1627307170.293188	0.515100	-0.307500	-0.796600	-0.021100	0.042900	0.292900
1627307170.294157	0.523100	-0.279500	-0.773700	-0.052000	0.047700	0.292900
1627307170.296336	0.524800	-0.243300	-0.748800	-0.097200	0.042500	0.306300
1627307170.306512	0.528400	-0.214200	-0.728000	-0.105100	0.027000	0.338100
1627307170.325857	0.529200	-0.210300	-0.723000	-0.081600	0.005000	0.377800
1627307170.326758	0.527600	-0.230500	-0.735100	-0.068800	-0.023700	0.431500
1627307170.336275	0.519700	-0.259600	-0.755400	-0.052900	-0.037800	0.466400
1627307170.364391	0.514800	-0.286900	-0.771900	-0.042500	-0.041100	0.487700
1627307170.365360	0.521000	-0.309300	-0.778000	-0.030600	-0.043300	0.498400
1627307170.395806	0.524400	-0.321400	-0.786600	-0.015600	-0.041100	0.502100
1627307170.396709	0.527800	-0.319900	-0.787400	-0.045000	-0.036300	0.500900
1627307170.397525	0.528800	-0.298500	-0.785500	-0.073100	-0.029800	0.503000
1627307170.403889	0.530500	-0.269000	-0.774000	-0.061400	-0.028600	0.522300
1627307170.414561	0.529800	-0.257300	-0.769700	-0.046200	-0.034400	0.555200
1627307170.415455	0.521000	-0.260000	-0.775300	-0.034000	-0.043300	0.598300
1627307170.445692	0.515600	-0.276600	-0.788900	-0.012000	-0.048200	0.640800
1627307170.446587	0.508700	-0.313400	-0.800700	0.044200	-0.050300	0.676200
1627307170.448860	0.506000	-0.359500	-0.809300	0.095900	-0.048500	0.692400
1627307170.479423	0.509200	-0.409900	-0.815700	0.094300	-0.044800	0.688400
1627307170.480328	0.508300	-0.433000	-0.819700	0.050600	-0.037800	0.664600
1627307170.481160	0.513100	-0.424000	-0.813800	-0.013500	-0.028600	0.638000
1627307170.485011	0.513100	-0.402600	-0.807900	-0.045600	-0.022800	0.618500
1627307170.523337	0.510900	-0.386400	-0.809000	-0.063900	-0.017600	0.610800
1627307170.524240	0.515500	-0.372800	-0.810500	-0.095300	-0.017000	0.616900
1627307170.525102	0.508400	-0.371000	-0.819000	-0.121900	-0.019800	0.635300
1627307170.526642	0.498800	-0.377200	-0.839100	-0.161000	-0.013000	0.662500
1627307170.542331	0.499300	-0.390300	-0.845700	-0.160700	-0.001400	0.686600
1627307170.567136	0.495800	-0.429000	-0.858900	-0.123400	0.009900	0.700600
1627307170.568029	0.492300	-0.471800	-0.864100	-0.131400	0.027600	0.693600
1627307170.569032	0.491900	-0.498000	-0.862700	-0.200100	0.045300	0.669200
1627307170.596965	0.490700	-0.493300	-0.867700	-0.309800	0.060600	0.636800
1627307170.597868	0.492800	-0.451000	-0.871300	-0.437100	0.075200	0.616300
1627307170.598680	0.490400	-0.380500	-0.886400	-0.488400	0.093200	0.625800
1627307170.608970	0.487100	-0.343000	-0.896000	-0.446900	0.122300	0.657300
1627307170.628377	0.483900	-0.327800	-0.891400	-0.393500	0.149400	0.701900
1627307170.629275	0.484000	-0.334600	-0.888700	-0.355000	0.171400	0.750700
1627307170.636278	0.476200	-0.355500	-0.891400	-0.337900	0.190400	0.796800
1627307170.647514	0.473400	-0.374600	-0.895600	-0.325900	0.211100	0.831400
1627307170.670944	0.467900	-0.387000	-0.903100	-0.323200	0.235600	0.856100
1627307170.671845	0.461800	-0.387900	-0.901000	-0.317700	0.271000	0.879300
1627307170.683938	0.454000	-0.385000	-0.884800	-0.293900	0.298200	0.900100
1627307170.684824	0.446700	-0.392800	-0.867800	-0.271600	0.316800	0.921500
1627307170.716199	0.445100	-0.413000	-0.858200	-0.266100	0.328100	0.938900
1627307170.727279	0.437300	-0.436900	-0.857400	-0.302100	0.336400	0.945300
1627307170.728176	0.436900	-0.445200	-0.863300	-0.379100	0.342800	0.947100
1627307170.729016	0.432000	-0.444600	-0.879300	-0.450600	0.353200	0.945900
1627307170.736249	0.429200	-0.423500	-0.886800	-0.511000	0.379700	0.946800
1627307170.769713	0.426600	-0.401100	-0.877600	-0.522600	0.407500	0.957500
1627307170.770601	0.428800	-0.393900	-0.865700	-0.497600	0.427700	0.975800
1627307170.771410	0.430400	-0.398100	-0.860500	-0.491800	0.443600	0.997500
1627307170.773831	0.428500	-0.412800	-0.856000	-0.474400	0.455200	1.013700
1627307170.799611	0.428100	-0.428600	-0.849600	-0.440800	0.464400	1.025600
1627307170.800506	0.430300	-0.439900	-0.841200	-0.435600	0.469200	1.032600
1627307170.806618	0.434900	-0.445900	-0.841700	-0.433200	0.471400	1.040000
1627307170.815364	0.435100	-0.442000	-0.839400	-0.428300	0.477500	1.042700
1627307170.844493	0.431000	-0.433100	-0.831900	-0.443500	0.483000	1.047000
1627307170.845415	0.430300	-0.424200	-0.828000	-0.462200	0.488200	1.060100
1627307170.846535	0.435800	-0.425200	-0.829300	-0.460300	0.491500	1.080000
1627307170.874465	0.431500	-0.439200	-0.839700	-0.436800	0.498300	1.096500
1627307170.875371	0.436200	-0.460900	-0.831900	-0.447500	0.506500	1.098600
1627307170.876137	0.433700	-0.479000	-0.812600	-0.446600	0.508900	1.091000
1627307170.887599	0.439300	-0.495800	-0.810500	-0.476500	0.504100	1.080300
1627307170.918832	0.440600	-0.504400	-0.815600	-0.536100	0.497300	1.061700
1627307170.922166	0.441800	-0.501200	-0.823400	-0.573300	0.493400	1.041800
1627307170.923064	0.440400	-0.487300	-0.832200	-0.615500	0.493100	1.026500
1627307170.924016	0.443700	-0.475200	-0.835400	-0.622500	0.495500	1.021000
1627307170.935206	0.440200	-0.477300	-0.836200	-0.585900	0.502500	1.015200
1627307170.962001	0.444000	-0.491200	-0.832000	-0.580700	0.507400	1.008800
1627307170.962907	0.449700	-0.503800	-0.824200	-0.592600	0.511400	0.995100
1627307170.963731	0.453900	-0.504900	-0.813400	-0.640900	0.508600	0.975500
1627307170.992063	0.451900	-0.499900	-0.809100	-0.685700	0.501900	0.957500
1627307170.992968	0.451000	-0.486300	-0.813500	-0.707400	0.498900	0.943100
1627307170.993808	0.447900	-0.473800	-0.817300	-0.708700	0.495200	0.938300
1627307171.003840	0.444600	-0.468500	-0.822100	-0.683000	0.495500	0.940100
1627307171.024461	0.442300	-0.468600	-0.825100	-0.663500	0.497000	0.942500
1627307171.025059	0.442000	-0.469000	-0.825600	-0.652200	0.500700	0.944100
1627307171.037307	0.443700	-0.466900	-0.817500	-0.634700	0.503100	0.945000
1627307171.066998	0.442500	-0.476100	-0.819300	-0.603600	0.498900	0.943800
1627307171.067897	0.436800	-0.486600	-0.828500	-0.593800	0.499200	0.937000
1627307171.068823	0.437300	-0.496900	-0.833600	-0.578200	0.505300	0.925400
1627307171.072531	0.437000	-0.507400	-0.833100	-0.540100	0.508000	0.905600
1627307171.087595	0.434600	-0.519400	-0.832200	-0.537600	0.512600	0.884500
1627307171.108389	0.437900	-0.532700	-0.828600	-0.535500	0.516000	0.857600
1627307171.109290	0.441900	-0.539200	-0.828600	-0.566900	0.518400	0.823700
1627307171.112794	0.444200	-0.533800	-0.820200	-0.623700	0.519900	0.788600
1627307171.142188	0.450800	-0.529100	-0.821900	-0.659800	0.517500	0.762000
1627307171.143079	0.457600	-0.530800	-0.829700	-0.665900	0.516900	0.734200
1627307171.143897	0.464400	-0.524300	-0.825800	-0.711400	0.520200	0.702800
1627307171.154936	0.475100	-0.510900	-0.818700	-0.750200	0.515400	0.680200
1627307171.180729	0.476200	-0.499800	-0.822000	-0.763300	0.509600	0.665500
1627307171.181632	0.479200	-0.489500	-0.835200	-0.775500	0.509900	0.653900
1627307171.182462	0.481700	-0.475300	-0.843100	-0.789900	0.516000	0.646300
1627307171.209762	0.481000	-0.460800	-0.841600	-0.778300	0.520600	0.642600
1627307171.210675	0.488800	-0.451900	-0.829200	-0.748400	0.516900	0.641700
1627307171.215281	0.490000	-0.454000	-0.828900	-0.745300	0.511700	0.639200
1627307171.243334	0.493400	-0.453600	-0.838600	-0.768500	0.508900	0.630100
1627307171.244232	0.497900	-0.444100	-0.853300	-0.793300	0.512300	0.616900
1627307171.245050	0.493500	-0.420400	-0.866000	-0.788700	0.523900	0.606900
1627307171.252644	0.496500	-0.390600	-0.865500	-0.761800	0.539800	0.608100
1627307171.283391	0.493300	-0.369300	-0.859300	-0.704700	0.551700	0.621200
1627307171.284289	0.495000	-0.358500	-0.847900	-0.625900	0.562400	0.642300
1627307171.285102	0.496000	-0.359300	-0.841600	-0.604200	0.566100	0.657900
1627307171.312179	0.500500	-0.359400	-0.834800	-0.604200	0.567000	0.672500
1627307171.312717	0.499500	-0.360600	-0.829300	-0.590100	0.562700	0.687800
1627307171.317928	0.503200	-0.371100	-0.832000	-0.575200	0.559000	0.701900
1627307171.328762	0.502900	-0.387700	-0.834500	-0.558700	0.558100	0.709500
1627307171.344197	0.502600	-0.404800	-0.831700	-0.554100	0.556900	0.708000
1627307171.360250	0.498000	-0.425800	-0.829100	-0.579500	0.558700	0.697300
1627307171.362042	0.496800	-0.435400	-0.819200	-0.599300	0.560900	0.682900
1627307171.362933	0.493900	-0.443700	-0.810500	-0.625900	0.561200	0.665500
1627307171.396992	0.490100	-0.447900	-0.798800	-0.656100	0.561200	0.640500
1627307171.397889	0.489100	-0.447500	-0.777000	-0.677800	0.560600	0.613000
1627307171.398701	0.494100	-0.435700	-0.755600	-0.723900	0.553200	0.587900
1627307171.402696	0.497400	-0.414800	-0.735100	-0.774600	0.536400	0.565900
1627307171.418269	0.502300	-0.386800	-0.716800	-0.793900	0.511100	0.558000
1627307171.434239	0.507600	-0.376100	-0.712900	-0.774000	0.483000	0.564700
1627307171.454415	0.508700	-0.374800	-0.707300	-0.742600	0.453000	0.574200
1627307171.455311	0.514500	-0.379500	-0.705800	-0.731900	0.420700	0.587900
1627307171.456631	0.520800	-0.393800	-0.717400	-0.711400	0.384000	0.606600
1627307171.483310	0.518800	-0.422500	-0.746300	-0.672900	0.358400	0.615700
1627307171.484209	0.520300	-0.455300	-0.782300	-0.640900	0.353200	0.606900
1627307171.485025	0.518900	-0.476800	-0.800800	-0.601100	0.365400	0.580900
1627307171.496328	0.522500	-0.483600	-0.799600	-0.579800	0.381900	0.547900
1627307171.523468	0.526200	-0.474100	-0.783200	-0.602400	0.392300	0.519500
1627307171.524368	0.534400	-0.455800	-0.764000	-0.603600	0.391000	0.497500
1627307171.525365	0.539400	-0.446500	-0.753200	-0.604200	0.381900	0.481600
1627307171.532650	0.543100	-0.441800	-0.755000	-0.640200	0.370000	0.468200
1627307171.559622	0.546600	-0.439900	-0.763400	-0.642100	0.359900	0.450800
1627307171.560536	0.546400	-0.450100	-0.770000	-0.611200	0.358100	0.429400
1627307171.561409	0.551000	-0.463700	-0.770800	-0.591700	0.358100	0.399800
1627307171.575046	0.555100	-0.471800	-0.760700	-0.565700	0.357400	0.365000
1627307171.603165	0.559600	-0.481700	-0.750000	-0.529100	0.351300	0.324300
1627307171.604055	0.564600	-0.481300	-0.737400	-0.515300	0.342500	0.277000
1627307171.605159	0.572300	-0.468300	-0.722400	-0.518400	0.330900	0.227500
1627307171.612640	0.576900	-0.438200	-0.706300	-0.523000	0.308900	0.172200
1627307171.628044	0.580600	-0.416700	-0.691500	-0.520500	0.293000	0.136800
1627307171.643951	0.585900	-0.405800	-0.678700	-0.503700	0.271600	0.109000
1627307171.656947	0.590500	-0.407000	-0.668600	-0.493300	0.247200	0.081800
1627307171.657854	0.597700	-0.414400	-0.665200	-0.496400	0.218500	0.048800
1627307171.661354	0.601100	-0.413900	-0.667700	-0.546500	0.192500	0.011600
1627307171.688129	0.607800	-0.392600	-0.673000	-0.610300	0.171100	-0.026600
1627307171.689899	0.609900	-0.361700	-0.682600	-0.622200	0.150700	-0.059300
1627307171.691507	0.603800	-0.337200	-0.686300	-0.582800	0.142100	-0.075500
1627307171.707043	0.609600	-0.323100	-0.684600	-0.522300	0.132300	-0.083700
1627307171.715243	0.613500	-0.316500	-0.684200	-0.483200	0.117400	-0.085600
1627307171.723852	0.613600	-0.318700	-0.685800	-0.425500	0.103000	-0.084900
1627307171.737897	0.612100	-0.324200	-0.692600	-0.371500	0.088100	-0.089500
1627307171.758740	0.610600	-0.332900	-0.703500	-0.327800	0.073700	-0.099300
1627307171.760632	0.614000	-0.336300	-0.714600	-0.271900	0.063300	-0.115800
1627307171.761326	0.615700	-0.339100	-0.719200	-0.232200	0.055100	-0.127100
1627307171.772680	0.616600	-0.345900	-0.730500	-0.202200	0.052000	-0.140800
1627307171.786093	0.617700	-0.348400	-0.740100	-0.165300	0.054800	-0.159200
1627307171.800951	0.612100	-0.344800	-0.745100	-0.143900	0.061200	-0.182100
1627307171.801928	0.613600	-0.331400	-0.743400	-0.139900	0.069400	-0.198600
1627307171.811642	0.613300	-0.314100	-0.729900	-0.108200	0.074300	-0.208600
1627307171.819736	0.611900	-0.306400	-0.720300	-0.066900	0.072500	-0.215100
1627307171.842609	0.609600	-0.302600	-0.714800	-0.051400	0.068500	-0.220200
1627307171.843652	0.606300	-0.300700	-0.710200	-0.037000	0.062100	-0.224800
1627307171.856725	0.604900	-0.303000	-0.705400	0.006400	0.057500	-0.236700
1627307171.857627	0.608000	-0.311000	-0.701700	0.040000	0.048700	-0.250800
1627307171.879152	0.607800	-0.319200	-0.695300	0.048800	0.035800	-0.271900
1627307171.890737	0.606600	-0.314500	-0.695800	0.041200	0.019900	-0.302700
1627307171.891631	0.608200	-0.298800	-0.699700	0.032300	0.007100	-0.327100
1627307171.902384	0.609500	-0.271400	-0.704000	0.044800	-0.000500	-0.343300
1627307171.929117	0.612200	-0.241800	-0.707200	0.080600	-0.004500	-0.347600
1627307171.932015	0.613400	-0.222900	-0.706500	0.151700	-0.006300	-0.344600
1627307171.932916	0.617800	-0.219700	-0.701300	0.230900	-0.008200	-0.335400
1627307171.940262	0.617700	-0.230700	-0.687300	0.309000	-0.011200	-0.329000
1627307171.944689	0.624400	-0.251500	-0.678800	0.364000	-0.022200	-0.331700
1627307171.969522	0.632800	-0.262100	-0.675200	0.374400	-0.034700	-0.335700
1627307171.970397	0.639300	-0.269300	-0.668900	0.410800	-0.049100	-0.345800
1627307171.980280	0.643200	-0.277700	-0.658900	0.449200	-0.068000	-0.357700
1627307171.989751	0.643100	-0.283800	-0.650400	0.463000	-0.090600	-0.371700
1627307172.013560	0.643100	-0.285000	-0.645300	0.477000	-0.118100	-0.383700
1627307172.014461	0.638200	-0.287200	-0.647300	0.484100	-0.150800	-0.395900
1627307172.034096	0.636000	-0.287400	-0.662700	0.472100	-0.185900	-0.408400
1627307172.039862	0.626500	-0.287200	-0.680100	0.485000	-0.207000	-0.420300
1627307172.052145	0.618200	-0.293600	-0.693800	0.519500	-0.223200	-0.434700
1627307172.053080	0.614600	-0.304000	-0.700700	0.548200	-0.237800	-0.451800
1627307172.060016	0.610700	-0.318600	-0.711300	0.545800	-0.258900	-0.471300
1627307172.083335	0.603600	-0.327600	-0.736100	0.513400	-0.276600	-0.492700
1627307172.084232	0.591800	-0.322600	-0.775100	0.485000	-0.280900	-0.516800
1627307172.093895	0.584600	-0.312500	-0.796500	0.532900	-0.269900	-0.539400
1627307172.103345	0.584200	-0.314300	-0.801400	0.608100	-0.254900	-0.553800
1627307172.132358	0.580800	-0.320200	-0.793800	0.640400	-0.241500	-0.567800
1627307172.133249	0.583100	-0.322500	-0.776700	0.646200	-0.235700	-0.586200
1627307172.135246	0.581300	-0.321300	-0.765500	0.638300	-0.236000	-0.613000
1627307172.141551	0.584700	-0.304800	-0.759000	0.586100	-0.239700	-0.633800
1627307172.151939	0.581400	-0.272100	-0.756600	0.558000	-0.246100	-0.646300
1627307172.176608	0.576700	-0.246700	-0.753500	0.590000	-0.246700	-0.645700
1627307172.177451	0.574700	-0.234600	-0.745200	0.634300	-0.247600	-0.638100
1627307172.180109	0.573400	-0.239600	-0.728300	0.695400	-0.258000	-0.629800
1627307172.196622	0.579700	-0.257600	-0.715900	0.742100	-0.278500	-0.619800
1627307172.218922	0.578000	-0.274900	-0.711900	0.744300	-0.306900	-0.616700
1627307172.220242	0.575900	-0.281200	-0.718800	0.724100	-0.335300	-0.615500
1627307172.232143	0.574600	-0.271600	-0.726000	0.740600	-0.365200	-0.611500
1627307172.233037	0.574500	-0.271400	-0.741500	0.788600	-0.387200	-0.599900
1627307172.241115	0.576200	-0.295300	-0.766200	0.846900	-0.398500	-0.584600
1627307172.264892	0.567500	-0.336300	-0.791000	0.922700	-0.399100	-0.582800
1627307172.269495	0.562100	-0.389400	-0.808000	0.954700	-0.389300	-0.603600
1627307172.270377	0.551800	-0.426500	-0.802400	0.922700	-0.374700	-0.646600
1627307172.279013	0.556000	-0.440100	-0.775500	0.866800	-0.366700	-0.703700
1627307172.287242	0.567600	-0.431900	-0.733200	0.787700	-0.382900	-0.774600
1627307172.310982	0.561200	-0.410000	-0.722200	0.671900	-0.414400	-0.823500
1627307172.311867	0.554100	-0.371100	-0.727800	0.546100	-0.442200	-0.855900
1627307172.321429	0.552200	-0.330400	-0.743200	0.528300	-0.465400	-0.869300
1627307172.325798	0.542200	-0.301100	-0.764600	0.552500	-0.477000	-0.863500
1627307172.349556	0.538200	-0.274000	-0.774900	0.575700	-0.477000	-0.843300
1627307172.350221	0.533700	-0.258800	-0.765100	0.660000	-0.478500	-0.813100
1627307172.370454	0.531000	-0.252700	-0.744400	0.753100	-0.494700	-0.767900
1627307172.378041	0.529700	-0.257600	-0.734600	0.787400	-0.521900	-0.722100
1627307172.379071	0.522100	-0.286900	-0.736900	0.867700	-0.555800	-0.683000
1627307172.385826	0.514500	-0.330600	-0.750500	0.954700	-0.583900	-0.660100
1627307172.406577	0.506200	-0.372900	-0.762000	0.969400	-0.604700	-0.657000
1627307172.412600	0.503700	-0.397600	-0.775500	0.945600	-0.617200	-0.671400
1627307172.430590	0.498700	-0.409400	-0.793000	0.913500	-0.621200	-0.697000
1627307172.431284	0.496300	-0.407800	-0.809700	0.876800	-0.612300	-0.725100
1627307172.439493	0.489700	-0.398300	-0.824500	0.858200	-0.590900	-0.744700
1627307172.462468	0.486000	-0.389200	-0.818200	0.871300	-0.562800	-0.760300
1627307172.470745	0.487400	-0.384300	-0.789600	0.882000	-0.546000	-0.762700
1627307172.471643	0.485700	-0.385300	-0.751700	0.862200	-0.547200	-0.757200
1627307172.480079	0.491600	-0.398400	-0.731700	0.828900	-0.570500	-0.749300
1627307172.483124	0.490000	-0.418000	-0.736200	0.786100	-0.604100	-0.749900
1627307172.508135	0.489700	-0.433600	-0.756000	0.766900	-0.626300	-0.760900
1627307172.508823	0.497700	-0.433800	-0.785900	0.732700	-0.628800	-0.789000
1627307172.520115	0.487500	-0.404700	-0.791900	0.652400	-0.619300	-0.794500
1627307172.526060	0.482100	-0.388400	-0.779100	0.774500	-0.612900	-0.786200
1627307172.548375	0.486700	-0.409900	-0.770100	0.927900	-0.613800	-0.781900
1627307172.553923	0.478100	-0.427400	-0.749900	0.863100	-0.629700	-0.781000
1627307172.555009	0.476800	-0.427700	-0.743900	0.781900	-0.662100	-0.794200
1627307172.577514	0.461900	-0.403800	-0.764000	0.679200	-0.686500	-0.792600
1627307172.579145	0.466300	-0.381000	-0.786600	0.678900	-0.698400	-0.786500
1627307172.594561	0.456400	-0.379500	-0.805300	0.763800	-0.701800	-0.777100
1627307172.599208	0.450000	-0.394200	-0.812900	0.816100	-0.695700	-0.774300
1627307172.624371	0.441900	-0.407000	-0.807500	0.830100	-0.692900	-0.781300
1627307172.625354	0.435800	-0.408000	-0.790800	0.828600	-0.703900	-0.784700
1627307172.628887	0.446300	-0.404100	-0.783100	0.830700	-0.739400	-0.781000
1627307172.642749	0.437400	-0.411000	-0.804800	0.831900	-0.774500	-0.773400
1627307172.643634	0.426900	-0.417000	-0.851400	0.794100	-0.796800	-0.765400
1627307172.666310	0.425000	-0.414600	-0.907600	0.737000	-0.796500	-0.749300
1627307172.681391	0.417600	-0.418200	-0.959800	0.782800	-0.768400	-0.737000
1627307172.685363	0.424200	-0.436600	-0.981100	0.865200	-0.720700	-0.730300
1627307172.706454	0.425300	-0.466600	-0.964500	0.900100	-0.669700	-0.738000
1627307172.708032	0.429800	-0.483900	-0.924000	0.863400	-0.635500	-0.762400
1627307172.710141	0.425400	-0.490000	-0.895100	0.776700	-0.629400	-0.787700
1627307172.720339	0.424400	-0.480500	-0.886200	0.675600	-0.631500	-0.810600
1627307172.739549	0.429900	-0.460400	-0.892000	0.597700	-0.638300	-0.825900
1627307172.740450	0.425900	-0.440700	-0.914200	0.546100	-0.639800	-0.829300
1627307172.752281	0.429200	-0.422500	-0.932100	0.526800	-0.629700	-0.821900
1627307172.774895	0.432500	-0.414900	-0.938500	0.567400	-0.609200	-0.809700
1627307172.778202	0.431800	-0.426400	-0.934100	0.617200	-0.584200	-0.800600
1627307172.779092	0.434100	-0.438600	-0.918600	0.623300	-0.568300	-0.797200
1627307172.794081	0.438600	-0.451700	-0.907600	0.629100	-0.560400	-0.798700
1627307172.795996	0.436900	-0.463900	-0.909400	0.614800	-0.559200	-0.802400
1627307172.819691	0.437900	-0.463300	-0.924600	0.570200	-0.552700	-0.807300
1627307172.820864	0.436900	-0.450700	-0.947000	0.546100	-0.535300	-0.808200
1627307172.832544	0.434700	-0.437600	-0.970800	0.581800	-0.501700	-0.803600
1627307172.839651	0.434800	-0.437100	-0.975500	0.635600	-0.466900	-0.794800
1627307172.865528	0.434100	-0.450000	-0.968600	0.677100	-0.435500	-0.785900
1627307172.866188	0.435200	-0.472200	-0.954300	0.708200	-0.408900	-0.781300
1627307172.868920	0.441000	-0.499800	-0.939900	0.713700	-0.391500	-0.789000
1627307172.878825	0.441400	-0.523800	-0.936600	0.664300	-0.383800	-0.806400
1627307172.884248	0.438100	-0.529200	-0.947900	0.550000	-0.370700	-0.828100
1627307172.905573	0.437500	-0.509800	-0.960600	0.447100	-0.347500	-0.848200
1627307172.909169	0.433500	-0.499900	-0.966300	0.458400	-0.327000	-0.854900
1627307172.924264	0.429200	-0.509900	-0.967000	0.483100	-0.304700	-0.859800
1627307172.926643	0.429900	-0.539300	-0.965200	0.510000	-0.286100	-0.869900
1627307172.949127	0.426500	-0.569500	-0.959200	0.497500	-0.267800	-0.901400
1627307172.949825	0.428200	-0.574600	-0.948100	0.371000	-0.251000	-0.941400
1627307172.961281	0.430300	-0.542600	-0.931600	0.226600	-0.237200	-0.976500
1627307172.970408	0.429800	-0.498500	-0.927000	0.146900	-0.227800	-1.004900
1627307172.989087	0.426300	-0.463100	-0.933700	0.075100	-0.218300	-1.011900
1627307172.990033	0.420300	-0.430800	-0.946200	0.004500	-0.202400	-1.007300
1627307173.000372	0.419800	-0.408400	-0.961300	-0.018700	-0.180400	-0.993000
1627307173.008990	0.418300	-0.401100	-0.975500	-0.016500	-0.150200	-0.972500
1627307173.026750	0.415600	-0.399500	-0.982700	-0.030300	-0.115700	-0.953600
1627307173.027426	0.413600	-0.395500	-0.966700	-0.002800	-0.075700	-0.936200
1627307173.039830	0.411900	-0.401000	-0.938500	0.043600	-0.051200	-0.922400
1627307173.062433	0.407600	-0.403000	-0.919200	0.017700	-0.042400	-0.915700
1627307173.063606	0.410800	-0.393100	-0.907300	-0.031800	-0.041800	-0.912100
1627307173.067581	0.406000	-0.379600	-0.910400	-0.058400	-0.041400	-0.908100
1627307173.071700	0.400000	-0.359600	-0.920200	-0.096900	-0.031400	-0.903500
1627307173.093739	0.405200	-0.337400	-0.926600	-0.128000	-0.014900	-0.889100
1627307173.100482	0.406000	-0.314600	-0.928600	-0.130800	0.008000	-0.863500
1627307173.118316	0.407200	-0.296500	-0.915900	-0.138700	0.030600	-0.834200
1627307173.119135	0.412200	-0.292700	-0.896000	-0.137500	0.042900	-0.805500
1627307173.130027	0.407200	-0.302700	-0.885300	-0.135100	0.046800	-0.782200
1627307173.137979	0.409100	-0.310400	-0.887600	-0.185500	0.049900	-0.767600
1627307173.160564	0.410600	-0.303700	-0.895900	-0.248700	0.058100	-0.756300
1627307173.161554	0.410600	-0.283200	-0.899900	-0.262400	0.072200	-0.744400
1627307173.168876	0.418700	-0.253500	-0.904900	-0.258100	0.085600	-0.715000
1627307173.180418	0.425000	-0.239300	-0.905400	-0.227000	0.097500	-0.676300
1627307173.181311	0.425900	-0.239900	-0.906600	-0.194000	0.107900	-0.640800
1627307173.210568	0.428200	-0.247100	-0.908400	-0.173800	0.121300	-0.605100
1627307173.211390	0.429700	-0.266000	-0.910400	-0.166800	0.132700	-0.578500
1627307173.220010	0.430900	-0.284800	-0.915600	-0.174500	0.148500	-0.563200
1627307173.222706	0.431900	-0.293900	-0.904500	-0.201600	0.164400	-0.557400
1627307173.245550	0.428200	-0.286500	-0.892000	-0.290200	0.175700	-0.551000
1627307173.247644	0.431400	-0.266400	-0.887700	-0.369300	0.186400	-0.540000
1627307173.252191	0.431400	-0.246900	-0.885500	-0.414500	0.198300	-0.525400
1627307173.273567	0.433600	-0.229100	-0.880100	-0.425800	0.210800	-0.507700
1627307173.288691	0.432600	-0.214500	-0.879200	-0.457900	0.224600	-0.487500
1627307173.292931	0.435100	-0.197900	-0.871700	-0.492700	0.237400	-0.466700
1627307173.293833	0.429300	-0.180400	-0.863500	-0.507400	0.249600	-0.442900
1627307173.321748	0.430700	-0.157100	-0.851200	-0.526900	0.265500	-0.410200
1627307173.322675	0.433500	-0.143300	-0.837900	-0.515900	0.271900	-0.377200
1627307173.329770	0.433300	-0.136000	-0.829800	-0.504600	0.269800	-0.339400
1627307173.337884	0.431300	-0.125900	-0.831900	-0.532400	0.265500	-0.293900
1627307173.361630	0.423000	-0.101100	-0.835100	-0.563000	0.264600	-0.236700
1627307173.362447	0.414900	-0.074000	-0.825300	-0.545300	0.259700	-0.165600
1627307173.369958	0.415800	-0.068100	-0.818200	-0.498500	0.246600	-0.067800
1627307173.381479	0.424400	-0.109900	-0.825000	-0.416100	0.231000	0.024700
1627307173.382188	0.428500	-0.182000	-0.844800	-0.340300	0.226700	0.072100
1627307173.404358	0.438500	-0.249600	-0.859600	-0.361700	0.244100	0.070500
1627307173.407917	0.442300	-0.285800	-0.857200	-0.476800	0.265800	0.044600
1627307173.415942	0.455800	-0.290500	-0.845500	-0.535500	0.294200	-0.007400
1627307173.437490	0.458300	-0.261700	-0.829700	-0.610600	0.319300	-0.058400
1627307173.438893	0.466900	-0.199200	-0.808600	-0.692800	0.341000	-0.089500
1627307173.453539	0.472800	-0.139300	-0.789300	-0.692200	0.353800	-0.093500
1627307173.466153	0.479400	-0.093400	-0.777800	-0.638400	0.361700	-0.072100
1627307173.477015	0.488400	-0.055300	-0.761700	-0.597800	0.366600	-0.041300
1627307173.477698	0.490700	-0.009900	-0.732800	-0.606600	0.362600	0.014300
1627307173.488633	0.495500	0.019800	-0.697600	-0.533300	0.344600	0.083000
1627307173.511365	0.503500	0.026200	-0.682000	-0.429500	0.317700	0.153300
1627307173.517247	0.501500	0.007900	-0.675400	-0.370800	0.280200	0.238200
1627307173.518133	0.505500	-0.021500	-0.675000	-0.303300	0.244100	0.297200
1627307173.527410	0.506000	-0.055400	-0.673700	-0.238900	0.214500	0.329800
1627307173.532095	0.513700	-0.089500	-0.685400	-0.237400	0.182400	0.352100
1627307173.555051	0.506100	-0.104900	-0.698500	-0.230000	0.162900	0.356700
1627307173.565765	0.519500	-0.107500	-0.716600	-0.217200	0.145200	0.363100
1627307173.566661	0.507600	-0.095800	-0.725700	-0.195500	0.143600	0.365600
1627307173.576089	0.520400	-0.075400	-0.731800	-0.187900	0.144600	0.382400
1627307173.599438	0.519300	-0.060300	-0.726900	-0.156100	0.149100	0.404400
1627307173.599874	0.526200	-0.050700	-0.706500	-0.117900	0.148800	0.432200
1627307173.605862	0.528300	-0.052500	-0.691200	-0.112100	0.134800	0.468800
1627307173.616924	0.527200	-0.068800	-0.683600	-0.103000	0.111300	0.504800
1627307173.640587	0.523700	-0.095200	-0.692500	-0.100200	0.086800	0.532000
1627307173.641056	0.520100	-0.105700	-0.713400	-0.132000	0.069100	0.551900
1627307173.646821	0.522000	-0.096700	-0.732700	-0.160700	0.057800	0.569300
1627307173.668771	0.533100	-0.085300	-0.748300	-0.133800	0.052000	0.591000
1627307173.669958	0.540400	-0.078100	-0.761600	-0.098100	0.049900	0.614800
1627307173.685119	0.548300	-0.061500	-0.773200	-0.118600	0.056300	0.641100
1627307173.692995	0.542800	-0.030200	-0.777600	-0.145100	0.065200	0.677100
1627307173.713098	0.537700	-0.001200	-0.775800	-0.118300	0.071300	0.729600
1627307173.714053	0.533200	0.011600	-0.750600	-0.039500	0.065200	0.806300
1627307173.716540	0.533300	-0.004900	-0.729200	0.028400	0.040100	0.888200
1627307173.731935	0.529900	-0.035300	-0.729900	0.050300	0.000700	0.953200
1627307173.748322	0.527700	-0.072400	-0.744100	0.062600	-0.038400	1.007300
1627307173.749218	0.529200	-0.110400	-0.770100	0.074500	-0.071700	1.049100
1627307173.758656	0.527200	-0.147500	-0.797400	0.094900	-0.096700	1.080300
1627307173.767207	0.524500	-0.172600	-0.822800	0.101000	-0.103400	1.099800
1627307173.790579	0.520000	-0.196900	-0.835400	0.110200	-0.100100	1.112700
1627307173.791107	0.516100	-0.213900	-0.831900	0.111100	-0.091500	1.120900
1627307173.801136	0.522500	-0.231600	-0.819800	0.086400	-0.090300	1.127900
1627307173.810606	0.524800	-0.252100	-0.809000	0.043600	-0.098000	1.126400
1627307173.819945	0.531700	-0.278700	-0.804000	-0.013500	-0.109600	1.116600
1627307173.835723	0.538200	-0.298700	-0.808800	-0.119500	-0.124800	1.100400
1627307173.838856	0.540200	-0.301400	-0.819000	-0.244100	-0.138000	1.083600
1627307173.839318	0.538700	-0.284200	-0.833900	-0.364700	-0.148700	1.071400
1627307173.862462	0.532300	-0.259000	-0.845000	-0.432900	-0.147100	1.072300
1627307173.866328	0.521500	-0.232100	-0.842700	-0.463700	-0.143500	1.088200
1627307173.881831	0.518300	-0.214500	-0.841400	-0.463100	-0.142200	1.118500
1627307173.885493	0.511500	-0.210900	-0.844000	-0.465800	-0.138900	1.153900
1627307173.906368	0.508900	-0.221900	-0.843400	-0.440800	-0.131900	1.192400
1627307173.907982	0.512900	-0.259200	-0.849200	-0.374800	-0.129100	1.222300
1627307173.923719	0.512100	-0.316400	-0.858000	-0.308500	-0.127300	1.236400
1627307173.929188	0.504000	-0.359000	-0.869000	-0.325600	-0.123300	1.226900
1627307173.951786	0.498900	-0.370700	-0.878800	-0.397100	-0.113200	1.207300
1627307173.952608	0.498900	-0.370700	-0.878800	-0.397100	-0.113200	1.207300
1627307173.954939	0.493200	-0.354600	-0.893300	-0.461600	-0.098600	1.190900
1627307173.969147	0.490100	-0.319500	-0.907100	-0.487200	-0.077500	1.186600
1627307173.970037	0.483900	-0.283300	-0.923200	-0.489700	-0.045700	1.205200
1627307173.995427	0.478600	-0.260100	-0.927700	-0.460000	-0.006000	1.241200
1627307173.996899	0.472700	-0.264800	-0.922500	-0.387300	0.038600	1.288000
1627307174.006203	0.471600	-0.292800	-0.912400	-0.339700	0.069700	1.322200
1627307174.014155	0.464500	-0.333500	-0.902800	-0.300300	0.091700	1.344800
1627307174.037969	0.462300	-0.376000	-0.901200	-0.296000	0.109100	1.351800
1627307174.039062	0.455600	-0.405300	-0.902200	-0.312200	0.121300	1.340500
1627307174.046358	0.453700	-0.411900	-0.906000	-0.341200	0.132000	1.324600
1627307174.059343	0.452600	-0.389800	-0.925200	-0.399600	0.142100	1.313300
1627307174.060246	0.441800	-0.359100	-0.950900	-0.421500	0.163800	1.322800
1627307174.081704	0.441200	-0.337000	-0.968800	-0.367200	0.198900	1.342300
1627307174.085169	0.441800	-0.333000	-0.967800	-0.290200	0.238300	1.369200
1627307174.089687	0.441000	-0.349100	-0.955100	-0.256900	0.273100	1.399200
1627307174.114920	0.439200	-0.379000	-0.947500	-0.256300	0.300000	1.419300
1627307174.115815	0.435900	-0.411700	-0.939300	-0.278900	0.317700	1.427600
1627307174.126587	0.426100	-0.447000	-0.941000	-0.300000	0.335800	1.420200
1627307174.133561	0.425700	-0.472500	-0.942000	-0.296000	0.352300	1.399500
1627307174.157985	0.424000	-0.495400	-0.946300	-0.300900	0.366300	1.370400
1627307174.158805	0.418000	-0.509200	-0.939900	-0.324700	0.379100	1.334400
1627307174.166355	0.417500	-0.505400	-0.937000	-0.374200	0.390100	1.299000
1627307174.178018	0.416400	-0.495200	-0.934800	-0.413300	0.395600	1.275200
1627307174.178909	0.414600	-0.490800	-0.945900	-0.421900	0.405400	1.259600
1627307174.203159	0.420900	-0.504400	-0.958000	-0.409600	0.431100	1.238200
1627307174.205187	0.418100	-0.530500	-0.964600	-0.400200	0.458900	1.207600
1627307174.216449	0.419200	-0.554000	-0.958400	-0.437100	0.495800	1.163700
1627307174.230387	0.422200	-0.553200	-0.931400	-0.495800	0.527300	1.106600
1627307174.246297	0.428000	-0.539300	-0.889800	-0.547100	0.541300	1.058300
1627307174.247477	0.436600	-0.520000	-0.855600	-0.599600	0.536700	1.023200
1627307174.262458	0.445300	-0.505500	-0.834100	-0.630800	0.509900	0.997500
1627307174.267885	0.452500	-0.497200	-0.841100	-0.675400	0.471700	0.975200
1627307174.268901	0.451700	-0.490500	-0.872100	-0.724500	0.448200	0.961800
1627307174.292944	0.447800	-0.485600	-0.904400	-0.720600	0.440500	0.952600
1627307174.296369	0.448100	-0.492100	-0.924000	-0.641500	0.448500	0.942200
1627307174.309044	0.445900	-0.514200	-0.916000	-0.566600	0.461300	0.919600
1627307174.312978	0.452800	-0.535300	-0.902100	-0.561100	0.466500	0.885100
1627307174.335136	0.462400	-0.546800	-0.882800	-0.616700	0.460100	0.835600
1627307174.336495	0.471900	-0.537600	-0.889200	-0.714200	0.441700	0.783700
1627307174.350394	0.468800	-0.507200	-0.899800	-0.790500	0.430400	0.749500
1627307174.365851	0.474200	-0.491600	-0.912400	-0.729100	0.419800	0.731500
1627307174.366754	0.478900	-0.487200	-0.926900	-0.677800	0.426200	0.705800
1627307174.376219	0.484000	-0.476600	-0.915600	-0.700700	0.431400	0.685700
1627307174.386124	0.489300	-0.459200	-0.890500	-0.694000	0.429800	0.672200
1627307174.405369	0.496900	-0.450200	-0.882800	-0.667400	0.419800	0.668300
1627307174.416851	0.504500	-0.450900	-0.893900	-0.652800	0.410600	0.660300
1627307174.417748	0.500600	-0.441500	-0.904400	-0.664100	0.412400	0.655400
1627307174.439217	0.501600	-0.443400	-0.906400	-0.618600	0.418200	0.659700
1627307174.440093	0.500900	-0.470700	-0.906000	-0.524500	0.425600	0.664600
1627307174.443828	0.491900	-0.525500	-0.903900	-0.450600	0.437800	0.648400
1627307174.449444	0.491500	-0.577000	-0.894800	-0.457600	0.453000	0.604100
1627307174.473246	0.495200	-0.610400	-0.872200	-0.547400	0.468600	0.518300
1627307174.474246	0.494000	-0.598000	-0.842300	-0.654900	0.474700	0.432500
1627307174.489595	0.496700	-0.564500	-0.814600	-0.777700	0.469500	0.357600
1627307174.514330	0.497200	-0.512600	-0.788900	-0.878200	0.455800	0.302700
1627307174.515251	0.493400	-0.460200	-0.770400	-0.925500	0.433500	0.268100
1627307174.516731	0.491200	-0.420800	-0.767800	-0.968000	0.413600	0.249800
1627307174.532138	0.497900	-0.391200	-0.753900	-1.011300	0.397200	0.243400
1627307174.536584	0.493300	-0.385700	-0.733400	-1.012600	0.370600	0.234500
1627307174.558991	0.492800	-0.397000	-0.724000	-1.057200	0.344000	0.225700
1627307174.559974	0.494000	-0.402800	-0.715600	-1.109700	0.316200	0.203400
1627307174.563820	0.498700	-0.400400	-0.713100	-1.138700	0.286000	0.173800
1627307174.579011	0.497800	-0.383200	-0.707500	-1.152500	0.255700	0.141100
1627307174.580251	0.507900	-0.353300	-0.713600	-1.153700	0.221800	0.116300
1627307174.603905	0.506500	-0.317700	-0.734300	-1.103600	0.198900	0.102300
1627307174.607842	0.507900	-0.275500	-0.754900	-1.027500	0.189500	0.098900
1627307174.622933	0.507900	-0.246100	-0.771700	-0.937700	0.194700	0.112100
1627307174.630368	0.501800	-0.232100	-0.784200	-0.816800	0.211800	0.131900
1627307174.645442	0.508500	-0.226000	-0.784300	-0.690600	0.233400	0.153900
1627307174.647722	0.508700	-0.230600	-0.770000	-0.565700	0.251500	0.172500
1627307174.655161	0.517500	-0.247200	-0.748300	-0.467700	0.254200	0.182000
1627307174.665501	0.518100	-0.270600	-0.736600	-0.412700	0.251200	0.179600
1627307174.666413	0.517900	-0.279500	-0.736200	-0.379700	0.249900	0.164000
1627307174.689002	0.520400	-0.282500	-0.738600	-0.321700	0.252100	0.146300
1627307174.701691	0.522200	-0.292500	-0.735700	-0.227600	0.254800	0.123700
1627307174.703901	0.525000	-0.305300	-0.730100	-0.148200	0.260600	0.094300
1627307174.707964	0.538000	-0.316200	-0.718100	-0.103600	0.264000	0.057100
1627307174.725051	0.548000	-0.318100	-0.699200	-0.068500	0.260000	0.013100
1627307174.735651	0.559200	-0.302200	-0.669100	-0.057500	0.239600	-0.038800
1627307174.756732	0.569200	-0.281600	-0.654500	-0.066600	0.205300	-0.074900
1627307174.758978	0.577800	-0.260700	-0.647600	-0.067900	0.168400	-0.095000
1627307174.766490	0.577000	-0.252900	-0.651700	-0.036100	0.129600	-0.107200
1627307174.777832	0.581400	-0.252000	-0.658100	-0.008600	0.094200	-0.115200
1627307174.794324	0.577400	-0.261800	-0.668100	0.017400	0.063300	-0.125300
1627307174.795157	0.572000	-0.278900	-0.676300	0.055200	0.037100	-0.146900
1627307174.803816	0.572300	-0.291900	-0.680500	0.064400	0.008600	-0.180200
1627307174.816803	0.571800	-0.289200	-0.684100	0.027400	-0.018200	-0.216000
1627307174.837960	0.562900	-0.272100	-0.688200	-0.010100	-0.045400	-0.241900
1627307174.838778	0.561200	-0.255100	-0.707800	0.000900	-0.065600	-0.271300
1627307174.842650	0.558700	-0.228000	-0.728400	-0.026300	-0.082400	-0.289900
1627307174.849531	0.557500	-0.203900	-0.747200	-0.003100	-0.093100	-0.297800
1627307174.872401	0.549600	-0.189700	-0.769200	0.050600	-0.097000	-0.296300
1627307174.873297	0.553300	-0.184000	-0.775000	0.137700	-0.095200	-0.293900
1627307174.882746	0.551000	-0.178500	-0.766100	0.173700	-0.098000	-0.286500
1627307174.892293	0.548200	-0.179400	-0.759800	0.225400	-0.106200	-0.278900
1627307174.917450	0.541700	-0.181600	-0.761200	0.267200	-0.118400	-0.274000
1627307174.918349	0.535200	-0.188600	-0.775000	0.279700	-0.125700	-0.265800
1627307174.925184	0.535000	-0.199100	-0.785500	0.353900	-0.127900	-0.261200
1627307174.932728	0.534900	-0.214600	-0.787500	0.426000	-0.128800	-0.267300
1627307174.940576	0.536300	-0.224000	-0.780300	0.417200	-0.133400	-0.269700
1627307174.961636	0.535600	-0.232100	-0.789700	0.443400	-0.135800	-0.280100
1627307174.962482	0.541700	-0.240800	-0.791600	0.489600	-0.127900	-0.299000
1627307174.972655	0.548000	-0.243300	-0.774200	0.514600	-0.127600	-0.316200
1627307174.981682	0.549400	-0.242800	-0.751700	0.517400	-0.138300	-0.325600
1627307175.003452	0.554400	-0.244300	-0.740700	0.513400	-0.157500	-0.332000
1627307175.004458	0.552100	-0.251200	-0.748800	0.520700	-0.181300	-0.335400
1627307175.012695	0.548700	-0.267200	-0.767300	0.546400	-0.192600	-0.345500
1627307175.021664	0.553600	-0.278800	-0.762500	0.593100	-0.202100	-0.353400
1627307175.041367	0.553100	-0.300700	-0.762500	0.631900	-0.218000	-0.362300
1627307175.043898	0.553500	-0.316500	-0.774000	0.597400	-0.232600	-0.375100
1627307175.058879	0.558100	-0.326500	-0.778300	0.633100	-0.241500	-0.395300
1627307175.065551	0.556400	-0.342900	-0.774000	0.734200	-0.250100	-0.421800
1627307175.084130	0.559300	-0.347200	-0.767300	0.705200	-0.269600	-0.452400
1627307175.085010	0.557900	-0.338100	-0.774000	0.677400	-0.292800	-0.473100
1627307175.095401	0.540400	-0.335700	-0.779900	0.746700	-0.303200	-0.487500
1627307175.109219	0.542600	-0.354400	-0.786300	0.816100	-0.309900	-0.501600
1627307175.122117	0.532200	-0.381100	-0.787200	0.839900	-0.324300	-0.516800
1627307175.123006	0.526100	-0.418500	-0.791100	0.860400	-0.340800	-0.545800
1627307175.132820	0.519300	-0.451300	-0.800400	0.847500	-0.357900	-0.589800
1627307175.134805	0.514300	-0.467900	-0.819700	0.779400	-0.373800	-0.662500
1627307175.167160	0.510300	-0.456700	-0.828700	0.735400	-0.378900	-0.726300
1627307175.168051	0.505200	-0.434600	-0.839100	0.710100	-0.381700	-0.781000
1627307175.176570	0.503500	-0.413000	-0.843100	0.728700	-0.374100	-0.832300
1627307175.178527	0.506000	-0.390600	-0.831200	0.715300	-0.373500	-0.869000
1627307175.204827	0.501600	-0.383900	-0.819600	0.735700	-0.385700	-0.888200
1627307175.214484	0.507100	-0.395300	-0.822900	0.787700	-0.403100	-0.911100
1627307175.215407	0.507900	-0.404500	-0.838300	0.717400	-0.424500	-0.944700
1627307175.222324	0.502800	-0.395600	-0.857800	0.665200	-0.432400	-0.967600
1627307175.242374	0.498500	-0.374000	-0.884200	0.671000	-0.425100	-0.981700
1627307175.243265	0.496000	-0.357900	-0.904900	0.729600	-0.404600	-0.985700
1627307175.251532	0.492300	-0.352700	-0.902600	0.820600	-0.377700	-0.987500
1627307175.263599	0.491800	-0.356300	-0.882000	0.890900	-0.354800	-0.986600
1627307175.284876	0.487900	-0.371900	-0.860400	0.938800	-0.345400	-0.986600
1627307175.285762	0.486800	-0.391200	-0.846900	0.945000	-0.348700	-0.992700
1627307175.295355	0.480700	-0.401400	-0.848000	0.920500	-0.357600	-1.002500
1627307175.304784	0.476900	-0.402600	-0.858600	0.884200	-0.363700	-1.013800
1627307175.315219	0.468300	-0.396900	-0.875700	0.864300	-0.359100	-1.024100
1627307175.330193	0.469700	-0.383800	-0.886600	0.858200	-0.344100	-1.024500
1627307175.334718	0.470500	-0.374100	-0.883100	0.887800	-0.329500	-1.014700
1627307175.358013	0.463400	-0.388200	-0.874300	0.938500	-0.310800	-1.006100
1627307175.359149	0.461300	-0.409300	-0.854100	0.944700	-0.298600	-1.006100
1627307175.361349	0.453400	-0.423500	-0.829700	0.908900	-0.299200	-1.012800
1627307175.377056	0.449200	-0.431600	-0.815600	0.852700	-0.309000	-1.024800
1627307175.390035	0.451900	-0.430200	-0.815300	0.807500	-0.319700	-1.037600
1627307175.400783	0.455400	-0.426300	-0.822600	0.781900	-0.331300	-1.052200
1627307175.401672	0.450600	-0.415200	-0.828600	0.749200	-0.336200	-1.064500
1627307175.406035	0.454700	-0.387500	-0.831100	0.718600	-0.336500	-1.066900
1627307175.428785	0.455800	-0.363900	-0.821300	0.744600	-0.338900	-1.054700
1627307175.443302	0.455400	-0.362100	-0.809200	0.798300	-0.347800	-1.031800
1627307175.444202	0.457200	-0.378700	-0.809200	0.835600	-0.360600	-1.012200
1627307175.450105	0.460300	-0.390900	-0.816400	0.788000	-0.364000	-1.008000
1627307175.472082	0.456500	-0.393300	-0.815400	0.733000	-0.374100	-0.993000
1627307175.472971	0.455900	-0.415800	-0.838700	0.824000	-0.371900	-0.998800
1627307175.482880	0.450600	-0.417200	-0.852300	0.726000	-0.355700	-1.015900
1627307175.492333	0.459500	-0.401900	-0.846700	0.690200	-0.344100	-1.024100
1627307175.510362	0.457500	-0.382700	-0.842500	0.703100	-0.338300	-1.021700
1627307175.522056	0.460200	-0.368800	-0.835600	0.692400	-0.337400	-1.012500
1627307175.526686	0.466600	-0.365100	-0.830400	0.691100	-0.340500	-1.000000
1627307175.527615	0.467400	-0.375700	-0.827000	0.716200	-0.346900	-0.983200
1627307175.549991	0.466600	-0.401900	-0.829500	0.752500	-0.356700	-0.976800
1627307175.560700	0.468100	-0.422000	-0.831700	0.740900	-0.370100	-0.985100
1627307175.561616	0.469700	-0.434100	-0.836100	0.719500	-0.379900	-1.001200
1627307175.569819	0.467300	-0.426000	-0.848000	0.696000	-0.386600	-1.020800
1627307175.590503	0.468400	-0.406900	-0.855300	0.706100	-0.390900	-1.033300
1627307175.591934	0.466600	-0.394900	-0.867900	0.765700	-0.391200	-1.044600
1627307175.601436	0.466100	-0.387700	-0.870500	0.818200	-0.390200	-1.047700
1627307175.606704	0.466300	-0.389000	-0.862900	0.871000	-0.390600	-1.057700
1627307175.629249	0.473300	-0.387700	-0.854600	0.854900	-0.398800	-1.071200
1627307175.631453	0.476400	-0.374600	-0.853900	0.779700	-0.410400	-1.078200
1627307175.643995	0.480800	-0.352800	-0.860000	0.705800	-0.419300	-1.078500
1627307175.646986	0.480100	-0.334700	-0.877000	0.683500	-0.422300	-1.071200
1627307175.669484	0.483000	-0.330200	-0.887200	0.696000	-0.421400	-1.055900
1627307175.671514	0.482300	-0.334200	-0.890100	0.681100	-0.416800	-1.037600
1627307175.682768	0.484100	-0.339700	-0.889800	0.635900	-0.420200	-1.018000
1627307175.689230	0.480000	-0.346400	-0.902100	0.593700	-0.426300	-0.994500
1627307175.710664	0.478900	-0.356800	-0.927700	0.560700	-0.425100	-0.979900
1627307175.711598	0.474900	-0.365700	-0.957200	0.557100	-0.405500	-0.970400
1627307175.724693	0.470000	-0.376800	-0.976700	0.572000	-0.375000	-0.970700
1627307175.740491	0.474400	-0.381800	-0.978400	0.575100	-0.342300	-0.973700
1627307175.741330	0.473000	-0.383200	-0.980500	0.554600	-0.309900	-0.979600
1627307175.747270	0.470700	-0.374900	-0.982700	0.497500	-0.268400	-0.985100
1627307175.762941	0.478000	-0.358000	-0.982900	0.446500	-0.232000	-0.982600
1627307175.771466	0.480700	-0.343800	-0.987100	0.417800	-0.197500	-0.969500
1627307175.773355	0.482200	-0.331700	-0.986100	0.398500	-0.159000	-0.946600
1627307175.800891	0.485800	-0.327300	-0.980500	0.383300	-0.122700	-0.919100
1627307175.801784	0.483500	-0.332900	-0.975000	0.388800	-0.090900	-0.891900
1627307175.811613	0.482100	-0.352400	-0.970700	0.397000	-0.058900	-0.869600
1627307175.818666	0.478100	-0.376200	-0.963100	0.373500	-0.024600	-0.853100
1627307175.842176	0.473400	-0.382900	-0.958300	0.332300	-0.001100	-0.848200
1627307175.843050	0.466200	-0.377300	-0.954600	0.288900	0.019300	-0.844200
1627307175.852796	0.462300	-0.367700	-0.948700	0.254100	0.037400	-0.834800
1627307175.862302	0.457500	-0.361800	-0.950400	0.224100	0.057200	-0.823500
1627307175.886983	0.450900	-0.354600	-0.947800	0.192700	0.082600	-0.814000
1627307175.887992	0.436900	-0.353400	-0.931000	0.175900	0.107300	-0.803600
1627307175.890448	0.426100	-0.361000	-0.915500	0.151700	0.128100	-0.795400
1627307175.901615	0.414200	-0.363900	-0.910300	0.089400	0.143300	-0.796000
1627307175.906727	0.406900	-0.345800	-0.908800	0.016700	0.165600	-0.800600
1627307175.929277	0.411900	-0.302900	-0.899400	-0.048900	0.193400	-0.799300
1627307175.930095	0.419100	-0.243500	-0.876500	-0.079800	0.220300	-0.782500
1627307175.941504	0.432500	-0.192000	-0.847200	-0.044600	0.242600	-0.745300
1627307175.945790	0.440100	-0.166600	-0.813200	0.036000	0.256400	-0.688200
1627307175.966883	0.454800	-0.166600	-0.767900	0.118500	0.260900	-0.638400
1627307175.970249	0.468600	-0.171600	-0.742200	0.094300	0.247800	-0.592600
1627307175.981533	0.480100	-0.169200	-0.715000	0.086400	0.226400	-0.550700
1627307175.989536	0.492800	-0.170400	-0.698000	0.130100	0.190700	-0.507000
1627307176.010985	0.509500	-0.173200	-0.701400	0.132200	0.150100	-0.463100
1627307176.012068	0.527600	-0.172700	-0.717000	0.118800	0.111000	-0.418200
1627307176.022724	0.534900	-0.188400	-0.747700	0.169500	0.082300	-0.375100
1627307176.029716	0.545400	-0.203400	-0.769800	0.227800	0.072200	-0.348200
1627307176.053194	0.551800	-0.212400	-0.786700	0.211300	0.071300	-0.327100
1627307176.054371	0.560100	-0.213700	-0.791100	0.181100	0.076100	-0.307600
1627307176.071718	0.564300	-0.220100	-0.796800	0.172500	0.081300	-0.290200
1627307176.082092	0.570900	-0.229600	-0.802200	0.164900	0.087400	-0.270600
1627307176.082981	0.576800	-0.246500	-0.807500	0.142900	0.095100	-0.256300
1627307176.092891	0.579100	-0.276900	-0.812900	0.105900	0.101500	-0.249300
1627307176.099930	0.584500	-0.297500	-0.818600	0.053400	0.111300	-0.252600
1627307176.112755	0.583100	-0.305100	-0.826400	-0.024800	0.118000	-0.263000
1627307176.119031	0.578100	-0.296300	-0.834600	-0.093800	0.134200	-0.268800
1627307176.128003	0.575000	-0.276000	-0.835200	-0.130500	0.149400	-0.269400
1627307176.148810	0.573500	-0.258500	-0.842200	-0.147000	0.166200	-0.258700
1627307176.150460	0.569300	-0.246900	-0.845000	-0.135100	0.187600	-0.241300
1627307176.166219	0.567700	-0.247100	-0.833900	-0.089500	0.213600	-0.224800
1627307176.171684	0.564100	-0.247300	-0.815900	-0.082800	0.228300	-0.216900
1627307176.192999	0.561500	-0.246100	-0.794700	-0.099600	0.234400	-0.208000
1627307176.194278	0.558200	-0.243000	-0.781000	-0.099600	0.236800	-0.197600
1627307176.209849	0.555500	-0.232900	-0.772100	-0.096000	0.238900	-0.190000
1627307176.220163	0.552700	-0.213100	-0.762200	-0.111500	0.242900	-0.176300
1627307176.230930	0.552900	-0.188500	-0.742400	-0.093800	0.244100	-0.152400
1627307176.231826	0.559000	-0.169700	-0.717400	-0.048000	0.238300	-0.114900
1627307176.241355	0.558500	-0.173500	-0.707000	-0.020800	0.227000	-0.080700
1627307176.262427	0.562400	-0.185100	-0.696700	0.003900	0.217900	-0.054100
1627307176.270875	0.568800	-0.195300	-0.685800	0.017400	0.204700	-0.033600
1627307176.271769	0.572400	-0.205400	-0.671600	0.023200	0.190100	-0.021400
1627307176.280245	0.575800	-0.210200	-0.651200	0.020400	0.171700	-0.012200
1627307176.283541	0.578000	-0.207600	-0.628900	0.017400	0.145200	-0.003700
1627307176.308228	0.584400	-0.206700	-0.623000	0.012200	0.113400	0.006400
1627307176.318340	0.589500	-0.209500	-0.624900	0.018600	0.085600	0.015900
1627307176.319271	0.591900	-0.211100	-0.628200	0.044500	0.058100	0.027200
1627307176.326020	0.589700	-0.217300	-0.627300	0.080900	0.032200	0.037200
1627307176.349648	0.597500	-0.228500	-0.620800	0.131300	0.003100	0.045800
1627307176.350541	0.601300	-0.247400	-0.622200	0.176800	-0.029500	0.049800
1627307176.360293	0.601100	-0.266000	-0.624100	0.200300	-0.068900	0.044900
1627307176.369765	0.604500	-0.275400	-0.628400	0.203100	-0.105900	0.037500
1627307176.394770	0.607200	-0.279400	-0.638700	0.191800	-0.139200	0.031700
1627307176.395667	0.605100	-0.283300	-0.653400	0.185700	-0.171300	0.029000
1627307176.399175	0.606600	-0.294700	-0.683600	0.179200	-0.193200	0.023500
1627307176.413664	0.598400	-0.299100	-0.713000	0.174000	-0.199000	0.013400
1627307176.426338	0.593900	-0.295200	-0.723900	0.174000	-0.194200	0.000300
1627307176.439599	0.598600	-0.284500	-0.705200	0.152700	-0.197500	-0.010700
1627307176.440487	0.596800	-0.271100	-0.690200	0.096800	-0.214900	-0.016200
1627307176.446240	0.592200	-0.262700	-0.691000	0.053700	-0.239400	-0.017400
1627307176.467665	0.583600	-0.248300	-0.716300	-0.015600	-0.263500	-0.013200
1627307176.468840	0.574100	-0.226800	-0.752300	-0.090200	-0.276300	0.000300
1627307176.484497	0.568000	-0.202900	-0.796800	-0.098700	-0.273300	0.024400
1627307176.489224	0.560900	-0.193100	-0.830900	-0.050800	-0.254000	0.052800
1627307176.513184	0.555800	-0.195800	-0.847300	0.012800	-0.217100	0.083000
1627307176.515397	0.553700	-0.198500	-0.850000	0.003000	-0.184700	0.102300
1627307176.519065	0.556300	-0.193600	-0.851600	-0.019000	-0.154200	0.117900
1627307176.529429	0.556300	-0.181800	-0.854100	-0.032700	-0.124200	0.135000
1627307176.550620	0.556500	-0.167500	-0.858500	-0.054400	-0.096400	0.160600
1627307176.552762	0.559800	-0.149300	-0.865700	-0.062400	-0.065600	0.193000
1627307176.560373	0.566000	-0.136400	-0.867800	-0.044600	-0.035000	0.236400
1627307176.571694	0.564200	-0.134900	-0.867700	-0.018700	-0.004800	0.291700
1627307176.594358	0.567900	-0.138800	-0.870100	-0.030600	0.018400	0.340200
1627307176.595303	0.570100	-0.142800	-0.881200	-0.047100	0.041900	0.387600
1627307176.599116	0.573200	-0.156200	-0.896000	-0.029400	0.072200	0.431900
1627307176.614325	0.580300	-0.175000	-0.900600	0.014300	0.110400	0.470600
1627307176.617943	0.585800	-0.203500	-0.893400	0.075400	0.151300	0.497800
1627307176.641474	0.593900	-0.236100	-0.869500	0.098900	0.193400	0.517100
1627307176.642502	0.605500	-0.261100	-0.843100	0.095500	0.224900	0.525600
1627307176.658173	0.611800	-0.278300	-0.824300	0.088800	0.242300	0.527800
1627307176.661663	0.625700	-0.287200	-0.809200	0.078700	0.254200	0.528700
1627307176.683107	0.635300	-0.286300	-0.791600	0.040900	0.258500	0.533300
1627307176.684135	0.643600	-0.290400	-0.779500	0.025000	0.249900	0.546700
1627307176.687831	0.640000	-0.297200	-0.768400	0.034500	0.241100	0.557100
1627307176.706638	0.647300	-0.302100	-0.762100	-0.024500	0.221200	0.574800
1627307176.724151	0.644800	-0.312700	-0.769500	-0.066000	0.203500	0.593400
1627307176.725041	0.638400	-0.323400	-0.785900	-0.073400	0.201100	0.603500
1627307176.728916	0.641600	-0.340700	-0.785900	-0.064800	0.201400	0.615100
1627307176.744118	0.641400	-0.371900	-0.798200	-0.019600	0.208100	0.606900
1627307176.749457	0.638700	-0.390300	-0.800500	-0.074300	0.217600	0.592200
1627307176.766898	0.636200	-0.401000	-0.795800	-0.114000	0.227300	0.576300
1627307176.768108	0.628400	-0.414300	-0.792000	-0.097200	0.237700	0.559200
1627307176.779897	0.628400	-0.439900	-0.793800	-0.052600	0.246000	0.530800
1627307176.790210	0.629500	-0.444800	-0.797600	-0.137500	0.259100	0.496300
1627307176.806047	0.628100	-0.417400	-0.792500	-0.259700	0.273100	0.474900
1627307176.810466	0.626300	-0.390900	-0.789700	-0.248100	0.288100	0.469700
1627307176.833120	0.625100	-0.391500	-0.786000	-0.193100	0.308300	0.469700
1627307176.833936	0.627100	-0.416300	-0.767200	-0.167400	0.327500	0.460000
1627307176.837597	0.628800	-0.443400	-0.737900	-0.203800	0.337600	0.433400
1627307176.844441	0.627600	-0.454500	-0.709200	-0.274600	0.332400	0.400400
1627307176.867153	0.630500	-0.450700	-0.687100	-0.347900	0.315300	0.360400
1627307176.868053	0.624400	-0.426500	-0.673500	-0.441100	0.287200	0.325600
1627307176.882843	0.623000	-0.384600	-0.677900	-0.528100	0.257900	0.303900
1627307176.884842	0.624000	-0.339000	-0.688000	-0.550400	0.231000	0.298700
1627307176.909535	0.620200	-0.297100	-0.702500	-0.515300	0.211500	0.309400
1627307176.910435	0.611800	-0.269000	-0.706500	-0.460000	0.194700	0.332600
1627307176.917774	0.611300	-0.254300	-0.707600	-0.411200	0.181200	0.360400
1627307176.932859	0.608300	-0.244500	-0.714400	-0.365700	0.164100	0.387600
1627307176.953582	0.615000	-0.234100	-0.722800	-0.343400	0.147600	0.418700
1627307176.954591	0.618000	-0.228300	-0.734400	-0.301200	0.133000	0.453500
1627307176.957707	0.609700	-0.236600	-0.751500	-0.226700	0.123200	0.488700
1627307176.974223	0.601000	-0.262300	-0.771700	-0.146400	0.126800	0.521300
1627307176.987176	0.593000	-0.293100	-0.786600	-0.094700	0.140600	0.546100
1627307176.988257	0.584000	-0.313600	-0.791000	-0.067900	0.161100	0.555900
1627307176.998067	0.572400	-0.331900	-0.781600	-0.049200	0.185800	0.561400
1627307177.005864	0.561500	-0.349700	-0.764200	-0.023000	0.206000	0.559500
1627307177.028188	0.548100	-0.376100	-0.736700	-0.014400	0.218800	0.552800
1627307177.031485	0.539300	-0.403900	-0.721700	-0.048600	0.217900	0.541200
1627307177.038987	0.526200	-0.432500	-0.734600	-0.139600	0.213300	0.516800
1627307177.049298	0.515000	-0.439800	-0.774200	-0.247500	0.220900	0.487400
1627307177.067165	0.504000	-0.436800	-0.817900	-0.327500	0.251800	0.456600
1627307177.068059	0.507900	-0.430800	-0.842700	-0.340300	0.304000	0.426000
1627307177.077865	0.516100	-0.435900	-0.845500	-0.341500	0.367200	0.395200
1627307177.087204	0.540600	-0.427200	-0.817600	-0.418800	0.430400	0.353000
1627307177.116062	0.548200	-0.390300	-0.757100	-0.563000	0.470800	0.321000
1627307177.117105	0.560900	-0.325800	-0.685800	-0.727000	0.480800	0.317600
1627307177.117983	0.547000	-0.281000	-0.637200	-0.811600	0.451200	0.352100
1627307177.119893	0.545000	-0.252400	-0.603000	-0.901100	0.394100	0.416000
1627307177.143722	0.557000	-0.234900	-0.595900	-1.003400	0.311900	0.505800
1627307177.155921	0.563500	-0.237500	-0.606700	-1.038800	0.219400	0.605300
1627307177.156805	0.564500	-0.257200	-0.640700	-1.049500	0.129600	0.689900
1627307177.163763	0.549800	-0.277300	-0.715700	-1.142100	0.055700	0.756800
1627307177.188548	0.534400	-0.275000	-0.836300	-1.209900	0.030900	0.804500
1627307177.189440	0.522100	-0.255900	-0.933800	-1.141500	0.070600	0.828000
1627307177.199091	0.508200	-0.220300	-0.985200	-1.005500	0.147900	0.856700
1627307177.207309	0.492900	-0.184000	-0.978600	-0.825600	0.242600	0.900400
1627307177.234402	0.488800	-0.149400	-0.930300	-0.619800	0.324200	0.961200
1627307177.235297	0.496800	-0.121800	-0.857300	-0.462800	0.370300	1.043900
1627307177.258415	0.498000	-0.110700	-0.781000	-0.330200	0.374200	1.155400
1627307177.259305	0.499300	-0.139300	-0.726800	-0.172600	0.340000	1.291600
1627307177.260433	0.503200	-0.216800	-0.702500	-0.032700	0.296400	1.391500
1627307177.267629	0.502000	-0.332000	-0.701900	0.064100	0.252700	1.450800
1627307177.277179	0.500700	-0.455000	-0.710400	0.043300	0.217300	1.455700
1627307177.300673	0.506100	-0.547000	-0.717000	-0.070900	0.192800	1.407400
1627307177.301492	0.514000	-0.582800	-0.718300	-0.246200	0.176900	1.326800
1627307177.306451	0.521600	-0.562000	-0.699000	-0.452400	0.163800	1.233600
1627307177.319253	0.528700	-0.517700	-0.673200	-0.592600	0.137800	1.160900
1627307177.320160	0.534300	-0.486100	-0.660200	-0.648200	0.106100	1.119700
1627307177.344444	0.533100	-0.457800	-0.660200	-0.730000	0.066700	1.097400
1627307177.346538	0.541100	-0.443500	-0.681600	-0.770000	0.025100	1.083900
1627307177.361430	0.543000	-0.420400	-0.718900	-0.850700	0.003800	1.071700
1627307177.365415	0.541400	-0.387200	-0.736300	-0.875400	-0.007800	1.072000
1627307177.387581	0.544700	-0.365600	-0.756100	-0.810700	-0.002400	1.079700
1627307177.396994	0.541000	-0.350800	-0.762500	-0.823800	0.005300	1.099200
1627307177.397621	0.535800	-0.347700	-0.765700	-0.779500	0.010800	1.124000
1627307177.409944	0.533000	-0.359700	-0.774700	-0.728800	0.016900	1.145600
1627307177.430103	0.524000	-0.371600	-0.788900	-0.734600	0.024200	1.162800
1627307177.431712	0.517800	-0.367700	-0.806300	-0.744100	0.039200	1.174400
1627307177.443084	0.519000	-0.360200	-0.820300	-0.695800	0.057800	1.188100
1627307177.458362	0.518300	-0.364400	-0.834200	-0.597500	0.087100	1.203100
1627307177.459262	0.509500	-0.368900	-0.838600	-0.556600	0.118000	1.211000
1627307177.469243	0.502600	-0.370700	-0.834800	-0.526000	0.150400	1.218300
1627307177.471063	0.498000	-0.370000	-0.828500	-0.481700	0.176900	1.229900
1627307177.494682	0.490000	-0.374900	-0.818400	-0.439600	0.197100	1.246400
1627307177.496682	0.481600	-0.383500	-0.812700	-0.411200	0.214200	1.264200
1627307177.507791	0.478600	-0.403900	-0.809600	-0.366300	0.226700	1.280600
1627307177.515510	0.470800	-0.449200	-0.812600	-0.286900	0.239600	1.284300
1627307177.537959	0.466200	-0.488500	-0.820300	-0.281100	0.249600	1.272100
1627307177.538871	0.465200	-0.514400	-0.830300	-0.338800	0.263100	1.253800
1627307177.547719	0.465900	-0.524800	-0.846400	-0.397100	0.281700	1.232100
1627307177.559285	0.461100	-0.527500	-0.861500	-0.413000	0.306700	1.208300
1627307177.560195	0.459500	-0.525500	-0.876200	-0.420900	0.340000	1.189000
1627307177.582755	0.460600	-0.523300	-0.880700	-0.432200	0.372100	1.183200
1627307177.586633	0.454800	-0.540200	-0.890000	-0.384300	0.405400	1.174400
1627307177.598018	0.454800	-0.540200	-0.890000	-0.384300	0.405400	1.174400
1627307177.606664	0.457300	-0.548500	-0.891600	-0.407500	0.437800	1.153000
1627307177.628412	0.456500	-0.546400	-0.883800	-0.469500	0.464400	1.136200
1627307177.629336	0.458600	-0.540900	-0.881200	-0.472600	0.485400	1.116900
1627307177.636646	0.451400	-0.543500	-0.891700	-0.483900	0.506800	1.097700
1627307177.646410	0.436300	-0.541500	-0.891800	-0.494200	0.528200	1.076000
1627307177.649412	0.428300	-0.539100	-0.880000	-0.485400	0.544100	1.053700
1627307177.675675	0.424700	-0.546000	-0.858500	-0.476800	0.546500	1.032300
1627307177.676497	0.424200	-0.559900	-0.835000	-0.484200	0.534600	1.003300
1627307177.689009	0.422700	-0.575400	-0.835000	-0.557200	0.513500	0.967900
1627307177.691808	0.418900	-0.572800	-0.858000	-0.674100	0.502500	0.926000
1627307177.715810	0.418600	-0.540500	-0.885600	-0.767600	0.508600	0.890900
1627307177.716641	0.417700	-0.495500	-0.904700	-0.793000	0.534300	0.877200
1627307177.727643	0.418600	-0.448100	-0.890400	-0.724500	0.577700	0.881400
1627307177.733268	0.421000	-0.427400	-0.851000	-0.663100	0.604200	0.902500
1627307177.754159	0.429100	-0.420400	-0.813100	-0.639600	0.603900	0.934600
1627307177.755335	0.429900	-0.434400	-0.785500	-0.604500	0.582600	0.968800
1627307177.774223	0.431500	-0.466600	-0.787400	-0.567200	0.552000	0.993500
1627307177.781259	0.435500	-0.503200	-0.802100	-0.546500	0.525700	1.003000
1627307177.797106	0.432400	-0.542200	-0.836700	-0.515900	0.508600	0.992900
1627307177.807045	0.436800	-0.574500	-0.869900	-0.493600	0.513500	0.958400
1627307177.809064	0.439800	-0.584600	-0.880500	-0.490600	0.529700	0.921800
1627307177.816535	0.446900	-0.590000	-0.874600	-0.480500	0.546800	0.882100
1627307177.829220	0.454100	-0.598800	-0.860200	-0.486600	0.560300	0.843000
1627307177.830119	0.465800	-0.615500	-0.853300	-0.531800	0.564200	0.808400
1627307177.854574	0.475200	-0.633700	-0.860200	-0.588600	0.567300	0.769700
1627307177.855645	0.483800	-0.653600	-0.866000	-0.632900	0.578000	0.723500
1627307177.870247	0.489000	-0.682100	-0.861800	-0.598100	0.592000	0.654500
1627307177.874830	0.500900	-0.695600	-0.845200	-0.640200	0.604800	0.576300
1627307177.899673	0.513100	-0.668100	-0.818100	-0.797500	0.602400	0.507000
1627307177.900480	0.520400	-0.627200	-0.802100	-0.830500	0.591700	0.450200
1627307177.905249	0.528200	-0.592800	-0.804900	-0.803600	0.581300	0.405900
1627307177.916732	0.528100	-0.561900	-0.809200	-0.826600	0.570600	0.383900
1627307177.941111	0.531500	-0.534800	-0.817400	-0.751100	0.570300	0.355200
1627307177.942037	0.533200	-0.509500	-0.819500	-0.744400	0.575500	0.345100
1627307177.945197	0.528800	-0.491100	-0.818700	-0.709300	0.584700	0.353000
1627307177.958928	0.537200	-0.493800	-0.816800	-0.610600	0.599700	0.359200
1627307177.965573	0.531600	-0.517000	-0.802700	-0.522000	0.614000	0.361600
1627307177.984420	0.532300	-0.551100	-0.782800	-0.479300	0.629300	0.343000
1627307177.987929	0.532700	-0.571400	-0.753900	-0.530300	0.634500	0.309700
1627307177.995292	0.539800	-0.569800	-0.715500	-0.614300	0.619500	0.266900
1627307178.005330	0.539200	-0.568500	-0.698400	-0.670800	0.598100	0.228100
1627307178.028413	0.538600	-0.569300	-0.690400	-0.707400	0.576100	0.183800
1627307178.030360	0.535900	-0.565800	-0.684600	-0.751700	0.556300	0.131300
1627307178.033939	0.538900	-0.550400	-0.683200	-0.816800	0.539800	0.078500
1627307178.048747	0.540500	-0.523600	-0.676300	-0.838800	0.530600	0.023800
1627307178.073318	0.549600	-0.493800	-0.659200	-0.826600	0.519900	-0.025400
1627307178.074138	0.558000	-0.455600	-0.633100	-0.804000	0.497600	-0.069400
1627307178.078956	0.571300	-0.420800	-0.617300	-0.799700	0.469800	-0.095000
1627307178.093104	0.576800	-0.382700	-0.603900	-0.779800	0.440800	-0.103300
1627307178.111262	0.585300	-0.350200	-0.599500	-0.714500	0.411200	-0.097800
1627307178.112158	0.589400	-0.330000	-0.590100	-0.614300	0.376400	-0.077000
1627307178.116583	0.593900	-0.331500	-0.588900	-0.509500	0.340000	-0.057100
1627307178.120956	0.597200	-0.345200	-0.586200	-0.427700	0.303100	-0.044300
1627307178.143056	0.599700	-0.362100	-0.591800	-0.391900	0.259400	-0.040300
1627307178.144148	0.599600	-0.375500	-0.607500	-0.364100	0.231000	-0.048300
1627307178.157695	0.596300	-0.386700	-0.620600	-0.326900	0.213300	-0.067200
1627307178.164377	0.595200	-0.393700	-0.636000	-0.304600	0.200500	-0.091400
1627307178.185985	0.598600	-0.394200	-0.651600	-0.291400	0.192200	-0.117600
1627307178.186903	0.595100	-0.386100	-0.661700	-0.273100	0.190400	-0.145400
1627307178.196498	0.591700	-0.370700	-0.663700	-0.238300	0.195900	-0.168000
1627307178.206076	0.605100	-0.351000	-0.653800	-0.174800	0.194300	-0.181800
1627307178.228617	0.608900	-0.347200	-0.645900	-0.101200	0.183400	-0.189100
1627307178.229505	0.610600	-0.352500	-0.639000	-0.047400	0.170500	-0.203100
1627307178.236646	0.613200	-0.359500	-0.638400	-0.013200	0.155300	-0.221800
1627307178.245204	0.617900	-0.360700	-0.639000	0.020700	0.137500	-0.243500
1627307178.260502	0.618800	-0.358300	-0.640400	0.054300	0.120100	-0.267900
1627307178.273349	0.624100	-0.341900	-0.636800	0.080900	0.102100	-0.290200
1627307178.274248	0.625500	-0.327500	-0.638900	0.120000	0.084100	-0.304200
1627307178.278624	0.636700	-0.317700	-0.634800	0.173700	0.071900	-0.305800
1627307178.300739	0.640300	-0.322000	-0.627800	0.248000	0.053800	-0.305200
1627307178.302966	0.642500	-0.338100	-0.624500	0.303900	0.033400	-0.311000
1627307178.317769	0.646500	-0.348900	-0.615700	0.299900	0.012600	-0.325600
1627307178.321949	0.648100	-0.353400	-0.611200	0.291600	-0.013000	-0.340300
1627307178.342847	0.650600	-0.362100	-0.609300	0.339300	-0.044800	-0.361100
1627307178.345214	0.647700	-0.379000	-0.610800	0.375300	-0.075300	-0.390700
1627307178.360331	0.649900	-0.381800	-0.616200	0.356400	-0.100400	-0.421800
1627307178.364176	0.644800	-0.381200	-0.628300	0.350300	-0.125400	-0.446300
1627307178.384657	0.643100	-0.385900	-0.644200	0.406500	-0.142200	-0.472800
1627307178.385515	0.640100	-0.389600	-0.657000	0.434600	-0.156300	-0.500000
1627307178.395185	0.633100	-0.397500	-0.657700	0.469700	-0.166100	-0.529000
1627307178.399600	0.630100	-0.399200	-0.656000	0.509400	-0.179200	-0.574200
1627307178.423182	0.625100	-0.390600	-0.648900	0.499900	-0.194800	-0.610300
1627307178.423842	0.617200	-0.369300	-0.642200	0.476400	-0.212800	-0.640500
1627307178.442913	0.617900	-0.345900	-0.635400	0.477000	-0.233600	-0.661600
1627307178.453364	0.612100	-0.326400	-0.638400	0.497200	-0.261100	-0.675300
1627307178.454279	0.606900	-0.311200	-0.646600	0.507900	-0.282400	-0.685100
1627307178.465251	0.614300	-0.297200	-0.658900	0.510300	-0.297700	-0.684800
1627307178.472390	0.617600	-0.285400	-0.669200	0.556800	-0.313600	-0.683000
1627307178.491950	0.614700	-0.276200	-0.674100	0.574200	-0.322400	-0.671400
1627307178.492960	0.609100	-0.276000	-0.674300	0.613300	-0.332500	-0.658200
1627307178.505245	0.606700	-0.288100	-0.675800	0.674000	-0.342600	-0.650900
1627307178.518341	0.605100	-0.294200	-0.676900	0.674600	-0.353000	-0.645400
1627307178.535579	0.603100	-0.305900	-0.676000	0.696900	-0.371300	-0.639900
1627307178.536746	0.609600	-0.323700	-0.684600	0.747600	-0.390600	-0.646000
1627307178.544062	0.605800	-0.333000	-0.699500	0.715300	-0.411900	-0.658500
1627307178.555463	0.612400	-0.326400	-0.710200	0.705800	-0.422300	-0.670800
1627307178.556352	0.612500	-0.317500	-0.723800	0.742100	-0.429700	-0.680200
1627307178.578036	0.611800	-0.305400	-0.736700	0.761400	-0.433300	-0.679000
1627307178.590477	0.614700	-0.291400	-0.750400	0.780600	-0.434200	-0.667700
1627307178.592733	0.611900	-0.288100	-0.760900	0.835600	-0.429300	-0.648200
1627307178.598019	0.611500	-0.301600	-0.767200	0.920200	-0.422900	-0.628000
1627307178.619361	0.608200	-0.324300	-0.759400	0.973700	-0.419000	-0.606600
1627307178.622772	0.606600	-0.350500	-0.746300	0.992300	-0.424200	-0.596500
1627307178.632862	0.605700	-0.379200	-0.740000	0.993200	-0.435500	-0.596800
1627307178.640706	0.607800	-0.405000	-0.742900	0.953500	-0.451000	-0.605400
1627307178.664075	0.602700	-0.418300	-0.754000	0.916200	-0.461400	-0.623100
1627307178.665058	0.605800	-0.418800	-0.766400	0.893300	-0.463200	-0.648500
1627307178.680975	0.604200	-0.410800	-0.784400	0.860000	-0.459000	-0.660400
1627307178.687958	0.593900	-0.422700	-0.787000	0.960500	-0.449500	-0.675600
1627307178.708440	0.592200	-0.446300	-0.768600	1.024700	-0.442200	-0.703700
1627307178.709259	0.592200	-0.456400	-0.727700	0.970600	-0.453200	-0.736400
1627307178.712688	0.592500	-0.451200	-0.692500	0.882600	-0.487100	-0.767600
1627307178.725472	0.590600	-0.443100	-0.691700	0.799600	-0.534100	-0.789600
1627307178.726381	0.589600	-0.439300	-0.721300	0.747000	-0.577500	-0.806100
1627307178.749357	0.583400	-0.444200	-0.773700	0.710100	-0.603100	-0.834800
1627307178.754006	0.579000	-0.439900	-0.804100	0.696300	-0.594900	-0.862300
1627307178.762675	0.577000	-0.437300	-0.807000	0.713100	-0.579000	-0.887900
1627307178.769480	0.573700	-0.437400	-0.790800	0.737000	-0.568600	-0.910800
1627307178.788234	0.569000	-0.440300	-0.777700	0.714000	-0.571400	-0.927300
1627307178.792932	0.566500	-0.439900	-0.780900	0.656300	-0.577800	-0.939800
1627307178.803465	0.565600	-0.430500	-0.789400	0.623000	-0.582400	-0.949300
1627307178.827457	0.561600	-0.421500	-0.806900	0.625500	-0.580800	-0.949300
1627307178.828353	0.558500	-0.421100	-0.821300	0.647800	-0.573500	-0.945300
1627307178.831549	0.556800	-0.428100	-0.825000	0.696600	-0.558800	-0.940500
1627307178.836163	0.552000	-0.449200	-0.823400	0.742800	-0.544500	-0.944100
1627307178.858827	0.548300	-0.466700	-0.816200	0.753100	-0.531100	-0.961800
1627307178.874832	0.548700	-0.474600	-0.810700	0.726900	-0.521000	-0.984400
1627307178.877888	0.542400	-0.477400	-0.813400	0.711000	-0.507200	-1.012500
1627307178.900823	0.543800	-0.464000	-0.810700	0.716200	-0.491000	-1.046700
1627307178.901637	0.540600	-0.443100	-0.797700	0.710400	-0.481900	-1.064500
1627307178.904085	0.542400	-0.420900	-0.787500	0.706700	-0.477600	-1.070300
1627307178.919694	0.542000	-0.401100	-0.784900	0.727800	-0.475200	-1.065700
1627307178.922998	0.539600	-0.393700	-0.790600	0.766300	-0.469100	-1.055900
1627307178.945128	0.537400	-0.397500	-0.794200	0.817300	-0.458700	-1.045500
1627307178.946756	0.539100	-0.416300	-0.791400	0.883300	-0.445500	-1.037000
1627307178.961612	0.535800	-0.436300	-0.782600	0.929100	-0.434500	-1.044000
1627307178.965472	0.538200	-0.443400	-0.764300	0.929100	-0.433900	-1.057400
1627307178.966370	0.530900	-0.442300	-0.749900	0.917800	-0.443700	-1.067800
1627307178.989386	0.527200	-0.440100	-0.746700	0.915600	-0.455000	-1.078200
1627307178.991656	0.521400	-0.439800	-0.749000	0.926000	-0.465700	-1.088600
1627307179.002868	0.518800	-0.443600	-0.754300	0.928500	-0.473600	-1.098100
1627307179.009207	0.516200	-0.449800	-0.750200	0.917800	-0.482800	-1.110300
1627307179.030845	0.517100	-0.459600	-0.751200	0.901900	-0.497200	-1.120100
1627307179.031654	0.516100	-0.473100	-0.757800	0.885700	-0.509700	-1.132300
1627307179.037210	0.509300	-0.483900	-0.772300	0.853300	-0.517000	-1.152700
1627307179.062707	0.508300	-0.483800	-0.787100	0.813300	-0.521000	-1.173500
1627307179.073404	0.508700	-0.477700	-0.802400	0.789500	-0.519400	-1.191500
1627307179.074313	0.507800	-0.468900	-0.806300	0.795600	-0.514300	-1.210500
1627307179.078582	0.512900	-0.454000	-0.805900	0.797100	-0.511200	-1.223900
1627307179.100299	0.515400	-0.445900	-0.809100	0.796800	-0.511500	-1.227900
1627307179.115552	0.518700	-0.434900	-0.807700	0.795600	-0.513000	-1.225400
1627307179.116993	0.517800	-0.428100	-0.814900	0.792200	-0.516700	-1.218400
1627307179.132176	0.513500	-0.429800	-0.830300	0.785800	-0.513600	-1.208300
1627307179.133077	0.513400	-0.431000	-0.843000	0.792900	-0.504200	-1.199200
1627307179.141590	0.514900	-0.439000	-0.847900	0.815100	-0.493800	-1.187600
1627307179.148773	0.513300	-0.455000	-0.849000	0.834400	-0.485900	-1.176600
1627307179.172076	0.510500	-0.470600	-0.854600	0.820000	-0.482200	-1.172900
1627307179.174039	0.508900	-0.488400	-0.866200	0.810600	-0.474200	-1.179000
1627307179.185398	0.508800	-0.496800	-0.875100	0.779100	-0.462600	-1.193700
1627307179.195519	0.504800	-0.494400	-0.887700	0.743100	-0.445800	-1.212000
1627307179.211019	0.500900	-0.488900	-0.901200	0.729300	-0.416800	-1.234900
1627307179.211907	0.498500	-0.479100	-0.906900	0.718900	-0.379300	-1.262100
1627307179.221606	0.499500	-0.462400	-0.901100	0.685900	-0.337700	-1.283500
1627307179.223638	0.503500	-0.442900	-0.883100	0.665200	-0.307200	-1.294100
1627307179.250932	0.507300	-0.429300	-0.856700	0.669200	-0.286100	-1.299300
1627307179.251817	0.511500	-0.424800	-0.834200	0.646900	-0.277900	-1.304500
1627307179.261499	0.517500	-0.416900	-0.833000	0.575700	-0.275100	-1.309100
1627307179.266161	0.524900	-0.396000	-0.840500	0.507000	-0.271400	-1.311300
1627307179.289057	0.528200	-0.361000	-0.850300	0.469100	-0.259800	-1.303300
1627307179.302143	0.542200	-0.323100	-0.849700	0.451700	-0.246400	-1.280700
1627307179.302940	0.547400	-0.298700	-0.842000	0.467300	-0.241500	-1.248000
1627307179.304783	0.549400	-0.289800	-0.836300	0.484100	-0.243000	-1.209500
1627307179.327410	0.547500	-0.296100	-0.840700	0.465700	-0.244900	-1.170800
1627307179.332845	0.548600	-0.312300	-0.858500	0.443700	-0.238400	-1.136900
1627307179.333716	0.542400	-0.333700	-0.880600	0.438200	-0.222900	-1.118800
1627307179.356400	0.540400	-0.349600	-0.898800	0.417800	-0.185600	-1.119100
1627307179.361401	0.533400	-0.343400	-0.890100	0.385100	-0.152900	-1.124300
1627307179.372682	0.530400	-0.322300	-0.875400	0.356700	-0.125400	-1.126800
1627307179.376528	0.526400	-0.292400	-0.858600	0.318800	-0.106200	-1.117600
1627307179.400339	0.530000	-0.258300	-0.850500	0.275100	-0.092500	-1.098100
1627307179.401552	0.525500	-0.227300	-0.848300	0.245500	-0.077200	-1.070000
1627307179.411229	0.528600	-0.199200	-0.845900	0.229900	-0.060100	-1.028400
1627307179.420354	0.529200	-0.182500	-0.837500	0.263800	-0.035900	-0.969200
1627307179.445528	0.530300	-0.189500	-0.824100	0.310300	-0.016400	-0.928200
1627307179.446339	0.534300	-0.204500	-0.805200	0.324000	-0.004200	-0.894600
1627307179.450200	0.538000	-0.215900	-0.783200	0.288600	-0.000500	-0.872700
1627307179.464578	0.538100	-0.217300	-0.770400	0.241800	-0.003900	-0.857400
1627307179.479793	0.540800	-0.210600	-0.764400	0.196300	-0.008500	-0.843000
1627307179.480683	0.541300	-0.187300	-0.771700	0.124000	-0.009700	-0.820700
1627307179.492459	0.545400	-0.143400	-0.772200	0.071700	-0.002700	-0.777700
1627307179.514982	0.548300	-0.110000	-0.764000	0.093400	0.005000	-0.724200
1627307179.520844	0.551900	-0.101600	-0.753900	0.145600	0.007100	-0.662500
1627307179.521885	0.554700	-0.118800	-0.748500	0.193000	0.006500	-0.600500
1627307179.532563	0.550800	-0.152100	-0.748800	0.211000	0.004100	-0.555900
1627307179.555324	0.552100	-0.176500	-0.753100	0.188400	0.005900	-0.525700
1627307179.559665	0.555300	-0.183700	-0.757100	0.155100	0.005600	-0.500600
1627307179.560558	0.554700	-0.173300	-0.757900	0.152100	0.006800	-0.479300
1627307179.576793	0.554400	-0.151400	-0.750900	0.153300	0.005600	-0.455400
1627307179.599553	0.556500	-0.131800	-0.740500	0.151400	0.001300	-0.422100
1627307179.600378	0.556800	-0.120600	-0.732200	0.172200	-0.008800	-0.381200
1627307179.601853	0.556900	-0.122900	-0.734700	0.186000	-0.019800	-0.339100
1627307179.616854	0.552100	-0.132200	-0.740200	0.182600	-0.026200	-0.300000
1627307179.617770	0.551100	-0.135500	-0.744100	0.155100	-0.029800	-0.260900
1627307179.641551	0.551100	-0.129800	-0.745700	0.141700	-0.030500	-0.226100
1627307179.642970	0.550000	-0.125400	-0.740400	0.145300	-0.031400	-0.193400
