1627307189.141374	0.582600	-0.398200	-0.665200	-0.092300	0.021800	-0.025400
1627307189.142328	0.582900	-0.386100	-0.676300	-0.124100	-0.001700	-0.028400
1627307189.143162	0.584100	-0.378900	-0.686200	-0.131100	-0.021000	-0.023900
1627307189.143925	0.582400	-0.374100	-0.707900	-0.107600	-0.035000	-0.016800
1627307189.144571	0.582400	-0.374100	-0.707900	-0.107600	-0.035000	-0.016800
1627307189.236100	0.522900	-0.527700	-0.447000	0.436400	-0.200900	-0.297800
1627307189.237880	0.510400	-0.556500	-0.462800	0.085800	-0.317900	-0.361700
1627307189.238284	0.502200	-0.534700	-0.524900	-0.040400	-0.387800	-0.414800
1627307189.238729	0.497400	-0.498800	-0.603400	-0.032100	-0.425100	-0.456000
1627307189.240051	0.498000	-0.454500	-0.678000	0.008200	-0.432400	-0.476200
1627307189.240452	0.498400	-0.414600	-0.727700	0.089100	-0.418300	-0.480800
1627307189.240851	0.504200	-0.380200	-0.742900	0.191100	-0.396100	-0.472800
1627307189.242539	0.509500	-0.359500	-0.736900	0.275100	-0.386000	-0.441100
1627307189.242939	0.514800	-0.373800	-0.738600	0.451700	-0.384100	-0.400500
1627307189.243361	0.519400	-0.403400	-0.744000	0.515800	-0.382000	-0.377900
1627307189.245085	0.515000	-0.425400	-0.751700	0.501200	-0.375300	-0.366900
1627307189.245489	0.515600	-0.429100	-0.737300	0.521300	-0.365500	-0.362300
1627307189.245935	0.508300	-0.440700	-0.710800	0.591300	-0.361200	-0.358900
1627307189.247676	0.515600	-0.456400	-0.678700	0.609300	-0.366700	-0.363800
1627307189.248108	0.506100	-0.464500	-0.647700	0.526200	-0.393000	-0.375400
1627307189.248564	0.505200	-0.469600	-0.626600	0.457200	-0.435500	-0.393700
1627307189.250206	0.495800	-0.477700	-0.623800	0.420500	-0.481600	-0.414200
1627307189.250649	0.488300	-0.475500	-0.635900	0.320000	-0.531700	-0.425200
1627307189.251049	0.486100	-0.475800	-0.671500	0.240900	-0.579600	-0.426100
1627307189.251451	0.470600	-0.470000	-0.721400	0.217400	-0.607700	-0.425200
1627307189.253529	0.466800	-0.468800	-0.753800	0.228100	-0.610500	-0.413300
1627307189.253976	0.466400	-0.495200	-0.782100	0.346000	-0.600700	-0.406000
1627307189.254383	0.460100	-0.526400	-0.782300	0.335300	-0.579300	-0.416900
1627307189.254786	0.449500	-0.536000	-0.756500	0.272400	-0.582100	-0.416900
1627307189.256030	0.450000	-0.565900	-0.754300	0.384800	-0.590000	-0.431300
1627307189.256475	0.448500	-0.587500	-0.767800	0.365200	-0.602800	-0.462500
1627307189.256877	0.441700	-0.563400	-0.779700	0.224100	-0.612000	-0.486600
1627307189.257280	0.439100	-0.517000	-0.792800	0.234800	-0.615400	-0.494800
1627307189.260271	0.434200	-0.495600	-0.823200	0.379000	-0.608600	-0.480800
1627307189.260670	0.432300	-0.506300	-0.840500	0.500600	-0.591800	-0.466700
1627307189.261102	0.433000	-0.536000	-0.836500	0.594600	-0.573200	-0.468900
1627307189.261504	0.433000	-0.564600	-0.816400	0.632200	-0.560400	-0.485700
1627307189.263998	0.430700	-0.574200	-0.785900	0.604100	-0.561900	-0.511300
1627307189.264443	0.432600	-0.564800	-0.762300	0.543000	-0.573800	-0.533900
1627307189.264843	0.433700	-0.550000	-0.751100	0.506000	-0.590900	-0.549800
1627307189.265244	0.436800	-0.545200	-0.748900	0.510000	-0.607700	-0.568700
1627307189.266908	0.434200	-0.550800	-0.747800	0.502700	-0.616000	-0.587100
1627307189.267312	0.429600	-0.562300	-0.751200	0.482500	-0.619000	-0.610300
1627307189.267712	0.430700	-0.567100	-0.740100	0.451700	-0.620900	-0.640200
1627307189.269400	0.430500	-0.560700	-0.726000	0.411100	-0.632800	-0.663700
1627307189.269804	0.429800	-0.562600	-0.726300	0.386000	-0.648000	-0.683900
1627307189.270250	0.425000	-0.566000	-0.729200	0.403400	-0.660900	-0.703100
1627307189.270685	0.427700	-0.575900	-0.738000	0.443700	-0.675200	-0.727900
1627307189.272894	0.421900	-0.582400	-0.742900	0.457500	-0.685600	-0.750800
1627307189.273296	0.422600	-0.581200	-0.748800	0.445300	-0.693200	-0.774600
1627307189.273730	0.420400	-0.568200	-0.755500	0.443100	-0.699000	-0.796000
1627307189.275369	0.420700	-0.554900	-0.765500	0.474000	-0.700600	-0.811900
1627307189.275770	0.420300	-0.548500	-0.778200	0.516400	-0.699700	-0.820100
1627307189.276284	0.414600	-0.549700	-0.794400	0.574500	-0.691100	-0.822600
1627307189.276686	0.409500	-0.559800	-0.799800	0.660300	-0.673400	-0.829600
1627307189.278769	0.402300	-0.575100	-0.796500	0.698200	-0.658700	-0.837800
1627307189.279170	0.401500	-0.583400	-0.792400	0.697900	-0.648300	-0.852500
1627307189.279615	0.404500	-0.589700	-0.774900	0.729900	-0.645000	-0.869300
1627307189.280016	0.398700	-0.597000	-0.766000	0.761400	-0.654800	-0.883300
1627307189.282112	0.400400	-0.605200	-0.769400	0.734500	-0.664500	-0.894300
1627307189.282513	0.391500	-0.608800	-0.776600	0.703400	-0.670900	-0.912400
1627307189.282924	0.390700	-0.611300	-0.783100	0.722300	-0.674000	-0.929500
1627307189.285008	0.390700	-0.611300	-0.783100	0.722300	-0.674000	-0.929500
1627307189.285452	0.385300	-0.624800	-0.787400	0.755600	-0.675200	-0.946900
1627307189.285853	0.384800	-0.631000	-0.780300	0.744600	-0.678300	-0.963700
1627307189.286322	0.383100	-0.638400	-0.773900	0.731800	-0.685600	-0.982900
1627307189.286766	0.379200	-0.642900	-0.771900	0.715000	-0.689600	-1.010400
1627307189.288843	0.374400	-0.643400	-0.769000	0.685000	-0.692600	-1.039100
1627307189.289245	0.371900	-0.631100	-0.764900	0.640400	-0.698700	-1.071800
1627307189.289650	0.370000	-0.611300	-0.758900	0.611400	-0.707000	-1.094400
1627307189.290084	0.364600	-0.594400	-0.757700	0.606500	-0.716100	-1.106000
1627307189.292130	0.361700	-0.581900	-0.754900	0.610200	-0.723200	-1.110900
1627307189.292569	0.360000	-0.574600	-0.754500	0.621500	-0.732900	-1.116400
1627307189.292971	0.353100	-0.564200	-0.757200	0.597100	-0.740900	-1.117600
1627307189.293418	0.348400	-0.553500	-0.756100	0.587300	-0.748500	-1.112400
1627307189.295057	0.344200	-0.563000	-0.761100	0.661800	-0.759500	-1.101700
1627307189.295458	0.342400	-0.592200	-0.771500	0.721400	-0.765000	-1.098700
1627307189.295893	0.337300	-0.617100	-0.778700	0.716800	-0.765300	-1.113600
1627307189.297540	0.338100	-0.620100	-0.779200	0.682000	-0.760700	-1.139600
1627307189.297964	0.337900	-0.605300	-0.777100	0.657500	-0.758600	-1.165600
1627307189.298407	0.338300	-0.585000	-0.767800	0.649300	-0.756500	-1.184200
1627307189.300503	0.339100	-0.566800	-0.763200	0.667900	-0.757100	-1.189700
1627307189.300906	0.336200	-0.559900	-0.767600	0.685300	-0.760100	-1.185700
1627307189.301375	0.340600	-0.564700	-0.780400	0.692700	-0.756800	-1.182100
1627307189.301822	0.345800	-0.577800	-0.787000	0.733900	-0.750000	-1.177800
1627307189.303422	0.347800	-0.595500	-0.789900	0.788900	-0.743300	-1.177800
1627307189.303823	0.345900	-0.614100	-0.783000	0.790700	-0.739100	-1.181100
1627307189.304285	0.346900	-0.625700	-0.776200	0.788900	-0.737800	-1.188800
1627307189.306239	0.345800	-0.577300	-0.777300	0.474900	-0.721600	-1.402000
1627307189.306863	0.345700	-0.533900	-0.778400	0.415000	-0.724100	-1.392200
1627307189.307451	0.346600	-0.499600	-0.795700	0.376500	-0.725600	-1.364100
1627307189.307858	0.347700	-0.479700	-0.817700	0.376900	-0.712200	-1.326800
1627307189.308261	0.348300	-0.479000	-0.833100	0.421400	-0.689300	-1.290200
1627307189.308663	0.352300	-0.492700	-0.836300	0.471800	-0.663000	-1.260200
1627307189.309065	0.357400	-0.509600	-0.834200	0.467300	-0.641900	-1.238300
1627307189.309465	0.358800	-0.526100	-0.845600	0.433400	-0.614400	-1.223900
1627307189.309864	0.365200	-0.524400	-0.851700	0.430600	-0.586300	-1.220200
1627307189.316160	0.369100	-0.515100	-0.848900	0.444400	-0.561300	-1.214700
1627307189.317076	0.371600	-0.496800	-0.852200	0.442800	-0.535900	-1.204000
1627307189.319160	0.375600	-0.479500	-0.862500	0.438200	-0.511800	-1.180500
1627307189.329256	0.377300	-0.463100	-0.871600	0.472800	-0.483100	-1.150300
1627307189.355082	0.382200	-0.458400	-0.877000	0.524400	-0.447100	-1.111500
1627307189.355994	0.384800	-0.462600	-0.875900	0.550900	-0.411900	-1.076700
1627307189.356825	0.384400	-0.467500	-0.871700	0.539300	-0.384800	-1.050100
1627307189.365352	0.388700	-0.470700	-0.870000	0.522800	-0.359700	-1.023500
1627307189.392288	0.391200	-0.484700	-0.872700	0.523200	-0.334400	-1.002500
1627307189.393217	0.390000	-0.502700	-0.880400	0.521600	-0.307800	-0.987800
1627307189.394342	0.395400	-0.519700	-0.877200	0.508200	-0.277200	-0.990500
1627307189.408039	0.401500	-0.526200	-0.868200	0.457800	-0.239400	-1.002800
1627307189.433739	0.409500	-0.516500	-0.848300	0.414400	-0.213400	-1.018000
1627307189.434652	0.415200	-0.496500	-0.826000	0.385100	-0.199400	-1.028400
1627307189.435473	0.416300	-0.476300	-0.809900	0.335300	-0.192300	-1.028400
1627307189.445635	0.423800	-0.455700	-0.799700	0.296800	-0.191700	-1.018600
1627307189.465129	0.427900	-0.442500	-0.795500	0.270600	-0.195400	-1.000900
1627307189.466038	0.435100	-0.432600	-0.798300	0.242800	-0.194800	-0.979600
1627307189.476834	0.445900	-0.424700	-0.798000	0.217100	-0.194500	-0.951100
1627307189.506144	0.449000	-0.424100	-0.804400	0.186600	-0.192000	-0.926100
1627307189.507052	0.451000	-0.426900	-0.817000	0.166100	-0.184100	-0.906200
1627307189.507881	0.451000	-0.429900	-0.822300	0.164300	-0.170000	-0.892200
1627307189.518049	0.450900	-0.427400	-0.830900	0.150500	-0.154500	-0.879400
1627307189.549118	0.446500	-0.424100	-0.835800	0.131300	-0.135500	-0.865300
1627307189.551371	0.446700	-0.417600	-0.840800	0.140100	-0.113200	-0.846700
1627307189.552271	0.442000	-0.414400	-0.844000	0.161800	-0.081500	-0.827100
1627307189.553093	0.446900	-0.407500	-0.834100	0.167300	-0.060100	-0.813700
1627307189.562985	0.446400	-0.404400	-0.820800	0.166700	-0.045400	-0.797800
1627307189.578167	0.443800	-0.403600	-0.802200	0.173700	-0.038100	-0.787700
1627307189.604917	0.455700	-0.399000	-0.795900	0.144100	-0.036300	-0.772800
1627307189.605829	0.454000	-0.391000	-0.800500	0.091900	-0.035000	-0.755400
1627307189.606665	0.454300	-0.377700	-0.801500	0.090000	-0.025900	-0.738000
1627307189.617960	0.458700	-0.359000	-0.806000	0.060100	-0.012700	-0.712900
1627307189.633141	0.457600	-0.342900	-0.809900	0.036600	0.001900	-0.683900
1627307189.649021	0.459500	-0.327500	-0.801800	0.052800	0.017500	-0.650300
1627307189.660159	0.466100	-0.316700	-0.792400	0.052200	0.026700	-0.609400
1627307189.660949	0.466100	-0.314200	-0.789100	0.048500	0.032200	-0.569700
1627307189.663991	0.462900	-0.319100	-0.787500	0.055200	0.037100	-0.533900
1627307189.693673	0.464800	-0.320900	-0.788100	0.060700	0.042900	-0.499400
1627307189.694586	0.465100	-0.315300	-0.781900	0.056500	0.049600	-0.466400
1627307189.695402	0.468300	-0.305300	-0.777100	0.065000	0.051700	-0.434100
1627307189.702965	0.466200	-0.293000	-0.769900	0.080000	0.051700	-0.400500
1627307189.732291	0.466100	-0.274800	-0.761400	0.061000	0.052900	-0.366200
1627307189.733199	0.471600	-0.257600	-0.750500	0.017700	0.054500	-0.321300
1627307189.734333	0.472300	-0.239300	-0.745000	0.007300	0.047700	-0.270300
1627307189.767635	0.467500	-0.231100	-0.750900	-0.007700	0.044400	-0.200700
1627307189.768543	0.467900	-0.235000	-0.751600	-0.003400	0.038000	-0.136600
1627307189.769371	0.466800	-0.251000	-0.757800	-0.002200	0.034000	-0.087100
1627307189.772907	0.466700	-0.275100	-0.763700	-0.023600	0.030900	-0.051000
1627307189.787952	0.470200	-0.288700	-0.767900	-0.061100	0.027900	-0.026300
1627307189.809815	0.465800	-0.282800	-0.775300	-0.125000	0.028200	-0.001600
1627307189.810720	0.465900	-0.266200	-0.781200	-0.152200	0.032800	0.024100
1627307189.812975	0.468000	-0.244400	-0.787200	-0.135400	0.042500	0.068700
1627307189.839737	0.472400	-0.232100	-0.783200	-0.135400	0.049600	0.116000
1627307189.840808	0.475100	-0.229400	-0.783400	-0.108800	0.058100	0.170100
1627307189.843124	0.480200	-0.246900	-0.782500	-0.059300	0.066700	0.219600
1627307189.854341	0.486700	-0.268200	-0.773100	-0.030300	0.072800	0.262900
1627307189.883647	0.497800	-0.283800	-0.758800	-0.053800	0.071600	0.296800
1627307189.884573	0.501000	-0.289700	-0.757200	-0.097800	0.065500	0.327400
1627307189.885397	0.507900	-0.282200	-0.749400	-0.110000	0.059700	0.364400
1627307189.916918	0.521900	-0.274000	-0.739500	-0.111800	0.045000	0.401000
1627307189.918592	0.516500	-0.270900	-0.739700	-0.140600	0.024500	0.442200
1627307189.919496	0.523200	-0.273600	-0.742700	-0.165300	0.009600	0.492000
1627307189.922966	0.525300	-0.302000	-0.773900	-0.133800	-0.003300	0.538800
1627307189.943714	0.524500	-0.343100	-0.796400	-0.122800	0.000400	0.570500
1627307189.944609	0.529700	-0.386100	-0.808200	-0.128900	0.008300	0.585500
1627307189.955412	0.520300	-0.417600	-0.819600	-0.201600	0.018400	0.587000
1627307189.985020	0.528700	-0.440300	-0.827300	-0.211400	0.029700	0.579400
1627307189.985932	0.527000	-0.458500	-0.844000	-0.221800	0.044100	0.566200
1627307189.986864	0.524800	-0.474200	-0.865500	-0.247500	0.068200	0.549100
1627307190.017936	0.528000	-0.476700	-0.879200	-0.254800	0.100300	0.530200
1627307190.020149	0.520800	-0.469000	-0.882900	-0.266400	0.135100	0.517700
1627307190.021148	0.526700	-0.460100	-0.872800	-0.241000	0.179100	0.511300
1627307190.022980	0.533200	-0.449700	-0.861100	-0.223300	0.217900	0.507600
1627307190.061446	0.533400	-0.438600	-0.839600	-0.235500	0.247200	0.503900
1627307190.062427	0.533400	-0.431200	-0.819200	-0.240100	0.272200	0.502700
1627307190.063332	0.535000	-0.427900	-0.800500	-0.246800	0.288100	0.501800
1627307190.064323	0.533400	-0.427600	-0.787400	-0.259400	0.298800	0.497500
1627307190.079922	0.532700	-0.427400	-0.778900	-0.300000	0.309200	0.491700
1627307190.105045	0.536000	-0.411700	-0.770500	-0.343100	0.316800	0.492300
1627307190.105949	0.535600	-0.396000	-0.763700	-0.357100	0.322900	0.498400
1627307190.106764	0.532800	-0.382800	-0.756100	-0.352500	0.330300	0.514900
1627307190.133669	0.534900	-0.377900	-0.749500	-0.330800	0.334800	0.535100
1627307190.134572	0.534100	-0.379400	-0.746700	-0.303300	0.337900	0.552500
1627307190.136641	0.527600	-0.374000	-0.744800	-0.314000	0.344600	0.570800
1627307190.146732	0.526600	-0.364400	-0.742800	-0.311000	0.351600	0.593700
1627307190.161783	0.521400	-0.372700	-0.755600	-0.228200	0.362300	0.623700
1627307190.177648	0.511700	-0.382000	-0.756000	-0.186100	0.376400	0.644100
1627307190.181071	0.512800	-0.388700	-0.743500	-0.163200	0.387400	0.665800
1627307190.181981	0.509600	-0.410600	-0.739000	-0.093200	0.391000	0.687200
1627307190.212553	0.507300	-0.444200	-0.734600	-0.023300	0.392900	0.695700
1627307190.214870	0.505600	-0.463300	-0.731100	-0.057200	0.394100	0.695100
1627307190.215788	0.507300	-0.456100	-0.722700	-0.155200	0.394100	0.692400
1627307190.225467	0.510700	-0.420400	-0.712400	-0.233700	0.392600	0.698800
1627307190.253855	0.507200	-0.393700	-0.721100	-0.271600	0.392600	0.722300
1627307190.254851	0.503800	-0.382800	-0.737500	-0.295400	0.403600	0.759000
1627307190.255791	0.503500	-0.389500	-0.755400	-0.256900	0.421300	0.798400
1627307190.263053	0.497900	-0.410500	-0.753700	-0.181200	0.440500	0.830400
1627307190.294487	0.498200	-0.438000	-0.738800	-0.150600	0.452100	0.851200
1627307190.310452	0.496000	-0.457400	-0.713500	-0.183600	0.451800	0.863100
1627307190.326480	0.496300	-0.472000	-0.691400	-0.199500	0.434700	0.869200
1627307190.341001	0.498500	-0.481400	-0.686300	-0.189400	0.409700	0.870800
1627307190.341913	0.494500	-0.491800	-0.694700	-0.216900	0.383100	0.868600
1627307190.342661	0.493300	-0.501000	-0.711100	-0.258100	0.366300	0.862800
1627307190.344319	0.495000	-0.500900	-0.733900	-0.294500	0.359300	0.854900
1627307190.351232	0.494500	-0.495600	-0.752900	-0.331400	0.363600	0.847500
1627307190.352138	0.498200	-0.487700	-0.761200	-0.368700	0.372100	0.846000
1627307190.382443	0.497400	-0.487800	-0.774800	-0.405700	0.383100	0.851200
1627307190.383373	0.494800	-0.484600	-0.780300	-0.452700	0.399000	0.855200
1627307190.384194	0.494600	-0.481000	-0.776100	-0.491200	0.409400	0.865900
1627307190.412369	0.491200	-0.483300	-0.775100	-0.499400	0.419100	0.879900
1627307190.413273	0.490800	-0.496600	-0.779800	-0.507100	0.427100	0.893100
1627307190.414350	0.488000	-0.510500	-0.786900	-0.527200	0.439600	0.898200
1627307190.424164	0.489300	-0.516100	-0.794600	-0.537300	0.455500	0.900100
1627307190.455159	0.488900	-0.520500	-0.791700	-0.523300	0.468900	0.901000
1627307190.457663	0.487900	-0.529900	-0.787000	-0.489700	0.479600	0.900100
1627307190.458563	0.486800	-0.539800	-0.786500	-0.483200	0.489700	0.896700
1627307190.460484	0.487800	-0.544600	-0.783800	-0.488700	0.499500	0.895500
1627307190.471822	0.491100	-0.544700	-0.785400	-0.482600	0.508900	0.896100
1627307190.487290	0.488400	-0.546800	-0.792000	-0.501600	0.523000	0.897300
1627307190.509858	0.486700	-0.547500	-0.805300	-0.528500	0.550800	0.902800
1627307190.510769	0.490800	-0.554400	-0.804800	-0.504900	0.580400	0.905300
1627307190.511588	0.490000	-0.564600	-0.790500	-0.478100	0.609100	0.901900
1627307190.538525	0.490600	-0.573900	-0.771200	-0.511000	0.627500	0.895500
1627307190.539531	0.489100	-0.577000	-0.753800	-0.574300	0.642400	0.883000
1627307190.540735	0.489300	-0.567900	-0.734600	-0.628300	0.649400	0.868300
1627307190.559854	0.489600	-0.551600	-0.715000	-0.668300	0.647000	0.856400
1627307190.560759	0.489500	-0.533700	-0.697000	-0.710800	0.634500	0.854900
1627307190.571827	0.487300	-0.523300	-0.704300	-0.742600	0.621000	0.859200
1627307190.599823	0.487700	-0.517800	-0.711200	-0.742900	0.614600	0.865900
1627307190.600722	0.487900	-0.519500	-0.716300	-0.726400	0.609700	0.872600
1627307190.605490	0.486800	-0.523800	-0.722900	-0.721800	0.608200	0.879600
1627307190.610320	0.484400	-0.523700	-0.731400	-0.731000	0.610300	0.886000
1627307190.649764	0.481900	-0.516000	-0.739600	-0.725500	0.618900	0.896400
1627307190.650665	0.479200	-0.509900	-0.744000	-0.683900	0.629600	0.910800
1627307190.651835	0.476800	-0.512100	-0.741300	-0.644200	0.643300	0.926000
1627307190.652958	0.475700	-0.520000	-0.732300	-0.596600	0.654000	0.936400
1627307190.682424	0.473800	-0.532100	-0.722300	-0.563900	0.660700	0.940400
1627307190.683328	0.474900	-0.540300	-0.707300	-0.578500	0.660400	0.938900
1627307190.684163	0.472800	-0.540500	-0.699200	-0.603900	0.654900	0.933700
1627307190.691612	0.470200	-0.532600	-0.702100	-0.635000	0.644600	0.934000
1627307190.727504	0.466600	-0.522800	-0.711800	-0.652800	0.637800	0.940700
1627307190.728409	0.463300	-0.518600	-0.718300	-0.634100	0.634800	0.949900
1627307190.729232	0.456700	-0.520900	-0.719400	-0.621900	0.636000	0.960900
1627307190.730727	0.450900	-0.524700	-0.715300	-0.632300	0.636000	0.970900
1627307190.745871	0.452400	-0.533300	-0.710200	-0.634100	0.632000	0.982200
1627307190.761757	0.449100	-0.550500	-0.705300	-0.628600	0.621600	0.986800
1627307190.779857	0.448200	-0.569300	-0.713100	-0.663500	0.609100	0.981900
1627307190.780763	0.448500	-0.569800	-0.721300	-0.717500	0.601800	0.972200
1627307190.781579	0.446800	-0.560100	-0.733400	-0.751100	0.601800	0.964500
1627307190.811104	0.446500	-0.538200	-0.738600	-0.765200	0.604200	0.965400
1627307190.812013	0.448400	-0.527300	-0.740600	-0.746800	0.607000	0.976700
1627307190.812844	0.445400	-0.527000	-0.741700	-0.708400	0.610300	0.990800
1627307190.820508	0.440400	-0.537700	-0.734300	-0.686700	0.613100	1.002700
1627307190.853758	0.442900	-0.551000	-0.728900	-0.688800	0.611300	1.012800
1627307190.854808	0.444600	-0.564700	-0.728500	-0.692500	0.603600	1.010600
1627307190.856967	0.444600	-0.572800	-0.732800	-0.709900	0.600000	1.003300
1627307190.860435	0.445800	-0.572600	-0.738400	-0.730300	0.596900	0.996600
1627307190.887543	0.450100	-0.565300	-0.745000	-0.744400	0.600000	0.988700
1627307190.888440	0.456200	-0.552200	-0.747800	-0.735800	0.604500	0.985000
1627307190.890475	0.462200	-0.543700	-0.736200	-0.721800	0.607900	0.984700
1627307190.900567	0.467700	-0.539400	-0.726100	-0.730600	0.603900	0.989300
1627307190.924842	0.470300	-0.540200	-0.731000	-0.755100	0.599700	0.994200
1627307190.925744	0.470900	-0.543200	-0.742700	-0.767300	0.598700	0.998100
1627307190.929223	0.472900	-0.549900	-0.755700	-0.765200	0.605500	0.999700
1627307190.951407	0.474400	-0.555300	-0.756700	-0.736500	0.613100	0.998700
1627307190.952309	0.474000	-0.564800	-0.749600	-0.712000	0.616800	0.998400
1627307190.982601	0.475300	-0.578500	-0.742700	-0.708000	0.616200	0.996600
1627307190.984179	0.479600	-0.591900	-0.733300	-0.703200	0.609700	0.986800
1627307190.988536	0.482100	-0.606200	-0.730700	-0.709300	0.599400	0.973700
1627307190.989427	0.480300	-0.615000	-0.736900	-0.743800	0.589600	0.955700
1627307191.016170	0.480500	-0.614400	-0.747400	-0.784400	0.587100	0.936700
1627307191.017073	0.484700	-0.611100	-0.752200	-0.789900	0.589600	0.920200
1627307191.019265	0.488000	-0.616200	-0.748000	-0.771900	0.593500	0.903400
1627307191.034239	0.490000	-0.629600	-0.743800	-0.781300	0.600000	0.874400
1627307191.061175	0.493200	-0.632900	-0.732900	-0.814000	0.606700	0.838700
1627307191.062086	0.503300	-0.620200	-0.719700	-0.865600	0.604500	0.808100
1627307191.062926	0.506200	-0.599100	-0.710700	-0.907800	0.598700	0.787700
1627307191.089866	0.513300	-0.570200	-0.706200	-0.914800	0.589600	0.777000
1627307191.090772	0.514200	-0.549000	-0.702300	-0.883700	0.580100	0.782200
1627307191.091593	0.516800	-0.541900	-0.709200	-0.833600	0.570000	0.793200
1627307191.099145	0.519200	-0.556500	-0.717400	-0.744400	0.565400	0.805100
1627307191.132423	0.521100	-0.576300	-0.718900	-0.671700	0.565100	0.804800
1627307191.133346	0.518800	-0.590500	-0.713000	-0.653400	0.564800	0.792000
1627307191.134174	0.524900	-0.593300	-0.705600	-0.657600	0.562100	0.775800
1627307191.161319	0.523400	-0.593500	-0.709000	-0.650300	0.556300	0.762300
1627307191.162230	0.526900	-0.600200	-0.716100	-0.619800	0.552000	0.748000
1627307191.163146	0.528800	-0.618700	-0.727200	-0.565100	0.554100	0.725700
1627307191.176276	0.531400	-0.640300	-0.727100	-0.530900	0.561200	0.679600
1627307191.185473	0.534700	-0.652500	-0.715300	-0.542500	0.565400	0.634000
1627307191.189084	0.539400	-0.651500	-0.702300	-0.563900	0.568500	0.580600
1627307191.201035	0.545200	-0.638900	-0.686600	-0.592000	0.564500	0.528100
1627307191.201945	0.553600	-0.615400	-0.671800	-0.624400	0.557500	0.481300
1627307191.224114	0.560700	-0.582400	-0.658400	-0.651200	0.545600	0.445300
1627307191.234298	0.565400	-0.549800	-0.645500	-0.649400	0.528800	0.419000
1627307191.247056	0.575800	-0.522200	-0.632900	-0.619500	0.503100	0.404100
1627307191.263810	0.577500	-0.510500	-0.628700	-0.604500	0.477500	0.401600
1627307191.264705	0.575800	-0.508200	-0.630000	-0.588600	0.449700	0.404400
1627307191.268069	0.575700	-0.514400	-0.640300	-0.556600	0.426800	0.405000
1627307191.273924	0.574500	-0.526900	-0.659500	-0.525700	0.409700	0.400100
1627307191.296558	0.572900	-0.543000	-0.672700	-0.480800	0.401700	0.382100
1627307191.297605	0.573500	-0.557100	-0.671800	-0.433800	0.396900	0.351800
1627307191.307585	0.576400	-0.562700	-0.666400	-0.422800	0.392600	0.314600
1627307191.327074	0.580300	-0.550300	-0.651600	-0.431000	0.384900	0.279400
1627307191.327560	0.584400	-0.530900	-0.636600	-0.430100	0.369400	0.252300
1627307191.346852	0.583500	-0.511500	-0.628500	-0.423400	0.347100	0.235200
1627307191.347721	0.586200	-0.501500	-0.628900	-0.410200	0.319900	0.230600
1627307191.359279	0.581200	-0.504800	-0.637100	-0.365000	0.298200	0.229700
1627307191.369097	0.577800	-0.524400	-0.648800	-0.311000	0.276200	0.218400
1627307191.376036	0.576400	-0.546600	-0.653800	-0.284400	0.261500	0.198500
1627307191.399696	0.576900	-0.563000	-0.652500	-0.288100	0.249600	0.168900
1627307191.400554	0.579000	-0.566000	-0.648100	-0.309200	0.235600	0.136500
1627307191.411599	0.577000	-0.566000	-0.647900	-0.322600	0.220600	0.100200
1627307191.418574	0.575300	-0.563200	-0.651700	-0.320800	0.210500	0.064400
1627307191.440047	0.574300	-0.562300	-0.648800	-0.290800	0.200500	0.029300
1627307191.440743	0.574800	-0.566000	-0.647500	-0.261200	0.184600	-0.015600
1627307191.450655	0.573700	-0.569500	-0.643600	-0.260300	0.173600	-0.056800
1627307191.461395	0.573900	-0.556900	-0.638100	-0.292000	0.161700	-0.097800
1627307191.484320	0.580200	-0.535000	-0.631100	-0.322000	0.146700	-0.132900
1627307191.485281	0.579800	-0.513100	-0.628100	-0.339400	0.127200	-0.156100
1627307191.489099	0.578900	-0.490400	-0.630500	-0.338200	0.113400	-0.172600
1627307191.504257	0.579600	-0.473300	-0.628300	-0.318600	0.101200	-0.184800
1627307191.505732	0.579100	-0.461700	-0.621900	-0.267600	0.088400	-0.195500
1627307191.529626	0.578700	-0.462600	-0.614500	-0.209000	0.072800	-0.203400
1627307191.530452	0.581700	-0.465300	-0.609400	-0.184800	0.056000	-0.218700
1627307191.540627	0.588300	-0.456100	-0.613500	-0.221200	0.042500	-0.240700
1627307191.549606	0.587300	-0.435800	-0.611100	-0.262700	0.022400	-0.237400
1627307191.568603	0.586300	-0.432000	-0.625200	-0.170500	0.011400	-0.236700
1627307191.569513	0.589700	-0.439200	-0.647900	-0.115800	0.011700	-0.248000
1627307191.577557	0.589200	-0.411400	-0.646600	-0.200700	0.025100	-0.264200
1627307191.600264	0.591700	-0.375200	-0.620100	-0.234000	0.021800	-0.248300
1627307191.611074	0.589600	-0.368700	-0.603500	-0.100500	0.008600	-0.232200
1627307191.611966	0.597800	-0.390000	-0.589600	-0.005200	-0.016400	-0.216000
1627307191.620202	0.591200	-0.412700	-0.586100	-0.023000	-0.041800	-0.227000
1627307191.636666	0.595300	-0.411700	-0.570300	-0.101500	-0.080500	-0.231900
1627307191.647477	0.592800	-0.399900	-0.579300	-0.091400	-0.127000	-0.246200
1627307191.648388	0.590100	-0.400800	-0.599100	-0.024500	-0.173100	-0.247700
1627307191.651302	0.583900	-0.409100	-0.637200	0.037800	-0.192300	-0.266700
1627307191.675433	0.584200	-0.400400	-0.649000	0.038700	-0.202400	-0.272500
1627307191.677884	0.590100	-0.394200	-0.660000	0.132200	-0.209400	-0.285000
1627307191.692933	0.588900	-0.388200	-0.663000	0.187800	-0.212200	-0.287100
1627307191.697151	0.590000	-0.377600	-0.655000	0.219200	-0.219200	-0.284700
1627307191.715904	0.589000	-0.366300	-0.654900	0.267500	-0.233600	-0.278600
1627307191.718030	0.598000	-0.355000	-0.665400	0.263800	-0.241500	-0.278000
1627307191.729290	0.584000	-0.324000	-0.666500	0.193300	-0.244900	-0.263300
1627307191.737029	0.592500	-0.304000	-0.666400	0.195400	-0.254300	-0.233100
1627307191.757278	0.584500	-0.303600	-0.671000	0.232400	-0.265900	-0.191200
1627307191.758345	0.583400	-0.328000	-0.679400	0.228400	-0.278500	-0.150600
1627307191.769343	0.580400	-0.369900	-0.684600	0.213400	-0.295300	-0.125600
1627307191.775747	0.577600	-0.430900	-0.696300	0.192700	-0.318200	-0.128300
1627307191.797206	0.570900	-0.470300	-0.707400	0.148400	-0.335900	-0.153700
1627307191.798025	0.566300	-0.487300	-0.717300	0.098600	-0.354500	-0.188500
1627307191.807923	0.564800	-0.498700	-0.723800	0.121800	-0.376500	-0.222400
1627307191.818447	0.560800	-0.508500	-0.740500	0.231200	-0.393300	-0.271900
1627307191.840912	0.565100	-0.500200	-0.757600	0.250100	-0.398200	-0.327100
1627307191.842072	0.564700	-0.453000	-0.763200	0.225700	-0.396700	-0.365900
1627307191.846678	0.562100	-0.387800	-0.765000	0.289800	-0.392400	-0.375100
1627307191.861655	0.566700	-0.347700	-0.766800	0.378700	-0.386000	-0.350400
1627307191.865601	0.565900	-0.337600	-0.768300	0.464800	-0.380500	-0.309400
1627307191.884566	0.559600	-0.362200	-0.771000	0.536300	-0.376800	-0.266700
1627307191.886744	0.553800	-0.416700	-0.771100	0.601600	-0.372200	-0.240100
1627307191.901778	0.556400	-0.481600	-0.765900	0.614800	-0.371600	-0.239800
1627307191.909516	0.547400	-0.538100	-0.761000	0.533200	-0.376500	-0.270900
1627307191.928284	0.542700	-0.560300	-0.756200	0.413200	-0.380200	-0.332600
1627307191.929104	0.539800	-0.548200	-0.751100	0.332300	-0.383800	-0.391000
1627307191.941874	0.537100	-0.518200	-0.748200	0.268100	-0.386300	-0.439200
1627307191.949682	0.535800	-0.488800	-0.748700	0.250100	-0.387500	-0.473800
1627307191.962275	0.530600	-0.464800	-0.752800	0.263800	-0.385700	-0.497900
1627307191.974413	0.533300	-0.448700	-0.751200	0.289500	-0.385700	-0.509500
1627307191.976749	0.535800	-0.442400	-0.749900	0.327100	-0.381100	-0.515900
1627307191.982441	0.537600	-0.445100	-0.741200	0.361600	-0.379600	-0.520500
1627307192.005812	0.533400	-0.443700	-0.729500	0.382700	-0.379300	-0.530300
1627307192.006553	0.534800	-0.437700	-0.710800	0.392700	-0.387800	-0.536700
1627307192.026914	0.533100	-0.437100	-0.705100	0.407700	-0.404600	-0.538800
1627307192.049178	0.528600	-0.439900	-0.709000	0.430300	-0.419000	-0.541900
1627307192.050944	0.527000	-0.446400	-0.716100	0.459900	-0.430300	-0.545500
1627307192.056120	0.520600	-0.460000	-0.731000	0.510600	-0.437900	-0.553500
1627307192.057020	0.519900	-0.471100	-0.740200	0.558900	-0.438500	-0.567200
1627307192.066849	0.516000	-0.477300	-0.742100	0.591000	-0.436700	-0.582800
1627307192.070050	0.512000	-0.475500	-0.738200	0.602900	-0.435500	-0.596800
1627307192.096136	0.509900	-0.475000	-0.731100	0.638900	-0.437300	-0.606900
1627307192.097028	0.509900	-0.483200	-0.726000	0.685300	-0.443400	-0.616700
1627307192.111767	0.508900	-0.492300	-0.716600	0.707600	-0.455000	-0.628300
1627307192.115068	0.508400	-0.500000	-0.711700	0.696600	-0.471500	-0.645700
1627307192.138849	0.508300	-0.501800	-0.712600	0.685300	-0.489200	-0.658500
1627307192.139846	0.499400	-0.507400	-0.716100	0.694800	-0.503900	-0.673200
1627307192.149502	0.496000	-0.513700	-0.721700	0.692700	-0.516400	-0.689700
1627307192.155411	0.489100	-0.517500	-0.726600	0.683200	-0.527100	-0.705600
1627307192.159556	0.487200	-0.521500	-0.724700	0.688100	-0.538700	-0.726000
1627307192.184624	0.481000	-0.527100	-0.724700	0.690800	-0.549400	-0.748000
1627307192.188022	0.481600	-0.528600	-0.719700	0.685300	-0.568300	-0.772800
1627307192.196734	0.481000	-0.530500	-0.717700	0.676800	-0.588800	-0.792300
1627307192.207171	0.471600	-0.533400	-0.726600	0.660900	-0.606200	-0.813700
1627307192.229237	0.472000	-0.528400	-0.734500	0.656300	-0.619600	-0.835400
1627307192.230366	0.471600	-0.518400	-0.739000	0.660900	-0.631500	-0.847600
1627307192.246282	0.469400	-0.513900	-0.741800	0.681700	-0.643800	-0.854300
1627307192.252096	0.470600	-0.513700	-0.742600	0.719200	-0.656300	-0.862000
1627307192.264934	0.469700	-0.517100	-0.737800	0.751600	-0.669100	-0.870500
1627307192.265825	0.465500	-0.521100	-0.735500	0.762300	-0.682200	-0.882400
1627307192.276746	0.466200	-0.519900	-0.735200	0.745800	-0.697500	-0.897700
1627307192.281338	0.465100	-0.515700	-0.742100	0.743100	-0.711600	-0.908700
1627307192.304557	0.457900	-0.519000	-0.750700	0.760800	-0.721300	-0.920900
1627307192.309162	0.457000	-0.523200	-0.759500	0.780900	-0.726500	-0.932200
1627307192.312516	0.454200	-0.534200	-0.761200	0.799000	-0.732600	-0.949000
1627307192.336245	0.452400	-0.540500	-0.760000	0.795000	-0.733300	-0.970700
1627307192.337139	0.449800	-0.542700	-0.758500	0.779100	-0.736600	-0.990500
1627307192.346788	0.450400	-0.538100	-0.755600	0.776400	-0.742700	-1.008900
1627307192.351392	0.446200	-0.533800	-0.753800	0.767200	-0.749700	-1.019600
1627307192.375145	0.441200	-0.526200	-0.750900	0.763200	-0.758900	-1.026300
1627307192.375902	0.438000	-0.522900	-0.751500	0.783700	-0.768700	-1.029900
1627307192.390485	0.434100	-0.530400	-0.755200	0.801700	-0.780000	-1.033300
1627307192.394003	0.433200	-0.540800	-0.760100	0.808700	-0.790400	-1.037900
1627307192.416529	0.428800	-0.551500	-0.770400	0.811500	-0.795600	-1.046100
1627307192.428713	0.423200	-0.561000	-0.781500	0.809300	-0.793400	-1.059300
1627307192.429618	0.429000	-0.559200	-0.785200	0.809600	-0.791600	-1.076400
1627307192.436453	0.424800	-0.559100	-0.797000	0.798300	-0.785500	-1.086100
1627307192.458358	0.423800	-0.556000	-0.799000	0.821600	-0.771700	-1.098400
1627307192.466191	0.424800	-0.553600	-0.784500	0.876500	-0.754000	-1.118500
1627307192.467088	0.424600	-0.550500	-0.759200	0.868300	-0.755500	-1.127700
1627307192.477545	0.421100	-0.546500	-0.744500	0.866800	-0.766500	-1.135600
1627307192.501193	0.420900	-0.541600	-0.746100	0.844500	-0.782400	-1.143600
1627307192.502087	0.410000	-0.522100	-0.756100	0.777600	-0.795300	-1.140200
1627307192.505529	0.403700	-0.507200	-0.766800	0.783100	-0.802600	-1.119700
1627307192.524504	0.396200	-0.514800	-0.784500	0.865500	-0.801400	-1.100800
1627307192.544491	0.398300	-0.541600	-0.796300	0.865500	-0.801100	-1.078500
1627307192.545523	0.398300	-0.541600	-0.796300	0.865500	-0.801100	-1.078500
1627307192.546929	0.383200	-0.581700	-0.810200	0.877500	-0.795900	-1.069000
1627307192.561946	0.370200	-0.617400	-0.817100	0.887500	-0.778500	-1.086500
1627307192.562844	0.376500	-0.643100	-0.823400	0.823700	-0.765000	-1.107800
1627307192.587157	0.367200	-0.653000	-0.829100	0.773300	-0.746100	-1.139000
1627307192.588069	0.367400	-0.646200	-0.825800	0.745800	-0.724400	-1.182100
1627307192.593902	0.359600	-0.608500	-0.813800	0.681100	-0.701800	-1.226300
1627307192.616724	0.361100	-0.544800	-0.792500	0.603500	-0.686800	-1.247700
1627307192.635693	0.362700	-0.488900	-0.774400	0.582400	-0.682900	-1.239200
1627307192.659542	0.360800	-0.449800	-0.760900	0.606200	-0.689000	-1.206800
1627307192.660497	0.361900	-0.442500	-0.756300	0.641400	-0.702400	-1.162800
1627307192.663126	0.361900	-0.451200	-0.769700	0.632800	-0.715500	-1.122500
1627307192.666156	0.357800	-0.459000	-0.790600	0.609900	-0.725000	-1.087400
1627307192.667058	0.352800	-0.466400	-0.824800	0.607500	-0.724100	-1.051900
1627307192.674311	0.342400	-0.463500	-0.855500	0.614200	-0.709400	-1.025700
1627307192.678826	0.340000	-0.454800	-0.873200	0.644700	-0.685000	-0.999100
1627307192.702072	0.338300	-0.445100	-0.877200	0.696900	-0.661800	-0.968600
1627307192.706774	0.336800	-0.446500	-0.874400	0.732100	-0.639800	-0.937400
1627307192.718072	0.336900	-0.445700	-0.862900	0.736700	-0.620200	-0.906900
1627307192.722063	0.336100	-0.451200	-0.854200	0.738800	-0.607700	-0.878800
1627307192.744713	0.337400	-0.463900	-0.849700	0.731500	-0.596400	-0.845500
1627307192.745663	0.338100	-0.472900	-0.851700	0.713400	-0.588500	-0.819800
1627307192.758111	0.342400	-0.478600	-0.851200	0.703400	-0.584500	-0.797800
1627307192.765898	0.340300	-0.483800	-0.845300	0.695700	-0.580800	-0.775500
1627307192.788619	0.345300	-0.489300	-0.834800	0.668800	-0.580800	-0.759000
1627307192.789527	0.351000	-0.491200	-0.828400	0.624900	-0.586900	-0.745900
1627307192.796472	0.350100	-0.499100	-0.834400	0.577200	-0.594600	-0.732800
1627307192.819538	0.353500	-0.515300	-0.852700	0.585800	-0.591800	-0.742200
1627307192.820373	0.354000	-0.507900	-0.858800	0.494100	-0.583000	-0.753500
1627307192.824198	0.360000	-0.482800	-0.858300	0.390300	-0.577200	-0.747400
1627307192.838352	0.361100	-0.471200	-0.872400	0.400400	-0.568900	-0.732800
1627307192.857295	0.370600	-0.473000	-0.887200	0.426600	-0.547900	-0.727000
1627307192.858339	0.372600	-0.470300	-0.887300	0.357000	-0.529200	-0.716600
1627307192.865464	0.378300	-0.464800	-0.893400	0.324900	-0.509100	-0.697300
1627307192.877084	0.377300	-0.475800	-0.908100	0.350300	-0.486800	-0.671100
1627307192.899297	0.390700	-0.484600	-0.902700	0.394300	-0.455600	-0.672000
1627307192.900791	0.381600	-0.484000	-0.892100	0.374400	-0.438500	-0.668600
1627307192.916264	0.393100	-0.469000	-0.891100	0.329500	-0.420800	-0.669800
1627307192.917160	0.386500	-0.446000	-0.885900	0.303900	-0.404900	-0.652100
1627307192.920207	0.388100	-0.435800	-0.887900	0.369500	-0.392400	-0.629200
1627307192.941770	0.389200	-0.449600	-0.906400	0.427900	-0.371900	-0.606600
1627307192.957088	0.392100	-0.461300	-0.927500	0.388500	-0.339900	-0.592000
1627307192.958057	0.390000	-0.453100	-0.936400	0.323400	-0.304400	-0.578800
1627307192.974898	0.395900	-0.436000	-0.937600	0.289500	-0.262900	-0.563600
1627307192.975801	0.389300	-0.430800	-0.930300	0.289800	-0.226500	-0.533300
1627307192.989122	0.396200	-0.440800	-0.928200	0.294700	-0.189000	-0.509800
1627307193.011446	0.396700	-0.458400	-0.915300	0.219200	-0.157200	-0.487800
1627307193.014915	0.396400	-0.484000	-0.903600	0.165500	-0.130300	-0.474400
1627307193.015819	0.393800	-0.507300	-0.901000	0.105900	-0.102200	-0.474100
1627307193.025533	0.398100	-0.513400	-0.893100	0.009400	-0.076600	-0.489900
1627307193.031449	0.399000	-0.494400	-0.876200	-0.096600	-0.055500	-0.505800
1627307193.053867	0.403100	-0.454000	-0.858200	-0.172900	-0.040500	-0.508600
1627307193.054846	0.404100	-0.406700	-0.848100	-0.203200	-0.031700	-0.495400
1627307193.064429	0.407700	-0.361800	-0.841300	-0.211100	-0.027100	-0.466700
1627307193.071460	0.401600	-0.322500	-0.843500	-0.200700	-0.022200	-0.407200
1627307193.095239	0.398700	-0.318600	-0.851800	-0.138100	-0.012100	-0.352200
1627307193.096143	0.396400	-0.343300	-0.859600	-0.047100	0.005300	-0.303600
1627307193.105680	0.396200	-0.385000	-0.859900	0.004500	0.023900	-0.270300
1627307193.113943	0.395800	-0.421600	-0.855100	0.009100	0.042200	-0.254200
1627307193.134085	0.396100	-0.437400	-0.848800	-0.037600	0.059300	-0.255100
1627307193.144894	0.396500	-0.428300	-0.844400	-0.087700	0.074300	-0.257500
1627307193.145802	0.392800	-0.401900	-0.846400	-0.130500	0.096000	-0.249000
1627307193.156420	0.393400	-0.367400	-0.851600	-0.152800	0.116200	-0.227900
1627307193.179622	0.393300	-0.339800	-0.848900	-0.137500	0.135100	-0.193100
1627307193.180458	0.392600	-0.328900	-0.846900	-0.102100	0.151900	-0.148200
1627307193.184188	0.395000	-0.332800	-0.845500	-0.090500	0.167500	-0.101400
1627307193.199026	0.398100	-0.348000	-0.844400	-0.077600	0.183000	-0.059900
1627307193.200982	0.398700	-0.371500	-0.837500	-0.055300	0.197400	-0.030600
1627307193.224554	0.400500	-0.391000	-0.823200	-0.082500	0.205300	-0.006400
1627307193.225708	0.408400	-0.398900	-0.818700	-0.117900	0.202600	0.010400
1627307193.235723	0.408600	-0.396100	-0.830700	-0.183600	0.204100	0.026500
1627307193.245916	0.409400	-0.374800	-0.832300	-0.216300	0.213000	0.046400
1627307193.265023	0.412200	-0.357400	-0.838600	-0.212000	0.224900	0.074200
1627307193.265939	0.413600	-0.350000	-0.848000	-0.212300	0.238900	0.112700
1627307193.274016	0.412800	-0.356700	-0.859900	-0.184200	0.262200	0.151800
1627307193.295482	0.416700	-0.363900	-0.856000	-0.169300	0.288700	0.182900
1627307193.308190	0.419100	-0.370000	-0.840200	-0.163500	0.306100	0.201900
1627307193.309078	0.421800	-0.363500	-0.824800	-0.203800	0.316200	0.222000
1627307193.320852	0.421400	-0.348300	-0.810900	-0.235500	0.322600	0.248300
1627307193.324328	0.419700	-0.336200	-0.795300	-0.214800	0.326600	0.277600
1627307193.337718	0.421800	-0.331400	-0.775800	-0.212000	0.322600	0.313300
1627307193.356802	0.421500	-0.336900	-0.758400	-0.224200	0.307400	0.360700
1627307193.364894	0.418000	-0.361800	-0.758200	-0.220000	0.294200	0.396400
1627307193.373092	0.414700	-0.391400	-0.775100	-0.221200	0.288400	0.412900
1627307193.374243	0.417100	-0.407000	-0.779900	-0.241700	0.291200	0.418700
1627307193.395249	0.419200	-0.409300	-0.774000	-0.278300	0.292700	0.420900
1627307193.403770	0.419100	-0.404300	-0.763200	-0.298200	0.291500	0.425700
1627307193.404667	0.421900	-0.392500	-0.752800	-0.300600	0.288400	0.437300
1627307193.413157	0.427400	-0.392000	-0.746100	-0.269400	0.275900	0.461200
1627307193.416308	0.430500	-0.397700	-0.747800	-0.254200	0.265200	0.478000
1627307193.443789	0.431600	-0.396500	-0.752100	-0.274000	0.257900	0.496000
1627307193.444678	0.434700	-0.390900	-0.757000	-0.291100	0.256000	0.516500
1627307193.453175	0.442100	-0.394500	-0.757300	-0.261500	0.253000	0.540900
1627307193.460145	0.441900	-0.408700	-0.762200	-0.216900	0.250900	0.558600
1627307193.483743	0.447600	-0.421900	-0.757100	-0.226700	0.251500	0.567800
1627307193.489617	0.450800	-0.430200	-0.757800	-0.271000	0.246000	0.583000
1627307193.490546	0.453500	-0.443800	-0.767800	-0.261200	0.244700	0.588200
1627307193.512127	0.455800	-0.444200	-0.768600	-0.269400	0.245100	0.590400
1627307193.512944	0.454700	-0.429200	-0.767500	-0.334800	0.243200	0.600800
1627307193.522946	0.458300	-0.406600	-0.769800	-0.378200	0.237100	0.621800
1627307193.535823	0.454200	-0.400900	-0.781000	-0.342700	0.233700	0.650500
1627307193.555961	0.448900	-0.409200	-0.797000	-0.306700	0.238600	0.680800
1627307193.556991	0.445600	-0.430200	-0.823600	-0.297500	0.250200	0.710400
1627307193.564273	0.441200	-0.444800	-0.839800	-0.311300	0.272800	0.722600
1627307193.573327	0.439200	-0.444600	-0.847400	-0.317100	0.305800	0.729600
1627307193.598042	0.441000	-0.440600	-0.850200	-0.309800	0.338800	0.737000
1627307193.604332	0.440400	-0.437700	-0.842000	-0.291100	0.372700	0.742500
1627307193.612435	0.437700	-0.427400	-0.825400	-0.281700	0.401700	0.749200
1627307193.613333	0.436900	-0.412000	-0.808700	-0.289600	0.421000	0.768700
1627307193.616455	0.428300	-0.397800	-0.802600	-0.288100	0.435300	0.799000
1627307193.639174	0.428500	-0.394900	-0.798600	-0.248100	0.451500	0.828900
1627307193.642986	0.431200	-0.403200	-0.787000	-0.185800	0.465000	0.856700
1627307193.646305	0.427000	-0.411500	-0.765500	-0.139900	0.477800	0.875300
1627307193.663051	0.429100	-0.416900	-0.740100	-0.133200	0.485400	0.890600
1627307193.677817	0.432100	-0.421300	-0.720200	-0.128300	0.483300	0.905600
1627307193.696761	0.427200	-0.450000	-0.717700	-0.096600	0.469200	0.923600
1627307193.707354	0.431400	-0.480200	-0.720600	-0.079200	0.461600	0.933400
1627307193.708258	0.433500	-0.505500	-0.722800	-0.105700	0.452700	0.936100
1627307193.716446	0.434200	-0.516000	-0.724600	-0.163800	0.441100	0.936400
1627307193.734050	0.433300	-0.512800	-0.727900	-0.227000	0.430800	0.939800
1627307193.742448	0.438400	-0.510600	-0.735800	-0.264900	0.419500	0.953500
1627307193.743349	0.432600	-0.520600	-0.753300	-0.254500	0.412400	0.967900
1627307193.753136	0.429200	-0.565100	-0.779800	-0.220000	0.416400	0.981300
1627307193.756270	0.427700	-0.609700	-0.803100	-0.192500	0.426200	0.976100
1627307193.778435	0.424900	-0.651100	-0.821800	-0.200700	0.445400	0.954400
1627307193.781820	0.428200	-0.683700	-0.826700	-0.228200	0.471100	0.919300
1627307193.786486	0.431800	-0.698600	-0.817700	-0.246200	0.495500	0.874100
1627307193.809092	0.432500	-0.688400	-0.801600	-0.284100	0.512900	0.826800
1627307193.812942	0.439300	-0.659100	-0.780800	-0.347000	0.519900	0.789800
1627307193.828217	0.438100	-0.630600	-0.776500	-0.369600	0.521200	0.766000
1627307193.829115	0.437900	-0.619300	-0.778200	-0.353100	0.526400	0.751300
1627307193.851028	0.439100	-0.619800	-0.775400	-0.335100	0.530000	0.742200
1627307193.853230	0.439200	-0.624900	-0.765400	-0.332400	0.534900	0.723800
1627307193.863077	0.442400	-0.632200	-0.752000	-0.354400	0.535200	0.701200
1627307193.871218	0.440400	-0.636800	-0.736700	-0.367800	0.532200	0.678600
1627307193.893427	0.442900	-0.644300	-0.737300	-0.377000	0.535800	0.642300
1627307193.894244	0.438800	-0.622600	-0.721600	-0.498200	0.540100	0.599500
1627307193.901887	0.445600	-0.604700	-0.692100	-0.496700	0.530300	0.582400
1627307193.914649	0.450900	-0.602700	-0.683700	-0.437700	0.516900	0.558000
1627307193.934650	0.453100	-0.593300	-0.671500	-0.489400	0.503400	0.533300
1627307193.935893	0.457300	-0.558700	-0.653100	-0.579800	0.479300	0.518900
1627307193.941798	0.459700	-0.520800	-0.647100	-0.609700	0.449400	0.525600
1627307193.953424	0.460400	-0.497400	-0.660400	-0.561700	0.416700	0.553700
1627307193.974711	0.449100	-0.491700	-0.678200	-0.515300	0.390400	0.593700
1627307193.975574	0.449200	-0.488300	-0.693700	-0.490300	0.378500	0.632200
1627307193.989015	0.449800	-0.493500	-0.712600	-0.455800	0.366900	0.672800
1627307193.999134	0.441300	-0.509500	-0.731600	-0.410900	0.361700	0.706700
1627307194.001686	0.438200	-0.530000	-0.754200	-0.384900	0.366900	0.728100
1627307194.019485	0.431500	-0.547000	-0.774200	-0.379700	0.377600	0.735800
1627307194.041146	0.426300	-0.554900	-0.788500	-0.372700	0.400500	0.731200
1627307194.042079	0.427700	-0.560200	-0.788300	-0.358900	0.422500	0.722900
1627307194.043073	0.430700	-0.559400	-0.775400	-0.354000	0.436600	0.713200
1627307194.058300	0.429600	-0.557400	-0.769900	-0.389800	0.443000	0.707700
1627307194.059210	0.426800	-0.550800	-0.773900	-0.445700	0.445400	0.704600
1627307194.082129	0.428000	-0.537600	-0.783800	-0.486000	0.449400	0.708000
1627307194.082955	0.423200	-0.527600	-0.794800	-0.502200	0.456700	0.718000
1627307194.088958	0.417200	-0.517700	-0.801800	-0.500000	0.471700	0.733300
1627307194.110784	0.416700	-0.521600	-0.798700	-0.473200	0.483000	0.745800
1627307194.121281	0.412100	-0.528900	-0.794100	-0.455800	0.492500	0.756500
1627307194.122179	0.409100	-0.535900	-0.792600	-0.477700	0.498600	0.759600
1627307194.131390	0.407300	-0.535400	-0.796800	-0.505200	0.505300	0.760800
1627307194.155231	0.402500	-0.528300	-0.795800	-0.517200	0.516900	0.759900
1627307194.156124	0.402700	-0.509300	-0.789400	-0.539100	0.524500	0.769700
1627307194.164307	0.401900	-0.490200	-0.786700	-0.547700	0.530300	0.793800
1627307194.178937	0.402200	-0.480000	-0.788500	-0.542500	0.536700	0.820100
1627307194.200264	0.398800	-0.482900	-0.795800	-0.550700	0.548300	0.846600
1627307194.201175	0.395800	-0.489900	-0.796400	-0.555000	0.567300	0.866800
1627307194.201991	0.395600	-0.501100	-0.788900	-0.552600	0.584100	0.880500
1627307194.213032	0.398700	-0.511500	-0.771900	-0.548300	0.599700	0.888500
1627307194.221004	0.404800	-0.514400	-0.750400	-0.570000	0.605200	0.893400
1627307194.241158	0.413200	-0.510100	-0.728900	-0.594400	0.598700	0.902200
1627307194.242081	0.419800	-0.514400	-0.728400	-0.581000	0.587400	0.914400
1627307194.253159	0.427100	-0.526200	-0.740400	-0.546800	0.578000	0.927600
1627307194.256280	0.433000	-0.548700	-0.764400	-0.485400	0.575500	0.938300
1627307194.281461	0.436900	-0.582900	-0.790300	-0.413900	0.590800	0.938900
1627307194.282353	0.446400	-0.612400	-0.800300	-0.357100	0.616500	0.927000
1627307194.291824	0.452300	-0.631100	-0.791400	-0.320800	0.646700	0.903700
1627307194.301549	0.458100	-0.632200	-0.773400	-0.316200	0.668400	0.876300
1627307194.323264	0.459100	-0.628900	-0.759200	-0.325600	0.683300	0.855800
1627307194.325545	0.463600	-0.624300	-0.745100	-0.329300	0.688500	0.839900
1627307194.330139	0.467400	-0.626800	-0.740100	-0.340300	0.685200	0.826500
1627307194.354036	0.469400	-0.641000	-0.746600	-0.361100	0.684900	0.806900
1627307194.355013	0.470600	-0.653800	-0.749100	-0.384300	0.687900	0.777600
1627307194.360801	0.474100	-0.669200	-0.742200	-0.418200	0.688200	0.736700
1627307194.371800	0.473600	-0.673100	-0.740100	-0.481100	0.682700	0.694800
1627307194.374861	0.470500	-0.666500	-0.742100	-0.541900	0.679400	0.652700
1627307194.396757	0.472800	-0.649500	-0.742800	-0.588000	0.678800	0.614200
1627307194.400495	0.474400	-0.629500	-0.743300	-0.632000	0.675700	0.584900
1627307194.423340	0.475200	-0.606800	-0.748300	-0.651800	0.673300	0.560100
1627307194.439591	0.476700	-0.584500	-0.750400	-0.664400	0.673600	0.545200
1627307194.440968	0.477700	-0.564600	-0.756200	-0.661600	0.678500	0.532300
1627307194.441832	0.477400	-0.553300	-0.748300	-0.637500	0.680000	0.525300
1627307194.456953	0.481200	-0.543100	-0.743200	-0.641800	0.676600	0.522300
1627307194.461992	0.480500	-0.533400	-0.742900	-0.655200	0.670800	0.525900
1627307194.484307	0.485700	-0.526400	-0.744900	-0.636000	0.666900	0.530500
1627307194.486764	0.486500	-0.521500	-0.750700	-0.614300	0.666900	0.537500
1627307194.502003	0.487700	-0.525600	-0.750500	-0.576700	0.671700	0.544600
1627307194.504515	0.492800	-0.539300	-0.737300	-0.519000	0.674200	0.546700
1627307194.505420	0.496100	-0.557500	-0.720600	-0.503400	0.669600	0.541200
1627307194.529568	0.496200	-0.571500	-0.712500	-0.528100	0.660400	0.533300
1627307194.530614	0.497400	-0.583900	-0.711700	-0.556200	0.649400	0.519200
1627307194.540551	0.504000	-0.593900	-0.704700	-0.548600	0.639100	0.501200
1627307194.549620	0.514000	-0.620800	-0.705100	-0.515300	0.627500	0.477100
1627307194.572180	0.529200	-0.645500	-0.716400	-0.530900	0.621600	0.432500
1627307194.573080	0.546800	-0.655500	-0.712500	-0.546800	0.627500	0.379000
1627307194.580545	0.564100	-0.648600	-0.699000	-0.490600	0.632300	0.327700
1627307194.594728	0.576900	-0.635100	-0.680200	-0.479600	0.631700	0.284600
1627307194.612909	0.589000	-0.608500	-0.659300	-0.516200	0.622900	0.249800
1627307194.614566	0.597400	-0.577500	-0.637900	-0.514100	0.608500	0.227800
1627307194.629610	0.601400	-0.557000	-0.613000	-0.443200	0.586800	0.213200
1627307194.634613	0.606300	-0.550000	-0.582200	-0.412400	0.548000	0.204000
1627307194.650287	0.610500	-0.554700	-0.565300	-0.429200	0.505900	0.190900
1627307194.651186	0.611500	-0.557600	-0.553000	-0.442900	0.460100	0.169200
1627307194.659331	0.611500	-0.556400	-0.551500	-0.489700	0.411500	0.141700
1627307194.666298	0.615600	-0.541900	-0.561300	-0.570600	0.362600	0.116000
1627307194.689919	0.613800	-0.525600	-0.583900	-0.607300	0.319900	0.095000
1627307194.690823	0.608900	-0.510400	-0.612700	-0.598700	0.293600	0.078500
1627307194.699339	0.608500	-0.491200	-0.633400	-0.576400	0.273800	0.067800
1627307194.708862	0.603600	-0.488200	-0.645800	-0.515600	0.258500	0.067500
1627307194.732937	0.600600	-0.504900	-0.660300	-0.436500	0.248700	0.067800
1627307194.733837	0.592800	-0.528800	-0.666400	-0.380900	0.241400	0.056200
1627307194.743092	0.597200	-0.552400	-0.662500	-0.343400	0.230700	0.036300
1627307194.751497	0.596900	-0.574800	-0.663000	-0.323800	0.220000	0.006400
1627307194.773830	0.595600	-0.597500	-0.665600	-0.314000	0.212100	-0.033000
1627307194.781219	0.595800	-0.616100	-0.671000	-0.284400	0.206900	-0.095000
1627307194.782142	0.592800	-0.620600	-0.673700	-0.285900	0.206300	-0.153400
1627307194.791533	0.590600	-0.604500	-0.668100	-0.324400	0.209300	-0.210800
1627307194.813842	0.589000	-0.569200	-0.654700	-0.362000	0.208100	-0.259600
1627307194.814748	0.592900	-0.532500	-0.638800	-0.374800	0.202000	-0.292900
1627307194.825563	0.592000	-0.502100	-0.627100	-0.368400	0.191300	-0.314300
1627307194.836492	0.590000	-0.476700	-0.615600	-0.370500	0.179100	-0.326800
1627307194.859051	0.599900	-0.464000	-0.609000	-0.369000	0.158300	-0.330200
1627307194.859945	0.595600	-0.465500	-0.608000	-0.337300	0.139400	-0.337200
1627307194.860766	0.593300	-0.466700	-0.610200	-0.319500	0.126500	-0.351000
1627307194.871845	0.591700	-0.461300	-0.609300	-0.312800	0.118000	-0.368100
1627307194.875978	0.597200	-0.444900	-0.603500	-0.274300	0.107900	-0.384300
1627307194.899730	0.595700	-0.431000	-0.597700	-0.214200	0.094500	-0.397400
1627307194.900554	0.601400	-0.411500	-0.597400	-0.157700	0.077700	-0.405600
1627307194.910459	0.606300	-0.391100	-0.602200	-0.120400	0.059700	-0.402300
1627307194.921009	0.612100	-0.366300	-0.610200	-0.075500	0.050500	-0.394000
1627307194.943487	0.619500	-0.346100	-0.616100	-0.003400	0.044700	-0.374500
1627307194.944310	0.622800	-0.338300	-0.611600	0.085500	0.037100	-0.350100
1627307194.949239	0.621600	-0.343800	-0.605500	0.173700	0.026100	-0.322900
1627307194.964992	0.623400	-0.365600	-0.601800	0.240600	0.013200	-0.303600
1627307194.970887	0.624900	-0.391700	-0.602900	0.279400	-0.008500	-0.289300
1627307194.991233	0.630900	-0.410000	-0.611500	0.293800	-0.025000	-0.286500
1627307194.992142	0.647200	-0.422900	-0.612700	0.310000	-0.040200	-0.291700
1627307194.997841	0.663300	-0.429600	-0.609000	0.323400	-0.057000	-0.299700
1627307195.019068	0.671900	-0.438200	-0.604900	0.343900	-0.082100	-0.313100
1627307195.030152	0.671000	-0.449000	-0.615700	0.338100	-0.106800	-0.330500
1627307195.031071	0.662200	-0.451000	-0.638200	0.294400	-0.126100	-0.351600
1627307195.040141	0.659300	-0.443700	-0.671100	0.264800	-0.132800	-0.375700
1627307195.049419	0.651900	-0.446400	-0.688100	0.306900	-0.128200	-0.396800
1627307195.060593	0.653800	-0.454500	-0.694500	0.332000	-0.123900	-0.416300
1627307195.069973	0.643600	-0.462400	-0.688100	0.326500	-0.121500	-0.439500
1627307195.092145	0.641200	-0.463400	-0.683600	0.302300	-0.127600	-0.463400
1627307195.093268	0.639600	-0.459400	-0.689100	0.261100	-0.137700	-0.482300
1627307195.100554	0.626000	-0.457000	-0.704200	0.258300	-0.141600	-0.502800
1627307195.112092	0.618200	-0.453500	-0.714100	0.257700	-0.139200	-0.535100
1627307195.113093	0.626500	-0.444600	-0.720200	0.229000	-0.134300	-0.552300
1627307195.137257	0.614900	-0.445600	-0.730300	0.249200	-0.122400	-0.567200
1627307195.139431	0.615500	-0.455600	-0.727200	0.334100	-0.100400	-0.596800
1627307195.150604	0.620800	-0.462900	-0.706800	0.358500	-0.087000	-0.637800
1627307195.157103	0.623900	-0.446900	-0.669800	0.316100	-0.083600	-0.680200
1627307195.178361	0.629500	-0.411900	-0.627300	0.295900	-0.103800	-0.716900
1627307195.179180	0.630600	-0.372300	-0.613000	0.270600	-0.141300	-0.732500
1627307195.185209	0.633200	-0.340700	-0.618300	0.255600	-0.174000	-0.722100
1627307195.207900	0.637800	-0.325400	-0.631200	0.317600	-0.201200	-0.702800
1627307195.218796	0.638300	-0.333700	-0.635300	0.407100	-0.219500	-0.681800
1627307195.219687	0.642200	-0.354200	-0.632300	0.455000	-0.239100	-0.666800
1627307195.228954	0.642000	-0.385400	-0.629400	0.470300	-0.258000	-0.661300
1627307195.252024	0.640100	-0.415800	-0.630500	0.471200	-0.278200	-0.674700
1627307195.257498	0.634800	-0.438800	-0.633400	0.459900	-0.294000	-0.707700
1627307195.258394	0.633700	-0.441500	-0.639300	0.428800	-0.307800	-0.741000
1627307195.269083	0.626600	-0.431300	-0.649300	0.403700	-0.318200	-0.770000
1627307195.292754	0.618200	-0.411700	-0.661500	0.408000	-0.319400	-0.792300
1627307195.297384	0.613900	-0.377400	-0.661100	0.416600	-0.311800	-0.800900
1627307195.298285	0.621000	-0.350000	-0.647600	0.477000	-0.317300	-0.790800
1627307195.311476	0.606700	-0.346600	-0.625600	0.598000	-0.333400	-0.765800
1627307195.322299	0.605700	-0.361700	-0.612400	0.664600	-0.358500	-0.745300
1627307195.333407	0.609400	-0.385300	-0.605000	0.708600	-0.389300	-0.740700
1627307195.340146	0.592700	-0.404400	-0.602700	0.707300	-0.420200	-0.747700
1627307195.357461	0.594500	-0.420000	-0.596400	0.722000	-0.455900	-0.763600
1627307195.358366	0.591300	-0.434800	-0.601000	0.736700	-0.491000	-0.788400
1627307195.369487	0.591600	-0.431900	-0.611700	0.684400	-0.525300	-0.814900
1627307195.372618	0.593800	-0.403800	-0.639900	0.599500	-0.564000	-0.836000
1627307195.398756	0.587800	-0.381200	-0.680900	0.588800	-0.577500	-0.831100
1627307195.399656	0.580800	-0.373500	-0.729100	0.626400	-0.568600	-0.817100
1627307195.410534	0.579000	-0.374400	-0.766400	0.691100	-0.531700	-0.803300
1627307195.416477	0.575900	-0.386800	-0.778800	0.766300	-0.486200	-0.788000
1627307195.436753	0.574800	-0.404700	-0.766700	0.844800	-0.437300	-0.783500
1627307195.451264	0.576500	-0.420700	-0.733500	0.894600	-0.395100	-0.797200
1627307195.452173	0.585600	-0.397000	-0.684600	0.822200	-0.366400	-0.825300
1627307195.455291	0.580100	-0.368900	-0.627300	0.757100	-0.382000	-0.808500
1627307195.477771	0.587900	-0.359700	-0.609600	0.842600	-0.409500	-0.799300
1627307195.484641	0.580400	-0.377400	-0.610200	0.867400	-0.445800	-0.780400
1627307195.485542	0.587900	-0.405300	-0.616800	0.899400	-0.476700	-0.784400
1627307195.507155	0.588400	-0.432100	-0.615400	0.914700	-0.510900	-0.800300
1627307195.509431	0.591400	-0.452600	-0.613500	0.914400	-0.546300	-0.829000
1627307195.519383	0.598100	-0.447000	-0.619300	0.857900	-0.590600	-0.868700
1627307195.527205	0.601100	-0.422400	-0.632600	0.795600	-0.622700	-0.887300
1627307195.549030	0.594100	-0.418800	-0.654700	0.824000	-0.647100	-0.881800
1627307195.549851	0.608900	-0.425800	-0.678700	0.985000	-0.660300	-0.916600
1627307195.561898	0.593000	-0.413500	-0.704800	0.846600	-0.666700	-0.909300
1627307195.569616	0.595700	-0.378800	-0.727800	0.739100	-0.662700	-0.893100
1627307195.591914	0.593400	-0.351900	-0.754000	0.891200	-0.642500	-0.862900
1627307195.592888	0.593000	-0.353900	-0.764000	1.028000	-0.616300	-0.820400
1627307195.596734	0.592300	-0.368500	-0.753800	1.070200	-0.596700	-0.782200
1627307195.612013	0.589100	-0.392600	-0.745700	1.145000	-0.583600	-0.756900
1627307195.634571	0.582300	-0.418100	-0.737500	1.219800	-0.576600	-0.745900
1627307195.636033	0.581800	-0.437900	-0.734700	1.224400	-0.576300	-0.739200
1627307195.638221	0.577600	-0.450000	-0.737400	1.225000	-0.583600	-0.732200
1627307195.647158	0.575000	-0.466400	-0.754600	1.282200	-0.584800	-0.733400
1627307195.668653	0.568700	-0.479900	-0.762200	1.302900	-0.573500	-0.737000
1627307195.669548	0.568500	-0.488200	-0.754400	1.316400	-0.559800	-0.739500
1627307195.674087	0.567400	-0.508100	-0.736100	1.373500	-0.555200	-0.752600
1627307195.697973	0.558200	-0.530400	-0.726300	1.362800	-0.554600	-0.771900
1627307195.711245	0.552600	-0.546000	-0.713600	1.277300	-0.559500	-0.794200
1627307195.712136	0.556300	-0.547900	-0.696700	1.218000	-0.571100	-0.823500
1627307195.716548	0.549100	-0.539800	-0.683700	1.150500	-0.595200	-0.851000
1627307195.738036	0.544700	-0.532600	-0.675500	1.098000	-0.621200	-0.864100
1627307195.747495	0.538700	-0.530500	-0.672600	1.079300	-0.648000	-0.877200
1627307195.748395	0.533800	-0.535300	-0.676300	1.054300	-0.677100	-0.885500
1627307195.759032	0.528200	-0.547400	-0.684700	1.020400	-0.702700	-0.896500
1627307195.782992	0.519300	-0.554300	-0.698000	0.982200	-0.720100	-0.916900
1627307195.786176	0.514300	-0.550300	-0.709500	0.918400	-0.729300	-0.943500
1627307195.787094	0.506000	-0.527300	-0.713700	0.847500	-0.736000	-0.971000
1627307195.796977	0.502400	-0.494400	-0.719000	0.800500	-0.738100	-0.983200
1627307195.803949	0.497400	-0.457200	-0.719400	0.772700	-0.740900	-0.979200
1627307195.827634	0.492700	-0.431000	-0.728600	0.773900	-0.741800	-0.958500
1627307195.828526	0.485700	-0.412600	-0.739300	0.805100	-0.736900	-0.927000
1627307195.838247	0.478500	-0.410500	-0.748500	0.858800	-0.732300	-0.886700
1627307195.845146	0.476400	-0.422900	-0.755600	0.906800	-0.725000	-0.843600
1627307195.869042	0.470100	-0.439900	-0.761700	0.948900	-0.716100	-0.809700
1627307195.869953	0.462400	-0.447400	-0.769200	0.952300	-0.706100	-0.789900
1627307195.876937	0.457400	-0.437900	-0.780300	0.911700	-0.692600	-0.770900
1627307195.886927	0.451900	-0.415600	-0.788600	0.891500	-0.678000	-0.748300
1627307195.889785	0.451300	-0.393200	-0.797400	0.917200	-0.661200	-0.719000
1627307195.912983	0.454800	-0.378400	-0.798000	0.930900	-0.641300	-0.678100
1627307195.916790	0.462000	-0.372400	-0.788600	0.952900	-0.627000	-0.622800
1627307195.928167	0.474100	-0.394300	-0.777700	1.008200	-0.621500	-0.567200
1627307195.934661	0.479700	-0.424000	-0.768100	1.010000	-0.623300	-0.527200
1627307195.956535	0.485100	-0.454600	-0.762000	0.954400	-0.635800	-0.495700
1627307195.964503	0.487200	-0.480800	-0.767500	0.892400	-0.646200	-0.479600
1627307195.965419	0.494000	-0.496000	-0.786000	0.821000	-0.653500	-0.470700
1627307195.987028	0.494100	-0.499500	-0.816700	0.729000	-0.649900	-0.460900
1627307195.987927	0.495400	-0.499400	-0.851800	0.684700	-0.625400	-0.449600
1627307195.993927	0.497700	-0.501500	-0.872400	0.691400	-0.590600	-0.435600
1627307196.011682	0.502200	-0.510000	-0.880700	0.685300	-0.552700	-0.424000
1627307196.023220	0.507800	-0.520500	-0.880100	0.665200	-0.514600	-0.410200
1627307196.024117	0.502000	-0.537700	-0.873000	0.656600	-0.484600	-0.399200
1627307196.046000	0.505000	-0.555900	-0.868700	0.641100	-0.458400	-0.395000
1627307196.046981	0.507100	-0.572900	-0.872700	0.580000	-0.436100	-0.395900
1627307196.059269	0.500400	-0.592200	-0.882700	0.503600	-0.406700	-0.404400
1627307196.067161	0.496300	-0.603500	-0.892700	0.460200	-0.378300	-0.423100
1627307196.090805	0.492400	-0.603300	-0.900800	0.382000	-0.341700	-0.443800
1627307196.091623	0.492700	-0.589800	-0.900100	0.303200	-0.302600	-0.465500
1627307196.096857	0.493300	-0.570800	-0.889300	0.268400	-0.262900	-0.481400
1627307196.110825	0.496000	-0.553600	-0.875500	0.249500	-0.226800	-0.489900
1627307196.132925	0.495500	-0.536600	-0.854000	0.217400	-0.192900	-0.497000
1627307196.134578	0.497400	-0.518300	-0.835000	0.173700	-0.163900	-0.501200
1627307196.147588	0.499900	-0.506800	-0.819200	0.152400	-0.147700	-0.496700
1627307196.148481	0.499100	-0.503800	-0.812000	0.142000	-0.133700	-0.490300
1627307196.151491	0.496800	-0.505500	-0.806900	0.127000	-0.119300	-0.483800
1627307196.175631	0.497200	-0.505700	-0.797600	0.104100	-0.107100	-0.481100
1627307196.177911	0.496000	-0.501100	-0.784500	0.063500	-0.094900	-0.479600
1627307196.186028	0.498900	-0.493500	-0.776000	0.022900	-0.083000	-0.474700
1627307196.206072	0.500000	-0.484700	-0.771100	-0.007400	-0.071400	-0.473500
1627307196.207063	0.502600	-0.470500	-0.763300	-0.046200	-0.061300	-0.469200
1627307196.216967	0.504500	-0.453700	-0.752200	-0.072700	-0.054900	-0.463100
1627307196.226365	0.501700	-0.436300	-0.746600	-0.097800	-0.052400	-0.449600
1627307196.251470	0.503500	-0.419300	-0.747100	-0.124100	-0.050900	-0.427000
1627307196.252370	0.504400	-0.406500	-0.752700	-0.116400	-0.048200	-0.400800
1627307196.255681	0.505200	-0.402300	-0.759300	-0.085300	-0.042700	-0.362600
1627307196.265530	0.504800	-0.401900	-0.763200	-0.070600	-0.035600	-0.329000
1627307196.271019	0.500200	-0.407500	-0.767100	-0.053500	-0.025300	-0.298700
1627307196.295466	0.501600	-0.413900	-0.771900	-0.029400	-0.012100	-0.276400
1627307196.296508	0.501600	-0.420300	-0.772900	-0.014700	0.000700	-0.256900
1627307196.306492	0.500100	-0.423600	-0.775100	-0.017800	0.015700	-0.237000
1627307196.313192	0.503400	-0.421900	-0.770800	-0.019000	0.030600	-0.222400
1627307196.335136	0.503700	-0.419900	-0.768200	-0.012300	0.044100	-0.201900
1627307196.336042	0.505500	-0.416900	-0.767600	-0.015000	0.055700	-0.183300
1627307196.340241	0.505500	-0.416900	-0.767600	-0.015000	0.055700	-0.183300
1627307196.355694	0.507700	-0.413900	-0.765000	-0.022000	0.066100	-0.164700
1627307196.365523	0.507000	-0.416000	-0.759300	-0.023600	0.072500	-0.148200
1627307196.371161	0.508100	-0.423700	-0.759300	-0.020500	0.076100	-0.129800
1627307196.393409	0.505500	-0.436500	-0.764500	-0.032400	0.082600	-0.117300
1627307196.395563	0.509000	-0.446300	-0.762100	-0.058100	0.091400	-0.110600
1627307196.413222	0.508200	-0.443000	-0.753100	-0.105100	0.102700	-0.111200
1627307196.414038	0.512800	-0.430800	-0.743400	-0.154000	0.104900	-0.108200
1627307196.439896	0.513500	-0.417600	-0.740600	-0.195800	0.109100	-0.099000
1627307196.441180	0.513400	-0.407600	-0.741800	-0.206500	0.113400	-0.088300
1627307196.445635	0.519000	-0.396900	-0.742100	-0.209600	0.117700	-0.070900
1627307196.457084	0.520800	-0.392200	-0.737200	-0.215100	0.117700	-0.048900
1627307196.479748	0.521900	-0.390700	-0.730100	-0.210800	0.116800	-0.024800
1627307196.480570	0.523700	-0.395000	-0.727900	-0.204400	0.114300	0.002700
1627307196.484288	0.524000	-0.399200	-0.728500	-0.201300	0.108800	0.022300
1627307196.489693	0.524700	-0.402200	-0.737900	-0.219400	0.106400	0.038500
1627307196.512439	0.524300	-0.394200	-0.743400	-0.237400	0.110700	0.053100
1627307196.514378	0.525800	-0.377900	-0.747600	-0.245600	0.116200	0.073300
1627307196.529470	0.525100	-0.363300	-0.755600	-0.242600	0.125600	0.100200
1627307196.533370	0.527300	-0.357900	-0.755600	-0.211400	0.137200	0.131900
1627307196.556284	0.531600	-0.362100	-0.747700	-0.172300	0.146400	0.167300
1627307196.559392	0.532800	-0.380200	-0.736500	-0.164700	0.147000	0.194500
1627307196.565577	0.533300	-0.398800	-0.731400	-0.183600	0.146400	0.211900
1627307196.576372	0.531400	-0.413900	-0.733600	-0.217200	0.144900	0.216800
1627307196.600947	0.531900	-0.414400	-0.739400	-0.286500	0.142700	0.215600
1627307196.601773	0.537100	-0.395000	-0.743900	-0.367200	0.144000	0.220200
1627307196.604290	0.538500	-0.367800	-0.745400	-0.394400	0.149800	0.234800
1627307196.619638	0.539300	-0.354900	-0.745100	-0.376300	0.154600	0.255600
1627307196.620555	0.545700	-0.356300	-0.749900	-0.375100	0.161700	0.281600
1627307196.643553	0.542200	-0.367400	-0.755600	-0.377000	0.171400	0.300800
1627307196.644507	0.547700	-0.369000	-0.748400	-0.381800	0.184900	0.315800
1627307196.656571	0.553600	-0.366900	-0.748900	-0.414500	0.191600	0.335000
1627307196.663527	0.553200	-0.357500	-0.747200	-0.427700	0.199500	0.361000
1627307196.684726	0.555100	-0.354700	-0.743400	-0.392200	0.207200	0.397600
1627307196.685596	0.554800	-0.362100	-0.742200	-0.351600	0.214800	0.430600
1627307196.692444	0.550300	-0.375900	-0.746300	-0.332100	0.224300	0.455700
1627307196.704310	0.554900	-0.387500	-0.747100	-0.329300	0.234100	0.477100
1627307196.719959	0.553300	-0.402800	-0.748700	-0.316800	0.243500	0.490800
1627307196.722033	0.550400	-0.412000	-0.751700	-0.316200	0.255700	0.497200
1627307196.744868	0.551100	-0.408900	-0.751700	-0.342400	0.269800	0.503300
1627307196.745740	0.551100	-0.401400	-0.748300	-0.343700	0.287500	0.512200
1627307196.756773	0.548800	-0.392300	-0.740200	-0.321400	0.299700	0.525300
1627307196.765952	0.550500	-0.391400	-0.729500	-0.303000	0.303700	0.541500
1627307196.787274	0.548500	-0.397700	-0.720000	-0.292000	0.304300	0.557700
1627307196.788097	0.548700	-0.405900	-0.711900	-0.301500	0.297000	0.573300
1627307196.799322	0.546000	-0.417500	-0.718000	-0.327500	0.288700	0.586700
1627307196.809641	0.542400	-0.429300	-0.730100	-0.347000	0.285100	0.596200
1627307196.832240	0.538000	-0.440600	-0.742400	-0.359500	0.288700	0.598300
1627307196.833423	0.538100	-0.443100	-0.741700	-0.367200	0.293300	0.596800
1627307196.834285	0.536100	-0.445200	-0.736000	-0.384900	0.297300	0.595900
1627307196.848482	0.537100	-0.444900	-0.734100	-0.406900	0.296400	0.598000
1627307196.849410	0.537200	-0.439300	-0.730300	-0.421500	0.293000	0.602000
1627307196.872181	0.540600	-0.428700	-0.729100	-0.448400	0.287200	0.607500
1627307196.874353	0.540000	-0.414600	-0.732100	-0.468000	0.281400	0.618200
1627307196.889267	0.542000	-0.398400	-0.733900	-0.476500	0.275600	0.633100
1627307196.894824	0.535300	-0.390600	-0.739500	-0.476200	0.271600	0.650500
1627307196.917329	0.531000	-0.394900	-0.749400	-0.454800	0.270400	0.668000
1627307196.920817	0.526500	-0.408700	-0.756300	-0.424600	0.275000	0.683800
1627307196.924527	0.522600	-0.427100	-0.760000	-0.400500	0.275300	0.693000
1627307196.936458	0.528400	-0.443500	-0.761500	-0.407800	0.276800	0.696400
1627307196.953841	0.529300	-0.447800	-0.757700	-0.449300	0.275300	0.693300
1627307196.954753	0.527600	-0.441500	-0.755600	-0.488100	0.269500	0.691800
1627307196.965581	0.529200	-0.432100	-0.767800	-0.522300	0.266400	0.694500
1627307196.971499	0.525100	-0.424200	-0.779500	-0.536700	0.269800	0.704000
1627307196.992470	0.524200	-0.419900	-0.786700	-0.536400	0.277400	0.714700
1627307196.993354	0.521900	-0.420300	-0.793800	-0.548600	0.285400	0.731200
1627307197.008206	0.514300	-0.429200	-0.799300	-0.563300	0.293900	0.745500
1627307197.011182	0.514900	-0.441700	-0.803600	-0.577900	0.306100	0.758400
1627307197.033567	0.510300	-0.455900	-0.806600	-0.586200	0.315900	0.760500
1627307197.034393	0.507800	-0.463700	-0.810300	-0.607600	0.329700	0.756800
1627307197.040064	0.509000	-0.463900	-0.807700	-0.637500	0.342200	0.749800
1627307197.054352	0.508300	-0.457900	-0.802400	-0.652800	0.351300	0.744000
1627307197.068439	0.505500	-0.443500	-0.798200	-0.681200	0.359900	0.743700
1627307197.069346	0.503500	-0.420700	-0.797500	-0.717500	0.366600	0.751300
1627307197.092193	0.500400	-0.400100	-0.803100	-0.729400	0.376100	0.773300
1627307197.093011	0.496300	-0.392500	-0.807100	-0.718700	0.385500	0.799300
1627307197.104280	0.490700	-0.393700	-0.810300	-0.698900	0.398400	0.827700
1627307197.114714	0.489100	-0.407500	-0.809100	-0.680900	0.412400	0.852700
1627307197.137446	0.483900	-0.420300	-0.802600	-0.671400	0.426200	0.872600
1627307197.138262	0.481100	-0.433800	-0.792800	-0.668300	0.435300	0.883900
1627307197.142996	0.478300	-0.437700	-0.790900	-0.698600	0.439600	0.893100
1627307197.154707	0.472300	-0.434900	-0.796600	-0.739800	0.446900	0.907400
1627307197.177201	0.471200	-0.427000	-0.800800	-0.734000	0.459500	0.923000
1627307197.178013	0.470500	-0.423800	-0.804600	-0.713200	0.469800	0.944100
1627307197.184009	0.464600	-0.432500	-0.811400	-0.693400	0.485100	0.963900
1627307197.206212	0.462600	-0.443800	-0.807500	-0.675700	0.506500	0.977000
1627307197.207208	0.462500	-0.456800	-0.794800	-0.669300	0.525100	0.985000
1627307197.217037	0.463000	-0.463500	-0.785000	-0.690900	0.540400	0.986500
1627307197.226469	0.464100	-0.458000	-0.772500	-0.720000	0.551100	0.990500
1627307197.249334	0.467300	-0.452300	-0.766800	-0.719000	0.555700	1.001500
1627307197.252519	0.463100	-0.443500	-0.761800	-0.706800	0.556900	1.014900
1627307197.253424	0.471700	-0.442400	-0.757900	-0.700700	0.559000	1.036600
1627307197.263102	0.472500	-0.452400	-0.753200	-0.667100	0.558100	1.057700
1627307197.267639	0.468600	-0.470700	-0.749900	-0.635000	0.557800	1.067500
1627307197.292415	0.474600	-0.498500	-0.754400	-0.653700	0.559300	1.068400
1627307197.293325	0.473000	-0.513700	-0.758800	-0.686100	0.564500	1.054600
1627307197.310891	0.474400	-0.508900	-0.762300	-0.727000	0.570900	1.038700
1627307197.333574	0.474400	-0.490600	-0.764600	-0.776200	0.579200	1.026200
1627307197.334489	0.478600	-0.460700	-0.757200	-0.789300	0.589300	1.024400
1627307197.335599	0.481400	-0.436000	-0.748400	-0.765500	0.593200	1.033200
1627307197.353341	0.482700	-0.418600	-0.740200	-0.739500	0.592900	1.053700
1627307197.363704	0.487100	-0.417100	-0.738900	-0.713800	0.587400	1.084600
1627307197.364612	0.486600	-0.428800	-0.737900	-0.667400	0.581600	1.108700
1627307197.371848	0.486500	-0.441900	-0.745100	-0.637800	0.575200	1.126700
1627307197.382931	0.486300	-0.454200	-0.752900	-0.641200	0.568800	1.143800
1627307197.407745	0.482100	-0.461500	-0.761400	-0.639000	0.565800	1.156300
1627307197.408631	0.481200	-0.467900	-0.769900	-0.617000	0.567600	1.167600
1627307197.411480	0.477100	-0.479900	-0.779400	-0.587100	0.571300	1.178900
1627307197.428336	0.472500	-0.505700	-0.786400	-0.539400	0.582200	1.180800
1627307197.451104	0.470800	-0.530400	-0.778900	-0.516800	0.593200	1.170700
1627307197.452103	0.471900	-0.549100	-0.765700	-0.533300	0.597500	1.153300
1627307197.454335	0.473900	-0.560900	-0.750000	-0.580700	0.592300	1.131900
1627307197.469557	0.474700	-0.568500	-0.745400	-0.621900	0.584400	1.109600
1627307197.472254	0.474100	-0.570400	-0.745000	-0.652800	0.577400	1.082100
1627307197.494213	0.476000	-0.559700	-0.741500	-0.720000	0.567900	1.057100
1627307197.495578	0.481200	-0.550900	-0.746000	-0.760300	0.560000	1.039700
1627307197.510273	0.480700	-0.552600	-0.752200	-0.738900	0.559300	1.022900
1627307197.522120	0.482900	-0.562700	-0.750400	-0.739200	0.559600	1.003000
1627307197.539800	0.484900	-0.564100	-0.748300	-0.779500	0.559600	0.981000
1627307197.541107	0.488300	-0.553300	-0.743500	-0.833300	0.558100	0.957800
1627307197.543267	0.492300	-0.534400	-0.746300	-0.880900	0.554500	0.940700
1627307197.558318	0.491000	-0.507000	-0.760300	-0.909300	0.553500	0.937300
1627307197.560876	0.490500	-0.489100	-0.766600	-0.883100	0.560900	0.941000
1627307197.583572	0.485800	-0.480300	-0.771500	-0.841800	0.567600	0.951700
1627307197.584400	0.484000	-0.478900	-0.774700	-0.820100	0.577700	0.962400
1627307197.596874	0.485200	-0.476900	-0.774900	-0.799700	0.586800	0.973700
1627307197.603508	0.482200	-0.476800	-0.770300	-0.771300	0.595700	0.983800
1627307197.624744	0.478600	-0.473300	-0.767600	-0.760600	0.600900	0.993800
1627307197.625587	0.477900	-0.465600	-0.767000	-0.760900	0.603300	1.011900
1627307197.631989	0.476400	-0.463300	-0.770100	-0.744100	0.601500	1.036300
1627307197.643384	0.470600	-0.470000	-0.780200	-0.702500	0.602400	1.055800
1627307197.666246	0.466200	-0.491200	-0.794100	-0.668600	0.611900	1.071700
1627307197.667064	0.464700	-0.512300	-0.797000	-0.655500	0.623200	1.077500
1627307197.674425	0.460900	-0.531600	-0.799900	-0.655200	0.639700	1.074800
1627307197.684903	0.462000	-0.547500	-0.789600	-0.655200	0.656500	1.063800
1627307197.701294	0.466700	-0.556800	-0.764300	-0.663100	0.668400	1.040900
1627307197.713285	0.477400	-0.559400	-0.743200	-0.690300	0.667800	1.019800
1627307197.714212	0.482500	-0.560100	-0.730500	-0.734000	0.660400	1.000000
1627307197.734371	0.487900	-0.552200	-0.725200	-0.780100	0.651000	0.981300
1627307197.743725	0.492600	-0.543700	-0.726100	-0.811000	0.644300	0.964200
1627307197.744651	0.499300	-0.536700	-0.735000	-0.824700	0.640300	0.952900
1627307197.755414	0.501700	-0.535600	-0.740700	-0.807600	0.643600	0.942500
1627307197.778453	0.508500	-0.538800	-0.730800	-0.768500	0.647000	0.931800
1627307197.779271	0.512700	-0.549900	-0.721300	-0.753600	0.642400	0.923600
1627307197.781778	0.517800	-0.558500	-0.714100	-0.746800	0.637500	0.908000
1627307197.788772	0.527500	-0.562600	-0.711100	-0.750800	0.628400	0.891200
1627307197.809675	0.529700	-0.564600	-0.704200	-0.745900	0.617700	0.870100
1627307197.811844	0.538500	-0.566800	-0.708900	-0.742900	0.606400	0.844500
1627307197.820702	0.543300	-0.564900	-0.714500	-0.748100	0.598100	0.815500
1627307197.833524	0.549700	-0.552700	-0.716300	-0.752000	0.593500	0.789200
1627307197.847351	0.555400	-0.541100	-0.715800	-0.759100	0.589900	0.774500
1627307197.850637	0.555200	-0.532000	-0.716700	-0.739200	0.589300	0.760800
1627307197.865641	0.561500	-0.529700	-0.709600	-0.701300	0.588700	0.748600
1627307197.869909	0.563700	-0.528200	-0.700900	-0.682700	0.579500	0.737300
1627307197.891161	0.558700	-0.529700	-0.693800	-0.682100	0.565100	0.726300
1627307197.893186	0.558600	-0.527100	-0.688400	-0.674100	0.547400	0.712200
1627307197.904427	0.566500	-0.526000	-0.691800	-0.660100	0.526400	0.700300
1627307197.915973	0.567100	-0.523300	-0.700800	-0.650000	0.512900	0.687200
1627307197.933887	0.567700	-0.520100	-0.713300	-0.646700	0.507100	0.669200
1627307197.934797	0.568700	-0.506000	-0.716200	-0.645100	0.511700	0.649900
1627307197.941812	0.571900	-0.487300	-0.707300	-0.613700	0.515400	0.635600
1627307197.955343	0.570100	-0.472200	-0.694500	-0.562000	0.514400	0.631000
1627307197.975875	0.567400	-0.470800	-0.669900	-0.504600	0.501600	0.633100
1627307197.976767	0.566800	-0.484400	-0.653100	-0.455800	0.480500	0.632800
1627307197.985646	0.562400	-0.507200	-0.645400	-0.431600	0.455800	0.622400
1627307197.997148	0.556300	-0.528300	-0.650400	-0.451800	0.430800	0.600100
1627307197.998046	0.556300	-0.540000	-0.654800	-0.476500	0.409700	0.569900
1627307198.024613	0.550000	-0.543600	-0.653400	-0.490900	0.391700	0.535100
1627307198.026448	0.556200	-0.541400	-0.651600	-0.498500	0.369400	0.502100
1627307198.050722	0.548700	-0.539800	-0.646600	-0.502500	0.346800	0.456300
1627307198.052160	0.559900	-0.531500	-0.639400	-0.522300	0.324800	0.422100
1627307198.065081	0.560200	-0.521400	-0.635400	-0.553800	0.292700	0.393100
1627307198.066000	0.561800	-0.508100	-0.651700	-0.601400	0.268900	0.366200
1627307198.072835	0.563200	-0.483300	-0.666600	-0.633800	0.250900	0.346900
1627307198.096327	0.564300	-0.462400	-0.674300	-0.611200	0.239200	0.334700
1627307198.097224	0.566300	-0.454000	-0.685200	-0.580400	0.231900	0.329800
1627307198.104482	0.570400	-0.449800	-0.689700	-0.545900	0.226700	0.324300
1627307198.113086	0.571400	-0.455600	-0.691700	-0.494900	0.222100	0.317000
1627307198.119653	0.570800	-0.459000	-0.693600	-0.480800	0.218800	0.304800
1627307198.138820	0.574200	-0.448600	-0.698000	-0.490900	0.215700	0.294700
1627307198.141908	0.572300	-0.427900	-0.702000	-0.471900	0.215400	0.291000
1627307198.152013	0.573000	-0.408700	-0.702100	-0.408700	0.219100	0.291400
1627307198.159752	0.572800	-0.398600	-0.697500	-0.335400	0.221200	0.303600
1627307198.183588	0.572500	-0.400000	-0.697900	-0.266700	0.224000	0.315500
1627307198.184406	0.573000	-0.410000	-0.693800	-0.203500	0.225200	0.322200
1627307198.191961	0.572500	-0.425900	-0.690200	-0.162800	0.226100	0.323400
1627307198.200496	0.574600	-0.440900	-0.684900	-0.133500	0.227000	0.315800
1627307198.204712	0.578200	-0.452500	-0.676600	-0.098700	0.225500	0.302000
1627307198.232369	0.582900	-0.461800	-0.670900	-0.074600	0.220600	0.284600
1627307198.233212	0.579300	-0.466800	-0.656000	-0.060200	0.211500	0.259300
1627307198.241699	0.582800	-0.465200	-0.640600	-0.038200	0.193400	0.239400
1627307198.250956	0.585100	-0.464400	-0.627300	-0.019900	0.167800	0.225100
1627307198.272421	0.588500	-0.468100	-0.625100	-0.018100	0.138500	0.214400
1627307198.273261	0.588300	-0.480500	-0.629300	0.005800	0.110000	0.200600
1627307198.278928	0.586500	-0.496300	-0.637900	0.029900	0.085000	0.177100
1627307198.300430	0.584700	-0.508300	-0.649500	0.008800	0.063600	0.147800
1627307198.311257	0.585900	-0.513400	-0.663200	-0.030900	0.048400	0.109900
1627307198.312161	0.588300	-0.508700	-0.668300	-0.035800	0.037400	0.073600
1627307198.321574	0.587200	-0.502600	-0.666300	-0.032700	0.030600	0.038100
1627307198.343576	0.593300	-0.490200	-0.658200	-0.050400	0.019600	0.007600
1627307198.344539	0.594200	-0.472700	-0.660800	-0.078500	0.002500	-0.010700
1627307198.350750	0.595300	-0.459400	-0.666500	-0.081000	-0.009100	-0.023500
1627307198.354663	0.594500	-0.441800	-0.674800	-0.055600	-0.016700	-0.033000
1627307198.379386	0.597900	-0.429100	-0.681200	-0.014400	-0.025300	-0.036700
1627307198.380418	0.600800	-0.423300	-0.681900	0.013400	-0.030800	-0.030900
1627307198.390521	0.600200	-0.425700	-0.681400	0.072300	-0.038400	-0.026600
1627307198.397123	0.597800	-0.438200	-0.678500	0.143800	-0.046900	-0.025700
1627307198.417200	0.598800	-0.446700	-0.681300	0.172500	-0.057000	-0.028700
1627307198.420804	0.603300	-0.454800	-0.682000	0.174000	-0.070200	-0.037900
1627307198.431959	0.600700	-0.457600	-0.681600	0.196300	-0.084800	-0.051600
1627307198.439599	0.604000	-0.458000	-0.681200	0.235400	-0.101600	-0.068100
1627307198.463449	0.604400	-0.458400	-0.683000	0.247000	-0.118700	-0.081300
1627307198.464375	0.605500	-0.455300	-0.688000	0.239100	-0.136100	-0.092300
1627307198.473121	0.604400	-0.454800	-0.693100	0.242800	-0.147700	-0.104200
1627307198.479972	0.603000	-0.456700	-0.694500	0.272400	-0.159600	-0.117600
1627307198.503558	0.606000	-0.458300	-0.689900	0.281600	-0.172500	-0.128000
1627307198.505721	0.604200	-0.465900	-0.688100	0.277000	-0.190500	-0.139300
1627307198.516978	0.600300	-0.477500	-0.695400	0.291900	-0.208500	-0.155500
1627307198.522352	0.595800	-0.491100	-0.709500	0.308700	-0.218300	-0.176600
1627307198.523265	0.596200	-0.502100	-0.718500	0.314800	-0.224700	-0.201900
1627307198.546920	0.594200	-0.512600	-0.719000	0.331300	-0.229000	-0.232800
1627307198.550543	0.595800	-0.520000	-0.709400	0.341400	-0.236300	-0.267000
1627307198.564672	0.595200	-0.524400	-0.695200	0.327700	-0.245500	-0.308200
1627307198.565573	0.597800	-0.517100	-0.692600	0.271800	-0.264700	-0.353400
1627307198.588462	0.594800	-0.508700	-0.700300	0.236700	-0.280000	-0.381500
1627307198.590462	0.589000	-0.507900	-0.709200	0.276700	-0.291900	-0.407800
1627307198.600658	0.582400	-0.511600	-0.717000	0.292600	-0.298300	-0.437700
1627307198.609610	0.582500	-0.509000	-0.717200	0.242800	-0.300500	-0.461200
1627307198.627381	0.583600	-0.505100	-0.712300	0.226600	-0.307500	-0.483500
1627307198.632024	0.580700	-0.509900	-0.713100	0.253500	-0.318500	-0.510100
1627307198.643085	0.573700	-0.517200	-0.721300	0.213400	-0.324300	-0.552300
1627307198.647131	0.573200	-0.510400	-0.727200	0.150500	-0.325500	-0.589800
1627307198.668426	0.571200	-0.494800	-0.730200	0.128500	-0.324300	-0.624900
1627307198.670636	0.569700	-0.475300	-0.737800	0.122400	-0.319700	-0.652100
1627307198.675285	0.567700	-0.453100	-0.738200	0.123300	-0.312100	-0.667700
1627307198.694293	0.571700	-0.435100	-0.735600	0.143200	-0.304700	-0.672900
1627307198.707008	0.568000	-0.418900	-0.734900	0.176500	-0.298600	-0.673800
1627307198.727201	0.569200	-0.406900	-0.729700	0.221400	-0.290700	-0.665300
1627307198.728227	0.566400	-0.408200	-0.727100	0.277300	-0.284600	-0.655200
1627307198.730788	0.566700	-0.419200	-0.713900	0.337100	-0.281200	-0.650000
1627307198.745416	0.567400	-0.432900	-0.707200	0.401600	-0.281500	-0.650300
1627307198.749756	0.562500	-0.453100	-0.706500	0.436400	-0.287300	-0.655500
1627307198.774769	0.564700	-0.458500	-0.711200	0.421700	-0.289500	-0.665900
1627307198.775625	0.561800	-0.448500	-0.705700	0.399100	-0.293100	-0.676600
1627307198.779344	0.561800	-0.428700	-0.706100	0.412000	-0.294300	-0.681500
1627307198.791193	0.561300	-0.419800	-0.704300	0.454700	-0.295300	-0.676900
1627307198.809757	0.561300	-0.430400	-0.702900	0.512500	-0.297700	-0.671400
1627307198.811930	0.560200	-0.451200	-0.704700	0.558900	-0.298000	-0.672300
1627307198.823237	0.559400	-0.476900	-0.707000	0.576600	-0.298900	-0.683300
1627307198.828546	0.559000	-0.496000	-0.703000	0.569900	-0.297100	-0.707400
1627307198.850083	0.560800	-0.501200	-0.695700	0.543300	-0.298600	-0.740400
1627307198.850900	0.563600	-0.495200	-0.690100	0.528700	-0.303800	-0.770900
1627307198.863190	0.566000	-0.480100	-0.682400	0.527100	-0.306900	-0.795100
1627307198.871186	0.566000	-0.464700	-0.674400	0.530500	-0.314500	-0.812500
1627307198.891070	0.565800	-0.448000	-0.668200	0.546700	-0.324600	-0.825600
1627307198.891950	0.567700	-0.433300	-0.668800	0.561300	-0.338600	-0.829300
1627307198.901984	0.564600	-0.428300	-0.672700	0.597400	-0.351200	-0.824400
1627307198.911463	0.566700	-0.437100	-0.679300	0.642600	-0.364900	-0.822300
1627307198.936455	0.563500	-0.451000	-0.686000	0.656600	-0.374100	-0.827800
1627307198.937352	0.561000	-0.451700	-0.689900	0.632800	-0.379600	-0.838100
1627307198.939611	0.559300	-0.443000	-0.689800	0.611100	-0.385700	-0.844200
1627307198.949451	0.555200	-0.429600	-0.692400	0.625500	-0.391500	-0.846700
1627307198.962185	0.555100	-0.413500	-0.691300	0.651700	-0.397300	-0.842400
1627307198.979227	0.555400	-0.404400	-0.688000	0.679200	-0.404300	-0.826500
1627307198.980675	0.555700	-0.407000	-0.680200	0.721700	-0.422900	-0.803600
1627307198.998446	0.554100	-0.425300	-0.684900	0.751300	-0.440000	-0.788700
1627307199.013997	0.546800	-0.453600	-0.693700	0.766900	-0.455900	-0.785600
1627307199.014711	0.545900	-0.474600	-0.704600	0.760500	-0.465400	-0.794500
1627307199.018309	0.543900	-0.484600	-0.712200	0.735700	-0.471800	-0.811300
1627307199.027700	0.540300	-0.480700	-0.714500	0.708200	-0.475200	-0.830200
1627307199.039410	0.541900	-0.464800	-0.714100	0.679800	-0.473900	-0.843300
1627307199.054833	0.541000	-0.437600	-0.711800	0.667000	-0.476400	-0.844200
1627307199.062155	0.544200	-0.425400	-0.710000	0.675000	-0.481600	-0.835400
1627307199.081705	0.543100	-0.422600	-0.706700	0.698200	-0.490700	-0.816100
1627307199.083124	0.536000	-0.437600	-0.703000	0.723200	-0.505700	-0.800600
1627307199.098807	0.535600	-0.454800	-0.702100	0.719900	-0.520700	-0.792000
1627307199.099715	0.535200	-0.476200	-0.706800	0.683800	-0.539000	-0.792300
1627307199.105377	0.530300	-0.487900	-0.725100	0.634000	-0.553700	-0.800300
1627307199.125683	0.526500	-0.481100	-0.745700	0.581500	-0.559800	-0.815800
1627307199.138897	0.526100	-0.458100	-0.761400	0.545800	-0.557300	-0.820700
