1627307189.145209	0.682600	-0.347700	-0.660900	-0.003500	0.067100	0.008200
1627307189.145845	0.682300	-0.341100	-0.656900	-0.027600	0.050300	-0.007600
1627307189.146486	0.681000	-0.332600	-0.654400	-0.030600	0.032300	-0.022600
1627307189.147124	0.686400	-0.319000	-0.655600	-0.026700	0.012200	-0.036700
1627307189.147698	0.686500	-0.305800	-0.658200	-0.028800	-0.005300	-0.039700
1627307189.148258	0.685900	-0.291600	-0.658300	-0.025800	-0.020800	-0.038500
1627307189.148814	0.689000	-0.279800	-0.660200	0.001700	-0.035800	-0.028700
1627307189.149371	0.690700	-0.276500	-0.659200	0.025600	-0.046500	-0.016200
1627307189.149928	0.688100	-0.273800	-0.657100	0.038100	-0.055300	-0.000600
1627307189.150461	0.686900	-0.277600	-0.666700	0.045400	-0.064500	0.016800
1627307189.150960	0.694300	-0.287600	-0.677100	0.057000	-0.068800	0.028100
1627307189.151458	0.692000	-0.302200	-0.682300	0.051500	-0.072500	0.032100
1627307189.151955	0.696700	-0.309100	-0.686800	0.028000	-0.076400	0.029300
1627307189.152457	0.696900	-0.314600	-0.691800	0.029200	-0.077300	0.024700
1627307189.152937	0.693800	-0.318100	-0.697300	0.031400	-0.076400	0.017100
1627307189.153397	0.691300	-0.310800	-0.704300	0.020100	-0.072800	0.009500
1627307189.153847	0.685300	-0.304300	-0.707300	0.028300	-0.066000	0.005200
1627307189.154290	0.685400	-0.301600	-0.710000	0.049700	-0.056300	0.006700
1627307189.154728	0.681900	-0.294800	-0.707900	0.062200	-0.044000	0.010700
1627307189.155132	0.677400	-0.289800	-0.701800	0.065000	-0.034600	0.020100
1627307189.155537	0.678100	-0.291500	-0.700400	0.070100	-0.030000	0.029000
1627307189.155983	0.675300	-0.298500	-0.696400	0.081400	-0.024800	0.039700
1627307189.156386	0.676300	-0.311200	-0.688800	0.085400	-0.024800	0.045200
1627307189.156790	0.678700	-0.324200	-0.678500	0.095200	-0.026000	0.042100
1627307189.157226	0.687300	-0.331900	-0.675300	0.098600	-0.035800	0.030500
1627307189.157628	0.682100	-0.334200	-0.672000	0.079000	-0.049500	0.016500
1627307189.158031	0.675000	-0.327300	-0.684200	0.051800	-0.062100	0.005200
1627307189.158467	0.678700	-0.315600	-0.678100	0.061600	-0.062400	-0.004000
1627307189.158869	0.684400	-0.313800	-0.682900	0.087600	-0.065700	-0.009800
1627307189.159296	0.685200	-0.306600	-0.683300	0.062200	-0.071200	-0.015000
1627307189.159723	0.683600	-0.296600	-0.690400	0.054600	-0.075200	-0.018300
1627307189.160134	0.688100	-0.291300	-0.701300	0.057600	-0.077300	-0.019300
1627307189.160583	0.691900	-0.284700	-0.709000	0.039600	-0.073700	-0.017700
1627307189.160987	0.686000	-0.276200	-0.712500	0.024000	-0.063900	-0.011600
1627307189.161389	0.687000	-0.269800	-0.718300	0.029800	-0.042800	-0.002200
1627307189.161836	0.691900	-0.268300	-0.720100	0.036200	-0.028500	0.009100
1627307189.162296	0.691000	-0.265700	-0.714200	0.026800	-0.016900	0.020100
1627307189.162702	0.690600	-0.263700	-0.698700	0.030400	-0.003400	0.039400
1627307189.163148	0.691900	-0.265600	-0.688500	0.032000	0.002100	0.052800
1627307189.163551	0.693000	-0.273200	-0.680500	0.024300	-0.002200	0.064700
1627307189.163955	0.688500	-0.278400	-0.677700	0.023700	-0.016900	0.076700
1627307189.164400	0.689200	-0.285400	-0.674900	0.030400	-0.030900	0.083700
1627307189.164804	0.689500	-0.286300	-0.672500	0.028600	-0.050800	0.089800
1627307189.165249	0.680300	-0.290500	-0.681300	0.043000	-0.070300	0.095000
1627307189.165652	0.676100	-0.295000	-0.696200	0.069200	-0.079500	0.098900
1627307189.166055	0.670000	-0.296400	-0.706400	0.083000	-0.084700	0.100200
1627307189.166503	0.668900	-0.298200	-0.720500	0.095500	-0.085900	0.099900
1627307189.166906	0.666900	-0.294700	-0.725200	0.104000	-0.079800	0.100500
1627307189.167310	0.667800	-0.289700	-0.726800	0.107400	-0.071200	0.104100
1627307189.167751	0.669800	-0.284200	-0.732700	0.103700	-0.058100	0.108700
1627307189.168154	0.662200	-0.280600	-0.740500	0.093700	-0.045600	0.118800
1627307189.168556	0.659100	-0.281100	-0.746800	0.086900	-0.030600	0.124300
1627307189.169003	0.659100	-0.285200	-0.743700	0.091800	-0.012600	0.128300
1627307189.169406	0.658900	-0.283800	-0.728300	0.082100	-0.000100	0.128300
1627307189.169846	0.661400	-0.279200	-0.710200	0.076900	0.009100	0.128900
1627307189.170250	0.658000	-0.274300	-0.689500	0.088800	0.013700	0.133500
1627307189.170653	0.657300	-0.275900	-0.675200	0.095800	0.009100	0.140500
1627307189.171106	0.661700	-0.282800	-0.668500	0.099500	0.003900	0.142300
1627307189.171511	0.667400	-0.286600	-0.659200	0.089100	-0.001300	0.138000
1627307189.171916	0.668900	-0.288500	-0.656000	0.047200	-0.012900	0.134700
1627307189.172353	0.651400	-0.286000	-0.652200	0.012700	-0.015900	0.137400
1627307189.172757	0.642100	-0.288200	-0.639400	-0.009000	-0.016600	0.137100
1627307189.173161	0.642800	-0.301400	-0.627900	-0.037700	-0.026600	0.131900
1627307189.173610	0.651900	-0.307400	-0.614500	-0.075500	-0.045300	0.120300
1627307189.174015	0.657800	-0.302100	-0.613800	-0.128100	-0.074000	0.106300
1627307189.174471	0.655600	-0.285000	-0.627800	-0.192200	-0.111200	0.094400
1627307189.174959	0.648400	-0.271400	-0.644200	-0.213600	-0.139000	0.092500
1627307189.175462	0.640100	-0.261100	-0.675000	-0.214800	-0.161900	0.096800
1627307189.175991	0.649400	-0.252700	-0.704600	-0.218800	-0.187600	0.103500
1627307189.176484	0.648800	-0.239700	-0.718400	-0.230700	-0.205900	0.112100
1627307189.176946	0.630200	-0.221100	-0.732300	-0.235300	-0.222100	0.131600
1627307189.177393	0.613800	-0.206500	-0.745600	-0.181200	-0.230700	0.171000
1627307189.177847	0.608000	-0.210800	-0.750400	-0.095100	-0.226100	0.208000
1627307189.178310	0.597300	-0.219100	-0.739500	-0.049000	-0.225500	0.245900
1627307189.178776	0.579600	-0.242700	-0.732200	-0.009300	-0.231900	0.292000
1627307189.179236	0.583000	-0.269800	-0.725100	0.059500	-0.238600	0.314300
1627307189.179698	0.553300	-0.300000	-0.702800	0.093100	-0.252400	0.332300
1627307189.180163	0.555400	-0.350300	-0.713600	0.064300	-0.270700	0.335000
1627307189.180634	0.573000	-0.388500	-0.728800	0.062800	-0.275300	0.305700
1627307189.181098	0.584600	-0.413100	-0.724400	0.004800	-0.282300	0.261400
1627307189.181562	0.585400	-0.423000	-0.713900	-0.099100	-0.291100	0.198200
1627307189.182023	0.600600	-0.417200	-0.718500	-0.149800	-0.286900	0.134100
1627307189.182486	0.611300	-0.388700	-0.728600	-0.237700	-0.280100	0.078200
1627307189.182950	0.605200	-0.333100	-0.738000	-0.375200	-0.277100	0.043700
1627307189.183410	0.597400	-0.284100	-0.746500	-0.454600	-0.269800	0.039700
1627307189.183879	0.594700	-0.254800	-0.751300	-0.442400	-0.258800	0.056500
1627307189.184342	0.608900	-0.252600	-0.737300	-0.395600	-0.253900	0.077000
1627307189.184807	0.596600	-0.229700	-0.734400	-0.476900	-0.269100	0.113900
1627307189.185433	0.629600	-0.214100	-0.724000	-0.461600	-0.285000	0.146300
1627307189.185906	0.671000	-0.226900	-0.702400	-0.345200	-0.327500	0.169800
1627307189.186341	0.644300	-0.200000	-0.710700	-0.427400	-0.393800	0.201000
1627307189.186771	0.565100	-0.182400	-0.751700	-0.450000	-0.429200	0.250700
1627307189.187191	0.571700	-0.192100	-0.814000	-0.258500	-0.404200	0.310600
1627307189.187634	0.573200	-0.233600	-0.838500	-0.214500	-0.383400	0.372300
1627307189.188057	0.564500	-0.253300	-0.821300	-0.232500	-0.363200	0.412900
1627307189.188476	0.561000	-0.285500	-0.811300	-0.200200	-0.337900	0.440100
1627307189.188989	0.575100	-0.331700	-0.852100	-0.255800	-0.309800	0.447400
1627307189.189466	0.562000	-0.348800	-0.876300	-0.366300	-0.278600	0.434600
1627307189.189876	0.548100	-0.347200	-0.877700	-0.433800	-0.232200	0.412900
1627307189.190340	0.567400	-0.360600	-0.881700	-0.484800	-0.184200	0.384800
1627307189.190748	0.565200	-0.346200	-0.877000	-0.512000	-0.133500	0.363100
1627307189.191156	0.552700	-0.321300	-0.853600	-0.546200	-0.089200	0.348800
1627307189.191594	0.553800	-0.292600	-0.843100	-0.578000	-0.047400	0.353700
1627307189.192003	0.557400	-0.278900	-0.843300	-0.603300	-0.022400	0.372000
1627307189.192458	0.557400	-0.261500	-0.840800	-0.633000	-0.005600	0.398300
1627307189.192898	0.558600	-0.248400	-0.838300	-0.644600	-0.001600	0.441300
1627307189.193391	0.552400	-0.245200	-0.835100	-0.656500	-0.012900	0.482600
1627307189.193851	0.547400	-0.261600	-0.835100	-0.639100	-0.028800	0.516200
1627307189.194308	0.551800	-0.283300	-0.826000	-0.599700	-0.058400	0.541200
1627307189.194712	0.550400	-0.290600	-0.816500	-0.591100	-0.083800	0.549800
1627307189.195255	0.547600	-0.291900	-0.822000	-0.574900	-0.112500	0.553700
1627307189.195862	0.541400	-0.315700	-0.804400	-0.508000	-0.144200	0.547300
1627307189.196264	0.526400	-0.324100	-0.805700	-0.439000	-0.182100	0.523200
1627307189.196710	0.524800	-0.308100	-0.840900	-0.517800	-0.220900	0.507300
1627307189.197112	0.529800	-0.272100	-0.923000	-0.557200	-0.221800	0.499100
1627307189.197549	0.507600	-0.258400	-0.958700	-0.537700	-0.181800	0.505800
1627307189.197951	0.512500	-0.253300	-0.991800	-0.591100	-0.126200	0.524100
1627307189.198354	0.526600	-0.252000	-1.006300	-0.629300	-0.051400	0.537900
1627307189.198802	0.521100	-0.246600	-0.998000	-0.647600	0.018600	0.555000
1627307189.199209	0.539400	-0.234400	-0.972200	-0.651600	0.075100	0.570800
1627307189.199617	0.566800	-0.212500	-0.944500	-0.677600	0.132500	0.595300
1627307189.200068	0.556200	-0.195200	-0.942700	-0.712400	0.172500	0.628600
1627307189.200472	0.544100	-0.185700	-0.934400	-0.684000	0.217700	0.666100
1627307189.200874	0.557300	-0.195300	-0.904500	-0.626900	0.262900	0.709500
1627307189.201322	0.565800	-0.215200	-0.867600	-0.646700	0.277000	0.748300
1627307189.201728	0.540500	-0.227900	-0.827100	-0.678800	0.261400	0.781600
1627307189.202157	0.539800	-0.253700	-0.802600	-0.640900	0.227800	0.808200
1627307189.202582	0.540200	-0.287600	-0.796800	-0.592300	0.178000	0.823400
1627307189.202988	0.545500	-0.314500	-0.814500	-0.588700	0.122100	0.824700
1627307189.203435	0.522300	-0.322300	-0.795800	-0.596300	0.068000	0.818900
1627307189.203839	0.515500	-0.345500	-0.815900	-0.524200	0.015500	0.808500
1627307189.204244	0.520800	-0.372200	-0.843900	-0.447000	-0.009200	0.774600
1627307189.204728	0.514200	-0.368500	-0.880400	-0.523600	-0.036700	0.741000
1627307189.205277	0.508700	-0.335000	-0.911000	-0.552000	-0.047700	0.709500
1627307189.205873	0.481800	-0.332200	-0.944100	-0.493100	-0.031200	0.697900
1627307189.206589	0.481100	-0.337400	-0.979600	-0.501900	0.002400	0.685700
1627307189.207101	0.481000	-0.335600	-0.998000	-0.488500	0.061000	0.671900
1627307189.207568	0.475000	-0.350500	-1.007800	-0.464400	0.119100	0.659100
1627307189.208019	0.479000	-0.372700	-1.007900	-0.461600	0.178300	0.632800
1627307189.208449	0.494100	-0.381100	-0.992300	-0.433800	0.242100	0.591300
1627307189.208893	0.501800	-0.385900	-0.979100	-0.428900	0.285200	0.552500
1627307189.209325	0.509000	-0.376800	-0.967400	-0.450300	0.317600	0.515300
1627307189.209820	0.515100	-0.354600	-0.958500	-0.447600	0.356100	0.473400
1627307189.210268	0.508900	-0.333500	-0.955700	-0.445100	0.383900	0.453600
1627307189.210683	0.505200	-0.314600	-0.941300	-0.446300	0.407100	0.443500
1627307189.211180	0.512100	-0.299600	-0.914800	-0.402700	0.429700	0.440100
1627307189.211642	0.504500	-0.293600	-0.890300	-0.371500	0.436100	0.446800
1627307189.212063	0.511500	-0.298100	-0.863900	-0.331200	0.434600	0.453200
1627307189.212484	0.519500	-0.310400	-0.839200	-0.275900	0.422000	0.456000
1627307189.212945	0.511400	-0.325600	-0.829300	-0.268300	0.401900	0.453600
1627307189.213429	0.510600	-0.332900	-0.828000	-0.247200	0.383600	0.448400
1627307189.213884	0.500200	-0.349900	-0.826200	-0.211500	0.359700	0.435200
1627307189.214300	0.504200	-0.369800	-0.823200	-0.193400	0.331900	0.414500
1627307189.214714	0.506300	-0.387900	-0.819200	-0.150700	0.313300	0.383600
1627307189.215162	0.511800	-0.404200	-0.826200	-0.140900	0.294100	0.338400
1627307189.215582	0.515500	-0.405000	-0.841300	-0.173000	0.281200	0.293500
1627307189.215998	0.504000	-0.394800	-0.857800	-0.179100	0.284000	0.258100
1627307189.216449	0.498000	-0.387800	-0.878800	-0.157100	0.306300	0.223900
1627307189.216862	0.502100	-0.383500	-0.882600	-0.155600	0.329500	0.197900
1627307189.217276	0.494500	-0.376000	-0.874800	-0.160500	0.344800	0.179600
1627307189.217718	0.498500	-0.377200	-0.856400	-0.156800	0.357300	0.160000
1627307189.218129	0.512500	-0.380500	-0.840500	-0.135100	0.355800	0.139000
1627307189.218576	0.512300	-0.389200	-0.824600	-0.112500	0.342600	0.114800
1627307189.218991	0.533300	-0.392600	-0.813700	-0.069700	0.328900	0.079100
1627307189.219408	0.536000	-0.392900	-0.821200	-0.052900	0.315400	0.041500
1627307189.219855	0.551600	-0.376000	-0.830000	-0.042600	0.313900	0.006700
1627307189.220270	0.549700	-0.353400	-0.830800	-0.020300	0.321600	-0.020800
1627307189.220684	0.552400	-0.333500	-0.836900	-0.030600	0.323700	-0.036100
1627307189.221126	0.509900	-0.339700	-0.826900	0.004500	0.335300	-0.035400
1627307189.221541	0.552000	-0.349000	-0.802000	0.120200	0.351800	-0.042800
1627307189.221954	0.557400	-0.373500	-0.802200	0.052700	0.335000	-0.057400
1627307189.222403	0.528100	-0.379800	-0.794900	0.061000	0.324300	-0.070300
1627307189.222821	0.543300	-0.384800	-0.784100	0.148600	0.320000	-0.093800
1627307189.223272	0.540000	-0.391800	-0.787500	0.148900	0.313900	-0.117000
1627307189.223692	0.541000	-0.386000	-0.796000	0.151700	0.317600	-0.141100
1627307189.224117	0.538000	-0.377000	-0.796500	0.193200	0.327400	-0.163400
1627307189.224569	0.538600	-0.374400	-0.785600	0.211600	0.332900	-0.187500
1627307189.224987	0.541600	-0.370000	-0.774200	0.211300	0.335600	-0.209500
1627307189.225403	0.544400	-0.366900	-0.761400	0.219200	0.332600	-0.232400
1627307189.225849	0.543300	-0.365100	-0.755400	0.201500	0.318200	-0.260900
1627307189.226261	0.540300	-0.359500	-0.751500	0.196900	0.306000	-0.282500
1627307189.226853	0.548000	-0.354000	-0.744800	0.203600	0.293500	-0.305100
1627307189.227324	0.557300	-0.345100	-0.740400	0.206100	0.274800	-0.329300
1627307189.227750	0.558300	-0.332200	-0.741100	0.213100	0.262000	-0.344500
1627307189.228165	0.558200	-0.315800	-0.742400	0.214300	0.249200	-0.357400
1627307189.228692	0.549400	-0.297600	-0.737900	0.215200	0.232400	-0.359500
1627307189.229091	0.552500	-0.287400	-0.728400	0.266200	0.222900	-0.356800
1627307189.229535	0.561000	-0.291600	-0.716600	0.332500	0.209800	-0.353100
1627307189.229934	0.569800	-0.301100	-0.700600	0.343800	0.181700	-0.354600
1627307189.230332	0.571700	-0.304400	-0.689700	0.361200	0.153300	-0.361000
1627307189.230773	0.575400	-0.312500	-0.692000	0.393000	0.124600	-0.371400
1627307189.231171	0.578400	-0.317700	-0.700000	0.404300	0.093100	-0.386700
1627307189.231569	0.587900	-0.316700	-0.707000	0.405800	0.065900	-0.401400
1627307189.232018	0.590500	-0.309200	-0.717400	0.410700	0.044200	-0.413900
1627307189.232419	0.581400	-0.298300	-0.713900	0.409800	0.028600	-0.420600
1627307189.232815	0.603000	-0.284200	-0.686600	0.448600	0.024400	-0.427000
1627307189.233256	0.655400	-0.263100	-0.654700	0.464800	0.012200	-0.431900
1627307189.233653	0.654700	-0.214700	-0.631500	0.346600	-0.027200	-0.419100
1627307189.234084	0.632300	-0.153900	-0.622800	0.244200	-0.075200	-0.379100
1627307189.234481	0.603400	-0.146500	-0.630600	0.364300	-0.099600	-0.328000
1627307189.234877	0.587300	-0.203400	-0.649900	0.456800	-0.114300	-0.274000
1627307189.235307	0.577600	-0.278600	-0.670200	0.450100	-0.124400	-0.248000
1627307189.235703	0.572000	-0.349600	-0.684800	0.485500	-0.117700	-0.259000
1627307189.236547	0.558500	-0.408200	-0.699600	0.417400	-0.112200	-0.300600
1627307189.236947	0.558600	-0.435300	-0.699800	0.313600	-0.107300	-0.372300
1627307189.237421	0.567600	-0.430100	-0.681500	0.318500	-0.103300	-0.442900
1627307189.239131	0.567600	-0.430100	-0.681500	0.318500	-0.103300	-0.442900
1627307189.239605	0.584000	-0.397900	-0.651200	0.309900	-0.120700	-0.512500
1627307189.241296	0.604600	-0.338100	-0.625100	0.281500	-0.161900	-0.566000
1627307189.241694	0.616800	-0.295700	-0.628500	0.255200	-0.209300	-0.589500
1627307189.242094	0.622800	-0.249300	-0.632900	0.259500	-0.256900	-0.591600
1627307189.243841	0.624100	-0.206200	-0.625400	0.312700	-0.320800	-0.568400
1627307189.244240	0.630600	-0.200000	-0.639500	0.367000	-0.369300	-0.532700
1627307189.244685	0.619800	-0.220900	-0.672000	0.403400	-0.405100	-0.498800
1627307189.246341	0.614600	-0.250200	-0.710800	0.427500	-0.426800	-0.470100
1627307189.246759	0.602900	-0.283900	-0.732800	0.455600	-0.428300	-0.460600
1627307189.247242	0.618300	-0.321500	-0.751700	0.507800	-0.414200	-0.472500
1627307189.248963	0.615700	-0.362900	-0.760900	0.491900	-0.387700	-0.513400
1627307189.249407	0.622800	-0.369800	-0.764900	0.385000	-0.371500	-0.561400
1627307189.249807	0.616900	-0.353000	-0.774800	0.314200	-0.352800	-0.612100
1627307189.251885	0.612100	-0.325200	-0.785900	0.274800	-0.332400	-0.663100
1627307189.252286	0.614600	-0.302700	-0.795400	0.219500	-0.324100	-0.695500
1627307189.252684	0.589100	-0.271900	-0.800800	0.145600	-0.320200	-0.711400
1627307189.253127	0.586100	-0.247200	-0.801800	0.167900	-0.310100	-0.715000
1627307189.255231	0.593100	-0.246900	-0.802500	0.251000	-0.300600	-0.715300
1627307189.255631	0.595300	-0.276200	-0.846100	0.215800	-0.286300	-0.718100
1627307189.257713	0.578100	-0.245800	-0.831100	0.189000	-0.270400	-0.733700
1627307189.258114	0.586300	-0.224900	-0.788700	0.265000	-0.272500	-0.737900
1627307189.258558	0.597400	-0.224900	-0.771700	0.282700	-0.300300	-0.733700
1627307189.258958	0.590200	-0.223400	-0.783800	0.282100	-0.337300	-0.731500
1627307189.259427	0.586200	-0.224100	-0.785800	0.336200	-0.369600	-0.732400
1627307189.259871	0.591600	-0.229100	-0.791900	0.369200	-0.399300	-0.733700
1627307189.261901	0.597400	-0.235800	-0.803000	0.385700	-0.428300	-0.740400
1627307189.262348	0.599100	-0.234500	-0.815300	0.399100	-0.449000	-0.755700
1627307189.262750	0.596200	-0.231000	-0.819800	0.421100	-0.458500	-0.766300
1627307189.263179	0.590800	-0.226700	-0.829500	0.439100	-0.467100	-0.777600
1627307189.263599	0.586100	-0.227700	-0.844800	0.445200	-0.470400	-0.785900
1627307189.265676	0.580400	-0.229000	-0.862200	0.451900	-0.462800	-0.791100
1627307189.266075	0.576500	-0.239900	-0.869800	0.463200	-0.439000	-0.798700
1627307189.266474	0.571900	-0.251600	-0.872600	0.462600	-0.402000	-0.809100
1627307189.268156	0.564700	-0.257200	-0.868400	0.459300	-0.367200	-0.822200
1627307189.268556	0.563400	-0.260600	-0.860100	0.466900	-0.334200	-0.837500
1627307189.269000	0.562700	-0.258700	-0.843900	0.458700	-0.307300	-0.856100
1627307189.271110	0.554200	-0.256200	-0.828700	0.466600	-0.296600	-0.867100
1627307189.271571	0.557300	-0.261700	-0.814900	0.502600	-0.293600	-0.880300
1627307189.271980	0.562300	-0.273400	-0.803600	0.526800	-0.305800	-0.900400
1627307189.272451	0.557300	-0.275800	-0.799400	0.527100	-0.322600	-0.921200
1627307189.274131	0.556400	-0.271100	-0.801500	0.548100	-0.339100	-0.942000
1627307189.274531	0.554700	-0.265500	-0.801300	0.573800	-0.357700	-0.964300
1627307189.274966	0.552400	-0.251200	-0.800900	0.581700	-0.375100	-0.976200
1627307189.277087	0.551900	-0.239000	-0.806000	0.605900	-0.394700	-0.981400
1627307189.277528	0.545500	-0.229100	-0.813000	0.636700	-0.414800	-0.980100
1627307189.277932	0.541700	-0.227700	-0.819700	0.663600	-0.430700	-0.975600
1627307189.278358	0.532200	-0.232100	-0.828500	0.702400	-0.442900	-0.975600
1627307189.280415	0.541700	-0.241500	-0.844700	0.734200	-0.451500	-0.980800
1627307189.280865	0.543700	-0.247400	-0.859300	0.748200	-0.455200	-0.991100
1627307189.281267	0.538300	-0.248500	-0.868800	0.749400	-0.461600	-1.000900
1627307189.281667	0.532300	-0.241800	-0.873500	0.756800	-0.465800	-1.013700
1627307189.283356	0.528900	-0.240200	-0.885600	0.774800	-0.465200	-1.021100
1627307189.283755	0.531200	-0.241100	-0.898600	0.784200	-0.461600	-1.028700
1627307189.284202	0.529200	-0.243200	-0.910300	0.803200	-0.453000	-1.040300
1627307189.284603	0.525300	-0.249100	-0.919600	0.821800	-0.444200	-1.053800
1627307189.287165	0.517700	-0.252700	-0.925500	0.816900	-0.431900	-1.065700
1627307189.287565	0.513700	-0.248800	-0.924700	0.825500	-0.407800	-1.081900
1627307189.287997	0.514400	-0.247200	-0.923100	0.842300	-0.384600	-1.095900
1627307189.288398	0.516600	-0.244800	-0.918800	0.851700	-0.364100	-1.110600
1627307189.290485	0.513800	-0.238500	-0.911100	0.851400	-0.348300	-1.124900
1627307189.290885	0.505600	-0.229900	-0.900300	0.845000	-0.335400	-1.136500
1627307189.291330	0.508100	-0.224400	-0.884500	0.849600	-0.331500	-1.144500
1627307189.291730	0.507900	-0.223100	-0.875900	0.849300	-0.329000	-1.153600
1627307189.293821	0.504800	-0.222800	-0.877800	0.847800	-0.329600	-1.164000
1627307189.294221	0.500900	-0.218500	-0.877400	0.836200	-0.333900	-1.175300
1627307189.294656	0.499300	-0.213900	-0.875100	0.833400	-0.339700	-1.185400
1627307189.296293	0.494900	-0.208000	-0.865200	0.842000	-0.349800	-1.196100
1627307189.296693	0.490700	-0.200200	-0.850700	0.855400	-0.361400	-1.200100
1627307189.297137	0.495700	-0.197100	-0.852400	0.881100	-0.371500	-1.203700
1627307189.298808	0.495600	-0.193100	-0.865700	0.900600	-0.377600	-1.207400
1627307189.299253	0.490100	-0.189600	-0.878900	0.900000	-0.375700	-1.205600
1627307189.299655	0.487800	-0.185700	-0.882800	0.909800	-0.369900	-1.201000
1627307189.300058	0.485700	-0.188000	-0.878200	0.929900	-0.363800	-1.193000
1627307189.302223	0.486700	-0.192900	-0.875100	0.931800	-0.363800	-1.187800
1627307189.302624	0.492900	-0.200200	-0.875700	0.943700	-0.368400	-1.182000
1627307189.303022	0.492100	-0.212500	-0.879900	0.962600	-0.379700	-1.179900
1627307189.304699	0.486600	-0.224700	-0.883800	0.977300	-0.389200	-1.182300
1627307189.305112	0.488000	-0.232400	-0.885600	0.991600	-0.400200	-1.188500
1627307189.305632	0.491700	-0.239500	-0.891700	1.008100	-0.417300	-1.201300
1627307191.183728	0.571200	-0.358000	-0.831400	-0.509000	0.390600	0.760500
1627307191.184650	0.570100	-0.371300	-0.836800	-0.457300	0.417500	0.755600
1627307191.202766	0.573600	-0.384800	-0.830400	-0.419800	0.443700	0.745900
1627307191.212538	0.576800	-0.402500	-0.815800	-0.393500	0.473400	0.728700
1627307191.222294	0.581100	-0.412500	-0.795200	-0.363600	0.496600	0.708000
1627307191.223181	0.585200	-0.423800	-0.772200	-0.336100	0.507900	0.683900
1627307191.247940	0.598400	-0.429200	-0.751200	-0.360500	0.505700	0.650600
1627307191.248751	0.595600	-0.430800	-0.737100	-0.395300	0.491100	0.623700
1627307191.260687	0.591200	-0.427700	-0.725700	-0.393800	0.477600	0.598600
1627307191.277081	0.596800	-0.426400	-0.713400	-0.377300	0.454400	0.571500
1627307191.277978	0.600300	-0.426000	-0.701900	-0.366000	0.427500	0.541800
1627307191.295843	0.601400	-0.426300	-0.704100	-0.342200	0.403400	0.512800
1627307191.309244	0.603000	-0.423100	-0.708700	-0.316800	0.382300	0.481300
1627307191.310080	0.602800	-0.414100	-0.713000	-0.294500	0.365800	0.453900
1627307191.317286	0.602200	-0.407600	-0.717500	-0.265800	0.357000	0.433400
1627307191.323812	0.604200	-0.400300	-0.721200	-0.248400	0.350600	0.416300
1627307191.348690	0.601800	-0.398800	-0.725100	-0.239600	0.339300	0.402200
1627307191.349847	0.604100	-0.403800	-0.725200	-0.227300	0.329500	0.387600
1627307191.358420	0.600500	-0.411700	-0.724200	-0.214200	0.318500	0.370200
1627307191.378173	0.606600	-0.422200	-0.726000	-0.202000	0.304100	0.343300
1627307191.378831	0.606000	-0.429900	-0.731600	-0.186400	0.295000	0.312100
1627307191.389959	0.603600	-0.435100	-0.739100	-0.179400	0.290700	0.278200
1627307191.397711	0.603400	-0.431000	-0.745400	-0.158300	0.292200	0.238800
1627307191.420579	0.601400	-0.423700	-0.743000	-0.138800	0.298000	0.208600
1627307191.421550	0.600200	-0.413800	-0.738400	-0.123800	0.300800	0.182600
1627307191.428700	0.600000	-0.405000	-0.734100	-0.088100	0.304500	0.155100
1627307191.437740	0.601000	-0.403900	-0.732300	-0.058400	0.304800	0.132200
1627307191.463207	0.596300	-0.403800	-0.729400	-0.034900	0.307200	0.113600
1627307191.464112	0.599400	-0.403900	-0.731200	-0.001600	0.313600	0.088000
1627307191.467664	0.603300	-0.403600	-0.730300	0.012700	0.318800	0.068100
1627307191.482702	0.601400	-0.401500	-0.725700	0.017000	0.322500	0.048200
1627307191.506863	0.597400	-0.393800	-0.711500	0.024900	0.330100	0.028700
1627307191.507767	0.594400	-0.388200	-0.689100	0.028600	0.331300	0.016800
1627307191.508881	0.602100	-0.383900	-0.665900	0.058500	0.328000	0.005200
1627307191.524161	0.604900	-0.389400	-0.636400	0.094300	0.306300	-0.010100
1627307191.528698	0.604500	-0.395300	-0.623700	0.100700	0.278500	-0.025700
1627307191.550516	0.609600	-0.416400	-0.655000	0.098200	0.262300	-0.044300
1627307191.551339	0.601000	-0.416000	-0.667000	0.081400	0.250700	-0.075100
1627307191.556714	0.596200	-0.400600	-0.647800	0.094900	0.242100	-0.094400
1627307191.578655	0.611900	-0.392600	-0.632700	0.118100	0.232700	-0.107500
1627307191.592033	0.609700	-0.400800	-0.666100	0.079000	0.232700	-0.120400
1627307191.592935	0.610100	-0.384500	-0.668600	0.063400	0.240000	-0.135000
1627307191.599297	0.611500	-0.373500	-0.647500	0.088200	0.241500	-0.141100
1627307191.621130	0.627600	-0.363400	-0.592700	0.104700	0.222900	-0.146000
1627307191.625765	0.633800	-0.378300	-0.582500	0.099500	0.191700	-0.153600
1627307191.626674	0.643800	-0.383800	-0.564900	0.107700	0.155100	-0.171100
1627307191.635602	0.644500	-0.401900	-0.573500	0.121200	0.112600	-0.196400
1627307191.652421	0.646000	-0.389900	-0.541300	0.143500	0.059500	-0.228800
1627307191.667084	0.642800	-0.389600	-0.543100	0.143100	0.008800	-0.252000
1627307191.673497	0.649200	-0.378800	-0.544700	0.174000	-0.048000	-0.280400
1627307191.674533	0.643800	-0.377000	-0.557400	0.218000	-0.104200	-0.300300
1627307191.698054	0.646000	-0.376800	-0.577900	0.219200	-0.147000	-0.314000
1627307191.698879	0.650400	-0.368700	-0.586200	0.247600	-0.183900	-0.331700
1627307191.706216	0.649400	-0.364100	-0.591400	0.263200	-0.224900	-0.345200
1627307191.715001	0.658900	-0.369400	-0.621100	0.246400	-0.244100	-0.356100
1627307191.737942	0.653300	-0.385900	-0.690700	0.193500	-0.239800	-0.372900
1627307191.741372	0.655500	-0.382100	-0.737900	0.126700	-0.209300	-0.400100
1627307191.748914	0.657800	-0.371000	-0.764000	0.069800	-0.169300	-0.420900
1627307191.756389	0.663600	-0.353300	-0.764300	0.017600	-0.125300	-0.437400
1627307191.776657	0.674700	-0.326300	-0.737800	-0.045900	-0.083400	-0.451100
1627307191.777639	0.679300	-0.302900	-0.709600	-0.063300	-0.062400	-0.453900
1627307191.787878	0.679400	-0.282800	-0.681000	-0.046200	-0.054700	-0.449900
1627307191.796306	0.686400	-0.265100	-0.647700	0.009700	-0.073100	-0.438000
1627307191.819369	0.692700	-0.252800	-0.593000	0.098900	-0.114900	-0.427900
1627307191.820193	0.692300	-0.252300	-0.546800	0.201800	-0.185200	-0.414500
1627307191.827575	0.697900	-0.285200	-0.550800	0.295900	-0.284100	-0.402600
1627307191.838791	0.688700	-0.316400	-0.596900	0.333100	-0.355000	-0.407800
1627307191.839903	0.680900	-0.338900	-0.642100	0.374700	-0.405400	-0.421200
1627307191.866468	0.682100	-0.355800	-0.696300	0.379900	-0.442600	-0.449000
1627307191.867412	0.677100	-0.356600	-0.736700	0.328800	-0.460300	-0.474700
1627307191.880211	0.672600	-0.342500	-0.768800	0.283900	-0.456400	-0.498200
1627307191.883659	0.672700	-0.319800	-0.792200	0.270800	-0.434400	-0.517100
1627307191.910421	0.671900	-0.298300	-0.804400	0.247600	-0.409300	-0.524400
1627307191.911238	0.661500	-0.281400	-0.812100	0.243000	-0.378200	-0.522000
1627307191.920109	0.655900	-0.271900	-0.809400	0.300100	-0.329000	-0.513800
1627307191.927383	0.655900	-0.272500	-0.800800	0.341400	-0.287500	-0.505800
1627307191.950572	0.655900	-0.276900	-0.787100	0.353000	-0.254200	-0.500600
1627307191.952609	0.654100	-0.287800	-0.771500	0.375300	-0.221500	-0.499400
1627307191.956270	0.652200	-0.301100	-0.753400	0.402800	-0.198300	-0.505200
1627307191.961380	0.652300	-0.307400	-0.732900	0.407000	-0.192500	-0.515300
1627307191.983357	0.651400	-0.309800	-0.714700	0.417400	-0.197400	-0.527500
1627307191.986567	0.650800	-0.311800	-0.700100	0.439100	-0.209000	-0.538800
1627307191.998938	0.647000	-0.312700	-0.688600	0.451900	-0.223600	-0.549800
1627307192.003589	0.647800	-0.315200	-0.684200	0.458000	-0.246500	-0.565400
1627307192.027831	0.642600	-0.315900	-0.684800	0.461400	-0.271600	-0.578500
1627307192.030135	0.639500	-0.317000	-0.683000	0.470600	-0.292100	-0.591900
1627307192.037711	0.636200	-0.316400	-0.679800	0.486800	-0.316800	-0.606600
1627307192.047449	0.633100	-0.314900	-0.676000	0.509400	-0.346100	-0.624300
1627307192.048358	0.632700	-0.312500	-0.681000	0.536200	-0.372700	-0.639300
1627307192.083307	0.625600	-0.307600	-0.689700	0.557600	-0.399600	-0.651800
1627307192.084203	0.619800	-0.307300	-0.706800	0.590300	-0.424300	-0.665200
1627307192.086391	0.619900	-0.308500	-0.718100	0.613800	-0.440200	-0.677200
1627307192.093054	0.619300	-0.308600	-0.726800	0.624200	-0.455800	-0.689400
1627307192.122077	0.619300	-0.308600	-0.726800	0.624200	-0.455800	-0.689400
1627307192.122968	0.613600	-0.318100	-0.750600	0.650800	-0.477800	-0.720200
1627307192.126405	0.613600	-0.318100	-0.750600	0.650800	-0.477800	-0.720200
1627307192.136795	0.615100	-0.321800	-0.763300	0.659000	-0.481400	-0.736100
1627307192.160522	0.607500	-0.324600	-0.776100	0.657800	-0.480800	-0.758400
1627307192.161396	0.607400	-0.319900	-0.783600	0.656000	-0.472000	-0.777000
1627307192.171423	0.605800	-0.319600	-0.791100	0.671800	-0.462800	-0.796300
1627307192.181568	0.600000	-0.311400	-0.791400	0.669700	-0.452100	-0.822800
1627307192.183698	0.600100	-0.302100	-0.786300	0.677000	-0.445100	-0.839600
1627307192.208068	0.605500	-0.297500	-0.785500	0.694800	-0.442000	-0.856800
1627307192.210150	0.599200	-0.298000	-0.787800	0.690500	-0.442300	-0.874200
1627307192.216379	0.595300	-0.295300	-0.788100	0.696000	-0.438400	-0.889400
1627307192.227504	0.600200	-0.295700	-0.784900	0.723200	-0.436800	-0.906200
1627307192.228418	0.598100	-0.296000	-0.779500	0.728700	-0.448400	-0.922700
1627307192.253006	0.596300	-0.297100	-0.775500	0.738700	-0.462200	-0.939200
1627307192.256303	0.592900	-0.301400	-0.772500	0.767100	-0.477100	-0.956000
1627307192.260458	0.596600	-0.307700	-0.769000	0.776900	-0.493900	-0.979500
1627307192.286039	0.595000	-0.309700	-0.772900	0.783300	-0.508300	-1.003700
1627307192.286931	0.595300	-0.305700	-0.778000	0.780300	-0.518700	-1.027200
1627307192.303634	0.591400	-0.297400	-0.788800	0.774200	-0.525100	-1.050400
1627307192.315734	0.587500	-0.285200	-0.793200	0.787900	-0.526900	-1.066900
1627307192.316636	0.591700	-0.279100	-0.799000	0.798300	-0.529400	-1.078200
1627307192.326376	0.585600	-0.272200	-0.811000	0.796500	-0.527200	-1.088600
1627307192.332936	0.577000	-0.265300	-0.816300	0.808700	-0.516500	-1.093200
1627307192.354557	0.576400	-0.263500	-0.814100	0.829800	-0.505900	-1.094700
1627307192.355462	0.577800	-0.268700	-0.811800	0.860000	-0.499100	-1.097100
1627307192.370048	0.574600	-0.279800	-0.816000	0.868200	-0.500400	-1.103800
1627307192.372840	0.573100	-0.287800	-0.818500	0.872500	-0.500400	-1.116100
1627307192.396155	0.570400	-0.294100	-0.819500	0.877700	-0.505600	-1.136500
1627307192.406878	0.567700	-0.294200	-0.816300	0.867900	-0.510100	-1.159700
1627307192.407895	0.566900	-0.287200	-0.818200	0.861800	-0.516500	-1.178700
1627307192.415613	0.557400	-0.275800	-0.824600	0.861800	-0.522000	-1.194900
1627307192.437363	0.558800	-0.261500	-0.830100	0.869500	-0.525100	-1.203700
1627307192.445739	0.557000	-0.248200	-0.827500	0.871000	-0.525400	-1.207700
1627307192.446645	0.551000	-0.242700	-0.838000	0.893300	-0.525700	-1.199100
1627307192.455626	0.550700	-0.246000	-0.843800	0.953200	-0.513500	-1.194300
1627307192.478710	0.555400	-0.251300	-0.837000	0.970300	-0.505200	-1.191200
1627307192.483427	0.552600	-0.246700	-0.825200	0.965100	-0.505900	-1.187800
1627307192.484321	0.553300	-0.248900	-0.813600	0.988600	-0.516500	-1.184200
1627307192.495149	0.551500	-0.258500	-0.827900	0.970300	-0.528200	-1.183900
1627307192.499216	0.542200	-0.263800	-0.852700	0.939100	-0.532400	-1.187500
1627307192.525414	0.537200	-0.262700	-0.868900	0.943400	-0.529100	-1.199100
1627307192.527616	0.537000	-0.256700	-0.880400	0.916200	-0.521700	-1.209200
1627307192.537627	0.541400	-0.251600	-0.903200	0.875000	-0.516200	-1.215600
1627307192.543587	0.519700	-0.237300	-0.922700	0.853900	-0.494300	-1.223600
1627307192.563739	0.510400	-0.212300	-0.916300	0.836500	-0.467400	-1.223600
1627307192.565361	0.520000	-0.197100	-0.916600	0.865200	-0.444800	-1.212900
1627307192.580728	0.513300	-0.196300	-0.917800	0.941500	-0.415500	-1.199800
1627307192.586244	0.514600	-0.189300	-0.906600	0.964500	-0.388300	-1.187200
1627307192.605640	0.516800	-0.182900	-0.895300	0.982200	-0.362300	-1.174100
1627307192.606532	0.520800	-0.179800	-0.892000	0.989500	-0.339100	-1.159400
1627307192.614236	0.524700	-0.181300	-0.886400	0.981600	-0.319900	-1.146600
1627307192.636596	0.528900	-0.182100	-0.873400	0.958000	-0.309500	-1.137400
1627307192.637425	0.532600	-0.180900	-0.847300	0.907300	-0.309200	-1.131000
1627307192.647704	0.540000	-0.175500	-0.826700	0.873100	-0.318600	-1.126800
1627307192.658634	0.542500	-0.168100	-0.810500	0.841100	-0.340900	-1.123100
1627307192.681097	0.543600	-0.153300	-0.805900	0.801700	-0.375100	-1.116100
1627307192.682000	0.542500	-0.137000	-0.810800	0.779700	-0.407500	-1.103500
1627307192.685300	0.550500	-0.120700	-0.825900	0.793100	-0.426800	-1.092900
1627307192.695097	0.550900	-0.104100	-0.843000	0.783000	-0.445400	-1.073300
1627307192.701175	0.548200	-0.085400	-0.856300	0.740900	-0.455200	-1.047000
1627307192.722974	0.549600	-0.071000	-0.861900	0.745200	-0.455200	-1.017100
1627307192.723795	0.549900	-0.063600	-0.863500	0.749700	-0.452700	-0.982000
1627307192.733826	0.549400	-0.061000	-0.861600	0.731100	-0.453600	-0.939800
1627307192.743828	0.556200	-0.069500	-0.868400	0.729000	-0.452400	-0.907500
1627307192.766792	0.561600	-0.085900	-0.884000	0.728400	-0.452700	-0.879400
1627307192.767613	0.561400	-0.105800	-0.893100	0.699300	-0.448400	-0.856800
1627307192.777772	0.571000	-0.120400	-0.900800	0.680100	-0.437700	-0.848800
1627307192.786858	0.571300	-0.133900	-0.907700	0.657500	-0.420600	-0.847000
1627307192.797610	0.577300	-0.130500	-0.889200	0.634300	-0.400800	-0.850900
1627307192.813512	0.582800	-0.132900	-0.890400	0.617500	-0.383100	-0.851300
1627307192.818625	0.584400	-0.134800	-0.920000	0.567100	-0.355600	-0.855200
1627307192.839263	0.579600	-0.112300	-0.937400	0.522200	-0.313400	-0.852800
1627307192.840426	0.582000	-0.085300	-0.912100	0.528300	-0.277400	-0.835400
1627307192.843729	0.597900	-0.080800	-0.904900	0.515800	-0.248400	-0.809100
1627307192.856381	0.589500	-0.085000	-0.916500	0.459600	-0.214800	-0.771500
1627307192.877908	0.600600	-0.083400	-0.910800	0.471200	-0.184800	-0.740700
1627307192.878934	0.598500	-0.068700	-0.851900	0.516400	-0.172900	-0.711400
1627307192.882770	0.621800	-0.078900	-0.815900	0.519100	-0.186400	-0.666200
1627307192.897568	0.616700	-0.083400	-0.795500	0.541700	-0.210200	-0.637100
1627307192.898481	0.622800	-0.110600	-0.821000	0.568900	-0.229100	-0.613000
1627307192.921708	0.616800	-0.129400	-0.835000	0.559400	-0.248700	-0.597100
1627307192.932080	0.622400	-0.128100	-0.842800	0.566800	-0.255100	-0.591300
1627307192.932982	0.622900	-0.126600	-0.855600	0.543900	-0.263700	-0.582800
1627307192.940768	0.614000	-0.117300	-0.880100	0.511200	-0.255700	-0.566000
1627307192.958929	0.611600	-0.104200	-0.904400	0.494700	-0.234300	-0.547300
1627307192.962624	0.613900	-0.098900	-0.948700	0.460800	-0.196500	-0.521100
1627307192.971757	0.609300	-0.084100	-0.965800	0.423800	-0.136000	-0.486300
1627307192.990027	0.614500	-0.083400	-0.984600	0.400300	-0.068800	-0.450200
1627307193.001926	0.615600	-0.085700	-1.001200	0.363700	0.000500	-0.419700
1627307193.002990	0.606700	-0.074300	-0.986600	0.314200	0.078400	-0.377200
1627307193.010306	0.607100	-0.070200	-0.959500	0.316000	0.155700	-0.336900
1627307193.034519	0.613600	-0.077900	-0.931000	0.332500	0.215300	-0.300600
1627307193.035420	0.615000	-0.087800	-0.895100	0.311700	0.262000	-0.264200
1627307193.046439	0.619000	-0.096900	-0.850800	0.316000	0.293200	-0.234900
1627307193.050756	0.626600	-0.106800	-0.816700	0.314500	0.299600	-0.213800
1627307193.074685	0.630900	-0.113900	-0.784800	0.282100	0.290700	-0.195800
1627307193.075585	0.631800	-0.116900	-0.764800	0.250700	0.269900	-0.182100
1627307193.085350	0.630100	-0.113900	-0.755100	0.211600	0.246700	-0.172900
1627307193.093079	0.621800	-0.105000	-0.753200	0.181300	0.220800	-0.158500
1627307193.114910	0.619800	-0.103100	-0.757900	0.183800	0.200000	-0.142300
1627307193.123343	0.613400	-0.097400	-0.765700	0.180700	0.184400	-0.124300
1627307193.124255	0.611700	-0.094000	-0.773700	0.181900	0.176200	-0.102600
1627307193.133085	0.608000	-0.093600	-0.782300	0.189900	0.172200	-0.073900
1627307193.157410	0.604000	-0.088000	-0.789100	0.179200	0.173700	-0.051600
1627307193.161997	0.607900	-0.086900	-0.790500	0.170600	0.178000	-0.025100
1627307193.162911	0.612500	-0.085300	-0.791900	0.149300	0.181100	0.005500
1627307193.178677	0.612300	-0.084200	-0.794100	0.118100	0.183800	0.029900
1627307193.201893	0.613900	-0.078900	-0.786900	0.101600	0.186900	0.057700
1627307193.202841	0.617100	-0.077800	-0.780300	0.073200	0.188700	0.090400
1627307193.203962	0.621600	-0.075800	-0.777500	0.048500	0.187200	0.119100
1627307193.219181	0.615100	-0.080000	-0.778600	0.028600	0.185600	0.148100
1627307193.223646	0.626700	-0.091900	-0.781200	0.028300	0.179500	0.180200
1627307193.246846	0.620400	-0.100500	-0.780900	0.014900	0.176200	0.201000
1627307193.247665	0.617300	-0.107700	-0.788700	-0.012900	0.174000	0.224200
1627307193.253030	0.619600	-0.119100	-0.797400	-0.034600	0.181400	0.244300
1627307193.275260	0.621100	-0.116600	-0.796100	-0.057500	0.188100	0.261400
1627307193.282218	0.620700	-0.103500	-0.780300	-0.092600	0.192700	0.281300
1627307193.283118	0.630200	-0.092700	-0.762800	-0.094200	0.192400	0.311500
1627307193.293126	0.630000	-0.091800	-0.753500	-0.100900	0.189600	0.343000
1627307193.309912	0.630400	-0.096600	-0.750600	-0.114900	0.182300	0.373800
1627307193.312490	0.625400	-0.113000	-0.752700	-0.116800	0.174000	0.403800
1627307193.319961	0.622600	-0.128300	-0.761100	-0.134800	0.173700	0.423300
1627307193.342031	0.623900	-0.145900	-0.765000	-0.161700	0.172800	0.434300
1627307193.342926	0.616800	-0.162700	-0.771200	-0.217600	0.174000	0.438000
1627307193.355706	0.609900	-0.169600	-0.769200	-0.268300	0.177700	0.437700
1627307193.375543	0.605500	-0.168700	-0.757700	-0.300600	0.185000	0.435200
1627307193.376414	0.608900	-0.163900	-0.743800	-0.314400	0.186600	0.433700
1627307193.391942	0.606100	-0.158800	-0.738400	-0.338800	0.180400	0.436100
1627307193.392852	0.595500	-0.150100	-0.735500	-0.347400	0.173400	0.445900
1627307193.394327	0.598900	-0.149200	-0.726400	-0.339700	0.163300	0.458100
1627307193.427151	0.602200	-0.160900	-0.728300	-0.346500	0.141700	0.474300
1627307193.428043	0.600600	-0.171100	-0.732800	-0.363300	0.125800	0.483500
1627307193.436505	0.594800	-0.187500	-0.738200	-0.366900	0.112000	0.487500
1627307193.441752	0.598100	-0.206200	-0.743800	-0.365400	0.098600	0.489000
1627307193.462339	0.607200	-0.216600	-0.745700	-0.384000	0.087900	0.481700
1627307193.463235	0.609300	-0.219200	-0.751600	-0.418500	0.075400	0.472200
1627307193.476582	0.607700	-0.222300	-0.768900	-0.462800	0.072900	0.460900
1627307193.481933	0.603900	-0.210300	-0.774400	-0.481800	0.074800	0.460000
1627307193.492672	0.606200	-0.193800	-0.770600	-0.474700	0.076900	0.465200
1627307193.502713	0.608300	-0.191800	-0.769800	-0.479000	0.074800	0.479800
1627307193.511229	0.608400	-0.187700	-0.773300	-0.498900	0.070200	0.494200
1627307193.536720	0.612800	-0.186600	-0.784400	-0.514100	0.064100	0.509100
1627307193.537537	0.604500	-0.193400	-0.790600	-0.527900	0.063200	0.528100
1627307193.541242	0.613800	-0.192600	-0.784200	-0.540400	0.062200	0.537500
1627307193.555065	0.614100	-0.190300	-0.785200	-0.552600	0.052500	0.549500
1627307193.574343	0.601600	-0.177900	-0.790000	-0.575500	0.051600	0.566300
1627307193.576659	0.598500	-0.166500	-0.784500	-0.560000	0.058600	0.587000
1627307193.582771	0.606200	-0.156000	-0.777000	-0.528200	0.061600	0.609900
1627307193.593704	0.602500	-0.150500	-0.774200	-0.515100	0.063500	0.646600
1627307193.594602	0.602700	-0.145900	-0.772000	-0.511400	0.062900	0.675300
1627307193.617458	0.600100	-0.142500	-0.766400	-0.505600	0.056400	0.706800
1627307193.633124	0.586400	-0.142800	-0.758700	-0.520300	0.041500	0.746800
1627307193.637821	0.588500	-0.149200	-0.753200	-0.513800	0.025300	0.777600
1627307193.650842	0.587400	-0.167600	-0.746700	-0.493700	0.011500	0.802100
1627307193.651754	0.577300	-0.183100	-0.732200	-0.509600	-0.006500	0.823400
1627307193.655474	0.578900	-0.198100	-0.730600	-0.505900	-0.020500	0.836000
1627307193.680782	0.578000	-0.217400	-0.740500	-0.495200	-0.031800	0.838400
1627307193.681691	0.569200	-0.234400	-0.755200	-0.523000	-0.048600	0.837800
1627307193.694289	0.567600	-0.244600	-0.768900	-0.545300	-0.066300	0.830500
1627307193.718874	0.568600	-0.252100	-0.790600	-0.555100	-0.078600	0.821600
1627307193.721074	0.564500	-0.256300	-0.824600	-0.585300	-0.083800	0.810300
1627307193.722103	0.559300	-0.247200	-0.852500	-0.624400	-0.079200	0.803300
1627307193.733029	0.559100	-0.242900	-0.879800	-0.639100	-0.067600	0.802400
1627307193.759526	0.552500	-0.233800	-0.895100	-0.661100	-0.044400	0.806300
1627307193.760434	0.551500	-0.233900	-0.904700	-0.674200	-0.021700	0.814600
1627307193.761271	0.550900	-0.236100	-0.906500	-0.661400	-0.004000	0.820100
1627307193.771619	0.549400	-0.242100	-0.908900	-0.630500	0.012200	0.825600
1627307193.777529	0.551600	-0.246700	-0.915200	-0.594500	0.029000	0.828900
1627307193.801878	0.548800	-0.250400	-0.917400	-0.551400	0.043900	0.832000
1627307193.807335	0.549300	-0.253500	-0.926400	-0.518100	0.061600	0.832600
1627307193.808239	0.553000	-0.260000	-0.932400	-0.487000	0.083900	0.831400
1627307193.831273	0.544600	-0.263400	-0.933200	-0.483900	0.106200	0.830800
1627307193.832332	0.548600	-0.267800	-0.924200	-0.474100	0.127000	0.825900
1627307193.847527	0.551300	-0.273100	-0.914900	-0.456100	0.148700	0.817000
1627307193.850118	0.551400	-0.278200	-0.908300	-0.461900	0.166700	0.808200
1627307193.872124	0.546900	-0.277600	-0.906700	-0.461900	0.189000	0.797800
1627307193.874153	0.528300	-0.278400	-0.879000	-0.425000	0.213100	0.787700
1627307193.885179	0.539900	-0.309400	-0.892300	-0.368500	0.233000	0.777600
1627307193.892515	0.538700	-0.341300	-0.933500	-0.359900	0.278200	0.745200
1627307193.915561	0.524200	-0.305500	-0.886200	-0.483600	0.317000	0.708300
1627307193.916380	0.531100	-0.276000	-0.836400	-0.421300	0.339900	0.698800
1627307193.923869	0.539900	-0.287100	-0.819500	-0.377000	0.348400	0.690900
1627307193.933749	0.529900	-0.282800	-0.807600	-0.482100	0.339000	0.683200
1627307193.954330	0.526700	-0.270100	-0.789600	-0.464100	0.326400	0.682900
1627307193.955256	0.530900	-0.278700	-0.780600	-0.443900	0.304100	0.685100
1627307193.965186	0.525500	-0.291100	-0.786000	-0.503800	0.260200	0.686300
1627307193.973679	0.529900	-0.299900	-0.787400	-0.512600	0.230200	0.674700
1627307193.991167	0.537500	-0.306300	-0.794800	-0.519900	0.197600	0.658500
1627307193.997373	0.535400	-0.299100	-0.800900	-0.561200	0.161500	0.640200
1627307193.998312	0.540300	-0.277300	-0.804300	-0.567000	0.138300	0.623700
1627307194.020398	0.543300	-0.253700	-0.812000	-0.560600	0.122100	0.618800
1627307194.021729	0.544100	-0.224400	-0.828400	-0.578000	0.112000	0.624900
1627307194.032665	0.547100	-0.201900	-0.849900	-0.572800	0.114500	0.639900
1627307194.039860	0.549100	-0.191400	-0.870100	-0.537100	0.128200	0.660300
1627307194.060033	0.543200	-0.188100	-0.890300	-0.532800	0.154500	0.689300
1627307194.061199	0.546000	-0.189900	-0.897200	-0.539200	0.179500	0.716500
1627307194.076358	0.552400	-0.200200	-0.899000	-0.529700	0.203000	0.737300
1627307194.081186	0.552200	-0.209500	-0.893900	-0.542900	0.224100	0.755600
1627307194.100764	0.551400	-0.217200	-0.884200	-0.559700	0.244600	0.766900
1627307194.101660	0.554400	-0.220600	-0.874100	-0.560900	0.257100	0.770300
1627307194.109309	0.555800	-0.217900	-0.859900	-0.578300	0.262600	0.770900
1627307194.132463	0.556400	-0.205600	-0.847800	-0.590800	0.261700	0.774000
1627307194.140799	0.548800	-0.193200	-0.840200	-0.590500	0.257700	0.780700
1627307194.141691	0.548500	-0.183600	-0.844600	-0.606400	0.254400	0.797200
1627307194.150269	0.545700	-0.173500	-0.856800	-0.622000	0.251000	0.815800
1627307194.153210	0.542800	-0.172700	-0.867900	-0.617100	0.254700	0.835700
1627307194.181112	0.541600	-0.174600	-0.873700	-0.631100	0.265400	0.858900
1627307194.182006	0.533800	-0.176300	-0.880500	-0.664700	0.285200	0.885100
1627307194.191468	0.531000	-0.181500	-0.875700	-0.674200	0.310300	0.904700
1627307194.198063	0.530300	-0.187300	-0.863500	-0.680000	0.336500	0.923300
1627307194.222127	0.526700	-0.193400	-0.838700	-0.697700	0.353300	0.943500
1627307194.223000	0.534300	-0.201700	-0.814300	-0.689500	0.357300	0.957500
1627307194.231376	0.536600	-0.217300	-0.795900	-0.683400	0.346000	0.968200
1627307194.237983	0.535000	-0.235400	-0.784700	-0.690400	0.318800	0.976100
1627307194.259520	0.539100	-0.252100	-0.779100	-0.664100	0.289800	0.977400
1627307194.260425	0.540900	-0.265400	-0.774000	-0.644300	0.251600	0.975200
1627307194.275337	0.536600	-0.280600	-0.786300	-0.637500	0.202700	0.972800
1627307194.279263	0.538700	-0.290800	-0.803000	-0.593300	0.171000	0.969100
1627307194.304531	0.540800	-0.297100	-0.823000	-0.541900	0.147500	0.963300
1627307194.305431	0.539100	-0.305900	-0.857200	-0.520300	0.132500	0.957800
1627307194.322372	0.538300	-0.308300	-0.890500	-0.506200	0.138900	0.953500
1627307194.336975	0.542200	-0.307900	-0.914600	-0.487900	0.156300	0.947700
1627307194.337905	0.546500	-0.310500	-0.931900	-0.485400	0.186600	0.941300
1627307194.341223	0.545500	-0.312700	-0.939800	-0.480900	0.225000	0.935200
1627307194.351979	0.549000	-0.318100	-0.947300	-0.468600	0.269000	0.926400
1627307194.375969	0.553700	-0.322100	-0.944000	-0.467400	0.321600	0.915100
1627307194.376655	0.552000	-0.320200	-0.937900	-0.470200	0.366500	0.903800
1627307194.380268	0.547900	-0.315700	-0.926900	-0.464700	0.405900	0.892200
1627307194.395017	0.551800	-0.308300	-0.914700	-0.456400	0.448000	0.879900
1627307194.395934	0.558700	-0.306000	-0.903400	-0.446000	0.481000	0.873200
1627307194.424248	0.557100	-0.303100	-0.887900	-0.437500	0.507600	0.865900
1627307194.425071	0.561300	-0.298500	-0.861600	-0.432900	0.528600	0.859800
1627307194.436409	0.569600	-0.298200	-0.846900	-0.419200	0.541500	0.854000
1627307194.438688	0.572500	-0.299200	-0.831400	-0.418900	0.549400	0.844500
1627307194.462909	0.574800	-0.293700	-0.818400	-0.430200	0.545400	0.838700
1627307194.463746	0.571900	-0.286500	-0.805400	-0.426800	0.535400	0.835000
1627307194.477748	0.576300	-0.286700	-0.797900	-0.420400	0.523800	0.833500
1627307194.482564	0.578200	-0.293900	-0.795000	-0.407900	0.508800	0.832600
1627307194.483468	0.576000	-0.304700	-0.800000	-0.399900	0.495000	0.828900
1627307194.506306	0.579300	-0.317400	-0.807500	-0.389800	0.486500	0.822500
1627307194.510081	0.577400	-0.326000	-0.811500	-0.374900	0.483700	0.807200
1627307194.524831	0.572600	-0.338600	-0.823200	-0.380400	0.481300	0.790400
1627307194.528663	0.572000	-0.348600	-0.834700	-0.384000	0.486500	0.772700
1627307194.550521	0.576200	-0.357200	-0.847400	-0.371200	0.497500	0.748000
1627307194.551343	0.575000	-0.362400	-0.853600	-0.380100	0.515200	0.722300
1627307194.561353	0.572300	-0.356900	-0.841200	-0.368100	0.534400	0.708300
1627307194.571283	0.574200	-0.355100	-0.821900	-0.316800	0.553700	0.703100
1627307194.595620	0.576000	-0.366200	-0.787600	-0.255100	0.562800	0.705200
1627307194.596659	0.582900	-0.382800	-0.757100	-0.179700	0.558900	0.709200
1627307194.599071	0.594800	-0.408600	-0.738900	-0.109800	0.544200	0.704600
1627307194.611201	0.600300	-0.449800	-0.728000	-0.074300	0.514900	0.684800
1627307194.612093	0.601200	-0.480500	-0.738200	-0.075900	0.491400	0.653900
1627307194.635524	0.597800	-0.503900	-0.749500	-0.077700	0.479500	0.609000
1627307194.640182	0.605300	-0.529100	-0.758700	-0.093600	0.478600	0.538800
1627307194.648159	0.610800	-0.534300	-0.759000	-0.133000	0.485600	0.474900
1627307194.668522	0.612400	-0.524000	-0.756000	-0.188900	0.496000	0.409300
1627307194.669427	0.616900	-0.500500	-0.744400	-0.216000	0.510000	0.337200
1627307194.678953	0.612400	-0.476000	-0.726000	-0.239600	0.516400	0.290100
1627307194.685580	0.613800	-0.447100	-0.706200	-0.273800	0.515800	0.259000
1627307194.712097	0.620800	-0.421600	-0.687700	-0.250600	0.504200	0.233000
1627307194.713002	0.618400	-0.414600	-0.681800	-0.202900	0.484000	0.217500
1627307194.722656	0.621000	-0.410000	-0.680500	-0.182400	0.457800	0.201600
1627307194.730567	0.623900	-0.411700	-0.686400	-0.149800	0.423300	0.182000
1627307194.753677	0.624400	-0.418300	-0.701400	-0.112200	0.395500	0.159700
1627307194.754570	0.620400	-0.426100	-0.715000	-0.087800	0.376500	0.136200
1627307194.765366	0.617700	-0.433800	-0.731100	-0.044100	0.366500	0.106000
1627307194.771889	0.614300	-0.436900	-0.740600	0.002600	0.366200	0.076300
1627307194.794041	0.610500	-0.427200	-0.743700	0.030400	0.370100	0.049500
1627307194.798481	0.607700	-0.414400	-0.747100	0.068900	0.381100	0.023800
1627307194.799389	0.606000	-0.402800	-0.750600	0.107700	0.397600	0.004900
1627307194.810163	0.609300	-0.392100	-0.751200	0.126300	0.415000	-0.007600
1627307194.811793	0.606900	-0.384200	-0.745100	0.127900	0.439500	-0.013800
1627307194.838391	0.600100	-0.375600	-0.726200	0.139200	0.464500	-0.016800
1627307194.839287	0.611200	-0.381200	-0.700100	0.162700	0.475800	-0.019300
1627307194.848943	0.610000	-0.389200	-0.661000	0.174600	0.476100	-0.024400
1627307194.856935	0.606900	-0.395500	-0.618500	0.186500	0.460500	-0.034800
1627307194.876996	0.612200	-0.397300	-0.587400	0.216400	0.434000	-0.050100
1627307194.885514	0.614000	-0.396900	-0.560800	0.237800	0.390600	-0.066000
1627307194.887837	0.614300	-0.393900	-0.539200	0.265900	0.332200	-0.083100
1627307194.898830	0.623300	-0.390500	-0.533100	0.294300	0.275100	-0.095300
1627307194.922039	0.623300	-0.387200	-0.535600	0.309000	0.215300	-0.105100
1627307194.922904	0.623200	-0.386100	-0.536300	0.335000	0.155400	-0.109100
1627307194.931521	0.632800	-0.387500	-0.538800	0.355400	0.104400	-0.113600
1627307194.937692	0.636800	-0.394300	-0.546500	0.361800	0.055200	-0.113000
1627307194.942569	0.632800	-0.400600	-0.558300	0.362100	0.001500	-0.117900
1627307194.971797	0.638500	-0.406500	-0.562900	0.379500	-0.036700	-0.126200
1627307194.973992	0.639900	-0.413200	-0.567600	0.384700	-0.077300	-0.138100
1627307194.985610	0.643700	-0.417000	-0.580200	0.381400	-0.124400	-0.151500
1627307195.000178	0.654800	-0.425800	-0.595000	0.403700	-0.154000	-0.163400
1627307195.009463	0.665800	-0.439500	-0.614000	0.433000	-0.174200	-0.175300
1627307195.010168	0.677000	-0.453600	-0.634500	0.440300	-0.189100	-0.189700
1627307195.018169	0.678200	-0.458000	-0.653100	0.432700	-0.194900	-0.206200
1627307195.041460	0.675700	-0.459800	-0.670500	0.426300	-0.188200	-0.225400
1627307195.047460	0.679600	-0.456900	-0.689700	0.430900	-0.169900	-0.251700
1627307195.048361	0.676100	-0.448900	-0.692600	0.433600	-0.148500	-0.274900
1627307195.070879	0.684200	-0.439900	-0.694900	0.442200	-0.130500	-0.295100
1627307195.074200	0.684300	-0.431300	-0.698600	0.451600	-0.113700	-0.317400
1627307195.078961	0.684700	-0.419800	-0.702400	0.440000	-0.102400	-0.335400
1627307195.091248	0.683500	-0.407200	-0.708100	0.437300	-0.091400	-0.348200
1627307195.113968	0.678500	-0.391600	-0.710800	0.445800	-0.074900	-0.358000
1627307195.115006	0.678300	-0.373200	-0.706700	0.441900	-0.055000	-0.367100
1627307195.117478	0.671300	-0.359400	-0.695100	0.444000	-0.042500	-0.362600
1627307195.132800	0.668100	-0.361000	-0.686300	0.533800	-0.022400	-0.353700
1627307195.136347	0.676800	-0.376700	-0.661100	0.613200	-0.006200	-0.354000
1627307195.158007	0.682900	-0.385400	-0.630500	0.623000	-0.003100	-0.360700
1627307195.158830	0.687500	-0.397600	-0.613300	0.672800	-0.006800	-0.374500
1627307195.169125	0.688100	-0.413000	-0.605000	0.713400	-0.019000	-0.397100
1627307195.177463	0.685300	-0.418800	-0.599500	0.676100	-0.041900	-0.417200
1627307195.199511	0.685800	-0.421400	-0.598400	0.652300	-0.068200	-0.441100
1627307195.200410	0.684000	-0.427700	-0.596200	0.661500	-0.093500	-0.464600
1627307195.205576	0.685200	-0.432700	-0.600200	0.643100	-0.117000	-0.485300
1627307195.229980	0.681000	-0.431200	-0.602800	0.614100	-0.141800	-0.506700
1627307195.237165	0.674300	-0.428200	-0.611700	0.618400	-0.158000	-0.527800
1627307195.238066	0.674800	-0.430900	-0.612900	0.636700	-0.165300	-0.543700
1627307195.250839	0.669400	-0.428800	-0.615600	0.638300	-0.170200	-0.562000
1627307195.271414	0.670000	-0.421000	-0.619300	0.650200	-0.172000	-0.580900
1627307195.278364	0.659700	-0.413700	-0.615700	0.672200	-0.174800	-0.591300
1627307195.288392	0.643600	-0.403900	-0.601700	0.695400	-0.182400	-0.599000
1627307195.289320	0.653000	-0.401900	-0.586500	0.738700	-0.199200	-0.605100
1627307195.291859	0.657500	-0.413200	-0.586200	0.765000	-0.228500	-0.613300
1627307195.312840	0.647900	-0.420900	-0.577500	0.744200	-0.264000	-0.627700
1627307195.321278	0.656100	-0.426000	-0.558100	0.771400	-0.317700	-0.655500
1627307195.344541	0.659800	-0.441800	-0.560100	0.796500	-0.362600	-0.684200
1627307195.345443	0.651200	-0.458700	-0.585800	0.766200	-0.399000	-0.723600
1627307195.347707	0.649400	-0.450000	-0.594100	0.745200	-0.430400	-0.785300
1627307195.351915	0.648200	-0.429000	-0.593800	0.748500	-0.452400	-0.823500
1627307195.377265	0.649400	-0.407600	-0.602700	0.734800	-0.475900	-0.851600
1627307195.378156	0.643300	-0.378700	-0.635700	0.683500	-0.500100	-0.867700
1627307195.387809	0.631300	-0.347800	-0.662500	0.647100	-0.510700	-0.862600
1627307195.395643	0.614900	-0.317000	-0.675300	0.655000	-0.505200	-0.840900
1627307195.418331	0.618500	-0.289800	-0.676400	0.707900	-0.489100	-0.798700
1627307195.419226	0.612300	-0.283700	-0.665900	0.763200	-0.479900	-0.750800
1627307195.430187	0.611900	-0.291600	-0.650000	0.823300	-0.473200	-0.706800
1627307195.435642	0.619800	-0.324500	-0.628900	0.910700	-0.467700	-0.669800
1627307195.456192	0.638500	-0.380600	-0.667200	0.953800	-0.454200	-0.657000
1627307195.467165	0.633100	-0.403300	-0.655900	0.896600	-0.457900	-0.670400
1627307195.468069	0.635500	-0.409700	-0.640300	0.829800	-0.468900	-0.689700
1627307195.476838	0.640600	-0.406100	-0.607700	0.850800	-0.485100	-0.717800
1627307195.486521	0.652800	-0.413900	-0.593500	0.857200	-0.508600	-0.743700
1627307195.497693	0.653600	-0.413600	-0.580900	0.840400	-0.546800	-0.773100
1627307195.506146	0.649200	-0.411900	-0.577600	0.865800	-0.585000	-0.802100
1627307195.528109	0.654200	-0.424200	-0.590100	0.889600	-0.619500	-0.828300
1627307195.529075	0.650300	-0.429700	-0.615700	0.871300	-0.651900	-0.854900
1627307195.536473	0.645900	-0.423100	-0.647300	0.849000	-0.676300	-0.880900
1627307195.548113	0.651200	-0.405600	-0.666700	0.807200	-0.681200	-0.898000
1627307195.570510	0.635000	-0.384500	-0.680500	0.794300	-0.683900	-0.896800
1627307195.571997	0.636600	-0.374000	-0.681400	0.834300	-0.682700	-0.891000
1627307195.576515	0.631300	-0.366900	-0.669700	0.854500	-0.689700	-0.877200
1627307195.589961	0.637100	-0.361300	-0.648200	0.862100	-0.714200	-0.863500
1627307195.591022	0.642100	-0.364400	-0.628400	0.902800	-0.754200	-0.849400
1627307195.613980	0.642000	-0.370800	-0.617400	0.932100	-0.794200	-0.841200
1627307195.616338	0.642600	-0.374500	-0.616500	0.958600	-0.844600	-0.840300
1627307195.633664	0.644700	-0.380600	-0.631000	0.979400	-0.905400	-0.845100
1627307195.648061	0.637300	-0.381300	-0.657800	0.969000	-0.955200	-0.850000
1627307195.650204	0.625900	-0.377300	-0.690300	0.967500	-0.991800	-0.854300
1627307195.655543	0.611800	-0.380900	-0.730000	1.008400	-1.007100	-0.856400
1627307195.675094	0.615100	-0.388100	-0.760600	1.041100	-1.006500	-0.860400
1627307195.689525	0.610100	-0.392000	-0.789600	1.025500	-0.992400	-0.867100
1627307195.690434	0.598800	-0.387200	-0.821300	1.013300	-0.954800	-0.876900
1627307195.696975	0.593400	-0.387900	-0.834600	1.018800	-0.913600	-0.884900
1627307195.717451	0.598500	-0.390000	-0.840600	1.009700	-0.872700	-0.895200
1627307195.725805	0.595900	-0.390700	-0.841400	0.991600	-0.822900	-0.909300
1627307195.726700	0.594400	-0.396400	-0.835000	0.974800	-0.792000	-0.922700
1627307195.736958	0.593500	-0.403300	-0.829500	0.953200	-0.763900	-0.941100
1627307195.759993	0.592300	-0.408600	-0.819500	0.930500	-0.740700	-0.970100
1627307195.768489	0.585300	-0.410800	-0.823200	0.908300	-0.720300	-0.997600
1627307195.777153	0.579700	-0.401400	-0.823700	0.886000	-0.696400	-1.026900
1627307195.778107	0.579600	-0.384400	-0.818700	0.878300	-0.664400	-1.056200
1627307195.780613	0.575700	-0.362500	-0.811600	0.863000	-0.635100	-1.075100
1627307195.807023	0.573600	-0.336400	-0.801300	0.815400	-0.614900	-1.083100
1627307195.808053	0.570800	-0.300500	-0.782000	0.788800	-0.597200	-1.077300
1627307195.820343	0.567600	-0.274300	-0.759900	0.790100	-0.592300	-1.059900
1627307195.824271	0.567600	-0.260900	-0.741600	0.793400	-0.600500	-1.036000
1627307195.847080	0.564300	-0.257000	-0.725700	0.795500	-0.624700	-1.009200
1627307195.847972	0.566800	-0.262000	-0.715900	0.805900	-0.658000	-0.985600
1627307195.857718	0.568700	-0.266500	-0.712400	0.810200	-0.691900	-0.971000
1627307195.866776	0.566000	-0.267500	-0.718900	0.792500	-0.730000	-0.958800
1627307195.890672	0.566300	-0.262200	-0.735400	0.782100	-0.760000	-0.952000
1627307195.892960	0.570300	-0.248300	-0.752000	0.762900	-0.777400	-0.947200
1627307195.897743	0.569700	-0.226200	-0.771500	0.717400	-0.787500	-0.934300
1627307195.911258	0.570800	-0.205800	-0.787700	0.691100	-0.787500	-0.910500
1627307195.912160	0.580300	-0.193700	-0.792700	0.691400	-0.783500	-0.881800
1627307195.935573	0.594500	-0.199300	-0.801900	0.674900	-0.782600	-0.847600
1627307195.936595	0.597900	-0.213300	-0.817500	0.634900	-0.780400	-0.810300
1627307195.941766	0.601600	-0.236100	-0.834700	0.615000	-0.772500	-0.788000
1627307195.966259	0.606400	-0.253500	-0.853300	0.582100	-0.757200	-0.774300
1627307195.967812	0.606600	-0.263100	-0.869000	0.526200	-0.732500	-0.762400
1627307195.986112	0.604700	-0.267600	-0.888500	0.488000	-0.705300	-0.751700
1627307195.995877	0.604700	-0.263800	-0.901200	0.467500	-0.668700	-0.742200
1627307195.996773	0.608500	-0.246100	-0.902100	0.433300	-0.624700	-0.721400
1627307196.003098	0.608500	-0.246100	-0.902100	0.433300	-0.624700	-0.721400
1627307196.025009	0.611800	-0.228000	-0.902800	0.419300	-0.592000	-0.695500
1627307196.026200	0.616800	-0.225500	-0.912600	0.417700	-0.563600	-0.661300
1627307196.041579	0.615000	-0.227400	-0.931800	0.417400	-0.525400	-0.618800
1627307196.045093	0.621600	-0.233000	-0.944300	0.414100	-0.490000	-0.589200
1627307196.068060	0.627100	-0.239600	-0.964400	0.409800	-0.452400	-0.560800
1627307196.070386	0.622300	-0.255700	-0.987100	0.409200	-0.390100	-0.534800
1627307196.076537	0.623000	-0.251800	-0.988900	0.396000	-0.334200	-0.521400
1627307196.089903	0.620500	-0.242800	-0.983400	0.386600	-0.277400	-0.504300
1627307196.111719	0.618900	-0.234600	-0.976300	0.392400	-0.207100	-0.482000
1627307196.112549	0.615100	-0.225500	-0.959400	0.402200	-0.148500	-0.457900
1627307196.116403	0.618200	-0.221900	-0.932100	0.416800	-0.100900	-0.430700
1627307196.131196	0.621200	-0.222300	-0.907600	0.417100	-0.055300	-0.399800
1627307196.132090	0.619300	-0.225700	-0.895900	0.404000	-0.020800	-0.371700
1627307196.152485	0.616700	-0.231300	-0.887700	0.400000	0.008200	-0.347600
1627307196.167591	0.616900	-0.242800	-0.877300	0.393000	0.038400	-0.322600
1627307196.173679	0.614100	-0.253200	-0.866000	0.382300	0.063800	-0.307300
1627307196.174737	0.610800	-0.262500	-0.859000	0.371600	0.083900	-0.296900
1627307196.186921	0.609500	-0.269300	-0.851100	0.360300	0.108100	-0.290800
1627307196.196464	0.604500	-0.272200	-0.845200	0.341700	0.132200	-0.285900
1627307196.204326	0.605300	-0.267700	-0.839400	0.320900	0.156600	-0.279800
1627307196.228395	0.607100	-0.261800	-0.826000	0.305900	0.187200	-0.271500
1627307196.229298	0.609500	-0.252000	-0.808500	0.280300	0.210400	-0.258400
1627307196.239071	0.607200	-0.243900	-0.786500	0.255500	0.221700	-0.242500
1627307196.248269	0.609100	-0.241700	-0.765000	0.245500	0.223200	-0.222100
1627307196.271922	0.614500	-0.244900	-0.748800	0.236000	0.215000	-0.202800
1627307196.272755	0.616100	-0.249100	-0.738500	0.218300	0.198500	-0.188500
1627307196.275312	0.613000	-0.254800	-0.732500	0.211600	0.176200	-0.175600
1627307196.290548	0.613000	-0.256600	-0.733000	0.199000	0.155400	-0.163100
1627307196.294772	0.611300	-0.253800	-0.736900	0.182900	0.140400	-0.154000
1627307196.313686	0.610100	-0.249100	-0.736600	0.175500	0.126700	-0.142300
1627307196.314966	0.609700	-0.240800	-0.738400	0.171200	0.114500	-0.125500
1627307196.330528	0.613300	-0.237200	-0.741800	0.167900	0.104400	-0.108700
1627307196.341554	0.614900	-0.234500	-0.744500	0.166100	0.095500	-0.088000
1627307196.352625	0.618800	-0.237100	-0.754500	0.159000	0.090000	-0.066000
1627307196.353520	0.622400	-0.242900	-0.764200	0.152600	0.093700	-0.048600
1627307196.372050	0.620500	-0.247100	-0.774000	0.138300	0.099500	-0.036400
1627307196.375780	0.619300	-0.246300	-0.776900	0.114100	0.109900	-0.022300
1627307196.385123	0.619400	-0.246200	-0.774800	0.110200	0.118400	-0.008300
1627307196.392513	0.619500	-0.248900	-0.776600	0.100100	0.129400	0.001800
1627307196.414895	0.618800	-0.247900	-0.781200	0.088200	0.150500	0.017400
1627307196.416291	0.622800	-0.255100	-0.788000	0.078700	0.171900	0.028700
1627307196.431193	0.617600	-0.257100	-0.781600	0.057600	0.196900	0.039700
1627307196.438989	0.619800	-0.250900	-0.765100	0.030400	0.222900	0.054000
1627307196.457981	0.627300	-0.252800	-0.752600	0.017000	0.232100	0.066000
1627307196.459106	0.625200	-0.257700	-0.741200	-0.004100	0.234800	0.078500
1627307196.469140	0.626300	-0.262700	-0.724100	-0.021800	0.230500	0.091900
1627307196.478833	0.629800	-0.265900	-0.710200	-0.023900	0.220500	0.100200
1627307196.490579	0.631300	-0.269800	-0.704000	-0.045300	0.202400	0.107500
1627307196.497646	0.631200	-0.271600	-0.701800	-0.071600	0.180400	0.115400
1627307196.508894	0.627900	-0.270400	-0.704800	-0.081000	0.165200	0.122500
1627307196.511539	0.629500	-0.266800	-0.705300	-0.091400	0.154200	0.130100
1627307196.534277	0.632200	-0.259500	-0.711700	-0.107900	0.140400	0.143500
1627307196.535089	0.638500	-0.256000	-0.721400	-0.129900	0.134900	0.157000
1627307196.545192	0.639400	-0.257200	-0.733400	-0.148200	0.132500	0.171600
1627307196.555385	0.637900	-0.262900	-0.739700	-0.168400	0.135900	0.188100
1627307196.578706	0.638500	-0.267600	-0.741300	-0.182800	0.146500	0.200700
1627307196.579625	0.639400	-0.269300	-0.740800	-0.204700	0.156300	0.209800
1627307196.589085	0.642600	-0.266200	-0.745100	-0.227700	0.170400	0.221100
1627307196.596524	0.644500	-0.267000	-0.749300	-0.239000	0.189000	0.232100
1627307196.600049	0.643100	-0.267700	-0.751300	-0.268000	0.208900	0.241000
1627307196.621376	0.642700	-0.262800	-0.745500	-0.299100	0.230800	0.255000
1627307196.623903	0.644200	-0.261000	-0.734300	-0.311900	0.250100	0.275200
1627307196.639126	0.642500	-0.263400	-0.720000	-0.327500	0.265100	0.293200
1627307196.642568	0.642200	-0.256100	-0.700700	-0.357200	0.267800	0.314000
1627307196.664269	0.644800	-0.257600	-0.685200	-0.353800	0.258900	0.343900
1627307196.665149	0.642800	-0.268300	-0.685900	-0.356500	0.244300	0.367700
1627307196.683662	0.645400	-0.283800	-0.686600	-0.363600	0.226300	0.388200
1627307196.694764	0.641000	-0.299000	-0.689800	-0.354700	0.208900	0.401900
1627307196.695579	0.639500	-0.308700	-0.689800	-0.373600	0.194800	0.409600
1627307196.701953	0.642800	-0.309800	-0.690200	-0.397500	0.179500	0.413200
1627307196.722936	0.638900	-0.304400	-0.700000	-0.415500	0.164300	0.419300
1627307196.723836	0.635300	-0.291300	-0.703600	-0.428300	0.157500	0.429400
1627307196.733992	0.635300	-0.281500	-0.701200	-0.419500	0.154800	0.445600
1627307196.743969	0.632400	-0.274500	-0.703000	-0.410000	0.152700	0.471000
1627307196.766854	0.634900	-0.278200	-0.702400	-0.408200	0.147500	0.493300
1627307196.767758	0.639600	-0.287700	-0.710400	-0.402700	0.142300	0.510100
1627307196.773943	0.636800	-0.307500	-0.724600	-0.415800	0.138600	0.523200
1627307196.786352	0.636600	-0.320400	-0.735500	-0.434700	0.137400	0.526200
1627307196.810567	0.635000	-0.327500	-0.748000	-0.442700	0.144100	0.521400
1627307196.811391	0.633200	-0.330000	-0.754600	-0.472000	0.155100	0.512500
1627307196.812465	0.633700	-0.321000	-0.752100	-0.498900	0.166700	0.507300
1627307196.827736	0.630700	-0.307500	-0.750400	-0.506200	0.176500	0.504900
1627307196.831329	0.627400	-0.295000	-0.749500	-0.513800	0.185300	0.511000
1627307196.850229	0.628500	-0.288800	-0.746600	-0.512900	0.188400	0.520700
1627307196.852648	0.630400	-0.290000	-0.741500	-0.507100	0.189000	0.530800
1627307196.867544	0.635700	-0.298300	-0.741000	-0.515100	0.186300	0.540000
1627307196.871286	0.637900	-0.304700	-0.740200	-0.523600	0.185600	0.543400
1627307196.895740	0.643800	-0.308800	-0.742100	-0.534900	0.188100	0.543700
1627307196.896557	0.641700	-0.312300	-0.744500	-0.563000	0.191700	0.540600
1627307196.904011	0.640600	-0.308500	-0.738900	-0.592300	0.196000	0.535400
1627307196.916440	0.643400	-0.300400	-0.734400	-0.596600	0.195700	0.530200
1627307196.938368	0.646500	-0.295700	-0.732800	-0.606400	0.187200	0.525600
1627307196.939283	0.648900	-0.285900	-0.732500	-0.618300	0.174300	0.526200
1627307196.942791	0.648400	-0.282200	-0.741900	-0.615200	0.166100	0.528400
1627307196.949382	0.647000	-0.279900	-0.759800	-0.625300	0.163600	0.535100
1627307196.973401	0.648700	-0.278400	-0.780500	-0.637500	0.171600	0.543000
1627307196.974520	0.642300	-0.281200	-0.800300	-0.647600	0.189000	0.551000
1627307196.982821	0.644000	-0.280200	-0.814200	-0.666900	0.213100	0.557100
1627307196.989449	0.644400	-0.279900	-0.818800	-0.687000	0.241800	0.563200
1627307197.013378	0.640400	-0.275800	-0.815700	-0.707200	0.266600	0.566900
1627307197.014072	0.644300	-0.269000	-0.805300	-0.722500	0.286400	0.573300
1627307197.032642	0.643200	-0.257200	-0.792000	-0.731000	0.303500	0.582800
1627307197.042301	0.643100	-0.249800	-0.783700	-0.735300	0.314800	0.595600
1627307197.043199	0.642100	-0.246500	-0.779200	-0.726700	0.322500	0.610500
1627307197.048216	0.638200	-0.247800	-0.779400	-0.715700	0.329500	0.628000
1627307197.070165	0.640300	-0.249400	-0.784500	-0.722500	0.335600	0.642300
1627307197.072698	0.640000	-0.247200	-0.790300	-0.733400	0.342000	0.655800
1627307197.088417	0.636500	-0.244900	-0.797700	-0.755700	0.355200	0.671300
1627307197.091279	0.632900	-0.238400	-0.797600	-0.782600	0.367100	0.685400
1627307197.115623	0.625500	-0.231400	-0.793000	-0.811900	0.380200	0.703100
1627307197.116618	0.622400	-0.220300	-0.778200	-0.826300	0.388800	0.728700
1627307197.127646	0.619000	-0.221600	-0.766100	-0.818400	0.389100	0.751400
1627307197.136533	0.618500	-0.223400	-0.758400	-0.823200	0.382000	0.772700
1627307197.155709	0.613500	-0.225600	-0.755900	-0.829400	0.368300	0.796900
1627307197.156558	0.609100	-0.231300	-0.763500	-0.828400	0.357600	0.813700
1627307197.166612	0.605600	-0.236000	-0.776600	-0.838500	0.352100	0.826800
1627307197.176312	0.603800	-0.241200	-0.793300	-0.847700	0.349700	0.841100
1627307197.195874	0.598900	-0.241500	-0.798500	-0.853500	0.355200	0.852800
1627307197.196772	0.595100	-0.235700	-0.796600	-0.859300	0.365200	0.865000
1627307197.202732	0.592200	-0.226400	-0.785300	-0.867800	0.375000	0.884800
1627307197.204362	0.586800	-0.218900	-0.772200	-0.860500	0.380800	0.906500
1627307197.232172	0.586500	-0.223500	-0.761100	-0.850400	0.377500	0.928800
1627307197.242007	0.586300	-0.230200	-0.757000	-0.848000	0.363100	0.953500
1627307197.242944	0.583100	-0.246200	-0.762700	-0.844000	0.346600	0.975500
1627307197.248372	0.588600	-0.266200	-0.773300	-0.839400	0.334400	0.985300
1627307197.272214	0.586300	-0.288100	-0.784800	-0.840000	0.328600	0.987100
1627307197.273110	0.583100	-0.303500	-0.790200	-0.851300	0.328300	0.979200
1627307197.282896	0.585300	-0.308500	-0.793700	-0.865700	0.331000	0.968500
1627307197.289229	0.583900	-0.298800	-0.797700	-0.884900	0.339600	0.958400
1627307197.311798	0.585100	-0.278200	-0.789400	-0.889500	0.351500	0.954500
1627307197.312787	0.580900	-0.263200	-0.780400	-0.880700	0.361000	0.960900
1627307197.322560	0.581700	-0.249600	-0.775400	-0.884600	0.367700	0.979800
1627307197.332665	0.587200	-0.247200	-0.763300	-0.870300	0.369500	1.005200
1627307197.354245	0.587500	-0.254200	-0.748900	-0.864200	0.364000	1.024400
1627307197.355150	0.594200	-0.270900	-0.739400	-0.870600	0.348100	1.040300
1627307197.361859	0.597700	-0.292200	-0.732800	-0.873900	0.326100	1.047000
1627307197.385047	0.601300	-0.306000	-0.734100	-0.872700	0.302900	1.043700
1627307197.385969	0.603900	-0.316400	-0.738900	-0.878800	0.271500	1.032700
1627307197.392885	0.600600	-0.315100	-0.755400	-0.912400	0.239700	1.018900
1627307197.403999	0.601000	-0.303800	-0.772500	-0.927100	0.221100	1.009100
1627307197.406446	0.598400	-0.293100	-0.785600	-0.915200	0.209800	1.005200
1627307197.429249	0.596700	-0.283100	-0.805500	-0.915500	0.205200	1.003900
1627307197.431466	0.594500	-0.282200	-0.824700	-0.906300	0.211300	1.006400
1627307197.446367	0.591300	-0.286700	-0.839800	-0.886800	0.224100	1.006100
1627307197.450197	0.588700	-0.301600	-0.858400	-0.881300	0.246700	1.002100
1627307197.473157	0.583600	-0.312700	-0.867200	-0.881600	0.272100	0.995400
1627307197.474378	0.581300	-0.318500	-0.873300	-0.877900	0.301700	0.981600
1627307197.482817	0.578100	-0.323600	-0.873200	-0.888000	0.341100	0.964800
1627307197.492488	0.577300	-0.323400	-0.869600	-0.902000	0.369500	0.949600
1627307197.493389	0.578100	-0.317900	-0.862700	-0.897800	0.399100	0.938900
1627307197.523025	0.578900	-0.315200	-0.850600	-0.896500	0.429400	0.929400
1627307197.523848	0.578000	-0.309700	-0.843300	-0.899300	0.452900	0.925400
1627307197.533918	0.579000	-0.304100	-0.830600	-0.892600	0.473100	0.921800
1627307197.538892	0.579200	-0.297500	-0.820900	-0.892900	0.487700	0.925800
1627307197.561786	0.580200	-0.290900	-0.809100	-0.888000	0.497800	0.933100
1627307197.564148	0.585000	-0.289100	-0.796800	-0.875800	0.500200	0.939200
1627307197.573931	0.583600	-0.284900	-0.782500	-0.883700	0.493800	0.948700
1627307197.582649	0.583500	-0.282000	-0.772000	-0.880100	0.482500	0.956600
1627307197.604412	0.586900	-0.281700	-0.762600	-0.858700	0.469400	0.964800
1627307197.606459	0.586200	-0.281100	-0.757100	-0.860200	0.448000	0.971900
1627307197.611451	0.588500	-0.277700	-0.755700	-0.861700	0.424500	0.978300
1627307197.623853	0.592700	-0.278400	-0.763500	-0.858400	0.400700	0.982900
1627307197.644295	0.590900	-0.276000	-0.777800	-0.873600	0.374700	0.989000
1627307197.645111	0.590000	-0.272100	-0.794200	-0.882800	0.355800	0.995400
1627307197.656603	0.587000	-0.268400	-0.808500	-0.880100	0.348100	1.002100
1627307197.665327	0.580200	-0.268800	-0.824500	-0.884300	0.346300	1.008800
1627307197.685820	0.574100	-0.265600	-0.832800	-0.868800	0.355500	1.015900
1627307197.686637	0.575400	-0.270900	-0.835100	-0.841600	0.366800	1.023500
1627307197.698194	0.575700	-0.280400	-0.837000	-0.821700	0.381700	1.027800
1627307197.715033	0.575600	-0.297000	-0.844100	-0.814100	0.397900	1.032000
1627307197.717672	0.575300	-0.312300	-0.851600	-0.810700	0.419300	1.029300
1627307197.730801	0.572000	-0.325200	-0.852500	-0.808300	0.447700	1.022000
1627307197.731701	0.573000	-0.333600	-0.842300	-0.810400	0.478900	1.010400
1627307197.733154	0.574700	-0.337400	-0.829800	-0.829000	0.500800	1.002400
1627307197.757705	0.571500	-0.339100	-0.808300	-0.826300	0.514300	0.997200
1627307197.772858	0.581300	-0.342800	-0.789900	-0.798500	0.519500	0.987800
1627307197.777552	0.580600	-0.346900	-0.780400	-0.793600	0.509700	0.981300
1627307197.789672	0.579100	-0.349900	-0.773400	-0.790000	0.497800	0.975800
1627307197.795316	0.590100	-0.366700	-0.775600	-0.734700	0.487400	0.964500
1627307197.803979	0.591800	-0.381800	-0.779300	-0.708700	0.482500	0.948400
1627307197.808771	0.597900	-0.392800	-0.783000	-0.719700	0.476700	0.929400
1627307197.834422	0.600800	-0.400600	-0.792100	-0.707500	0.481000	0.900100
1627307197.837709	0.600500	-0.400100	-0.793800	-0.706300	0.488300	0.878400
1627307197.841412	0.603400	-0.391700	-0.790000	-0.708400	0.493800	0.860700
1627307197.846439	0.603400	-0.381600	-0.778800	-0.687000	0.501500	0.846000
1627307197.870806	0.610500	-0.377700	-0.763900	-0.675700	0.501500	0.837800
1627307197.872884	0.615600	-0.377800	-0.748200	-0.664100	0.492300	0.829800
1627307197.884065	0.613400	-0.385100	-0.739500	-0.639100	0.475500	0.818500
1627307197.890271	0.618800	-0.392700	-0.734900	-0.624400	0.455300	0.799300
1627307197.923186	0.623700	-0.398900	-0.732200	-0.609100	0.434300	0.778500
1627307197.924114	0.622100	-0.399200	-0.732900	-0.593600	0.413200	0.752600
1627307197.925004	0.620200	-0.393700	-0.727800	-0.584100	0.402200	0.733000
1627307197.930603	0.622600	-0.386600	-0.720100	-0.565500	0.395800	0.715900
1627307197.958503	0.624300	-0.384300	-0.712600	-0.538300	0.386600	0.700600
1627307197.959425	0.622600	-0.382400	-0.709800	-0.528200	0.373200	0.687500
1627307197.961655	0.619600	-0.382700	-0.709100	-0.521200	0.358500	0.672900
1627307197.971671	0.621200	-0.388300	-0.710800	-0.505600	0.338400	0.654200
1627307197.974976	0.619500	-0.396600	-0.715800	-0.503800	0.324000	0.628600
1627307197.998867	0.613400	-0.401700	-0.724500	-0.494000	0.317000	0.604400
1627307198.001427	0.614500	-0.403900	-0.737500	-0.489700	0.316400	0.567800
1627307198.023691	0.612100	-0.403400	-0.744800	-0.482400	0.321600	0.532400
1627307198.027551	0.616800	-0.400800	-0.754500	-0.475700	0.330100	0.499100
1627307198.042421	0.602400	-0.393100	-0.751100	-0.468000	0.347200	0.469400
1627307198.048993	0.624100	-0.380600	-0.739600	-0.448200	0.362800	0.434000
1627307198.049901	0.616600	-0.376700	-0.733000	-0.453400	0.363400	0.415100
1627307198.073995	0.616700	-0.373400	-0.736300	-0.451200	0.372300	0.394600
1627307198.083448	0.626100	-0.373000	-0.739900	-0.432000	0.387500	0.371400
1627307198.084361	0.620100	-0.365000	-0.726600	-0.447600	0.394600	0.356400
1627307198.090175	0.628900	-0.355800	-0.708900	-0.441800	0.399700	0.345100
1627307198.094331	0.634800	-0.346100	-0.685300	-0.419500	0.394300	0.335000
1627307198.120550	0.632100	-0.337800	-0.665300	-0.418200	0.379000	0.330200
1627307198.122851	0.636000	-0.328700	-0.645500	-0.399900	0.354500	0.331400
1627307198.132809	0.637300	-0.322900	-0.629900	-0.355000	0.315100	0.336300
1627307198.137927	0.638300	-0.326000	-0.621500	-0.316500	0.280300	0.341500
1627307198.160662	0.638900	-0.330000	-0.620500	-0.294200	0.241500	0.343300
1627307198.161502	0.642800	-0.336500	-0.625500	-0.269200	0.194800	0.345400
1627307198.171626	0.642100	-0.345100	-0.633400	-0.247200	0.162700	0.341800
1627307198.182690	0.641000	-0.347500	-0.639900	-0.237400	0.135500	0.334400
1627307198.205615	0.638400	-0.350300	-0.642600	-0.217300	0.107100	0.326500
1627307198.206438	0.638300	-0.353600	-0.641100	-0.192500	0.086400	0.316700
1627307198.210051	0.638200	-0.355300	-0.640700	-0.170500	0.067100	0.308500
1627307198.225318	0.640500	-0.362400	-0.644300	-0.142400	0.042700	0.296300
1627307198.231447	0.635100	-0.366800	-0.646400	-0.109100	0.023500	0.285900
1627307198.251867	0.644900	-0.378500	-0.652600	-0.074600	0.005700	0.266600
1627307198.252687	0.640400	-0.394700	-0.673600	-0.067300	-0.018100	0.243100
1627307198.266657	0.637300	-0.408000	-0.686400	-0.067900	-0.033400	0.213500
1627307198.271385	0.640000	-0.419200	-0.696400	-0.044700	-0.038500	0.181400
1627307198.290863	0.644800	-0.425000	-0.706700	-0.046500	-0.040700	0.136200
1627307198.291759	0.638900	-0.417000	-0.715600	-0.083500	-0.038500	0.097700
1627307198.299518	0.637800	-0.401500	-0.724100	-0.073700	-0.027200	0.064400
1627307198.325179	0.639400	-0.385900	-0.722500	-0.047800	-0.011700	0.039100
1627307198.340147	0.639000	-0.369300	-0.716200	-0.040700	0.003600	0.022000
1627307198.342673	0.643900	-0.354100	-0.711900	-0.039800	0.012500	0.014600
1627307198.355697	0.639300	-0.348900	-0.704100	-0.013500	0.019500	0.015600
1627307198.356613	0.640700	-0.352100	-0.689600	0.027700	0.024100	0.016200
1627307198.360293	0.647300	-0.361100	-0.671300	0.045400	0.018000	0.014600
1627307198.375445	0.652200	-0.365000	-0.660300	0.043600	-0.001600	0.009800
1627307198.378671	0.654300	-0.371000	-0.652000	0.056400	-0.028500	0.000900
1627307198.398031	0.655600	-0.379000	-0.648300	0.079300	-0.054700	-0.011300
1627307198.400292	0.658100	-0.383100	-0.638900	0.096100	-0.086800	-0.027500
1627307198.412756	0.664600	-0.389600	-0.636100	0.117500	-0.129000	-0.049200
1627307198.416292	0.669800	-0.396500	-0.645400	0.130900	-0.162900	-0.072700
1627307198.440675	0.668500	-0.398700	-0.658900	0.138000	-0.194000	-0.099000
1627307198.441651	0.675200	-0.394800	-0.672000	0.145000	-0.218800	-0.132000
1627307198.451462	0.674200	-0.388500	-0.684900	0.154100	-0.235900	-0.152700
1627307198.462536	0.673100	-0.384400	-0.697400	0.156600	-0.245300	-0.173500
1627307198.480888	0.673100	-0.377700	-0.707200	0.165700	-0.249000	-0.194300
1627307198.482988	0.673600	-0.374500	-0.712900	0.175500	-0.248400	-0.210800
1627307198.490163	0.674900	-0.371800	-0.717800	0.176400	-0.248100	-0.222700
1627307198.502653	0.671600	-0.374400	-0.718800	0.182200	-0.248700	-0.239200
1627307198.524094	0.669600	-0.377300	-0.716800	0.204500	-0.246900	-0.252300
1627307198.526474	0.668200	-0.380500	-0.713700	0.218900	-0.248400	-0.269700
1627307198.530156	0.674200	-0.386600	-0.720200	0.243600	-0.250500	-0.294800
1627307198.545098	0.671500	-0.394000	-0.729400	0.263200	-0.249600	-0.319500
1627307198.546010	0.671900	-0.395400	-0.740500	0.277500	-0.242600	-0.347000
1627307198.566477	0.670800	-0.388300	-0.745700	0.285800	-0.226400	-0.378400
1627307198.568964	0.662200	-0.381700	-0.750000	0.293100	-0.210200	-0.397700
1627307198.583821	0.665000	-0.382400	-0.753700	0.326700	-0.196500	-0.413300
1627307198.587553	0.663900	-0.387100	-0.756800	0.341700	-0.183900	-0.438000
1627307198.610509	0.657300	-0.385600	-0.762100	0.342300	-0.169900	-0.460300
1627307198.611675	0.659500	-0.385300	-0.772500	0.360000	-0.153100	-0.483800
1627307198.621581	0.660200	-0.386000	-0.779700	0.365500	-0.129600	-0.511900
1627307198.626421	0.658600	-0.378900	-0.780900	0.362100	-0.105400	-0.536700
1627307198.648030	0.656200	-0.367800	-0.775900	0.370700	-0.076700	-0.556200
1627307198.650256	0.659100	-0.351900	-0.767200	0.373100	-0.045000	-0.573000
1627307198.667514	0.654100	-0.332500	-0.753700	0.376200	-0.017200	-0.581600
1627307198.678545	0.653000	-0.315700	-0.736600	0.393600	0.002100	-0.580000
1627307198.679444	0.652100	-0.302700	-0.715500	0.432400	0.011200	-0.570000
1627307198.685897	0.652200	-0.302100	-0.698200	0.470600	0.007900	-0.556500
1627307198.708153	0.650100	-0.305700	-0.679700	0.495300	-0.004300	-0.544900
1627307198.709016	0.651600	-0.315600	-0.664600	0.513600	-0.026900	-0.534500
1627307198.721503	0.647600	-0.326000	-0.655400	0.535600	-0.055300	-0.528700
1627307198.726301	0.648700	-0.335400	-0.651000	0.559100	-0.082500	-0.531200
1627307198.750657	0.648400	-0.347000	-0.650100	0.580500	-0.114300	-0.537000
1627307198.752792	0.640300	-0.351700	-0.654100	0.590300	-0.151300	-0.549500
1627307198.764127	0.642800	-0.350000	-0.662400	0.601000	-0.182100	-0.558600
1627307198.773625	0.637200	-0.347400	-0.673700	0.616300	-0.203800	-0.569000
1627307198.792090	0.637600	-0.346100	-0.688200	0.639200	-0.221200	-0.577600
1627307198.792917	0.633900	-0.346300	-0.701400	0.643400	-0.230400	-0.585500
1627307198.800248	0.630200	-0.344500	-0.705900	0.639200	-0.237100	-0.591600
1627307198.808843	0.629000	-0.341900	-0.707400	0.663000	-0.238600	-0.596200
1627307198.829446	0.626800	-0.344700	-0.706100	0.684100	-0.237400	-0.601700
1627307198.831450	0.627200	-0.346400	-0.702400	0.694500	-0.237100	-0.604800
1627307198.842695	0.625000	-0.347500	-0.699200	0.724400	-0.240700	-0.609000
1627307198.849171	0.623000	-0.353300	-0.698500	0.753400	-0.242000	-0.612100
1627307198.872085	0.627300	-0.361200	-0.697500	0.779100	-0.244400	-0.618500
1627307198.872906	0.626500	-0.370000	-0.696300	0.795500	-0.247500	-0.628600
1627307198.879022	0.630100	-0.375000	-0.690800	0.795900	-0.251100	-0.641700
1627307198.889891	0.632000	-0.378300	-0.689100	0.794600	-0.260000	-0.654900
1627307198.914576	0.626500	-0.377200	-0.682400	0.789100	-0.273700	-0.675900
1627307198.915494	0.630600	-0.376000	-0.676600	0.787300	-0.289300	-0.690900
1627307198.920335	0.627600	-0.372600	-0.671100	0.793700	-0.304300	-0.704300
1627307198.934392	0.628700	-0.361000	-0.673200	0.799200	-0.322300	-0.717500
1627307198.963088	0.626000	-0.355700	-0.679700	0.805000	-0.338800	-0.724800
1627307198.963907	0.624300	-0.345300	-0.681200	0.809300	-0.351300	-0.729400
1627307198.965403	0.627700	-0.340800	-0.683800	0.815700	-0.368100	-0.732700
1627307198.977501	0.627700	-0.341300	-0.689200	0.816600	-0.385800	-0.733700
1627307198.978401	0.627700	-0.348800	-0.697000	0.808400	-0.401700	-0.737900
1627307198.999352	0.627900	-0.356300	-0.701900	0.805900	-0.415800	-0.746800
1627307199.000173	0.625900	-0.360600	-0.706800	0.797400	-0.428000	-0.760800
1627307199.011708	0.626800	-0.357800	-0.710700	0.789100	-0.437100	-0.775500
1627307199.032188	0.626100	-0.351100	-0.717300	0.793700	-0.441400	-0.791700
1627307199.033093	0.619800	-0.340800	-0.726300	0.792200	-0.443900	-0.801500
1627307199.038133	0.616700	-0.335100	-0.737900	0.785200	-0.439300	-0.806700
1627307199.063058	0.615500	-0.329300	-0.749500	0.784200	-0.432600	-0.804800
1627307199.065353	0.621200	-0.332400	-0.757300	0.786700	-0.420000	-0.805700
1627307199.068945	0.628700	-0.336700	-0.762800	0.773300	-0.413600	-0.807300
1627307199.079977	0.623200	-0.340100	-0.767900	0.734200	-0.408400	-0.814300
1627307199.080882	0.625200	-0.340800	-0.769400	0.714600	-0.397100	-0.826800
1627307199.106366	0.628500	-0.337900	-0.766600	0.704800	-0.388900	-0.841200
1627307199.118495	0.625200	-0.327000	-0.758500	0.677300	-0.383700	-0.849700
1627307199.119396	0.626100	-0.312000	-0.750200	0.664800	-0.380600	-0.856100
1627307199.124395	0.631600	-0.303300	-0.749900	0.670000	-0.383700	-0.858000
