1627307207.279538	0.574200	-0.314800	-0.773600	0.038700	-0.064200	-0.029900
1627307207.280171	0.571000	-0.314500	-0.780600	0.046300	-0.058100	-0.026000
1627307207.280806	0.576400	-0.318600	-0.784300	0.054000	-0.049800	-0.021700
1627307207.281435	0.581100	-0.327800	-0.790000	0.042400	-0.043700	-0.021700
1627307207.282066	0.576900	-0.332800	-0.794400	0.016100	-0.039200	-0.023200
1627307207.283254	0.579000	-0.335200	-0.799000	-0.005000	-0.029700	-0.028400
1627307207.283805	0.581300	-0.339200	-0.803100	-0.019700	-0.020200	-0.037300
1627307207.284354	0.578000	-0.339100	-0.799900	-0.031600	-0.014700	-0.046100
1627307207.284907	0.578400	-0.330100	-0.795400	-0.033100	-0.009500	-0.054100
1627307207.285462	0.579600	-0.324200	-0.788100	-0.015700	-0.005600	-0.061400
1627307207.285986	0.582400	-0.312700	-0.780900	-0.005300	-0.007100	-0.063500
1627307207.286483	0.581500	-0.303300	-0.781600	0.008100	-0.013200	-0.060800
1627307207.286975	0.580900	-0.299900	-0.786500	0.022800	-0.016900	-0.053500
1627307207.287476	0.585700	-0.301400	-0.794200	0.033200	-0.016900	-0.045800
1627307207.287972	0.588000	-0.303000	-0.802900	0.039600	-0.011400	-0.041900
1627307207.288443	0.588700	-0.303600	-0.807400	0.031700	-0.000700	-0.037300
1627307207.288898	0.585900	-0.300400	-0.809200	0.024600	0.011800	-0.033000
1627307207.289344	0.584700	-0.294800	-0.803100	0.021000	0.024400	-0.025700
1627307207.289785	0.581500	-0.288500	-0.792000	0.017000	0.037800	-0.017100
1627307207.290231	0.583100	-0.282600	-0.776700	0.022200	0.046400	-0.006700
1627307207.290638	0.587000	-0.278700	-0.765500	0.030700	0.050000	0.003300
1627307207.291039	0.584500	-0.279400	-0.754500	0.035300	0.047000	0.018300
1627307207.291475	0.583600	-0.281600	-0.747200	0.038400	0.038400	0.029900
1627307207.291879	0.581100	-0.286700	-0.745100	0.037200	0.025900	0.038200
1627307207.292280	0.581500	-0.292100	-0.741800	0.032000	0.005700	0.046700
1627307207.292725	0.583500	-0.298000	-0.741300	0.029200	-0.011400	0.048900
1627307207.293127	0.581900	-0.300500	-0.739000	0.029200	-0.032100	0.050400
1627307207.293528	0.578900	-0.300700	-0.740200	0.035600	-0.054100	0.051600
1627307207.293971	0.585400	-0.299800	-0.746100	0.051200	-0.070900	0.053400
1627307207.294373	0.587000	-0.298700	-0.754500	0.062800	-0.085600	0.054400
1627307207.294808	0.576400	-0.292500	-0.765500	0.057900	-0.096300	0.060500
1627307207.295217	0.573500	-0.290200	-0.782300	0.064000	-0.097500	0.070200
1627307207.295621	0.573100	-0.294200	-0.798000	0.069500	-0.089200	0.079400
1627307207.296069	0.575600	-0.303000	-0.806200	0.053700	-0.075200	0.087000
1627307207.296476	0.573100	-0.306400	-0.806000	0.046300	-0.058100	0.088900
1627307207.296878	0.573000	-0.315100	-0.803200	0.040500	-0.041000	0.089200
1627307207.297324	0.577300	-0.319800	-0.792000	0.028600	-0.025400	0.085800
1627307207.297729	0.575300	-0.320400	-0.778400	0.024900	-0.016600	0.081500
1627307207.298132	0.574000	-0.325300	-0.763900	0.032300	-0.014700	0.078500
1627307207.298576	0.573100	-0.333000	-0.754500	0.043300	-0.021400	0.074500
1627307207.298978	0.574200	-0.341700	-0.753200	0.045400	-0.036100	0.069000
1627307207.299424	0.575800	-0.349700	-0.757700	0.043000	-0.052300	0.060800
1627307207.299827	0.576900	-0.357900	-0.767600	0.046300	-0.071200	0.048200
1627307207.300230	0.578500	-0.361600	-0.787100	0.039900	-0.087700	0.030800
1627307207.300677	0.575800	-0.356000	-0.805800	0.031700	-0.098100	0.017400
1627307207.301079	0.568700	-0.346400	-0.826300	0.037500	-0.100600	0.004600
1627307207.301482	0.564000	-0.334600	-0.841700	0.067700	-0.090800	-0.001800
1627307207.301919	0.562900	-0.327000	-0.850600	0.098600	-0.071800	-0.006100
1627307207.302323	0.559600	-0.323700	-0.860000	0.120200	-0.044400	-0.005500
1627307207.302728	0.563700	-0.321200	-0.872300	0.133100	-0.003400	-0.005800
1627307207.303175	0.559700	-0.320200	-0.874800	0.131500	0.036600	-0.008600
1627307207.303576	0.569000	-0.313400	-0.884000	0.091200	0.078100	-0.014700
1627307207.304003	0.561300	-0.295800	-0.881700	0.028300	0.124900	-0.019000
1627307207.304425	0.553600	-0.271700	-0.873200	-0.043500	0.155400	-0.013100
1627307207.304827	0.553100	-0.246300	-0.848600	-0.093300	0.178900	0.002700
1627307207.305281	0.550900	-0.227200	-0.815100	-0.089300	0.196000	0.035700
1627307207.305688	0.554000	-0.220600	-0.795300	-0.080100	0.198500	0.065000
1627307207.306093	0.556500	-0.211700	-0.764500	-0.086200	0.193600	0.096200
1627307207.306541	0.555300	-0.204000	-0.750400	-0.077400	0.163000	0.140800
1627307207.306945	0.540300	-0.193400	-0.731400	-0.078000	0.132200	0.181100
1627307207.307347	0.529800	-0.196400	-0.718500	-0.039200	0.096500	0.226300
1627307207.307794	0.545300	-0.232700	-0.714200	0.017600	0.053700	0.270000
1627307207.308198	0.553500	-0.261600	-0.712500	0.043600	0.009700	0.291400
1627307207.308600	0.557100	-0.282500	-0.717500	0.033500	-0.034000	0.298700
1627307207.309047	0.553000	-0.310500	-0.737700	-0.016600	-0.080100	0.298400
1627307207.309451	0.551800	-0.330300	-0.756700	-0.025500	-0.104500	0.286500
1627307207.309879	0.553500	-0.342000	-0.772900	-0.051700	-0.118300	0.269700
1627307207.310367	0.541700	-0.338500	-0.796600	-0.127200	-0.122800	0.248900
1627307207.310869	0.543100	-0.332900	-0.825900	-0.151300	-0.112800	0.232700
1627307207.311396	0.553500	-0.327000	-0.848900	-0.165000	-0.096900	0.220800
1627307207.311884	0.550200	-0.304400	-0.864900	-0.221800	-0.070900	0.215900
1627307207.312343	0.546500	-0.287100	-0.878100	-0.258500	-0.035500	0.220500
1627307207.312787	0.557100	-0.279900	-0.890400	-0.246000	0.007000	0.229700
1627307207.313241	0.555500	-0.281900	-0.896900	-0.225200	0.058600	0.245900
1627307207.313698	0.561800	-0.288900	-0.897600	-0.230100	0.106800	0.259000
1627307207.314157	0.571900	-0.292700	-0.888500	-0.234100	0.147500	0.266300
1627307207.314627	0.573400	-0.293000	-0.876500	-0.251500	0.185000	0.274300
1627307207.315135	0.571200	-0.288100	-0.863600	-0.281700	0.215900	0.284000
1627307207.315602	0.572800	-0.283800	-0.853800	-0.301000	0.237300	0.292000
1627307207.316062	0.575600	-0.286600	-0.840900	-0.310700	0.249500	0.302700
1627307207.316571	0.574600	-0.283300	-0.823500	-0.334900	0.254700	0.314300
1627307207.317058	0.578600	-0.279500	-0.810900	-0.351000	0.248900	0.327400
1627307207.317519	0.574200	-0.271500	-0.800500	-0.349500	0.237900	0.343000
1627307207.318069	0.570200	-0.267000	-0.796800	-0.354400	0.227200	0.362500
1627307207.318543	0.578500	-0.263800	-0.802200	-0.349200	0.214700	0.380900
1627307207.319015	0.574300	-0.251800	-0.797000	-0.356800	0.194800	0.401300
1627307207.319481	0.548200	-0.248500	-0.804700	-0.322900	0.188100	0.434000
1627307207.319940	0.561500	-0.270500	-0.821900	-0.271900	0.191400	0.454200
1627307207.320557	0.550300	-0.285800	-0.825700	-0.273500	0.193900	0.469400
1627307207.321024	0.538800	-0.298100	-0.824500	-0.304300	0.203400	0.481700
1627307207.321463	0.549700	-0.302900	-0.825100	-0.304300	0.220200	0.485300
1627307207.321905	0.538300	-0.298800	-0.825100	-0.337300	0.239100	0.489300
1627307207.322323	0.525800	-0.293600	-0.828500	-0.363000	0.268100	0.504600
1627307207.322742	0.524500	-0.301300	-0.823500	-0.357800	0.290400	0.514900
1627307207.323184	0.516500	-0.309600	-0.802400	-0.381900	0.304800	0.525600
1627307207.323602	0.522000	-0.318400	-0.777300	-0.389800	0.309300	0.529300
1627307207.324019	0.531000	-0.327800	-0.754000	-0.385900	0.303500	0.524700
1627307207.324530	0.537400	-0.327900	-0.739700	-0.398400	0.283400	0.518600
1627307207.324959	0.537000	-0.322000	-0.741900	-0.429200	0.251300	0.510100
1627307207.325384	0.535800	-0.316800	-0.747800	-0.428600	0.226000	0.504300
1627307207.325876	0.538500	-0.312300	-0.760000	-0.431400	0.208500	0.496900
1627307207.326336	0.552000	-0.298000	-0.765900	-0.457300	0.187500	0.493300
1627307207.326798	0.558100	-0.282000	-0.769800	-0.476000	0.171900	0.494500
1627307207.327233	0.564200	-0.259900	-0.774300	-0.505900	0.155400	0.503000
1627307207.327640	0.569200	-0.230700	-0.774900	-0.539500	0.139200	0.531100
1627307207.328135	0.551500	-0.217300	-0.775100	-0.520600	0.136200	0.566600
1627307207.328577	0.552500	-0.219800	-0.780200	-0.488200	0.137400	0.599900
1627307207.328995	0.563000	-0.234600	-0.787600	-0.461900	0.130700	0.630700
1627307207.329438	0.584000	-0.245400	-0.856700	-0.519600	0.137100	0.654800
1627307207.329852	0.578700	-0.257800	-0.935900	-0.619500	0.202700	0.665500
1627307207.330265	0.574300	-0.242300	-0.938500	-0.699800	0.295300	0.670400
1627307207.330817	0.569900	-0.218800	-0.881800	-0.756700	0.362800	0.686000
1627307207.331364	0.567100	-0.214400	-0.799400	-0.754500	0.388800	0.703100
1627307207.331805	0.566400	-0.230500	-0.759200	-0.749900	0.363400	0.722000
1627307207.332217	0.553700	-0.252100	-0.757900	-0.733800	0.330400	0.737000
1627307207.332629	0.551900	-0.284200	-0.779100	-0.629600	0.314200	0.734900
1627307207.333068	0.543800	-0.309000	-0.781400	-0.647600	0.296200	0.727500
1627307207.333480	0.534700	-0.311500	-0.787000	-0.706900	0.268100	0.719000
1627307207.333962	0.538300	-0.308300	-0.780800	-0.672700	0.253100	0.709800
1627307207.334422	0.543000	-0.314600	-0.785300	-0.657400	0.229000	0.702500
1627307207.334834	0.552400	-0.310300	-0.804200	-0.700200	0.207000	0.693000
1627307207.335255	0.554300	-0.298700	-0.825200	-0.718500	0.200300	0.689000
1627307207.335699	0.548600	-0.284200	-0.850300	-0.728300	0.202400	0.689700
1627307207.336114	0.551000	-0.262900	-0.874800	-0.765800	0.217100	0.699100
1627307207.336549	0.550400	-0.248500	-0.892500	-0.790300	0.233000	0.711000
1627307207.336960	0.543500	-0.234900	-0.893200	-0.794800	0.253400	0.727800
1627307207.337374	0.536700	-0.220000	-0.889400	-0.778300	0.277900	0.753800
1627307207.337818	0.525300	-0.220100	-0.885400	-0.749900	0.299900	0.778200
1627307207.338231	0.524000	-0.221700	-0.880100	-0.721500	0.320600	0.798700
1627307207.338644	0.523800	-0.234700	-0.871100	-0.697400	0.340200	0.820400
1627307207.339097	0.520300	-0.245500	-0.863000	-0.685800	0.349000	0.833200
1627307207.339511	0.526900	-0.252700	-0.855700	-0.687900	0.353300	0.838700
1627307207.339925	0.516800	-0.255100	-0.838600	-0.704700	0.353300	0.843900
1627307207.340409	0.529900	-0.249300	-0.827600	-0.723700	0.346600	0.846600
1627307207.340866	0.530000	-0.233800	-0.818000	-0.746000	0.333200	0.854600
1627307207.341555	0.518800	-0.218900	-0.811400	-0.764900	0.315400	0.874400
1627307207.342150	0.517600	-0.218900	-0.803000	-0.740200	0.302900	0.894300
1627307207.342625	0.521100	-0.234900	-0.799400	-0.692800	0.290700	0.909000
1627307207.343115	0.521900	-0.257000	-0.793800	-0.701100	0.268400	0.915100
1627307207.343552	0.517700	-0.269800	-0.791300	-0.702000	0.247600	0.914100
1627307207.343976	0.519700	-0.285500	-0.797000	-0.686400	0.228100	0.903500
1627307207.344428	0.519500	-0.299800	-0.812400	-0.707200	0.204000	0.890900
1627307207.344846	0.513100	-0.306500	-0.832900	-0.740200	0.191100	0.875700
1627307207.345261	0.514200	-0.309700	-0.846100	-0.746600	0.190800	0.860400
1627307207.345706	0.523900	-0.315400	-0.853800	-0.748100	0.192700	0.838700
1627307207.346195	0.528700	-0.315600	-0.853400	-0.770400	0.193300	0.817000
1627307207.346654	0.525100	-0.312000	-0.849900	-0.783200	0.192100	0.798100
1627307207.347128	0.535400	-0.309700	-0.854400	-0.781700	0.193300	0.775200
1627307207.347552	0.540400	-0.307900	-0.854600	-0.787800	0.190800	0.754100
1627307207.348105	0.540200	-0.300700	-0.848800	-0.804600	0.191100	0.734600
1627307207.348535	0.548000	-0.291900	-0.851000	-0.795400	0.194200	0.721400
1627307207.348955	0.551300	-0.275100	-0.855700	-0.804000	0.200900	0.711600
1627307207.349403	0.546800	-0.257200	-0.852300	-0.823200	0.207600	0.715300
1627307207.349819	0.546800	-0.260000	-0.851700	-0.802500	0.215600	0.722600
1627307207.350235	0.552100	-0.286900	-0.843000	-0.775300	0.222000	0.724800
1627307207.350684	0.561400	-0.304000	-0.840500	-0.780200	0.218300	0.715000
1627307207.351101	0.568200	-0.301400	-0.840000	-0.792100	0.214700	0.698500
1627307207.351524	0.563200	-0.288900	-0.846300	-0.828100	0.201800	0.688100
1627307207.351980	0.564200	-0.283200	-0.852300	-0.796100	0.200600	0.682300
1627307207.352398	0.560400	-0.283000	-0.856000	-0.753300	0.204000	0.680800
1627307207.352848	0.557500	-0.283700	-0.857500	-0.742900	0.211000	0.680800
1627307207.353266	0.557900	-0.283900	-0.853400	-0.699800	0.216800	0.682600
1627307207.353683	0.554700	-0.289300	-0.847700	-0.666600	0.219200	0.682300
1627307207.354132	0.555700	-0.298700	-0.848800	-0.650700	0.211000	0.680500
1627307207.354550	0.557300	-0.303100	-0.862300	-0.638200	0.206100	0.673500
1627307207.354965	0.553200	-0.299100	-0.869600	-0.633600	0.203400	0.667400
1627307207.355412	0.553200	-0.291700	-0.880900	-0.625300	0.207000	0.663400
1627307207.355827	0.552600	-0.289900	-0.886100	-0.596600	0.215900	0.661600
1627307207.356243	0.549900	-0.289400	-0.886500	-0.569700	0.227200	0.660300
1627307207.356686	0.553100	-0.291000	-0.885400	-0.537100	0.241800	0.660600
1627307207.357104	0.555900	-0.289900	-0.882700	-0.505000	0.255300	0.659400
1627307207.357597	0.553200	-0.289700	-0.882700	-0.493400	0.266900	0.657600
1627307207.358065	0.546800	-0.285200	-0.892200	-0.501600	0.279100	0.660300
1627307207.358519	0.545800	-0.293200	-0.900000	-0.482100	0.295600	0.658500
1627307207.358996	0.545500	-0.303800	-0.895000	-0.448500	0.312700	0.649600
1627307207.359420	0.552000	-0.306900	-0.872700	-0.449700	0.322200	0.635000
1627307207.359833	0.553100	-0.301300	-0.845600	-0.429800	0.320000	0.618800
1627307207.360301	0.553100	-0.296800	-0.829200	-0.396600	0.306000	0.600800
1627307207.360707	0.552700	-0.293200	-0.832300	-0.383700	0.287000	0.584900
1627307207.361112	0.540500	-0.289400	-0.841100	-0.359300	0.278800	0.570200
1627307207.361557	0.542500	-0.299100	-0.857800	-0.326300	0.279400	0.555600
1627307207.361970	0.549300	-0.306600	-0.872600	-0.318400	0.287300	0.535700
1627307207.362593	0.540800	-0.306400	-0.878900	-0.337000	0.300800	0.516500
1627307207.363090	0.546000	-0.309400	-0.876600	-0.326600	0.318800	0.495400
1627307207.363567	0.548300	-0.311500	-0.864000	-0.322600	0.334400	0.471900
1627307207.364022	0.551000	-0.301900	-0.852800	-0.342200	0.342000	0.447400
1627307207.364452	0.552700	-0.290200	-0.846100	-0.332100	0.349400	0.429700
1627307207.364879	0.551100	-0.278400	-0.842900	-0.321700	0.355200	0.415700
1627307207.365331	0.552200	-0.267700	-0.838400	-0.321400	0.360700	0.407700
1627307207.365775	0.551800	-0.264300	-0.825000	-0.305200	0.364900	0.402900
1627307207.366242	0.553700	-0.264300	-0.818500	-0.294500	0.365500	0.398300
1627307207.366784	0.554000	-0.266800	-0.815600	-0.292700	0.364600	0.388800
1627307207.367230	0.549900	-0.270400	-0.818400	-0.292100	0.366800	0.380300
1627307207.367645	0.550900	-0.268800	-0.809200	-0.287200	0.374700	0.369900
1627307207.368096	0.555500	-0.260700	-0.786500	-0.293600	0.372600	0.357300
1627307207.368500	0.553600	-0.252600	-0.771000	-0.299400	0.361600	0.351800
1627307207.368943	0.557400	-0.252100	-0.763300	-0.291500	0.349000	0.346300
1627307207.369357	0.565100	-0.251600	-0.761100	-0.280200	0.331900	0.335700
1627307207.369771	0.565900	-0.249300	-0.764500	-0.295500	0.319100	0.329200
1627307207.370212	0.565800	-0.239900	-0.765300	-0.308000	0.306600	0.325000
1627307207.370625	0.566500	-0.235100	-0.762100	-0.288100	0.295900	0.321900
1627307207.371036	0.568200	-0.236500	-0.760700	-0.277400	0.287000	0.317600
1627307207.373722	0.573200	-0.244900	-0.756500	-0.269500	0.274500	0.314000
1627307207.374175	0.573200	-0.250400	-0.740400	-0.250600	0.258300	0.302400
1627307207.374639	0.575800	-0.254200	-0.736100	-0.246600	0.238800	0.289800
1627307207.375129	0.576900	-0.253500	-0.731700	-0.243800	0.218000	0.279500
1627307207.375625	0.576200	-0.257000	-0.733000	-0.227000	0.193600	0.266300
1627307207.376100	0.571900	-0.258300	-0.731900	-0.223700	0.171000	0.254700
1627307207.376640	0.576400	-0.257900	-0.737400	-0.223100	0.149900	0.242200
1627307207.377188	0.581700	-0.253700	-0.744800	-0.216700	0.127600	0.229400
1627307207.379102	0.580100	-0.249400	-0.750200	-0.208400	0.110200	0.221700
1627307207.381243	0.589200	-0.262000	-0.729600	-0.176600	0.096500	0.216200
1627307207.381693	0.592800	-0.264300	-0.746600	-0.164400	0.068400	0.200400
1627307207.382113	0.589500	-0.237400	-0.770300	-0.220300	0.046400	0.197000
1627307207.382530	0.587400	-0.207400	-0.797400	-0.224000	0.046400	0.212300
1627307207.384306	0.515500	-0.195200	-0.805200	-0.158900	0.066800	0.247400
1627307207.384723	0.542800	-0.281500	-0.751100	-0.017800	0.061600	0.269700
1627307207.385168	0.613300	-0.397900	-0.731600	0.351100	0.071700	0.214400
1627307207.385585	0.581200	-0.441200	-0.750900	0.065000	0.016700	0.131300
1627307207.387775	0.549900	-0.390600	-0.785900	-0.262500	-0.015300	0.055600
1627307207.388191	0.537800	-0.357400	-0.797700	-0.027000	0.013400	-0.007300
1627307207.388607	0.543500	-0.342900	-0.791600	-0.002500	0.026200	-0.050400
1627307207.389056	0.551300	-0.302500	-0.788200	-0.203200	0.020700	-0.076700
1627307207.389460	0.540600	-0.269900	-0.793000	-0.182100	0.032600	-0.085800
1627307207.392360	0.539100	-0.264400	-0.787400	-0.081700	0.054300	-0.087100
1627307207.392835	0.551900	-0.273600	-0.756600	-0.060900	0.059500	-0.082800
1627307207.393267	0.567300	-0.282600	-0.726300	-0.045000	0.050900	-0.090400
1627307207.393672	0.573400	-0.291600	-0.700300	-0.010200	0.028000	-0.102000
1627307207.395353	0.576000	-0.299000	-0.686900	-0.008000	-0.015000	-0.121600
1627307207.395753	0.576200	-0.299300	-0.676600	0.014300	-0.059000	-0.141400
1627307207.396198	0.578500	-0.301600	-0.665900	0.050900	-0.108200	-0.161600
1627307207.398310	0.589500	-0.311000	-0.664300	0.077200	-0.178700	-0.190600
1627307207.398754	0.598400	-0.314900	-0.672600	0.090600	-0.237100	-0.220500
1627307207.399156	0.589500	-0.319100	-0.693200	0.091800	-0.288700	-0.249200
1627307207.400861	0.586400	-0.322900	-0.725500	0.112600	-0.331800	-0.288000
1627307207.401263	0.585400	-0.327000	-0.749800	0.132500	-0.350400	-0.322200
1627307207.401664	0.585100	-0.323200	-0.778900	0.130900	-0.357700	-0.355200
1627307207.402098	0.586400	-0.311800	-0.813000	0.131500	-0.349200	-0.390100
1627307207.403750	0.579100	-0.298300	-0.828900	0.131500	-0.329600	-0.414200
1627307207.404150	0.577900	-0.282000	-0.842300	0.109900	-0.307300	-0.428200
1627307207.404596	0.578600	-0.275400	-0.860100	0.113800	-0.279500	-0.440100
1627307207.406701	0.577600	-0.274200	-0.864400	0.133100	-0.253000	-0.449000
1627307207.408419	0.580800	-0.278100	-0.857900	0.150800	-0.237100	-0.458800
1627307207.408825	0.581300	-0.282300	-0.845000	0.185600	-0.229700	-0.476500
1627307207.409261	0.584100	-0.284400	-0.832800	0.226200	-0.233400	-0.497600
1627307207.409665	0.586500	-0.282000	-0.825100	0.261700	-0.246200	-0.516200
1627307207.410068	0.580400	-0.276400	-0.821900	0.312700	-0.259700	-0.535700
1627307207.410511	0.581700	-0.271100	-0.829100	0.364300	-0.276500	-0.555300
1627307207.412164	0.577900	-0.262700	-0.838700	0.394200	-0.287500	-0.571800
1627307207.413502	0.574000	-0.257000	-0.848400	0.417100	-0.300300	-0.584900
1627307207.413938	0.572000	-0.254000	-0.858300	0.451300	-0.303400	-0.598400
1627307207.414472	0.567400	-0.260900	-0.863900	0.486500	-0.299400	-0.612400
1627307207.415022	0.570700	-0.264200	-0.862700	0.507800	-0.291400	-0.633200
1627307207.415461	0.573100	-0.265300	-0.859000	0.528900	-0.279800	-0.657900
1627307207.418555	0.566500	-0.259900	-0.859600	0.546900	-0.268800	-0.679900
1627307207.418972	0.562700	-0.258100	-0.860500	0.564000	-0.249900	-0.700700
1627307207.419411	0.565300	-0.260100	-0.862300	0.594300	-0.222700	-0.726600
1627307207.419827	0.573900	-0.255700	-0.864100	0.588500	-0.201000	-0.749900
1627307207.421536	0.574000	-0.249900	-0.869600	0.564000	-0.183900	-0.771800
1627307207.421970	0.565700	-0.240200	-0.876100	0.533500	-0.164700	-0.795700
1627307207.422398	0.566800	-0.235500	-0.878900	0.521000	-0.151900	-0.813100
1627307207.422864	0.574100	-0.231300	-0.872600	0.541100	-0.139300	-0.834100
1627307207.424963	0.586400	-0.215500	-0.853500	0.555500	-0.123500	-0.856800
1627307207.425401	0.619800	-0.176600	-0.826000	0.540800	-0.113700	-0.869000
1627307207.427134	0.620100	-0.131000	-0.805800	0.510900	-0.114600	-0.860700
1627307207.427582	0.591800	-0.080200	-0.794800	0.531000	-0.120100	-0.820100
1627307207.428040	0.573000	-0.080600	-0.806000	0.642800	-0.122500	-0.775800
1627307207.428454	0.572400	-0.126100	-0.822400	0.759800	-0.126800	-0.738500
1627307207.428882	0.561800	-0.199200	-0.842500	0.774500	-0.117000	-0.716900
1627307207.431022	0.580300	-0.259300	-0.877400	0.738700	-0.095700	-0.728800
1627307207.431446	0.533700	-0.300500	-0.897800	0.648600	-0.072500	-0.763600
1627307207.431858	0.528900	-0.319200	-0.905800	0.597300	-0.027600	-0.825900
1627307207.432298	0.548500	-0.315900	-0.887700	0.614400	0.005700	-0.882400
1627307207.434818	0.552100	-0.271400	-0.840000	0.561900	0.018600	-0.923900
1627307207.435232	0.554700	-0.199200	-0.787700	0.525900	0.011800	-0.939500
1627307207.435646	0.553100	-0.153300	-0.765600	0.545700	-0.013200	-0.919700
1627307207.436088	0.548700	-0.138200	-0.750100	0.627600	-0.049800	-0.887600
1627307207.438250	0.563500	-0.148200	-0.717500	0.764100	-0.112500	-0.850900
1627307207.438672	0.574500	-0.180300	-0.713000	0.801700	-0.179700	-0.826500
1627307207.439092	0.570800	-0.209500	-0.741500	0.816600	-0.234600	-0.819500
1627307207.439539	0.569500	-0.248200	-0.780300	0.876500	-0.270100	-0.836600
1627307207.441205	0.568200	-0.278400	-0.814700	0.862700	-0.289000	-0.865600
1627307207.441618	0.565900	-0.282000	-0.843400	0.796200	-0.288700	-0.903500
1627307207.442214	0.558100	-0.263200	-0.874500	0.741800	-0.260600	-0.944100
1627307207.444680	0.548600	-0.234000	-0.893100	0.711900	-0.216300	-0.969800
1627307207.445230	0.542500	-0.202900	-0.893100	0.681600	-0.172000	-0.975900
1627307207.445760	0.000000	13980445696.000000	13.265900	0.000000	0.000000	0.417200
1627307209.320275	0.574700	-0.230000	-0.898900	0.798000	-0.250500	-1.056500
1627307209.321980	0.586100	-0.287400	-0.780500	-0.731300	0.800500	0.938600
1627307209.337179	0.589700	-0.284200	-0.779300	-0.760600	0.799300	0.912600
1627307209.342692	0.600100	-0.284300	-0.817600	-0.815600	0.815100	0.883600
1627307209.365864	0.577000	-0.272900	-0.837200	-0.877600	0.845700	0.874700
1627307209.366696	0.586700	-0.269700	-0.871600	-0.930100	0.897300	0.859200
1627307209.370398	0.588100	-0.238200	-0.836500	-0.985100	0.948000	0.854000
1627307209.386071	0.589400	-0.214200	-0.789200	-1.025400	0.971200	0.865000
1627307209.388421	0.606300	-0.200100	-0.745200	-1.032500	0.973400	0.881200
1627307209.413583	0.611900	-0.201200	-0.700000	-0.980500	0.959300	0.900700
1627307209.414474	0.618300	-0.211300	-0.690900	-1.014400	0.925400	0.911400
1627307209.432496	0.611900	-0.211100	-0.670800	-1.004100	0.885400	0.918400
1627307209.442435	0.627200	-0.233900	-0.671400	-0.966800	0.835900	0.915400
1627307209.443131	0.623900	-0.233900	-0.651000	-0.982400	0.787000	0.904400
1627307209.450130	0.626600	-0.223600	-0.624800	-0.980800	0.735700	0.895200
1627307209.461751	0.651600	-0.210600	-0.599900	-0.933500	0.668500	0.886400
1627307209.487387	0.651400	-0.202600	-0.596100	-0.924600	0.599200	0.887900
1627307209.488283	0.658700	-0.201900	-0.612300	-0.914300	0.538100	0.891900
1627307209.490581	0.660500	-0.215900	-0.641700	-0.871800	0.482500	0.896100
1627307209.502820	0.663900	-0.232400	-0.672500	-0.871500	0.446500	0.897000
1627307209.509091	0.665300	-0.241600	-0.697500	-0.876400	0.426600	0.890300
1627307209.530456	0.675300	-0.247900	-0.728000	-0.900500	0.415000	0.876300
1627307209.533068	0.675400	-0.245000	-0.751000	-0.949400	0.412900	0.862200
1627307209.547824	0.681500	-0.233800	-0.765500	-0.974400	0.418100	0.853700
1627307209.551472	0.668600	-0.222700	-0.774500	-0.973500	0.433700	0.854300
1627307209.574622	0.672700	-0.223900	-0.781100	-0.964400	0.456900	0.861300
1627307209.575790	0.680800	-0.235400	-0.778600	-0.933800	0.481600	0.861600
1627307209.583057	0.685500	-0.251300	-0.772700	-0.919500	0.499900	0.855200
1627307209.592951	0.690300	-0.261100	-0.772800	-0.923400	0.513700	0.840800
1627307209.617093	0.692300	-0.262700	-0.777600	-0.922800	0.522500	0.825300
1627307209.617922	0.689000	-0.254900	-0.781400	-0.942400	0.528900	0.811800
1627307209.620568	0.680700	-0.243500	-0.786100	-0.945100	0.538100	0.806300
1627307209.635175	0.682400	-0.243200	-0.787500	-0.915800	0.550900	0.806300
1627307209.636069	0.685300	-0.248000	-0.791600	-0.904800	0.566500	0.808200
1627307209.661656	0.666700	-0.256000	-0.785400	-0.893500	0.588200	0.811200
1627307209.673726	0.684400	-0.266600	-0.774700	-0.833000	0.610800	0.804800
1627307209.674619	0.687700	-0.280400	-0.758900	-0.808000	0.627900	0.792900
1627307209.676007	0.689900	-0.281000	-0.741100	-0.819000	0.648400	0.777000
1627307209.700228	0.698600	-0.282500	-0.725700	-0.830900	0.658100	0.763600
1627307209.701666	0.703400	-0.280400	-0.711200	-0.837600	0.661800	0.749200
1627307209.716669	0.705300	-0.280800	-0.696800	-0.873000	0.653300	0.738500
1627307209.721458	0.707200	-0.290200	-0.687700	-0.883700	0.641700	0.730000
1627307209.742049	0.713300	-0.303100	-0.675800	-0.864800	0.627600	0.715600
1627307209.743123	0.712400	-0.317400	-0.668900	-0.879700	0.602300	0.684800
1627307209.758266	0.709100	-0.318000	-0.670200	-0.910600	0.580600	0.657600
1627307209.779506	0.702400	-0.311300	-0.671000	-0.899000	0.565000	0.628600
1627307209.781664	0.704600	-0.302100	-0.669400	-0.867200	0.554300	0.597100
1627307209.784147	0.712500	-0.287600	-0.660800	-0.855000	0.550900	0.577600
1627307209.794111	0.723300	-0.268700	-0.651100	-0.839700	0.548800	0.560500
1627307209.815316	0.729000	-0.249300	-0.648900	-0.839100	0.543000	0.552500
1627307209.816519	0.724900	-0.235200	-0.651500	-0.839700	0.547000	0.558900
1627307209.828607	0.729100	-0.226900	-0.647800	-0.815900	0.559800	0.567500
1627307209.829504	0.736200	-0.226600	-0.634900	-0.791500	0.573200	0.581800
1627307209.837158	0.742600	-0.229700	-0.623300	-0.796400	0.575100	0.594100
1627307209.860250	0.745500	-0.236600	-0.609600	-0.805500	0.567100	0.601400
1627307209.869924	0.747300	-0.250200	-0.601200	-0.800000	0.545100	0.605000
1627307209.870821	0.747600	-0.263900	-0.602400	-0.800300	0.517300	0.599200
1627307209.880653	0.752800	-0.277300	-0.615100	-0.798800	0.494100	0.587900
1627307209.901551	0.757700	-0.290300	-0.626700	-0.796700	0.475200	0.563800
1627307209.912358	0.754200	-0.287600	-0.636000	-0.821100	0.466300	0.539100
1627307209.922719	0.747400	-0.266800	-0.635600	-0.836100	0.461800	0.520100
1627307209.923764	0.750900	-0.245400	-0.633700	-0.803400	0.465400	0.508200
1627307209.946728	0.747900	-0.228500	-0.627100	-0.758800	0.468500	0.507600
1627307209.948935	0.746600	-0.216700	-0.619800	-0.715700	0.472100	0.514000
1627307209.949831	0.747700	-0.208500	-0.609900	-0.662000	0.474600	0.528100
1627307209.960477	0.755400	-0.213000	-0.606800	-0.608200	0.468800	0.544300
1627307209.968279	0.761400	-0.225600	-0.611100	-0.574000	0.460200	0.559500
1627307209.998967	0.756800	-0.245200	-0.619500	-0.548000	0.456900	0.569000
1627307210.013663	0.759600	-0.269200	-0.616900	-0.503800	0.460800	0.568100
1627307210.014358	0.765300	-0.289300	-0.608600	-0.459800	0.468200	0.556200
1627307210.015216	0.767200	-0.301000	-0.599000	-0.458900	0.469400	0.533900
1627307210.019352	0.773300	-0.303000	-0.580900	-0.453700	0.469100	0.506700
1627307210.032661	0.778600	-0.303700	-0.567400	-0.417300	0.468500	0.483800
1627307210.033556	0.785500	-0.299400	-0.548600	-0.397500	0.459900	0.461500
1627307210.057873	0.791500	-0.283200	-0.539600	-0.392300	0.448000	0.440100
1627307210.059082	0.786500	-0.272300	-0.534900	-0.376100	0.435800	0.431900
1627307210.073005	0.778900	-0.267900	-0.531000	-0.354400	0.423600	0.428500
1627307210.080230	0.789400	-0.279100	-0.525100	-0.293900	0.405200	0.424500
1627307210.098824	0.799000	-0.292000	-0.512200	-0.259100	0.385700	0.413200
1627307210.099731	0.800700	-0.298000	-0.503900	-0.252100	0.361900	0.400400
1627307210.109681	0.797000	-0.300900	-0.497400	-0.210500	0.334400	0.378400
1627307210.129194	0.798600	-0.306200	-0.497700	-0.170500	0.316100	0.361300
1627307210.139949	0.803600	-0.309800	-0.494600	-0.137200	0.302900	0.344200
1627307210.140860	0.804800	-0.310300	-0.491300	-0.108500	0.291600	0.327400
1627307210.148446	0.807600	-0.312600	-0.486600	-0.087500	0.286100	0.317600
1627307210.174297	0.810800	-0.317900	-0.486100	-0.073100	0.283100	0.305100
1627307210.178590	0.815900	-0.319000	-0.477100	-0.063300	0.272100	0.291700
1627307210.179499	0.813700	-0.320700	-0.468800	-0.070000	0.260800	0.277600
1627307210.192091	0.818100	-0.317100	-0.459400	-0.072500	0.242100	0.266600
1627307210.211704	0.824300	-0.324000	-0.450000	-0.042300	0.215600	0.252900
1627307210.222618	0.820200	-0.331300	-0.442300	-0.024200	0.189900	0.238500
1627307210.231523	0.822300	-0.339100	-0.441400	-0.010500	0.165500	0.223600
1627307210.232485	0.828600	-0.354700	-0.451700	0.021600	0.139500	0.196400
1627307210.246768	0.832800	-0.361100	-0.465100	0.009100	0.118400	0.168600
1627307210.247897	0.824600	-0.358900	-0.476400	-0.021500	0.104700	0.142000
1627307210.262945	0.821900	-0.350200	-0.483300	-0.007400	0.098600	0.112400
1627307210.265197	0.829000	-0.344700	-0.484900	-0.005600	0.093100	0.087000
1627307210.286471	0.838100	-0.336900	-0.485800	-0.021800	0.085200	0.071200
1627307210.297305	0.834400	-0.328200	-0.481700	-0.024500	0.076300	0.055300
1627307210.298211	0.833400	-0.318500	-0.486900	-0.038900	0.065900	0.045200
1627307210.308387	0.832200	-0.312100	-0.497400	-0.056600	0.053400	0.038500
1627307210.334356	0.824800	-0.306300	-0.502600	-0.040400	0.043300	0.034200
1627307210.337515	0.820800	-0.305800	-0.511000	-0.001000	0.036000	0.030800
1627307210.338409	0.816400	-0.308500	-0.516400	0.039900	0.032300	0.027800
1627307210.348085	0.820200	-0.317300	-0.520800	0.083600	0.032900	0.020500
1627307210.350864	0.828200	-0.322800	-0.520800	0.130900	0.035100	0.008800
1627307210.375803	0.826800	-0.324700	-0.525300	0.154800	0.036900	-0.002800
1627307210.380266	0.821700	-0.323400	-0.528700	0.166400	0.036000	-0.013500
1627307210.390579	0.827100	-0.320200	-0.528200	0.188700	0.036300	-0.027800
1627307210.395489	0.830200	-0.323400	-0.522000	0.200300	0.033500	-0.040300
1627307210.419533	0.832800	-0.323700	-0.515900	0.202400	0.028000	-0.054700
1627307210.420514	0.831900	-0.321400	-0.505200	0.211900	0.021900	-0.071500
1627307210.429331	0.834000	-0.318700	-0.503300	0.225600	0.016100	-0.082500
1627307210.435792	0.829200	-0.314500	-0.497100	0.238400	0.012800	-0.093200
1627307210.456645	0.824600	-0.308000	-0.485800	0.257100	0.010900	-0.103900
1627307210.469981	0.835100	-0.307900	-0.480700	0.273900	0.004200	-0.111500
1627307210.470886	0.832900	-0.305900	-0.476600	0.286700	-0.006200	-0.117600
1627307210.477035	0.827500	-0.304200	-0.476100	0.298300	-0.019000	-0.126200
1627307210.509720	0.829500	-0.303300	-0.476600	0.320900	-0.027900	-0.133200
1627307210.513021	0.822100	-0.309200	-0.485000	0.338600	-0.033700	-0.139600
1627307210.513912	0.826900	-0.313400	-0.491000	0.349000	-0.036700	-0.153600
1627307210.521595	0.840500	-0.315300	-0.487700	0.356000	-0.039200	-0.165600
1627307210.522502	0.843300	-0.315300	-0.493000	0.340500	-0.042800	-0.180200
1627307210.544276	0.836800	-0.311600	-0.490200	0.329500	-0.050800	-0.196100
1627307210.547900	0.842900	-0.311900	-0.490000	0.348100	-0.061100	-0.208000
1627307210.554089	0.845900	-0.315200	-0.489600	0.364000	-0.069700	-0.220800
1627307210.575854	0.838400	-0.313500	-0.490500	0.372500	-0.082500	-0.228800
1627307210.580502	0.834200	-0.316000	-0.494500	0.401500	-0.084400	-0.236400
1627307210.586767	0.836700	-0.319800	-0.498900	0.433900	-0.084400	-0.243700
1627307210.596876	0.836500	-0.325300	-0.504900	0.447100	-0.078900	-0.254400
1627307210.621980	0.845300	-0.327100	-0.511600	0.454700	-0.073100	-0.265100
1627307210.623053	0.843100	-0.329800	-0.512200	0.448600	-0.067000	-0.277300
1627307210.628029	0.839700	-0.327300	-0.505100	0.449800	-0.059900	-0.287700
1627307210.641406	0.850000	-0.324000	-0.489700	0.462300	-0.052600	-0.299300
1627307210.642550	0.846900	-0.320400	-0.476800	0.470300	-0.054100	-0.303600
1627307210.665480	0.840700	-0.317900	-0.464400	0.485500	-0.057500	-0.309100
1627307210.667856	0.839700	-0.319000	-0.454000	0.516100	-0.064500	-0.314300
1627307210.683477	0.844500	-0.327100	-0.447600	0.540200	-0.077300	-0.323200
1627307210.686620	0.848800	-0.335600	-0.446400	0.550300	-0.094700	-0.338400
1627307210.709704	0.840600	-0.336200	-0.440700	0.540200	-0.120400	-0.357100
1627307210.711734	0.840700	-0.331300	-0.442400	0.550900	-0.141500	-0.373300
1627307210.724292	0.840800	-0.330000	-0.449300	0.582700	-0.161900	-0.388200
1627307210.730274	0.835700	-0.329200	-0.463700	0.583300	-0.184500	-0.403200
1627307210.746119	0.827900	-0.325900	-0.475500	0.606200	-0.194600	-0.412700
1627307210.747020	0.824100	-0.334700	-0.486100	0.649200	-0.198900	-0.424300
1627307210.758264	0.822800	-0.343500	-0.491900	0.673100	-0.197100	-0.442000
1627307210.776884	0.824000	-0.349600	-0.495100	0.683500	-0.196500	-0.460900
1627307210.777743	0.821900	-0.350000	-0.503800	0.698400	-0.194900	-0.482600
1627307210.786792	0.817500	-0.345600	-0.509200	0.701800	-0.193100	-0.511000
1627307210.805885	0.816300	-0.335400	-0.512900	0.699000	-0.193400	-0.534200
1627307210.808027	0.817300	-0.326900	-0.518300	0.703900	-0.196500	-0.549500
1627307210.818230	0.813200	-0.310100	-0.518300	0.701800	-0.201600	-0.564800
1627307210.827830	0.810500	-0.302400	-0.513200	0.719200	-0.202600	-0.570600
1627307210.836701	0.809200	-0.296900	-0.506800	0.760400	-0.199500	-0.576400
1627307210.852175	0.809000	-0.288300	-0.498500	0.796200	-0.196200	-0.578200
1627307210.856471	0.808100	-0.282600	-0.484400	0.825800	-0.194000	-0.579100
1627307210.879290	0.808500	-0.279700	-0.468300	0.865500	-0.198600	-0.577300
1627307210.880168	0.813500	-0.279500	-0.448400	0.901200	-0.214200	-0.574800
1627307210.886593	0.817000	-0.283000	-0.437900	0.917400	-0.238300	-0.572700
1627307210.900417	0.818400	-0.289100	-0.431800	0.931800	-0.269100	-0.573900
1627307210.920850	0.824500	-0.296800	-0.426500	0.946100	-0.311300	-0.580000
1627307210.922089	0.826200	-0.301400	-0.436000	0.938800	-0.355300	-0.586700
1627307210.926734	0.817000	-0.308500	-0.449100	0.945200	-0.391600	-0.597100
1627307210.937904	0.814300	-0.314100	-0.468500	0.967500	-0.425800	-0.609700
1627307210.938829	0.816000	-0.319800	-0.488400	0.978500	-0.451200	-0.625200
1627307210.962026	0.812400	-0.323400	-0.506200	0.986700	-0.468600	-0.640500
1627307210.971805	0.813600	-0.322400	-0.530000	0.988000	-0.479900	-0.660700
1627307210.980771	0.811600	-0.316400	-0.551400	0.981600	-0.482600	-0.680500
1627307211.004418	0.802500	-0.304700	-0.570900	0.980600	-0.476800	-0.694000
1627307211.005361	0.804400	-0.294200	-0.582000	0.983100	-0.461300	-0.702500
1627307211.009228	0.799300	-0.280800	-0.588900	0.989500	-0.441400	-0.704000
1627307211.024124	0.796600	-0.266700	-0.586800	0.998100	-0.421900	-0.700700
1627307211.025017	0.799400	-0.266400	-0.578400	1.039600	-0.403800	-0.691800
1627307211.049887	0.797700	-0.273200	-0.564800	1.068900	-0.389200	-0.688800
1627307211.051782	0.802400	-0.279300	-0.552600	1.059700	-0.388600	-0.689700
1627307211.057859	0.803500	-0.283700	-0.541600	1.069200	-0.392500	-0.701900
1627307211.070339	0.797600	-0.284400	-0.535800	1.068000	-0.406900	-0.716600
1627307211.095723	0.795700	-0.275600	-0.534100	1.049400	-0.422200	-0.729700
1627307211.097118	0.791900	-0.267200	-0.538100	1.053000	-0.438400	-0.738900
1627307211.124583	0.787400	-0.258300	-0.545000	1.050000	-0.456400	-0.746500
1627307211.127945	0.779100	-0.250100	-0.553500	1.038100	-0.467700	-0.749500
1627307211.129568	0.775000	-0.242200	-0.557000	1.042300	-0.476800	-0.746800
1627307211.134863	0.770800	-0.233400	-0.558600	1.045700	-0.482300	-0.745300
1627307211.135760	0.770800	-0.233400	-0.558600	1.045700	-0.482300	-0.745300
1627307211.139765	0.767700	-0.229100	-0.567500	1.037500	-0.492100	-0.741000
1627307211.169822	0.770800	-0.225500	-0.580600	1.028300	-0.497300	-0.738200
1627307211.170720	0.770900	-0.215500	-0.592200	1.008400	-0.497000	-0.732700
1627307211.177972	0.768700	-0.208500	-0.597300	0.986100	-0.492700	-0.725100
1627307211.185909	0.766800	-0.197600	-0.595600	0.978200	-0.484200	-0.711100
1627307211.206152	0.767500	-0.191900	-0.582200	0.980000	-0.469200	-0.693700
1627307211.207037	0.769400	-0.187900	-0.559700	0.972400	-0.464900	-0.677500
1627307211.217101	0.765100	-0.185200	-0.536600	0.950700	-0.472600	-0.660400
1627307211.225848	0.764600	-0.186300	-0.510700	0.944300	-0.493600	-0.640500
1627307211.236764	0.767800	-0.198900	-0.496800	0.961100	-0.524800	-0.624900
1627307211.252184	0.773100	-0.215000	-0.485100	0.972100	-0.562400	-0.617000
1627307211.257800	0.773100	-0.234300	-0.481300	0.982200	-0.611800	-0.615200
1627307211.280763	0.775900	-0.246500	-0.484000	0.969000	-0.661600	-0.621300
1627307211.281587	0.766700	-0.253800	-0.491300	0.938800	-0.708400	-0.628600
1627307211.285402	0.761400	-0.256000	-0.505200	0.914100	-0.759700	-0.642900
1627307211.300671	0.753100	-0.255500	-0.523900	0.888100	-0.799400	-0.655800
1627307211.324159	0.741200	-0.251100	-0.541700	0.868900	-0.826300	-0.664900
1627307211.325480	0.739300	-0.251700	-0.561300	0.871300	-0.843100	-0.671700
1627307211.326753	0.737800	-0.254000	-0.578900	0.873400	-0.851300	-0.681100
1627307211.341807	0.730800	-0.259300	-0.593300	0.867000	-0.851900	-0.691200
1627307211.345237	0.729200	-0.264000	-0.602800	0.868500	-0.846400	-0.706800
1627307211.369532	0.727500	-0.263500	-0.613300	0.855100	-0.839700	-0.724500
1627307211.371676	0.721200	-0.263100	-0.616800	0.828800	-0.832700	-0.736700
1627307211.375310	0.711700	-0.254800	-0.617400	0.820900	-0.820500	-0.747700
1627307211.389083	0.710900	-0.249100	-0.602300	0.821800	-0.809200	-0.752000
1627307211.390001	0.713900	-0.244300	-0.582200	0.829100	-0.809500	-0.753200
1627307211.413238	0.709800	-0.242200	-0.558600	0.820600	-0.828400	-0.751700
1627307211.427480	0.697400	-0.245600	-0.545200	0.811400	-0.870200	-0.749500
1627307211.428373	0.699000	-0.260300	-0.542500	0.848700	-0.916700	-0.754400
1627307211.433356	0.701500	-0.283300	-0.553700	0.870400	-0.980500	-0.770900
1627307211.451626	0.691900	-0.305400	-0.582900	0.840800	-1.056600	-0.800600
1627307211.455466	0.675900	-0.318500	-0.637200	0.829800	-1.105100	-0.834500
1627307211.460820	0.647800	-0.322300	-0.681800	0.823300	-1.129200	-0.876600
1627307211.485117	0.650900	-0.322000	-0.732100	0.826400	-1.134100	-0.924900
1627307211.486023	0.659400	-0.315900	-0.768200	0.832500	-1.124700	-0.967600
1627307211.491025	0.642200	-0.299900	-0.791000	0.795200	-1.101500	-1.002700
1627307211.512872	0.640500	-0.258200	-0.803300	0.741800	-1.059900	-1.032700
1627307211.515582	0.644000	-0.234000	-0.820900	0.756100	-1.024200	-1.047000
1627307211.530628	0.631300	-0.215700	-0.839600	0.756500	-0.984800	-1.049800
1627307211.535246	0.617100	-0.203400	-0.850800	0.730200	-0.937400	-1.047300
1627307211.558343	0.637600	-0.209600	-0.858300	0.771700	-0.903800	-1.051900
1627307211.559364	0.635600	-0.230500	-0.864000	0.766800	-0.879700	-1.064100
1627307211.567913	0.638900	-0.237200	-0.870600	0.689000	-0.862900	-1.088900
1627307211.579015	0.642500	-0.238000	-0.879200	0.694100	-0.844300	-1.117900
1627307211.598277	0.643700	-0.234000	-0.885100	0.679200	-0.829600	-1.145400
1627307211.599117	0.636100	-0.205900	-0.887100	0.633700	-0.809500	-1.173200
1627307211.610331	0.628500	-0.175700	-0.889500	0.618700	-0.786200	-1.183900
1627307211.620399	0.625600	-0.147000	-0.892700	0.628500	-0.756900	-1.180500
1627307211.645969	0.634500	-0.125500	-0.892000	0.696000	-0.720900	-1.166200
1627307211.648222	0.636100	-0.114900	-0.891600	0.721900	-0.697100	-1.147800
1627307211.650541	0.630600	-0.109900	-0.897900	0.709400	-0.682700	-1.125800
1627307211.665322	0.629900	-0.118800	-0.905500	0.741800	-0.668700	-1.105700
1627307211.666228	0.633900	-0.138200	-0.915300	0.765000	-0.659500	-1.097700
1627307211.688216	0.633200	-0.150500	-0.928200	0.734500	-0.655500	-1.096500
1627307211.689031	0.630700	-0.159200	-0.944500	0.740000	-0.638700	-1.108700
1627307211.694513	0.634500	-0.165500	-0.954200	0.763800	-0.613700	-1.127100
1627307211.716511	0.634800	-0.154800	-0.960400	0.746400	-0.589500	-1.146000
1627307211.723705	0.629600	-0.133400	-0.972900	0.748200	-0.549200	-1.156400
1627307211.724600	0.625700	-0.112200	-0.985600	0.766800	-0.494600	-1.156700
1627307211.734241	0.623800	-0.095900	-0.990000	0.746100	-0.439600	-1.145700
1627307211.735843	0.624000	-0.073400	-0.986600	0.733900	-0.377000	-1.123100
1627307211.773501	0.625600	-0.059800	-0.980600	0.745500	-0.306100	-1.089500
1627307211.779003	0.627100	-0.056600	-0.974100	0.746700	-0.254800	-1.055000
1627307211.792022	0.628700	-0.067100	-0.960400	0.750700	-0.212300	-1.018300
1627307211.792842	0.635900	-0.085100	-0.944000	0.762300	-0.177200	-0.985600
1627307211.795368	0.633100	-0.101700	-0.926100	0.764700	-0.159200	-0.967300
1627307211.807802	0.636700	-0.118700	-0.916300	0.786700	-0.148200	-0.955700
1627307211.824831	0.636200	-0.137100	-0.906500	0.821500	-0.137800	-0.956600
1627307211.825741	0.635300	-0.141600	-0.901500	0.822100	-0.133200	-0.960300
1627307211.836842	0.636000	-0.138700	-0.902000	0.830100	-0.125600	-0.968500
1627307211.843305	0.638300	-0.130700	-0.903700	0.860300	-0.110600	-0.972200
1627307211.867686	0.629500	-0.116600	-0.909400	0.857600	-0.094400	-0.972200
1627307211.868593	0.632100	-0.105600	-0.916400	0.853300	-0.072100	-0.963700
1627307211.877081	0.633700	-0.099200	-0.917100	0.874000	-0.042500	-0.948100
1627307211.884670	0.640300	-0.097500	-0.896100	0.881700	-0.025100	-0.935600
1627307211.904933	0.648100	-0.107300	-0.875500	0.891500	-0.012600	-0.922100
1627307211.915037	0.661700	-0.110600	-0.876500	0.864900	-0.002800	-0.917800
1627307211.915962	0.652800	-0.105300	-0.875900	0.851400	0.001200	-0.912600
1627307211.924661	0.657200	-0.109600	-0.902300	0.846900	0.008800	-0.905900
1627307211.935490	0.642000	-0.103900	-0.910400	0.850200	0.024700	-0.897400
1627307211.946685	0.645400	-0.106600	-0.936200	0.833400	0.050000	-0.886700
1627307211.955409	0.641700	-0.096900	-0.938800	0.832500	0.081800	-0.876600
1627307211.978177	0.647600	-0.094600	-0.939800	0.834900	0.125500	-0.857700
1627307211.978944	0.650500	-0.092300	-0.946000	0.811400	0.165800	-0.840900
1627307211.986757	0.652500	-0.076700	-0.934900	0.802600	0.201800	-0.826800
1627307211.997959	0.656200	-0.057000	-0.898900	0.813600	0.233600	-0.802100
1627307211.998866	0.667000	-0.053800	-0.894200	0.814200	0.253800	-0.774900
1627307212.022958	0.666100	-0.058300	-0.895300	0.823600	0.279100	-0.752600
1627307212.036130	0.662400	-0.057500	-0.889900	0.840800	0.308100	-0.726000
1627307212.037027	0.671400	-0.054600	-0.875400	0.841100	0.331300	-0.704300
1627307212.043493	0.673000	-0.047900	-0.845700	0.850800	0.344200	-0.680500
1627307212.067901	0.682600	-0.052100	-0.837900	0.837700	0.352400	-0.656100
1627307212.069068	0.682600	-0.053200	-0.839400	0.811400	0.353000	-0.634100
1627307212.084080	0.681300	-0.049700	-0.837000	0.816900	0.351500	-0.613600
1627307212.087702	0.682000	-0.047700	-0.834500	0.825500	0.353000	-0.587100
1627307212.088607	0.680400	-0.048200	-0.835300	0.826700	0.364000	-0.559900
1627307212.112738	0.680300	-0.047700	-0.829800	0.840100	0.383900	-0.535100
1627307212.128041	0.682300	-0.047000	-0.822800	0.849900	0.407100	-0.508900
1627307212.132715	0.681800	-0.047600	-0.811200	0.852400	0.437600	-0.481400
1627307212.143389	0.686300	-0.049000	-0.793000	0.853600	0.462400	-0.458500
1627307212.144259	0.694000	-0.056400	-0.768800	0.857200	0.481600	-0.437400
1627307212.150999	0.700400	-0.065600	-0.742300	0.854800	0.490800	-0.418500
1627307212.172956	0.706700	-0.064300	-0.722700	0.822400	0.490200	-0.410200
1627307212.174064	0.699100	-0.056600	-0.706200	0.790700	0.480700	-0.391900
1627307212.189125	0.697300	-0.058700	-0.695800	0.792800	0.464800	-0.366800
1627307212.194206	0.704700	-0.068500	-0.689100	0.795200	0.455000	-0.351300
1627307212.217173	0.705800	-0.072800	-0.677700	0.770200	0.443100	-0.335100
1627307212.218003	0.712200	-0.081800	-0.675200	0.755200	0.432100	-0.316700
1627307212.224341	0.709600	-0.095100	-0.669900	0.752800	0.424500	-0.305400
1627307212.236575	0.717800	-0.100700	-0.663100	0.725300	0.419600	-0.303600
1627307212.237475	0.719800	-0.092800	-0.648300	0.659000	0.406500	-0.297200
1627307212.261595	0.724000	-0.082200	-0.644700	0.617200	0.396100	-0.286800
1627307212.262788	0.725100	-0.071500	-0.641700	0.601900	0.386900	-0.270600
1627307212.277872	0.724600	-0.061500	-0.634000	0.560400	0.376500	-0.244100
1627307212.283082	0.728500	-0.053700	-0.624100	0.530700	0.362800	-0.213200
1627307212.305925	0.734900	-0.034200	-0.586400	0.519400	0.336800	-0.180500
1627307212.306742	0.725100	-0.038000	-0.593300	0.490100	0.304800	-0.130400
1627307212.319261	0.717800	-0.048300	-0.620800	0.470600	0.290100	-0.088900
1627307212.326547	0.696500	-0.054400	-0.633200	0.462600	0.290100	-0.049800
1627307212.342423	0.701300	-0.072400	-0.646200	0.459000	0.302600	-0.004300
1627307212.343430	0.707200	-0.096400	-0.653100	0.449200	0.324900	0.025900
1627307212.354323	0.713100	-0.115200	-0.637600	0.451600	0.342000	0.043700
1627307212.355863	0.733600	-0.131200	-0.584600	0.475100	0.347800	0.049200
1627307212.382387	0.756000	-0.142300	-0.535900	0.484000	0.327700	0.043100
1627307212.383289	0.780300	-0.148200	-0.506600	0.451900	0.281200	0.030200
1627307212.391726	0.788200	-0.150600	-0.494000	0.436100	0.218900	0.013100
1627307212.399843	0.794800	-0.156400	-0.504600	0.440900	0.160000	-0.007600
1627307212.421208	0.794900	-0.167500	-0.524300	0.421100	0.113900	-0.024400
1627307212.422143	0.794100	-0.170800	-0.559100	0.361800	0.080300	-0.042200
1627307212.432966	0.787600	-0.163800	-0.589700	0.304400	0.069300	-0.054100
1627307212.439689	0.772900	-0.156100	-0.614000	0.255800	0.076600	-0.053800
1627307212.463901	0.765600	-0.145500	-0.629600	0.211000	0.101300	-0.045800
1627307212.464802	0.774500	-0.132600	-0.633800	0.179800	0.133700	-0.030600
1627307212.477149	0.781400	-0.126800	-0.629900	0.159300	0.161200	-0.014700
1627307212.490542	0.778200	-0.121800	-0.610600	0.133700	0.184400	0.004600
1627307212.491503	0.783800	-0.116800	-0.591100	0.101300	0.200000	0.027200
1627307212.502840	0.796000	-0.118800	-0.576000	0.097000	0.201800	0.045500
1627307212.521273	0.800700	-0.127400	-0.568100	0.078700	0.192400	0.059900
1627307212.522168	0.794600	-0.132800	-0.564100	0.035900	0.170700	0.072700
1627307212.533165	0.793900	-0.141400	-0.564000	0.021600	0.152000	0.080000
1627307212.542028	0.799000	-0.145300	-0.568000	0.013600	0.132200	0.082500
1627307212.563953	0.792500	-0.151900	-0.579300	-0.038600	0.110200	0.083700
1627307212.564851	0.784100	-0.150000	-0.592500	-0.077400	0.102600	0.083700
1627307212.571849	0.784200	-0.145800	-0.601200	-0.093600	0.104400	0.082800
1627307212.582220	0.791000	-0.137700	-0.614500	-0.129300	0.112000	0.086700
1627307212.605348	0.787400	-0.133500	-0.620700	-0.152200	0.122700	0.094100
1627307212.616329	0.780300	-0.128900	-0.621500	-0.172400	0.141700	0.105100
1627307212.617233	0.778900	-0.122300	-0.614500	-0.191300	0.167300	0.123700
1627307212.625932	0.778300	-0.123700	-0.606300	-0.195000	0.185300	0.140200
1627307212.635549	0.779700	-0.125400	-0.593900	-0.208100	0.202100	0.157000
1627307212.642984	0.768300	-0.132200	-0.582600	-0.231900	0.215000	0.175300
1627307212.654152	0.771400	-0.140300	-0.567700	-0.249900	0.220800	0.190000
1627307212.655043	0.784700	-0.150100	-0.550300	-0.256700	0.214000	0.198500
1627307212.678287	0.786600	-0.162500	-0.534700	-0.279300	0.194500	0.205200
1627307212.681738	0.782200	-0.166900	-0.531200	-0.326600	0.172200	0.209800
1627307212.691608	0.778400	-0.170500	-0.531700	-0.349500	0.154200	0.211300
1627307212.699271	0.788500	-0.174900	-0.535000	-0.347700	0.130100	0.213200
1627307212.719298	0.788900	-0.171600	-0.547000	-0.395900	0.108400	0.212300
1627307212.721864	0.781100	-0.168600	-0.544700	-0.437500	0.090300	0.216200
1627307212.737710	0.795500	-0.163900	-0.542500	-0.408800	0.074200	0.218100
1627307212.740355	0.804000	-0.155200	-0.540600	-0.432600	0.055500	0.223300
1627307212.764645	0.799800	-0.137500	-0.544900	-0.477500	0.045100	0.237300
1627307212.765464	0.802700	-0.123700	-0.550300	-0.461600	0.040300	0.260500
1627307212.772949	0.804600	-0.121600	-0.556900	-0.414900	0.039000	0.287100
1627307212.784355	0.809300	-0.121000	-0.556600	-0.423700	0.038700	0.314000
1627307212.807159	0.821700	-0.124400	-0.561300	-0.445400	0.032600	0.347000
1627307212.807972	0.825800	-0.134400	-0.567100	-0.450600	0.025600	0.372600
1627307212.811861	0.825800	-0.141800	-0.571800	-0.464400	0.015800	0.393100
1627307212.826555	0.826200	-0.148700	-0.579500	-0.495800	0.006700	0.411700
1627307212.848013	0.825000	-0.160300	-0.594800	-0.499800	-0.000400	0.427300
1627307212.849064	0.824100	-0.166100	-0.612700	-0.504700	-0.001900	0.432800
1627307212.861150	0.815100	-0.165500	-0.627600	-0.535200	0.003600	0.438300
1627307212.862052	0.810400	-0.160800	-0.649200	-0.549900	0.020400	0.447800
1627307212.868532	0.804900	-0.157100	-0.661400	-0.547100	0.045100	0.458100
1627307212.890654	0.798800	-0.158300	-0.674100	-0.568500	0.072600	0.468200
1627307212.891621	0.795300	-0.153200	-0.675800	-0.594800	0.112000	0.481700
1627307212.907291	0.792200	-0.151400	-0.665000	-0.609400	0.144400	0.494500
1627307212.911540	0.791700	-0.147200	-0.649300	-0.629600	0.173700	0.507000
1627307212.936153	0.793300	-0.148800	-0.635000	-0.640900	0.197900	0.522300
1627307212.936993	0.791100	-0.152700	-0.619300	-0.655000	0.208900	0.533300
1627307212.944160	0.788000	-0.157600	-0.606100	-0.679700	0.211300	0.542700
1627307212.955391	0.785200	-0.161100	-0.592700	-0.696200	0.212500	0.550100
1627307212.956312	0.779200	-0.159400	-0.584800	-0.724600	0.211000	0.556500
1627307212.980730	0.780300	-0.155300	-0.574200	-0.752700	0.204600	0.564100
1627307212.981556	0.784300	-0.150100	-0.570600	-0.783500	0.189900	0.576600
1627307212.991667	0.774800	-0.137000	-0.564800	-0.833300	0.168200	0.591900
1627307213.001681	0.771700	-0.128800	-0.562100	-0.859300	0.144100	0.609600
1627307213.024780	0.774300	-0.129400	-0.566300	-0.864800	0.111700	0.634400
1627307213.025604	0.771100	-0.132100	-0.574200	-0.882500	0.083900	0.653600
1627307213.030459	0.765300	-0.130100	-0.583000	-0.896200	0.061300	0.670100
1627307213.043890	0.764500	-0.130700	-0.597800	-0.903900	0.041500	0.690600
1627307213.044786	0.774700	-0.128700	-0.612300	-0.916100	0.030200	0.706100
1627307213.067793	0.772100	-0.119800	-0.626100	-0.950600	0.023100	0.726000
1627307213.081119	0.761600	-0.107300	-0.644400	-0.996100	0.023500	0.755300
1627307213.082011	0.757900	-0.101300	-0.662400	-1.005000	0.031400	0.792600
1627307213.087461	0.753400	-0.103500	-0.666600	-0.994600	0.043600	0.824700
1627307213.107771	0.755200	-0.120000	-0.672100	-1.009300	0.047000	0.863400
1627307213.121439	0.751800	-0.143900	-0.684000	-1.030000	0.052800	0.890000
1627307213.122334	0.752100	-0.161000	-0.692900	-1.031200	0.060400	0.903200
1627307213.129731	0.755000	-0.181400	-0.694000	-1.052600	0.062900	0.911100
1627307213.151550	0.751800	-0.192700	-0.696400	-1.089300	0.059800	0.912300
1627307213.166791	0.747900	-0.194700	-0.707900	-1.106400	0.062200	0.910800
1627307213.169066	0.746900	-0.189900	-0.717000	-1.110000	0.070200	0.912000
1627307213.181398	0.742200	-0.187700	-0.733600	-1.102100	0.086700	0.918700
1627307213.182311	0.734300	-0.182700	-0.742600	-1.098400	0.109900	0.931600
1627307213.188471	0.734500	-0.183000	-0.754800	-1.091400	0.134600	0.950200
1627307213.209326	0.727300	-0.185900	-0.764500	-1.080100	0.164000	0.971900
1627307213.210776	0.724200	-0.198200	-0.770800	-1.085000	0.183800	0.989900
1627307213.226554	0.728000	-0.210700	-0.784100	-1.087700	0.213100	1.002400
1627307213.230329	0.710200	-0.226000	-0.794900	-1.125600	0.246100	1.012200
1627307213.250911	0.716300	-0.233000	-0.799000	-1.148500	0.271500	1.015600
1627307213.251893	0.701500	-0.235400	-0.793700	-1.147600	0.302600	1.018000
1627307213.265579	0.689000	-0.241200	-0.783900	-1.157700	0.349700	1.023200
1627307213.269097	0.684600	-0.249900	-0.780500	-1.148800	0.387500	1.024100
1627307213.292048	0.687900	-0.258400	-0.758300	-1.143900	0.411000	1.020100
1627307213.292882	0.685100	-0.258100	-0.722900	-1.173000	0.423000	1.013400
1627307213.303042	0.680900	-0.254600	-0.696300	-1.199800	0.418700	1.010400
1627307213.311472	0.675000	-0.254600	-0.678600	-1.194000	0.403400	1.008200
1627307213.331021	0.676100	-0.255100	-0.658000	-1.189800	0.372300	1.005500
1627307213.331987	0.672500	-0.257200	-0.644700	-1.202000	0.338400	1.003900
1627307213.343037	0.672100	-0.260400	-0.642700	-1.205000	0.307800	1.000300
1627307213.351657	0.675200	-0.267700	-0.646400	-1.206300	0.280300	0.990800
1627307213.377464	0.680100	-0.273900	-0.651100	-1.223400	0.259900	0.977400
1627307213.378463	0.681200	-0.274900	-0.655200	-1.261200	0.243100	0.962400
1627307213.381600	0.674700	-0.265900	-0.655900	-1.305500	0.226000	0.945600
1627307213.394703	0.671400	-0.257200	-0.655000	-1.326600	0.211600	0.934000
1627307213.419686	0.672400	-0.251300	-0.658800	-1.352300	0.199100	0.927600
1627307213.420516	0.673500	-0.241600	-0.661700	-1.385900	0.183500	0.925400
1627307213.422008	0.675200	-0.238500	-0.660600	-1.395600	0.171600	0.925800
1627307213.437311	0.675700	-0.236300	-0.655600	-1.400500	0.157200	0.928500
1627307213.441513	0.678600	-0.235800	-0.647500	-1.408100	0.137400	0.933400
1627307213.465750	0.685200	-0.232800	-0.652100	-1.412700	0.110800	0.937400
1627307213.469290	0.678100	-0.229700	-0.662400	-1.420400	0.083600	0.944100
1627307213.470257	0.674300	-0.223600	-0.677400	-1.427700	0.057100	0.955100
1627307213.484007	0.672900	-0.220800	-0.691300	-1.402600	0.037500	0.966700
1627307213.484904	0.674900	-0.224000	-0.701500	-1.386200	0.020400	0.976500
1627307213.507111	0.681500	-0.230800	-0.710100	-1.381900	0.000200	0.985900
1627307213.511937	0.687000	-0.234300	-0.717000	-1.371200	-0.020200	0.987800
1627307213.521773	0.684700	-0.228600	-0.724600	-1.367500	-0.038500	0.988700
1627307213.526505	0.675000	-0.223800	-0.740100	-1.352600	-0.054400	0.994500
1627307213.549163	0.671400	-0.220000	-0.763200	-1.318000	-0.064500	1.005200
1627307213.552944	0.665300	-0.216900	-0.782200	-1.299400	-0.064800	1.018000
1627307213.568117	0.659900	-0.217000	-0.800400	-1.273800	-0.056600	1.037200
1627307213.571556	0.656600	-0.225500	-0.817500	-1.228200	-0.034000	1.059500
1627307213.595818	0.659400	-0.239700	-0.821700	-1.196800	-0.009800	1.073300
1627307213.596642	0.668600	-0.251800	-0.819700	-1.186700	0.010300	1.079400
1627307213.600438	0.671000	-0.260900	-0.817700	-1.191000	0.031700	1.078500
1627307213.615419	0.666100	-0.259800	-0.817100	-1.206300	0.047000	1.077600
1627307213.616315	0.656900	-0.256600	-0.814500	-1.217900	0.065900	1.077600
1627307213.631872	0.658400	-0.247400	-0.808700	-1.213300	0.086100	1.080300
1627307213.641809	0.649400	-0.239300	-0.800400	-1.210200	0.098900	1.087300
1627307213.646561	0.642600	-0.233200	-0.788100	-1.197400	0.107100	1.100500
1627307213.669569	0.636400	-0.233800	-0.776100	-1.160100	0.112900	1.114800
1627307213.670412	0.646000	-0.246500	-0.770400	-1.130500	0.110800	1.122100
1627307213.680449	0.654500	-0.254500	-0.761600	-1.116800	0.101000	1.121200
1627307213.684189	0.649400	-0.259500	-0.757200	-1.116200	0.085800	1.116300
1627307213.705401	0.649400	-0.262100	-0.759600	-1.116200	0.069300	1.108400
1627307213.709386	0.644400	-0.258300	-0.768400	-1.104900	0.061300	1.099800
1627307213.724833	0.635000	-0.253800	-0.784500	-1.098400	0.059500	1.095300
1627307213.727753	0.633700	-0.250000	-0.799300	-1.082300	0.068000	1.092800
1627307213.751056	0.640000	-0.251300	-0.809300	-1.062100	0.080000	1.092500
1627307213.751877	0.640500	-0.252800	-0.820300	-1.058700	0.099500	1.091900
1627307213.760533	0.642900	-0.253700	-0.827500	-1.059000	0.120600	1.091900
1627307213.771556	0.642500	-0.260300	-0.831700	-1.049300	0.144700	1.091300
1627307213.791973	0.640100	-0.264200	-0.818800	-1.056900	0.168800	1.088200
1627307213.792815	0.642900	-0.275000	-0.813400	-1.026400	0.182000	1.083400
1627307213.803002	0.650100	-0.290900	-0.804000	-0.971400	0.189300	1.069000
1627307213.812892	0.653600	-0.292700	-0.791700	-0.964000	0.187500	1.045200
1627307213.837253	0.652200	-0.281200	-0.790400	-0.982400	0.178000	1.023200
1627307213.838232	0.654700	-0.264500	-0.795200	-0.952100	0.170400	1.009400
1627307213.839410	0.658300	-0.266200	-0.820900	-0.903000	0.160300	1.001500
1627307213.857679	0.648300	-0.268700	-0.837500	-0.875200	0.159700	0.996900
1627307213.870209	0.652800	-0.271900	-0.850300	-0.838500	0.172500	0.989600
1627307213.893736	0.655500	-0.283700	-0.862400	-0.790000	0.194200	0.979800
1627307213.894634	0.657600	-0.295500	-0.873800	-0.763700	0.225300	0.964500
1627307213.895470	0.659200	-0.303500	-0.877900	-0.735900	0.255900	0.950500
1627307213.899244	0.662600	-0.311300	-0.872700	-0.709000	0.290700	0.930900
1627307213.914490	0.666300	-0.309000	-0.864100	-0.706000	0.325200	0.909600
1627307213.938649	0.663800	-0.306600	-0.856600	-0.704100	0.352100	0.894900
1627307213.939475	0.669100	-0.308600	-0.849100	-0.681500	0.378400	0.880200
1627307213.940550	0.673500	-0.317100	-0.837900	-0.659500	0.399100	0.859800
1627307213.956511	0.675000	-0.326900	-0.826500	-0.654000	0.411000	0.839600
1627307213.959054	0.671800	-0.331100	-0.818600	-0.647300	0.421100	0.814900
1627307213.983356	0.665500	-0.335900	-0.807900	-0.640300	0.428500	0.782800
1627307213.984182	0.664700	-0.337200	-0.805400	-0.628100	0.435800	0.755300
1627307213.988422	0.663800	-0.337400	-0.801300	-0.612500	0.447400	0.727800
1627307214.011889	0.659900	-0.324000	-0.792600	-0.617400	0.464500	0.696700
1627307214.017699	0.659700	-0.309000	-0.787200	-0.610700	0.476400	0.680800
1627307214.018609	0.656500	-0.293200	-0.771000	-0.598400	0.487700	0.670700
1627307214.032294	0.661900	-0.283000	-0.752100	-0.583200	0.494400	0.670400
1627307214.056187	0.661900	-0.284400	-0.737900	-0.556000	0.494400	0.668600
1627307214.057088	0.659200	-0.286600	-0.723600	-0.533400	0.486800	0.665800
1627307214.059212	0.659100	-0.298100	-0.716200	-0.510200	0.473100	0.658500
1627307214.069279	0.664900	-0.309600	-0.713600	-0.479300	0.457500	0.645400
1627307214.079269	0.665200	-0.318700	-0.708400	-0.466500	0.439500	0.626700
1627307214.103362	0.663500	-0.320200	-0.714600	-0.471700	0.420500	0.607200
1627307214.104186	0.665400	-0.317900	-0.718400	-0.459200	0.408000	0.587600
1627307214.108312	0.663000	-0.315300	-0.723600	-0.443900	0.400700	0.571500
1627307214.115988	0.663100	-0.305100	-0.728100	-0.436600	0.395200	0.558300
1627307214.135576	0.666100	-0.297100	-0.727100	-0.416700	0.395800	0.549800
1627307214.148715	0.663200	-0.296800	-0.724200	-0.390800	0.396700	0.545200
1627307214.149620	0.660000	-0.297100	-0.718400	-0.366300	0.402800	0.543700
1627307214.156033	0.661300	-0.302500	-0.708300	-0.340000	0.410700	0.540000
1627307214.181165	0.657000	-0.307400	-0.698400	-0.325700	0.417500	0.536900
1627307214.182063	0.658700	-0.306000	-0.681000	-0.305500	0.421700	0.533000
1627307214.186079	0.663100	-0.311000	-0.668200	-0.291200	0.426300	0.527500
1627307214.210688	0.667700	-0.325200	-0.675500	-0.298500	0.430300	0.521100
1627307214.211797	0.667700	-0.321200	-0.653300	-0.301900	0.426300	0.507600
1627307214.227126	0.673500	-0.316300	-0.618900	-0.285400	0.407700	0.493300
1627307214.231536	0.678500	-0.318600	-0.603900	-0.273200	0.382300	0.481300
1627307214.232439	0.677100	-0.322500	-0.601100	-0.283200	0.351200	0.465800
1627307214.255354	0.668500	-0.332000	-0.624800	-0.286000	0.324900	0.449300
1627307214.257929	0.664600	-0.328100	-0.633300	-0.280200	0.313300	0.431600
1627307214.273013	0.666300	-0.325300	-0.626000	-0.270700	0.302600	0.418700
1627307214.277979	0.674100	-0.321400	-0.620500	-0.268300	0.292800	0.403200
1627307214.302444	0.666300	-0.312100	-0.592000	-0.263400	0.280000	0.391600
1627307214.303264	0.672900	-0.315900	-0.591200	-0.257300	0.265400	0.385400
1627307214.309370	0.685900	-0.318400	-0.589100	-0.232200	0.249200	0.371100
1627307214.321485	0.689500	-0.309200	-0.567300	-0.231000	0.229000	0.357000
1627307214.338823	0.697000	-0.309600	-0.564700	-0.242300	0.204900	0.349100
1627307214.339717	0.698600	-0.310900	-0.565400	-0.234400	0.172200	0.339600
1627307214.349806	0.703500	-0.311500	-0.554900	-0.224000	0.142000	0.329500
1627307214.374265	0.703100	-0.311000	-0.546800	-0.224600	0.103800	0.323700
1627307214.377690	0.709600	-0.321200	-0.558600	-0.208100	0.055800	0.314000
1627307214.378582	0.712000	-0.340300	-0.574600	-0.186100	0.018000	0.302100
1627307214.393492	0.707200	-0.359400	-0.595100	-0.177600	-0.015000	0.281900
1627307214.424181	0.710000	-0.379600	-0.619900	-0.181800	-0.045300	0.250700
1627307214.426419	0.709400	-0.392100	-0.634600	-0.187300	-0.059300	0.215000
1627307214.427319	0.709600	-0.392500	-0.649700	-0.192500	-0.061500	0.180500
1627307214.429520	0.710200	-0.383300	-0.662100	-0.187900	-0.056900	0.142600
1627307214.436774	0.712500	-0.373700	-0.665600	-0.167500	-0.049200	0.112700
1627307214.441702	0.711900	-0.362500	-0.667600	-0.155900	-0.045300	0.089200
1627307214.471181	0.717500	-0.351300	-0.671900	-0.133000	-0.044000	0.069300
1627307214.472107	0.722800	-0.347200	-0.678200	-0.095100	-0.042200	0.053700
1627307214.478426	0.724100	-0.348900	-0.686400	-0.081300	-0.039500	0.037600
1627307214.497789	0.720300	-0.347200	-0.696400	-0.085900	-0.039500	0.022900
1627307214.513642	0.723300	-0.351200	-0.705200	-0.063600	-0.029700	0.006400
1627307214.517830	0.725700	-0.353800	-0.709100	-0.046200	-0.018100	-0.012200
1627307214.529107	0.721300	-0.352200	-0.710300	-0.064200	-0.001900	-0.033300
1627307214.530005	0.722700	-0.348000	-0.707900	-0.060000	0.018900	-0.054400
1627307214.537022	0.723600	-0.341100	-0.700300	-0.051400	0.037500	-0.070900
1627307214.557063	0.717900	-0.320600	-0.685500	-0.074600	0.053100	-0.084600
1627307214.557993	0.719700	-0.302000	-0.670300	-0.071300	0.063500	-0.090100
1627307214.569314	0.722500	-0.294600	-0.658200	-0.026100	0.068700	-0.088900
1627307214.577959	0.720900	-0.294200	-0.640700	-0.003500	0.061900	-0.083700
1627307214.600951	0.723300	-0.293900	-0.621300	0.002300	0.042400	-0.080000
1627307214.601767	0.722000	-0.298600	-0.613200	0.024000	0.024100	-0.080300
1627307214.611866	0.721800	-0.300500	-0.611600	0.023400	0.002700	-0.084600
1627307214.624198	0.716100	-0.303500	-0.619400	0.011500	-0.023000	-0.090700
1627307214.628073	0.705400	-0.302000	-0.627300	0.010000	-0.041900	-0.099900
1627307214.643522	0.707200	-0.298500	-0.635100	0.011500	-0.056900	-0.110900
1627307214.650416	0.701700	-0.292500	-0.641700	-0.009600	-0.075500	-0.125900
1627307214.673326	0.697600	-0.281000	-0.650100	-0.035200	-0.085300	-0.133200
1627307214.674459	0.692000	-0.267500	-0.653100	-0.047400	-0.086800	-0.135900
1627307214.678000	0.690300	-0.252000	-0.646100	-0.029400	-0.074900	-0.128300
1627307214.689386	0.688500	-0.244500	-0.632100	-0.015100	-0.062100	-0.115800
1627307214.690296	0.690800	-0.242200	-0.621100	-0.014500	-0.052300	-0.099300
1627307214.714406	0.683300	-0.237800	-0.609700	-0.025500	-0.061500	-0.083100
1627307214.716868	0.681300	-0.246200	-0.602300	-0.034300	-0.083800	-0.073300
1627307214.732494	0.681500	-0.261600	-0.593500	-0.038300	-0.117000	-0.067500
1627307214.734055	0.686900	-0.280000	-0.579700	-0.043200	-0.162200	-0.076100
1627307214.757166	0.690600	-0.293200	-0.574200	-0.053900	-0.209600	-0.094100
1627307214.758151	0.689500	-0.301500	-0.577300	-0.078600	-0.253900	-0.120000
1627307214.771848	0.686500	-0.295200	-0.584100	-0.105800	-0.299700	-0.155500
1627307214.777990	0.680900	-0.279400	-0.592400	-0.114600	-0.334200	-0.182400
1627307214.799560	0.683700	-0.256300	-0.609000	-0.119800	-0.361400	-0.200100
1627307214.800693	0.682400	-0.227800	-0.625200	-0.114000	-0.382200	-0.206200
1627307214.810592	0.684800	-0.208500	-0.642300	-0.081700	-0.390100	-0.201900
1627307214.819116	0.687000	-0.197500	-0.653300	-0.052900	-0.391300	-0.189400
1627307214.834968	0.689000	-0.191300	-0.653000	-0.039500	-0.389500	-0.170400
1627307214.835862	0.690800	-0.191800	-0.651400	-0.002500	-0.386100	-0.150900
1627307214.845996	0.700300	-0.205800	-0.646400	0.046900	-0.388000	-0.135600
1627307214.865814	0.700100	-0.228800	-0.640300	0.066500	-0.398700	-0.126500
1627307214.866941	0.694200	-0.246700	-0.631700	0.091800	-0.418200	-0.125200
1627307214.873514	0.702900	-0.270400	-0.639200	0.121800	-0.442600	-0.131700
1627307214.897402	0.694300	-0.295200	-0.655000	0.119900	-0.474700	-0.146000
1627307214.898297	0.694900	-0.313200	-0.671900	0.104400	-0.502500	-0.167700
1627307214.908353	0.697100	-0.328700	-0.694300	0.130600	-0.517500	-0.194900
1627307214.914745	0.688200	-0.338000	-0.711200	0.129400	-0.521700	-0.228500
1627307214.925504	0.683600	-0.335600	-0.725800	0.111700	-0.519900	-0.259000
1627307214.941404	0.676100	-0.331800	-0.732900	0.151400	-0.508900	-0.280100
1627307214.945318	0.693600	-0.341900	-0.745500	0.215200	-0.498500	-0.301500
1627307214.968390	0.694900	-0.358800	-0.748700	0.258300	-0.484800	-0.330500
1627307214.969408	0.684000	-0.375700	-0.751500	0.281200	-0.470400	-0.360400
1627307214.980476	0.695100	-0.389900	-0.761000	0.332800	-0.455800	-0.407500
1627307214.989224	0.699700	-0.406400	-0.775500	0.356600	-0.445700	-0.471000
1627307215.007603	0.698700	-0.412600	-0.795200	0.341700	-0.441700	-0.533000
1627307215.009043	0.701000	-0.413500	-0.817500	0.345000	-0.431300	-0.602300
1627307215.015228	0.694500	-0.398700	-0.837500	0.319100	-0.411200	-0.686300
1627307215.027855	0.678300	-0.373400	-0.846900	0.281800	-0.387700	-0.743700
1627307215.028774	0.667600	-0.338300	-0.854200	0.264400	-0.351900	-0.788600
1627307215.052959	0.651400	-0.287600	-0.845300	0.279700	-0.305500	-0.821600
1627307215.057982	0.651400	-0.287600	-0.845300	0.279700	-0.305500	-0.821600
1627307215.071657	0.635700	-0.219000	-0.814700	0.342600	-0.243200	-0.813700
1627307215.072565	0.635700	-0.219000	-0.814700	0.342600	-0.243200	-0.813700
1627307215.093015	0.631700	-0.196200	-0.783200	0.426900	-0.221800	-0.785600
1627307215.096758	0.629400	-0.197400	-0.752000	0.508400	-0.216600	-0.759300
1627307215.112236	0.627900	-0.208700	-0.721100	0.563400	-0.229100	-0.739500
1627307215.114395	0.629400	-0.233600	-0.698700	0.617200	-0.264600	-0.730600
1627307215.137347	0.630600	-0.253800	-0.686600	0.650200	-0.304300	-0.737300
1627307215.138172	0.635900	-0.265400	-0.679900	0.649900	-0.347600	-0.752600
1627307215.146749	0.627800	-0.266400	-0.681800	0.619900	-0.400200	-0.779500
1627307215.157907	0.616700	-0.254000	-0.690800	0.599200	-0.442300	-0.800200
1627307215.179574	0.621600	-0.239600	-0.702600	0.597900	-0.481400	-0.816100
1627307215.180397	0.609700	-0.229600	-0.722400	0.584800	-0.516200	-0.824700
1627307215.186031	0.596400	-0.222800	-0.741500	0.591200	-0.534000	-0.830200
1627307215.209232	0.602900	-0.220500	-0.759600	0.617200	-0.536400	-0.835700
1627307215.215135	0.603500	-0.227800	-0.788800	0.625100	-0.534300	-0.842400
1627307215.216028	0.588900	-0.231100	-0.813700	0.605300	-0.517500	-0.854300
1627307215.226833	0.585800	-0.232200	-0.814500	0.614400	-0.495800	-0.864100
1627307215.228378	0.593100	-0.240100	-0.818200	0.625400	-0.480500	-0.881800
1627307215.254824	0.586400	-0.242900	-0.816500	0.588200	-0.469500	-0.898900
1627307215.255759	0.585000	-0.241100	-0.813100	0.581700	-0.461600	-0.916900
1627307215.270667	0.583100	-0.245000	-0.811800	0.599200	-0.455800	-0.932800
1627307215.272247	0.575700	-0.246100	-0.814700	0.580200	-0.452400	-0.949600
1627307215.296455	0.568200	-0.243500	-0.817700	0.592400	-0.448700	-0.963700
1627307215.297360	0.568700	-0.249800	-0.817400	0.616600	-0.451500	-0.978300
1627307215.309421	0.565400	-0.250600	-0.817900	0.617200	-0.457600	-0.996600
1627307215.316040	0.562600	-0.246100	-0.819200	0.627600	-0.464300	-1.011600
1627307215.328050	0.560500	-0.245000	-0.828200	0.644100	-0.468900	-1.025400
1627307215.343149	0.555300	-0.242100	-0.837500	0.652900	-0.471700	-1.037000
1627307215.349141	0.551900	-0.240200	-0.845800	0.675500	-0.468600	-1.046700
1627307215.369604	0.549400	-0.240100	-0.850100	0.690800	-0.464900	-1.058000
1627307215.370426	0.545300	-0.232700	-0.855200	0.688000	-0.462800	-1.068100
1627307215.380315	0.544700	-0.225300	-0.862300	0.702100	-0.458500	-1.073000
1627307215.386924	0.543600	-0.219200	-0.858200	0.740300	-0.452400	-1.077300
1627307215.407191	0.548500	-0.212400	-0.839600	0.778100	-0.455500	-1.079400
1627307215.409510	0.560200	-0.215100	-0.856100	0.775100	-0.459100	-1.083100
1627307215.415782	0.549400	-0.213100	-0.878500	0.762900	-0.460000	-1.086400
1627307215.427832	0.541700	-0.196700	-0.872300	0.788800	-0.456100	-1.085800
1627307215.449553	0.536000	-0.194300	-0.852800	0.825800	-0.457000	-1.077900
1627307215.451827	0.543800	-0.205700	-0.844700	0.870100	-0.462800	-1.071500
1627307215.464957	0.540800	-0.220500	-0.869300	0.859100	-0.466800	-1.073000
1627307215.465841	0.529100	-0.224900	-0.884300	0.856600	-0.466500	-1.079400
1627307215.469749	0.525800	-0.227300	-0.886100	0.890800	-0.462500	-1.085800
1627307215.491881	0.523600	-0.230200	-0.876300	0.904600	-0.460700	-1.090100
1627307215.495408	0.531500	-0.242100	-0.893300	0.893600	-0.453600	-1.102600
1627307215.510687	0.528400	-0.247700	-0.908700	0.893300	-0.442600	-1.119700
1627307215.512838	0.517800	-0.236000	-0.887300	0.900900	-0.435300	-1.137700
1627307215.535338	0.519800	-0.239100	-0.881300	0.909500	-0.432600	-1.149700
1627307215.547810	0.525900	-0.250100	-0.897700	0.895400	-0.428900	-1.165200
1627307215.553757	0.510600	-0.238500	-0.889200	0.885700	-0.427700	-1.186600
1627307215.554650	0.505200	-0.232500	-0.880200	0.905800	-0.428900	-1.200100
1627307215.565539	0.513500	-0.240800	-0.896000	0.891800	-0.433800	-1.213800
1627307215.568394	0.494600	-0.233800	-0.902500	0.879200	-0.433800	-1.226600
1627307215.594589	0.491900	-0.233300	-0.923000	0.881700	-0.422800	-1.237900
1627307215.596801	0.498700	-0.233200	-0.930400	0.893600	-0.411800	-1.249800
1627307215.607009	0.496800	-0.237900	-0.941800	0.878900	-0.398000	-1.264200
1627307215.614166	0.491600	-0.228400	-0.938700	0.875300	-0.384600	-1.278600
1627307215.625522	0.492400	-0.228000	-0.951300	0.871600	-0.367800	-1.289900
1627307215.637895	0.491200	-0.229400	-0.972500	0.859700	-0.344600	-1.299900
1627307215.638803	0.489700	-0.222300	-0.979000	0.855400	-0.311000	-1.314300
1627307215.663386	0.490600	-0.212900	-0.971600	0.848400	-0.283500	-1.322200
1627307215.665561	0.493400	-0.202900	-0.959500	0.832200	-0.260000	-1.328600
1627307215.675415	0.492700	-0.191900	-0.948700	0.821500	-0.238300	-1.331400
1627307215.684249	0.493900	-0.181900	-0.941000	0.829100	-0.224900	-1.329000
1627307215.702983	0.495100	-0.178300	-0.939800	0.849300	-0.214200	-1.327700
1627307215.704389	0.491100	-0.175300	-0.938800	0.871900	-0.202600	-1.324100
1627307215.719421	0.490800	-0.173000	-0.932700	0.889000	-0.195200	-1.322200
1627307215.722816	0.498400	-0.174400	-0.930100	0.915300	-0.186400	-1.322800
1627307215.745822	0.504000	-0.176000	-0.924900	0.933600	-0.181800	-1.326800
1627307215.746644	0.505100	-0.177100	-0.922900	0.935100	-0.180000	-1.330500
1627307215.754399	0.504800	-0.170000	-0.925000	0.929900	-0.175400	-1.334800
1627307215.767915	0.510600	-0.156600	-0.930800	0.919200	-0.167400	-1.336000
1627307215.787184	0.514200	-0.146000	-0.935700	0.900600	-0.162200	-1.331100
1627307215.788009	0.507200	-0.136700	-0.940600	0.900900	-0.150300	-1.324400
1627307215.798069	0.508800	-0.135600	-0.951500	0.933900	-0.130500	-1.313100
1627307215.811565	0.517100	-0.135700	-0.953000	0.954400	-0.110000	-1.303600
1627307215.826075	0.516800	-0.136400	-0.954000	0.945500	-0.092300	-1.296600
1627307215.827020	0.520900	-0.132300	-0.965500	0.940600	-0.065700	-1.288600
1627307215.834253	0.532200	-0.128400	-0.980100	0.938800	-0.037300	-1.282200
1627307215.844034	0.535200	-0.121100	-0.991500	0.916500	-0.005300	-1.276100
1627307215.863389	0.533000	-0.113800	-1.004800	0.898200	0.041500	-1.265400
1627307215.865568	0.532600	-0.112100	-1.007600	0.900300	0.087000	-1.252600
1627307215.872209	0.533100	-0.110400	-0.997800	0.906400	0.131300	-1.241300
1627307215.893632	0.540300	-0.111700	-0.982700	0.914400	0.175900	-1.228800
1627307215.894542	0.548500	-0.109000	-0.957600	0.919600	0.211900	-1.219600
1627307215.909433	0.560100	-0.107900	-0.937700	0.911300	0.232400	-1.208600
1627307215.912250	0.568200	-0.101900	-0.922000	0.904900	0.246100	-1.196100
1627307215.924367	0.568800	-0.096600	-0.913300	0.896000	0.251300	-1.181700
1627307215.939135	0.570300	-0.088100	-0.905900	0.876200	0.254100	-1.166500
1627307215.943942	0.574600	-0.075800	-0.897200	0.863000	0.255900	-1.146600
1627307215.964695	0.578000	-0.063500	-0.885500	0.849600	0.258000	-1.123700
1627307215.966767	0.577400	-0.048700	-0.877900	0.832800	0.263500	-1.099900
1627307215.976863	0.579300	-0.030800	-0.865400	0.830400	0.273600	-1.067800
1627307215.984419	0.582300	-0.015100	-0.859500	0.837700	0.284600	-1.025400
1627307216.003382	0.589700	-0.004400	-0.851700	0.845600	0.294700	-0.983500
1627307216.004276	0.603400	-0.000100	-0.846800	0.853000	0.301400	-0.938900
1627307216.014144	0.607100	-0.001000	-0.846600	0.843200	0.306900	-0.889700
1627307216.025430	0.611200	-0.007300	-0.846700	0.830100	0.310900	-0.852500
1627307216.049169	0.618800	-0.017100	-0.845000	0.827900	0.316400	-0.818300
1627307216.050572	0.632200	-0.023800	-0.841400	0.804100	0.323100	-0.783400
1627307216.066046	0.631000	-0.025500	-0.841100	0.770200	0.328900	-0.756600
1627307216.072921	0.626700	-0.023900	-0.836700	0.739700	0.340800	-0.729700
1627307216.073837	0.626600	-0.018800	-0.830800	0.714000	0.363100	-0.695800
1627307216.094559	0.628700	-0.015100	-0.824300	0.696000	0.382600	-0.665200
1627307216.095380	0.634500	-0.009600	-0.812100	0.676100	0.402500	-0.633200
1627307216.108286	0.632300	-0.002400	-0.794900	0.651700	0.420500	-0.589200
1627307216.114090	0.639300	0.002200	-0.778300	0.631800	0.431500	-0.555600
1627307216.135076	0.644000	0.012700	-0.749300	0.616900	0.431800	-0.516200
1627307216.135981	0.646100	0.021400	-0.719800	0.596400	0.418100	-0.461200
1627307216.144584	0.647200	0.017200	-0.703900	0.604700	0.401900	-0.413900
1627307216.165516	0.649400	-0.000100	-0.702800	0.619000	0.382900	-0.369600
1627307216.176120	0.660300	-0.011600	-0.680800	0.615300	0.356700	-0.330800
1627307216.177209	0.667600	-0.016800	-0.667600	0.589100	0.324300	-0.296000
1627307216.181133	0.671800	-0.024200	-0.670800	0.585400	0.295000	-0.267000
1627307216.202962	0.676900	-0.036100	-0.680100	0.575000	0.263200	-0.238300
1627307216.216315	0.677100	-0.041500	-0.684800	0.537200	0.237300	-0.215300
1627307216.217219	0.682700	-0.042600	-0.689000	0.506600	0.217100	-0.196700
1627307216.223567	0.688100	-0.042600	-0.688000	0.487100	0.196900	-0.173800
1627307216.253004	0.690200	-0.047600	-0.696900	0.458400	0.183200	-0.150000
1627307216.254543	0.690800	-0.044600	-0.697900	0.412800	0.178300	-0.132600
1627307216.263791	0.688800	-0.044200	-0.703200	0.384700	0.178000	-0.104800
1627307216.264689	0.692600	-0.046100	-0.699000	0.366400	0.180400	-0.080600
1627307216.271067	0.697500	-0.042800	-0.673000	0.363100	0.176500	-0.058400
1627307216.290355	0.706100	-0.052600	-0.652700	0.359400	0.165200	-0.034800
1627307216.303581	0.707500	-0.065300	-0.641700	0.335000	0.150200	-0.015300
1627307216.304138	0.713500	-0.073400	-0.640100	0.302000	0.135200	-0.005500
1627307216.310571	0.712600	-0.081300	-0.639500	0.269300	0.116600	0.001200
1627307216.323124	0.711300	-0.089000	-0.634600	0.236000	0.094000	0.007600
1627307216.333178	0.711900	-0.091200	-0.631300	0.197200	0.074500	0.009100
1627307216.340747	0.719200	-0.094200	-0.631100	0.156600	0.050000	0.015600
1627307216.363827	0.713900	-0.095000	-0.635500	0.122100	0.023100	0.022600
1627307216.364665	0.713300	-0.098800	-0.651100	0.086000	0.005100	0.030200
1627307216.374423	0.715000	-0.102900	-0.666500	0.071700	-0.008600	0.037600
1627307216.381878	0.714500	-0.111700	-0.680200	0.053000	-0.015900	0.043100
1627307216.401346	0.711700	-0.116600	-0.688700	0.015200	-0.018400	0.048200
1627307216.402263	0.712900	-0.118900	-0.702900	-0.005000	-0.015300	0.054400
1627307216.411844	0.708100	-0.127000	-0.722200	-0.012000	0.001800	0.058900
1627307216.422215	0.708600	-0.134500	-0.730800	-0.031900	0.022500	0.061400
1627307216.448748	0.715600	-0.142000	-0.733300	-0.049000	0.044500	0.062600
1627307216.449651	0.714800	-0.148900	-0.733000	-0.083200	0.070200	0.061400
1627307216.453085	0.715700	-0.146100	-0.728900	-0.121400	0.090700	0.063500
1627307216.461791	0.721100	-0.143400	-0.720000	-0.142700	0.108100	0.067800
1627307216.467973	0.722200	-0.142100	-0.704100	-0.153400	0.123300	0.077900
1627307216.488056	0.720500	-0.143600	-0.692100	-0.179700	0.126100	0.086100
1627307216.491675	0.721100	-0.142000	-0.682600	-0.197400	0.124200	0.098300
1627307216.506572	0.723500	-0.146400	-0.668300	-0.198300	0.123900	0.110900
1627307216.509042	0.727300	-0.146100	-0.657800	-0.216000	0.119100	0.121500
1627307216.531689	0.724100	-0.137700	-0.645500	-0.239300	0.108700	0.136200
1627307216.543080	0.723000	-0.128400	-0.634000	-0.235000	0.095200	0.157600
1627307216.551298	0.731000	-0.126800	-0.629500	-0.224300	0.076600	0.178100
1627307216.552196	0.733400	-0.131100	-0.628100	-0.226400	0.052200	0.197600
1627307216.559741	0.731600	-0.138300	-0.633100	-0.213000	0.023500	0.219000
1627307216.582835	0.735800	-0.146000	-0.643900	-0.208700	0.000200	0.232100
1627307216.593752	0.736600	-0.153900	-0.656400	-0.209600	-0.016300	0.243400
1627307216.594641	0.728600	-0.159700	-0.675500	-0.218800	-0.027600	0.254100
1627307216.603550	0.726700	-0.167000	-0.690400	-0.222200	-0.028200	0.261100
1627307216.627812	0.730300	-0.171100	-0.700400	-0.218500	-0.024800	0.265100
1627307216.628702	0.729400	-0.168600	-0.700800	-0.243200	-0.019300	0.270900
1627307216.631839	0.731600	-0.160800	-0.704100	-0.257300	-0.012000	0.280400
1627307216.641891	0.726600	-0.160800	-0.707900	-0.239900	-0.002800	0.288600
1627307216.651756	0.726000	-0.165600	-0.714200	-0.233500	0.007600	0.299900
1627307216.672706	0.730500	-0.168900	-0.707800	-0.228300	0.017000	0.308800
1627307216.673618	0.724000	-0.170300	-0.706900	-0.227000	0.024400	0.316400
1627307216.678144	0.718400	-0.175800	-0.703400	-0.221200	0.031700	0.322500
1627307216.700432	0.717300	-0.178500	-0.693800	-0.206300	0.036600	0.328900
1627307216.701696	0.722400	-0.179600	-0.687700	-0.205400	0.036900	0.332900
1627307216.711750	0.722000	-0.174700	-0.686300	-0.224900	0.032600	0.339300
1627307216.720261	0.721600	-0.164800	-0.684200	-0.246000	0.026800	0.349100
1627307216.743273	0.713500	-0.162100	-0.682700	-0.253300	0.022800	0.361000
1627307216.744119	0.713600	-0.162400	-0.678500	-0.262200	0.018300	0.373800
1627307216.751864	0.716800	-0.166400	-0.670400	-0.266400	0.009700	0.384800
1627307216.762768	0.721900	-0.170500	-0.659400	-0.271600	-0.003400	0.391200
1627307216.763662	0.719200	-0.174600	-0.658400	-0.270700	-0.018100	0.395800
1627307216.790488	0.717200	-0.176000	-0.663800	-0.277100	-0.037900	0.397700
1627307216.792066	0.712200	-0.173300	-0.677500	-0.301600	-0.052000	0.398000
1627307216.806854	0.703600	-0.165000	-0.692300	-0.313200	-0.059000	0.404400
1627307216.807776	0.701200	-0.159500	-0.707200	-0.325700	-0.056900	0.412900
1627307216.820914	0.706700	-0.159500	-0.714600	-0.346200	-0.051100	0.420300
1627307216.830631	0.707500	-0.157000	-0.718900	-0.369700	-0.042500	0.428500
1627307216.837136	0.704200	-0.151100	-0.719100	-0.408500	-0.031200	0.438600
1627307216.862087	0.704000	-0.145600	-0.715000	-0.434700	-0.022400	0.449600
1627307216.864303	0.702600	-0.141500	-0.711700	-0.456100	-0.015000	0.461800
1627307216.868404	0.697500	-0.135600	-0.711500	-0.485700	-0.013800	0.481300
1627307216.880500	0.696700	-0.133200	-0.715200	-0.495200	-0.011100	0.498800
1627307216.892716	0.690900	-0.137800	-0.719000	-0.503200	-0.010400	0.515300
1627307216.909991	0.690400	-0.143600	-0.720300	-0.524500	-0.013800	0.530500
1627307216.911010	0.692300	-0.149500	-0.723600	-0.545000	-0.018700	0.540900
1627307216.921968	0.693700	-0.149000	-0.726800	-0.564200	-0.023900	0.546100
1627307216.928429	0.693200	-0.145400	-0.732100	-0.584100	-0.026600	0.552500
1627307216.952742	0.692100	-0.137800	-0.739500	-0.610700	-0.025100	0.560500
1627307216.953636	0.686900	-0.132300	-0.750100	-0.633600	-0.020800	0.572400
1627307216.960612	0.682700	-0.127300	-0.757200	-0.656800	-0.008900	0.590400
1627307216.970928	0.679700	-0.127200	-0.761100	-0.674500	0.005700	0.608700
1627307216.996255	0.677100	-0.127200	-0.763200	-0.698300	0.016400	0.624900
1627307217.000050	0.663700	-0.126600	-0.764800	-0.739600	0.025600	0.644400
1627307217.000977	0.656500	-0.127800	-0.769700	-0.769200	0.034100	0.663400
1627307217.011934	0.667200	-0.131700	-0.771900	-0.775600	0.040300	0.678400
1627307217.014581	0.668000	-0.135500	-0.771900	-0.805500	0.043900	0.690600
1627307217.039688	0.657500	-0.128200	-0.767200	-0.843700	0.047000	0.704600
1627307217.040511	0.663100	-0.121700	-0.760000	-0.841600	0.053700	0.717800
1627307217.053106	0.669700	-0.112900	-0.749000	-0.845500	0.054300	0.734900
1627307217.060400	0.667700	-0.105000	-0.735000	-0.865400	0.050300	0.755900
1627307217.079691	0.667800	-0.096600	-0.730300	-0.877300	0.040900	0.779500
1627307217.080498	0.664400	-0.094100	-0.731600	-0.881000	0.026500	0.807900
1627307217.090713	0.660800	-0.097200	-0.741800	-0.877900	0.004800	0.842100
1627307217.100514	0.655500	-0.106800	-0.753400	-0.882200	-0.010400	0.867400
1627307217.125101	0.654700	-0.117300	-0.766200	-0.893800	-0.023900	0.889400
1627307217.127069	0.651600	-0.129000	-0.783400	-0.910300	-0.034900	0.910200
1627307217.131847	0.643200	-0.134300	-0.795700	-0.912100	-0.034600	0.923600
1627307217.144049	0.638300	-0.139000	-0.803700	-0.905400	-0.030000	0.935800
1627307217.144944	0.638100	-0.140100	-0.812100	-0.902700	-0.017800	0.947700
1627307217.169637	0.635300	-0.137500	-0.822500	-0.903900	-0.007700	0.961200
1627307217.174312	0.627800	-0.134200	-0.829500	-0.907200	0.001200	0.977400
1627307217.184363	0.627200	-0.132200	-0.833700	-0.896200	0.015500	1.001500
1627307217.190739	0.623500	-0.137800	-0.838700	-0.890700	0.024400	1.021700
1627307217.209866	0.621800	-0.148300	-0.840300	-0.888000	0.033500	1.040300
1627307217.210945	0.624800	-0.161400	-0.843000	-0.886500	0.047000	1.052500
1627307217.219800	0.621100	-0.170700	-0.845200	-0.885900	0.061300	1.058900
1627307217.243803	0.618200	-0.173200	-0.847400	-0.906600	0.075100	1.061700
1627307217.244709	0.618400	-0.173700	-0.849100	-0.932300	0.093100	1.066300
1627307217.251963	0.611600	-0.170000	-0.844800	-0.943600	0.111400	1.069600
1627307217.255923	0.608000	-0.166300	-0.845100	-0.959800	0.128800	1.075100
