1627307224.822442	0.601000	-0.453000	-0.592200	0.008200	0.068500	-0.026300
1627307224.823463	0.601200	-0.445100	-0.582800	0.005800	0.053500	-0.011900
1627307224.827614	0.602100	-0.442600	-0.577400	0.058300	0.038600	0.007600
1627307224.828237	0.602100	-0.442600	-0.577400	0.058300	0.038600	0.007600
1627307224.918364	0.602100	-0.442600	-0.577400	0.058300	0.038600	0.007600
1627307224.918779	0.633700	-0.437600	-0.603000	0.541200	-0.288800	-0.547700
1627307224.919191	0.643900	-0.456300	-0.616200	0.551300	-0.302900	-0.538500
1627307224.920966	0.643600	-0.474900	-0.628700	0.529900	-0.316900	-0.532400
1627307224.921409	0.648800	-0.492300	-0.649800	0.566200	-0.328600	-0.541300
1627307224.921843	0.644200	-0.496800	-0.666400	0.602000	-0.333400	-0.555600
1627307224.923597	0.645800	-0.495100	-0.688400	0.625200	-0.334100	-0.562900
1627307224.924002	0.646100	-0.496800	-0.705900	0.715900	-0.330400	-0.565700
1627307224.924449	0.645000	-0.508200	-0.723800	0.821000	-0.319400	-0.571800
1627307224.926128	0.643300	-0.521600	-0.731900	0.869200	-0.302000	-0.581900
1627307224.926534	0.644300	-0.529800	-0.724400	0.883600	-0.281200	-0.595000
1627307224.926972	0.644300	-0.540000	-0.705300	0.916900	-0.262000	-0.613300
1627307224.927379	0.648700	-0.548800	-0.687600	0.922400	-0.254000	-0.636200
1627307224.929962	0.641700	-0.554200	-0.676900	0.828900	-0.248200	-0.664700
1627307224.930409	0.639600	-0.556300	-0.648900	0.790400	-0.237800	-0.686600
1627307224.930813	0.648600	-0.559400	-0.618800	0.826100	-0.243600	-0.721200
1627307224.931217	0.646000	-0.562300	-0.595200	0.768700	-0.257100	-0.750200
1627307224.933305	0.645100	-0.558300	-0.579000	0.658500	-0.280300	-0.778900
1627307224.933740	0.633700	-0.538300	-0.569900	0.598600	-0.302000	-0.807000
1627307224.934147	0.632800	-0.517700	-0.555800	0.612300	-0.324000	-0.821300
1627307224.934555	0.626600	-0.516700	-0.547200	0.684700	-0.360600	-0.827800
1627307224.935004	0.627600	-0.528700	-0.547900	0.711600	-0.393300	-0.836000
1627307224.937069	0.628100	-0.543200	-0.557500	0.718600	-0.426000	-0.851600
1627307224.937519	0.619000	-0.546300	-0.580900	0.695700	-0.451300	-0.873900
1627307224.937923	0.618700	-0.536100	-0.594400	0.669200	-0.458400	-0.892200
1627307224.938369	0.620500	-0.525400	-0.601600	0.708900	-0.461400	-0.902600
1627307224.940886	0.620500	-0.530800	-0.606700	0.793500	-0.459600	-0.909900
1627307224.941289	0.613400	-0.540400	-0.610600	0.821300	-0.453800	-0.924900
1627307224.941694	0.616800	-0.539900	-0.601700	0.787000	-0.445800	-0.941100
1627307224.942143	0.626700	-0.529400	-0.594100	0.759600	-0.444900	-0.958500
1627307224.943399	0.624300	-0.510300	-0.595100	0.731800	-0.445500	-0.970100
1627307224.943804	0.630000	-0.490400	-0.592900	0.712500	-0.440600	-0.969200
1627307224.944257	0.641500	-0.478000	-0.588500	0.742800	-0.437900	-0.960900
1627307224.946381	0.657800	-0.481300	-0.595300	0.799600	-0.438500	-0.946300
1627307224.946828	0.664800	-0.495100	-0.603400	0.842600	-0.436400	-0.935300
1627307224.947232	0.666900	-0.507400	-0.620600	0.874100	-0.428700	-0.931600
1627307224.948476	0.666900	-0.511500	-0.638700	0.907400	-0.419300	-0.932500
1627307224.948926	0.670200	-0.513700	-0.663600	0.938500	-0.403100	-0.933400
1627307224.951064	0.655000	-0.504400	-0.674000	0.983100	-0.365200	-0.933700
1627307224.951513	0.666100	-0.495100	-0.656500	1.065600	-0.331900	-0.932200
1627307224.951949	0.651700	-0.503500	-0.636500	1.144700	-0.319700	-0.922400
1627307224.952357	0.663500	-0.519200	-0.629400	1.164900	-0.318200	-0.932200
1627307224.952805	0.651000	-0.516200	-0.635300	1.074800	-0.318500	-0.948700
1627307224.954953	0.646600	-0.486800	-0.629300	0.959300	-0.313000	-0.961800
1627307224.955367	0.659800	-0.452300	-0.625400	0.944000	-0.313300	-0.964900
1627307224.955772	0.642900	-0.419900	-0.621500	0.950800	-0.309000	-0.960300
1627307224.956220	0.652600	-0.391400	-0.618700	0.892100	-0.308100	-0.938900
1627307224.958298	0.647700	-0.350200	-0.628400	0.787000	-0.309000	-0.899200
1627307224.958705	0.642700	-0.313200	-0.625100	0.726300	-0.299800	-0.840300
1627307224.959107	0.649300	-0.298000	-0.621900	0.780300	-0.293700	-0.767000
1627307224.959548	0.644400	-0.310800	-0.609900	0.863700	-0.282700	-0.685400
1627307224.961688	0.664400	-0.345300	-0.591400	0.909500	-0.287300	-0.611800
1627307224.962136	0.640400	-0.382900	-0.580400	0.870700	-0.294000	-0.549500
1627307224.962541	0.652700	-0.426400	-0.561500	0.845400	-0.309300	-0.495400
1627307224.962988	0.637600	-0.484400	-0.552500	0.873800	-0.334400	-0.462500
1627307224.965040	0.644900	-0.534500	-0.538900	0.851800	-0.356300	-0.457300
1627307224.965487	0.636600	-0.575800	-0.523200	0.784600	-0.383200	-0.477100
1627307224.965888	0.648100	-0.601100	-0.508500	0.666700	-0.426600	-0.521100
1627307224.966291	0.633900	-0.588300	-0.504000	0.448900	-0.478500	-0.562900
1627307224.968843	0.634600	-0.555800	-0.507200	0.251900	-0.532300	-0.590100
1627307224.969249	0.622400	-0.534400	-0.538300	0.183800	-0.584500	-0.602000
1627307224.969654	0.621000	-0.532200	-0.577600	0.142600	-0.619000	-0.604200
1627307224.970094	0.619800	-0.542000	-0.627100	0.062600	-0.635200	-0.606600
1627307224.970499	0.622300	-0.556800	-0.676000	0.012800	-0.632200	-0.609700
1627307224.972613	0.622100	-0.573000	-0.717000	0.038100	-0.608000	-0.630100
1627307224.973016	0.619500	-0.581300	-0.746000	0.070200	-0.572900	-0.662200
1627307224.973464	0.622700	-0.572100	-0.749000	0.044800	-0.534100	-0.694000
1627307224.975132	0.630900	-0.546600	-0.737900	0.055200	-0.501700	-0.726300
1627307224.975536	0.637800	-0.528400	-0.735600	0.134000	-0.480000	-0.757500
1627307224.975975	0.638800	-0.505100	-0.737800	0.176800	-0.464500	-0.782900
1627307224.976379	0.644300	-0.465500	-0.750500	0.165200	-0.449200	-0.796600
1627307224.978153	0.637700	-0.414400	-0.764800	0.195100	-0.422600	-0.798700
1627307224.978558	0.645800	-0.354900	-0.764900	0.276100	-0.385100	-0.783500
1627307224.978979	0.648900	-0.306800	-0.761000	0.350900	-0.353000	-0.741000
1627307224.981084	0.647800	-0.272100	-0.746700	0.400700	-0.317600	-0.667100
1627307224.981489	0.648300	-0.276600	-0.738800	0.458100	-0.292200	-0.592300
1627307224.981927	0.650100	-0.303300	-0.725000	0.499000	-0.276900	-0.533900
1627307224.982336	0.659500	-0.343800	-0.715900	0.475500	-0.276300	-0.489900
1627307224.984444	0.651200	-0.387900	-0.724700	0.394300	-0.280300	-0.465500
1627307224.984851	0.668600	-0.429900	-0.741200	0.318500	-0.283700	-0.464600
1627307224.985255	0.667000	-0.450600	-0.764000	0.220500	-0.281500	-0.480500
1627307224.985658	0.677700	-0.450200	-0.791500	0.082100	-0.270800	-0.507700
1627307224.988054	0.625900	-0.247300	-0.582300	-0.074000	-0.147400	-0.460600
1627307224.988458	0.621300	-0.264400	-0.625100	-0.055300	-0.148000	-0.431300
1627307224.988864	0.612100	-0.273700	-0.654900	-0.034900	-0.130300	-0.407800
1627307224.989271	0.608500	-0.277700	-0.659400	0.060700	-0.100400	-0.392500
1627307224.989679	0.614000	-0.288600	-0.648100	0.173700	-0.075700	-0.380300
1627307224.990083	0.617800	-0.289400	-0.623300	0.225700	-0.062500	-0.373300
1627307224.990487	0.619400	-0.269300	-0.602500	0.221700	-0.062200	-0.369300
1627307224.990912	0.619500	-0.238400	-0.583000	0.242200	-0.068900	-0.358300
1627307224.991339	0.613600	-0.208100	-0.569900	0.266600	-0.084800	-0.332000
1627307224.991810	0.609600	-0.185900	-0.555300	0.295900	-0.098600	-0.290800
1627307224.992214	0.612900	-0.188100	-0.537000	0.378100	-0.120600	-0.245000
1627307224.993542	0.614700	-0.216900	-0.524700	0.426600	-0.155100	-0.210800
1627307225.001161	0.616900	-0.247300	-0.526700	0.351800	-0.210400	-0.189100
1627307225.027933	0.617700	-0.257300	-0.543000	0.288600	-0.252500	-0.182100
1627307225.028835	0.613600	-0.254200	-0.574300	0.258000	-0.288500	-0.183000
1627307225.031278	0.613200	-0.247200	-0.612200	0.221700	-0.306900	-0.179300
1627307225.042266	0.616500	-0.230700	-0.645600	0.220500	-0.310500	-0.172600
1627307225.070561	0.622800	-0.223000	-0.677100	0.241500	-0.301400	-0.157600
1627307225.071465	0.627100	-0.210900	-0.693500	0.242200	-0.280900	-0.145700
1627307225.072286	0.636400	-0.184800	-0.695200	0.193000	-0.262600	-0.119800
1627307225.103115	0.637100	-0.155500	-0.700400	0.146900	-0.254000	-0.084900
1627307225.104019	0.638300	-0.128500	-0.713300	0.132800	-0.246100	-0.033600
1627307225.104946	0.638700	-0.111300	-0.726700	0.148400	-0.234200	0.030200
1627307225.114883	0.643300	-0.107800	-0.748700	0.166700	-0.220400	0.108100
1627307225.146199	0.644300	-0.124500	-0.780400	0.225400	-0.201800	0.188400
1627307225.149408	0.641500	-0.162500	-0.809200	0.313000	-0.165500	0.262000
1627307225.150317	0.640600	-0.207300	-0.831700	0.344800	-0.131200	0.320700
1627307225.151199	0.631200	-0.242600	-0.850700	0.359100	-0.094600	0.366200
1627307225.162289	0.625400	-0.281200	-0.864000	0.433400	-0.053400	0.399800
1627307225.193069	0.623700	-0.325600	-0.873800	0.503000	-0.012700	0.420200
1627307225.193967	0.623800	-0.363000	-0.881800	0.507000	0.028800	0.425100
1627307225.195026	0.626100	-0.393800	-0.876000	0.495100	0.075800	0.413500
1627307225.204952	0.638400	-0.408600	-0.848300	0.456300	0.124400	0.379000
1627307225.229336	0.646200	-0.392300	-0.823600	0.326800	0.153400	0.346300
1627307225.230237	0.647500	-0.345800	-0.793500	0.136200	0.172700	0.329500
1627307225.231150	0.650800	-0.286700	-0.771000	0.003900	0.179700	0.346300
1627307225.242397	0.651000	-0.246700	-0.764500	-0.068500	0.180000	0.390600
1627307225.266821	0.653300	-0.235800	-0.777300	-0.140900	0.180900	0.459000
1627307225.267720	0.646000	-0.252300	-0.803600	-0.199500	0.193700	0.527100
1627307225.271108	0.647800	-0.301400	-0.819600	-0.205900	0.226700	0.591900
1627307225.279906	0.641600	-0.352400	-0.834500	-0.217200	0.259100	0.628500
1627307225.310760	0.644500	-0.394000	-0.837300	-0.256300	0.296700	0.639900
1627307225.324111	0.643700	-0.422900	-0.830300	-0.285000	0.330900	0.635000
1627307225.324810	0.641600	-0.428800	-0.812500	-0.310700	0.367200	0.622700
1627307225.325896	0.653600	-0.420900	-0.780600	-0.318600	0.388900	0.613600
1627307225.329763	0.653300	-0.403900	-0.764000	-0.363200	0.398400	0.613900
1627307225.345862	0.657600	-0.379500	-0.745600	-0.417000	0.418800	0.629500
1627307225.367015	0.663000	-0.364700	-0.724500	-0.389800	0.430800	0.648700
1627307225.367858	0.661000	-0.364000	-0.705900	-0.402000	0.444800	0.669800
1627307225.369574	0.663900	-0.360500	-0.674200	-0.447500	0.455500	0.692400
1627307225.379553	0.668700	-0.366200	-0.642800	-0.485700	0.449100	0.716200
1627307225.410492	0.662000	-0.372400	-0.624500	-0.547400	0.435000	0.738200
1627307225.411358	0.666100	-0.383700	-0.605200	-0.597200	0.416700	0.761400
1627307225.412507	0.654900	-0.405500	-0.593600	-0.619800	0.391700	0.775800
1627307225.439500	0.659100	-0.420900	-0.577400	-0.645700	0.373300	0.778800
1627307225.440395	0.671100	-0.431800	-0.568400	-0.689100	0.341600	0.772700
1627307225.441205	0.670700	-0.424600	-0.572900	-0.790200	0.312200	0.766900
1627307225.451095	0.678300	-0.407800	-0.577100	-0.854300	0.288400	0.770900
1627307225.484215	0.697600	-0.397000	-0.583400	-0.837900	0.264600	0.783100
1627307225.485108	0.712900	-0.402700	-0.612100	-0.843700	0.238000	0.809100
1627307225.486293	0.733800	-0.427100	-0.665500	-0.875100	0.214500	0.834100
1627307225.489822	0.730300	-0.454000	-0.737800	-0.920900	0.219700	0.849400
1627307225.504725	0.717500	-0.480500	-0.799300	-0.920600	0.261800	0.852400
1627307225.520540	0.714200	-0.501300	-0.822300	-0.851900	0.324800	0.845100
1627307225.538231	0.707000	-0.536900	-0.834400	-0.776500	0.384300	0.833800
1627307225.539249	0.693100	-0.570700	-0.835000	-0.756300	0.445400	0.809700
1627307225.540066	0.670300	-0.580900	-0.802900	-0.767900	0.519000	0.761100
1627307225.567912	0.673000	-0.574500	-0.767200	-0.786800	0.559600	0.726000
1627307225.568809	0.648900	-0.571900	-0.755400	-0.798800	0.582900	0.701500
1627307225.569670	0.637900	-0.566700	-0.743400	-0.781700	0.613700	0.675900
1627307225.595511	0.635700	-0.563200	-0.724400	-0.745300	0.643000	0.643800
1627307225.596411	0.627700	-0.545500	-0.699700	-0.792700	0.666200	0.611100
1627307225.602450	0.623500	-0.511800	-0.661900	-0.888600	0.686700	0.592800
1627307225.617445	0.623300	-0.465000	-0.607500	-0.900500	0.686400	0.584900
1627307225.632417	0.627900	-0.440100	-0.581100	-0.893400	0.669000	0.588200
1627307225.648147	0.622800	-0.418000	-0.564600	-0.972200	0.649100	0.600800
1627307225.649059	0.626100	-0.393300	-0.543600	-1.027500	0.624400	0.623100
1627307225.649898	0.633900	-0.378100	-0.529500	-1.004300	0.589600	0.644100
1627307225.684179	0.633100	-0.373800	-0.531600	-1.000000	0.551100	0.670100
1627307225.685096	0.636100	-0.373000	-0.538500	-1.021100	0.513800	0.696400
1627307225.686285	0.638400	-0.375900	-0.549300	-1.002200	0.471700	0.717400
1627307225.689886	0.642100	-0.370000	-0.561900	-1.007400	0.440500	0.729600
1627307225.705563	0.640100	-0.356000	-0.583700	-1.054100	0.413300	0.749800
1627307225.725424	0.636000	-0.340700	-0.601400	-1.056500	0.398700	0.776700
1627307225.726368	0.642900	-0.336400	-0.612300	-0.979900	0.389500	0.806900
1627307225.728646	0.646100	-0.344000	-0.630000	-0.943500	0.377300	0.838700
1627307225.739885	0.642200	-0.357900	-0.645500	-0.978000	0.372100	0.872300
1627307225.769363	0.640600	-0.370100	-0.653800	-0.960300	0.373300	0.900700
1627307225.770398	0.636600	-0.392200	-0.657800	-0.908700	0.376400	0.919000
1627307225.771383	0.632700	-0.419400	-0.657500	-0.873600	0.376400	0.928800
1627307225.801906	0.633100	-0.436300	-0.657200	-0.884000	0.376100	0.923300
1627307225.802799	0.629200	-0.430400	-0.663800	-0.969800	0.373300	0.916900
1627307225.803613	0.617900	-0.406500	-0.666400	-1.035200	0.377300	0.927600
1627307225.813580	0.621700	-0.404300	-0.658100	-0.924900	0.384300	0.951700
1627307225.845121	0.623500	-0.438600	-0.658700	-0.796000	0.385500	0.964800
1627307225.846940	0.619800	-0.471300	-0.656500	-0.850100	0.386200	0.967300
1627307225.847843	0.623000	-0.489400	-0.654300	-0.924600	0.378800	0.957200
1627307225.850091	0.626300	-0.496500	-0.654800	-0.917000	0.379400	0.931800
1627307225.859796	0.629800	-0.485400	-0.657100	-0.942000	0.376700	0.909200
1627307225.888557	0.633400	-0.466700	-0.659200	-0.999400	0.370000	0.900100
1627307225.889458	0.637800	-0.452600	-0.676000	-0.990000	0.366300	0.897300
1627307225.890279	0.639500	-0.446400	-0.689300	-0.968300	0.371800	0.892400
1627307225.920667	0.646000	-0.441200	-0.699300	-1.007700	0.379400	0.890900
1627307225.921587	0.640700	-0.433600	-0.711400	-1.061400	0.390400	0.895500
1627307225.922421	0.645100	-0.428300	-0.712800	-1.057200	0.403600	0.901300
1627307225.932520	0.647000	-0.434000	-0.721300	-1.016500	0.408200	0.904000
1627307225.951932	0.642900	-0.447900	-0.732500	-1.020800	0.417300	0.905000
1627307225.952834	0.645600	-0.455600	-0.739300	-1.040400	0.430400	0.897000
1627307225.959865	0.648700	-0.451500	-0.746800	-1.032700	0.438100	0.885700
1627307225.969877	0.642300	-0.443700	-0.761400	-1.044300	0.449100	0.880200
1627307225.994268	0.636000	-0.426600	-0.769200	-1.049200	0.468900	0.882700
1627307225.995168	0.638700	-0.421500	-0.777800	-0.995200	0.488800	0.891800
1627307226.008725	0.632200	-0.425900	-0.786500	-0.932200	0.516600	0.902200
1627307226.011054	0.629900	-0.438500	-0.788800	-0.915100	0.548000	0.909200
1627307226.026614	0.632700	-0.451700	-0.780200	-0.917600	0.582900	0.911700
1627307226.048267	0.623800	-0.456400	-0.776100	-0.931000	0.609400	0.907400
1627307226.049164	0.622900	-0.457300	-0.766500	-0.944800	0.636000	0.903700
1627307226.050103	0.624100	-0.452800	-0.753200	-0.955800	0.654900	0.898600
1627307226.064931	0.622300	-0.453900	-0.738800	-0.965200	0.669000	0.903400
1627307226.079598	0.626600	-0.466100	-0.728100	-0.904100	0.681500	0.902500
1627307226.095517	0.636000	-0.473600	-0.709400	-0.876600	0.699800	0.884200
1627307226.106839	0.647300	-0.458500	-0.685400	-1.001000	0.703800	0.878700
1627307226.107741	0.647000	-0.445800	-0.664200	-1.028400	0.701700	0.890000
1627307226.108869	0.649000	-0.460400	-0.643400	-0.897100	0.702000	0.894600
1627307226.118656	0.657300	-0.498900	-0.622600	-0.798100	0.689800	0.889400
1627307226.149516	0.662500	-0.538800	-0.612700	-0.846700	0.670800	0.867100
1627307226.151336	0.663900	-0.548500	-0.599500	-0.959700	0.656200	0.829500
1627307226.161814	0.672000	-0.532000	-0.572000	-1.007400	0.629900	0.789500
1627307226.162704	0.673800	-0.528100	-0.559600	-0.959100	0.595400	0.761400
1627307226.168688	0.676500	-0.538800	-0.550700	-0.920300	0.565100	0.738800
1627307226.193269	0.679900	-0.553700	-0.547700	-0.935900	0.534000	0.708300
1627307226.194179	0.682000	-0.561200	-0.550700	-0.987500	0.501300	0.670700
1627307226.197412	0.682500	-0.559000	-0.554600	-1.035500	0.471100	0.632800
1627307226.219326	0.680700	-0.559800	-0.560100	-1.029400	0.447600	0.595900
1627307226.220229	0.682700	-0.555800	-0.570200	-0.979900	0.431100	0.542100
1627307226.249581	0.683700	-0.533600	-0.567500	-1.026900	0.420100	0.498700
1627307226.250491	0.684800	-0.498400	-0.569300	-1.096900	0.406600	0.481000
1627307226.252568	0.680500	-0.469200	-0.564200	-1.039400	0.399300	0.476100
1627307226.283114	0.681600	-0.467200	-0.556600	-0.892800	0.397200	0.472800
1627307226.284009	0.678100	-0.479000	-0.543000	-0.811600	0.390700	0.464500
1627307226.285042	0.679300	-0.483900	-0.522300	-0.824700	0.378500	0.447700
1627307226.287402	0.683000	-0.471700	-0.501000	-0.846100	0.346500	0.421800
1627307226.302086	0.682700	-0.455900	-0.491700	-0.796900	0.317700	0.404700
1627307226.327954	0.682500	-0.447800	-0.485800	-0.720300	0.291200	0.390600
1627307226.328858	0.687600	-0.437600	-0.479600	-0.658300	0.263100	0.374700
1627307226.330002	0.688500	-0.424000	-0.477900	-0.639300	0.230700	0.361300
1627307226.339924	0.695300	-0.405900	-0.481900	-0.630500	0.196200	0.352100
1627307226.373044	0.697600	-0.384200	-0.497200	-0.596000	0.162900	0.345100
1627307226.373968	0.701900	-0.365000	-0.518300	-0.538500	0.137200	0.345100
1627307226.375111	0.702400	-0.352900	-0.534200	-0.489700	0.124100	0.348200
1627307226.377237	0.707400	-0.347500	-0.540800	-0.445400	0.119500	0.350900
1627307226.392270	0.713900	-0.348800	-0.540600	-0.391300	0.113400	0.352100
1627307226.414294	0.721100	-0.348900	-0.538700	-0.350700	0.101500	0.349100
1627307226.415193	0.725700	-0.347700	-0.545400	-0.362000	0.085900	0.346900
1627307226.417403	0.727800	-0.338400	-0.555300	-0.377000	0.072800	0.346000
1627307226.432357	0.732500	-0.329600	-0.568400	-0.322600	0.059000	0.346600
1627307226.447320	0.732300	-0.330800	-0.585900	-0.262700	0.049900	0.351500
1627307226.459293	0.734000	-0.335300	-0.605600	-0.227300	0.045900	0.354000
1627307226.460191	0.731200	-0.339500	-0.627400	-0.196100	0.046500	0.354600
1627307226.490961	0.731200	-0.342900	-0.645900	-0.154300	0.057800	0.351200
1627307226.506766	0.731900	-0.346300	-0.656500	-0.108500	0.073100	0.347900
1627307226.507663	0.731300	-0.350100	-0.659100	-0.052900	0.095400	0.343300
1627307226.508474	0.733900	-0.356600	-0.650000	0.006700	0.114900	0.337500
1627307226.509877	0.735100	-0.367700	-0.639400	0.039000	0.124700	0.331100
1627307226.525074	0.730500	-0.375700	-0.623800	0.051000	0.127800	0.321900
1627307226.540960	0.730700	-0.387500	-0.611200	0.066500	0.120400	0.313000
1627307226.557108	0.734000	-0.403600	-0.609000	0.090400	0.106700	0.298400
1627307226.570580	0.728500	-0.421500	-0.619900	0.089100	0.089300	0.279100
1627307226.571483	0.723900	-0.433500	-0.643200	0.057100	0.077400	0.252000
1627307226.572303	0.716800	-0.436900	-0.658700	0.050300	0.078600	0.226000
1627307226.575921	0.715900	-0.442000	-0.665800	0.085800	0.088700	0.203100
1627307226.603032	0.712400	-0.450100	-0.666400	0.114200	0.100900	0.181100
1627307226.603924	0.704200	-0.458400	-0.656200	0.102900	0.116500	0.158500
1627307226.606154	0.706800	-0.463000	-0.636800	0.093400	0.125000	0.136200
1627307226.621107	0.702300	-0.465100	-0.612700	0.094000	0.121300	0.113000
1627307226.645743	0.703000	-0.467000	-0.595600	0.073600	0.110000	0.087300
1627307226.646642	0.699100	-0.468800	-0.586300	0.061000	0.092300	0.068100
1627307226.647580	0.690700	-0.464400	-0.577500	0.066800	0.078300	0.045200
1627307226.678580	0.690800	-0.457800	-0.561900	0.083300	0.061800	0.022600
1627307226.680701	0.695100	-0.455900	-0.548200	0.101400	0.034900	0.003000
1627307226.681600	0.694000	-0.451800	-0.546000	0.087000	0.002500	-0.015900
1627307226.688809	0.693000	-0.442600	-0.545900	0.056100	-0.027400	-0.035800
1627307226.721824	0.696900	-0.434300	-0.549200	0.074500	-0.058900	-0.054700
1627307226.722728	0.698200	-0.430500	-0.554100	0.087000	-0.084500	-0.073900
1627307226.723579	0.699300	-0.418000	-0.563800	0.048500	-0.107400	-0.093800
1627307226.730028	0.701000	-0.396600	-0.578900	-0.000100	-0.128500	-0.105400
1627307226.745572	0.700400	-0.375900	-0.597400	-0.019600	-0.144400	-0.109700
1627307226.765544	0.698500	-0.357500	-0.616300	0.005800	-0.151100	-0.103600
1627307226.766470	0.701800	-0.359000	-0.635400	0.065600	-0.153800	-0.091000
1627307226.767296	0.701300	-0.370000	-0.655800	0.115700	-0.150500	-0.081900
1627307226.778704	0.703100	-0.379400	-0.671800	0.122400	-0.140100	-0.081600
1627307226.804420	0.703900	-0.383900	-0.682300	0.126700	-0.127600	-0.082800
1627307226.805318	0.701400	-0.383700	-0.689000	0.153900	-0.113500	-0.087400
1627307226.806136	0.702500	-0.386600	-0.692500	0.190200	-0.101600	-0.091400
1627307226.819832	0.699100	-0.386500	-0.696800	0.204300	-0.087000	-0.093800
1627307226.835407	0.698500	-0.380500	-0.693200	0.213400	-0.068300	-0.091000
1627307226.860470	0.698000	-0.383100	-0.692300	0.245800	-0.052100	-0.085200
1627307226.862413	0.693700	-0.395600	-0.691400	0.281300	-0.032600	-0.081000
1627307226.866086	0.696900	-0.411900	-0.680700	0.306600	-0.013000	-0.082800
1627307226.879646	0.694200	-0.425500	-0.669900	0.295000	-0.001400	-0.090100
1627307226.880502	0.692000	-0.433600	-0.658700	0.255000	0.009000	-0.101100
1627307226.881874	0.689700	-0.435800	-0.642000	0.235400	0.014400	-0.116400
1627307226.904743	0.689700	-0.435800	-0.642000	0.235400	0.014400	-0.116400
1627307226.915529	0.690700	-0.438700	-0.605000	0.254700	0.008600	-0.141100
1627307226.916439	0.690700	-0.438700	-0.605000	0.254700	0.008600	-0.141100
1627307226.926019	0.692300	-0.440700	-0.587800	0.257700	-0.001700	-0.152700
1627307226.950052	0.693600	-0.444100	-0.575000	0.266600	-0.020400	-0.165600
1627307226.958204	0.688500	-0.445400	-0.566200	0.260800	-0.042400	-0.183900
1627307226.959225	0.685100	-0.435400	-0.565200	0.224400	-0.068000	-0.197300
1627307226.969535	0.686600	-0.423300	-0.573100	0.204900	-0.094900	-0.205300
1627307226.993031	0.684900	-0.414100	-0.590800	0.237600	-0.119600	-0.205900
1627307226.995421	0.687300	-0.417600	-0.612400	0.271200	-0.130000	-0.202800
1627307226.996348	0.684800	-0.428100	-0.628400	0.293500	-0.131900	-0.203400
1627307227.008650	0.691000	-0.438400	-0.636500	0.302900	-0.133100	-0.209900
1627307227.013088	0.689700	-0.442400	-0.651500	0.276100	-0.137400	-0.216900
1627307227.037002	0.689000	-0.440400	-0.667800	0.233600	-0.130300	-0.224200
1627307227.037889	0.689300	-0.440400	-0.672100	0.255000	-0.118100	-0.228500
1627307227.046049	0.693400	-0.452100	-0.667200	0.329200	-0.105300	-0.237400
1627307227.056932	0.695600	-0.468900	-0.659500	0.343600	-0.097300	-0.252300
1627307227.080214	0.700800	-0.475300	-0.644900	0.306600	-0.092500	-0.270900
1627307227.081001	0.708500	-0.472200	-0.631300	0.283400	-0.096400	-0.292600
1627307227.084869	0.711400	-0.461800	-0.622400	0.276100	-0.098000	-0.314900
1627307227.100044	0.716300	-0.449300	-0.609000	0.254700	-0.104100	-0.323800
1627307227.102537	0.718000	-0.447600	-0.599100	0.295600	-0.112600	-0.328400
1627307227.122814	0.724900	-0.465700	-0.580100	0.365900	-0.118100	-0.341800
1627307227.125127	0.729100	-0.486600	-0.563500	0.377800	-0.133700	-0.364700
1627307227.136368	0.729500	-0.489400	-0.544400	0.328300	-0.149000	-0.395900
1627307227.146427	0.727100	-0.486100	-0.525000	0.292200	-0.170600	-0.427600
1627307227.166537	0.724600	-0.466600	-0.504400	0.293200	-0.191100	-0.460900
1627307227.167351	0.725100	-0.452000	-0.487300	0.300200	-0.224100	-0.471000
1627307227.174970	0.720100	-0.455100	-0.476000	0.362800	-0.261400	-0.482600
1627307227.186805	0.717500	-0.470500	-0.472800	0.384800	-0.299500	-0.494200
1627307227.205199	0.721400	-0.483400	-0.471600	0.350000	-0.335300	-0.514400
1627307227.206013	0.714700	-0.492400	-0.485600	0.263500	-0.379300	-0.533300
1627307227.220942	0.702400	-0.505200	-0.513200	0.224100	-0.404300	-0.558100
1627307227.231643	0.699500	-0.521200	-0.522500	0.257100	-0.408900	-0.584900
1627307227.245535	0.689100	-0.542000	-0.528800	0.304200	-0.412500	-0.629200
1627307227.250184	0.690700	-0.549900	-0.521900	0.230200	-0.425100	-0.681100
1627307227.251107	0.688000	-0.544300	-0.522800	0.174300	-0.446800	-0.722400
1627307227.275363	0.676800	-0.536500	-0.541400	0.209200	-0.472700	-0.761200
1627307227.276273	0.672900	-0.532100	-0.572800	0.265100	-0.491300	-0.798400
1627307227.286262	0.662000	-0.523300	-0.603900	0.311200	-0.496500	-0.830500
1627307227.293999	0.664400	-0.513800	-0.622200	0.412300	-0.492000	-0.862000
1627307227.315181	0.660200	-0.509200	-0.638200	0.544800	-0.486500	-0.885800
1627307227.316006	0.652500	-0.512900	-0.652800	0.734200	-0.475500	-0.923700
1627307227.328786	0.656600	-0.504900	-0.653600	0.844500	-0.463200	-0.964300
1627307227.337675	0.652700	-0.471600	-0.653800	0.868600	-0.457400	-0.992400
1627307227.345079	0.650100	-0.426900	-0.651200	0.929400	-0.450700	-1.005500
1627307227.360650	0.645400	-0.391500	-0.645100	1.080000	-0.444300	-1.006700
1627307227.363878	0.651100	-0.368000	-0.637800	1.189300	-0.443100	-1.000600
1627307227.386459	0.654100	-0.346400	-0.638500	1.183800	-0.447100	-0.979600
1627307227.389944	0.651600	-0.328500	-0.647700	1.163600	-0.451000	-0.949000
1627307227.399907	0.652700	-0.320900	-0.655300	1.199100	-0.442200	-0.918200
1627307227.413907	0.652200	-0.328700	-0.659500	1.232400	-0.428700	-0.885200
1627307227.427718	0.651000	-0.348600	-0.655400	1.252200	-0.419600	-0.854900
1627307227.429248	0.653400	-0.375100	-0.648100	1.271500	-0.413500	-0.839700
1627307227.434846	0.651000	-0.399900	-0.646500	1.261100	-0.416500	-0.836000
1627307227.446269	0.647500	-0.410900	-0.653800	1.213700	-0.423800	-0.842400
1627307227.465203	0.642100	-0.399000	-0.665600	1.167900	-0.426900	-0.851900
1627307227.466349	0.641100	-0.370600	-0.678200	1.148700	-0.420500	-0.850700
1627307227.474960	0.639000	-0.339800	-0.683600	1.176500	-0.408000	-0.830800
1627307227.487966	0.639300	-0.322100	-0.674300	1.259900	-0.391200	-0.799000
1627307227.508757	0.641000	-0.321300	-0.666000	1.333200	-0.381700	-0.760900
1627307227.509758	0.644200	-0.328900	-0.654300	1.345400	-0.378600	-0.726700
1627307227.525638	0.646000	-0.335100	-0.639800	1.322200	-0.383800	-0.684800
1627307227.530292	0.645900	-0.342800	-0.633800	1.314500	-0.393300	-0.650300
1627307227.549653	0.645500	-0.359300	-0.631500	1.330700	-0.404000	-0.617900
1627307227.550555	0.648700	-0.384900	-0.637300	1.350300	-0.415300	-0.593500
1627307227.553668	0.647000	-0.412600	-0.646500	1.329500	-0.426900	-0.583100
1627307227.558274	0.650000	-0.424700	-0.658400	1.254700	-0.435100	-0.580400
1627307227.581716	0.650900	-0.427900	-0.669600	1.178600	-0.442800	-0.578800
1627307227.583660	0.649800	-0.421100	-0.685300	1.125800	-0.442200	-0.573600
1627307227.594460	0.652800	-0.422100	-0.694700	1.099500	-0.436700	-0.562300
1627307227.618080	0.655500	-0.430200	-0.701800	1.070500	-0.427800	-0.551300
1627307227.618974	0.653800	-0.436400	-0.703900	1.011500	-0.413500	-0.541600
1627307227.628908	0.655800	-0.441800	-0.695700	0.954700	-0.398500	-0.531200
1627307227.638224	0.655500	-0.448500	-0.679900	0.926900	-0.390200	-0.520800
1627307227.655637	0.654900	-0.463100	-0.663600	0.897900	-0.386600	-0.513800
1627307227.656527	0.657700	-0.477900	-0.643400	0.854900	-0.391800	-0.508600
1627307227.666297	0.657500	-0.489600	-0.632800	0.818800	-0.406700	-0.509800
1627307227.668209	0.655300	-0.498300	-0.632700	0.773600	-0.425100	-0.511600
1627307227.692969	0.651500	-0.501000	-0.634900	0.738800	-0.436400	-0.519600
1627307227.693873	0.649700	-0.501700	-0.635400	0.727800	-0.446100	-0.525100
1627307227.703738	0.648100	-0.501100	-0.641400	0.714000	-0.451600	-0.530900
1627307227.713244	0.651700	-0.499600	-0.640300	0.688400	-0.451300	-0.536100
1627307227.739438	0.655300	-0.496500	-0.636100	0.665200	-0.450100	-0.542500
1627307227.740341	0.656400	-0.490800	-0.635300	0.619100	-0.451600	-0.546100
1627307227.743717	0.660300	-0.481700	-0.633500	0.564100	-0.451000	-0.545200
1627307227.754934	0.663900	-0.477200	-0.637100	0.548800	-0.452600	-0.541900
1627307227.761364	0.662600	-0.475200	-0.647200	0.547900	-0.452900	-0.537900
1627307227.781511	0.662500	-0.474500	-0.659500	0.527400	-0.445800	-0.533300
1627307227.783680	0.659900	-0.472900	-0.668500	0.515800	-0.432100	-0.530600
1627307227.798821	0.662400	-0.474200	-0.666600	0.539000	-0.413800	-0.529300
1627307227.802698	0.668900	-0.477500	-0.661100	0.568700	-0.404900	-0.530000
1627307227.826592	0.669400	-0.479000	-0.661900	0.554900	-0.400000	-0.533000
1627307227.827503	0.668600	-0.472800	-0.670200	0.515800	-0.391800	-0.536400
1627307227.833762	0.672700	-0.459200	-0.673500	0.511900	-0.381700	-0.538500
1627307227.845230	0.676400	-0.447000	-0.683000	0.527400	-0.369800	-0.535100
1627307227.867914	0.674000	-0.436000	-0.696500	0.528700	-0.346900	-0.525100
1627307227.869003	0.675800	-0.426900	-0.694900	0.539600	-0.321500	-0.516200
1627307227.876128	0.675800	-0.423200	-0.692700	0.559500	-0.300500	-0.504600
1627307227.883341	0.672900	-0.424400	-0.687400	0.555800	-0.284900	-0.495100
1627307227.900933	0.673600	-0.425000	-0.678600	0.537200	-0.273000	-0.485400
1627307227.911307	0.675700	-0.433800	-0.671900	0.536000	-0.264700	-0.480500
1627307227.912406	0.678500	-0.439800	-0.668000	0.524100	-0.262300	-0.481100
1627307227.929082	0.677900	-0.440800	-0.668900	0.465100	-0.255200	-0.483500
1627307227.940203	0.681400	-0.434600	-0.669400	0.409800	-0.250100	-0.486000
1627307227.942028	0.679000	-0.423200	-0.674400	0.378700	-0.241200	-0.481700
1627307227.965592	0.670500	-0.413600	-0.676500	0.366500	-0.224700	-0.471300
1627307227.966491	0.670500	-0.411900	-0.669900	0.386000	-0.208800	-0.454200
1627307227.973825	0.672400	-0.423600	-0.668200	0.414400	-0.202400	-0.441700
1627307227.982175	0.667800	-0.437400	-0.674000	0.395500	-0.194500	-0.434400
1627307228.005460	0.660500	-0.440400	-0.666300	0.358200	-0.172800	-0.434100
1627307228.006153	0.661500	-0.438500	-0.646200	0.379900	-0.161200	-0.437400
1627307228.016281	0.663500	-0.433100	-0.629600	0.383600	-0.163900	-0.438900
1627307228.027065	0.661400	-0.424000	-0.625000	0.334400	-0.169400	-0.433100
1627307228.049681	0.664300	-0.411100	-0.619000	0.293500	-0.176800	-0.421200
1627307228.050588	0.663600	-0.402000	-0.627900	0.299300	-0.186500	-0.400500
1627307228.053708	0.658200	-0.406900	-0.644800	0.322800	-0.189000	-0.373300
1627307228.063616	0.656200	-0.431600	-0.657500	0.357300	-0.176800	-0.344600
1627307228.071647	0.659200	-0.461300	-0.660400	0.398200	-0.165800	-0.334500
1627307228.095321	0.657300	-0.488300	-0.661400	0.394300	-0.156300	-0.342100
1627307228.096140	0.655800	-0.500700	-0.654500	0.335900	-0.145000	-0.358300
1627307228.106234	0.655200	-0.495800	-0.639500	0.288600	-0.140400	-0.376600
1627307228.116594	0.654300	-0.485600	-0.629900	0.271500	-0.141000	-0.392200
1627307228.138633	0.653100	-0.469600	-0.621000	0.263800	-0.144400	-0.401700
1627307228.140130	0.657000	-0.449300	-0.612900	0.242500	-0.151400	-0.406000
1627307228.151895	0.657000	-0.433000	-0.613000	0.205500	-0.163000	-0.399500
1627307228.152790	0.655000	-0.417700	-0.618400	0.181100	-0.171300	-0.387000
1627307228.159805	0.658700	-0.407500	-0.628200	0.178600	-0.179800	-0.368400
1627307228.183564	0.656900	-0.407600	-0.642100	0.185700	-0.181300	-0.347900
1627307228.184732	0.654700	-0.415000	-0.654900	0.189900	-0.177100	-0.332600
1627307228.200578	0.655800	-0.425000	-0.667200	0.180800	-0.168500	-0.318600
1627307228.206491	0.652600	-0.429100	-0.673700	0.165800	-0.159000	-0.311000
1627307228.228985	0.649300	-0.429600	-0.676900	0.167600	-0.145000	-0.307000
1627307228.229960	0.649700	-0.426900	-0.670700	0.187500	-0.132200	-0.306400
1627307228.233629	0.648100	-0.420500	-0.665900	0.186900	-0.123900	-0.302700
1627307228.246437	0.644000	-0.406900	-0.671000	0.152700	-0.117500	-0.295100
1627307228.261804	0.640700	-0.389800	-0.670500	0.134600	-0.107400	-0.279800
1627307228.262700	0.642500	-0.376600	-0.663700	0.177100	-0.098000	-0.252600
1627307228.272456	0.640000	-0.382800	-0.661300	0.201200	-0.094300	-0.227000
1627307228.278350	0.641600	-0.392500	-0.660400	0.190200	-0.092500	-0.205300
1627307228.301866	0.639600	-0.403300	-0.661300	0.164600	-0.093400	-0.190600
1627307228.302762	0.640100	-0.411000	-0.666400	0.137400	-0.093400	-0.181200
1627307228.312503	0.638400	-0.415600	-0.674200	0.107800	-0.092500	-0.175700
1627307228.319374	0.634800	-0.417500	-0.684900	0.084200	-0.087600	-0.171700
1627307228.343263	0.635300	-0.417100	-0.691800	0.072300	-0.075300	-0.170800
1627307228.344154	0.641100	-0.408900	-0.692700	0.047000	-0.065300	-0.174100
1627307228.353839	0.637300	-0.390700	-0.693800	-0.008300	-0.052700	-0.172900
1627307228.356990	0.639900	-0.368500	-0.679700	-0.058400	-0.040200	-0.166500
1627307228.382134	0.645400	-0.347400	-0.663600	-0.062700	-0.037500	-0.151800
1627307228.392889	0.649400	-0.331900	-0.659400	-0.083400	-0.044200	-0.129800
1627307228.393757	0.653600	-0.316400	-0.663000	-0.147000	-0.050900	-0.101100
1627307228.400939	0.658000	-0.305500	-0.668700	-0.181200	-0.055200	-0.063600
1627307228.421184	0.659300	-0.307300	-0.680400	-0.166500	-0.058900	-0.033600
1627307228.433148	0.661400	-0.310300	-0.695400	-0.177800	-0.057000	-0.007100
1627307228.434033	0.662000	-0.311500	-0.712200	-0.213900	-0.051800	0.021000
1627307228.440875	0.659700	-0.310100	-0.726800	-0.228500	-0.037500	0.048200
1627307228.464756	0.660400	-0.311600	-0.734400	-0.196800	-0.019100	0.074800
1627307228.473151	0.659500	-0.320100	-0.742200	-0.159200	0.004100	0.102900
1627307228.474050	0.658300	-0.329500	-0.741300	-0.154900	0.030000	0.127900
1627307228.482412	0.658100	-0.337200	-0.735400	-0.157700	0.047400	0.146900
1627307228.485920	0.657300	-0.344400	-0.730000	-0.159200	0.062100	0.164300
1627307228.510199	0.654900	-0.353100	-0.725600	-0.168000	0.074600	0.178000
1627307228.512390	0.653200	-0.360200	-0.719700	-0.189400	0.086500	0.188100
1627307228.531528	0.652000	-0.364900	-0.715000	-0.222700	0.093200	0.194800
1627307228.554291	0.649300	-0.366600	-0.712800	-0.276500	0.101800	0.202800
1627307228.555104	0.646700	-0.371200	-0.710400	-0.304600	0.108200	0.213800
1627307228.556265	0.642900	-0.387200	-0.717300	-0.265500	0.111300	0.216200
1627307228.568937	0.641000	-0.395500	-0.718800	-0.279200	0.123500	0.202500
1627307228.569838	0.640900	-0.382400	-0.717900	-0.399300	0.124400	0.204000
1627307228.591856	0.635900	-0.360200	-0.727100	-0.457900	0.131700	0.210400
1627307228.592836	0.627200	-0.349200	-0.731800	-0.410600	0.143300	0.224800
1627307228.599603	0.627800	-0.356600	-0.736200	-0.336900	0.162600	0.236100
1627307228.618474	0.628700	-0.364300	-0.732500	-0.384600	0.176000	0.245500
1627307228.632011	0.626600	-0.360500	-0.727200	-0.428300	0.186100	0.246800
1627307228.632900	0.625200	-0.346200	-0.731100	-0.449000	0.190700	0.254400
1627307228.648939	0.621100	-0.333300	-0.739600	-0.449300	0.201700	0.267200
1627307228.663971	0.607300	-0.324000	-0.739300	-0.399300	0.221200	0.284600
1627307228.664794	0.635100	-0.319700	-0.727400	-0.328100	0.228900	0.305400
1627307228.672543	0.621100	-0.309900	-0.759600	-0.407500	0.232800	0.335000
1627307228.686719	0.608300	-0.279100	-0.770400	-0.491800	0.268300	0.372000
1627307228.708608	0.613300	-0.258700	-0.753400	-0.358900	0.308600	0.417200
1627307228.709842	0.617200	-0.267700	-0.733200	-0.194900	0.342500	0.466100
1627307228.720832	0.622800	-0.289400	-0.703400	-0.224500	0.363600	0.518900
1627307228.721731	0.622100	-0.303600	-0.691800	-0.343100	0.367500	0.558900
1627307228.732258	0.616600	-0.308700	-0.690700	-0.431900	0.376100	0.597100
1627307228.743656	0.607900	-0.299000	-0.680700	-0.497900	0.401400	0.631000
1627307228.759265	0.612400	-0.287800	-0.649900	-0.598100	0.413300	0.677100
1627307228.763982	0.611600	-0.300000	-0.626200	-0.652200	0.403900	0.731800
1627307228.764910	0.611300	-0.346600	-0.621000	-0.654600	0.390100	0.774500
1627307228.789000	0.613000	-0.399400	-0.619600	-0.725500	0.378200	0.785500
1627307228.791179	0.618300	-0.424800	-0.616300	-0.881200	0.360800	0.781900
1627307228.806205	0.621800	-0.422000	-0.619300	-1.010400	0.335200	0.772700
1627307228.809129	0.628800	-0.409400	-0.631600	-1.015600	0.313800	0.767500
1627307228.831643	0.637700	-0.395600	-0.646500	-0.972200	0.299700	0.773600
1627307228.832454	0.647500	-0.386100	-0.666100	-0.944800	0.289300	0.789200
1627307228.841244	0.657700	-0.384500	-0.684400	-0.909300	0.284100	0.814600
1627307228.852793	0.664800	-0.393300	-0.705200	-0.836900	0.286000	0.837800
1627307228.875503	0.674600	-0.418700	-0.723300	-0.744700	0.296700	0.860400
1627307228.876359	0.675000	-0.462400	-0.746200	-0.678400	0.316500	0.868900
1627307228.881805	0.674700	-0.496300	-0.742300	-0.666500	0.345500	0.858500
1627307228.902228	0.681400	-0.521400	-0.724200	-0.652500	0.365100	0.843300
1627307228.916577	0.673200	-0.543900	-0.709000	-0.636000	0.378500	0.813900
1627307228.917466	0.678700	-0.565900	-0.709400	-0.665300	0.382800	0.779700
1627307228.930635	0.664400	-0.571200	-0.717800	-0.765200	0.398100	0.736100
1627307228.931618	0.660400	-0.553600	-0.721700	-0.855300	0.419500	0.697300
1627307228.942578	0.649700	-0.525800	-0.720600	-0.892500	0.453400	0.660300
1627307228.945593	0.642100	-0.507900	-0.706500	-0.895000	0.486000	0.642900
1627307228.971902	0.642200	-0.488500	-0.674700	-0.895600	0.512600	0.628500
1627307228.972805	0.640600	-0.471200	-0.643600	-0.928900	0.523000	0.622400
1627307228.978254	0.631800	-0.448100	-0.613000	-0.971000	0.524500	0.626100
1627307229.000286	0.633200	-0.430500	-0.584100	-0.947500	0.512000	0.635000
1627307229.002398	0.633500	-0.421300	-0.559000	-0.871800	0.484500	0.645700
1627307229.012289	0.630700	-0.420000	-0.558800	-0.841200	0.440200	0.657600
1627307229.023958	0.628300	-0.412200	-0.571400	-0.859500	0.404500	0.664900
1627307229.045293	0.628100	-0.398100	-0.596400	-0.853700	0.373900	0.669500
1627307229.046307	0.624900	-0.382100	-0.624600	-0.821100	0.360800	0.679300
1627307229.059504	0.627400	-0.369100	-0.643400	-0.782000	0.360800	0.694500
1627307229.060397	0.630900	-0.359500	-0.656000	-0.761800	0.361700	0.715000
1627307229.067162	0.630000	-0.355300	-0.674700	-0.766400	0.367500	0.742800
1627307229.087200	0.630700	-0.353900	-0.682600	-0.783800	0.379700	0.772400
1627307229.099449	0.634600	-0.359700	-0.685300	-0.778300	0.386500	0.796800
1627307229.100334	0.632900	-0.369300	-0.695200	-0.784700	0.391700	0.818200
1627307229.109578	0.624500	-0.379300	-0.703100	-0.821100	0.402700	0.837800
1627307229.132468	0.630500	-0.391600	-0.705800	-0.836900	0.412400	0.854000
1627307229.141957	0.628700	-0.402600	-0.712500	-0.819200	0.420700	0.861900
1627307229.146358	0.628700	-0.413500	-0.720300	-0.843400	0.430800	0.868300
1627307229.147287	0.627300	-0.417500	-0.720100	-0.869600	0.448500	0.879600
1627307229.170235	0.631000	-0.424200	-0.712800	-0.825600	0.459500	0.885100
1627307229.171296	0.628900	-0.436300	-0.710200	-0.782600	0.469500	0.889100
1627307229.185905	0.629000	-0.449000	-0.703500	-0.783500	0.482100	0.890900
1627307229.191341	0.630200	-0.456800	-0.694600	-0.782300	0.491200	0.883300
1627307229.212093	0.631500	-0.457900	-0.680500	-0.774600	0.500700	0.875000
1627307229.213381	0.633200	-0.451800	-0.658000	-0.784400	0.508000	0.864600
1627307229.229221	0.634000	-0.443400	-0.638300	-0.800300	0.507400	0.858500
1627307229.230107	0.637600	-0.434200	-0.620800	-0.816200	0.501000	0.857000
1627307229.234354	0.639600	-0.426000	-0.605000	-0.833000	0.488500	0.859500
1627307229.251331	0.640700	-0.418000	-0.594200	-0.850100	0.471700	0.868000
1627307229.263114	0.644000	-0.419200	-0.591600	-0.854700	0.450300	0.879900
1627307229.282248	0.643700	-0.425700	-0.601200	-0.862300	0.428000	0.890900
1627307229.292900	0.640600	-0.440900	-0.613200	-0.865000	0.411800	0.905600
1627307229.293753	0.645900	-0.461900	-0.623300	-0.822000	0.404200	0.907700
1627307229.303112	0.643700	-0.486700	-0.634900	-0.783500	0.398700	0.899200
1627307229.327314	0.643700	-0.507900	-0.644300	-0.788400	0.398100	0.880500
1627307229.329589	0.644500	-0.514500	-0.644500	-0.796600	0.399300	0.856100
1627307229.330491	0.650100	-0.510700	-0.642200	-0.784700	0.398100	0.830700
1627307229.342598	0.652000	-0.505500	-0.638200	-0.762400	0.397500	0.807800
1627307229.350838	0.655300	-0.496700	-0.634200	-0.746200	0.397800	0.787400
1627307229.375523	0.661000	-0.488300	-0.631100	-0.737400	0.395300	0.771200
1627307229.376427	0.656400	-0.477300	-0.631000	-0.737100	0.390700	0.762300
1627307229.380302	0.658200	-0.470900	-0.631600	-0.737700	0.386500	0.753500
1627307229.385861	0.661900	-0.469000	-0.634900	-0.727000	0.383100	0.747700
1627307229.409271	0.658800	-0.470500	-0.639000	-0.717800	0.388300	0.736700
1627307229.410163	0.669800	-0.468100	-0.633800	-0.715400	0.392600	0.722900
1627307229.420274	0.673600	-0.460300	-0.635400	-0.748400	0.391400	0.711000
1627307229.429684	0.671000	-0.447300	-0.636100	-0.768800	0.397500	0.709200
1627307229.439984	0.673300	-0.441200	-0.629200	-0.711100	0.407500	0.710700
1627307229.455434	0.678800	-0.448100	-0.621700	-0.620100	0.412400	0.710700
1627307229.461360	0.675700	-0.462200	-0.616800	-0.593200	0.414300	0.709200
1627307229.482370	0.675400	-0.470600	-0.610000	-0.604800	0.414300	0.701500
1627307229.483388	0.676400	-0.476700	-0.603400	-0.584000	0.411200	0.685700
1627307229.499237	0.675700	-0.474600	-0.598000	-0.543400	0.410300	0.675300
1627307229.502691	0.675800	-0.478400	-0.586800	-0.508000	0.410900	0.663100
1627307229.525332	0.680300	-0.480100	-0.570700	-0.465800	0.406600	0.648400
1627307229.526345	0.678600	-0.481300	-0.555300	-0.461300	0.395300	0.630100
1627307229.530049	0.680700	-0.478900	-0.540400	-0.480800	0.377000	0.617900
1627307229.544936	0.686400	-0.473500	-0.534300	-0.474100	0.350700	0.603500
1627307229.546272	0.684800	-0.465900	-0.543200	-0.472300	0.320500	0.589500
1627307229.567791	0.684200	-0.457200	-0.551400	-0.481700	0.299400	0.586100
1627307229.568644	0.685300	-0.457200	-0.558100	-0.445400	0.286000	0.582700
1627307229.577090	0.687400	-0.459100	-0.564200	-0.407800	0.280200	0.576600
1627307229.593624	0.685100	-0.460100	-0.560900	-0.440200	0.267000	0.583700
1627307229.605304	0.677200	-0.481800	-0.567500	-0.402600	0.250200	0.590400
1627307229.606202	0.673800	-0.515600	-0.570100	-0.302400	0.248400	0.576000
1627307229.629173	0.680900	-0.557600	-0.567300	-0.285300	0.227000	0.540000
1627307229.630062	0.685100	-0.572100	-0.571700	-0.361700	0.206600	0.498400
1627307229.641242	0.689100	-0.570700	-0.588900	-0.414500	0.180300	0.459600
1627307229.648979	0.689200	-0.569100	-0.618800	-0.366000	0.167800	0.421500
1627307229.672902	0.683600	-0.569100	-0.646400	-0.292000	0.174800	0.383000
1627307229.673718	0.701200	-0.562300	-0.653800	-0.263600	0.189500	0.343300
1627307229.679449	0.702300	-0.542000	-0.674700	-0.311900	0.194000	0.310300
1627307229.702016	0.704700	-0.508400	-0.683700	-0.329600	0.220000	0.291400
1627307229.702902	0.713100	-0.491200	-0.661900	-0.208700	0.242600	0.284000
1627307229.712535	0.730600	-0.500200	-0.647100	-0.090800	0.241700	0.278200
1627307229.723412	0.719700	-0.520800	-0.646100	-0.119500	0.230400	0.273600
1627307229.747250	0.735400	-0.530800	-0.646600	-0.191300	0.220300	0.256500
1627307229.748159	0.714200	-0.535600	-0.658800	-0.206800	0.213000	0.235800
1627307229.749999	0.724900	-0.551600	-0.656600	-0.158300	0.213900	0.208300
1627307229.761203	0.727100	-0.572300	-0.654800	-0.121600	0.206600	0.165500
1627307229.764158	0.719600	-0.589700	-0.646100	-0.192500	0.204700	0.124900
1627307229.788102	0.724400	-0.592800	-0.626200	-0.254800	0.198900	0.073300
1627307229.789007	0.720500	-0.589400	-0.612100	-0.289000	0.178500	0.019800
1627307229.803863	0.712600	-0.577600	-0.597000	-0.354700	0.158600	-0.032100
1627307229.806962	0.718900	-0.554800	-0.585300	-0.438000	0.133300	-0.070900
1627307229.830424	0.712500	-0.533700	-0.588700	-0.491200	0.100000	-0.104800
1627307229.831583	0.707300	-0.522900	-0.592400	-0.496400	0.080700	-0.130100
1627307229.840040	0.712900	-0.526700	-0.590700	-0.459700	0.062400	-0.154600
1627307229.852776	0.709000	-0.537000	-0.602200	-0.467400	0.040100	-0.185100
1627307229.873976	0.700400	-0.535200	-0.618500	-0.546800	0.024500	-0.220900
1627307229.874794	0.694600	-0.514200	-0.630100	-0.594700	0.017500	-0.254500
1627307229.880212	0.693800	-0.495500	-0.639000	-0.558700	0.016600	-0.281300
1627307229.896238	0.690100	-0.481200	-0.654200	-0.495500	0.022700	-0.304200
1627307229.909116	0.688400	-0.474100	-0.658600	-0.477100	0.034900	-0.323800
1627307229.909972	0.685300	-0.463900	-0.656500	-0.470100	0.049900	-0.344300
1627307229.924640	0.685400	-0.445900	-0.640500	-0.452400	0.067900	-0.363200
1627307229.936338	0.694100	-0.426500	-0.619500	-0.425500	0.079200	-0.379700
1627307229.938850	0.695300	-0.412600	-0.595700	-0.391900	0.080400	-0.385500
1627307229.953797	0.689900	-0.395900	-0.574600	-0.356200	0.078000	-0.391600
1627307229.955119	0.690400	-0.380500	-0.548500	-0.323800	0.073400	-0.395000
1627307229.976470	0.688500	-0.368400	-0.526600	-0.283800	0.062100	-0.393100
1627307229.977371	0.686200	-0.362900	-0.505900	-0.217500	0.045000	-0.387900
1627307229.987483	0.690400	-0.366300	-0.490700	-0.145700	0.019600	-0.385500
1627307229.996463	0.687500	-0.371800	-0.479600	-0.107300	-0.009700	-0.386700
1627307230.016493	0.691200	-0.370100	-0.476400	-0.095300	-0.039600	-0.392800
1627307230.017472	0.688400	-0.364300	-0.483800	-0.079200	-0.071100	-0.396500
1627307230.028684	0.683000	-0.354500	-0.494300	-0.023600	-0.091500	-0.396500
1627307230.036570	0.683100	-0.354500	-0.496500	0.081500	-0.103100	-0.394000
1627307230.060541	0.688700	-0.363400	-0.491600	0.174000	-0.116900	-0.393100
1627307230.061353	0.689800	-0.373700	-0.503800	0.207600	-0.140100	-0.398300
1627307230.068619	0.683600	-0.369000	-0.519200	0.196600	-0.151100	-0.405300
1627307230.080384	0.683600	-0.353600	-0.524500	0.238500	-0.155400	-0.409000
1627307230.081282	0.682900	-0.344800	-0.526400	0.363400	-0.163900	-0.406600
1627307230.108633	0.679700	-0.348900	-0.530500	0.461500	-0.178000	-0.402900
1627307230.109756	0.679900	-0.353800	-0.530300	0.504800	-0.191700	-0.401700
1627307230.123922	0.685500	-0.355200	-0.533200	0.543900	-0.213700	-0.405300
1627307230.124830	0.684400	-0.354900	-0.545400	0.568700	-0.237200	-0.410500
1627307230.149387	0.680700	-0.348300	-0.563200	0.580000	-0.255600	-0.416600
1627307230.150203	0.684600	-0.332400	-0.570900	0.602300	-0.259800	-0.422100
1627307230.158744	0.688100	-0.319000	-0.583300	0.617200	-0.276000	-0.405300
1627307230.171662	0.680700	-0.325600	-0.603900	0.679500	-0.278800	-0.384000
1627307230.192423	0.686600	-0.343300	-0.613400	0.766000	-0.267500	-0.374800
1627307230.193996	0.684200	-0.362100	-0.616300	0.788000	-0.257700	-0.368100
1627307230.209414	0.685200	-0.370000	-0.604000	0.781500	-0.244600	-0.361100
1627307230.215193	0.683200	-0.384000	-0.584000	0.848400	-0.239400	-0.358600
1627307230.239200	0.689900	-0.409700	-0.567500	0.951400	-0.251300	-0.366200
1627307230.242587	0.677200	-0.426400	-0.555500	0.923600	-0.263500	-0.393700
1627307230.259018	0.679000	-0.406400	-0.529100	0.814200	-0.279700	-0.410800
1627307230.281100	0.681200	-0.388900	-0.511800	0.817300	-0.313000	-0.415400
1627307230.282263	0.671400	-0.389600	-0.509200	0.887200	-0.347200	-0.413900
1627307230.284465	0.672700	-0.416400	-0.514800	0.923600	-0.386300	-0.412700
1627307230.285180	0.671400	-0.447500	-0.528900	0.934000	-0.414100	-0.436500
1627307230.288689	0.665900	-0.444500	-0.528100	0.828900	-0.433300	-0.468300
1627307230.298737	0.670000	-0.422200	-0.519700	0.768700	-0.465400	-0.493900
1627307230.304046	0.651600	-0.406900	-0.509200	0.825200	-0.488600	-0.507000
1627307230.327964	0.653300	-0.407700	-0.493200	0.898200	-0.524900	-0.512500
1627307230.328908	0.657100	-0.429000	-0.482700	0.959000	-0.581100	-0.531800
1627307230.337448	0.652000	-0.439000	-0.484300	0.875600	-0.649900	-0.561100
1627307230.347740	0.649900	-0.432900	-0.511800	0.732100	-0.729000	-0.585200
1627307230.369228	0.637100	-0.423300	-0.558600	0.726600	-0.786100	-0.611500
1627307230.370072	0.632000	-0.420200	-0.598900	0.828900	-0.818800	-0.648800
1627307230.377098	0.641200	-0.412700	-0.609900	0.820000	-0.834300	-0.668000
1627307230.397240	0.645000	-0.396100	-0.624500	0.756500	-0.856600	-0.681500
1627307230.399941	0.645500	-0.362900	-0.644300	0.704600	-0.864900	-0.684800
1627307230.415033	0.647600	-0.323200	-0.660600	0.690500	-0.853600	-0.664300
1627307230.420365	0.639500	-0.293700	-0.663600	0.748300	-0.829500	-0.616400
1627307230.442572	0.634800	-0.301800	-0.636700	0.934300	-0.799200	-0.544000
1627307230.443849	0.637700	-0.355600	-0.599000	1.142600	-0.794000	-0.476200
1627307230.456901	0.643700	-0.426100	-0.575800	1.224700	-0.815400	-0.448400
1627307230.457799	0.634300	-0.466200	-0.564200	1.152300	-0.848400	-0.443800
1627307230.460880	0.628800	-0.477100	-0.564900	1.047300	-0.888400	-0.438900
1627307230.484799	0.620100	-0.496200	-0.577600	1.124600	-0.922600	-0.438900
1627307230.495602	0.608800	-0.527200	-0.598500	1.258600	-0.945800	-0.443800
1627307230.496490	0.611200	-0.582800	-0.633900	1.291900	-0.962600	-0.465800
1627307230.503420	0.608800	-0.611000	-0.658700	1.231500	-0.964800	-0.499100
1627307230.526278	0.603900	-0.625700	-0.678600	1.207600	-0.959300	-0.538800
1627307230.535659	0.597700	-0.633100	-0.703600	1.251900	-0.956800	-0.576100
1627307230.536556	0.599700	-0.642300	-0.737200	1.291900	-0.947100	-0.621300
1627307230.543344	0.603000	-0.631100	-0.764900	1.228400	-0.928700	-0.666500
1627307230.566186	0.606400	-0.596900	-0.790400	1.126400	-0.903100	-0.693400
1627307230.567246	0.596900	-0.574300	-0.819000	1.207600	-0.857900	-0.694600
1627307230.574205	0.594400	-0.600100	-0.825400	1.441600	-0.808700	-0.704100
1627307230.588444	0.601700	-0.638700	-0.814900	1.539000	-0.773300	-0.730900
1627307230.601496	0.606100	-0.650100	-0.810500	1.392700	-0.764100	-0.764500
1627307230.624127	0.595900	-0.631300	-0.829800	1.219800	-0.759200	-0.792900
1627307230.625049	0.597300	-0.596700	-0.857100	1.221100	-0.738400	-0.816100
1627307230.626268	0.598600	-0.590900	-0.893600	1.328000	-0.699000	-0.821300
1627307230.641743	0.597700	-0.618000	-0.915500	1.424200	-0.636100	-0.826800
1627307230.646441	0.599400	-0.641400	-0.912400	1.402500	-0.576600	-0.851000
1627307230.670550	0.602800	-0.644000	-0.893900	1.299900	-0.521600	-0.876900
1627307230.671367	0.598800	-0.642200	-0.864100	1.241500	-0.473600	-0.902600
1627307230.676987	0.602800	-0.637200	-0.826300	1.255000	-0.441300	-0.937700
1627307230.699466	0.586500	-0.627000	-0.796800	1.178600	-0.421100	-0.958200
1627307230.700367	0.588900	-0.618800	-0.751300	1.090300	-0.404900	-0.972500
1627307230.709894	0.577000	-0.617100	-0.715200	1.098000	-0.415300	-0.991200
1627307230.720930	0.574000	-0.618500	-0.697400	1.047900	-0.434200	-1.004000
1627307230.743505	0.564300	-0.622300	-0.687900	0.956600	-0.455300	-1.005500
1627307230.744386	0.568600	-0.637800	-0.699800	0.940100	-0.486800	-1.012200
1627307230.746147	0.555800	-0.654700	-0.726800	0.944300	-0.498700	-1.029900
1627307230.756271	0.545200	-0.675900	-0.745400	0.914100	-0.491300	-1.046700
1627307230.764234	0.543000	-0.690800	-0.746700	0.912600	-0.479100	-1.081600
1627307230.786736	0.548000	-0.696400	-0.744800	0.886300	-0.474200	-1.125900
1627307230.787682	0.548000	-0.696400	-0.744800	0.886300	-0.474200	-1.125900
1627307230.796271	0.528600	-0.692100	-0.752900	0.786400	-0.463900	-1.159800
1627307230.803418	0.528000	-0.676400	-0.747300	0.733300	-0.445800	-1.195200
1627307230.825797	0.529100	-0.656600	-0.741200	0.737000	-0.434200	-1.225100
1627307230.826798	0.517300	-0.639400	-0.739400	0.688700	-0.421400	-1.247100
1627307230.835101	0.518300	-0.610000	-0.732100	0.592500	-0.405500	-1.262700
1627307230.845842	0.528800	-0.579700	-0.725800	0.527100	-0.400300	-1.268200
1627307230.869416	0.520500	-0.556300	-0.741300	0.481900	-0.389000	-1.262400
1627307230.870309	0.523900	-0.539400	-0.745700	0.441900	-0.368900	-1.250800
1627307230.877278	0.532100	-0.533000	-0.752700	0.446500	-0.351800	-1.241300
1627307230.897796	0.534200	-0.527500	-0.768800	0.427600	-0.333700	-1.236700
1627307230.898607	0.536500	-0.507600	-0.784400	0.346900	-0.305300	-1.230000
1627307230.917668	0.538900	-0.477200	-0.790800	0.306600	-0.267500	-1.216300
1627307230.918564	0.544900	-0.442100	-0.780300	0.401000	-0.213400	-1.189100
1627307230.941160	0.558200	-0.425800	-0.765500	0.487400	-0.178600	-1.165300
1627307230.945609	0.567900	-0.405900	-0.750100	0.447700	-0.150200	-1.131400
1627307230.946507	0.572300	-0.386800	-0.740200	0.423600	-0.128200	-1.088600
1627307230.956341	0.576400	-0.372900	-0.729700	0.502100	-0.101600	-1.055900
1627307230.963293	0.585800	-0.362900	-0.711900	0.556400	-0.078400	-1.021100
1627307230.986961	0.595800	-0.356800	-0.684300	0.541800	-0.059500	-0.984100
1627307230.987858	0.607700	-0.345800	-0.646200	0.552500	-0.051500	-0.944700
1627307230.997540	0.617900	-0.340100	-0.609700	0.575100	-0.052400	-0.915100
1627307231.006907	0.627300	-0.335200	-0.576300	0.572900	-0.070200	-0.880300
1627307231.030971	0.630200	-0.331500	-0.553300	0.549400	-0.099200	-0.842700
1627307231.031857	0.636800	-0.326400	-0.545300	0.529900	-0.136700	-0.803000
1627307231.035091	0.638800	-0.331700	-0.555100	0.513100	-0.168200	-0.763000
1627307231.039600	0.637100	-0.344100	-0.568200	0.521300	-0.186200	-0.720900
1627307231.062292	0.634800	-0.372300	-0.561500	0.586100	-0.190200	-0.682400
1627307231.077761	0.640600	-0.407200	-0.545400	0.645900	-0.203600	-0.664000
1627307231.085314	0.633500	-0.444700	-0.534200	0.625200	-0.227100	-0.655200
1627307231.086211	0.632000	-0.470200	-0.527300	0.569900	-0.254900	-0.656100
1627307231.104840	0.629400	-0.485000	-0.521900	0.554600	-0.287600	-0.669800
1627307231.106450	0.630500	-0.496700	-0.527200	0.551300	-0.322100	-0.686900
1627307231.121937	0.630000	-0.499300	-0.546400	0.505700	-0.358800	-0.708900
1627307231.125246	0.626700	-0.489600	-0.574700	0.432700	-0.383200	-0.733400
1627307231.144253	0.624000	-0.467400	-0.598400	0.385700	-0.388400	-0.752000
1627307231.145283	0.625700	-0.442500	-0.614300	0.358500	-0.386000	-0.764200
1627307231.153423	0.626500	-0.413700	-0.626700	0.327100	-0.380500	-0.769400
1627307231.177152	0.628400	-0.386600	-0.636700	0.284300	-0.371600	-0.765800
1627307231.178055	0.629600	-0.357500	-0.643400	0.250700	-0.361200	-0.755700
1627307231.187604	0.631700	-0.320200	-0.650500	0.225700	-0.347500	-0.733700
1627307231.197137	0.635600	-0.287500	-0.654700	0.226900	-0.342900	-0.701900
1627307231.221099	0.638400	-0.263800	-0.675900	0.235400	-0.343500	-0.661600
1627307231.221995	0.635600	-0.245200	-0.713600	0.242800	-0.336500	-0.611500
1627307231.225190	0.625600	-0.231600	-0.752000	0.288900	-0.310500	-0.552900
1627307231.237169	0.631800	-0.232800	-0.774000	0.401600	-0.267500	-0.496100
1627307231.252454	0.633500	-0.248000	-0.786500	0.529900	-0.219800	-0.444400
1627307231.254942	0.630600	-0.276900	-0.773800	0.616900	-0.153500	-0.387600
1627307231.266759	0.632400	-0.295000	-0.735200	0.668200	-0.109600	-0.358300
1627307231.289048	0.632700	-0.303500	-0.690700	0.696000	-0.086300	-0.335700
1627307231.289881	0.635000	-0.309400	-0.650500	0.671900	-0.083300	-0.314000
1627307231.299644	0.640000	-0.306600	-0.620400	0.614800	-0.098900	-0.287100
1627307231.309947	0.637200	-0.304200	-0.610000	0.564100	-0.122100	-0.255700
1627307231.334364	0.638300	-0.316400	-0.609500	0.557400	-0.142200	-0.217200
1627307231.336231	0.642600	-0.348300	-0.614700	0.578100	-0.161800	-0.183600
1627307231.337410	0.642300	-0.383800	-0.621700	0.552500	-0.170600	-0.165300
1627307231.352763	0.645600	-0.417400	-0.619500	0.503300	-0.173700	-0.166200
1627307231.353654	0.652300	-0.439200	-0.610400	0.467300	-0.180100	-0.177800
1627307231.376382	0.655800	-0.450700	-0.601900	0.426900	-0.191700	-0.199800
1627307231.377403	0.661300	-0.448700	-0.588900	0.356400	-0.203600	-0.224200
1627307231.392470	0.666900	-0.428100	-0.573000	0.292200	-0.223800	-0.243200
1627307231.397675	0.675800	-0.404100	-0.569700	0.260800	-0.253100	-0.256600
1627307231.398588	0.678700	-0.377800	-0.582400	0.211300	-0.282100	-0.249300
1627307231.424299	0.678300	-0.353000	-0.607800	0.166700	-0.302900	-0.230000
1627307231.425115	0.682600	-0.338900	-0.629500	0.194500	-0.313600	-0.201900
1627307231.433814	0.683500	-0.350600	-0.656200	0.278500	-0.316600	-0.176000
1627307231.437740	0.681900	-0.367400	-0.677700	0.305700	-0.312100	-0.157600
1627307231.461622	0.685900	-0.377000	-0.703600	0.232700	-0.305000	-0.144500
1627307231.463824	0.676000	-0.379400	-0.730200	0.193000	-0.292500	-0.127400
1627307231.468378	0.672400	-0.385100	-0.753400	0.248600	-0.267500	-0.116400
1627307231.489790	0.665500	-0.397100	-0.775000	0.290400	-0.239100	-0.104800
1627307231.505278	0.659500	-0.410600	-0.793600	0.260500	-0.204200	-0.096500
1627307231.510230	0.659700	-0.419800	-0.797600	0.244300	-0.166700	-0.092300
1627307231.511133	0.655200	-0.430800	-0.801000	0.262300	-0.133700	-0.096900
1627307231.534228	0.649400	-0.439200	-0.800000	0.216200	-0.091200	-0.105400
1627307231.535183	0.643900	-0.432000	-0.789600	0.147200	-0.053400	-0.114300
1627307231.546088	0.645400	-0.419800	-0.774400	0.119700	-0.022800	-0.121300
1627307231.555351	0.642700	-0.404800	-0.758800	0.091900	0.003100	-0.122800
1627307231.575385	0.642100	-0.387900	-0.745700	0.041500	0.026400	-0.115800
1627307231.576421	0.640700	-0.372800	-0.726900	0.024100	0.045600	-0.099900
1627307231.588401	0.635500	-0.364100	-0.711200	0.037200	0.063000	-0.084600
1627307231.598531	0.629300	-0.359400	-0.690900	0.028000	0.075500	-0.060800
1627307231.614109	0.623700	-0.357300	-0.678200	0.003300	0.077400	-0.038500
1627307231.619331	0.618900	-0.359500	-0.669300	0.009700	0.078900	-0.018400
1627307231.641789	0.618800	-0.363500	-0.660400	0.034500	0.078900	-0.008300
1627307231.642713	0.615500	-0.360400	-0.650900	0.012800	0.081300	-0.002500
1627307231.643844	0.616100	-0.343300	-0.636100	-0.037900	0.083500	0.004600
1627307231.659082	0.616100	-0.316400	-0.617800	-0.061800	0.077700	0.018000
1627307231.664180	0.612300	-0.281400	-0.605000	-0.084700	0.067300	0.047600
1627307231.687913	0.611200	-0.254000	-0.597200	-0.116100	0.058100	0.088900
1627307231.688733	0.609000	-0.236900	-0.595300	-0.115500	0.049300	0.141700
1627307231.698761	0.607700	-0.231200	-0.590700	-0.072100	0.039800	0.200000
1627307231.713948	0.611900	-0.245100	-0.590000	-0.031500	0.025400	0.256500
1627307231.731303	0.612800	-0.266100	-0.599500	-0.040400	0.008000	0.304500
1627307231.733899	0.614100	-0.285000	-0.614900	-0.089500	-0.007200	0.349400
1627307231.745752	0.613400	-0.298700	-0.633400	-0.104200	-0.015500	0.390900
1627307231.746683	0.609300	-0.312500	-0.649700	-0.079800	-0.016700	0.423300
1627307231.749653	0.607100	-0.330400	-0.664800	-0.062700	-0.011500	0.454800
1627307231.773556	0.608500	-0.348100	-0.677600	-0.055300	-0.004500	0.482900
1627307231.774787	0.605500	-0.366300	-0.688500	-0.059000	0.004700	0.503900
1627307231.789910	0.605800	-0.377100	-0.696500	-0.075200	0.014800	0.520400
1627307231.796419	0.603800	-0.390000	-0.700800	-0.105700	0.023300	0.541800
1627307231.817388	0.606400	-0.405900	-0.706300	-0.116400	0.026700	0.565900
1627307231.819330	0.604000	-0.428200	-0.720600	-0.126800	0.030900	0.581500
1627307231.834422	0.603100	-0.451900	-0.729600	-0.163500	0.040400	0.588200
1627307231.835315	0.610100	-0.469200	-0.743700	-0.225200	0.046200	0.590400
1627307231.838376	0.596900	-0.479400	-0.767200	-0.314600	0.059000	0.589800
1627307231.862241	0.599500	-0.478400	-0.773400	-0.367200	0.086200	0.588200
1627307231.869137	0.605200	-0.482100	-0.775800	-0.358600	0.111000	0.583700
1627307231.870029	0.597300	-0.484000	-0.787000	-0.437100	0.133300	0.582100
1627307231.893163	0.602400	-0.472000	-0.793600	-0.562400	0.159200	0.586700
1627307231.894021	0.598300	-0.455700	-0.796500	-0.615500	0.185200	0.595000
1627307231.905025	0.597500	-0.446300	-0.795300	-0.607300	0.218800	0.609300
1627307231.914034	0.601600	-0.441400	-0.795500	-0.620400	0.246300	0.627000
1627307231.923941	0.588900	-0.433800	-0.792600	-0.696700	0.277400	0.647200
1627307231.937795	0.592700	-0.418000	-0.767800	-0.726100	0.313500	0.676200
1627307231.938862	0.594600	-0.414100	-0.756600	-0.705900	0.324500	0.699400
1627307231.961519	0.588500	-0.406900	-0.759800	-0.774600	0.337600	0.728400
1627307231.963700	0.584700	-0.392300	-0.751300	-0.844300	0.357400	0.764200
1627307231.973805	0.582800	-0.383900	-0.750200	-0.807900	0.371800	0.804800
1627307231.982732	0.577900	-0.385000	-0.749900	-0.761200	0.387400	0.846900
1627307232.001640	0.573700	-0.399200	-0.749400	-0.771300	0.402300	0.895500
1627307232.002681	0.570200	-0.420400	-0.749100	-0.766400	0.421600	0.941300
1627307232.013794	0.567500	-0.441000	-0.751000	-0.736800	0.440200	0.966400
1627307232.023954	0.568600	-0.457200	-0.748200	-0.745000	0.461000	0.986200
1627307232.043128	0.569100	-0.465700	-0.742600	-0.779500	0.477800	1.003600
1627307232.044015	0.559700	-0.470500	-0.733300	-0.784700	0.497000	1.018300
1627307232.052216	0.560500	-0.476700	-0.719500	-0.760600	0.515400	1.029900
1627307232.074575	0.560700	-0.488300	-0.699100	-0.766100	0.521500	1.038400
1627307232.075488	0.559000	-0.493400	-0.687600	-0.842400	0.519000	1.044900
1627307232.085040	0.560800	-0.485500	-0.681900	-0.929800	0.510500	1.050400
1627307232.094572	0.556800	-0.476900	-0.690100	-0.983900	0.501900	1.062900
1627307232.117678	0.553800	-0.476200	-0.700000	-1.012300	0.500700	1.078500
1627307232.121856	0.558300	-0.480800	-0.710800	-1.024200	0.504700	1.094600
1627307232.122747	0.559300	-0.490600	-0.718900	-1.052900	0.508600	1.107500
1627307232.133905	0.558500	-0.497300	-0.734500	-1.104800	0.517800	1.121800
1627307232.140935	0.557900	-0.502800	-0.745800	-1.123100	0.532800	1.130700
1627307232.161529	0.554900	-0.504200	-0.750700	-1.102700	0.549300	1.136200
1627307232.162343	0.554100	-0.503300	-0.750600	-1.098100	0.567900	1.143200
1627307232.172466	0.549900	-0.499300	-0.747400	-1.094100	0.586800	1.153300
1627307232.190439	0.544700	-0.493300	-0.734500	-1.079500	0.603000	1.161500
1627307232.204905	0.548800	-0.487200	-0.720000	-1.044300	0.612500	1.177400
1627307232.206500	0.548100	-0.491000	-0.718900	-1.034600	0.612500	1.197600
1627307232.222031	0.538100	-0.494900	-0.729700	-1.061100	0.619800	1.216500
1627307232.222925	0.535500	-0.503700	-0.734100	-1.041900	0.632300	1.234800
1627307232.227139	0.531700	-0.523700	-0.731800	-0.975600	0.649100	1.248300
1627307232.253104	0.527500	-0.551500	-0.724700	-0.933100	0.665000	1.248900
1627307232.253916	0.530000	-0.579000	-0.715200	-0.966100	0.670800	1.235400
1627307232.257043	0.523400	-0.586500	-0.710100	-1.053800	0.671700	1.215000
1627307232.281859	0.527000	-0.574100	-0.705700	-1.139300	0.670800	1.188400
1627307232.282757	0.530600	-0.557300	-0.706900	-1.160400	0.666900	1.172500
1627307232.294948	0.527000	-0.542500	-0.710900	-1.190000	0.667200	1.166400
1627307232.302204	0.527800	-0.530500	-0.710300	-1.218700	0.666500	1.169500
1627307232.326771	0.530500	-0.527000	-0.715000	-1.220600	0.659200	1.173400
1627307232.327434	0.526600	-0.526400	-0.730200	-1.233700	0.654900	1.177700
1627307232.331195	0.523300	-0.525600	-0.746700	-1.263600	0.658600	1.183500
1627307232.339250	0.526100	-0.524500	-0.760700	-1.245000	0.667200	1.188400
1627307232.361090	0.522800	-0.528200	-0.770100	-1.208300	0.678500	1.189900
1627307232.362284	0.520100	-0.528300	-0.771100	-1.186400	0.695300	1.192400
1627307232.377933	0.520100	-0.528400	-0.761200	-1.153100	0.712400	1.192100
1627307232.387505	0.526400	-0.530000	-0.744900	-1.107900	0.720000	1.191500
1627307232.408414	0.526900	-0.533600	-0.740700	-1.092300	0.718800	1.187200
1627307232.410956	0.522100	-0.526700	-0.735000	-1.120700	0.719100	1.181700
1627307232.422933	0.521500	-0.515300	-0.730500	-1.127400	0.714500	1.181700
1627307232.423610	0.526500	-0.517700	-0.737800	-1.081900	0.709900	1.185400
1627307232.426776	0.527800	-0.523300	-0.745500	-1.070300	0.711400	1.183500
1627307232.451065	0.530000	-0.521100	-0.752000	-1.138100	0.714200	1.187200
1627307232.465727	0.526100	-0.528200	-0.753800	-1.162800	0.720300	1.199400
1627307232.466619	0.526400	-0.556900	-0.756100	-1.056800	0.734700	1.195100
1627307232.472291	0.531500	-0.586500	-0.733300	-1.026900	0.753900	1.160600
1627307232.493624	0.535200	-0.586900	-0.706200	-1.186700	0.750200	1.134700
1627307232.504294	0.534100	-0.573100	-0.692600	-1.271000	0.733100	1.116900
1627307232.505185	0.535300	-0.568400	-0.686900	-1.199800	0.720000	1.095600
1627307232.514645	0.537100	-0.572800	-0.685700	-1.162200	0.704700	1.072000
1627307232.532549	0.541100	-0.572300	-0.689000	-1.251700	0.685800	1.052500
1627307232.534078	0.545200	-0.566000	-0.694700	-1.329300	0.665000	1.034800
1627307232.549755	0.549200	-0.559100	-0.707600	-1.307900	0.652200	1.005500
1627307232.552789	0.550500	-0.560800	-0.708700	-1.290500	0.645800	0.979200
1627307232.574168	0.559700	-0.552600	-0.709400	-1.352500	0.634800	0.951700
1627307232.574996	0.565200	-0.532100	-0.713700	-1.443800	0.623800	0.929100
1627307232.588404	0.567100	-0.502700	-0.722900	-1.482900	0.614000	0.916000
1627307232.601029	0.573600	-0.478300	-0.732100	-1.457300	0.604800	0.916000
1627307232.611999	0.574200	-0.465600	-0.755900	-1.430100	0.600900	0.925700
1627307232.613065	0.573400	-0.464100	-0.781500	-1.396200	0.613100	0.946800
1627307232.618556	0.576700	-0.472500	-0.799200	-1.336000	0.629600	0.959600
1627307232.631314	0.573000	-0.488900	-0.809900	-1.268800	0.654300	0.970000
1627307232.641378	0.570900	-0.513400	-0.804800	-1.184800	0.689100	0.972800
1627307232.649118	0.573400	-0.543700	-0.782600	-1.072400	0.721800	0.956900
1627307232.671870	0.578900	-0.568100	-0.745000	-0.996400	0.740800	0.926700
1627307232.673859	0.583500	-0.576700	-0.707400	-1.014700	0.746000	0.887600
1627307232.683808	0.586700	-0.562500	-0.670400	-1.033600	0.738900	0.843000
1627307232.692906	0.591700	-0.547200	-0.641700	-0.989700	0.722100	0.814300
1627307232.713976	0.599500	-0.539700	-0.624400	-0.943200	0.700800	0.792900
1627307232.715065	0.610200	-0.545700	-0.613600	-0.927300	0.676000	0.769700
1627307232.720180	0.615000	-0.548200	-0.609700	-0.944100	0.655600	0.742800
1627307232.732805	0.618400	-0.547100	-0.604500	-0.968900	0.640000	0.715600
1627307232.733709	0.627200	-0.552900	-0.588300	-0.940800	0.622000	0.684100
1627307232.756549	0.640500	-0.565600	-0.579800	-0.891300	0.595700	0.641700
1627307232.760126	0.650300	-0.573500	-0.580100	-0.921500	0.564200	0.593700
1627307232.764539	0.657200	-0.561200	-0.587800	-1.000000	0.534300	0.547000
1627307232.787301	0.658400	-0.536100	-0.600500	-1.029100	0.512600	0.504500
1627307232.802451	0.665400	-0.513700	-0.606300	-0.950600	0.505000	0.470000
1627307232.807808	0.674700	-0.497400	-0.607700	-0.847600	0.496400	0.438000
1627307232.808707	0.674600	-0.482400	-0.601200	-0.818000	0.486600	0.407700
1627307232.833063	0.684800	-0.463100	-0.587000	-0.794800	0.474100	0.384500
1627307232.833959	0.689500	-0.450200	-0.577900	-0.718700	0.451800	0.366200
1627307232.841227	0.691900	-0.446900	-0.583900	-0.659500	0.428000	0.347900
1627307232.852936	0.690400	-0.443100	-0.593000	-0.645100	0.410900	0.332000
1627307232.853836	0.689500	-0.438000	-0.594800	-0.611800	0.401400	0.311500
1627307232.878694	0.695600	-0.434700	-0.592800	-0.540700	0.393200	0.292900
1627307232.880137	0.692400	-0.439100	-0.582300	-0.461600	0.388300	0.269400
1627307232.895286	0.695800	-0.442700	-0.563000	-0.413900	0.380700	0.246100
1627307232.897737	0.703700	-0.445400	-0.541600	-0.379100	0.362300	0.221100
1627307232.919530	0.703500	-0.448200	-0.526400	-0.353700	0.340000	0.196100
1627307232.920424	0.702300	-0.444300	-0.513800	-0.322000	0.316200	0.168600
1627307232.928426	0.707400	-0.437500	-0.502100	-0.275900	0.291500	0.144700
1627307232.939863	0.704600	-0.436500	-0.487800	-0.208400	0.264000	0.126100
1627307232.951294	0.706800	-0.442600	-0.469200	-0.094400	0.223400	0.100800
1627307232.958026	0.709200	-0.455700	-0.461200	-0.024800	0.182700	0.076600
1627307232.979357	0.702900	-0.462400	-0.459100	0.001800	0.138500	0.048800
1627307232.980201	0.703900	-0.467300	-0.458000	0.033200	0.095100	0.019200
1627307232.990074	0.704600	-0.473900	-0.462900	0.105900	0.049000	-0.014400
1627307232.997937	0.701200	-0.488400	-0.473600	0.174000	0.002800	-0.054100
1627307233.016440	0.702300	-0.500500	-0.488500	0.189000	-0.041800	-0.106000
1627307233.019832	0.699100	-0.495500	-0.501300	0.171900	-0.088800	-0.166500
1627307233.031282	0.702300	-0.483400	-0.516400	0.173100	-0.126400	-0.221500
1627307233.036638	0.702500	-0.462400	-0.534400	0.157600	-0.162400	-0.269700
1627307233.060610	0.705800	-0.434300	-0.560300	0.118100	-0.191400	-0.305200
1627307233.061505	0.705200	-0.409300	-0.593100	0.109900	-0.210400	-0.329600
1627307233.068419	0.708100	-0.389300	-0.619800	0.138000	-0.216500	-0.344300
1627307233.089086	0.711200	-0.376200	-0.647500	0.171900	-0.214600	-0.354300
1627307233.089930	0.708600	-0.369600	-0.668300	0.196600	-0.205800	-0.359800
1627307233.100043	0.708500	-0.366900	-0.678800	0.234200	-0.192900	-0.364700
1627307233.110248	0.706800	-0.366500	-0.683000	0.288000	-0.181000	-0.372400
1627307233.133848	0.704600	-0.366000	-0.682600	0.344200	-0.172200	-0.381800
1627307233.135339	0.705000	-0.362300	-0.680400	0.387200	-0.169100	-0.397100
1627307233.149391	0.708000	-0.349500	-0.681500	0.398800	-0.172500	-0.410200
1627307233.150285	0.705900	-0.327400	-0.693700	0.396100	-0.177100	-0.415700
1627307233.153375	0.705600	-0.301900	-0.701500	0.432100	-0.168500	-0.413600
1627307233.177343	0.709100	-0.290500	-0.703000	0.506400	-0.157500	-0.398300
1627307233.181188	0.704800	-0.295800	-0.700400	0.567100	-0.145600	-0.380000
1627307233.195209	0.707800	-0.306800	-0.694700	0.590700	-0.134000	-0.365000
1627307233.196106	0.703700	-0.326900	-0.687900	0.597700	-0.127000	-0.354300
1627307233.219309	0.700100	-0.348800	-0.678100	0.621200	-0.122100	-0.349400
1627307233.220321	0.696700	-0.381600	-0.662700	0.655100	-0.123300	-0.360700
1627307233.228737	0.695400	-0.405200	-0.650600	0.651100	-0.130000	-0.382700
1627307233.242798	0.692900	-0.419900	-0.639600	0.620600	-0.143800	-0.410500
1627307233.263166	0.689900	-0.425900	-0.630700	0.593100	-0.158400	-0.440800
1627307233.264059	0.684300	-0.423000	-0.624500	0.576600	-0.174300	-0.472500
1627307233.268628	0.683200	-0.420900	-0.616100	0.578100	-0.190800	-0.496400
1627307233.278698	0.680400	-0.419100	-0.607700	0.584900	-0.213100	-0.523800
1627307233.288877	0.679600	-0.418200	-0.600700	0.563200	-0.240600	-0.550700
1627307233.299168	0.677400	-0.409300	-0.601100	0.518000	-0.265600	-0.570300
1627307233.321201	0.675700	-0.400400	-0.604600	0.486200	-0.286700	-0.582200
1627307233.322657	0.670400	-0.395900	-0.612400	0.500900	-0.306900	-0.588000
1627307233.337621	0.671800	-0.401700	-0.626100	0.538700	-0.325500	-0.592000
1627307233.347662	0.670900	-0.417400	-0.651600	0.546400	-0.341400	-0.598400
1627307233.365262	0.662700	-0.432000	-0.678500	0.537800	-0.342300	-0.609400
1627307233.366079	0.658100	-0.446300	-0.697600	0.585200	-0.331300	-0.628000
1627307233.371306	0.659900	-0.461300	-0.699100	0.664600	-0.315400	-0.651500
1627307233.386469	0.661000	-0.476400	-0.692500	0.707900	-0.304700	-0.682700
1627307233.407894	0.663300	-0.476800	-0.680100	0.694800	-0.302900	-0.714700
1627307233.408729	0.663800	-0.463300	-0.668600	0.660600	-0.307200	-0.745900
1627307233.410197	0.666000	-0.445300	-0.661400	0.652400	-0.314800	-0.770600
1627307233.425558	0.669900	-0.425500	-0.661500	0.671600	-0.326700	-0.791400
1627307233.427806	0.667100	-0.413600	-0.668200	0.669500	-0.336800	-0.800900
1627307233.451659	0.666600	-0.403900	-0.670500	0.652700	-0.338900	-0.806400
1627307233.452472	0.675000	-0.401400	-0.669800	0.664900	-0.343800	-0.808500
1627307233.459989	0.675800	-0.413600	-0.676500	0.696900	-0.345700	-0.810600
1627307233.466799	0.674600	-0.427600	-0.680100	0.716200	-0.343800	-0.822600
1627307233.486716	0.681600	-0.437400	-0.677900	0.724100	-0.343200	-0.841500
1627307233.490039	0.680900	-0.440200	-0.679900	0.722900	-0.350200	-0.869300
1627307233.498804	0.680800	-0.441800	-0.689000	0.718900	-0.349900	-0.891900
1627307233.506673	0.679600	-0.435500	-0.691700	0.748300	-0.342600	-0.916000
1627307233.525622	0.685900	-0.430700	-0.689600	0.797400	-0.334400	-0.937700
1627307233.530084	0.687600	-0.426100	-0.691200	0.820600	-0.326400	-0.954800
1627307233.540183	0.693100	-0.425000	-0.685200	0.837100	-0.317600	-0.969500
1627307233.549085	0.694500	-0.422200	-0.676600	0.875600	-0.309900	-0.984400
1627307233.569222	0.691400	-0.423500	-0.670500	0.912900	-0.303800	-1.004000
1627307233.570040	0.688600	-0.420300	-0.663300	0.909500	-0.305300	-1.016200
1627307233.584729	0.685100	-0.420200	-0.657600	0.924800	-0.306300	-1.026300
1627307233.596211	0.681600	-0.428800	-0.658600	0.978900	-0.311800	-1.037900
1627307233.598698	0.677400	-0.442400	-0.663300	1.006300	-0.316900	-1.052600
1627307233.614123	0.667700	-0.451900	-0.671800	0.992000	-0.317900	-1.069700
1627307233.637549	0.661500	-0.453600	-0.673300	0.995000	-0.310200	-1.089500
1627307233.640692	0.656900	-0.461300	-0.662700	1.065000	-0.301700	-1.114600
1627307233.641585	0.654100	-0.473100	-0.651200	1.104400	-0.301100	-1.138400
1627307233.648794	0.647700	-0.474700	-0.645500	1.066800	-0.304400	-1.165600
1627307233.659574	0.643200	-0.460600	-0.633400	1.018300	-0.305300	-1.189100
1627307233.682818	0.640500	-0.446000	-0.615000	1.041800	-0.308400	-1.206200
1627307233.685078	0.640700	-0.438000	-0.593400	1.103500	-0.319400	-1.216300
1627307233.688773	0.638900	-0.444100	-0.584400	1.129400	-0.344100	-1.220800
1627307233.704234	0.635300	-0.449200	-0.581500	1.124600	-0.375000	-1.229400
1627307233.727924	0.631000	-0.447000	-0.590900	1.114800	-0.397900	-1.241900
1627307233.728838	0.627300	-0.440300	-0.601700	1.122400	-0.411600	-1.251100
1627307233.730342	0.624000	-0.436500	-0.607100	1.174300	-0.419300	-1.256300
1627307233.745919	0.623700	-0.434200	-0.605600	1.253400	-0.426000	-1.264800
1627307233.749054	0.625000	-0.430300	-0.599200	1.280600	-0.435500	-1.272200
1627307233.771408	0.622400	-0.408800	-0.590000	1.258600	-0.453200	-1.271500
1627307233.772444	0.621100	-0.386000	-0.588100	1.271200	-0.476400	-1.258100
1627307233.787989	0.616900	-0.376200	-0.596300	1.343900	-0.495000	-1.239500
1627307233.791469	0.620200	-0.375200	-0.608300	1.401300	-0.508500	-1.212300
1627307233.792366	0.618000	-0.372900	-0.624900	1.418400	-0.516400	-1.183000
1627307233.815482	0.603900	-0.372600	-0.633400	1.457200	-0.510300	-1.144500
1627307233.818962	0.598500	-0.382900	-0.622400	1.594000	-0.501100	-1.106300
1627307233.828752	0.596800	-0.428600	-0.595700	1.801700	-0.512400	-1.070600
1627307233.832764	0.586400	-0.478000	-0.589600	1.847200	-0.546600	-1.062600
1627307233.856675	0.578900	-0.498700	-0.586200	1.773600	-0.589100	-1.074500
1627307233.858747	0.580400	-0.498700	-0.597700	1.713400	-0.638000	-1.095600
1627307233.875350	0.575800	-0.485600	-0.629500	1.682000	-0.684400	-1.118500
1627307233.899151	0.576200	-0.458500	-0.675800	1.608400	-0.707600	-1.128300
1627307233.900107	0.574700	-0.422500	-0.719000	1.528000	-0.701500	-1.121600
1627307233.900999	0.576800	-0.374500	-0.750700	1.505400	-0.662100	-1.083400
1627307233.919035	0.572800	-0.357100	-0.747800	1.566500	-0.616900	-1.030900
1627307233.929832	0.583300	-0.374100	-0.728000	1.667900	-0.582700	-0.973100
1627307233.930750	0.585400	-0.414300	-0.709000	1.734500	-0.568300	-0.931000
1627307233.941490	0.580400	-0.452800	-0.698100	1.707300	-0.567400	-0.914200
1627307233.948303	0.578900	-0.464800	-0.689600	1.639500	-0.572900	-0.918200
1627307233.971595	0.582300	-0.435300	-0.680100	1.560700	-0.578700	-0.928200
1627307233.972405	0.584400	-0.389500	-0.677500	1.525000	-0.600400	-0.901700
1627307233.979861	0.583300	-0.377300	-0.688200	1.655700	-0.606500	-0.868400
1627307233.991612	0.587200	-0.377300	-0.693000	1.762900	-0.598900	-0.839400
1627307233.992517	0.601200	-0.366500	-0.687500	1.695400	-0.600400	-0.807600
1627307234.015459	0.606300	-0.343600	-0.687700	1.583000	-0.613500	-0.757500
1627307234.017565	0.608200	-0.338100	-0.708900	1.611400	-0.619300	-0.700100
1627307234.028694	0.600500	-0.360000	-0.728400	1.725300	-0.604700	-0.639000
1627307234.036627	0.606100	-0.397500	-0.726300	1.755600	-0.586000	-0.589500
1627307234.059210	0.611000	-0.429400	-0.721600	1.694800	-0.580200	-0.555300
1627307234.060133	0.606000	-0.455800	-0.716800	1.649300	-0.573800	-0.533600
1627307234.065857	0.597000	-0.477800	-0.700300	1.634300	-0.565600	-0.524800
1627307234.087278	0.600600	-0.491700	-0.675700	1.605600	-0.570100	-0.522600
1627307234.098266	0.607900	-0.506300	-0.664600	1.514300	-0.599500	-0.521100
1627307234.099175	0.602900	-0.517100	-0.682600	1.370700	-0.634600	-0.526600
1627307234.108574	0.601800	-0.516400	-0.709400	1.223200	-0.652000	-0.536400
1627307234.131337	0.602700	-0.507600	-0.730200	1.120900	-0.647700	-0.541000
1627307234.136941	0.604100	-0.498300	-0.738800	1.050900	-0.633100	-0.540300
1627307234.137830	0.600800	-0.492700	-0.731400	0.994100	-0.613200	-0.531500
1627307234.147612	0.604900	-0.495800	-0.711400	0.942200	-0.598200	-0.525400
1627307234.154710	0.609000	-0.502000	-0.689700	0.872000	-0.597300	-0.522000
1627307234.177215	0.603100	-0.500100	-0.679400	0.746400	-0.609600	-0.516200
1627307234.178116	0.602700	-0.489100	-0.675900	0.648700	-0.614100	-0.517100
1627307234.188888	0.606700	-0.463300	-0.665200	0.541200	-0.623300	-0.508900
1627307234.193428	0.606300	-0.452300	-0.679800	0.492900	-0.649000	-0.479900
1627307234.216968	0.596700	-0.468300	-0.706900	0.542400	-0.646500	-0.461800
1627307234.217859	0.596300	-0.487500	-0.721100	0.549400	-0.638000	-0.452400
1627307234.228834	0.596700	-0.499900	-0.728300	0.501200	-0.626300	-0.447200
1627307234.232118	0.599600	-0.502800	-0.738500	0.468200	-0.615000	-0.450800
1627307234.256670	0.596300	-0.491200	-0.751200	0.441600	-0.602200	-0.455700
1627307234.257716	0.598600	-0.466900	-0.765400	0.385700	-0.587600	-0.445700
1627307234.268531	0.598900	-0.442000	-0.789100	0.360400	-0.567100	-0.422700
1627307234.290737	0.587900	-0.428600	-0.810400	0.383600	-0.533800	-0.390100
1627307234.291628	0.588400	-0.428700	-0.824100	0.412600	-0.494400	-0.351900
1627307234.301065	0.587400	-0.444000	-0.832200	0.422100	-0.453500	-0.310400
1627307234.318682	0.581800	-0.479000	-0.839500	0.399100	-0.405800	-0.273700
1627307234.328150	0.578200	-0.506100	-0.836200	0.379300	-0.363700	-0.262100
1627307234.329043	0.578000	-0.529500	-0.828700	0.346000	-0.323400	-0.263900
1627307234.339847	0.574600	-0.538100	-0.818700	0.275400	-0.291300	-0.277100
1627307234.363549	0.570800	-0.529700	-0.805800	0.187800	-0.258900	-0.297200
1627307234.366931	0.572900	-0.503800	-0.783800	0.119400	-0.232300	-0.314000
1627307234.367828	0.576500	-0.459800	-0.762200	0.039700	-0.215200	-0.320400
1627307234.377579	0.574300	-0.406500	-0.747800	-0.070300	-0.199000	-0.306100
1627307234.384459	0.575800	-0.362400	-0.734500	-0.132600	-0.190500	-0.270000
1627307234.403570	0.578500	-0.334200	-0.733600	-0.141800	-0.184100	-0.215100
1627307234.417057	0.578400	-0.330200	-0.739700	-0.132600	-0.176400	-0.150000
1627307234.417975	0.573500	-0.351800	-0.750700	-0.103900	-0.168800	-0.082800
1627307234.424749	0.571000	-0.398300	-0.762000	-0.045000	-0.157800	-0.029700
1627307234.447383	0.573400	-0.467800	-0.785400	0.002700	-0.145300	-0.000300
1627307234.455768	0.569000	-0.516700	-0.804200	-0.018400	-0.122700	-0.001600
1627307234.456683	0.569300	-0.539300	-0.810900	-0.055000	-0.095200	-0.025700
1627307234.466452	0.569600	-0.538700	-0.812500	-0.083400	-0.066500	-0.056500
1627307234.468532	0.565400	-0.521400	-0.809000	-0.128900	-0.035000	-0.082200
1627307234.491777	0.566900	-0.491500	-0.793700	-0.185800	-0.003600	-0.095900
1627307234.503855	0.568100	-0.461200	-0.776000	-0.231900	0.022400	-0.095900
1627307234.506444	0.566700	-0.436200	-0.758300	-0.290200	0.047400	-0.078500
1627307234.512877	0.566700	-0.426300	-0.741900	-0.347000	0.069100	-0.060800
1627307234.534926	0.570200	-0.421100	-0.720700	-0.399600	0.082300	-0.042200
1627307234.540349	0.566300	-0.419800	-0.705900	-0.460600	0.087400	-0.029400
1627307234.541251	0.564500	-0.412500	-0.694200	-0.531200	0.091400	-0.020500
1627307234.564034	0.565800	-0.400000	-0.681800	-0.574600	0.094800	-0.011900
1627307234.566317	0.567300	-0.380600	-0.669300	-0.576700	0.090200	-0.002500
1627307234.581327	0.571000	-0.343300	-0.665800	-0.599900	0.077400	0.019200
1627307234.584311	0.569200	-0.312000	-0.675200	-0.625900	0.069100	0.050700
1627307234.606561	0.569100	-0.277600	-0.690800	-0.600200	0.066100	0.097100
1627307234.607532	0.571500	-0.258100	-0.704600	-0.522600	0.072500	0.154800
1627307234.614561	0.571400	-0.254600	-0.719600	-0.443800	0.082600	0.218400
1627307234.626360	0.571000	-0.264900	-0.734000	-0.401400	0.099400	0.277900
1627307234.641550	0.566700	-0.280200	-0.740200	-0.379400	0.123500	0.336900
1627307234.645185	0.566700	-0.307700	-0.738500	-0.327200	0.154600	0.391500
1627307234.668777	0.568100	-0.332000	-0.726100	-0.283500	0.175100	0.424500
1627307234.669884	0.564500	-0.354700	-0.715000	-0.285900	0.190400	0.446200
1627307234.685419	0.568000	-0.365100	-0.702000	-0.329000	0.197100	0.460300
1627307234.689009	0.570100	-0.364300	-0.695300	-0.371200	0.196500	0.476700
1627307234.689902	0.567300	-0.358300	-0.698600	-0.396200	0.195300	0.496600
1627307234.718107	0.568800	-0.356700	-0.695800	-0.392200	0.201700	0.522000
1627307234.718925	0.571700	-0.363600	-0.695100	-0.390700	0.202300	0.551600
1627307234.727488	0.571000	-0.377200	-0.703600	-0.427000	0.201100	0.576900
1627307234.736527	0.571700	-0.387100	-0.711700	-0.474400	0.201700	0.599800
1627307234.758767	0.571500	-0.397800	-0.727300	-0.501900	0.204400	0.616600
1627307234.759992	0.572000	-0.405400	-0.741100	-0.525400	0.212100	0.632500
1627307234.775455	0.567300	-0.410300	-0.756700	-0.549500	0.226100	0.649900
1627307234.780247	0.566300	-0.419200	-0.770400	-0.533000	0.248400	0.670400
1627307234.805416	0.564100	-0.432100	-0.779300	-0.492100	0.275600	0.686000
1627307234.806230	0.564100	-0.432100	-0.779300	-0.492100	0.275600	0.686000
1627307234.807678	0.559300	-0.440400	-0.777300	-0.473800	0.304300	0.692700
