1627307224.824283	0.586700	-0.393400	-0.666300	0.095500	0.001500	0.049800
1627307224.825097	0.580200	-0.401400	-0.672600	0.087600	-0.019300	0.048200
1627307224.825733	0.582600	-0.417000	-0.679200	0.085100	-0.034900	0.043100
1627307224.826359	0.582600	-0.429600	-0.682700	0.072600	-0.048600	0.031100
1627307224.826984	0.579700	-0.434800	-0.685300	0.038700	-0.060800	0.013700
1627307224.828829	0.579300	-0.433500	-0.691500	0.011500	-0.072800	-0.003700
1627307224.829380	0.584500	-0.434100	-0.700200	0.006000	-0.080700	-0.022000
1627307224.829927	0.582400	-0.429800	-0.705900	-0.002900	-0.091400	-0.038800
1627307224.830472	0.584000	-0.425400	-0.710900	-0.009600	-0.100900	-0.053500
1627307224.831025	0.588400	-0.418900	-0.716700	-0.003500	-0.106400	-0.065100
1627307224.831577	0.591800	-0.411700	-0.723900	-0.000100	-0.113400	-0.076400
1627307224.832068	0.597800	-0.402200	-0.734100	-0.003500	-0.120100	-0.084600
1627307224.832560	0.595100	-0.391800	-0.746300	-0.005600	-0.120700	-0.088600
1627307224.833045	0.598300	-0.386700	-0.758400	0.002300	-0.112800	-0.090100
1627307224.833537	0.604400	-0.378300	-0.770100	0.019400	-0.095100	-0.088000
1627307224.834038	0.606300	-0.369600	-0.773700	0.017000	-0.077000	-0.080600
1627307224.834480	0.605000	-0.361900	-0.772300	0.013900	-0.059900	-0.069000
1627307224.834932	0.611700	-0.354400	-0.767600	0.028600	-0.040400	-0.051300
1627307224.835373	0.610100	-0.352200	-0.759600	0.029500	-0.028500	-0.035100
1627307224.835796	0.617300	-0.349900	-0.755500	0.025200	-0.019600	-0.019600
1627307224.836241	0.615600	-0.349500	-0.744000	0.041400	-0.008900	0.001500
1627307224.836642	0.616100	-0.354100	-0.733500	0.057300	-0.006200	0.016500
1627307224.837054	0.618900	-0.360100	-0.727500	0.063700	-0.006500	0.029000
1627307224.837473	0.621900	-0.361000	-0.722500	0.059800	-0.010100	0.040300
1627307224.837872	0.620100	-0.359500	-0.723900	0.056700	-0.013800	0.049500
1627307224.838314	0.616600	-0.361300	-0.723600	0.061600	-0.018400	0.062000
1627307224.838714	0.603300	-0.368400	-0.720000	0.076900	-0.025700	0.078200
1627307224.839114	0.605100	-0.378400	-0.717300	0.086300	-0.034300	0.089200
1627307224.839556	0.605700	-0.391200	-0.721600	0.103100	-0.043700	0.098300
1627307224.839957	0.597500	-0.412100	-0.729700	0.107700	-0.053500	0.105700
1627307224.840356	0.600700	-0.424400	-0.736100	0.104000	-0.063900	0.102900
1627307224.840800	0.594800	-0.438500	-0.739400	0.109200	-0.070900	0.093400
1627307224.841207	0.588000	-0.452500	-0.744800	0.121500	-0.081900	0.072400
1627307224.841612	0.601000	-0.466600	-0.756200	0.141300	-0.087700	0.040900
1627307224.842047	0.604600	-0.465300	-0.764600	0.108300	-0.090500	0.006100
1627307224.842450	0.579800	-0.451700	-0.794300	0.071700	-0.082200	-0.025700
1627307224.842886	0.574500	-0.445600	-0.825600	0.094300	-0.049500	-0.057400
1627307224.843289	0.579100	-0.429100	-0.825400	0.097300	-0.007700	-0.088000
1627307224.843689	0.576400	-0.400300	-0.803700	0.051500	0.031100	-0.105400
1627307224.844132	0.564300	-0.369900	-0.775300	0.035600	0.071400	-0.108400
1627307224.844532	0.564900	-0.351300	-0.755700	0.061000	0.103800	-0.099300
1627307224.844932	0.549000	-0.339700	-0.719000	0.065600	0.126100	-0.076400
1627307224.845376	0.540800	-0.334100	-0.677200	0.061600	0.131600	-0.050400
1627307224.845779	0.535900	-0.337500	-0.635400	0.075000	0.119100	-0.027800
1627307224.846180	0.538100	-0.348600	-0.592000	0.080800	0.079000	-0.011600
1627307224.846625	0.542200	-0.360500	-0.552900	0.068000	0.012800	-0.007600
1627307224.847027	0.554400	-0.365000	-0.530300	0.038700	-0.067900	-0.010700
1627307224.847470	0.531200	-0.364100	-0.528300	-0.002900	-0.161900	-0.018000
1627307224.847873	0.518100	-0.356400	-0.533600	-0.009900	-0.261500	-0.029000
1627307224.848275	0.521500	-0.359100	-0.549400	0.010300	-0.340900	-0.040600
1627307224.848722	0.517100	-0.357200	-0.567900	0.001400	-0.420900	-0.051300
1627307224.849125	0.509900	-0.349000	-0.595100	-0.012000	-0.497000	-0.060800
1627307224.849557	0.504200	-0.341900	-0.634800	-0.020000	-0.541900	-0.066900
1627307224.849993	0.491700	-0.339800	-0.680100	-0.048100	-0.573700	-0.068700
1627307224.850401	0.489000	-0.340100	-0.723900	-0.059400	-0.582500	-0.070900
1627307224.850819	0.486300	-0.343600	-0.740400	-0.059100	-0.574300	-0.073600
1627307224.851281	0.491800	-0.344600	-0.750600	-0.095100	-0.559000	-0.077000
1627307224.851686	0.497800	-0.342400	-0.769200	-0.164100	-0.538500	-0.082200
1627307224.852136	0.487400	-0.337400	-0.782000	-0.209600	-0.516900	-0.083700
1627307224.852560	0.488900	-0.336200	-0.787800	-0.244800	-0.497900	-0.084000
1627307224.852964	0.503300	-0.344500	-0.789100	-0.273200	-0.483600	-0.088900
1627307224.853408	0.502100	-0.350100	-0.781100	-0.316800	-0.483600	-0.094100
1627307224.853810	0.506300	-0.352200	-0.778600	-0.344900	-0.491200	-0.103200
1627307224.854211	0.518300	-0.353900	-0.772600	-0.333900	-0.504000	-0.120700
1627307224.854656	0.522500	-0.352700	-0.780500	-0.345200	-0.522400	-0.133500
1627307224.855060	0.524500	-0.343300	-0.795200	-0.362000	-0.537600	-0.143600
1627307224.855461	0.514500	-0.323200	-0.818100	-0.372700	-0.546800	-0.145700
1627307224.855972	0.521900	-0.311300	-0.847800	-0.376400	-0.545600	-0.139300
1627307224.856483	0.537500	-0.304200	-0.867700	-0.352000	-0.536100	-0.133800
1627307224.857014	0.541100	-0.292700	-0.882100	-0.362000	-0.523000	-0.118200
1627307224.857537	0.543900	-0.280500	-0.903700	-0.398700	-0.506500	-0.097800
1627307224.857996	0.544300	-0.262500	-0.913300	-0.400800	-0.490900	-0.074200
1627307224.858461	0.532800	-0.245400	-0.894900	-0.364200	-0.476500	-0.030600
1627307224.858879	0.546000	-0.250600	-0.899000	-0.308300	-0.460300	0.017400
1627307224.859342	0.558500	-0.251300	-0.899900	-0.278000	-0.453300	0.053700
1627307224.859805	0.559200	-0.263300	-0.925900	-0.270700	-0.442900	0.092800
1627307224.860260	0.560400	-0.272200	-0.965100	-0.256100	-0.416700	0.119700
1627307224.860713	0.561000	-0.274300	-0.984700	-0.235600	-0.381500	0.141100
1627307224.861170	0.578400	-0.278200	-1.018200	-0.267100	-0.330200	0.165200
1627307224.861624	0.595600	-0.272900	-1.044600	-0.289000	-0.265800	0.191500
1627307224.862078	0.585900	-0.263400	-1.055500	-0.303100	-0.199200	0.227800
1627307224.862535	0.588700	-0.261200	-1.075700	-0.329700	-0.120100	0.271800
1627307224.862989	0.587400	-0.265900	-1.085800	-0.314700	-0.024800	0.320100
1627307224.863441	0.580100	-0.270400	-1.090000	-0.299400	0.055500	0.357600
1627307224.863893	0.576300	-0.273400	-1.096200	-0.305200	0.138300	0.390000
1627307224.864346	0.579800	-0.265100	-1.098500	-0.300000	0.226000	0.418100
1627307224.864806	0.567700	-0.244400	-1.094200	-0.318400	0.288600	0.444700
1627307224.865259	0.540900	-0.220000	-1.090300	-0.336700	0.352100	0.480100
1627307224.865714	0.527000	-0.200100	-1.077100	-0.286000	0.429700	0.528700
1627307224.866346	0.526900	-0.199500	-1.055100	-0.216700	0.487700	0.568700
1627307224.866809	0.523400	-0.205000	-1.026900	-0.190700	0.533500	0.605700
1627307224.867266	0.519200	-0.215100	-1.001600	-0.176900	0.573800	0.646300
1627307224.867704	0.517100	-0.234100	-0.990600	-0.160500	0.601000	0.670400
1627307224.868119	0.513500	-0.256100	-0.984300	-0.167500	0.625800	0.683200
1627307224.868534	0.521400	-0.280200	-0.983300	-0.192800	0.653300	0.685100
1627307224.868972	0.519700	-0.297700	-0.981600	-0.215400	0.675600	0.676800
1627307224.869395	0.514800	-0.306400	-0.977100	-0.271600	0.700900	0.660900
1627307224.869832	0.511400	-0.306800	-0.972500	-0.336100	0.738800	0.645400
1627307224.870257	0.511400	-0.306800	-0.972500	-0.336100	0.738800	0.645400
1627307224.870759	0.510900	-0.305500	-0.969600	-0.365100	0.769900	0.631900
1627307224.871225	0.511800	-0.300800	-0.962900	-0.401700	0.799600	0.624300
1627307224.871634	0.497800	-0.298300	-0.967300	-0.443600	0.830100	0.622800
1627307224.872073	0.498300	-0.307500	-0.973900	-0.458300	0.865800	0.624900
1627307224.872574	0.510500	-0.320400	-0.977800	-0.470800	0.900000	0.621200
1627307224.872985	0.510400	-0.331200	-0.976300	-0.479900	0.941000	0.611200
1627307224.873386	0.520000	-0.340600	-0.973100	-0.495800	0.979500	0.593400
1627307224.873834	0.528900	-0.343300	-0.964400	-0.501300	1.015500	0.573000
1627307224.874263	0.534200	-0.338400	-0.953200	-0.526400	1.058000	0.548200
1627307224.874730	0.540400	-0.329500	-0.951200	-0.545000	1.095800	0.531700
1627307224.875167	0.546400	-0.317600	-0.944600	-0.552900	1.136500	0.523200
1627307224.875627	0.554400	-0.305900	-0.934800	-0.581300	1.184700	0.518900
1627307224.876082	0.557600	-0.281600	-0.896100	-0.593600	1.215900	0.522300
1627307224.876818	0.563000	-0.260300	-0.831300	-0.561500	1.223800	0.533600
1627307224.877593	0.581500	-0.253900	-0.760600	-0.517500	1.201800	0.551600
1627307224.878456	0.586500	-0.259900	-0.724500	-0.480500	1.157500	0.570800
1627307224.878971	0.585200	-0.268800	-0.709600	-0.448500	1.108400	0.584900
1627307224.879394	0.584800	-0.275800	-0.692300	-0.396900	1.046300	0.595000
1627307224.879921	0.580000	-0.280500	-0.673700	-0.369100	0.977000	0.605400
1627307224.880388	0.562300	-0.294400	-0.663800	-0.351400	0.913800	0.617900
1627307224.880862	0.598300	-0.307500	-0.668500	-0.310700	0.852100	0.612700
1627307224.881325	0.565700	-0.309300	-0.666300	-0.334200	0.787300	0.617000
1627307224.881753	0.550000	-0.312000	-0.673200	-0.352900	0.743400	0.620900
1627307224.882226	0.562400	-0.324100	-0.679400	-0.286600	0.715600	0.617900
1627307224.882648	0.528600	-0.337000	-0.672700	-0.295500	0.689300	0.618200
1627307224.883069	0.543100	-0.341600	-0.672000	-0.330000	0.665200	0.617300
1627307224.883517	0.534700	-0.350200	-0.671000	-0.317800	0.649900	0.614500
1627307224.883936	0.512900	-0.369400	-0.674800	-0.347100	0.644400	0.610900
1627307224.884493	0.516100	-0.391500	-0.690400	-0.366600	0.652600	0.602900
1627307224.884963	0.516400	-0.420700	-0.707600	-0.379500	0.676200	0.585800
1627307224.885399	0.503300	-0.455000	-0.717200	-0.467100	0.716500	0.550400
1627307224.885832	0.522200	-0.471200	-0.717000	-0.564800	0.750100	0.509100
1627307224.886295	0.523700	-0.480000	-0.714500	-0.651300	0.788000	0.467000
1627307224.886717	0.510600	-0.490000	-0.724500	-0.804900	0.841400	0.411700
1627307224.887164	0.521000	-0.488200	-0.727900	-0.903900	0.879000	0.362500
1627307224.887599	0.539700	-0.473500	-0.695600	-0.954000	0.894900	0.314900
1627307224.888031	0.527300	-0.452600	-0.643300	-0.997000	0.899100	0.270300
1627307224.888476	0.564300	-0.439200	-0.621800	-1.008600	0.880800	0.231500
1627307224.888990	0.564100	-0.418300	-0.597400	-0.975700	0.853000	0.203400
1627307224.889404	0.570600	-0.382400	-0.569300	-0.946600	0.793500	0.185100
1627307224.889863	0.565900	-0.354200	-0.536700	-0.846800	0.736000	0.184500
1627307224.890276	0.587500	-0.342200	-0.517500	-0.729500	0.660300	0.189400
1627307224.890809	0.591200	-0.338300	-0.502100	-0.606700	0.559200	0.202200
1627307224.891294	0.612800	-0.337800	-0.497300	-0.528800	0.463000	0.212000
1627307224.891705	0.615500	-0.345500	-0.502900	-0.433200	0.382600	0.223000
1627307224.892149	0.633500	-0.356600	-0.517100	-0.365100	0.300800	0.231500
1627307224.892590	0.626500	-0.355300	-0.535500	-0.342200	0.231800	0.239100
1627307224.892994	0.606700	-0.350600	-0.555900	-0.325400	0.188700	0.250700
1627307224.893447	0.617300	-0.358400	-0.572000	-0.269200	0.156300	0.260500
1627307224.893850	0.630600	-0.375600	-0.579700	-0.220900	0.130700	0.262400
1627307224.894254	0.635400	-0.385900	-0.570700	-0.210900	0.107100	0.255300
1627307224.894708	0.640500	-0.393400	-0.562500	-0.202300	0.082400	0.242800
1627307224.895113	0.645600	-0.400400	-0.558200	-0.179700	0.057700	0.223300
1627307224.895516	0.648900	-0.409700	-0.559100	-0.151600	0.033800	0.201000
1627307224.895975	0.655400	-0.414800	-0.559200	-0.135700	0.003900	0.174400
1627307224.896379	0.663200	-0.412600	-0.565600	-0.134800	-0.030300	0.143800
1627307224.896784	0.658000	-0.403400	-0.572300	-0.129300	-0.053800	0.125500
1627307224.897229	0.670900	-0.394800	-0.583000	-0.103000	-0.077300	0.111200
1627307224.897635	0.683200	-0.388200	-0.592800	-0.077700	-0.102100	0.103200
1627307224.898099	0.682700	-0.371600	-0.591600	-0.086200	-0.129000	0.099600
1627307224.898525	0.680500	-0.356600	-0.589700	-0.054500	-0.159500	0.106300
1627307224.898927	0.681900	-0.354900	-0.593900	0.045400	-0.189400	0.115400
1627307224.899411	0.691000	-0.366600	-0.601800	0.107700	-0.214200	0.120900
1627307224.899908	0.698200	-0.375400	-0.604900	0.146200	-0.241700	0.119400
1627307224.900308	0.702400	-0.386800	-0.613600	0.216400	-0.268800	0.109300
1627307224.900744	0.697100	-0.398300	-0.625200	0.250400	-0.288100	0.098000
1627307224.901148	0.694100	-0.404300	-0.634900	0.255800	-0.305800	0.084900
1627307224.901548	0.689700	-0.409700	-0.649300	0.280600	-0.317400	0.069900
1627307224.901994	0.699700	-0.419600	-0.666500	0.296500	-0.322900	0.056800
1627307224.902396	0.703100	-0.427900	-0.682100	0.288800	-0.324100	0.038800
1627307224.902841	0.691500	-0.421300	-0.693000	0.251900	-0.321700	0.020100
1627307224.903244	0.681500	-0.414700	-0.701900	0.242700	-0.312800	0.010400
1627307224.903645	0.672200	-0.409400	-0.704200	0.263800	-0.303100	0.004900
1627307224.904090	0.658400	-0.410500	-0.700200	0.283000	-0.291400	0.002400
1627307224.904491	0.657300	-0.415900	-0.703000	0.311700	-0.283500	-0.001200
1627307224.904895	0.656100	-0.427100	-0.700300	0.356000	-0.278300	-0.011900
1627307224.905331	0.647700	-0.439600	-0.691200	0.403700	-0.283800	-0.030900
1627307224.905738	0.652100	-0.454700	-0.683300	0.453500	-0.293300	-0.057100
1627307224.906215	0.666400	-0.476200	-0.685200	0.495900	-0.302700	-0.091000
1627307224.906650	0.669400	-0.481100	-0.681300	0.489500	-0.316800	-0.135900
1627307224.907052	0.656600	-0.467500	-0.679200	0.479700	-0.330800	-0.174400
1627307224.907482	0.649400	-0.460400	-0.686300	0.518200	-0.333600	-0.203700
1627307224.907912	0.658400	-0.456800	-0.692700	0.538700	-0.337000	-0.227900
1627307224.908343	0.659900	-0.450700	-0.692700	0.520700	-0.344000	-0.246800
1627307224.908929	0.651700	-0.439100	-0.693800	0.508700	-0.349500	-0.257500
1627307224.909374	0.639400	-0.428300	-0.695600	0.519100	-0.354700	-0.263300
1627307224.909800	0.635900	-0.423700	-0.692900	0.556100	-0.360800	-0.263300
1627307224.910247	0.640500	-0.428500	-0.688400	0.593000	-0.369900	-0.266000
1627307224.910664	0.642800	-0.435200	-0.679900	0.622700	-0.386400	-0.273100
1627307224.911079	0.642600	-0.435200	-0.679700	0.653500	-0.407800	-0.285600
1627307224.911521	0.648700	-0.438100	-0.688600	0.678900	-0.424900	-0.299600
1627307224.911935	0.641100	-0.431500	-0.703400	0.695400	-0.436200	-0.312200
1627307224.912348	0.629300	-0.430300	-0.717300	0.719200	-0.439600	-0.323500
1627307224.912788	0.632000	-0.431500	-0.728000	0.746100	-0.434400	-0.330200
1627307224.913203	0.625700	-0.431000	-0.731000	0.744500	-0.427400	-0.335100
1627307224.913652	0.618700	-0.434100	-0.730700	0.744200	-0.416100	-0.337800
1627307224.914065	0.621700	-0.440600	-0.730200	0.758900	-0.404800	-0.343300
1627307224.914480	0.627900	-0.447600	-0.723500	0.745200	-0.398300	-0.354600
1627307224.914921	0.619400	-0.455900	-0.732700	0.718600	-0.387000	-0.370200
1627307224.915337	0.618700	-0.451200	-0.727300	0.714000	-0.373900	-0.390700
1627307224.915751	0.615400	-0.448400	-0.717200	0.711900	-0.357400	-0.404400
1627307224.916189	0.618400	-0.450400	-0.713300	0.683500	-0.336600	-0.422700
1627307224.916609	0.624300	-0.447400	-0.716200	0.662400	-0.317100	-0.440100
1627307224.917025	0.619300	-0.441400	-0.718400	0.618700	-0.303700	-0.454800
1627307224.917465	0.614100	-0.422700	-0.700000	0.589100	-0.292400	-0.466400
1627307224.917921	0.615100	-0.424800	-0.689100	0.593400	-0.286600	-0.466400
1627307224.919692	0.629300	-0.430100	-0.672900	0.588800	-0.289600	-0.466700
1627307224.920092	0.638500	-0.433200	-0.646100	0.597000	-0.312500	-0.471000
1627307224.920492	0.648400	-0.435900	-0.633900	0.621100	-0.343700	-0.477700
1627307224.922348	0.646700	-0.438400	-0.624600	0.638900	-0.383100	-0.485300
1627307224.922755	0.649800	-0.438800	-0.633500	0.665100	-0.439900	-0.497000
1627307224.923194	0.652300	-0.441800	-0.650300	0.708200	-0.490600	-0.504900
1627307224.924855	0.648900	-0.449300	-0.672600	0.735700	-0.529700	-0.514700
1627307224.925279	0.642600	-0.453500	-0.708000	0.766500	-0.558700	-0.526600
1627307224.925721	0.637500	-0.457800	-0.743400	0.800100	-0.563300	-0.540000
1627307224.927807	0.632900	-0.460600	-0.767300	0.821200	-0.549500	-0.553800
1627307224.928221	0.635300	-0.451000	-0.790600	0.815100	-0.525400	-0.564100
1627307224.928625	0.607300	-0.437100	-0.801900	0.807200	-0.486000	-0.560500
1627307224.929080	0.607200	-0.436800	-0.806900	0.839200	-0.439300	-0.554400
1627307224.929556	0.613000	-0.449700	-0.791600	0.869800	-0.383400	-0.552800
1627307224.931655	0.610600	-0.464200	-0.771700	0.871000	-0.341800	-0.552200
1627307224.932060	0.612500	-0.480600	-0.745600	0.899700	-0.310100	-0.564500
1627307224.932475	0.588400	-0.498400	-0.714600	0.889000	-0.291800	-0.581900
1627307224.932899	0.594200	-0.511000	-0.693400	0.860900	-0.294200	-0.610900
1627307224.935409	0.588000	-0.524900	-0.679300	0.882300	-0.305800	-0.645400
1627307224.935817	0.590800	-0.534300	-0.666400	0.880500	-0.327500	-0.690900
1627307224.936255	0.595200	-0.531000	-0.660300	0.848100	-0.362300	-0.741900
1627307224.936663	0.578600	-0.513400	-0.666900	0.831300	-0.387400	-0.781000
1627307224.938775	0.565700	-0.493700	-0.683000	0.829500	-0.405100	-0.808200
1627307224.939180	0.564300	-0.480000	-0.695600	0.846900	-0.416700	-0.823800
1627307224.939627	0.558700	-0.469500	-0.698500	0.886900	-0.417600	-0.830800
1627307224.940032	0.551400	-0.463000	-0.698500	0.911000	-0.418500	-0.831700
1627307224.940437	0.553600	-0.457200	-0.702900	0.923500	-0.413000	-0.829900
1627307224.942549	0.562600	-0.452800	-0.707500	0.936700	-0.406000	-0.824400
1627307224.942988	0.553500	-0.444200	-0.702300	0.935100	-0.396500	-0.814300
1627307224.944663	0.556300	-0.442900	-0.695300	0.940000	-0.387000	-0.794400
1627307224.945136	0.563700	-0.448600	-0.681200	0.974200	-0.382800	-0.777000
1627307224.945573	0.573400	-0.463300	-0.659500	0.993800	-0.392800	-0.757200
1627307224.945977	0.582200	-0.481600	-0.628400	1.015800	-0.423700	-0.737900
1627307224.947658	0.588300	-0.495500	-0.616700	1.058500	-0.457000	-0.729400
1627307224.948073	0.597700	-0.504500	-0.615000	1.075300	-0.502200	-0.726300
1627307224.949399	0.582600	-0.497100	-0.626000	1.053900	-0.556900	-0.720500
1627307224.949804	0.572400	-0.495800	-0.643600	1.097900	-0.588000	-0.712600
1627307224.950252	0.594200	-0.507800	-0.685100	1.140400	-0.601500	-0.712600
1627307224.950657	0.590000	-0.494600	-0.689600	1.131500	-0.617000	-0.716900
1627307224.953223	0.609500	-0.476800	-0.699600	1.138200	-0.620400	-0.717200
1627307224.953681	0.599700	-0.460900	-0.707800	1.133400	-0.612100	-0.709800
1627307224.954087	0.600000	-0.445300	-0.723500	1.108300	-0.589200	-0.695200
1627307224.954493	0.609300	-0.433700	-0.726000	1.120800	-0.559300	-0.677800
1627307224.956621	0.601300	-0.426800	-0.717200	1.109500	-0.527500	-0.659100
1627307224.957023	0.616200	-0.423200	-0.709600	1.058200	-0.498200	-0.636800
1627307224.957459	0.606600	-0.418600	-0.699800	1.006300	-0.471300	-0.612100
1627307224.957862	0.591700	-0.405300	-0.684200	0.922300	-0.461300	-0.585800
1627307224.959954	0.588400	-0.408600	-0.676100	0.896000	-0.456100	-0.551300
1627307224.960360	0.584800	-0.431500	-0.658600	0.878900	-0.462200	-0.522600
1627307224.960807	0.600200	-0.459800	-0.660300	0.844400	-0.480500	-0.506400
1627307224.961215	0.579600	-0.491500	-0.671300	0.790700	-0.499800	-0.507000
1627307224.963393	0.586700	-0.515300	-0.695600	0.725600	-0.518100	-0.523500
1627307224.963799	0.570100	-0.532300	-0.723900	0.670600	-0.521700	-0.547300
1627307224.964234	0.572500	-0.543300	-0.748800	0.624500	-0.508900	-0.584000
1627307224.964636	0.578200	-0.555500	-0.786900	0.588200	-0.472900	-0.633800
1627307224.966737	0.600200	-0.554800	-0.817300	0.519100	-0.423100	-0.687200
1627307224.967144	0.584800	-0.531700	-0.849700	0.419600	-0.357700	-0.733700
1627307224.967573	0.582400	-0.501800	-0.867400	0.331000	-0.276200	-0.774900
1627307224.967998	0.573100	-0.476700	-0.866200	0.272300	-0.206200	-0.795100
1627307224.968403	0.576400	-0.453900	-0.863500	0.232600	-0.131700	-0.807000
1627307224.970905	0.581500	-0.426900	-0.835100	0.208500	-0.065100	-0.805700
1627307224.971353	0.590300	-0.405400	-0.797200	0.201800	-0.027900	-0.794400
1627307224.971760	0.601100	-0.400500	-0.774700	0.248200	-0.001300	-0.776100
1627307224.972165	0.610600	-0.409500	-0.758400	0.321200	0.020400	-0.758700
1627307224.973869	0.630200	-0.408400	-0.742900	0.338900	0.027700	-0.752600
1627307224.974275	0.642000	-0.398100	-0.720100	0.376200	0.027400	-0.748600
1627307224.974727	0.658200	-0.372100	-0.663700	0.421400	0.001200	-0.731500
1627307224.976809	0.671500	-0.350200	-0.631300	0.457400	-0.034600	-0.708300
1627307224.977299	0.676000	-0.338300	-0.607200	0.531000	-0.083400	-0.678700
1627307224.977705	0.672200	-0.340900	-0.596400	0.602500	-0.144500	-0.635900
1627307224.979427	0.677400	-0.353400	-0.614400	0.621500	-0.187300	-0.605100
1627307224.979833	0.680100	-0.369500	-0.643600	0.631800	-0.217800	-0.579700
1627307224.980239	0.678600	-0.383500	-0.677000	0.594000	-0.234600	-0.562000
1627307224.980678	0.686400	-0.392500	-0.705400	0.541400	-0.235200	-0.548600
1627307224.982784	0.691000	-0.389600	-0.726100	0.491600	-0.217800	-0.547000
1627307224.983192	0.711500	-0.377900	-0.745100	0.428700	-0.192800	-0.542200
1627307224.983597	0.711100	-0.362300	-0.764200	0.379200	-0.160400	-0.533900
1627307224.984042	0.732300	-0.352700	-0.783600	0.357300	-0.119200	-0.523800
1627307224.986059	0.731700	-0.337600	-0.791100	0.314200	-0.061500	-0.500300
1627307224.986465	0.753500	-0.325000	-0.796800	0.294300	-0.008900	-0.473100
1627307224.986871	0.752300	-0.314800	-0.802000	0.288200	0.041500	-0.438900
1627307224.987275	0.739100	-0.306300	-0.801400	0.267800	0.098900	-0.390400
1627307224.987687	0.749900	-0.307100	-0.789300	0.313300	0.163300	0.000000
1627307226.861377	0.634300	-0.402800	-0.540300	0.254000	0.210100	-0.332600
1627307226.883200	0.683000	-0.428500	-0.659500	0.216400	-0.159800	-0.063800
1627307226.895151	0.674400	-0.434800	-0.657200	0.224100	-0.141800	-0.055300
1627307226.896042	0.671500	-0.439100	-0.651500	0.241500	-0.127700	-0.051900
1627307226.903632	0.664400	-0.448900	-0.639600	0.266200	-0.118900	-0.050400
1627307226.926902	0.661700	-0.463000	-0.628400	0.290100	-0.116700	-0.053200
1627307226.937708	0.661100	-0.479600	-0.620000	0.303500	-0.120100	-0.062000
1627307226.938602	0.664200	-0.494000	-0.610200	0.308700	-0.128000	-0.079400
1627307226.947593	0.663900	-0.504600	-0.603400	0.290700	-0.141200	-0.108100
1627307226.970639	0.660400	-0.500600	-0.602700	0.263800	-0.157400	-0.136800
1627307226.975255	0.661000	-0.491800	-0.604600	0.254900	-0.175100	-0.161900
1627307226.976150	0.658700	-0.480100	-0.616100	0.243900	-0.193400	-0.188200
1627307226.987139	0.658400	-0.472300	-0.626000	0.235100	-0.204400	-0.198500
1627307226.991170	0.658600	-0.462400	-0.636200	0.238700	-0.209600	-0.207700
1627307227.015103	0.676400	-0.455200	-0.656100	0.255500	-0.205900	-0.215600
1627307227.016020	0.673500	-0.449800	-0.670000	0.244200	-0.201300	-0.217800
1627307227.025966	0.667700	-0.436400	-0.678000	0.233600	-0.191600	-0.213200
1627307227.034929	0.668900	-0.433300	-0.677600	0.273300	-0.174500	-0.205000
1627307227.059022	0.672900	-0.446500	-0.674400	0.322400	-0.160400	-0.198200
1627307227.059937	0.673300	-0.455700	-0.664400	0.325800	-0.152500	-0.194900
1627307227.069676	0.677200	-0.467500	-0.655400	0.350500	-0.146700	-0.197300
1627307227.074638	0.679200	-0.477900	-0.646400	0.391500	-0.144800	-0.203100
1627307227.079313	0.672700	-0.496600	-0.649400	0.391500	-0.143900	-0.208600
1627307227.103447	0.670400	-0.511100	-0.658800	0.383800	-0.139300	-0.225100
1627307227.106999	0.659100	-0.521000	-0.646600	0.410700	-0.132900	-0.241900
1627307227.114441	0.665300	-0.540200	-0.643200	0.432400	-0.122200	-0.261500
1627307227.121903	0.660000	-0.549000	-0.614400	0.437900	-0.121600	-0.287700
1627307227.147324	0.656000	-0.558200	-0.601700	0.438200	-0.123200	-0.317400
1627307227.149559	0.647000	-0.562900	-0.581800	0.458000	-0.129900	-0.345200
1627307227.159630	0.637000	-0.573400	-0.583000	0.460500	-0.137800	-0.376300
1627307227.165633	0.628900	-0.581200	-0.576500	0.469300	-0.156700	-0.413000
1627307227.187693	0.623400	-0.598500	-0.583900	0.484900	-0.170200	-0.449300
1627307227.188502	0.616900	-0.619000	-0.605500	0.473900	-0.180300	-0.500600
1627307227.194583	0.629000	-0.631200	-0.638100	0.429900	-0.175400	-0.560800
1627307227.204301	0.625000	-0.616200	-0.669300	0.361500	-0.162200	-0.616400
1627307227.226329	0.590000	-0.579600	-0.662000	0.318500	-0.135700	-0.658800
1627307227.227225	0.591300	-0.546400	-0.657100	0.348400	-0.099600	-0.686900
1627307227.230058	0.588100	-0.537200	-0.656400	0.423500	-0.068200	-0.701600
1627307227.251928	0.594600	-0.523800	-0.636600	0.433300	-0.051400	-0.714700
1627307227.254434	0.607200	-0.502300	-0.617900	0.432700	-0.055000	-0.724200
1627307227.269541	0.611000	-0.492100	-0.601600	0.487100	-0.071800	-0.727200
1627307227.274457	0.615200	-0.485000	-0.571700	0.563400	-0.103600	-0.730600
1627307227.294903	0.617200	-0.485100	-0.554800	0.645000	-0.155200	-0.737900
1627307227.298237	0.622800	-0.491300	-0.532700	0.729600	-0.209600	-0.745900
1627307227.307039	0.631000	-0.491200	-0.514000	0.800400	-0.278900	-0.759900
1627307227.314289	0.632600	-0.482200	-0.479200	0.902500	-0.383100	-0.775800
1627307227.338585	0.640000	-0.476700	-0.475800	0.976400	-0.469200	-0.787700
1627307227.339789	0.639500	-0.469600	-0.489000	1.026500	-0.556300	-0.796300
1627307227.364786	0.631700	-0.453400	-0.505000	1.083600	-0.652200	-0.800600
1627307227.367030	0.631600	-0.452100	-0.524900	1.151400	-0.712000	-0.802100
1627307227.368235	0.642200	-0.460100	-0.554200	1.187400	-0.757500	-0.804500
1627307227.383366	0.646500	-0.457000	-0.591600	1.159600	-0.796900	-0.812200
1627307227.385551	0.636600	-0.441300	-0.613300	1.122100	-0.808800	-0.811200
1627307227.414807	0.628100	-0.423200	-0.631500	1.090600	-0.805200	-0.803000
1627307227.415631	0.626200	-0.403000	-0.638300	1.087800	-0.791700	-0.778900
1627307227.417270	0.629200	-0.394700	-0.632700	1.105300	-0.778900	-0.751700
1627307227.426818	0.640600	-0.400500	-0.622400	1.125400	-0.771600	-0.727200
1627307227.446973	0.649500	-0.409900	-0.608600	1.128200	-0.776800	-0.708000
1627307227.448196	0.654500	-0.408900	-0.594700	1.116900	-0.791400	-0.696100
1627307227.460735	0.651500	-0.404800	-0.591300	1.112000	-0.809800	-0.685700
1627307227.464314	0.639400	-0.399800	-0.593000	1.111400	-0.832700	-0.668600
1627307227.488854	0.631800	-0.401500	-0.599400	1.112600	-0.851600	-0.650600
1627307227.489807	0.632700	-0.408400	-0.601000	1.129700	-0.868400	-0.635300
1627307227.493146	0.634500	-0.419600	-0.601000	1.128200	-0.888300	-0.624300
1627307227.505653	0.638500	-0.426500	-0.604700	1.098800	-0.909000	-0.617300
1627307227.506545	0.638700	-0.430800	-0.609500	1.073800	-0.925500	-0.617000
1627307227.531184	0.636400	-0.433700	-0.625500	1.035900	-0.943500	-0.615500
1627307227.533301	0.633900	-0.435500	-0.640400	1.002300	-0.954800	-0.615200
1627307227.547442	0.639300	-0.437600	-0.656500	0.985200	-0.957600	-0.617600
1627307227.562782	0.643700	-0.439500	-0.677000	0.955300	-0.954500	-0.620300
1627307227.563683	0.648900	-0.434900	-0.703400	0.912800	-0.941100	-0.624900
1627307227.580807	0.649200	-0.432000	-0.726200	0.885300	-0.919100	-0.626800
1627307227.597622	0.644500	-0.423500	-0.747100	0.853900	-0.885500	-0.624300
1627307227.598532	0.645300	-0.419200	-0.766700	0.817800	-0.840000	-0.617600
1627307227.605884	0.645500	-0.417800	-0.776900	0.796200	-0.795700	-0.607200
1627307227.616142	0.641600	-0.412800	-0.782800	0.763500	-0.746500	-0.592900
1627307227.640159	0.641400	-0.412800	-0.781100	0.736300	-0.691000	-0.573900
1627307227.641051	0.639500	-0.418800	-0.776200	0.723500	-0.648500	-0.561400
1627307227.643219	0.635100	-0.428300	-0.763500	0.708500	-0.612100	-0.550100
1627307227.647385	0.640700	-0.448600	-0.748500	0.704800	-0.577300	-0.547700
1627307227.671594	0.643700	-0.466800	-0.736100	0.710900	-0.560200	-0.554400
1627307227.672486	0.638500	-0.479400	-0.725500	0.682200	-0.553500	-0.569300
1627307227.683344	0.632600	-0.486900	-0.721300	0.625100	-0.552300	-0.591000
1627307227.689984	0.626800	-0.486200	-0.725300	0.612900	-0.546800	-0.612700
1627307227.715230	0.619400	-0.481700	-0.733800	0.594600	-0.537300	-0.629500
1627307227.722597	0.613600	-0.467700	-0.744300	0.568000	-0.515900	-0.644200
1627307227.723525	0.616600	-0.453000	-0.747300	0.558200	-0.491200	-0.650000
1627307227.732088	0.614500	-0.441400	-0.746500	0.529200	-0.467700	-0.643600
1627307227.736093	0.612900	-0.430100	-0.739500	0.506600	-0.439600	-0.628000
1627307227.762259	0.623200	-0.430800	-0.735400	0.528900	-0.414800	-0.611500
1627307227.763328	0.623400	-0.438200	-0.723500	0.540500	-0.395300	-0.597100
1627307227.773313	0.625700	-0.448500	-0.709800	0.520700	-0.384300	-0.585500
1627307227.780624	0.623800	-0.454000	-0.697500	0.526800	-0.377300	-0.580600
1627307227.803597	0.626200	-0.452900	-0.693000	0.533500	-0.372700	-0.578200
1627307227.804778	0.636800	-0.451900	-0.688100	0.529800	-0.375100	-0.575100
1627307227.812049	0.637900	-0.443700	-0.683700	0.530100	-0.378500	-0.570900
1627307227.825579	0.639900	-0.435100	-0.679100	0.533500	-0.383400	-0.562900
1627307227.846116	0.645600	-0.430100	-0.681800	0.539300	-0.385500	-0.549500
1627307227.846930	0.646100	-0.426500	-0.686000	0.542000	-0.387000	-0.533000
1627307227.857076	0.642700	-0.422700	-0.689100	0.534700	-0.383400	-0.514400
1627307227.867015	0.651200	-0.423000	-0.692400	0.542300	-0.372100	-0.494500
1627307227.885499	0.655300	-0.423800	-0.694800	0.551500	-0.358900	-0.477100
1627307227.886402	0.660200	-0.426600	-0.697300	0.542700	-0.348600	-0.464300
1627307227.900017	0.662500	-0.431000	-0.697800	0.537800	-0.334200	-0.454800
1627307227.913239	0.665500	-0.432900	-0.697100	0.532000	-0.319200	-0.448700
1627307227.914761	0.667500	-0.435800	-0.700000	0.518500	-0.305500	-0.443200
1627307227.928190	0.665400	-0.431500	-0.704300	0.508400	-0.285900	-0.437400
1627307227.946477	0.663000	-0.428700	-0.707900	0.490400	-0.260900	-0.428500
1627307227.947370	0.656100	-0.423200	-0.709200	0.478500	-0.238600	-0.416000
1627307227.957175	0.647200	-0.419300	-0.702900	0.467500	-0.216000	-0.399500
1627307227.963648	0.652300	-0.423500	-0.696500	0.475800	-0.198000	-0.383600
1627307227.985198	0.658200	-0.428100	-0.687900	0.473600	-0.188800	-0.374500
1627307227.986088	0.649500	-0.425400	-0.677500	0.455300	-0.184500	-0.365600
1627307227.993501	0.640300	-0.423300	-0.666600	0.463800	-0.175100	-0.356800
1627307228.003530	0.645400	-0.427900	-0.663100	0.472700	-0.172600	-0.351000
1627307228.029230	0.647600	-0.428600	-0.660900	0.460800	-0.174200	-0.347300
1627307228.032593	0.643200	-0.425000	-0.660000	0.438800	-0.180300	-0.339300
1627307228.033520	0.642000	-0.427400	-0.663100	0.428700	-0.184500	-0.332900
1627307228.044409	0.642000	-0.432700	-0.675300	0.410700	-0.188800	-0.327400
1627307228.047513	0.630400	-0.434900	-0.688100	0.376500	-0.191600	-0.322200
1627307228.072549	0.627400	-0.439800	-0.696500	0.374100	-0.185200	-0.318000
1627307228.073367	0.634400	-0.446200	-0.702600	0.385000	-0.176900	-0.318000
1627307228.081998	0.633500	-0.446000	-0.703500	0.378900	-0.163500	-0.321600
1627307228.094412	0.631200	-0.439100	-0.698500	0.376200	-0.150900	-0.323200
1627307228.117482	0.632600	-0.433100	-0.695700	0.383800	-0.138100	-0.322200
1627307228.118370	0.629000	-0.426900	-0.693800	0.388100	-0.129300	-0.317100
1627307228.122010	0.627100	-0.425800	-0.689100	0.389300	-0.120100	-0.311200
1627307228.136875	0.633500	-0.428300	-0.688600	0.384700	-0.115800	-0.306100
1627307228.137764	0.632300	-0.430400	-0.686400	0.364300	-0.109400	-0.302100
1627307228.160889	0.636700	-0.433300	-0.688500	0.342000	-0.102700	-0.299000
1627307228.172709	0.639200	-0.437600	-0.691300	0.319700	-0.096900	-0.299900
1627307228.173625	0.637900	-0.432100	-0.689100	0.292800	-0.088300	-0.299300
1627307228.182467	0.642600	-0.424200	-0.685900	0.262600	-0.081300	-0.298700
1627307228.207396	0.649700	-0.414900	-0.681900	0.251300	-0.076100	-0.295700
1627307228.209422	0.644000	-0.402000	-0.673700	0.238400	-0.074000	-0.285900
1627307228.210564	0.642100	-0.387800	-0.662700	0.239700	-0.074300	-0.270900
1627307228.225649	0.645300	-0.383800	-0.654800	0.269900	-0.076100	-0.255000
1627307228.228056	0.648600	-0.384000	-0.652000	0.278100	-0.083400	-0.238900
1627307228.247338	0.645000	-0.385300	-0.657600	0.258600	-0.090200	-0.221800
1627307228.250814	0.644200	-0.387500	-0.667400	0.259200	-0.094100	-0.208900
1627307228.257423	0.646600	-0.390400	-0.676900	0.261000	-0.093200	-0.197600
1627307228.285274	0.649000	-0.397200	-0.683200	0.229600	-0.090500	-0.190300
1627307228.286175	0.652100	-0.396000	-0.685900	0.210600	-0.085000	-0.185400
1627307228.293259	0.656100	-0.392700	-0.686200	0.192900	-0.077000	-0.182400
1627307228.297378	0.656100	-0.388300	-0.687600	0.167000	-0.068500	-0.178400
1627307228.321447	0.656100	-0.381100	-0.690600	0.146200	-0.061500	-0.170400
1627307228.322143	0.655900	-0.371900	-0.693600	0.129400	-0.050800	-0.161900
1627307228.331976	0.663600	-0.365200	-0.698400	0.117200	-0.034000	-0.149400
1627307228.338757	0.667400	-0.359400	-0.697100	0.116900	-0.012300	-0.136800
1627307228.361595	0.664200	-0.351800	-0.694100	0.106800	0.010000	-0.119400
1627307228.371425	0.667600	-0.348500	-0.689600	0.090300	0.040300	-0.095900
1627307228.372344	0.679700	-0.355700	-0.683600	0.089700	0.062900	-0.078800
1627307228.380927	0.684700	-0.361800	-0.673500	0.062800	0.079700	-0.066000
1627307228.402116	0.686300	-0.366600	-0.660300	0.008800	0.095200	-0.050400
1627307228.410054	0.693400	-0.373900	-0.654200	-0.025100	0.106500	-0.042800
1627307228.410947	0.700400	-0.372600	-0.644200	-0.056000	0.112000	-0.035100
1627307228.418730	0.705100	-0.368200	-0.636000	-0.112500	0.111400	-0.026000
1627307228.441781	0.706400	-0.360400	-0.630600	-0.144300	0.109900	-0.015600
1627307228.452779	0.705900	-0.352500	-0.628500	-0.157700	0.105900	0.000300
1627307228.453680	0.708000	-0.345800	-0.629600	-0.161400	0.101300	0.020100
1627307228.463692	0.706800	-0.343000	-0.629500	-0.164400	0.095800	0.043700
1627307228.488027	0.708900	-0.345300	-0.637900	-0.163800	0.093100	0.062000
1627307228.488919	0.710800	-0.350200	-0.650500	-0.169900	0.090700	0.085200
1627307228.492083	0.707500	-0.353300	-0.661600	-0.186700	0.093400	0.102000
1627307228.501983	0.706100	-0.357200	-0.672100	-0.192800	0.102000	0.115400
1627307228.509314	0.706500	-0.361100	-0.682900	-0.202000	0.121200	0.127400
1627307228.532440	0.705300	-0.360600	-0.691700	-0.228600	0.140400	0.137400
1627307228.534557	0.698200	-0.356700	-0.695600	-0.257900	0.164000	0.146300
1627307228.545636	0.699500	-0.346200	-0.692900	-0.264300	0.188100	0.160900
1627307228.553402	0.694200	-0.338500	-0.664800	-0.250600	0.204900	0.179600
1627307228.571272	0.702900	-0.354100	-0.675200	-0.249300	0.218000	0.192700
1627307228.572164	0.704600	-0.355500	-0.679100	-0.279000	0.227500	0.196700
1627307228.587324	0.693500	-0.354200	-0.690100	-0.294200	0.240000	0.205200
1627307228.600594	0.693400	-0.348900	-0.690300	-0.297300	0.257100	0.208900
1627307228.612662	0.692500	-0.335400	-0.678600	-0.312300	0.274500	0.219900
1627307228.613561	0.693400	-0.315700	-0.658000	-0.339400	0.284000	0.237600
1627307228.617503	0.702300	-0.301500	-0.644300	-0.328700	0.289500	0.258400
1627307228.649845	0.700800	-0.293800	-0.631300	-0.316500	0.283400	0.285000
1627307228.650673	0.688500	-0.297900	-0.628900	-0.310400	0.270900	0.319200
1627307228.651886	0.682000	-0.310200	-0.618000	-0.277400	0.262600	0.340500
1627307228.663072	0.723100	-0.316400	-0.617800	-0.282300	0.241200	0.350600
1627307228.687616	0.691800	-0.301900	-0.614000	-0.354100	0.210400	0.375400
1627307228.688431	0.666000	-0.285800	-0.617900	-0.384000	0.194800	0.409600
1627307228.692025	0.665500	-0.290800	-0.630400	-0.329100	0.189900	0.445300
1627307228.706883	0.662400	-0.318700	-0.645000	-0.319000	0.189000	0.483800
1627307228.707784	0.674700	-0.331800	-0.656400	-0.377300	0.187500	0.506100
1627307228.735829	0.669100	-0.339500	-0.674100	-0.423100	0.193300	0.527500
1627307228.740278	0.651700	-0.334800	-0.691800	-0.520600	0.213700	0.551000
1627307228.741179	0.632400	-0.346300	-0.739700	-0.588100	0.260200	0.576900
1627307228.742354	0.634000	-0.361300	-0.786700	-0.636900	0.330100	0.591900
1627307228.765741	0.629600	-0.363000	-0.788200	-0.720900	0.420200	0.606900
1627307228.769676	0.624400	-0.360000	-0.762100	-0.803100	0.482200	0.624000
1627307228.785044	0.628300	-0.360400	-0.727800	-0.831200	0.539000	0.639600
1627307228.788095	0.635100	-0.371600	-0.678200	-0.854100	0.580300	0.656100
1627307228.810024	0.634900	-0.377900	-0.646600	-0.883400	0.587900	0.668900
1627307228.811002	0.637800	-0.391100	-0.626100	-0.880100	0.577800	0.678700
1627307228.820761	0.650100	-0.417200	-0.608600	-0.849500	0.548800	0.680200
1627307228.830748	0.662200	-0.440200	-0.606000	-0.855900	0.510000	0.675600
1627307228.853697	0.671800	-0.460200	-0.616700	-0.880100	0.466600	0.663400
1627307228.854557	0.676800	-0.475800	-0.640400	-0.884600	0.423900	0.645400
1627307228.865909	0.691200	-0.481700	-0.663900	-0.886800	0.392700	0.626100
1627307228.874522	0.682700	-0.478600	-0.686200	-0.898400	0.374400	0.613900
1627307228.890271	0.676800	-0.468000	-0.706800	-0.890100	0.369800	0.603800
1627307228.891167	0.678500	-0.458700	-0.727800	-0.857100	0.374400	0.600200
1627307228.901334	0.668100	-0.448600	-0.734100	-0.824200	0.386300	0.600500
1627307228.918274	0.667500	-0.446200	-0.762900	-0.811300	0.404000	0.608400
1627307228.919854	0.648100	-0.439300	-0.788000	-0.805800	0.440700	0.617000
1627307228.928444	0.639400	-0.429600	-0.807000	-0.796100	0.489200	0.627700
1627307228.948886	0.618300	-0.413500	-0.809000	-0.795100	0.552800	0.648100
1627307228.949779	0.604600	-0.397300	-0.784900	-0.773800	0.617200	0.675900
1627307228.958545	0.602800	-0.395100	-0.750500	-0.724900	0.667300	0.701600
1627307228.968778	0.601300	-0.400100	-0.699300	-0.709000	0.696000	0.730000
1627307228.979656	0.595300	-0.408400	-0.649000	-0.706000	0.700600	0.755300
1627307228.994791	0.599200	-0.430700	-0.610200	-0.656800	0.684700	0.764500
1627307228.999388	0.612800	-0.461700	-0.578000	-0.626900	0.647100	0.754700
1627307229.024850	0.625200	-0.483000	-0.556600	-0.676000	0.581200	0.726300
1627307229.025760	0.633100	-0.487300	-0.556900	-0.726700	0.519800	0.691800
1627307229.028257	0.636100	-0.476900	-0.572800	-0.749600	0.466900	0.652400
1627307229.043230	0.629300	-0.453200	-0.597700	-0.798500	0.423900	0.619100
1627307229.044124	0.636000	-0.426600	-0.626600	-0.830900	0.404300	0.604400
1627307229.069695	0.643300	-0.400100	-0.647600	-0.828700	0.400100	0.602600
1627307229.078825	0.640100	-0.375600	-0.664700	-0.844300	0.406200	0.616300
1627307229.079522	0.642500	-0.360400	-0.678500	-0.858400	0.415600	0.639000
1627307229.086318	0.653200	-0.355200	-0.684200	-0.844900	0.431800	0.664600
1627307229.110612	0.655800	-0.360100	-0.690400	-0.848900	0.451100	0.697900
1627307229.120289	0.649400	-0.364400	-0.693700	-0.873600	0.465100	0.719300
1627307229.121207	0.657700	-0.371900	-0.694000	-0.870900	0.478200	0.736700
1627307229.131352	0.662000	-0.380100	-0.688800	-0.877900	0.488000	0.753800
1627307229.149578	0.652700	-0.384300	-0.685200	-0.890100	0.490500	0.766900
1627307229.150963	0.649400	-0.388800	-0.684200	-0.882500	0.492000	0.777900
1627307229.166527	0.654200	-0.398200	-0.680900	-0.859300	0.489900	0.788600
1627307229.169325	0.650100	-0.408300	-0.675000	-0.855300	0.481000	0.793800
1627307229.192209	0.647300	-0.415900	-0.674000	-0.857800	0.473400	0.797200
1627307229.193151	0.644400	-0.422400	-0.673800	-0.835500	0.466900	0.795600
1627307229.201853	0.637300	-0.427200	-0.678300	-0.837900	0.465400	0.795300
1627307229.210418	0.630900	-0.427000	-0.680400	-0.847400	0.468500	0.793800
1627307229.211213	0.628400	-0.427700	-0.676800	-0.840000	0.475500	0.795000
1627307229.236846	0.625700	-0.430500	-0.673100	-0.842500	0.480700	0.797500
1627307229.250458	0.621200	-0.436600	-0.669600	-0.848000	0.488300	0.799300
1627307229.266796	0.622400	-0.450700	-0.671100	-0.846200	0.493200	0.797200
1627307229.270158	0.626300	-0.467300	-0.668100	-0.856200	0.496600	0.786500
1627307229.271010	0.619000	-0.476000	-0.662800	-0.889500	0.492600	0.775500
1627307229.281029	0.618300	-0.479900	-0.659800	-0.911200	0.485300	0.760500
1627307229.304361	0.623800	-0.483300	-0.656400	-0.907800	0.475800	0.741300
1627307229.307555	0.626200	-0.479500	-0.653400	-0.910000	0.462100	0.725400
1627307229.320097	0.623300	-0.471800	-0.653900	-0.906300	0.447700	0.711000
1627307229.321022	0.625500	-0.462400	-0.653400	-0.874600	0.433700	0.699400
1627307229.326383	0.624000	-0.458400	-0.656600	-0.847400	0.420200	0.694800
1627307229.352715	0.623800	-0.458700	-0.658800	-0.818100	0.407700	0.693900
1627307229.353611	0.624600	-0.464400	-0.667000	-0.786000	0.399700	0.690300
1627307229.360999	0.631500	-0.471100	-0.676300	-0.775900	0.397000	0.685700
1627307229.372580	0.630000	-0.471600	-0.682600	-0.775300	0.397300	0.678000
1627307229.387856	0.631800	-0.468600	-0.683000	-0.770700	0.401600	0.667400
1627307229.388750	0.629800	-0.465600	-0.676400	-0.763100	0.406200	0.662200
1627307229.399894	0.626500	-0.458900	-0.675700	-0.751200	0.415000	0.660000
1627307229.406272	0.637500	-0.458400	-0.666100	-0.736500	0.426000	0.659400
1627307229.431473	0.635100	-0.455100	-0.660400	-0.733100	0.428800	0.664300
1627307229.432363	0.622100	-0.452100	-0.645500	-0.723700	0.427200	0.674400
1627307229.438727	0.622600	-0.461800	-0.629000	-0.677200	0.422000	0.686000
1627307229.462254	0.629500	-0.479100	-0.620700	-0.646700	0.407100	0.688700
1627307229.463318	0.625900	-0.490700	-0.611100	-0.633600	0.387200	0.685100
1627307229.467146	0.629400	-0.499300	-0.611600	-0.614300	0.361600	0.672500
1627307229.480622	0.626600	-0.502000	-0.610800	-0.609700	0.339300	0.658500
1627307229.481555	0.619000	-0.505100	-0.613200	-0.600900	0.320300	0.645100
1627307229.503591	0.615000	-0.506600	-0.615800	-0.559700	0.304500	0.631300
1627307229.507094	0.617700	-0.510500	-0.616700	-0.537400	0.291300	0.616300
1627307229.522105	0.615500	-0.510000	-0.612500	-0.545300	0.276700	0.603800
1627307229.524435	0.619000	-0.508800	-0.613000	-0.534000	0.261400	0.587600
1627307229.547134	0.623200	-0.512500	-0.613800	-0.517800	0.245500	0.572700
1627307229.549547	0.619600	-0.517100	-0.618500	-0.525800	0.232400	0.557100
1627307229.566879	0.615600	-0.520800	-0.624100	-0.520600	0.217700	0.537200
1627307229.579208	0.612300	-0.522600	-0.628500	-0.501300	0.211000	0.516800
1627307229.580096	0.615000	-0.531700	-0.646400	-0.507700	0.207600	0.499700
1627307229.592726	0.614700	-0.528800	-0.661900	-0.538600	0.205800	0.473400
1627307229.608349	0.601100	-0.514600	-0.643200	-0.526700	0.197600	0.456600
1627307229.609811	0.611200	-0.523200	-0.646100	-0.497300	0.192700	0.439200
1627307229.624958	0.625700	-0.524900	-0.647800	-0.471400	0.178300	0.414200
1627307229.628279	0.637600	-0.526700	-0.662700	-0.457600	0.166400	0.385100
1627307229.649984	0.636800	-0.513500	-0.668100	-0.446600	0.153300	0.360700
1627307229.650805	0.627900	-0.495500	-0.664800	-0.416700	0.138900	0.347900
1627307229.662232	0.626000	-0.486900	-0.667200	-0.360800	0.126700	0.343900
1627307229.671994	0.657500	-0.490500	-0.686600	-0.288100	0.121500	0.340800
1627307229.687839	0.652600	-0.487300	-0.696400	-0.275300	0.118400	0.339300
1627307229.688740	0.643900	-0.472300	-0.699100	-0.277700	0.120600	0.349700
1627307229.697161	0.657600	-0.488200	-0.706100	-0.178500	0.132200	0.354900
1627307229.699969	0.684400	-0.521200	-0.709800	-0.115600	0.136500	0.348200
1627307229.727692	0.682700	-0.540500	-0.704300	-0.140300	0.130700	0.327100
1627307229.728589	0.699100	-0.545800	-0.707500	-0.163500	0.122700	0.300800
1627307229.738494	0.676400	-0.549200	-0.730700	-0.163200	0.127600	0.275500
1627307229.745190	0.691700	-0.551900	-0.762100	-0.158000	0.148700	0.234900
1627307229.766456	0.685300	-0.543100	-0.765100	-0.143000	0.180400	0.204600
1627307229.767380	0.677600	-0.542700	-0.772500	-0.127500	0.215300	0.180500
1627307229.778431	0.685900	-0.545900	-0.774300	-0.095700	0.267200	0.143500
1627307229.785000	0.678200	-0.547200	-0.771400	-0.095100	0.307200	0.112100
1627307229.810146	0.667600	-0.542400	-0.763900	-0.108500	0.346600	0.082500
1627307229.811036	0.673200	-0.539800	-0.761200	-0.109800	0.390900	0.045800
1627307229.818368	0.661000	-0.538700	-0.753900	-0.120400	0.425100	0.020100
1627307229.827042	0.649200	-0.533600	-0.736800	-0.123800	0.457200	-0.005200
1627307229.829530	0.667100	-0.540600	-0.715700	-0.095100	0.487100	-0.038200
1627307229.853675	0.670700	-0.538800	-0.697600	-0.106100	0.500800	-0.070900
1627307229.857258	0.666300	-0.524400	-0.682900	-0.117100	0.507600	-0.101700
1627307229.870840	0.662400	-0.503700	-0.671000	-0.100300	0.512500	-0.132900
1627307229.873082	0.659900	-0.484600	-0.663800	-0.107300	0.509700	-0.149100
1627307229.897103	0.657500	-0.466700	-0.657300	-0.083800	0.508200	-0.155800
1627307229.899613	0.657000	-0.450100	-0.646400	-0.023600	0.511800	-0.157600
1627307229.907520	0.652600	-0.438100	-0.632700	0.007500	0.514000	-0.151200
1627307229.926933	0.651000	-0.432600	-0.618900	0.042000	0.516100	-0.143000
1627307229.934622	0.651000	-0.438600	-0.594000	0.101000	0.514600	-0.131000
1627307229.935522	0.648700	-0.449600	-0.565700	0.143500	0.501800	-0.121000
1627307229.955977	0.643400	-0.461300	-0.537000	0.173100	0.482800	-0.117600
1627307229.957540	0.637200	-0.476100	-0.511400	0.196600	0.448900	-0.122200
1627307229.967087	0.630400	-0.491800	-0.491000	0.216800	0.408300	-0.132600
1627307229.975569	0.628400	-0.506500	-0.480000	0.234800	0.367400	-0.150000
1627307229.997355	0.631000	-0.520300	-0.463900	0.247000	0.315400	-0.180500
1627307229.998172	0.629300	-0.523800	-0.453600	0.240600	0.260500	-0.213200
1627307230.010681	0.629500	-0.516400	-0.450800	0.225300	0.209200	-0.241600
1627307230.015591	0.618700	-0.505600	-0.453100	0.232600	0.158500	-0.265700
1627307230.037472	0.604600	-0.490800	-0.448100	0.246100	0.104700	-0.282800
1627307230.038289	0.603600	-0.483300	-0.438700	0.278800	0.059200	-0.289900
1627307230.049595	0.613800	-0.480800	-0.437000	0.330100	0.006700	-0.296600
1627307230.059639	0.622200	-0.476400	-0.438000	0.352700	-0.057800	-0.301800
1627307230.082164	0.614400	-0.467300	-0.438100	0.355400	-0.107900	-0.302100
1627307230.084621	0.618800	-0.464600	-0.446900	0.401500	-0.156100	-0.303000
1627307230.099301	0.630100	-0.465300	-0.451800	0.459900	-0.209900	-0.304800
1627307230.106867	0.630000	-0.470000	-0.454800	0.476700	-0.260000	-0.308500
1627307230.107800	0.642500	-0.475500	-0.455300	0.509700	-0.306400	-0.317700
1627307230.125709	0.658200	-0.484300	-0.462200	0.546300	-0.366000	-0.339300
1627307230.126692	0.659900	-0.484300	-0.473100	0.533500	-0.414800	-0.359200
1627307230.142403	0.657500	-0.475800	-0.490000	0.519400	-0.453300	-0.379400
1627307230.148475	0.662400	-0.471700	-0.522700	0.530100	-0.481700	-0.396500
1627307230.172557	0.662400	-0.471700	-0.522700	0.530100	-0.481700	-0.396500
1627307230.173371	0.664700	-0.461500	-0.540600	0.523400	-0.501300	-0.406500
1627307230.175939	0.645100	-0.443500	-0.536700	0.513900	-0.518700	-0.405900
1627307230.190703	0.646100	-0.433500	-0.538000	0.558200	-0.535800	-0.395900
1627307230.191605	0.640100	-0.434000	-0.536300	0.598500	-0.549800	-0.384600
1627307230.216096	0.632900	-0.440100	-0.536000	0.602800	-0.569700	-0.369300
1627307230.217255	0.639200	-0.455900	-0.533700	0.663000	-0.595000	-0.361600
1627307230.227040	0.647800	-0.476100	-0.526200	0.716100	-0.622800	-0.364100
1627307230.238300	0.629500	-0.494100	-0.535800	0.690200	-0.649100	-0.374800
1627307230.260071	0.635500	-0.517100	-0.570400	0.675800	-0.664400	-0.401700
1627307230.262185	0.633500	-0.527600	-0.592700	0.683800	-0.666200	-0.435900
1627307230.265918	0.622400	-0.529700	-0.610700	0.639500	-0.665300	-0.468200
1627307230.279350	0.627200	-0.512300	-0.589000	0.623300	-0.665000	-0.509800
1627307230.280270	0.623200	-0.509300	-0.574800	0.647700	-0.662900	-0.537900
1627307230.304938	0.618300	-0.507800	-0.578700	0.625100	-0.661000	-0.565400
1627307230.305755	0.614500	-0.500600	-0.570800	0.624500	-0.665600	-0.590400
1627307230.315758	0.609900	-0.503200	-0.574500	0.640100	-0.666800	-0.617000
1627307230.327072	0.624800	-0.513500	-0.563800	0.660900	-0.679300	-0.650300
1627307230.348631	0.651200	-0.535500	-0.560900	0.693500	-0.697400	-0.703700
1627307230.349445	0.680300	-0.557500	-0.585000	0.656600	-0.715400	-0.781900
1627307230.362138	0.670300	-0.544400	-0.597000	0.550000	-0.738300	-0.851600
1627307230.368332	0.660200	-0.507900	-0.597900	0.505400	-0.748100	-0.919400
1627307230.389075	0.647100	-0.481100	-0.602500	0.539600	-0.742000	-0.973400
1627307230.395484	0.659400	-0.463700	-0.609000	0.552700	-0.740700	-1.009200
1627307230.396415	0.658300	-0.436300	-0.605600	0.524600	-0.745600	-1.029300
1627307230.421263	0.639000	-0.398100	-0.600000	0.480300	-0.751700	-1.027200
1627307230.422149	0.617400	-0.368000	-0.595800	0.488300	-0.756000	-0.999100
1627307230.425787	0.595200	-0.360600	-0.585100	0.541100	-0.766100	-0.954500
1627307230.440840	0.589700	-0.378400	-0.560800	0.605300	-0.794200	-0.902600
1627307230.441734	0.604400	-0.415200	-0.536400	0.672200	-0.842400	-0.875100
1627307230.462475	0.619600	-0.465800	-0.521500	0.716700	-0.910600	-0.872000
1627307230.476444	0.617800	-0.517000	-0.547900	0.653200	-1.002500	-0.900700
1627307230.477353	0.602100	-0.543000	-0.594000	0.587200	-1.069400	-0.944100
1627307230.483784	0.590200	-0.548100	-0.633500	0.578700	-1.111800	-0.999700
1627307230.504320	0.576200	-0.525300	-0.682300	0.539900	-1.145400	-1.066000
1627307230.516472	0.567000	-0.482500	-0.693400	0.510300	-1.162500	-1.096500
1627307230.517369	0.561900	-0.439500	-0.712800	0.530100	-1.169900	-1.106900
1627307230.525108	0.570300	-0.405300	-0.749600	0.624800	-1.163200	-1.096500
1627307230.544425	0.575900	-0.386800	-0.765400	0.685600	-1.162200	-1.077600
1627307230.555551	0.587500	-0.380400	-0.782300	0.742400	-1.157300	-1.054400
1627307230.564441	0.596400	-0.386200	-0.814100	0.799500	-1.139300	-1.030800
1627307230.565368	0.596800	-0.388300	-0.834200	0.808400	-1.119500	-1.006400
1627307230.575131	0.588300	-0.383100	-0.835300	0.846900	-1.102100	-0.978000
1627307230.587545	0.601000	-0.396400	-0.817000	0.963800	-1.083100	-0.955400
1627307230.602382	0.637300	-0.419700	-0.816800	1.015500	-1.080100	-0.946500
1627307230.605844	0.655900	-0.426100	-0.831500	1.009400	-1.087400	-0.954800
1627307230.615765	0.649500	-0.411100	-0.864600	0.994100	-1.090800	-0.966400
1627307230.623226	0.635600	-0.386800	-0.894900	0.989800	-1.076400	-0.965800
1627307230.647360	0.630500	-0.376200	-0.932400	1.007800	-1.048600	-0.947500
1627307230.649576	0.632700	-0.374400	-0.956800	1.061300	-0.995800	-0.927900
1627307230.659807	0.636700	-0.359300	-0.952000	1.089400	-0.931900	-0.902900
1627307230.669659	0.630600	-0.353500	-0.963300	1.082400	-0.878500	-0.866800
1627307230.686595	0.629300	-0.364000	-0.974900	1.154100	-0.800300	-0.835700
1627307230.687504	0.635100	-0.373900	-0.959800	1.178600	-0.724200	-0.811500
1627307230.694578	0.604000	-0.378400	-0.938100	1.151100	-0.670500	-0.783100
1627307230.697420	0.613900	-0.407700	-0.933000	1.197500	-0.613700	-0.771500
1627307230.724094	0.611100	-0.438700	-0.912200	1.232900	-0.563000	-0.781600
1627307230.724989	0.599000	-0.455600	-0.895600	1.163300	-0.542200	-0.798100
1627307230.734652	0.599900	-0.468500	-0.903700	1.108300	-0.529400	-0.826200
1627307230.741476	0.599500	-0.479000	-0.915600	1.104000	-0.508000	-0.872300
1627307230.765124	0.575400	-0.463300	-0.907800	1.042600	-0.489400	-0.905300
1627307230.767270	0.564600	-0.446300	-0.920500	1.028000	-0.465800	-0.930700
1627307230.774658	0.566900	-0.432400	-0.929700	1.076500	-0.426800	-0.959100
1627307230.783243	0.571000	-0.409400	-0.925700	1.046300	-0.397100	-0.973400
1627307230.805505	0.553500	-0.388500	-0.939100	1.015500	-0.362900	-0.970400
1627307230.806402	0.554300	-0.373000	-0.946900	1.078100	-0.303100	-0.970100
1627307230.813334	0.556800	-0.365800	-0.944500	1.108600	-0.254500	-0.962400
1627307230.823808	0.545900	-0.355700	-0.937400	1.064600	-0.209600	-0.949600
1627307230.847717	0.554800	-0.342500	-0.933200	1.059100	-0.147900	-0.931000
1627307230.848608	0.569200	-0.341400	-0.926800	1.076900	-0.098700	-0.916300
1627307230.858664	0.557400	-0.333500	-0.913300	1.028900	-0.056900	-0.896200
1627307230.867442	0.567500	-0.319600	-0.888400	0.994700	-0.009500	-0.866500
1627307230.878573	0.585100	-0.317300	-0.867800	1.037500	0.025900	-0.846400
1627307230.894292	0.591700	-0.311600	-0.839200	1.013300	0.048500	-0.821600
1627307230.896883	0.595100	-0.290400	-0.807700	0.959600	0.061600	-0.786500
1627307230.919397	0.589700	-0.277300	-0.774000	0.990400	0.072300	-0.746800
1627307230.921069	0.594200	-0.278900	-0.744000	1.033200	0.071400	-0.706200
1627307230.935095	0.609700	-0.289300	-0.716400	1.053300	0.053400	-0.655800
1627307230.935990	0.619600	-0.300200	-0.703200	1.043600	0.033200	-0.615200
1627307230.940264	0.616500	-0.303600	-0.684600	1.033800	0.010600	-0.580300
1627307230.965503	0.621000	-0.314600	-0.675000	1.038100	-0.011100	-0.539100
1627307230.966393	0.624400	-0.333500	-0.673300	1.046900	-0.020500	-0.510400
1627307230.974723	0.624300	-0.347200	-0.657500	1.036200	-0.030300	-0.488100
1627307230.985082	0.625000	-0.359400	-0.628500	1.005700	-0.043400	-0.467300
1627307231.009124	0.624800	-0.381100	-0.608300	1.007800	-0.063000	-0.447500
1627307231.009817	0.630400	-0.410300	-0.596100	1.010000	-0.080700	-0.441700
1627307231.014442	0.634600	-0.439300	-0.591400	0.944600	-0.114900	-0.448100
1627307231.028732	0.633100	-0.457300	-0.593800	0.854500	-0.151300	-0.463700
1627307231.042668	0.621200	-0.466200	-0.607100	0.805900	-0.175400	-0.480800
1627307231.052923	0.601400	-0.471100	-0.614700	0.754900	-0.188500	-0.499100
1627307231.053852	0.593300	-0.468900	-0.616200	0.722600	-0.195800	-0.515900
1627307231.061238	0.598100	-0.473100	-0.616200	0.728000	-0.203500	-0.531500
1627307231.087028	0.592000	-0.480500	-0.619000	0.716400	-0.218100	-0.549800
1627307231.088181	0.591300	-0.482300	-0.622900	0.681300	-0.239200	-0.573600
1627307231.103101	0.592700	-0.486800	-0.632200	0.671800	-0.254200	-0.596800
1627307231.103999	0.595300	-0.485600	-0.647500	0.665100	-0.264600	-0.624300
1627307231.126244	0.599100	-0.477500	-0.666000	0.635800	-0.269100	-0.653900
1627307231.127110	0.598400	-0.462800	-0.682300	0.608000	-0.260900	-0.672000
1627307231.132485	0.594700	-0.439000	-0.696300	0.575000	-0.236800	-0.683300
1627307231.154308	0.604400	-0.411300	-0.707200	0.554600	-0.199500	-0.682700
1627307231.162811	0.611700	-0.387100	-0.696200	0.558200	-0.162900	-0.671700
1627307231.163705	0.621500	-0.365100	-0.680100	0.543000	-0.130200	-0.650300
1627307231.173403	0.634400	-0.335900	-0.645100	0.530700	-0.097800	-0.612400
1627307231.174963	0.642200	-0.319600	-0.610100	0.532000	-0.083400	-0.575400
1627307231.202767	0.661700	-0.315400	-0.580100	0.540200	-0.092000	-0.538500
1627307231.203659	0.682900	-0.318200	-0.552100	0.524900	-0.128300	-0.496300
1627307231.213253	0.685500	-0.316400	-0.539900	0.498100	-0.172000	-0.462700
1627307231.218789	0.680100	-0.315600	-0.539900	0.483700	-0.216000	-0.434000
1627307231.250734	0.688500	-0.316000	-0.549000	0.505100	-0.265500	-0.397700
1627307231.251636	0.683800	-0.314700	-0.552700	0.519700	-0.300900	-0.367400
1627307231.267652	0.676600	-0.313600	-0.556400	0.520000	-0.332100	-0.335400
1627307231.268466	0.677400	-0.317500	-0.559700	0.557300	-0.362900	-0.300900
1627307231.273425	0.674100	-0.328200	-0.567900	0.576600	-0.388600	-0.274300
1627307231.283432	0.675200	-0.341700	-0.589500	0.555200	-0.408400	-0.254400
1627307231.288141	0.672400	-0.359000	-0.618500	0.508700	-0.422800	-0.236100
1627307231.310469	0.659500	-0.374100	-0.646500	0.464500	-0.421900	-0.224500
1627307231.312883	0.655300	-0.392900	-0.668600	0.440600	-0.407200	-0.220800
1627307231.322138	0.652300	-0.416400	-0.674300	0.418600	-0.384300	-0.225100
1627307231.333388	0.645100	-0.429100	-0.674800	0.369800	-0.363200	-0.233700
1627307231.354467	0.645000	-0.435300	-0.674900	0.326100	-0.342500	-0.245300
1627307231.356293	0.648800	-0.436900	-0.670800	0.315400	-0.316500	-0.259900
1627307231.371769	0.647800	-0.436400	-0.665200	0.298300	-0.292700	-0.271500
1627307231.374377	0.647600	-0.433500	-0.657000	0.283600	-0.272200	-0.278000
1627307231.375375	0.653200	-0.430200	-0.638900	0.286400	-0.256300	-0.281300
1627307231.400878	0.662500	-0.436800	-0.631300	0.278100	-0.250500	-0.282500
1627307231.401837	0.668800	-0.440200	-0.628700	0.244900	-0.254800	-0.285000
1627307231.417546	0.669900	-0.444700	-0.631300	0.218600	-0.259400	-0.287400
1627307231.423392	0.679400	-0.452400	-0.636100	0.191100	-0.262400	-0.296900
1627307231.438636	0.685400	-0.447900	-0.629500	0.173700	-0.267600	-0.305400
1627307231.442080	0.699200	-0.441900	-0.632200	0.140700	-0.274000	-0.315500
1627307231.453509	0.705600	-0.422200	-0.647100	0.103700	-0.282300	-0.321600
1627307231.460717	0.701400	-0.400400	-0.662800	0.072000	-0.286600	-0.317100
1627307231.481452	0.698700	-0.373900	-0.677000	0.054600	-0.286900	-0.302100
1627307231.482345	0.699700	-0.351900	-0.703400	0.077500	-0.277400	-0.276100
1627307231.488879	0.701000	-0.338700	-0.723600	0.096700	-0.260300	-0.247100
1627307231.512539	0.705800	-0.330900	-0.744600	0.109200	-0.234900	-0.219300
1627307231.513406	0.704600	-0.323700	-0.756600	0.127900	-0.195800	-0.181100
1627307231.529187	0.699200	-0.321300	-0.762600	0.132800	-0.159500	-0.149400
1627307231.533329	0.696000	-0.317400	-0.762100	0.141600	-0.119200	-0.119400
1627307231.556253	0.695900	-0.312500	-0.750100	0.147400	-0.071800	-0.079100
1627307231.557066	0.688100	-0.312600	-0.737500	0.145000	-0.037900	-0.045200
1627307231.562082	0.683200	-0.321800	-0.725100	0.146800	-0.008300	-0.011900
1627307231.574494	0.679000	-0.338700	-0.704200	0.151700	0.024400	0.022900
1627307231.591467	0.675000	-0.349500	-0.685300	0.144700	0.039900	0.041800
1627307231.592354	0.670300	-0.356800	-0.666400	0.131800	0.047900	0.053100
1627307231.597499	0.666100	-0.369400	-0.649200	0.106800	0.045100	0.059900
1627307231.620235	0.663900	-0.371200	-0.636200	0.086600	0.037200	0.058300
1627307231.622126	0.660500	-0.368400	-0.623000	0.066200	0.030500	0.055600
1627307231.636991	0.653600	-0.356200	-0.613400	0.039300	0.023100	0.056800
1627307231.640879	0.649400	-0.347900	-0.603500	0.025900	0.020100	0.062900
1627307231.665085	0.647200	-0.341400	-0.597200	0.010600	0.016400	0.071800
1627307231.665916	0.637500	-0.333500	-0.588100	-0.038000	0.010600	0.088000
1627307231.674629	0.631200	-0.330400	-0.578700	-0.078000	0.002400	0.106000
1627307231.686997	0.628300	-0.333300	-0.576500	-0.101500	-0.007400	0.124900
1627307231.714838	0.631000	-0.343100	-0.571200	-0.137200	-0.022700	0.142000
1627307231.715650	0.641800	-0.354200	-0.567700	-0.181200	-0.040700	0.152400
1627307231.717094	0.645500	-0.360700	-0.572100	-0.233500	-0.060500	0.155500
1627307231.729377	0.646000	-0.358200	-0.580000	-0.299100	-0.084700	0.161600
1627307231.730295	0.647700	-0.351200	-0.591200	-0.336100	-0.106000	0.166800
1627307231.750694	0.642700	-0.347900	-0.604400	-0.357500	-0.121600	0.175300
1627307231.761602	0.642500	-0.341300	-0.618800	-0.385600	-0.138700	0.190300
1627307231.762494	0.648200	-0.339500	-0.640100	-0.395600	-0.150900	0.204300
1627307231.772533	0.649300	-0.335900	-0.660000	-0.405100	-0.153700	0.218700
1627307231.797325	0.651600	-0.338700	-0.689000	-0.423700	-0.153400	0.234300
1627307231.798153	0.653900	-0.346300	-0.724000	-0.441800	-0.141500	0.246800
1627307231.802054	0.656400	-0.349700	-0.747300	-0.462200	-0.126500	0.256900
1627307231.815634	0.655000	-0.349100	-0.770400	-0.494900	-0.104800	0.266000
1627307231.816567	0.659100	-0.347500	-0.790800	-0.523000	-0.071200	0.275200
1627307231.839409	0.668300	-0.344600	-0.811900	-0.544400	-0.040100	0.285000
1627307231.852966	0.652000	-0.334800	-0.821300	-0.582300	-0.001600	0.300800
1627307231.853856	0.655300	-0.319800	-0.828700	-0.597500	0.050000	0.324700
1627307231.861293	0.662200	-0.320800	-0.841100	-0.574900	0.098600	0.347900
1627307231.872215	0.657600	-0.321300	-0.846200	-0.595400	0.143800	0.372900
1627307231.880846	0.658600	-0.314100	-0.854700	-0.647000	0.203400	0.403800
1627307231.892066	0.648300	-0.301900	-0.847200	-0.665600	0.250700	0.435500
1627307231.914930	0.648800	-0.300300	-0.837200	-0.671400	0.296800	0.469700
1627307231.921504	0.652000	-0.303300	-0.817300	-0.681800	0.345100	0.514300
1627307231.939731	0.637300	-0.307100	-0.798500	-0.706900	0.375300	0.550100
1627307231.942091	0.645500	-0.311300	-0.784300	-0.707500	0.400400	0.577900
1627307231.943051	0.653000	-0.322800	-0.771600	-0.734100	0.417800	0.607200
1627307231.958692	0.636600	-0.318100	-0.756800	-0.795100	0.425100	0.632200
1627307231.960614	0.632800	-0.315200	-0.746300	-0.813500	0.430300	0.659700
1627307231.983630	0.631300	-0.323700	-0.742800	-0.826600	0.430900	0.691500
1627307231.988398	0.625700	-0.327900	-0.739100	-0.870600	0.424200	0.717800
1627307231.992055	0.622300	-0.330100	-0.736300	-0.889800	0.414400	0.739400
1627307232.000734	0.617600	-0.333300	-0.738400	-0.907800	0.404900	0.765100
1627307232.024847	0.614100	-0.333700	-0.743000	-0.926200	0.396400	0.786200
1627307232.025771	0.612400	-0.334400	-0.748500	-0.939000	0.393600	0.805700
1627307232.031173	0.605000	-0.335800	-0.756700	-0.954300	0.391800	0.831100
1627307232.053103	0.594500	-0.338700	-0.760400	-0.956400	0.395500	0.857000
1627307232.060333	0.594800	-0.349200	-0.772900	-0.946300	0.403400	0.876300
1627307232.061225	0.598600	-0.361700	-0.784400	-0.946600	0.418700	0.889700
1627307232.070881	0.596800	-0.372700	-0.796400	-0.988200	0.436100	0.897700
1627307232.072529	0.596100	-0.375200	-0.811800	-1.029100	0.459300	0.897300
1627307232.105251	0.590300	-0.375500	-0.819800	-1.070900	0.489500	0.899800
1627307232.113893	0.583600	-0.370800	-0.824800	-1.115800	0.524700	0.905600
1627307232.114828	0.587300	-0.363500	-0.822000	-1.139400	0.554300	0.914800
1627307232.116298	0.589800	-0.355700	-0.809300	-1.160400	0.582400	0.929400
1627307232.142688	0.589200	-0.351900	-0.794800	-1.184900	0.602900	0.951100
1627307232.143586	0.588300	-0.350300	-0.782300	-1.184900	0.612600	0.970700
1627307232.160632	0.586700	-0.351400	-0.770000	-1.172000	0.616900	0.992000
1627307232.191351	0.586800	-0.360100	-0.759800	-1.169900	0.611400	1.013400
1627307232.192290	0.583300	-0.361600	-0.754800	-1.162000	0.604100	1.025600
1627307232.193395	0.580600	-0.369400	-0.750400	-1.152800	0.593700	1.035100
1627307232.203192	0.589600	-0.374400	-0.754900	-1.151900	0.576600	1.040600
1627307232.204087	0.587900	-0.374100	-0.763900	-1.170800	0.560700	1.046700
1627307232.228148	0.573400	-0.366600	-0.775800	-1.198900	0.551200	1.052800
1627307232.230288	0.564200	-0.360800	-0.791400	-1.195600	0.547900	1.069000
1627307232.231178	0.561200	-0.370600	-0.803800	-1.176900	0.553100	1.080900
1627307232.252205	0.563800	-0.376100	-0.806800	-1.167200	0.562500	1.087300
1627307232.260312	0.571200	-0.383900	-0.815200	-1.158000	0.576000	1.086400
1627307232.261202	0.567500	-0.380700	-0.825800	-1.175700	0.591300	1.083100
1627307232.273471	0.568600	-0.372700	-0.834400	-1.199800	0.610800	1.079700
1627307232.280027	0.566200	-0.361600	-0.841400	-1.195000	0.645300	1.082700
1627307232.304028	0.560200	-0.355300	-0.842200	-1.212700	0.671600	1.091300
1627307232.304923	0.565400	-0.353000	-0.837500	-1.223700	0.698200	1.103200
1627307232.314533	0.577100	-0.356900	-0.825000	-1.208700	0.720800	1.113000
1627307232.320975	0.574800	-0.360100	-0.813200	-1.229500	0.730800	1.120000
1627307232.341261	0.576900	-0.360500	-0.803700	-1.237100	0.733900	1.124000
1627307232.342281	0.584400	-0.363000	-0.792100	-1.216300	0.734800	1.121800
1627307232.359308	0.583100	-0.359900	-0.781200	-1.220300	0.727200	1.122500
1627307232.360067	0.579000	-0.350500	-0.771600	-1.217300	0.716200	1.125200
1627307232.388538	0.582000	-0.348900	-0.762000	-1.185200	0.699400	1.130700
1627307232.389516	0.593500	-0.351200	-0.760900	-1.165900	0.680400	1.135300
1627307232.390626	0.590900	-0.352800	-0.760100	-1.159800	0.662100	1.136200
1627307232.405470	0.592300	-0.356400	-0.771000	-1.154600	0.646500	1.136200
1627307232.406172	0.594100	-0.357300	-0.785900	-1.156200	0.634300	1.131600
1627307232.428152	0.593000	-0.358900	-0.797900	-1.149400	0.629100	1.128300
1627307232.442690	0.594500	-0.369000	-0.823700	-1.155200	0.638000	1.124600
1627307232.443595	0.588900	-0.368500	-0.846800	-1.189500	0.657800	1.120300
1627307232.450005	0.577100	-0.360800	-0.846400	-1.187600	0.680400	1.119700
1627307232.473475	0.573700	-0.360800	-0.824300	-1.148500	0.707900	1.126100
1627307232.481507	0.582800	-0.374500	-0.818500	-1.136900	0.734500	1.127300
1627307232.482403	0.589100	-0.381200	-0.817000	-1.150700	0.749500	1.121500
1627307232.492609	0.581400	-0.385600	-0.811400	-1.141800	0.762300	1.112400
1627307232.515669	0.580000	-0.397100	-0.809200	-1.128100	0.777600	1.098300
1627307232.519079	0.585800	-0.408300	-0.817000	-1.125300	0.792200	1.081500
1627307232.530713	0.593300	-0.415300	-0.821400	-1.132600	0.809600	1.056200
1627307232.531643	0.591700	-0.417700	-0.822800	-1.154000	0.831600	1.027500
1627307232.553696	0.595600	-0.414100	-0.818200	-1.159200	0.856100	1.003000
1627307232.557239	0.602300	-0.407800	-0.812100	-1.149400	0.883900	0.981600
1627307232.559585	0.614700	-0.394800	-0.798800	-1.169600	0.912300	0.958700
1627307232.573251	0.614900	-0.377300	-0.787700	-1.176600	0.931500	0.950200
1627307232.591504	0.618000	-0.372600	-0.776200	-1.169600	0.944600	0.947400
1627307232.592403	0.625900	-0.366300	-0.762000	-1.172400	0.949800	0.950200
1627307232.600125	0.623900	-0.363200	-0.746900	-1.169300	0.944000	0.956300
1627307232.619478	0.629500	-0.362300	-0.740200	-1.152200	0.935200	0.961800
1627307232.625698	0.631200	-0.364300	-0.733000	-1.130800	0.913800	0.970700
1627307232.626698	0.624400	-0.363200	-0.725300	-1.109700	0.893600	0.980100
1627307232.650028	0.617200	-0.367100	-0.709400	-1.060600	0.871000	0.989900
1627307232.650843	0.622400	-0.382000	-0.693100	-0.974700	0.842600	0.994800
1627307232.658659	0.624300	-0.396700	-0.681500	-0.906900	0.809900	0.991100
1627307232.670983	0.620700	-0.413100	-0.678300	-0.856500	0.777600	0.981600
1627307232.693916	0.615200	-0.427700	-0.686600	-0.829700	0.741500	0.965200
1627307232.694738	0.608200	-0.444500	-0.699800	-0.797000	0.717100	0.942900
1627307232.698359	0.608500	-0.462900	-0.716700	-0.764300	0.705800	0.918700
1627307232.708369	0.605500	-0.478300	-0.722000	-0.760600	0.704300	0.884500
1627307232.713083	0.598800	-0.481800	-0.720300	-0.772200	0.710700	0.855800
1627307232.734598	0.591300	-0.482200	-0.715600	-0.761200	0.719800	0.833500
1627307232.738278	0.601600	-0.491000	-0.705800	-0.715700	0.732700	0.806300
1627307232.753505	0.614000	-0.498000	-0.690600	-0.685500	0.740300	0.774300
1627307232.755648	0.629500	-0.502800	-0.674000	-0.685500	0.739400	0.744000
1627307232.779062	0.630100	-0.496200	-0.655900	-0.673600	0.730200	0.713200
1627307232.779969	0.621000	-0.489700	-0.637000	-0.634200	0.720500	0.686600
1627307232.786341	0.627100	-0.492800	-0.618300	-0.582600	0.707300	0.668000
1627307232.809534	0.638900	-0.498000	-0.599500	-0.534600	0.685000	0.645700
1627307232.810681	0.643100	-0.501300	-0.578600	-0.489100	0.656600	0.620900
1627307232.826499	0.652200	-0.505500	-0.568400	-0.449700	0.627600	0.595600
1627307232.832169	0.665200	-0.511500	-0.561500	-0.423400	0.591300	0.564400
1627307232.854654	0.667100	-0.509000	-0.555300	-0.409400	0.546700	0.530500
1627307232.855890	0.665800	-0.504300	-0.552600	-0.393800	0.511500	0.503000
1627307232.871417	0.663200	-0.500400	-0.555800	-0.359900	0.481900	0.477100
1627307232.875532	0.657300	-0.496900	-0.554900	-0.323600	0.452600	0.451100
1627307232.876422	0.652200	-0.494100	-0.551900	-0.288100	0.432100	0.434000
1627307232.898635	0.653800	-0.497400	-0.543200	-0.239600	0.410100	0.414800
1627307232.899452	0.653800	-0.502100	-0.529400	-0.189800	0.379000	0.392800
1627307232.913727	0.647300	-0.512500	-0.514600	-0.148800	0.348400	0.373800
1627307232.929511	0.639400	-0.518300	-0.499600	-0.117100	0.313000	0.351500
1627307232.938144	0.635700	-0.531900	-0.490700	-0.072800	0.262600	0.322500
1627307232.939038	0.629800	-0.546100	-0.481900	-0.022700	0.218900	0.294100
1627307232.958919	0.630700	-0.560900	-0.472900	0.025900	0.168800	0.257500
1627307232.960970	0.637200	-0.581900	-0.467700	0.050300	0.098300	0.199700
1627307232.968486	0.635900	-0.589800	-0.474400	0.059200	0.040900	0.148100
1627307232.978098	0.639400	-0.592900	-0.492100	0.076900	-0.011700	0.089200
1627307232.998827	0.642000	-0.590800	-0.508400	0.106800	-0.065700	0.015000
1627307232.999721	0.648600	-0.585300	-0.525900	0.123600	-0.100200	-0.044900
1627307233.010846	0.651400	-0.572400	-0.539800	0.138000	-0.126800	-0.102000
1627307233.015600	0.659100	-0.555200	-0.553700	0.167900	-0.146700	-0.163700
1627307233.041492	0.670500	-0.538800	-0.567700	0.189300	-0.157700	-0.212900
1627307233.042421	0.675900	-0.520000	-0.582400	0.198100	-0.161300	-0.251700
1627307233.048517	0.683200	-0.496500	-0.598600	0.205100	-0.158300	-0.285300
1627307233.058848	0.686600	-0.474200	-0.607300	0.220400	-0.148200	-0.303000
1627307233.069635	0.693000	-0.455400	-0.605800	0.237200	-0.134100	-0.312500
1627307233.085066	0.702800	-0.436200	-0.594800	0.261700	-0.125600	-0.310300
1627307233.088180	0.706500	-0.423100	-0.574700	0.291900	-0.125600	-0.303000
1627307233.110960	0.712800	-0.415600	-0.559900	0.327600	-0.134800	-0.293200
1627307233.112145	0.724500	-0.417100	-0.539400	0.382600	-0.157700	-0.282200
1627307233.119662	0.734700	-0.422000	-0.525300	0.433300	-0.187600	-0.277000
1627307233.132127	0.746900	-0.429800	-0.523300	0.465100	-0.222100	-0.282500
1627307233.133036	0.756100	-0.434200	-0.528100	0.478800	-0.263000	-0.293500
1627307233.154597	0.750400	-0.429900	-0.536400	0.477000	-0.302100	-0.301800
1627307233.169974	0.744900	-0.422600	-0.551000	0.480300	-0.325700	-0.305800
1627307233.175546	0.741000	-0.416500	-0.567400	0.495000	-0.341800	-0.305100
1627307233.176440	0.737800	-0.413100	-0.579600	0.504200	-0.350100	-0.301500
1627307233.196946	0.734400	-0.411400	-0.588100	0.509400	-0.352800	-0.296000
1627307233.198165	0.730100	-0.413200	-0.593900	0.516700	-0.354100	-0.290200
1627307233.213885	0.726100	-0.422000	-0.595100	0.536800	-0.353400	-0.285300
1627307233.218404	0.724200	-0.431900	-0.595200	0.563700	-0.351900	-0.288600
1627307233.243685	0.722900	-0.446900	-0.598500	0.593400	-0.352200	-0.298700
1627307233.244574	0.719600	-0.460800	-0.608000	0.598900	-0.352200	-0.318000
1627307233.260139	0.712000	-0.467700	-0.613600	0.597000	-0.348900	-0.341200
1627307233.269660	0.702800	-0.474000	-0.620200	0.607400	-0.343400	-0.364700
1627307233.275599	0.697500	-0.477700	-0.625900	0.618400	-0.333600	-0.398600
1627307233.276479	0.696000	-0.478800	-0.621600	0.619000	-0.325700	-0.426100
1627307233.300074	0.694900	-0.475200	-0.622100	0.613200	-0.320500	-0.454500
1627307233.300913	0.688800	-0.468900	-0.625400	0.605900	-0.313400	-0.484100
1627307233.308402	0.684600	-0.464200	-0.627900	0.598200	-0.308200	-0.504300
1627307233.319547	0.682000	-0.456100	-0.627200	0.590300	-0.305200	-0.520800
1627307233.320441	0.687900	-0.451700	-0.626300	0.592100	-0.308500	-0.543100
1627307233.348568	0.684900	-0.444700	-0.624100	0.589100	-0.318600	-0.555000
1627307233.349736	0.678100	-0.434400	-0.627100	0.590300	-0.327800	-0.564500
1627307233.359737	0.674300	-0.429600	-0.626100	0.646200	-0.335400	-0.573600
1627307233.364369	0.675200	-0.431900	-0.626500	0.708200	-0.345200	-0.577900
1627307233.387369	0.683200	-0.432000	-0.626100	0.733900	-0.355000	-0.585500
1627307233.388310	0.688200	-0.430900	-0.632200	0.771400	-0.368100	-0.593500
1627307233.402238	0.689200	-0.432700	-0.638400	0.802000	-0.376700	-0.600800
1627307233.406982	0.688400	-0.436400	-0.651200	0.815700	-0.381900	-0.606300
1627307233.428724	0.695200	-0.445800	-0.666600	0.833700	-0.375700	-0.618800
1627307233.429538	0.689800	-0.451400	-0.670000	0.837700	-0.366300	-0.629800
1627307233.439576	0.688600	-0.452800	-0.665800	0.827300	-0.354700	-0.642600
1627307233.450764	0.693100	-0.449200	-0.663700	0.828800	-0.343100	-0.655800
1627307233.467704	0.693800	-0.444600	-0.649500	0.835300	-0.336000	-0.665600
1627307233.468537	0.691400	-0.438500	-0.632200	0.844700	-0.336000	-0.668300
1627307233.477080	0.702800	-0.439100	-0.623400	0.882000	-0.341500	-0.672900
1627307233.485826	0.706100	-0.441000	-0.617400	0.905800	-0.353400	-0.676900
1627307233.507587	0.696500	-0.442600	-0.612900	0.925400	-0.367500	-0.678100
1627307233.508436	0.697000	-0.451700	-0.617300	0.973600	-0.377300	-0.683300
1627307233.522249	0.699200	-0.460900	-0.618500	1.021600	-0.384900	-0.689100
1627307233.524733	0.697600	-0.466700	-0.617300	1.039900	-0.393500	-0.695500
1627307233.549976	0.694300	-0.470800	-0.614400	1.053600	-0.401700	-0.702200
1627307233.552322	0.694200	-0.471600	-0.605200	1.097900	-0.412100	-0.707100
1627307233.557213	0.693600	-0.473900	-0.605200	1.115300	-0.423700	-0.712000
1627307233.568332	0.688600	-0.475700	-0.612300	1.123900	-0.436500	-0.717500
1627307233.585619	0.686200	-0.479900	-0.620700	1.156900	-0.446000	-0.727900
1627307233.594483	0.684900	-0.483800	-0.622800	1.177600	-0.454900	-0.738500
1627307233.595394	0.680500	-0.480600	-0.623200	1.175500	-0.464900	-0.751400
1627307233.615855	0.668200	-0.475500	-0.630600	1.192300	-0.477500	-0.765400
1627307233.626596	0.657100	-0.471300	-0.639800	1.219500	-0.479300	-0.774600
1627307233.627479	0.654100	-0.471300	-0.643200	1.252800	-0.479600	-0.783100
1627307233.636553	0.650500	-0.470700	-0.641800	1.288500	-0.479600	-0.794700
1627307233.664187	0.642300	-0.468100	-0.645100	1.297400	-0.480500	-0.801800
1627307233.665083	0.630500	-0.462600	-0.638900	1.311700	-0.479000	-0.806700
1627307233.667298	0.624100	-0.465800	-0.632100	1.350200	-0.479300	-0.810300
1627307233.678280	0.624900	-0.472700	-0.626500	1.371900	-0.486000	-0.816100
1627307233.681923	0.624500	-0.484400	-0.615400	1.387500	-0.499400	-0.826800
1627307233.705899	0.623700	-0.493500	-0.599900	1.396000	-0.523300	-0.848500
1627307233.706921	0.617200	-0.493800	-0.591900	1.382900	-0.550800	-0.869000
1627307233.722103	0.610800	-0.489900	-0.591800	1.386900	-0.578200	-0.888500
1627307233.727009	0.604400	-0.483400	-0.587300	1.413700	-0.607900	-0.907100
1627307233.749960	0.604500	-0.472000	-0.573500	1.431500	-0.637500	-0.919100
1627307233.750818	0.605300	-0.466600	-0.569200	1.443100	-0.670500	-0.925200
1627307233.757312	0.607700	-0.463700	-0.572300	1.451300	-0.710800	-0.933400
1627307233.769520	0.603000	-0.461400	-0.574800	1.451000	-0.750800	-0.937400
1627307233.770424	0.596200	-0.455300	-0.571700	1.449500	-0.787800	-0.941100
1627307233.793189	0.592800	-0.448500	-0.568000	1.444900	-0.835400	-0.936800
1627307233.797007	0.579000	-0.438000	-0.559300	1.428700	-0.887700	-0.927600
1627307233.811790	0.555700	-0.432600	-0.552100	1.439700	-0.937400	-0.912000
1627307233.814576	0.556400	-0.444800	-0.553100	1.504800	-0.998500	-0.898300
1627307233.833673	0.572600	-0.469800	-0.558300	1.564600	-1.068200	-0.901300
1627307233.837112	0.585400	-0.494000	-0.579500	1.559700	-1.134400	-0.922700
1627307233.848489	0.585400	-0.494000	-0.579500	1.559700	-1.134400	-0.922700
1627307233.855786	0.593300	-0.508100	-0.617600	1.516400	-1.196400	-0.969200
1627307233.876250	0.605000	-0.503100	-0.670000	1.471500	-1.235500	-1.024700
1627307233.878351	0.600500	-0.479100	-0.708900	1.420200	-1.244700	-1.070900
1627307233.887134	0.584700	-0.432700	-0.743300	1.320900	-1.236800	-1.097100
1627307233.898260	0.566800	-0.366800	-0.765100	1.269600	-1.200400	-1.087700
1627307233.919939	0.553000	-0.322300	-0.770400	1.289700	-1.155200	-1.047600
1627307233.920756	0.548500	-0.298500	-0.761400	1.316000	-1.111800	-0.982000
1627307233.927566	0.570400	-0.297000	-0.727900	1.366400	-1.079200	-0.904400
1627307233.950447	0.589200	-0.315900	-0.687300	1.398500	-1.077900	-0.848200
1627307233.951341	0.604100	-0.343400	-0.647000	1.424400	-1.099300	-0.806700
1627307233.956074	0.612900	-0.385000	-0.622400	1.444600	-1.136600	-0.786500
1627307233.966966	0.617900	-0.425700	-0.650100	1.415600	-1.168600	-0.789900
1627307233.970700	0.611300	-0.433300	-0.653100	1.343800	-1.203800	-0.809100
1627307233.993391	0.592300	-0.409500	-0.629800	1.309300	-1.246800	-0.820700
1627307233.995832	0.597700	-0.400400	-0.636000	1.301300	-1.275200	-0.820700
1627307234.011401	0.614900	-0.396100	-0.665400	1.252200	-1.300300	-0.817000
1627307234.014564	0.615700	-0.382400	-0.695300	1.181300	-1.320800	-0.806000
1627307234.037542	0.604200	-0.373800	-0.708500	1.151700	-1.327500	-0.788300
1627307234.038358	0.597000	-0.374400	-0.720000	1.137000	-1.323800	-0.765700
1627307234.051074	0.611200	-0.386200	-0.737100	1.118100	-1.314300	-0.744400
1627307234.058296	0.615100	-0.392100	-0.749300	1.082400	-1.309100	-0.731500
1627307234.075401	0.602200	-0.393800	-0.759300	1.044800	-1.296600	-0.721800
1627307234.076300	0.600600	-0.401700	-0.783100	1.032900	-1.268500	-0.712900
1627307234.086388	0.619000	-0.420300	-0.812900	1.022800	-1.236500	-0.717800
1627307234.109473	0.633900	-0.436600	-0.840900	0.972700	-1.202900	-0.732700
1627307234.120399	0.632200	-0.436000	-0.873000	0.865200	-1.149100	-0.759600
1627307234.121299	0.623400	-0.424900	-0.896100	0.791000	-1.080700	-0.778900
1627307234.130307	0.615800	-0.409200	-0.910600	0.740300	-1.001900	-0.787400
1627307234.156734	0.608000	-0.385100	-0.913500	0.670000	-0.907500	-0.781000
1627307234.157927	0.606100	-0.366700	-0.901500	0.634000	-0.814300	-0.763900
1627307234.158803	0.613900	-0.363800	-0.882000	0.646200	-0.734600	-0.745000
1627307234.168577	0.621300	-0.370400	-0.852500	0.616300	-0.667400	-0.723600
1627307234.174970	0.620100	-0.380600	-0.821700	0.560400	-0.619800	-0.708300
1627307234.195552	0.619300	-0.399200	-0.809300	0.540500	-0.582200	-0.701600
1627307234.196452	0.637800	-0.431200	-0.838600	0.491300	-0.533700	-0.715600
1627307234.207257	0.628900	-0.423200	-0.813000	0.401500	-0.501600	-0.738200
1627307234.213762	0.622100	-0.407800	-0.794400	0.348700	-0.476200	-0.747700
1627307234.235244	0.624500	-0.383700	-0.770100	0.339500	-0.455200	-0.753800
1627307234.236137	0.631200	-0.361200	-0.751200	0.311400	-0.450000	-0.748000
1627307234.255758	0.637200	-0.341400	-0.746500	0.301400	-0.452100	-0.733400
1627307234.270587	0.636600	-0.331900	-0.757300	0.317900	-0.452400	-0.709800
1627307234.271478	0.640600	-0.320800	-0.774700	0.305000	-0.450900	-0.682000
1627307234.274668	0.639400	-0.318100	-0.796600	0.280600	-0.444500	-0.651800
1627307234.280068	0.635300	-0.313700	-0.822600	0.268700	-0.423700	-0.622500
1627307234.301958	0.642600	-0.311600	-0.848500	0.252800	-0.392800	-0.588900
1627307234.315303	0.645300	-0.303500	-0.860700	0.229300	-0.361700	-0.559300
1627307234.316194	0.641800	-0.292700	-0.866800	0.200000	-0.326600	-0.526900
1627307234.317595	0.640700	-0.281000	-0.870400	0.192300	-0.276800	-0.485000
1627307234.341003	0.647100	-0.274200	-0.864400	0.207600	-0.234000	-0.451700
1627307234.355575	0.643300	-0.272100	-0.856700	0.207900	-0.194600	-0.414800
1627307234.356483	0.643100	-0.270600	-0.850700	0.212500	-0.139600	-0.373300
1627307234.362652	0.649200	-0.273200	-0.845100	0.218000	-0.093500	-0.343000
1627307234.386848	0.649900	-0.273800	-0.835800	0.190500	-0.049800	-0.313400
1627307234.395193	0.640300	-0.276500	-0.818700	0.140400	0.003000	-0.274900
1627307234.396131	0.644200	-0.277100	-0.808100	0.098600	0.040300	-0.245000
1627307234.402591	0.642700	-0.283000	-0.791600	0.054000	0.068000	-0.214400
1627307234.425648	0.642800	-0.293900	-0.773400	0.002300	0.087300	-0.183600
1627307234.436589	0.644300	-0.307300	-0.757100	-0.029100	0.090700	-0.162500
1627307234.437493	0.654300	-0.319900	-0.740500	-0.041600	0.080900	-0.152400
1627307234.446293	0.661400	-0.330300	-0.738200	-0.057800	0.058600	-0.151800
1627307234.470649	0.661400	-0.329300	-0.748900	-0.082900	0.039600	-0.153300
1627307234.471543	0.661100	-0.318100	-0.767800	-0.076800	0.035100	-0.156400
1627307234.477153	0.655200	-0.303800	-0.797700	-0.056600	0.044200	-0.149700
1627307234.483319	0.644000	-0.285400	-0.830400	-0.073100	0.072000	-0.134100
1627307234.490875	0.638500	-0.270900	-0.857900	-0.086800	0.113900	-0.109400
1627307234.513768	0.634300	-0.262500	-0.873900	-0.075900	0.182000	-0.073600
1627307234.514751	0.625900	-0.261500	-0.872900	-0.087200	0.257100	-0.033900
1627307234.520198	0.621300	-0.266800	-0.854900	-0.116800	0.323400	0.000900
1627307234.542248	0.627800	-0.273700	-0.823900	-0.140300	0.391800	0.036900
1627307234.544670	0.627900	-0.284300	-0.778100	-0.166000	0.444600	0.065000
1627307234.559671	0.625200	-0.287000	-0.729700	-0.190700	0.474300	0.087300
1627307234.563140	0.627400	-0.292600	-0.681400	-0.195900	0.486800	0.106000
1627307234.585206	0.635700	-0.300400	-0.638400	-0.201400	0.477900	0.120300
1627307234.587166	0.641600	-0.301300	-0.608200	-0.236800	0.448900	0.130400
1627307234.605663	0.642700	-0.301000	-0.593100	-0.273800	0.408300	0.139600
1627307234.616579	0.641100	-0.297700	-0.589000	-0.307400	0.356400	0.151200
1627307234.617475	0.645000	-0.292000	-0.593800	-0.338800	0.313000	0.162500
1627307234.622637	0.648300	-0.287200	-0.604200	-0.364800	0.273300	0.179300
1627307234.646358	0.646900	-0.276100	-0.619400	-0.399300	0.237600	0.202500
1627307234.647417	0.641700	-0.267800	-0.629200	-0.424000	0.214700	0.229700
1627307234.653483	0.641800	-0.260400	-0.635900	-0.426500	0.199100	0.260800
1627307234.667033	0.645000	-0.259000	-0.640900	-0.412100	0.184700	0.298400
1627307234.667963	0.643700	-0.266200	-0.639400	-0.420700	0.173700	0.328000
1627307234.690714	0.648700	-0.274800	-0.651900	-0.430800	0.161500	0.351800
1627307234.693416	0.647900	-0.290300	-0.670400	-0.441100	0.152300	0.374100
1627307234.708444	0.638700	-0.299100	-0.685300	-0.461600	0.151100	0.389400
1627307234.717208	0.636500	-0.307000	-0.703400	-0.487900	0.157500	0.401900
1627307234.737423	0.642200	-0.316800	-0.721100	-0.520300	0.171900	0.412600
1627307234.738239	0.643100	-0.318600	-0.729700	-0.564200	0.186300	0.420300
1627307234.751081	0.645800	-0.311500	-0.733900	-0.604600	0.201200	0.428800
1627307234.757064	0.646700	-0.301100	-0.735100	-0.629900	0.216200	0.442900
1627307234.757955	0.642700	-0.289100	-0.732700	-0.657400	0.227200	0.463600
1627307234.781143	0.639400	-0.282800	-0.731100	-0.670200	0.233000	0.489000
1627307234.783395	0.636700	-0.282800	-0.728800	-0.649100	0.236600	0.520400
1627307234.793384	0.636000	-0.285300	-0.723000	-0.634800	0.234800	0.550100
1627307234.804508	0.634400	-0.290400	-0.719700	-0.627500	0.230800	0.574500
