1627307265.473759	0.600500	-0.416000	-0.687900	0.004800	0.039200	-0.032400
1627307265.476978	0.601100	-0.412700	-0.680200	-0.026000	0.025700	-0.036700
1627307265.477614	0.600700	-0.406200	-0.679700	-0.062100	0.012600	-0.040300
1627307265.566873	0.600700	-0.406200	-0.679700	-0.062100	0.012600	-0.040300
1627307265.567296	0.603000	-0.382100	-0.685900	-0.064500	-0.003900	-0.096200
1627307265.568956	0.602700	-0.367100	-0.692500	-0.081000	-0.013700	-0.089500
1627307265.569392	0.602100	-0.355200	-0.702000	-0.102400	-0.019800	-0.078200
1627307265.569801	0.599600	-0.351600	-0.712300	-0.100200	-0.015500	-0.060500
1627307265.571898	0.602500	-0.354700	-0.716100	-0.067600	-0.010300	-0.046500
1627307265.572303	0.599600	-0.358300	-0.715100	-0.066900	-0.006000	-0.034900
1627307265.572782	0.601400	-0.358300	-0.713000	-0.093500	-0.007200	-0.023500
1627307265.573596	0.601300	-0.356200	-0.713300	-0.104500	-0.010300	-0.012900
1627307265.574039	0.601000	-0.355100	-0.717900	-0.078200	-0.013000	0.001200
1627307265.574464	0.603600	-0.360800	-0.726000	-0.039800	-0.013300	0.013700
1627307265.576642	0.603800	-0.371100	-0.737300	-0.011700	-0.008200	0.025600
1627307265.577035	0.605600	-0.380100	-0.739100	0.015500	0.005000	0.031100
1627307265.577473	0.605200	-0.387600	-0.736000	0.041800	0.017500	0.029600
1627307265.577865	0.611200	-0.389600	-0.724900	0.048500	0.025400	0.032300
1627307265.580326	0.612200	-0.390500	-0.719100	0.026200	0.027000	0.036900
1627307265.580718	0.609400	-0.393900	-0.711100	0.020100	0.027600	0.041200
1627307265.581156	0.609700	-0.403000	-0.704500	0.040900	0.027600	0.042700
1627307265.582770	0.610800	-0.419100	-0.694200	0.032900	0.021500	0.041200
1627307265.583204	0.611100	-0.436500	-0.694700	0.011900	0.012600	0.033600
1627307265.583597	0.609500	-0.449100	-0.699300	-0.009200	0.005300	0.018300
1627307265.583992	0.608000	-0.453400	-0.699000	-0.032400	0.000700	-0.003700
1627307265.586124	0.610400	-0.449200	-0.699100	-0.069400	-0.007500	-0.024200
1627307265.586542	0.608300	-0.436900	-0.701200	-0.092300	-0.013000	-0.042800
1627307265.586958	0.607800	-0.423600	-0.700200	-0.092600	-0.017600	-0.055300
1627307265.587352	0.610700	-0.412100	-0.699700	-0.081000	-0.026500	-0.066300
1627307265.587791	0.609700	-0.402500	-0.708300	-0.101800	-0.033800	-0.070600
1627307265.590230	0.609000	-0.391200	-0.713300	-0.119200	-0.035000	-0.069700
1627307265.590625	0.607700	-0.384900	-0.718300	-0.090500	-0.032600	-0.068800
1627307265.591032	0.609600	-0.381700	-0.720100	-0.053500	-0.028600	-0.068400
1627307265.591458	0.607100	-0.383500	-0.717000	-0.051700	-0.029800	-0.066600
1627307265.593531	0.606000	-0.382200	-0.718800	-0.071500	-0.032600	-0.068400
1627307265.593928	0.605100	-0.376200	-0.715500	-0.073100	-0.031100	-0.071800
1627307265.594323	0.608600	-0.370400	-0.714600	-0.061800	-0.033200	-0.074600
1627307265.594752	0.608900	-0.362400	-0.720500	-0.078200	-0.039000	-0.075500
1627307265.595147	0.606700	-0.349400	-0.727700	-0.111800	-0.040200	-0.069100
1627307265.597607	0.607200	-0.339700	-0.737700	-0.106600	-0.036300	-0.059600
1627307265.598045	0.606100	-0.336900	-0.744500	-0.061400	-0.025600	-0.049500
1627307265.598439	0.608200	-0.335600	-0.742600	-0.032700	-0.010600	-0.039700
1627307265.598831	0.608800	-0.333400	-0.736000	-0.045000	-0.001400	-0.025400
1627307265.600538	0.605600	-0.329300	-0.731900	-0.045300	0.002200	-0.011000
1627307265.600935	0.607900	-0.329600	-0.725300	-0.012000	0.007100	0.005200
1627307265.601366	0.607500	-0.338300	-0.723500	0.034200	0.007100	0.017700
1627307265.603054	0.605700	-0.347700	-0.725300	0.043600	0.008300	0.029000
1627307265.603447	0.603100	-0.354900	-0.725600	0.037500	0.012300	0.035400
1627307265.603885	0.604400	-0.365100	-0.720000	0.065900	0.016000	0.040900
1627307265.605930	0.600800	-0.377300	-0.708000	0.103200	0.017200	0.040300
1627307265.606371	0.605000	-0.389600	-0.697000	0.105600	0.013800	0.035100
1627307265.606765	0.605500	-0.397100	-0.689200	0.066800	0.002500	0.026200
1627307265.607289	0.604400	-0.393600	-0.687600	0.005400	-0.011200	0.016800
1627307265.607898	0.604700	-0.387200	-0.693400	-0.032400	-0.026500	0.012200
1627307265.610419	0.601700	-0.384400	-0.700800	-0.036400	-0.035000	0.011300
1627307265.610814	0.602900	-0.389300	-0.714700	-0.029700	-0.039600	0.010400
1627307265.611252	0.600100	-0.393200	-0.720200	-0.044300	-0.037800	0.008200
1627307265.611646	0.600000	-0.398700	-0.721400	-0.046800	-0.034700	0.005200
1627307265.613698	0.595600	-0.400400	-0.721300	-0.036400	-0.031700	-0.003400
1627307265.614161	0.597500	-0.399000	-0.715300	-0.031200	-0.031100	-0.013800
1627307265.614599	0.595200	-0.396400	-0.709100	-0.026600	-0.031400	-0.024200
1627307265.614992	0.595100	-0.387100	-0.705200	-0.026900	-0.037800	-0.033600
1627307265.617110	0.591200	-0.368700	-0.709800	-0.031200	-0.044500	-0.041000
1627307265.617503	0.591300	-0.349000	-0.713900	-0.024800	-0.045400	-0.042200
1627307265.617939	0.589600	-0.328000	-0.722200	-0.014700	-0.043900	-0.034200
1627307265.618333	0.588300	-0.308600	-0.729900	-0.003100	-0.039600	-0.016200
1627307265.619952	0.583300	-0.298500	-0.732800	0.031400	-0.031400	0.011300
1627307265.620380	0.580700	-0.303600	-0.736300	0.093700	-0.021900	0.041800
1627307265.620774	0.573500	-0.322400	-0.741200	0.144100	-0.011800	0.064700
1627307265.622831	0.567500	-0.343900	-0.737700	0.152400	0.001000	0.082700
1627307265.623225	0.562400	-0.353400	-0.735200	0.146600	0.010800	0.090100
1627307265.623666	0.559700	-0.358000	-0.723000	0.154500	0.017200	0.093700
1627307265.624058	0.561800	-0.361700	-0.706200	0.171300	0.015700	0.095900
1627307265.626514	0.556400	-0.359900	-0.701000	0.157200	0.007400	0.100500
1627307265.626949	0.550300	-0.355800	-0.700800	0.112000	-0.003900	0.110200
1627307265.627341	0.547900	-0.352700	-0.703900	0.107500	-0.017900	0.126100
1627307265.627756	0.545000	-0.363600	-0.720500	0.148700	-0.030500	0.140500
1627307265.628185	0.537500	-0.377400	-0.737900	0.139500	-0.032600	0.145400
1627307265.629796	0.534700	-0.378500	-0.748200	0.090700	-0.025900	0.145700
1627307265.630187	0.530800	-0.372800	-0.748900	0.063800	-0.015500	0.151800
1627307265.630624	0.533600	-0.366500	-0.744400	0.082700	-0.007200	0.159100
1627307265.632760	0.526900	-0.366800	-0.738500	0.093100	0.002500	0.168000
1627307265.633152	0.524500	-0.362700	-0.719000	0.071700	0.009900	0.180500
1627307265.633545	0.527700	-0.358600	-0.705800	0.066500	0.010500	0.192700
1627307265.633938	0.522000	-0.350600	-0.694800	0.064100	0.006500	0.202800
1627307265.635908	0.521400	-0.336400	-0.684700	0.051000	-0.000200	0.219600
1627307265.636305	0.518400	-0.319700	-0.677000	0.059200	-0.009100	0.241900
1627307265.636817	0.548100	-0.535000	-0.886700	-0.039800	0.234100	0.558900
1627307265.637211	0.552600	-0.544200	-0.887300	-0.090800	0.256000	0.548800
1627307265.637607	0.551500	-0.551800	-0.886500	-0.105700	0.277700	0.538400
1627307265.638002	0.554100	-0.564000	-0.882400	-0.106600	0.304600	0.527100
1627307265.638399	0.556300	-0.580000	-0.876100	-0.110300	0.326300	0.507900
1627307265.638793	0.553500	-0.587800	-0.869900	-0.158900	0.344600	0.487100
1627307265.639188	0.551900	-0.590500	-0.860100	-0.202200	0.363900	0.467900
1627307265.639585	0.549200	-0.591400	-0.843100	-0.198000	0.380700	0.442800
1627307265.639980	0.552600	-0.595200	-0.828400	-0.191900	0.385500	0.418100
1627307265.651667	0.551900	-0.595200	-0.823700	-0.231300	0.385500	0.387600
1627307265.652560	0.551100	-0.569800	-0.817300	-0.336000	0.388000	0.361900
1627307265.653742	0.547400	-0.536300	-0.815200	-0.390400	0.390400	0.345700
1627307265.657266	0.552200	-0.513400	-0.820300	-0.393500	0.391400	0.356100
1627307265.672877	0.553000	-0.505100	-0.833600	-0.370200	0.404500	0.369200
1627307265.693117	0.552400	-0.512500	-0.843400	-0.380900	0.421600	0.394300
1627307265.694009	0.556900	-0.529700	-0.842500	-0.373300	0.446600	0.405600
1627307265.697270	0.563000	-0.551000	-0.834800	-0.382500	0.463400	0.412000
1627307265.724319	0.559800	-0.565900	-0.818600	-0.468300	0.476600	0.402800
1627307265.725205	0.565100	-0.554000	-0.789700	-0.597500	0.470200	0.392800
1627307265.727513	0.576700	-0.523400	-0.762700	-0.709300	0.439900	0.394300
1627307265.737122	0.581700	-0.532200	-0.804200	-0.767000	0.390100	0.425100
1627307265.767844	0.564000	-0.574200	-0.894500	-0.742300	0.378800	0.432200
1627307265.768848	0.549700	-0.623900	-0.965200	-0.729700	0.412100	0.419000
1627307265.769794	0.543800	-0.634600	-0.969400	-0.716600	0.474400	0.372900
1627307265.777242	0.568000	-0.641400	-0.930300	-0.698000	0.531500	0.323700
1627307265.792704	0.576900	-0.639600	-0.902100	-0.695200	0.561200	0.281600
1627307265.813129	0.583100	-0.621500	-0.884200	-0.757500	0.576400	0.241000
1627307265.814020	0.573900	-0.588900	-0.865400	-0.819800	0.597200	0.210700
1627307265.817499	0.573100	-0.548100	-0.822900	-0.781000	0.623500	0.186300
1627307265.848093	0.574800	-0.514500	-0.772900	-0.720300	0.634200	0.172800
1627307265.848990	0.575400	-0.489600	-0.718600	-0.753600	0.624700	0.173500
1627307265.849947	0.577500	-0.458000	-0.674200	-0.823800	0.602400	0.178300
1627307265.857370	0.579600	-0.438500	-0.645500	-0.847900	0.571300	0.182300
1627307265.890715	0.580300	-0.421500	-0.626800	-0.900500	0.540700	0.189300
1627307265.891609	0.584800	-0.401400	-0.611900	-0.982900	0.506200	0.201200
1627307265.892412	0.573000	-0.375500	-0.604000	-1.064800	0.473800	0.217700
1627307265.923404	0.576500	-0.353400	-0.592900	-1.119200	0.443900	0.249200
1627307265.925723	0.580700	-0.345700	-0.620600	-1.147300	0.402300	0.287400
1627307265.926622	0.561400	-0.332500	-0.662100	-1.252900	0.396900	0.337500
1627307265.928777	0.565300	-0.320900	-0.665300	-1.234300	0.414900	0.388500
1627307265.937334	0.552700	-0.334000	-0.653900	-1.086800	0.428600	0.438600
1627307265.968114	0.580800	-0.382100	-0.658600	-0.995500	0.422200	0.475200
1627307265.969001	0.556900	-0.421000	-0.682000	-1.080400	0.424000	0.488100
1627307265.969812	0.556300	-0.423000	-0.677100	-1.193700	0.439900	0.485900
1627307265.980972	0.553600	-0.414600	-0.661000	-1.136300	0.447200	0.485000
1627307266.008064	0.550800	-0.416400	-0.643200	-1.045200	0.450900	0.482600
1627307266.009007	0.562000	-0.424800	-0.629500	-1.045500	0.439000	0.480700
1627307266.009862	0.559300	-0.416400	-0.624800	-1.099000	0.427700	0.467600
1627307266.016014	0.562300	-0.391800	-0.616600	-1.148200	0.414600	0.463600
1627307266.031186	0.567000	-0.365700	-0.606700	-1.095000	0.404200	0.466400
1627307266.052974	0.568400	-0.354600	-0.604000	-1.001000	0.390400	0.480100
1627307266.053861	0.570400	-0.349700	-0.602700	-0.916400	0.379100	0.488400
1627307266.057282	0.565300	-0.338400	-0.582900	-0.887900	0.371200	0.507900
1627307266.083117	0.595800	-0.336100	-0.584100	-0.804300	0.346100	0.518600
1627307266.084006	0.575800	-0.327000	-0.605300	-0.771600	0.333600	0.532900
1627307266.086131	0.574600	-0.316500	-0.604700	-0.737100	0.344000	0.550400
1627307266.117141	0.576000	-0.316900	-0.585300	-0.601800	0.347400	0.567500
1627307266.129440	0.580000	-0.337900	-0.561400	-0.476500	0.345800	0.575400
1627307266.130351	0.583400	-0.362900	-0.531400	-0.498200	0.330000	0.580900
1627307266.132531	0.594400	-0.378400	-0.513700	-0.504600	0.306100	0.571100
1627307266.137256	0.598100	-0.386100	-0.505900	-0.482600	0.278000	0.551300
1627307266.152068	0.604400	-0.382300	-0.501600	-0.488100	0.253600	0.527100
1627307266.167907	0.603100	-0.356400	-0.496000	-0.537600	0.232500	0.508500
1627307266.183011	0.607400	-0.321500	-0.484600	-0.549800	0.208700	0.511000
1627307266.183906	0.607800	-0.302700	-0.480600	-0.465800	0.181200	0.531400
1627307266.186107	0.608300	-0.307900	-0.472700	-0.345200	0.154300	0.555600
1627307266.213571	0.611700	-0.327800	-0.467900	-0.306700	0.125600	0.571700
1627307266.214465	0.615400	-0.349700	-0.466200	-0.304900	0.093900	0.581200
1627307266.217457	0.613900	-0.373500	-0.466600	-0.259700	0.064500	0.578500
1627307266.226061	0.608800	-0.398600	-0.468300	-0.179000	0.040700	0.564400
1627307266.256875	0.611000	-0.420200	-0.464600	-0.114300	0.013500	0.541200
1627307266.257783	0.613200	-0.437500	-0.465100	-0.072400	-0.025300	0.508200
1627307266.275480	0.613000	-0.442600	-0.473300	-0.022000	-0.065300	0.472800
1627307266.276376	0.611200	-0.441700	-0.487100	0.045200	-0.098300	0.441600
1627307266.277520	0.614600	-0.436500	-0.503100	0.113600	-0.128800	0.409900
1627307266.287348	0.613300	-0.432300	-0.520300	0.175300	-0.156000	0.385100
1627307266.312953	0.613900	-0.430100	-0.536100	0.236700	-0.177700	0.359800
1627307266.313431	0.613900	-0.422600	-0.553200	0.286700	-0.200000	0.337200
1627307266.315701	0.610100	-0.414300	-0.585100	0.298700	-0.228700	0.321900
1627307266.327302	0.603500	-0.408400	-0.623700	0.308100	-0.242700	0.318500
1627307266.356825	0.603800	-0.408600	-0.658200	0.369200	-0.238400	0.318200
1627307266.357724	0.602200	-0.421800	-0.686400	0.447400	-0.222900	0.322200
1627307266.361108	0.594500	-0.446300	-0.705800	0.510300	-0.198400	0.321000
1627307266.387982	0.589600	-0.471400	-0.710700	0.553100	-0.167300	0.310600
1627307266.388876	0.581400	-0.488800	-0.694600	0.592500	-0.138000	0.293200
1627307266.390009	0.574500	-0.504600	-0.660000	0.639500	-0.123000	0.267800
1627307266.399881	0.566800	-0.513500	-0.641600	0.660900	-0.128500	0.242500
1627307266.431432	0.561900	-0.518900	-0.631500	0.660300	-0.145000	0.215600
1627307266.433352	0.557300	-0.519000	-0.626600	0.655100	-0.164500	0.188700
1627307266.434246	0.556200	-0.522100	-0.633400	0.664600	-0.185300	0.162800
1627307266.436173	0.558600	-0.525100	-0.649200	0.658500	-0.199700	0.136500
1627307266.446040	0.559200	-0.529800	-0.665000	0.635200	-0.204200	0.114200
1627307266.476767	0.563000	-0.533200	-0.678000	0.646900	-0.193900	0.084600
1627307266.477665	0.566800	-0.538900	-0.674800	0.666700	-0.183200	0.058900
1627307266.478816	0.566300	-0.538700	-0.666600	0.643800	-0.174300	0.040000
1627307266.507971	0.562900	-0.535000	-0.654500	0.622400	-0.171900	0.029000
1627307266.508866	0.569300	-0.527700	-0.627700	0.647200	-0.174000	0.018900
1627307266.510402	0.589000	-0.535500	-0.608300	0.690800	-0.198100	0.023500
1627307266.514883	0.585600	-0.585900	-0.643600	0.740300	-0.239400	0.021300
1627307266.530294	0.565800	-0.640000	-0.691300	0.741200	-0.248800	-0.013500
1627307266.550491	0.570600	-0.659800	-0.696800	0.734800	-0.235700	-0.066000
1627307266.551379	0.570100	-0.664800	-0.684800	0.743700	-0.228400	-0.125600
1627307266.556212	0.578100	-0.655800	-0.660300	0.721400	-0.227500	-0.179000
1627307266.580593	0.582800	-0.636400	-0.634300	0.688400	-0.236000	-0.227900
1627307266.581502	0.587800	-0.602700	-0.606700	0.639800	-0.257700	-0.265100
1627307266.584885	0.586800	-0.563800	-0.585300	0.584900	-0.287900	-0.285300
1627307266.612002	0.584000	-0.527300	-0.573700	0.577500	-0.323700	-0.285000
1627307266.612903	0.586700	-0.508500	-0.569600	0.601000	-0.356300	-0.273400
1627307266.617401	0.584000	-0.489900	-0.572800	0.584900	-0.386300	-0.256300
1627307266.626072	0.582200	-0.478900	-0.574000	0.552500	-0.420500	-0.220200
1627307266.653014	0.577900	-0.490000	-0.579500	0.626100	-0.453200	-0.185100
1627307266.653914	0.575000	-0.521900	-0.592400	0.726900	-0.483100	-0.157900
1627307266.654747	0.567100	-0.565200	-0.607700	0.747600	-0.513600	-0.145100
1627307266.666154	0.577100	-0.589700	-0.610700	0.700900	-0.541100	-0.147200
1627307266.701657	0.566300	-0.597800	-0.636200	0.654500	-0.577500	-0.151800
1627307266.702652	0.554300	-0.609400	-0.671500	0.642900	-0.596700	-0.149400
1627307266.703468	0.535800	-0.609600	-0.681600	0.703100	-0.590000	-0.161900
1627307266.705041	0.558800	-0.622400	-0.676600	0.776700	-0.590600	-0.161000
1627307266.720008	0.556600	-0.656100	-0.706100	0.800200	-0.604100	-0.162500
1627307266.735904	0.538600	-0.700100	-0.770500	0.779400	-0.594000	-0.187300
1627307266.755795	0.528000	-0.706700	-0.790900	0.789200	-0.554300	-0.236100
1627307266.756685	0.532300	-0.690100	-0.780300	0.770600	-0.523700	-0.278300
1627307266.757494	0.530200	-0.665000	-0.776500	0.708600	-0.515800	-0.300300
1627307266.788069	0.509500	-0.629900	-0.770500	0.664000	-0.498400	-0.315200
1627307266.788971	0.535300	-0.605800	-0.755500	0.660600	-0.490100	-0.307300
1627307266.789799	0.525000	-0.614600	-0.799600	0.669500	-0.495300	-0.289300
1627307266.793525	0.507100	-0.633500	-0.866200	0.599800	-0.452300	-0.277700
1627307266.831942	0.519500	-0.643300	-0.883800	0.602300	-0.385100	-0.279200
1627307266.832835	0.522300	-0.660400	-0.878500	0.672800	-0.318800	-0.291700
1627307266.833819	0.526100	-0.670800	-0.849400	0.669500	-0.250100	-0.312500
1627307266.837344	0.526600	-0.659300	-0.800400	0.554600	-0.199700	-0.332600
1627307266.861820	0.526500	-0.637200	-0.748200	0.455000	-0.178600	-0.337200
1627307266.862827	0.527300	-0.635300	-0.717400	0.489300	-0.175200	-0.336300
1627307266.864894	0.530900	-0.654200	-0.708100	0.519200	-0.181600	-0.347300
1627307266.877364	0.530800	-0.662100	-0.711500	0.409800	-0.190200	-0.357100
1627307266.904260	0.534200	-0.664400	-0.717700	0.341100	-0.190800	-0.372000
1627307266.905160	0.538700	-0.669400	-0.726800	0.374400	-0.184700	-0.396800
1627307266.907546	0.540500	-0.660400	-0.726000	0.359700	-0.167900	-0.422400
1627307266.913696	0.545400	-0.647800	-0.711900	0.272700	-0.155400	-0.430400
1627307266.928755	0.549000	-0.643800	-0.698200	0.281600	-0.143800	-0.433400
1627307266.948014	0.550800	-0.651000	-0.688600	0.338700	-0.132500	-0.445700
1627307266.948911	0.557400	-0.646500	-0.676500	0.251000	-0.130000	-0.455700
1627307266.961128	0.559700	-0.637200	-0.670800	0.133700	-0.133400	-0.452100
1627307266.964827	0.556500	-0.632600	-0.672900	0.158500	-0.125700	-0.456300
1627307266.979783	0.560400	-0.640100	-0.664400	0.208900	-0.117200	-0.460900
1627307267.002924	0.561400	-0.651600	-0.656200	0.169200	-0.114700	-0.463700
1627307267.003831	0.558300	-0.669700	-0.642100	0.117200	-0.117500	-0.471000
1627307267.004943	0.569000	-0.682700	-0.627600	0.148400	-0.120600	-0.499400
1627307267.051560	0.564000	-0.694200	-0.622700	0.124600	-0.131500	-0.520800
1627307267.054269	0.564300	-0.701700	-0.621700	0.093400	-0.143200	-0.550400
1627307267.055165	0.559900	-0.694700	-0.615700	0.102900	-0.149300	-0.583100
1627307267.055982	0.564100	-0.685300	-0.604400	0.132500	-0.162700	-0.614600
1627307267.057627	0.577000	-0.672600	-0.602300	0.141700	-0.185900	-0.637800
1627307267.072597	0.576700	-0.660500	-0.607300	0.167600	-0.204500	-0.662200
1627307267.094347	0.585200	-0.653300	-0.610400	0.221700	-0.219500	-0.684500
1627307267.095237	0.585300	-0.641800	-0.612800	0.212800	-0.230200	-0.705000
1627307267.096049	0.591700	-0.624800	-0.603100	0.192700	-0.245800	-0.715000
1627307267.106277	0.599700	-0.616000	-0.604000	0.215900	-0.269600	-0.722100
1627307267.121463	0.592500	-0.607900	-0.613400	0.205500	-0.287900	-0.727000
1627307267.132931	0.596100	-0.610500	-0.613500	0.189900	-0.302000	-0.725100
1627307267.133821	0.599900	-0.635100	-0.620000	0.251000	-0.327900	-0.736700
1627307267.164403	0.593900	-0.661500	-0.636100	0.239400	-0.344100	-0.762400
1627307267.165300	0.597400	-0.669200	-0.647300	0.143200	-0.355400	-0.797800
1627307267.166107	0.599600	-0.658600	-0.660800	0.051300	-0.365200	-0.839100
1627307267.192945	0.597800	-0.633800	-0.681400	-0.000100	-0.363400	-0.869600
1627307267.193839	0.593300	-0.609000	-0.692100	-0.007400	-0.351500	-0.887600
1627307267.194759	0.591400	-0.587600	-0.706300	0.012500	-0.334400	-0.897400
1627307267.205027	0.587300	-0.579000	-0.710300	0.033900	-0.306600	-0.900400
1627307267.228434	0.586200	-0.577600	-0.705400	0.064100	-0.286100	-0.902900
1627307267.229329	0.584200	-0.579600	-0.703600	0.095200	-0.269000	-0.910200
1627307267.236106	0.580200	-0.575200	-0.703200	0.105000	-0.251300	-0.915700
1627307267.269135	0.580400	-0.569100	-0.695400	0.136500	-0.233300	-0.921500
1627307267.270024	0.577100	-0.565700	-0.686600	0.200300	-0.218300	-0.930700
1627307267.271548	0.573200	-0.557300	-0.672200	0.232100	-0.208200	-0.943500
1627307267.274869	0.567500	-0.541100	-0.660800	0.207300	-0.203300	-0.952100
1627307267.295560	0.571300	-0.528300	-0.653700	0.200900	-0.204900	-0.955100
1627307267.296457	0.564300	-0.518800	-0.658800	0.204000	-0.208500	-0.957900
1627307267.306357	0.566800	-0.514600	-0.668300	0.184400	-0.205200	-0.956000
1627307267.328362	0.565900	-0.515100	-0.680700	0.166100	-0.193200	-0.954200
1627307267.329255	0.564200	-0.515900	-0.678200	0.186900	-0.169100	-0.960000
1627307267.332438	0.574100	-0.517000	-0.663100	0.206100	-0.154500	-0.971600
1627307267.342505	0.571400	-0.506100	-0.662600	0.140100	-0.153800	-0.979600
1627307267.367955	0.574600	-0.484500	-0.674000	0.065000	-0.151400	-0.979200
1627307267.369098	0.565700	-0.458500	-0.689800	0.069900	-0.137700	-0.974100
1627307267.378675	0.567400	-0.445300	-0.688100	0.161500	-0.114100	-0.961500
1627307267.387345	0.578900	-0.446800	-0.674700	0.263200	-0.101600	-0.947500
1627307267.412062	0.587200	-0.460800	-0.673300	0.277000	-0.103100	-0.938000
1627307267.412960	0.574600	-0.463500	-0.678200	0.214700	-0.098000	-0.937400
1627307267.413789	0.586900	-0.451000	-0.668900	0.223800	-0.090600	-0.947800
1627307267.444893	0.585600	-0.434600	-0.654500	0.252500	-0.089100	-0.956600
1627307267.446955	0.594500	-0.415500	-0.641100	0.230500	-0.097000	-0.960300
1627307267.447846	0.597700	-0.387300	-0.634000	0.160300	-0.105900	-0.953900
1627307267.454887	0.602800	-0.356000	-0.627300	0.112300	-0.114400	-0.935000
1627307267.487855	0.613200	-0.336200	-0.629200	0.125800	-0.127300	-0.904400
1627307267.488559	0.615700	-0.336100	-0.644400	0.153900	-0.136700	-0.857400
1627307267.489599	0.617200	-0.346200	-0.664400	0.152100	-0.136700	-0.825000
1627307267.492089	0.618500	-0.355500	-0.674600	0.158200	-0.126400	-0.800600
1627307267.507890	0.620700	-0.362200	-0.674900	0.179500	-0.110500	-0.785600
1627307267.531754	0.623200	-0.363500	-0.662400	0.201200	-0.097600	-0.774000
1627307267.532596	0.626100	-0.361800	-0.638400	0.222300	-0.094300	-0.762700
1627307267.533764	0.630600	-0.360600	-0.616600	0.234800	-0.107400	-0.753800
1627307267.537618	0.629200	-0.350500	-0.609900	0.200300	-0.130000	-0.744700
1627307267.561787	0.637700	-0.332000	-0.617400	0.151700	-0.150800	-0.735500
1627307267.562695	0.635100	-0.307100	-0.632200	0.121200	-0.160600	-0.717500
1627307267.568201	0.636200	-0.285000	-0.643300	0.134600	-0.159600	-0.691200
1627307267.589708	0.639300	-0.271400	-0.652800	0.170400	-0.154500	-0.658500
1627307267.604786	0.640300	-0.267300	-0.655200	0.197600	-0.146500	-0.621300
1627307267.608912	0.640700	-0.273800	-0.652000	0.233000	-0.139800	-0.583100
1627307267.627152	0.639300	-0.290300	-0.643600	0.279400	-0.134000	-0.553200
1627307267.628055	0.639800	-0.307600	-0.628300	0.321900	-0.135500	-0.538200
1627307267.636229	0.646700	-0.320900	-0.619900	0.323100	-0.150500	-0.534500
1627307267.639446	0.645000	-0.315100	-0.619300	0.266600	-0.167000	-0.536100
1627307267.661865	0.644300	-0.289800	-0.620800	0.215300	-0.177400	-0.533600
1627307267.662772	0.641000	-0.260100	-0.623000	0.218000	-0.184700	-0.519300
1627307267.676346	0.640900	-0.249100	-0.639200	0.275400	-0.188400	-0.480800
1627307267.683454	0.617400	-0.256100	-0.657000	0.340500	-0.177400	-0.452400
1627307267.702933	0.621200	-0.254800	-0.631500	0.339900	-0.157200	-0.427300
1627307267.705151	0.627700	-0.262800	-0.597700	0.342600	-0.160600	-0.399500
1627307267.711173	0.622400	-0.276600	-0.588600	0.340500	-0.181900	-0.374500
1627307267.724079	0.611200	-0.295300	-0.590900	0.308100	-0.202700	-0.358000
1627307267.724959	0.604100	-0.305700	-0.601600	0.281900	-0.217700	-0.350400
1627307267.747736	0.595300	-0.308200	-0.615600	0.266900	-0.227500	-0.349400
1627307267.751142	0.585000	-0.305400	-0.625100	0.254100	-0.229300	-0.343300
1627307267.755787	0.581400	-0.302200	-0.629300	0.280600	-0.226800	-0.335400
1627307267.779987	0.578000	-0.305200	-0.633400	0.325200	-0.223800	-0.328700
1627307267.793005	0.578700	-0.309700	-0.639900	0.330400	-0.223800	-0.323500
1627307267.793880	0.575300	-0.308000	-0.647300	0.311500	-0.219500	-0.317100
1627307267.797035	0.569100	-0.297700	-0.654300	0.316700	-0.207900	-0.310400
1627307267.822223	0.569600	-0.289100	-0.643900	0.394300	-0.191100	-0.298700
1627307267.823106	0.569300	-0.284700	-0.630900	0.451400	-0.188400	-0.285000
1627307267.834902	0.565900	-0.282600	-0.619900	0.449200	-0.193200	-0.265100
1627307267.844493	0.566400	-0.277200	-0.613200	0.446500	-0.206400	-0.245600
1627307267.865651	0.560300	-0.270100	-0.613800	0.476400	-0.223500	-0.223900
1627307267.866533	0.557500	-0.268300	-0.623300	0.506400	-0.237800	-0.198300
1627307267.873525	0.556400	-0.272100	-0.640600	0.513400	-0.253400	-0.162200
1627307267.882401	0.555800	-0.276700	-0.656900	0.535400	-0.258900	-0.123700
1627307267.887669	0.561300	-0.287200	-0.672200	0.570500	-0.257400	-0.095000
1627307267.911857	0.557100	-0.295300	-0.681500	0.574500	-0.251600	-0.066000
1627307267.912753	0.560300	-0.295200	-0.682700	0.558000	-0.243900	-0.037300
1627307267.923809	0.561300	-0.295500	-0.675900	0.563800	-0.240900	-0.004000
1627307267.930715	0.565200	-0.296000	-0.677900	0.575400	-0.244300	0.030800
1627307267.953390	0.572800	-0.302100	-0.688000	0.547000	-0.259500	0.077200
1627307267.954277	0.570100	-0.313600	-0.714000	0.527700	-0.272000	0.127000
1627307267.961207	0.579000	-0.332000	-0.745100	0.549700	-0.274800	0.164600
1627307267.967011	0.578400	-0.362900	-0.789700	0.552500	-0.270800	0.200300
1627307267.991745	0.574300	-0.393900	-0.823600	0.538100	-0.246700	0.226000
1627307267.992627	0.578900	-0.427700	-0.839000	0.554600	-0.211300	0.235500
1627307268.004417	0.580200	-0.462500	-0.840200	0.573500	-0.176100	0.229300
1627307268.030041	0.583600	-0.492900	-0.822800	0.539000	-0.137700	0.203100
1627307268.033195	0.583700	-0.506800	-0.801000	0.485000	-0.114100	0.171300
1627307268.034092	0.583400	-0.504400	-0.775100	0.445000	-0.098300	0.128600
1627307268.045112	0.581200	-0.481600	-0.746600	0.393300	-0.094300	0.088500
1627307268.049745	0.587800	-0.440300	-0.720500	0.321300	-0.102200	0.059200
1627307268.072035	0.594200	-0.382000	-0.707000	0.236400	-0.130300	0.051300
1627307268.072933	0.592300	-0.323600	-0.718900	0.163400	-0.156600	0.073600
1627307268.086222	0.588100	-0.271700	-0.745000	0.195700	-0.171600	0.136500
1627307268.092067	0.598000	-0.271500	-0.766600	0.300800	-0.174600	0.198800
1627307268.113413	0.598300	-0.301100	-0.796500	0.348400	-0.166400	0.256200
1627307268.114295	0.597200	-0.331900	-0.819500	0.327100	-0.141000	0.295900
1627307268.122631	0.595100	-0.347000	-0.824000	0.290100	-0.108900	0.323100
1627307268.135817	0.591800	-0.350800	-0.824600	0.271800	-0.077200	0.348500
1627307268.160694	0.578700	-0.351100	-0.815600	0.288900	-0.036900	0.382700
1627307268.161578	0.581800	-0.371100	-0.791900	0.367700	-0.010900	0.417800
1627307268.162384	0.566500	-0.400600	-0.779400	0.377800	0.000700	0.440700
1627307268.176313	0.579200	-0.425400	-0.767200	0.326100	0.005000	0.455100
1627307268.178987	0.563100	-0.449000	-0.767600	0.270900	0.006500	0.460900
1627307268.201253	0.567900	-0.464500	-0.776900	0.234800	0.010500	0.452600
1627307268.202625	0.571800	-0.463600	-0.784400	0.176800	0.021800	0.440700
1627307268.212469	0.576900	-0.447400	-0.799300	0.069600	0.042500	0.431900
1627307268.224031	0.569600	-0.402600	-0.796400	-0.068500	0.090800	0.435500
1627307268.246476	0.572900	-0.353100	-0.753400	-0.103600	0.133600	0.467600
1627307268.250078	0.570200	-0.335600	-0.702400	-0.054700	0.155300	0.522600
1627307268.254979	0.565200	-0.354500	-0.655000	-0.019900	0.152800	0.586400
1627307268.266531	0.562900	-0.399800	-0.620400	-0.047400	0.128100	0.640800
1627307268.267422	0.564700	-0.452300	-0.616500	-0.106300	0.082300	0.673400
1627307268.285499	0.556300	-0.508800	-0.656000	-0.181500	0.032200	0.685700
1627307268.295927	0.545500	-0.545200	-0.709200	-0.221200	0.007100	0.678000
1627307268.318622	0.543200	-0.571800	-0.752800	-0.194300	0.016900	0.656300
1627307268.321083	0.539100	-0.582800	-0.776700	-0.177200	0.045300	0.625200
1627307268.321961	0.536600	-0.583400	-0.781100	-0.197100	0.082300	0.603200
1627307268.332567	0.533000	-0.580300	-0.762600	-0.171400	0.125600	0.580600
1627307268.335901	0.531700	-0.575200	-0.724400	-0.116400	0.157100	0.558600
1627307268.360586	0.547000	-0.559900	-0.684400	-0.166200	0.161700	0.539400
1627307268.361474	0.543000	-0.531600	-0.682600	-0.309200	0.147900	0.541200
1627307268.371078	0.538300	-0.505500	-0.700800	-0.354400	0.140300	0.555600
1627307268.380761	0.535900	-0.496000	-0.725500	-0.271900	0.147300	0.577200
1627307268.404569	0.537000	-0.505600	-0.757600	-0.197700	0.164700	0.603500
1627307268.405459	0.531000	-0.524900	-0.783100	-0.193700	0.198000	0.626400
1627307268.410045	0.523900	-0.541400	-0.786700	-0.187900	0.241400	0.638600
1627307268.420768	0.522900	-0.559900	-0.771100	-0.122800	0.290600	0.649900
1627307268.445621	0.517700	-0.579700	-0.755000	-0.088000	0.318400	0.658200
1627307268.446503	0.516100	-0.598600	-0.743300	-0.071200	0.343100	0.664000
1627307268.451213	0.517300	-0.623200	-0.740800	-0.055900	0.356800	0.660900
1627307268.455780	0.515100	-0.637500	-0.746100	-0.065400	0.369100	0.650800
1627307268.480673	0.512300	-0.644700	-0.754400	-0.100800	0.388900	0.633700
1627307268.481562	0.509500	-0.645100	-0.752400	-0.111200	0.419800	0.616900
1627307268.491357	0.510600	-0.646500	-0.741200	-0.098100	0.447200	0.598300
1627307268.500950	0.507800	-0.646900	-0.731200	-0.130800	0.467100	0.587300
1627307268.523717	0.508200	-0.645500	-0.711100	-0.185500	0.482700	0.577200
1627307268.529479	0.508200	-0.642300	-0.689300	-0.214500	0.490000	0.566200
1627307268.530376	0.516200	-0.640300	-0.674000	-0.255700	0.484500	0.554900
1627307268.540854	0.512500	-0.637900	-0.671100	-0.324700	0.474100	0.543000
1627307268.564778	0.512300	-0.629600	-0.679400	-0.410900	0.470200	0.539100
1627307268.569236	0.514900	-0.620400	-0.690400	-0.427700	0.468000	0.536600
1627307268.570115	0.516200	-0.618700	-0.700400	-0.431300	0.472900	0.536300
1627307268.583780	0.514600	-0.613200	-0.707000	-0.479000	0.483900	0.538400
1627307268.585829	0.516600	-0.601400	-0.703100	-0.520800	0.496100	0.543600
1627307268.607923	0.514500	-0.591400	-0.698700	-0.522600	0.504400	0.554900
1627307268.610072	0.513800	-0.587900	-0.698700	-0.522600	0.510200	0.569600
1627307268.614517	0.514200	-0.585000	-0.702400	-0.560800	0.514400	0.587000
1627307268.632603	0.509800	-0.579300	-0.703900	-0.602400	0.522100	0.603500
1627307268.642106	0.506600	-0.575700	-0.698200	-0.609700	0.532200	0.622100
1627307268.662788	0.506000	-0.579000	-0.688000	-0.589200	0.538300	0.635600
1627307268.664991	0.508800	-0.585600	-0.678800	-0.608200	0.537300	0.647500
1627307268.668734	0.508700	-0.581900	-0.676500	-0.679300	0.534000	0.660900
1627307268.684056	0.512800	-0.575400	-0.676500	-0.740700	0.529100	0.678000
1627307268.708592	0.509000	-0.572000	-0.680400	-0.751400	0.527000	0.702800
1627307268.709500	0.513900	-0.575400	-0.680900	-0.754500	0.529400	0.726000
1627307268.710314	0.516600	-0.582800	-0.684200	-0.788400	0.528200	0.748000
1627307268.718744	0.513800	-0.590800	-0.685700	-0.832700	0.528200	0.769700
1627307268.730761	0.509000	-0.593300	-0.681400	-0.835700	0.535800	0.787400
1627307268.753410	0.514000	-0.604400	-0.672200	-0.794500	0.538600	0.797800
1627307268.754295	0.517000	-0.617300	-0.666600	-0.774900	0.530600	0.802000
1627307268.761291	0.518200	-0.624800	-0.667600	-0.829000	0.515400	0.800500
1627307268.769880	0.521600	-0.616900	-0.675700	-0.879100	0.500700	0.797800
1627307268.772791	0.518600	-0.602500	-0.690200	-0.892500	0.497000	0.802600
1627307268.795298	0.522500	-0.594500	-0.698400	-0.861100	0.502800	0.810900
1627307268.798915	0.521100	-0.598600	-0.701900	-0.834800	0.513200	0.820700
1627307268.810272	0.526900	-0.604600	-0.699000	-0.858000	0.526400	0.826500
1627307268.814040	0.527600	-0.609500	-0.682300	-0.898000	0.538000	0.830700
1627307268.836562	0.530800	-0.616800	-0.661000	-0.918800	0.541600	0.833500
1627307268.838830	0.531100	-0.630900	-0.645000	-0.914200	0.533400	0.824600
1627307268.848832	0.530300	-0.636000	-0.641400	-0.950900	0.519300	0.810000
1627307268.858072	0.528200	-0.626800	-0.642800	-1.031800	0.506800	0.798700
1627307268.878795	0.527100	-0.610200	-0.644400	-1.053800	0.499200	0.790700
1627307268.879863	0.532100	-0.601000	-0.650400	-0.997900	0.489100	0.786800
1627307268.893610	0.534200	-0.598600	-0.662700	-0.967400	0.488200	0.786500
1627307268.901425	0.533300	-0.592200	-0.669400	-0.981400	0.493100	0.788600
1627307268.923089	0.529200	-0.588900	-0.664700	-0.952100	0.504700	0.792300
1627307268.923901	0.530400	-0.598500	-0.647000	-0.871100	0.510200	0.793800
1627307268.928787	0.534500	-0.616100	-0.633300	-0.817700	0.505300	0.782200
1627307268.938015	0.537400	-0.629800	-0.626100	-0.860800	0.492100	0.765700
1627307268.958265	0.540200	-0.624900	-0.628800	-0.945700	0.474100	0.749200
1627307268.959166	0.539200	-0.615800	-0.633800	-0.938000	0.456400	0.731200
1627307268.968318	0.541400	-0.620500	-0.640100	-0.867200	0.443900	0.711600
1627307268.989803	0.542700	-0.628700	-0.644300	-0.862900	0.436300	0.695100
1627307269.002103	0.550300	-0.635400	-0.642500	-0.890400	0.426500	0.678300
1627307269.003103	0.550900	-0.646100	-0.647500	-0.882100	0.416400	0.657000
1627307269.008288	0.552700	-0.658800	-0.658600	-0.868400	0.410300	0.626400
1627307269.019056	0.554300	-0.658700	-0.663300	-0.897700	0.410000	0.595600
1627307269.031350	0.558600	-0.652700	-0.662000	-0.910200	0.409400	0.560100
1627307269.038320	0.560100	-0.644400	-0.657300	-0.880600	0.405400	0.530500
1627307269.063442	0.562500	-0.639500	-0.654500	-0.850100	0.403300	0.504200
1627307269.064337	0.567900	-0.633900	-0.644900	-0.826200	0.396500	0.477100
1627307269.071245	0.568000	-0.629000	-0.641200	-0.817100	0.384000	0.451700
1627307269.080085	0.563500	-0.616600	-0.640700	-0.817700	0.374200	0.426700
1627307269.085624	0.570300	-0.604400	-0.639000	-0.796300	0.364200	0.401600
1627307269.106305	0.565800	-0.589800	-0.645600	-0.776500	0.346500	0.377800
1627307269.110175	0.573100	-0.574500	-0.651000	-0.771600	0.336700	0.362800
1627307269.125471	0.568000	-0.565800	-0.663500	-0.761800	0.328100	0.351200
1627307269.131534	0.563800	-0.554600	-0.663100	-0.728800	0.331500	0.339300
1627307269.151517	0.567900	-0.556300	-0.657600	-0.666800	0.327500	0.328600
1627307269.152330	0.562000	-0.570800	-0.657700	-0.624400	0.315300	0.310000
1627307269.162493	0.559600	-0.580300	-0.647700	-0.624400	0.308000	0.278500
1627307269.175323	0.566900	-0.578900	-0.635600	-0.633500	0.283200	0.230600
1627307269.196489	0.568100	-0.564700	-0.637500	-0.669600	0.254800	0.187200
1627307269.197371	0.570400	-0.527000	-0.654400	-0.757200	0.229500	0.155700
1627307269.199316	0.572300	-0.484900	-0.673100	-0.803000	0.216300	0.146900
1627307269.212846	0.575900	-0.450700	-0.691800	-0.745600	0.213900	0.157000
1627307269.213729	0.578000	-0.447400	-0.708600	-0.634400	0.221500	0.177100
1627307269.237337	0.573100	-0.465200	-0.717200	-0.549500	0.238000	0.191200
1627307269.245330	0.573400	-0.491900	-0.706100	-0.507100	0.258800	0.193000
1627307269.246224	0.573400	-0.491900	-0.706100	-0.507100	0.258800	0.193000
1627307269.274556	0.575100	-0.520800	-0.669700	-0.437100	0.268600	0.149600
1627307269.278074	0.575100	-0.520800	-0.669700	-0.437100	0.268600	0.149600
1627307269.278985	0.578700	-0.518300	-0.645100	-0.446000	0.261200	0.119700
1627307269.282134	0.578000	-0.502100	-0.625100	-0.448100	0.247500	0.095900
1627307269.306256	0.577500	-0.481800	-0.606800	-0.408400	0.232200	0.081200
1627307269.319378	0.574200	-0.470700	-0.582000	-0.315600	0.214500	0.076000
1627307269.320071	0.572600	-0.468500	-0.557900	-0.230300	0.192800	0.073600
1627307269.327058	0.573700	-0.470000	-0.537500	-0.196800	0.163500	0.071100
1627307269.351952	0.577300	-0.475100	-0.523200	-0.182400	0.118900	0.068100
1627307269.352841	0.571200	-0.484500	-0.529400	-0.158600	0.068200	0.060400
1627307269.359991	0.568100	-0.504300	-0.548500	-0.116400	0.022700	0.046400
1627307269.368693	0.565200	-0.526100	-0.572100	-0.072700	-0.016700	0.016800
1627307269.372802	0.570600	-0.539200	-0.610000	-0.090800	-0.055200	-0.037900
1627307269.398611	0.568100	-0.525800	-0.646400	-0.175400	-0.075000	-0.092300
1627307269.400506	0.566000	-0.485000	-0.668900	-0.234900	-0.074100	-0.135000
1627307269.416269	0.571500	-0.437400	-0.675200	-0.216900	-0.064700	-0.160700
1627307269.418993	0.580100	-0.401100	-0.674300	-0.174800	-0.060100	-0.168900
1627307269.440437	0.581400	-0.375500	-0.675900	-0.184200	-0.064400	-0.158200
1627307269.441261	0.584100	-0.358500	-0.683100	-0.224200	-0.071700	-0.138400
1627307269.447124	0.588500	-0.353300	-0.706500	-0.226100	-0.081500	-0.113000
1627307269.468798	0.586300	-0.363000	-0.732800	-0.201000	-0.083900	-0.092300
1627307269.469809	0.587200	-0.377700	-0.755900	-0.167100	-0.072900	-0.080400
1627307269.484935	0.590100	-0.391700	-0.771600	-0.119200	-0.057000	-0.081000
1627307269.490320	0.589000	-0.400600	-0.780600	-0.075500	-0.037200	-0.086500
1627307269.514221	0.593100	-0.405000	-0.779500	-0.038800	-0.016100	-0.094400
1627307269.515038	0.593400	-0.402700	-0.764200	0.006400	0.006500	-0.108200
1627307269.517636	0.601800	-0.395100	-0.739900	0.053100	0.023600	-0.121300
1627307269.533153	0.602500	-0.384000	-0.722200	0.063500	0.025700	-0.125900
1627307269.535185	0.603300	-0.373500	-0.705700	0.056800	0.026100	-0.122800
1627307269.557679	0.604500	-0.365100	-0.691300	0.081500	0.020600	-0.110900
1627307269.558712	0.606400	-0.377300	-0.687400	0.129100	0.007400	-0.098100
1627307269.574075	0.603100	-0.401700	-0.700300	0.147800	-0.002400	-0.088600
1627307269.579002	0.597900	-0.429300	-0.707000	0.154200	0.001600	-0.092000
1627307269.598351	0.594600	-0.455600	-0.702900	0.194800	0.008600	-0.107800
1627307269.599237	0.590300	-0.482800	-0.688000	0.240000	0.012000	-0.134100
1627307269.607166	0.587300	-0.501000	-0.664800	0.251600	0.010500	-0.175700
1627307269.618697	0.589800	-0.502700	-0.631200	0.218300	-0.003300	-0.224200
1627307269.626234	0.590600	-0.484300	-0.606400	0.155400	-0.035300	-0.265800
1627307269.639170	0.588700	-0.458100	-0.591100	0.116300	-0.072600	-0.298400
1627307269.660348	0.594600	-0.430700	-0.592000	0.124000	-0.121800	-0.324100
1627307269.661159	0.598000	-0.410400	-0.598900	0.118100	-0.165500	-0.339700
1627307269.671230	0.593100	-0.393100	-0.617600	0.081800	-0.199400	-0.345500
1627307269.685413	0.592000	-0.374400	-0.643900	0.061600	-0.229300	-0.342400
1627307269.703985	0.581400	-0.364700	-0.672600	0.085800	-0.245500	-0.333300
1627307269.705227	0.581900	-0.369500	-0.702300	0.156300	-0.249400	-0.318600
1627307269.707571	0.583400	-0.397300	-0.729100	0.244600	-0.248200	-0.312200
1627307269.721720	0.588900	-0.440400	-0.761100	0.315200	-0.240000	-0.322600
1627307269.722605	0.585200	-0.458400	-0.781900	0.322200	-0.223800	-0.352500
1627307269.746224	0.578400	-0.453900	-0.787800	0.314800	-0.197500	-0.384000
1627307269.747423	0.576400	-0.434700	-0.772200	0.357300	-0.169100	-0.408400
1627307269.762755	0.577800	-0.424700	-0.743700	0.456300	-0.158400	-0.423700
1627307269.767666	0.575300	-0.432600	-0.727500	0.529900	-0.163600	-0.435300
1627307269.791636	0.570800	-0.445700	-0.716700	0.522500	-0.172200	-0.453300
1627307269.792459	0.575200	-0.452900	-0.712500	0.468800	-0.191400	-0.484400
1627307269.796402	0.577000	-0.451500	-0.726300	0.424800	-0.206700	-0.512500
1627307269.811600	0.571900	-0.441400	-0.748000	0.374100	-0.208800	-0.537600
1627307269.831619	0.571900	-0.426300	-0.758700	0.364600	-0.198100	-0.551600
1627307269.832745	0.573600	-0.420400	-0.764600	0.405300	-0.185300	-0.561400
1627307269.836290	0.575400	-0.422100	-0.767500	0.440400	-0.170000	-0.566300
1627307269.848048	0.577400	-0.431400	-0.763300	0.450800	-0.158100	-0.572100
1627307269.848946	0.573400	-0.435900	-0.759200	0.461200	-0.147100	-0.584600
1627307269.872901	0.574200	-0.434700	-0.757200	0.461800	-0.144100	-0.595600
1627307269.876308	0.567100	-0.424900	-0.756800	0.463000	-0.140400	-0.601100
1627307269.894058	0.583300	-0.420800	-0.760900	0.501200	-0.139500	-0.604500
1627307269.910493	0.571900	-0.416900	-0.778000	0.535100	-0.135200	-0.606000
1627307269.911300	0.576700	-0.405600	-0.789200	0.536600	-0.117800	-0.606900
1627307269.916348	0.581700	-0.396600	-0.786700	0.556400	-0.092800	-0.600800
1627307269.931634	0.584100	-0.387500	-0.772700	0.600700	-0.068900	-0.589500
1627307269.949204	0.583400	-0.386500	-0.749100	0.623600	-0.052400	-0.579100
1627307269.950017	0.583300	-0.384400	-0.720100	0.621200	-0.045100	-0.566300
1627307269.961369	0.585200	-0.386100	-0.692000	0.609300	-0.054300	-0.551600
1627307269.967725	0.580300	-0.392900	-0.679800	0.591900	-0.073500	-0.537600
1627307269.987825	0.575900	-0.401900	-0.670400	0.583000	-0.090600	-0.527200
1627307269.988638	0.579300	-0.415600	-0.661300	0.592500	-0.115700	-0.524800
1627307269.999091	0.578200	-0.423800	-0.662100	0.558000	-0.139200	-0.527800
1627307270.007817	0.579100	-0.421900	-0.662800	0.491100	-0.158400	-0.528100
1627307270.025696	0.581400	-0.414100	-0.665800	0.461200	-0.175500	-0.526300
1627307270.032830	0.582300	-0.411300	-0.672900	0.469100	-0.190500	-0.521100
1627307270.033857	0.581200	-0.414400	-0.675000	0.477600	-0.198100	-0.515300
1627307270.056134	0.587200	-0.421900	-0.677600	0.479800	-0.207000	-0.512200
1627307270.057533	0.590000	-0.424900	-0.687900	0.450800	-0.219200	-0.515000
1627307270.072468	0.591200	-0.413500	-0.694700	0.401900	-0.225000	-0.517700
1627307270.080252	0.588600	-0.392900	-0.698200	0.382000	-0.228100	-0.508900
1627307270.100482	0.590800	-0.381600	-0.701800	0.419600	-0.229300	-0.491800
1627307270.101379	0.589700	-0.383700	-0.705400	0.474900	-0.229300	-0.472500
1627307270.105216	0.592000	-0.395000	-0.712900	0.494100	-0.226200	-0.457900
1627307270.120438	0.589200	-0.402000	-0.713500	0.477300	-0.221000	-0.443500
1627307270.122851	0.588700	-0.410900	-0.705700	0.489900	-0.211600	-0.431000
1627307270.145232	0.586500	-0.425400	-0.693500	0.546400	-0.203900	-0.428200
1627307270.146214	0.594100	-0.439100	-0.670300	0.578400	-0.206400	-0.431900
1627307270.161549	0.597700	-0.447500	-0.651600	0.538400	-0.220400	-0.442600
1627307270.167730	0.596100	-0.446400	-0.640700	0.471200	-0.239700	-0.453300
1627307270.190360	0.593800	-0.433200	-0.633300	0.431500	-0.259800	-0.465200
1627307270.191169	0.599700	-0.424800	-0.634500	0.430600	-0.284600	-0.465500
1627307270.195224	0.599700	-0.418800	-0.649500	0.412300	-0.307500	-0.464300
1627307270.210328	0.597500	-0.414800	-0.663700	0.391500	-0.312400	-0.460900
1627307270.211217	0.607700	-0.413100	-0.669100	0.414400	-0.312700	-0.453900
1627307270.232887	0.611000	-0.417400	-0.675200	0.456600	-0.315400	-0.449300
1627307270.237562	0.606800	-0.421900	-0.679000	0.461800	-0.313000	-0.446000
1627307270.246397	0.609300	-0.419700	-0.676000	0.469700	-0.308700	-0.442600
1627307270.253010	0.599100	-0.417400	-0.663500	0.532600	-0.307200	-0.437400
1627307270.271318	0.604400	-0.423300	-0.649700	0.620900	-0.313900	-0.432500
1627307270.275031	0.606200	-0.432000	-0.652600	0.631300	-0.333100	-0.429800
1627307270.290468	0.592500	-0.430500	-0.665900	0.581500	-0.342600	-0.422400
1627307270.292772	0.591700	-0.423800	-0.667400	0.608700	-0.338000	-0.416300
1627307270.317188	0.596300	-0.432900	-0.672600	0.718300	-0.338900	-0.412100
1627307270.318076	0.588500	-0.450400	-0.681000	0.753800	-0.336500	-0.411400
1627307270.325113	0.584100	-0.458000	-0.676400	0.710100	-0.325200	-0.421200
1627307270.330969	0.575700	-0.444100	-0.654700	0.694200	-0.320300	-0.437400
1627307270.354454	0.562500	-0.415500	-0.627000	0.674600	-0.324300	-0.447200
1627307270.355339	0.553800	-0.377400	-0.593800	0.628500	-0.347500	-0.439500
1627307270.368977	0.536700	-0.344100	-0.576200	0.600400	-0.385700	-0.404400
1627307270.371068	0.542200	-0.327500	-0.574300	0.623900	-0.433300	-0.357700
1627307270.396664	0.539300	-0.336300	-0.604100	0.656900	-0.485500	-0.297800
1627307270.397644	0.531900	-0.378200	-0.663900	0.687800	-0.513300	-0.233400
1627307270.407640	0.530200	-0.418000	-0.692400	0.769000	-0.511500	-0.201600
1627307270.419128	0.549300	-0.469400	-0.713600	0.862500	-0.505400	-0.188200
1627307270.439267	0.537100	-0.511000	-0.733900	0.864900	-0.486800	-0.193100
1627307270.440135	0.542700	-0.529100	-0.730700	0.825200	-0.455600	-0.208600
1627307270.448928	0.540000	-0.527200	-0.710600	0.842000	-0.426300	-0.229100
1627307270.459770	0.543800	-0.516600	-0.672400	0.888500	-0.411600	-0.241300
1627307270.485729	0.541600	-0.508100	-0.639900	0.884800	-0.424200	-0.241300
1627307270.486630	0.538500	-0.507100	-0.626000	0.856100	-0.448600	-0.231900
1627307270.487442	0.537500	-0.511800	-0.636600	0.853000	-0.480000	-0.222400
1627307270.499025	0.533900	-0.523900	-0.662800	0.839900	-0.503600	-0.214400
1627307270.504099	0.537600	-0.536400	-0.700200	0.803500	-0.516700	-0.209900
1627307270.515547	0.543500	-0.548500	-0.737500	0.777000	-0.511200	-0.209600
1627307270.526372	0.545000	-0.562300	-0.767600	0.777900	-0.485900	-0.212900
1627307270.534648	0.542000	-0.581800	-0.781500	0.804200	-0.442500	-0.222400
1627307270.559542	0.542000	-0.593300	-0.767900	0.814500	-0.399100	-0.235200
1627307270.560425	0.542000	-0.601900	-0.737500	0.810300	-0.372500	-0.246200
1627307270.565194	0.540200	-0.612100	-0.708300	0.817000	-0.364900	-0.258100
1627307270.575175	0.540800	-0.620200	-0.688500	0.811500	-0.379900	-0.272500
1627307270.579161	0.543100	-0.627100	-0.690600	0.769300	-0.407400	-0.283200
1627307270.605691	0.548800	-0.627600	-0.724900	0.707300	-0.432700	-0.296900
1627307270.606590	0.545300	-0.628300	-0.765300	0.675300	-0.438800	-0.300900
1627307270.618461	0.542400	-0.637900	-0.797400	0.706400	-0.418700	-0.298700
1627307270.626847	0.544700	-0.666000	-0.812300	0.784600	-0.382900	-0.303900
1627307270.633937	0.548100	-0.700700	-0.805500	0.830700	-0.343800	-0.321300
1627307270.644749	0.550200	-0.726400	-0.776100	0.792900	-0.311100	-0.356200
1627307270.664392	0.562700	-0.726100	-0.735200	0.685300	-0.297100	-0.399500
1627307270.665200	0.556900	-0.720000	-0.706300	0.608400	-0.309000	-0.438000
1627307270.675220	0.551900	-0.724500	-0.696800	0.608100	-0.323100	-0.475900
1627307270.685339	0.558000	-0.727800	-0.694500	0.569000	-0.341100	-0.515600
1627307270.709399	0.547400	-0.720100	-0.699300	0.454100	-0.359100	-0.558700
1627307270.710213	0.562100	-0.686800	-0.705600	0.308400	-0.379300	-0.595600
1627307270.714003	0.539600	-0.661000	-0.733000	0.222600	-0.390600	-0.608500
1627307270.729118	0.543800	-0.655500	-0.754500	0.270900	-0.379900	-0.619800
1627307270.731676	0.524800	-0.665500	-0.780600	0.300500	-0.357300	-0.638100
1627307270.754924	0.524300	-0.670000	-0.771000	0.226900	-0.328900	-0.656100
1627307270.756633	0.527100	-0.663100	-0.760500	0.179200	-0.318800	-0.679000
1627307270.771905	0.508900	-0.651400	-0.754200	0.151400	-0.306900	-0.702800
1627307270.775331	0.514200	-0.632900	-0.742300	0.136800	-0.300100	-0.718700
1627307270.792921	0.511600	-0.620100	-0.749600	0.123300	-0.305600	-0.727900
1627307270.794341	0.511000	-0.603600	-0.768300	0.096200	-0.298900	-0.732800
1627307270.807680	0.506000	-0.583000	-0.785500	0.094600	-0.275400	-0.730600
1627307270.816837	0.509900	-0.570200	-0.791000	0.126100	-0.248500	-0.722400
1627307270.837957	0.499600	-0.571700	-0.789200	0.164900	-0.217100	-0.709600
1627307270.839021	0.492300	-0.578200	-0.769400	0.198200	-0.184700	-0.697300
1627307270.844632	0.497100	-0.594600	-0.738800	0.247300	-0.168500	-0.693700
1627307270.866134	0.493300	-0.611600	-0.713400	0.241500	-0.165100	-0.709600
1627307270.879499	0.492900	-0.611900	-0.680500	0.168200	-0.169100	-0.730300
1627307270.880382	0.495200	-0.604100	-0.655000	0.125500	-0.187100	-0.766100
1627307270.891124	0.513500	-0.586700	-0.637700	0.099500	-0.207000	-0.804800
1627307270.907623	0.505000	-0.549800	-0.619100	0.002700	-0.221000	-0.839400
1627307270.913451	0.518700	-0.499900	-0.586200	-0.107300	-0.236000	-0.864700
1627307270.923275	0.507000	-0.436900	-0.559600	-0.201300	-0.269900	-0.870800
1627307270.924191	0.516100	-0.381200	-0.548500	-0.287800	-0.311100	-0.844200
1627307270.928551	0.489300	-0.331200	-0.541900	-0.333000	-0.353000	-0.785900
1627307270.956486	0.503400	-0.316900	-0.525900	-0.267300	-0.402200	-0.709900
1627307270.962899	0.496200	-0.340000	-0.530600	-0.187300	-0.473600	-0.646300
1627307270.963789	0.488500	-0.376700	-0.553800	-0.218700	-0.542400	-0.586800
1627307270.985250	0.491700	-0.421500	-0.589700	-0.217800	-0.611100	-0.546800
1627307270.986151	0.482100	-0.470700	-0.659900	-0.164100	-0.672500	-0.534500
1627307271.001600	0.467900	-0.512600	-0.745200	-0.168700	-0.703900	-0.539700
1627307271.003942	0.462000	-0.534700	-0.834600	-0.184500	-0.693200	-0.568700
1627307271.021932	0.461200	-0.535500	-0.885900	-0.149100	-0.656000	-0.606000
1627307271.022813	0.455100	-0.524000	-0.913700	-0.113100	-0.600700	-0.640200
1627307271.036181	0.464100	-0.504400	-0.908300	-0.097800	-0.544200	-0.671100
1627307271.056122	0.468800	-0.474200	-0.892000	-0.123400	-0.503600	-0.696100
1627307271.067114	0.473100	-0.434300	-0.880200	-0.205300	-0.470900	-0.711700
1627307271.068001	0.482800	-0.390300	-0.871300	-0.299700	-0.450700	-0.715400
1627307271.076091	0.480500	-0.333600	-0.878700	-0.399300	-0.428700	-0.703700
1627307271.093749	0.478500	-0.289100	-0.895000	-0.475000	-0.405800	-0.677800
1627307271.104540	0.480100	-0.257400	-0.906700	-0.524800	-0.373800	-0.631400
1627307271.105429	0.491300	-0.245000	-0.913300	-0.496700	-0.336800	-0.580000
1627307271.116179	0.492300	-0.257300	-0.924800	-0.446300	-0.298600	-0.533600
1627307271.138701	0.495800	-0.269200	-0.938000	-0.474700	-0.258000	-0.499100
1627307271.142057	0.494300	-0.260900	-0.948700	-0.564800	-0.212500	-0.463100
1627307271.146525	0.492400	-0.235200	-0.955000	-0.587100	-0.147100	-0.411800
1627307271.147447	0.489100	-0.226800	-0.955600	-0.480500	-0.087600	-0.356500
1627307271.171670	0.489100	-0.236800	-0.943800	-0.343400	-0.028300	-0.300300
1627307271.172487	0.495700	-0.266400	-0.925500	-0.251700	0.019300	-0.258100
1627307271.182676	0.488800	-0.290200	-0.907000	-0.255700	0.063300	-0.231900
1627307271.192956	0.486800	-0.299800	-0.876300	-0.274300	0.102700	-0.213800
1627307271.215577	0.484500	-0.304000	-0.832900	-0.218400	0.128400	-0.204100
1627307271.216623	0.484400	-0.315900	-0.793100	-0.154900	0.136300	-0.199200
1627307271.223895	0.488400	-0.315300	-0.769000	-0.190000	0.130200	-0.204700
1627307271.226620	0.491000	-0.293200	-0.758900	-0.293900	0.117400	-0.208000
1627307271.249361	0.487100	-0.257800	-0.760100	-0.370800	0.110400	-0.199500
1627307271.252654	0.481800	-0.221900	-0.759000	-0.343700	0.115500	-0.176300
1627307271.268878	0.500500	-0.218900	-0.755900	-0.238600	0.118900	-0.144200
1627307271.284413	0.481900	-0.228000	-0.768400	-0.226400	0.127800	-0.117900
1627307271.285296	0.490500	-0.204300	-0.739500	-0.330500	0.148200	-0.090700
1627307271.295695	0.501800	-0.181300	-0.712300	-0.335100	0.142700	-0.052300
1627307271.319008	0.494600	-0.177000	-0.708900	-0.268800	0.127500	-0.003700
1627307271.325697	0.487900	-0.185300	-0.712600	-0.216300	0.121000	0.046400
1627307271.326586	0.490600	-0.201400	-0.707600	-0.159200	0.116200	0.088500
1627307271.332696	0.493400	-0.220800	-0.706900	-0.099900	0.103300	0.123400
1627307271.341102	0.488000	-0.240800	-0.721300	-0.074600	0.092000	0.153600
1627307271.363195	0.484700	-0.251000	-0.724000	-0.044600	0.091400	0.172500
1627307271.364059	0.485800	-0.257200	-0.723400	0.015800	0.089600	0.189300
1627307271.377533	0.484500	-0.264600	-0.717300	0.056100	0.087400	0.201200
1627307271.386496	0.481800	-0.264500	-0.711500	0.047900	0.081000	0.213200
1627307271.404677	0.484300	-0.257000	-0.706200	0.013700	0.066700	0.227200
1627307271.405391	0.483900	-0.245800	-0.716200	-0.019300	0.045900	0.249200
1627307271.413993	0.486600	-0.235100	-0.741500	-0.042200	0.024500	0.283700
1627307271.424771	0.482800	-0.232700	-0.773700	-0.054400	0.018100	0.315200
1627307271.447526	0.478900	-0.235200	-0.806400	-0.053500	0.024800	0.347200
1627307271.448707	0.475800	-0.238300	-0.833500	-0.053800	0.038600	0.375700
1627307271.463903	0.476100	-0.243200	-0.856000	-0.064500	0.054800	0.405600
1627307271.467750	0.473800	-0.250400	-0.877400	-0.071500	0.075800	0.435200
1627307271.468637	0.473900	-0.257200	-0.889500	-0.053800	0.105200	0.459300
1627307271.496336	0.477300	-0.267600	-0.893100	-0.045300	0.138100	0.481000
1627307271.500932	0.481900	-0.262600	-0.896500	-0.078900	0.161700	0.497500
1627307271.501820	0.481300	-0.246100	-0.897300	-0.134100	0.187900	0.519200
1627307271.512236	0.484100	-0.225700	-0.891400	-0.149400	0.215700	0.547900
1627307271.535196	0.483000	-0.205600	-0.882600	-0.127400	0.243200	0.588800
1627307271.536460	0.483500	-0.191700	-0.873400	-0.122800	0.266100	0.637700
1627307271.551521	0.476900	-0.185400	-0.861700	-0.142400	0.286600	0.703400
1627307271.555524	0.475100	-0.197800	-0.843100	-0.108800	0.307100	0.781000
1627307271.556412	0.481400	-0.236600	-0.841300	-0.036400	0.314100	0.834400
1627307271.580387	0.473100	-0.283100	-0.846300	-0.035500	0.326000	0.871700
1627307271.582646	0.471300	-0.314300	-0.837900	-0.094100	0.343100	0.893100
1627307271.599193	0.471600	-0.332000	-0.819000	-0.115500	0.356500	0.901300
1627307271.611869	0.469800	-0.341100	-0.795400	-0.111800	0.362900	0.905600
1627307271.612826	0.471400	-0.338600	-0.771000	-0.159800	0.356800	0.916000
1627307271.619673	0.467700	-0.330000	-0.763300	-0.237700	0.340700	0.933700
1627307271.631731	0.464500	-0.321700	-0.762800	-0.262400	0.326900	0.959300
1627307271.641630	0.472800	-0.329200	-0.770100	-0.238000	0.311900	0.989900
1627307271.643465	0.464100	-0.353600	-0.791600	-0.232200	0.301900	1.017100
1627307271.670772	0.463000	-0.372100	-0.797600	-0.250500	0.310700	1.036300
1627307271.671637	0.470100	-0.389400	-0.790500	-0.242900	0.317100	1.048500
1627307271.682775	0.479500	-0.411600	-0.802500	-0.267300	0.308900	1.057700
1627307271.687203	0.457300	-0.413300	-0.821800	-0.369300	0.312900	1.065000
1627307271.710634	0.465600	-0.409100	-0.835400	-0.414200	0.323500	1.074200
1627307271.712893	0.454500	-0.404700	-0.853300	-0.387600	0.339700	1.084900
1627307271.722731	0.454800	-0.411300	-0.867800	-0.378500	0.366900	1.099500
1627307271.730727	0.459200	-0.420400	-0.867200	-0.383400	0.395900	1.115700
1627307271.754833	0.458500	-0.436500	-0.860200	-0.372700	0.423700	1.120300
1627307271.755724	0.465300	-0.433700	-0.838500	-0.404400	0.456700	1.116600
1627307271.762655	0.473500	-0.415900	-0.822500	-0.481100	0.463100	1.120900
1627307271.771381	0.462900	-0.385100	-0.814600	-0.564500	0.467100	1.140800
1627307271.776566	0.464100	-0.357200	-0.802900	-0.554400	0.472600	1.179900
1627307271.798889	0.466600	-0.353600	-0.813700	-0.479000	0.466200	1.227800
1627307271.801341	0.446900	-0.367900	-0.835200	-0.485400	0.476900	1.281300
1627307271.817249	0.455400	-0.394300	-0.839500	-0.473200	0.497600	1.337200
1627307271.824181	0.452100	-0.449500	-0.851700	-0.379700	0.513200	1.381400
1627307271.844134	0.437000	-0.501600	-0.866600	-0.372100	0.536700	1.397900
1627307271.846463	0.442600	-0.538500	-0.869000	-0.423100	0.564200	1.397600
1627307271.855034	0.430900	-0.558000	-0.868800	-0.457000	0.592600	1.387500
1627307271.864044	0.431300	-0.565800	-0.852100	-0.444500	0.625900	1.374400
1627307271.883118	0.429300	-0.574700	-0.830800	-0.410200	0.651900	1.361600
1627307271.884027	0.435800	-0.586200	-0.799800	-0.412100	0.671700	1.346600
1627307271.895252	0.437600	-0.587200	-0.774700	-0.480800	0.679700	1.325900
1627307271.902997	0.437700	-0.573900	-0.758800	-0.581000	0.681500	1.313600
1627307271.922094	0.437500	-0.555200	-0.738600	-0.643900	0.682400	1.310600
1627307271.922978	0.438600	-0.549800	-0.721900	-0.643300	0.677500	1.315500
1627307271.931134	0.445800	-0.560300	-0.707800	-0.641500	0.664400	1.318200
1627307271.951779	0.446900	-0.577600	-0.704800	-0.703800	0.648800	1.312100
1627307271.952599	0.452100	-0.578900	-0.697900	-0.815900	0.633900	1.299300
1627307271.962214	0.456900	-0.569100	-0.692000	-0.880300	0.616200	1.283700
1627307271.971388	0.462800	-0.553200	-0.687600	-0.896800	0.598100	1.271200
1627307271.986939	0.470200	-0.539900	-0.693500	-0.922200	0.573700	1.266300
1627307271.990417	0.467200	-0.515400	-0.708400	-0.979000	0.553800	1.269700
1627307272.010956	0.469600	-0.484700	-0.727400	-1.010700	0.540700	1.288300
1627307272.011647	0.470500	-0.464100	-0.747300	-0.955400	0.532200	1.322500
1627307272.022704	0.464600	-0.472400	-0.775500	-0.819200	0.536400	1.366800
1627307272.025904	0.465800	-0.498300	-0.793300	-0.726400	0.548700	1.399200
1627307272.050747	0.466600	-0.523400	-0.805400	-0.706800	0.562700	1.420200
1627307272.051629	0.461800	-0.540600	-0.812500	-0.698900	0.581000	1.435500
1627307272.061474	0.457400	-0.564000	-0.813200	-0.635700	0.601200	1.445300
1627307272.070961	0.458100	-0.595600	-0.811500	-0.548900	0.618900	1.449900
1627307272.095466	0.456300	-0.632900	-0.808000	-0.518400	0.635400	1.444100
1627307272.096529	0.460600	-0.666700	-0.800200	-0.548300	0.650700	1.420200
1627307272.100340	0.463500	-0.687500	-0.793300	-0.574000	0.659800	1.394900
1627307272.115507	0.464500	-0.706100	-0.787000	-0.585900	0.667200	1.365300
1627307272.116395	0.462300	-0.721100	-0.774700	-0.594700	0.671400	1.331000
1627307272.139014	0.472500	-0.720200	-0.752900	-0.635700	0.669000	1.295000
1627307272.141281	0.484900	-0.732100	-0.761200	-0.698900	0.647900	1.272700
1627307272.153082	0.473300	-0.763800	-0.809300	-0.720000	0.643000	1.242800
1627307272.172077	0.466200	-0.809100	-0.849200	-0.662200	0.680000	1.182000
1627307272.172964	0.471200	-0.841400	-0.843800	-0.603600	0.725800	1.104400
1627307272.184096	0.479200	-0.854900	-0.808000	-0.641500	0.761800	1.014900
1627307272.191033	0.484100	-0.840200	-0.759500	-0.759400	0.776800	0.929400
1627307272.211455	0.488500	-0.810800	-0.714600	-0.836000	0.771000	0.855200
1627307272.219606	0.497300	-0.785400	-0.682600	-0.837500	0.754200	0.789800
1627307272.220499	0.501200	-0.764500	-0.658300	-0.848500	0.725800	0.726300
1627307272.231108	0.512100	-0.739600	-0.648200	-0.917900	0.694300	0.675600
1627307272.256175	0.519500	-0.719100	-0.651100	-0.954200	0.663800	0.642000
1627307272.257067	0.518400	-0.709500	-0.658400	-0.911200	0.646700	0.612700
1627307272.260198	0.524800	-0.714100	-0.658400	-0.816500	0.638400	0.579100
1627307272.272694	0.527200	-0.723900	-0.652300	-0.760000	0.632600	0.532300
1627307272.281876	0.527500	-0.720100	-0.634400	-0.773700	0.626500	0.482900
1627307272.299061	0.530800	-0.699700	-0.605200	-0.775500	0.607300	0.427600
1627307272.312846	0.536500	-0.679200	-0.586800	-0.716600	0.578900	0.377800
1627307272.313747	0.538100	-0.663800	-0.576300	-0.674800	0.549600	0.337200
1627307272.329229	0.540400	-0.646600	-0.570200	-0.660400	0.519600	0.302700
1627307272.330350	0.548500	-0.628900	-0.566400	-0.634100	0.487600	0.268100
1627307272.342791	0.549300	-0.616700	-0.568000	-0.596300	0.454900	0.238500
1627307272.346785	0.541500	-0.609400	-0.572400	-0.568200	0.427700	0.210700
1627307272.370405	0.548100	-0.604500	-0.568200	-0.527500	0.393500	0.173800
1627307272.380905	0.546400	-0.605100	-0.574000	-0.496700	0.357800	0.144700
1627307272.381788	0.545400	-0.606400	-0.589800	-0.500000	0.329000	0.116000
1627307272.391069	0.535400	-0.604600	-0.595700	-0.476200	0.310700	0.085800
1627307272.410304	0.544800	-0.603800	-0.590100	-0.386100	0.291200	0.050400
1627307272.422183	0.546000	-0.610500	-0.593500	-0.327500	0.262500	0.013100
1627307272.423064	0.541600	-0.607500	-0.600200	-0.358900	0.236800	-0.024800
1627307272.429954	0.541700	-0.585700	-0.609000	-0.362000	0.207800	-0.070900
1627307272.455103	0.540600	-0.574000	-0.617700	-0.296600	0.186100	-0.103600
1627307272.456240	0.538700	-0.561400	-0.628500	-0.249900	0.169900	-0.134100
1627307272.471223	0.538300	-0.548500	-0.632700	-0.254500	0.162600	-0.160700
1627307272.474176	0.538100	-0.529500	-0.621900	-0.246800	0.154900	-0.184800
1627307272.475068	0.540400	-0.514000	-0.604400	-0.196400	0.144300	-0.205900
1627307272.498148	0.538200	-0.505400	-0.587500	-0.163800	0.122600	-0.227600
1627307272.500293	0.537600	-0.494300	-0.571000	-0.185800	0.092300	-0.250800
1627307272.515303	0.541300	-0.477200	-0.559700	-0.195500	0.060000	-0.268800
1627307272.522911	0.544400	-0.461800	-0.561200	-0.182400	0.021500	-0.286200
1627307272.543046	0.546300	-0.443800	-0.569100	-0.178700	-0.012700	-0.296300
1627307272.544121	0.545400	-0.427100	-0.581700	-0.174500	-0.045400	-0.300000
1627307272.548966	0.543200	-0.414300	-0.595200	-0.135700	-0.070800	-0.300600
1627307272.564343	0.543600	-0.403700	-0.610800	-0.074900	-0.091800	-0.296000
1627307272.587503	0.546600	-0.399200	-0.626000	-0.016900	-0.108600	-0.284100
1627307272.588869	0.546000	-0.399000	-0.643900	0.036000	-0.121500	-0.270000
1627307272.600910	0.547000	-0.404800	-0.665400	0.109600	-0.125100	-0.258400
1627307272.601807	0.541900	-0.410000	-0.679100	0.190500	-0.115100	-0.252900
1627307272.608668	0.541600	-0.411900	-0.680300	0.256200	-0.102500	-0.246800
1627307272.632256	0.540000	-0.418000	-0.671800	0.329200	-0.096100	-0.237400
1627307272.633167	0.534700	-0.432100	-0.655300	0.430900	-0.096700	-0.232500
1627307272.638539	0.539700	-0.447600	-0.644400	0.504200	-0.108900	-0.233700
1627307272.657925	0.541700	-0.465800	-0.634900	0.510900	-0.135200	-0.241600
1627307272.658729	0.537700	-0.475200	-0.640400	0.486500	-0.164200	-0.252900
1627307272.663585	0.538200	-0.479700	-0.655600	0.461200	-0.188700	-0.269100
1627307272.687065	0.539800	-0.479200	-0.677600	0.449500	-0.205200	-0.284100
1627307272.689142	0.542000	-0.480100	-0.696000	0.445600	-0.214300	-0.301200
1627307272.700344	0.543000	-0.481400	-0.711500	0.430600	-0.214300	-0.319800
1627307272.711725	0.540200	-0.476200	-0.716400	0.398200	-0.210700	-0.338800
1627307272.730659	0.535800	-0.465900	-0.708300	0.370100	-0.208500	-0.354300
1627307272.731465	0.532700	-0.455000	-0.694000	0.353300	-0.219200	-0.368700
1627307272.738885	0.533600	-0.445900	-0.681600	0.321600	-0.247300	-0.378200
1627307272.753932	0.533600	-0.441800	-0.691800	0.277600	-0.287600	-0.386100
1627307272.778022	0.535400	-0.437900	-0.723000	0.232100	-0.323700	-0.398600
1627307272.779104	0.542700	-0.418200	-0.782100	0.137400	-0.348400	-0.420900
1627307272.780168	0.528800	-0.385900	-0.828000	0.054600	-0.335300	-0.429800
1627307272.795754	0.545900	-0.336700	-0.851400	0.023200	-0.304100	-0.436800
1627307272.800524	0.537800	-0.275900	-0.850800	-0.004600	-0.258000	-0.419700
1627307272.820808	0.541900	-0.225700	-0.817000	0.003000	-0.214000	-0.368700
1627307272.821696	0.551000	-0.208700	-0.778800	0.097700	-0.197800	-0.311900
1627307272.829796	0.540800	-0.207800	-0.750100	0.117200	-0.200300	-0.255700
1627307272.851430	0.539300	-0.183000	-0.718100	-0.009500	-0.213400	-0.191200
1627307272.863255	0.541600	-0.140600	-0.702600	-0.089500	-0.241500	-0.118500
1627307272.864138	0.533400	-0.110600	-0.702600	-0.026000	-0.266500	-0.013500
1627307272.871442	0.532200	-0.124100	-0.713600	0.176500	-0.283300	0.109000
1627307272.890004	0.526000	-0.191500	-0.730800	0.392700	-0.291300	0.224500
1627307272.901007	0.516400	-0.284700	-0.744400	0.525900	-0.284600	0.312100
1627307272.901910	0.504800	-0.392600	-0.736900	0.619100	-0.270500	0.369800
1627307272.909084	0.495400	-0.494900	-0.713900	0.724100	-0.260100	0.388800
1627307272.911116	0.489300	-0.582000	-0.684800	0.821300	-0.257400	0.367100
1627307272.937231	0.479400	-0.649900	-0.649300	0.856100	-0.262000	0.312400
1627307272.951952	0.482100	-0.688800	-0.605600	0.807500	-0.280300	0.230900
1627307272.952862	0.482200	-0.690600	-0.569800	0.690200	-0.320900	0.143500
1627307272.956034	0.480700	-0.665300	-0.550200	0.558900	-0.372200	0.065300
1627307272.978693	0.487100	-0.622700	-0.552100	0.438500	-0.438200	-0.004600
1627307272.989275	0.479400	-0.587300	-0.577600	0.322800	-0.489800	-0.047700
1627307272.990172	0.476600	-0.562400	-0.605100	0.237300	-0.521000	-0.066000
1627307273.006600	0.479700	-0.554400	-0.629300	0.218900	-0.541100	-0.075500
1627307273.008825	0.476200	-0.567600	-0.645600	0.248300	-0.552400	-0.087400
1627307273.018450	0.482900	-0.587800	-0.656900	0.268100	-0.565900	-0.109100
1627307273.042164	0.483800	-0.602200	-0.668500	0.238500	-0.585700	-0.138100
1627307273.043050	0.488500	-0.606400	-0.722800	0.188100	-0.617800	-0.169500
1627307273.051381	0.484300	-0.594400	-0.781900	0.206700	-0.620500	-0.193100
1627307273.057758	0.483400	-0.590500	-0.838700	0.326100	-0.600700	-0.213200
1627307273.061802	0.489500	-0.590900	-0.882600	0.463900	-0.556700	-0.232200
1627307273.088067	0.488400	-0.592900	-0.910900	0.549700	-0.502600	-0.249600
1627307273.089001	0.492900	-0.584800	-0.916100	0.591600	-0.440000	-0.267600
1627307273.099054	0.492900	-0.584800	-0.916100	0.591600	-0.440000	-0.267600
1627307273.102196	0.489400	-0.558500	-0.853800	0.743400	-0.326700	-0.284100
1627307273.133383	0.489400	-0.558500	-0.853800	0.743400	-0.326700	-0.284100
1627307273.134275	0.492400	-0.562300	-0.815300	0.781200	-0.307800	-0.284100
1627307273.137739	0.491700	-0.571300	-0.792500	0.753100	-0.306300	-0.279200
1627307273.142405	0.490600	-0.588300	-0.781700	0.702100	-0.312100	-0.278900
1627307273.170954	0.490000	-0.610200	-0.784100	0.677400	-0.319700	-0.285300
1627307273.171846	0.484400	-0.639000	-0.794100	0.658500	-0.320000	-0.298700
1627307273.181617	0.477100	-0.668200	-0.796000	0.627300	-0.311400	-0.324100
1627307273.185998	0.474700	-0.695900	-0.789100	0.604700	-0.297700	-0.365000
1627307273.212152	0.472500	-0.714600	-0.771400	0.583000	-0.289200	-0.409600
1627307273.212984	0.472200	-0.724100	-0.749800	0.552200	-0.287900	-0.461200
1627307273.220220	0.472300	-0.726200	-0.726000	0.509100	-0.295000	-0.516500
1627307273.228293	0.471400	-0.717900	-0.706100	0.455300	-0.313300	-0.574200
1627307273.253215	0.476800	-0.703200	-0.696500	0.389100	-0.342000	-0.626500
1627307273.254083	0.486500	-0.680300	-0.703700	0.287400	-0.383500	-0.678100
1627307273.260144	0.491100	-0.659700	-0.725100	0.202400	-0.417700	-0.718100
1627307273.271410	0.499100	-0.651500	-0.752400	0.177700	-0.437600	-0.749900
1627307273.274199	0.504200	-0.658300	-0.785400	0.169200	-0.448000	-0.785300
1627307273.296431	0.503900	-0.666600	-0.815300	0.123600	-0.440000	-0.831700
1627307273.297980	0.510000	-0.652800	-0.823100	0.051900	-0.418000	-0.888200
1627307273.313087	0.516100	-0.620500	-0.811400	-0.009200	-0.397000	-0.936200
1627307273.316722	0.515300	-0.567400	-0.794700	-0.047100	-0.381400	-0.969500
1627307273.337015	0.514000	-0.522500	-0.773200	-0.030600	-0.369200	-0.977400
1627307273.337859	0.516100	-0.497100	-0.754800	0.032000	-0.369500	-0.969500
1627307273.351265	0.506600	-0.482800	-0.748000	0.059500	-0.374700	-0.952700
1627307273.366490	0.500400	-0.470700	-0.739600	0.060400	-0.379600	-0.929200
1627307273.378367	0.501300	-0.468300	-0.735600	0.111100	-0.388100	-0.898300
1627307273.379261	0.493800	-0.485000	-0.752300	0.202400	-0.399100	-0.871400
1627307273.386063	0.482800	-0.512500	-0.766500	0.273900	-0.392100	-0.853400
1627307273.408969	0.478000	-0.528200	-0.764400	0.302000	-0.381400	-0.843600
1627307273.417302	0.466300	-0.544700	-0.759300	0.344800	-0.370400	-0.831700
1627307273.418183	0.462200	-0.573600	-0.747600	0.435200	-0.359400	-0.830500
1627307273.429898	0.456100	-0.608400	-0.730700	0.501200	-0.357300	-0.848200
1627307273.452655	0.457900	-0.619900	-0.709200	0.436400	-0.363400	-0.879700
1627307273.455868	0.449600	-0.610000	-0.697900	0.313900	-0.381700	-0.903800
1627307273.470356	0.431800	-0.600500	-0.716400	0.287100	-0.408600	-0.934300
1627307273.471259	0.439700	-0.590700	-0.737900	0.306000	-0.414700	-0.960900
1627307273.493006	0.424400	-0.574700	-0.755700	0.251900	-0.412200	-0.980800
1627307273.494059	0.444800	-0.536700	-0.763300	0.153900	-0.406700	-0.993900
1627307273.496560	0.427700	-0.497900	-0.775600	0.087900	-0.400900	-0.973700
1627307273.511727	0.437700	-0.487300	-0.806200	0.137700	-0.392100	-0.938300
1627307273.512617	0.424400	-0.507400	-0.840800	0.258300	-0.368000	-0.904700
1627307273.535958	0.431900	-0.538100	-0.857900	0.320300	-0.332800	-0.875700
1627307273.536967	0.427900	-0.580800	-0.868400	0.350000	-0.308100	-0.856500
1627307273.542355	0.427000	-0.631000	-0.880200	0.464200	-0.289500	-0.870200
1627307273.563781	0.421000	-0.668100	-0.882800	0.531700	-0.258000	-0.911400
1627307273.578867	0.418800	-0.686500	-0.863500	0.524700	-0.230800	-0.963400
1627307273.584119	0.417100	-0.677000	-0.833500	0.506000	-0.216500	-1.027800
1627307273.585013	0.425500	-0.635000	-0.798100	0.433100	-0.214300	-1.091000
1627307273.609031	0.429300	-0.569900	-0.774900	0.300800	-0.225600	-1.129200
1627307273.617285	0.429600	-0.506600	-0.776000	0.188400	-0.239700	-1.129200
1627307273.618166	0.431500	-0.459100	-0.792600	0.142900	-0.245500	-1.102000
1627307273.626190	0.430400	-0.442100	-0.807600	0.158200	-0.234800	-1.059600
1627307273.650195	0.437600	-0.459200	-0.819100	0.200900	-0.216500	-1.017700
1627307273.665985	0.434900	-0.496600	-0.830600	0.212200	-0.201500	-0.992100
1627307273.669215	0.431800	-0.532200	-0.829800	0.152700	-0.177400	-0.989000
1627307273.682232	0.424100	-0.547500	-0.816900	0.107200	-0.161500	-1.002800
1627307273.683117	0.425400	-0.551500	-0.799600	0.130100	-0.149600	-1.024100
1627307273.686684	0.422500	-0.551600	-0.783100	0.173100	-0.150200	-1.049800
1627307273.697292	0.430800	-0.541900	-0.770100	0.169800	-0.156300	-1.080300
1627307273.706448	0.426800	-0.508700	-0.768400	0.102900	-0.163000	-1.108400
1627307273.721862	0.436600	-0.453200	-0.759200	0.046400	-0.158100	-1.118800
1627307273.725640	0.423300	-0.381000	-0.739100	0.090400	-0.142500	-1.102900
1627307273.748027	0.438000	-0.344400	-0.705900	0.193300	-0.134300	-1.063900
1627307273.748839	0.431900	-0.335600	-0.679400	0.246100	-0.142500	-1.009500
1627307273.761349	0.427500	-0.347900	-0.659400	0.268100	-0.157800	-0.957300
1627307273.775587	0.419800	-0.369000	-0.641700	0.299600	-0.180700	-0.921800
1627307273.790651	0.411400	-0.385500	-0.623300	0.302300	-0.212500	-0.898300
1627307273.791529	0.400500	-0.396700	-0.607100	0.277900	-0.257100	-0.883300
1627307273.795315	0.426800	-0.406400	-0.632200	0.234500	-0.348400	-0.880300
1627307273.810505	0.422000	-0.391100	-0.740800	0.047300	-0.415300	-0.886100
1627307273.840842	0.391700	-0.328200	-0.858300	-0.213900	-0.405500	-0.873900
1627307273.841732	0.400800	-0.258400	-0.923700	-0.166800	-0.342600	-0.836000
1627307273.842556	0.423500	-0.241000	-0.977300	0.121500	-0.272700	-0.789900
1627307273.846485	0.417100	-0.258100	-1.020800	0.190200	-0.189900	-0.735800
1627307273.855574	0.447100	-0.249400	-1.049400	-0.002800	-0.103100	-0.696100
1627307273.878012	0.437900	-0.187400	-1.080700	-0.210200	-0.001100	-0.637200
1627307273.878829	0.435500	-0.141200	-1.083300	-0.120700	0.104900	-0.560200
1627307273.889193	0.442900	-0.155000	-1.053600	0.187800	0.203800	-0.476200
1627307273.902849	0.457800	-0.227500	-1.011500	0.448600	0.277100	-0.416300
1627307273.907662	0.466900	-0.305100	-0.972000	0.441900	0.314700	-0.392800
1627307273.923437	0.478900	-0.331100	-0.947900	0.247000	0.336100	-0.406300
1627307273.928002	0.479700	-0.298500	-0.924900	0.146200	0.361700	-0.413000
1627307273.928890	0.477500	-0.267700	-0.903100	0.295600	0.392000	-0.407200
1627307273.953774	0.483400	-0.270100	-0.869400	0.487700	0.423100	-0.396200
1627307273.967308	0.495800	-0.279900	-0.812100	0.555500	0.439900	-0.387000
1627307273.968203	0.506500	-0.291900	-0.756700	0.508500	0.436600	-0.381500
1627307273.972413	0.522800	-0.289800	-0.710200	0.447400	0.412100	-0.385500
1627307273.995352	0.526500	-0.275500	-0.677200	0.365200	0.378500	-0.385800
1627307274.007989	0.534100	-0.251800	-0.646700	0.285800	0.334800	-0.368100
1627307274.008677	0.546300	-0.249100	-0.643100	0.282200	0.291800	-0.343900
1627307274.026486	0.543700	-0.254400	-0.653700	0.259900	0.260000	-0.325600
1627307274.029987	0.545500	-0.256500	-0.647200	0.191100	0.240500	-0.306700
1627307274.035484	0.554900	-0.257600	-0.635400	0.177400	0.211800	-0.287400
1627307274.045416	0.553000	-0.265300	-0.627300	0.195700	0.183400	-0.272200
1627307274.054917	0.555200	-0.275100	-0.617600	0.199400	0.151300	-0.258400
1627307274.076428	0.557100	-0.285300	-0.613000	0.179500	0.098100	-0.246200
1627307274.088633	0.552900	-0.287200	-0.618900	0.168200	0.060000	-0.237400
1627307274.089529	0.559100	-0.290400	-0.619000	0.218000	0.026100	-0.232800
1627307274.096362	0.559800	-0.288800	-0.629200	0.258000	-0.012100	-0.234000
1627307274.109046	0.554800	-0.278200	-0.645300	0.206400	-0.040800	-0.226400
1627307274.115336	0.553100	-0.257200	-0.650100	0.179500	-0.062200	-0.211700
1627307274.126905	0.554300	-0.247800	-0.649900	0.265700	-0.080500	-0.194000
1627307274.149451	0.556200	-0.251600	-0.645100	0.343900	-0.106200	-0.170500
1627307274.150265	0.560200	-0.253100	-0.645000	0.268100	-0.133400	-0.151200
1627307274.157736	0.557900	-0.237400	-0.649000	0.172800	-0.160900	-0.127700
1627307274.168168	0.553000	-0.225300	-0.657700	0.165500	-0.185000	-0.100800
1627307274.169230	0.550900	-0.227700	-0.673700	0.203700	-0.205500	-0.071500
1627307274.192011	0.555200	-0.239300	-0.693500	0.198800	-0.223500	-0.039700
1627307274.195432	0.556500	-0.250900	-0.725700	0.145900	-0.235400	-0.010700
1627307274.211136	0.554300	-0.257200	-0.749000	0.123000	-0.231100	0.013100
1627307274.212954	0.559600	-0.255600	-0.758500	0.145000	-0.221700	0.028700
1627307274.235544	0.561000	-0.249500	-0.758300	0.139800	-0.212800	0.043300
1627307274.236879	0.566700	-0.237100	-0.753300	0.106800	-0.209700	0.068400
1627307274.250318	0.563700	-0.223400	-0.746800	0.101700	-0.214000	0.099500
1627307274.256842	0.561900	-0.218100	-0.740600	0.140800	-0.224400	0.135300
1627307274.276849	0.565600	-0.227500	-0.748900	0.175000	-0.244600	0.180800
1627307274.277654	0.562100	-0.246100	-0.778600	0.163700	-0.266200	0.223900
1627307274.287988	0.557500	-0.261800	-0.818600	0.140800	-0.269900	0.259600
1627307274.296875	0.555400	-0.271600	-0.849000	0.162400	-0.252200	0.290400
1627307274.315906	0.543600	-0.299600	-0.870100	0.214700	-0.229900	0.327700
1627307274.316787	0.546500	-0.328400	-0.876100	0.233000	-0.202100	0.344200
1627307274.324977	0.544100	-0.365100	-0.875000	0.233600	-0.167300	0.351800
1627307274.346350	0.547500	-0.378900	-0.873800	0.109900	-0.141300	0.343900
1627307274.358472	0.541600	-0.361700	-0.878400	-0.067600	-0.122100	0.352400
1627307274.362978	0.534700	-0.345100	-0.873300	-0.072400	-0.095800	0.372600
1627307274.363911	0.533700	-0.354700	-0.872900	0.066500	-0.073200	0.391200
1627307274.385456	0.530500	-0.379500	-0.873500	0.093400	-0.048200	0.407700
1627307274.386565	0.522900	-0.394200	-0.866600	-0.004300	-0.022800	0.415400
1627307274.401772	0.525400	-0.395900	-0.846400	-0.045000	0.000700	0.420500
1627307274.405513	0.518400	-0.398700	-0.826700	0.024700	0.021800	0.423300
1627307274.429327	0.519200	-0.406100	-0.801000	0.047300	0.033700	0.423300
1627307274.430169	0.517600	-0.408400	-0.776900	0.016700	0.034000	0.421500
1627307274.435142	0.518800	-0.404100	-0.763200	-0.034900	0.023000	0.421500
1627307274.450595	0.506500	-0.395800	-0.750500	-0.057800	0.015100	0.424500
1627307274.474346	0.515900	-0.401200	-0.742700	-0.021700	0.000400	0.428200
1627307274.475483	0.511800	-0.410400	-0.750200	-0.020500	-0.017000	0.424200
1627307274.476467	0.517700	-0.403000	-0.762700	-0.150600	-0.030500	0.423300
1627307274.491911	0.513900	-0.394200	-0.798500	-0.228200	-0.040800	0.430300
1627307274.494331	0.502700	-0.387800	-0.835700	-0.224200	-0.025300	0.439500
1627307274.505766	0.494300	-0.382000	-0.834400	-0.157700	0.013800	0.448600
1627307274.516478	0.515900	-0.397900	-0.827600	-0.092000	0.033400	0.461800
1627307274.524902	0.507200	-0.417600	-0.844000	-0.129600	0.048700	0.468800
1627307274.547922	0.491500	-0.405300	-0.840000	-0.234600	0.079800	0.474000
1627307274.548930	0.496900	-0.397500	-0.833500	-0.194600	0.097800	0.486500
1627307274.564692	0.481200	-0.405500	-0.854100	-0.117600	0.114900	0.501800
1627307274.571778	0.459600	-0.409700	-0.839000	-0.099300	0.149400	0.514600
1627307274.593173	0.492200	-0.434000	-0.813800	-0.028800	0.159800	0.521300
1627307274.594373	0.486100	-0.456100	-0.833500	-0.026000	0.158000	0.509700
1627307274.595338	0.472800	-0.436600	-0.847800	-0.203500	0.182400	0.495100
1627307274.605545	0.489900	-0.378200	-0.828100	-0.294500	0.216600	0.500000
1627307274.606431	0.489700	-0.336400	-0.825700	-0.215700	0.238000	0.529000
1627307274.630572	0.483200	-0.324500	-0.829500	-0.215100	0.267300	0.575100
1627307274.634001	0.490200	-0.316000	-0.805100	-0.246800	0.302800	0.629500
1627307274.638548	0.499300	-0.327300	-0.777000	-0.208700	0.317700	0.676200
1627307274.661326	0.488200	-0.352400	-0.761200	-0.194300	0.326000	0.718300
1627307274.676539	0.497200	-0.378300	-0.738000	-0.231000	0.328100	0.751900
1627307274.681758	0.501100	-0.401600	-0.733300	-0.279200	0.311300	0.773900
1627307274.682663	0.492800	-0.408300	-0.743000	-0.344300	0.306100	0.789500
1627307274.706629	0.494100	-0.406600	-0.741100	-0.350400	0.314400	0.806000
1627307274.714773	0.499500	-0.411400	-0.730300	-0.271900	0.321700	0.821000
1627307274.715663	0.506300	-0.425700	-0.724700	-0.226400	0.324500	0.836500
1627307274.723685	0.509000	-0.438000	-0.724400	-0.264600	0.323200	0.850000
1627307274.747546	0.509600	-0.441300	-0.730000	-0.312200	0.324200	0.863400
1627307274.755911	0.508800	-0.447900	-0.739400	-0.282300	0.330300	0.876900
1627307274.756793	0.507000	-0.462400	-0.752300	-0.241000	0.335800	0.887300
1627307274.767796	0.508100	-0.479700	-0.773300	-0.254500	0.344300	0.895800
1627307274.769911	0.502800	-0.488300	-0.798700	-0.295400	0.361100	0.902800
1627307274.794523	0.497400	-0.492700	-0.812000	-0.290500	0.393200	0.909200
1627307274.795414	0.497100	-0.503900	-0.809900	-0.206500	0.428600	0.916300
1627307274.803968	0.492700	-0.527100	-0.796800	-0.112500	0.463100	0.917200
1627307274.816908	0.486900	-0.554400	-0.767600	-0.069400	0.490000	0.905300
1627307274.840956	0.483400	-0.569000	-0.737500	-0.084000	0.497600	0.890900
1627307274.841853	0.478600	-0.577100	-0.721600	-0.085600	0.487300	0.874100
1627307274.844059	0.475300	-0.584500	-0.728900	-0.092000	0.470500	0.855200
1627307274.852852	0.466700	-0.586500	-0.758900	-0.147300	0.462200	0.837200
1627307274.861921	0.462500	-0.575600	-0.790500	-0.203500	0.475700	0.829200
1627307274.883201	0.457600	-0.574500	-0.812700	-0.158900	0.509200	0.829800
1627307274.884560	0.452100	-0.597700	-0.814700	-0.040100	0.558700	0.826800
1627307274.895249	0.453200	-0.630100	-0.791600	-0.000100	0.598700	0.809700
1627307274.898349	0.456500	-0.651700	-0.756000	-0.057800	0.618000	0.778500
1627307274.920622	0.454100	-0.651400	-0.725200	-0.174800	0.617700	0.739100
1627307274.924094	0.457300	-0.630900	-0.699300	-0.276500	0.606100	0.703700
1627307274.932891	0.458400	-0.603900	-0.693800	-0.343400	0.586800	0.679600
1627307274.944536	0.462400	-0.570200	-0.695200	-0.396200	0.570000	0.671600
1627307274.965341	0.466200	-0.551100	-0.698700	-0.421900	0.556300	0.675600
1627307274.966435	0.471900	-0.541000	-0.702600	-0.423700	0.549900	0.683800
1627307274.979086	0.479000	-0.536000	-0.701000	-0.445700	0.543800	0.695400
1627307274.985546	0.487100	-0.531600	-0.702100	-0.483600	0.536700	0.707000
1627307275.006709	0.488400	-0.528400	-0.703000	-0.503700	0.532500	0.720500
1627307275.007779	0.489600	-0.529200	-0.698900	-0.496400	0.528800	0.730900
1627307275.014575	0.493800	-0.533800	-0.694200	-0.489700	0.517200	0.741600
1627307275.034616	0.496700	-0.537000	-0.698900	-0.518700	0.505300	0.747700
1627307275.035306	0.496500	-0.535300	-0.702800	-0.547700	0.496100	0.753200
1627307275.042936	0.501100	-0.533100	-0.703700	-0.541000	0.489700	0.759000
1627307275.053557	0.505700	-0.535000	-0.711500	-0.521700	0.482400	0.764200
1627307275.074722	0.501700	-0.536000	-0.717200	-0.534600	0.481500	0.771500
1627307275.075614	0.504800	-0.534300	-0.720700	-0.544000	0.479900	0.780000
1627307275.085455	0.505700	-0.533700	-0.719700	-0.527200	0.479600	0.792300
1627307275.091276	0.507000	-0.539200	-0.717900	-0.507100	0.479600	0.803900
1627307275.104111	0.506500	-0.554600	-0.721800	-0.488400	0.479600	0.810000
1627307275.119060	0.503700	-0.569300	-0.727200	-0.504300	0.481100	0.809700
1627307275.121931	0.503700	-0.575700	-0.729500	-0.539100	0.484500	0.808100
1627307275.147999	0.504000	-0.585800	-0.732200	-0.538200	0.485700	0.809100
1627307275.148899	0.505400	-0.606600	-0.739600	-0.505500	0.485100	0.800200
1627307275.152759	0.507400	-0.632800	-0.744500	-0.498500	0.496100	0.780300
1627307275.164412	0.518300	-0.647500	-0.743800	-0.518400	0.505900	0.751300
1627307275.188588	0.532700	-0.651500	-0.741600	-0.551100	0.512300	0.714400
1627307275.189471	0.551100	-0.638200	-0.725000	-0.603000	0.516900	0.673100
1627307275.192995	0.572100	-0.611800	-0.704500	-0.669600	0.506200	0.638600
1627307275.203936	0.594500	-0.588300	-0.697000	-0.745600	0.481800	0.623400
1627307275.208181	0.608600	-0.580200	-0.710600	-0.797500	0.449700	0.617200
1627307275.236843	0.615800	-0.598400	-0.744500	-0.814900	0.426800	0.610500
1627307275.268236	0.617700	-0.633700	-0.773600	-0.789000	0.429500	0.587000
1627307275.269151	0.630100	-0.656500	-0.785000	-0.800300	0.453700	0.537500
1627307275.270301	0.628500	-0.652100	-0.782300	-0.887600	0.476600	0.495100
1627307275.272199	0.625400	-0.638900	-0.779300	-0.917300	0.495500	0.459000
1627307275.273089	0.611900	-0.622900	-0.767800	-0.830500	0.522400	0.427600
1627307275.278654	0.614300	-0.614000	-0.750500	-0.716900	0.545900	0.395800
1627307275.301828	0.590800	-0.600300	-0.728500	-0.703200	0.565800	0.371400
1627307275.303018	0.587000	-0.581700	-0.702400	-0.678400	0.566100	0.357600
1627307275.318747	0.578000	-0.574800	-0.695600	-0.599000	0.553200	0.351200
1627307275.323222	0.559300	-0.575800	-0.724600	-0.546800	0.543500	0.348200
1627307275.345608	0.528100	-0.575000	-0.752300	-0.527200	0.556000	0.349400
1627307275.346430	0.518100	-0.577000	-0.766100	-0.435000	0.579200	0.349700
1627307275.362032	0.488600	-0.592500	-0.761800	-0.268800	0.618600	0.346000
1627307275.375547	0.464000	-0.622700	-0.736800	-0.162500	0.649400	0.337800
1627307275.376432	0.434600	-0.648600	-0.697000	-0.099600	0.666500	0.305400
1627307275.386695	0.401700	-0.641100	-0.628900	-0.130500	0.661700	0.256500
1627307275.395517	0.395300	-0.602100	-0.567600	-0.252300	0.610000	0.226000
1627307275.414821	0.381200	-0.545400	-0.543500	-0.350400	0.535800	0.219000
1627307275.415729	0.388800	-0.495100	-0.550400	-0.359500	0.457000	0.244000
1627307275.421644	0.394700	-0.476300	-0.608900	-0.269100	0.366600	0.301100
1627307275.423709	0.401000	-0.494300	-0.677000	-0.231300	0.329000	0.340800
1627307275.453025	0.402500	-0.517700	-0.739500	-0.245300	0.327200	0.362200
1627307275.453856	0.413800	-0.537200	-0.776700	-0.292000	0.351300	0.371400
1627307275.464087	0.431900	-0.553800	-0.780300	-0.294500	0.394100	0.360100
1627307275.469229	0.450600	-0.551000	-0.748800	-0.351000	0.439900	0.333200
