1627444896.975832	0.998900	-0.017600	-0.215300	-0.043800	0.051200	-0.008900
1627444896.976798	0.991300	-0.020300	-0.218600	-0.064900	0.048500	-0.005200
1627444896.977648	0.974100	-0.019500	-0.225000	-0.068500	0.047900	0.001500
1627444896.978487	0.974100	-0.019500	-0.225000	-0.068500	0.047900	0.001500
1627444897.070993	0.974100	-0.019500	-0.225000	-0.068500	0.047900	0.001500
1627444897.072695	1.012500	-0.031400	-0.056500	-0.022100	-0.022100	0.011000
1627444897.073103	1.014400	-0.025400	-0.058600	-0.032500	-0.027900	0.011300
1627444897.073559	1.013100	-0.022600	-0.055400	-0.026400	-0.034300	0.012500
1627444897.074830	1.013400	-0.021100	-0.055500	-0.020300	-0.042200	0.012200
1627444897.075246	1.009900	-0.019200	-0.043900	-0.007700	-0.049200	0.010400
1627444897.075657	1.009000	-0.021000	-0.041100	0.001400	-0.055300	0.010100
1627444897.077779	1.009200	-0.021700	-0.040800	-0.008700	-0.054700	0.010700
1627444897.078243	1.011000	-0.022000	-0.042100	-0.020600	-0.059600	0.013100
1627444897.078653	1.004800	-0.021900	-0.038900	-0.014800	-0.060500	0.013100
1627444897.079061	1.007700	-0.020600	-0.034800	-0.006800	-0.056000	0.014300
1627444897.081175	1.004300	-0.014300	-0.026600	-0.010200	-0.051400	0.018900
1627444897.081582	1.000600	-0.005600	-0.027000	-0.016900	-0.050500	0.018900
1627444897.082035	0.998700	-0.003500	-0.028800	-0.024500	-0.042200	0.014600
1627444897.082512	1.001100	-0.007100	-0.030500	-0.028500	-0.036400	0.007000
1627444897.084245	1.000400	-0.011100	-0.030300	-0.009600	-0.026300	0.004000
1627444897.084649	0.997400	-0.022500	-0.033700	0.014900	-0.015000	-0.000300
1627444897.085054	1.000000	-0.032300	-0.033200	0.042700	-0.001300	-0.000600
1627444897.087163	1.001700	-0.038100	-0.034800	0.043300	0.010900	0.002400
1627444897.087578	1.005000	-0.037100	-0.041400	0.030400	0.015800	0.004600
1627444897.088002	1.004000	-0.036900	-0.038300	0.008100	0.024400	0.004300
1627444897.088407	1.006600	-0.035300	-0.041300	-0.003500	0.031400	0.004900
1627444897.088891	1.001700	-0.034300	-0.045200	-0.010200	0.026800	0.004000
1627444897.091496	1.008800	-0.031500	-0.042600	-0.008000	0.018600	0.001200
1627444897.091910	1.009300	-0.026100	-0.048200	-0.001900	0.012800	-0.002500
1627444897.092317	1.008800	-0.023400	-0.050400	-0.002900	0.007900	-0.003700
1627444897.092761	1.007300	-0.020100	-0.053800	-0.000700	0.010300	-0.000300
1627444897.094891	1.009300	-0.018700	-0.049800	0.016700	0.009700	0.000900
1627444897.095298	1.009200	-0.015400	-0.052200	0.031400	0.010300	0.001200
1627444897.095723	1.011700	-0.017700	-0.044800	0.035900	0.005700	0.002400
1627444897.096197	1.008700	-0.018100	-0.040800	0.039900	0.000500	0.004600
1627444897.096601	1.010700	-0.019200	-0.034200	0.043900	0.014300	0.005200
1627444897.099140	1.008300	-0.019000	-0.035400	0.047200	0.017000	0.001500
1627444897.099592	1.006100	-0.020900	-0.039600	0.069800	0.010300	-0.002500
1627444897.100000	1.006500	-0.024700	-0.043700	0.093400	0.007000	-0.005200
1627444897.100407	1.007200	-0.024900	-0.047200	0.104700	0.008500	-0.005500
1627444897.102532	1.005500	-0.025900	-0.050300	0.109500	0.010000	-0.005200
1627444897.102961	1.006300	-0.028400	-0.048300	0.119300	0.009700	-0.004900
1627444897.103385	1.009500	-0.030300	-0.044600	0.123000	0.012500	-0.003700
1627444897.103790	1.011100	-0.031000	-0.043000	0.112900	0.004500	-0.004600
1627444897.106028	1.009500	-0.028800	-0.043000	0.098900	0.010000	-0.000600
1627444897.106437	1.014300	-0.032700	-0.047500	0.094900	0.012500	0.000900
1627444897.106887	1.013700	-0.037700	-0.047100	0.098600	0.000200	0.002100
1627444897.107364	1.015900	-0.039800	-0.050900	0.103100	-0.011700	0.001200
1627444897.107772	1.014400	-0.037400	-0.043200	0.099800	-0.020500	0.001500
1627444897.109896	1.007900	-0.033400	-0.037600	0.098200	-0.023900	0.000600
1627444897.110350	1.000600	-0.030000	-0.032200	0.090000	-0.023600	0.002100
1627444897.110758	0.997400	-0.029100	-0.034800	0.076600	-0.016900	0.005500
1627444897.111164	1.005400	-0.030800	-0.048700	0.062800	-0.012600	0.006100
1627444897.112427	1.009900	-0.034100	-0.056600	0.056400	-0.016300	0.008800
1627444897.112878	1.009600	-0.033600	-0.063000	0.053700	-0.011400	0.012800
1627444897.113285	1.010100	-0.036100	-0.058600	0.056700	-0.011100	0.016500
1627444897.116305	1.010600	-0.035000	-0.050300	0.060700	-0.010400	0.019500
1627444897.116717	1.011200	-0.027000	-0.051000	0.065000	-0.004300	0.019200
1627444897.117153	1.007300	-0.016500	-0.046400	0.065000	-0.001300	0.014600
1627444897.117605	1.013200	-0.012100	-0.047900	0.076900	-0.004900	0.005800
1627444897.119721	1.015100	-0.015000	-0.045800	0.107100	-0.021700	-0.007000
1627444897.120130	1.018600	-0.017500	-0.043200	0.137600	-0.049800	-0.022300
1627444897.120537	1.017300	-0.025500	-0.033900	0.142200	-0.070900	-0.027200
1627444897.120980	1.015100	-0.028000	-0.028000	0.145300	-0.084100	-0.023500
1627444897.121391	1.012200	-0.030300	-0.021100	0.140700	-0.099300	-0.019300
1627444897.123576	1.009200	-0.033800	-0.016500	0.137000	-0.102400	-0.010400
1627444897.123985	1.002400	-0.039200	-0.016600	0.124800	-0.103300	-0.005500
1627444897.124425	0.997900	-0.045200	-0.015500	0.112600	-0.089600	-0.000600
1627444897.126531	0.998300	-0.047600	-0.012700	0.087300	-0.071200	0.002700
1627444897.126981	0.994900	-0.047900	-0.019200	0.065000	-0.050500	0.003700
1627444897.127387	0.996300	-0.046800	-0.023700	0.034100	-0.028200	0.001200
1627444897.127798	0.995500	-0.047600	-0.023600	0.011500	-0.008900	-0.002200
1627444897.128247	0.997400	-0.047100	-0.029800	-0.015700	0.013700	-0.003400
1627444897.129928	0.998900	-0.050200	-0.034800	-0.033700	0.035400	-0.005800
1627444897.130380	1.001000	-0.051800	-0.039400	-0.050200	0.051900	-0.007300
1627444897.130791	1.002800	-0.051000	-0.043500	-0.070400	0.061300	-0.008300
1627444897.132900	1.006200	-0.048300	-0.046300	-0.089900	0.064700	-0.004900
1627444897.133307	1.007300	-0.043300	-0.051500	-0.112200	0.064400	-0.003700
1627444897.133760	1.004600	-0.042000	-0.058700	-0.136900	0.063500	-0.004000
1627444897.134168	1.008200	-0.041900	-0.057300	-0.151900	0.061900	-0.003400
1627444897.136703	1.015300	-0.038600	-0.065100	-0.152800	0.047900	-0.004000
1627444897.137112	1.014500	-0.032200	-0.065900	-0.135400	0.027700	-0.005800
1627444897.137553	1.012900	-0.028400	-0.062900	-0.114300	0.021000	-0.006400
1627444897.137961	1.009800	-0.016600	-0.052400	-0.078900	0.016400	-0.004300
1627444897.140068	1.009600	-0.006800	-0.051000	-0.043500	0.027100	-0.001500
1627444897.140485	1.005400	0.003300	-0.052400	-0.012600	0.025300	-0.000300
1627444897.140897	1.003700	0.015300	-0.049600	0.050300	0.033500	-0.000300
1627444897.141307	1.005500	0.021100	-0.043000	0.100100	0.033800	-0.007000
1627444897.142929	1.012300	0.030500	-0.028400	-0.045000	0.009400	-0.008600
1627444897.143406	1.010500	0.021700	-0.033600	0.011200	-0.003700	-0.019300
1627444897.143814	1.008200	0.012100	-0.038300	0.070500	-0.008600	-0.025700
1627444897.144226	1.006700	-0.000600	-0.035900	0.107400	-0.009200	-0.026300
1627444897.144636	1.008400	-0.014400	-0.037700	0.141000	-0.007100	-0.024400
1627444897.145047	1.010600	-0.023400	-0.033200	0.164800	-0.012600	-0.024800
1627444897.145461	1.009200	-0.031700	-0.031600	0.170000	-0.014700	-0.026000
1627444897.145869	1.009500	-0.040900	-0.040400	0.151400	-0.013500	-0.025700
1627444897.146276	1.005200	-0.044700	-0.046600	0.122100	-0.011700	-0.018600
1627444897.146684	1.005200	-0.045700	-0.054000	0.101900	-0.010400	-0.012800
1627444897.166085	1.004200	-0.042600	-0.049000	0.089700	-0.008900	-0.011300
1627444897.167006	1.005700	-0.041700	-0.039900	0.075600	-0.004600	-0.008600
1627444897.168186	1.006300	-0.037200	-0.037700	0.058200	0.001800	-0.007600
1627444897.201281	1.005500	-0.035600	-0.040500	0.039000	0.006700	-0.004300
1627444897.202192	1.004800	-0.031700	-0.040900	0.016100	0.014000	-0.001500
1627444897.203022	1.005500	-0.024800	-0.040300	0.004500	0.018000	0.002100
1627444897.209340	1.006200	-0.021600	-0.041100	0.010000	0.016400	0.002700
1627444897.238506	1.005100	-0.018100	-0.038500	0.027100	0.015200	-0.000300
1627444897.239425	1.004200	-0.016000	-0.031600	0.046600	0.015500	-0.004900
1627444897.240258	1.009600	-0.015000	-0.028700	0.056400	0.017300	-0.009200
1627444897.268618	1.008800	-0.013900	-0.032500	0.060100	0.010300	-0.012500
1627444897.269550	1.007300	-0.013200	-0.044200	0.044500	0.012200	-0.015600
1627444897.270386	1.012500	-0.017600	-0.051600	0.029200	0.013100	-0.016200
1627444897.285575	1.012900	-0.021000	-0.049300	0.036200	0.003000	-0.013100
1627444897.297318	1.025300	-0.025800	-0.051000	0.053700	-0.000700	-0.007300
1627444897.298233	1.031100	-0.029200	-0.058600	0.052700	-0.019300	-0.005500
1627444897.327595	1.037700	-0.030500	-0.065700	0.024000	-0.040400	0.001200
1627444897.328520	1.038700	-0.024800	-0.076400	-0.023300	-0.068200	0.013100
1627444897.331652	1.028000	-0.021200	-0.091300	-0.065200	-0.091400	0.034200
1627444897.336547	1.020300	-0.014600	-0.107700	-0.104600	-0.109100	0.062000
1627444897.367323	1.019400	-0.013200	-0.119000	-0.138500	-0.134500	0.082800
1627444897.369263	1.019400	-0.013200	-0.119000	-0.138500	-0.134500	0.082800
1627444897.370783	1.007800	-0.009900	-0.107200	-0.166900	-0.192500	0.089800
1627444897.386123	1.007800	-0.009900	-0.107200	-0.166900	-0.192500	0.089800
1627444897.387031	1.000400	-0.006000	-0.124900	-0.216300	-0.211700	0.085200
1627444897.397952	0.989500	-0.006200	-0.139300	-0.229200	-0.217200	0.078200
1627444897.423483	0.992400	-0.015900	-0.125100	-0.241700	-0.236200	0.087000
1627444897.424403	0.992600	-0.017200	-0.073200	-0.276500	-0.260000	0.112100
1627444897.427876	0.981400	-0.021700	-0.049300	-0.240800	-0.243500	0.124300
1627444897.459100	0.988200	-0.031600	-0.062600	-0.215400	-0.206200	0.108400
1627444897.461026	1.003700	-0.039600	-0.105300	-0.348600	-0.226400	0.050400
1627444897.461944	0.984300	-0.046000	-0.028600	-0.699500	-0.275900	0.008200
1627444897.496317	0.967900	-0.065400	0.036500	-1.148500	-0.316200	0.013100
1627444897.497342	0.965500	-0.059400	0.135900	-2.004700	-0.333300	-0.024100
1627444897.498232	0.978500	0.002700	0.212300	-2.389200	-0.362000	-0.070900
1627444897.499148	1.007900	-0.004600	0.135300	-2.000400	-0.293000	-0.100800
1627444897.515112	1.049100	-0.024500	-0.000500	-1.191600	-0.261500	-0.106900
1627444897.528461	1.058600	-0.047400	-0.035000	-0.772500	-0.264300	-0.100800
1627444897.529397	1.021400	-0.036400	-0.012500	-0.570000	-0.266400	-0.071500
1627444897.558582	1.003800	-0.027000	0.004500	-0.471700	-0.195200	-0.024100
1627444897.559507	1.005000	-0.021700	0.005200	-0.425900	-0.118600	0.003300
1627444897.560342	1.008300	-0.021400	-0.009000	-0.444500	-0.045600	0.020500
1627444897.587522	1.010400	-0.017900	0.002100	-0.598400	0.026800	0.025000
1627444897.588432	1.004800	-0.007200	0.009000	-0.672400	0.102000	0.039700
1627444897.590540	0.999000	0.013500	-0.026200	-0.666300	0.168200	0.062600
1627444897.597971	0.984500	0.028000	-0.069100	-0.691000	0.221100	0.088600
1627444897.628488	0.967500	0.013500	-0.080800	-0.742900	0.208200	0.104400
1627444897.629474	0.957300	-0.008200	-0.065800	-0.835500	0.169500	0.105100
1627444897.630369	0.964400	-0.040200	-0.013400	-0.977500	0.093400	0.088300
1627444897.665983	0.952100	-0.070900	0.054800	-1.225800	-0.011400	0.007600
1627444897.666897	0.975600	-0.116600	0.059000	-1.265200	-0.000700	-0.095900
1627444897.667730	1.078400	-0.232200	0.002200	-1.125900	-0.050200	-0.182100
1627444897.669544	1.115400	-0.304900	-0.028400	-1.077700	-0.181500	-0.236400
1627444897.684751	1.090700	-0.332600	-0.034800	-1.130800	-0.258800	-0.208600
1627444897.704746	1.099700	-0.341600	-0.057900	-1.379700	-0.324700	-0.139300
1627444897.705663	1.116200	-0.334400	-0.073000	-1.696500	-0.470700	-0.110000
1627444897.706772	1.099700	-0.290400	-0.076700	-1.941100	-0.546200	-0.080600
1627444897.737551	1.084800	-0.178700	-0.129900	-2.111600	-0.530900	-0.040300
1627444897.740885	1.072800	-0.021400	-0.232100	-2.082800	-0.497000	-0.003100
1627444897.742106	1.104700	0.081300	-0.392300	-1.796700	-0.482300	0.044300
1627444897.745378	1.110200	0.156200	-0.563500	-1.461000	-0.542500	0.112100
1627444897.776404	1.107800	0.236200	-0.679900	-1.064500	-0.727600	0.202800
1627444897.778682	1.128900	0.230600	-0.789100	-0.652200	-0.900800	0.218100
1627444897.779606	1.168200	0.279500	-0.906000	-0.504100	-1.202200	0.105700
1627444897.809812	1.208500	0.460400	-0.953200	-0.366300	-1.733100	-0.182400
1627444897.810748	1.252400	0.682100	-0.918100	0.181900	-2.272500	-0.506700
1627444897.811584	1.280300	0.857800	-0.875900	1.126900	-2.864400	-0.891900
1627444897.815303	1.310500	0.909200	-0.835900	2.581700	-3.581900	-1.403200
1627444897.842178	1.300400	0.863600	-0.817900	3.585700	-4.117900	-1.761400
1627444897.843086	1.244500	0.711200	-0.872700	4.166000	-4.656700	-2.039400
1627444897.845465	1.114700	0.420900	-0.900300	4.196200	-5.208300	-2.175000
1627444897.855427	0.991600	0.197400	-0.742600	4.036500	-5.401000	-2.122800
1627444897.881379	0.833100	0.145600	-0.477800	3.965000	-5.362500	-2.004000
1627444897.882292	0.693500	0.233800	-0.203600	4.139100	-5.001500	-1.649000
1627444897.885469	0.662500	0.272600	-0.058700	4.421600	-4.558600	-1.239500
1627444897.895325	0.674000	0.094800	-0.017700	4.481800	-4.160700	-0.978900
1627444897.924834	0.872100	-0.090000	-0.023400	4.324200	-3.520200	-0.454200
1627444897.925758	1.045300	-0.250000	0.027000	3.314800	-3.104800	-0.015000
1627444897.926614	1.304200	-0.287100	0.071500	1.844400	-2.398600	0.264200
1627444897.954859	1.801400	-0.701700	0.300500	-0.073700	-1.023600	0.485900
1627444897.955786	1.728100	-0.891500	0.496900	-1.693400	-0.237700	0.697600
1627444897.956769	1.271000	-0.815100	0.589700	-1.850100	0.269600	1.070200
1627444897.969324	0.804000	-1.002000	0.296400	-1.937200	0.732100	1.580300
1627444897.987678	0.556300	-1.060400	-0.055500	-2.173300	0.959000	1.812100
1627444897.988602	0.360700	-0.725500	-0.260400	-1.583800	1.045100	1.859200
1627444897.995613	0.200900	-0.265500	-0.425500	-1.289600	1.573200	1.607200
1627444898.005300	0.259300	-0.033600	-0.243800	-1.900500	2.039600	0.981300
1627444898.029774	0.323100	0.132400	0.007000	-2.162900	2.034100	0.360400
1627444898.030706	0.327800	0.419200	0.235200	-2.467700	1.763800	-0.261800
1627444898.035483	-0.052000	0.644800	0.767200	-3.653700	2.356700	-0.406800
1627444898.044089	-0.243700	0.845300	1.011500	-4.436200	4.194100	0.282500
1627444898.071268	0.269000	0.821500	0.751000	-5.244700	5.459500	0.839900
1627444898.072181	0.696700	0.841800	0.985400	-5.057800	5.144900	1.233300
1627444898.078269	1.264400	0.786700	0.351200	-1.171100	4.119000	1.257800
1627444898.106034	1.707300	0.771900	-2.013300	0.985200	2.898200	1.280700
1627444898.106946	1.045700	-0.252400	-1.155600	-0.464400	2.629700	1.938000
1627444898.108167	1.471900	-0.301300	0.383800	0.282400	3.024000	1.387900
1627444898.115429	3.885000	-0.635900	-1.315600	1.106800	2.860600	0.112100
1627444898.144746	2.776500	-1.080400	-1.712800	2.137600	0.428200	-0.001800
1627444898.145669	1.369300	-0.303600	-1.159100	0.529800	0.451700	1.056800
1627444898.146805	0.855700	0.238200	-1.114900	-0.848000	0.744900	1.289800
1627444898.172468	0.826900	0.534500	-0.946700	-0.453100	0.577500	1.187200
1627444898.173374	0.789600	0.764400	-0.868200	-0.390400	0.427200	0.772100
1627444898.176776	0.955300	0.929400	-0.714800	0.503900	0.465400	0.359200
1627444898.190259	1.391100	0.889200	-0.832500	1.963200	0.345400	-0.288600
1627444898.204842	1.773700	0.460000	-0.525500	3.239000	-0.054400	-0.858000
1627444898.205760	1.820600	0.014200	-0.534900	4.660800	-0.668000	-1.159100
1627444898.234881	1.647700	-0.204800	-0.888200	4.775900	-1.331400	-1.185400
1627444898.235801	1.510600	-0.350800	-0.930900	4.472700	-1.962500	-1.119400
1627444898.236638	1.266400	-0.580000	-0.893800	4.042000	-2.618500	-0.861900
1627444898.246539	1.144300	-0.696200	-0.808100	2.643700	-3.089200	-0.351000
1627444898.277378	1.046000	-0.642900	-0.506800	1.408600	-3.525400	-0.095300
1627444898.279546	0.797000	-0.521900	-0.049200	0.426900	-3.954200	-0.065700
1627444898.283666	0.411400	-0.309200	0.318500	-0.177600	-4.077300	0.000300
1627444898.284583	0.179400	-0.048200	0.419200	-0.515700	-3.780700	-0.003100
1627444898.294170	0.120400	0.275500	0.213100	-0.797600	-3.328700	-0.119400
1627444898.321106	0.211300	0.213400	-0.111200	-0.515100	-2.795100	-0.439200
1627444898.322046	0.309200	-0.084600	-0.282200	-0.565200	-2.220600	-0.657000
1627444898.324129	0.451000	-0.255600	-0.092300	-0.182100	-1.632000	-0.662800
1627444898.353676	0.505400	-0.602900	0.184700	0.325200	-0.818000	-0.290500
1627444898.354593	0.763500	-0.770600	0.373400	0.288500	0.314800	0.504900
1627444898.355422	0.939800	-0.635000	0.454100	-0.000100	1.046000	1.227200
1627444898.365595	0.830700	-0.397800	0.663000	-0.373600	1.493500	1.409300
1627444898.383705	0.600000	-0.092300	0.844700	-0.885600	1.760800	1.155100
1627444898.384632	0.309100	0.172500	0.674300	-1.467700	2.049100	0.746800
1627444898.395399	0.095000	0.369300	0.525100	-1.642100	2.600700	0.380300
1627444898.426131	0.021500	0.349000	0.419700	-1.403300	3.252500	0.166400
1627444898.427038	0.074800	0.215500	0.424600	-0.976900	3.803500	0.235800
1627444898.427864	0.196800	0.095500	0.509500	-0.302800	4.335200	0.482000
1627444898.435441	0.652200	0.249100	-0.051600	-0.169900	4.551200	0.682600
1627444898.466077	1.330900	0.267100	-1.548300	-0.888900	3.799200	0.625800
1627444898.467954	2.105700	-1.354500	-2.765900	-2.403200	3.081400	0.804800
1627444898.472484	3.129600	-2.000500	-0.748900	-2.461900	2.929600	0.685700
1627444898.488038	3.072400	-0.453900	-0.216300	-3.541300	2.112900	0.400700
1627444898.499696	2.665900	-0.032000	-1.575600	-4.225500	0.588800	1.019500
1627444898.500609	1.770000	0.266500	-0.976300	-4.148500	-0.683300	1.273000
1627444898.502884	0.736200	1.081300	-0.856600	-4.440200	-0.761200	0.730300
1627444898.530966	0.621300	1.471700	-1.377800	-3.480800	-0.026000	0.710400
1627444898.531888	0.758700	1.607900	-0.650400	-1.122300	0.386300	0.363100
1627444898.539267	0.863800	1.694000	-0.277300	0.912200	0.339600	-0.156400
1627444898.542831	1.035500	1.402600	-0.421100	3.165100	0.305400	-0.544600
1627444898.573729	1.413500	0.631100	-0.587900	4.962600	-0.024500	-1.027500
1627444898.576182	1.607200	0.206900	-0.824300	5.655300	-0.399900	-1.224800
1627444898.577116	1.971700	-0.174600	-0.981100	5.684600	-0.524800	-1.073000
1627444898.582980	2.042700	-0.646200	-0.985000	5.431100	-1.247100	-0.806400
1627444898.618965	1.740100	-0.825800	-1.088400	4.466800	-1.938300	-0.506700
1627444898.619874	1.600600	-0.762000	-0.991700	3.371300	-2.559300	-0.111500
1627444898.620705	1.566500	-0.598000	-0.659500	1.952500	-3.327400	0.245900
1627444898.622801	1.283000	-0.420200	-0.133800	0.882900	-4.060500	0.291700
1627444898.637855	0.819100	-0.274500	0.426400	0.239700	-4.616100	0.161300
1627444898.662352	0.383100	-0.127900	0.760700	-0.062100	-4.696100	0.110900
1627444898.663273	0.180700	-0.043600	0.703600	0.334700	-4.585500	0.047600
1627444898.664698	0.014200	-0.212300	0.352400	0.519700	-4.388800	-0.208000
1627444898.672987	-0.010000	-0.470700	-0.049600	0.213400	-3.912300	-0.506400
1627444898.687760	0.073900	-0.730300	-0.327900	-0.549900	-3.290800	-0.659400
1627444898.717379	0.294200	-0.850300	-0.386100	-1.639400	-2.458800	-0.626200
1627444898.718290	0.857700	-0.760600	-0.328500	-2.834200	-1.352500	-0.225400
1627444898.719350	1.581100	-0.573600	-0.154900	-3.588900	-0.097500	0.481700
1627444898.722782	1.966300	-0.268100	0.111200	-3.804300	0.610500	0.685100
1627444898.738566	1.387800	0.155800	0.401100	-3.616400	0.470900	0.226600
1627444898.754428	0.695700	0.529100	0.459000	-2.739800	0.885700	0.055600
1627444898.772412	0.460200	0.706700	0.436400	-1.540100	1.279700	0.010100
1627444898.773320	0.209600	0.931400	0.609400	-0.052900	0.828000	-0.103200
1627444898.774319	-0.194000	1.063500	0.492900	0.729600	0.722600	0.120000
1627444898.805401	-0.293200	1.219100	0.251100	0.673400	1.747300	0.403800
1627444898.807296	-0.107400	1.299300	0.127100	0.221000	3.008400	0.575400
1627444898.808385	0.125000	1.040300	0.331500	-0.380700	4.133700	0.687200
1627444898.811603	0.130700	0.672900	0.739100	1.112000	4.822100	0.969400
1627444898.821746	0.077400	0.056300	0.809300	4.011400	5.320600	1.273900
1627444898.847265	0.620600	-0.116200	-0.555800	4.938400	5.211800	1.100200
1627444898.848175	1.086500	-0.639500	-2.313700	3.409700	4.390500	0.601700
1627444898.891207	2.115400	-2.793500	-1.230700	2.732600	4.446400	0.759300
1627444898.892113	5.007600	-3.505100	-0.250100	1.299800	3.336500	-1.603200
1627444898.894336	3.566900	-2.340500	-1.760500	-1.828400	0.486500	-0.972800
1627444898.895444	1.768600	-1.942600	-1.830000	-2.706500	-0.200700	0.843300
1627444898.911196	0.770900	-0.276000	-1.314200	-4.891300	-0.203800	0.829800
1627444898.924818	0.729100	0.576400	-1.165400	-4.875100	0.002400	0.956300
1627444898.925732	0.746300	0.955800	-0.606100	-4.433500	0.087900	1.107200
1627444898.926563	0.837300	1.126600	-0.492900	-2.654900	0.198200	1.053400
1627444898.931561	0.946900	1.335600	-0.652000	-1.903600	0.510000	0.626700
1627444898.947069	1.210600	1.200200	-0.414900	-0.490600	0.540900	0.044300
1627444898.971300	1.345200	0.686000	-0.444700	0.950400	0.326800	-0.796600
1627444898.972220	1.589100	0.399200	-0.685200	1.413700	0.284900	-1.350000
1627444898.974279	1.930100	0.261100	-0.720500	1.812300	-0.096300	-1.429100
1627444898.981656	1.868000	0.162800	-0.767300	2.153200	-0.804900	-1.232100
1627444899.012249	1.604100	-0.000200	-0.755500	2.289100	-1.440800	-0.979200
1627444899.012956	1.321700	-0.160800	-0.659100	2.085100	-2.001600	-0.734600
1627444899.013968	0.996200	-0.200900	-0.328000	1.568300	-2.573600	-0.532400
1627444899.020972	0.674600	-0.243300	0.062100	1.326100	-3.088900	-0.420900
1627444899.042157	0.330000	-0.148100	0.306400	1.256400	-3.350700	-0.363200
1627444899.043037	0.105100	-0.003400	0.398800	1.316900	-3.300300	-0.312500
1627444899.048540	0.053800	0.064200	0.336200	1.334600	-3.205600	-0.466700
1627444899.072165	0.054600	-0.085900	0.037500	0.978200	-3.016800	-0.789900
1627444899.073002	0.080200	-0.388200	-0.213100	0.130000	-2.576400	-1.238200
1627444899.078352	0.203900	-0.677500	-0.278800	-0.461300	-1.848800	-1.403200
1627444899.101033	0.608400	-0.842200	-0.143300	-0.595700	-1.023300	-1.176500
1627444899.101946	1.566400	-0.991800	0.154700	-0.756000	-0.013500	-0.440100
1627444899.113573	2.154300	-0.787400	0.454200	-1.102700	0.821200	0.433700
1627444899.135693	1.717200	-0.374300	0.581400	-0.978700	0.780000	0.678700
1627444899.136533	1.064300	0.039200	0.592400	-0.706300	0.607700	0.858300
1627444899.140251	0.633400	0.349200	0.665500	-0.640600	0.645000	0.906800
1627444899.142826	0.354600	0.618300	0.531900	-1.199500	0.836500	0.843300
1627444899.166685	0.145800	0.856600	0.232700	-1.904500	1.228400	0.546700
1627444899.172926	-0.083300	0.893200	0.147000	-1.587100	1.746700	0.252900
1627444899.192309	-0.326200	0.792800	0.403400	-0.530600	2.405500	0.218100
1627444899.193210	-0.442000	0.760900	0.320900	0.662100	3.403100	0.518900
1627444899.198423	0.161000	1.133700	-0.887500	0.788500	3.377400	0.577300
1627444899.214468	0.638800	0.764000	-2.299300	0.480000	1.972400	0.044600
1627444899.221664	0.804100	-1.308200	-1.096800	1.486700	1.906800	0.606900
1627444899.223343	3.505000	-1.252400	0.176500	2.339200	3.057300	-0.206200
1627444899.250076	5.207400	-0.680300	-0.932600	1.407300	1.677400	-1.144500
1627444899.250978	1.759400	-1.419400	-2.032100	1.629100	-0.901700	0.033900
1627444899.260602	0.240000	-0.616300	-1.173000	-0.432300	0.499900	0.746200
1627444899.264947	0.804100	-0.362300	-0.952300	-0.349800	0.757100	0.544000
1627444899.280466	1.387100	-0.480800	-1.013500	0.146500	0.726000	0.560200
1627444899.294477	1.257700	-0.294100	-0.533300	-0.477500	0.522200	0.491400
1627444899.295376	1.064700	-0.047900	-0.597900	-1.172400	0.761100	0.387000
1627444899.319306	1.234100	0.003500	-0.629500	-1.309800	0.912300	0.110200
1627444899.320255	1.418300	0.009200	-0.561000	-1.201100	0.634600	-0.374200
1627444899.330505	1.616800	0.121500	-0.684700	-1.049600	0.328000	-0.551600
1627444899.340238	1.611200	0.230600	-0.836700	-0.589300	-0.172900	-0.534800
1627444899.363758	1.439000	0.353000	-0.874400	-0.131100	-0.903800	-0.425800
1627444899.364659	1.334000	0.336100	-0.848800	0.258600	-1.578200	-0.268500
1627444899.370488	1.273400	0.267500	-0.772200	0.382900	-2.175700	-0.220200
1627444899.380386	1.158900	0.233800	-0.458500	0.422300	-2.847600	-0.360700
1627444899.385503	0.971300	0.198900	-0.155200	0.644700	-3.449600	-0.557400
1627444899.409304	0.699000	0.264000	0.094600	0.985200	-3.913600	-0.781600
1627444899.410069	0.409900	0.428700	0.339500	1.537100	-4.248300	-1.132300
1627444899.420440	0.196900	0.472900	0.378500	2.132400	-4.198800	-1.529000
1627444899.430399	0.170000	0.449800	0.167400	2.321200	-3.779200	-1.772400
1627444899.453341	0.203500	0.093800	-0.102500	1.972100	-3.162200	-1.913200
1627444899.460298	0.323500	-0.418100	-0.262300	1.071000	-2.111800	-1.817600
1627444899.461206	0.850300	-0.733400	-0.068500	0.439100	-0.991800	-1.188100
1627444899.484648	1.490400	-1.172400	0.255900	-0.010200	0.257100	0.174100
1627444899.489471	1.481400	-1.044100	0.336500	-0.672100	1.501700	1.419600
1627444899.491609	1.267100	-0.749300	0.263400	-0.551700	1.977600	1.867100
1627444899.504272	1.104500	-0.351700	0.309000	-0.472000	1.870700	2.033300
1627444899.525667	0.914400	0.165900	0.475200	-0.713300	1.407400	1.699700
1627444899.526790	0.676400	0.522900	0.593300	-1.033400	0.887200	1.096500
1627444899.530345	0.458700	0.810500	0.368000	-1.230400	0.676800	0.549800
1627444899.544208	0.110200	0.928500	0.035000	-1.429500	0.990100	0.003300
1627444899.563783	0.028100	0.807100	0.120000	-0.895000	1.651100	-0.057700
1627444899.564686	0.055700	0.591900	0.253700	-0.099400	2.474600	0.134100
1627444899.573498	0.455400	0.496700	-0.029500	0.101900	3.561900	0.481000
1627444899.587882	1.154400	0.492600	-0.830600	-0.370600	3.506900	0.365600
1627444899.590282	1.603900	-0.016200	-1.416400	-0.680600	2.863700	0.198800
1627444899.604229	2.334400	-1.018600	-0.248200	-0.551100	2.175500	0.338100
1627444899.605130	1.842900	-0.922200	-0.099900	0.838900	1.324900	0.430300
1627444899.629558	1.442600	-0.447300	-1.155600	-0.454900	1.291300	0.513400
1627444899.631644	1.079300	-0.194100	-1.505900	-1.694000	0.818800	0.498500
1627444899.641667	0.922400	-0.067700	-1.346400	-1.827800	0.773900	0.420900
1627444899.649168	1.141500	0.011600	-1.099900	-1.549900	0.770500	0.317000
1627444899.672210	1.305700	0.039300	-0.942100	-0.602400	0.501500	0.229400
1627444899.675413	1.161000	0.235500	-0.842700	-0.036800	0.225700	0.233000
1627444899.679117	1.099700	0.269500	-0.721200	0.266500	0.318800	0.427000
1627444899.691566	1.137300	0.174700	-0.650800	0.814800	0.289800	0.385400
1627444899.692482	1.195200	0.125700	-0.591200	0.849600	0.284000	0.140200
1627444899.715243	1.259400	0.193400	-0.422000	0.794300	0.141700	-0.180500
1627444899.729910	1.345600	0.327100	-0.383900	1.122100	-0.066600	-0.509500
1627444899.730825	1.435300	0.460400	-0.550000	1.528900	-0.368700	-0.729400
1627444899.735947	1.466100	0.392200	-0.657800	1.882900	-0.846400	-0.861900
1627444899.756668	1.392700	0.264400	-0.606900	2.254300	-1.453600	-0.932500
1627444899.770983	1.327900	0.112300	-0.540200	2.660500	-2.040000	-0.960600
1627444899.777549	1.265500	-0.051100	-0.483200	2.688600	-2.574900	-0.977100
1627444899.778026	1.099600	-0.222900	-0.353400	2.510200	-3.219600	-0.911100
1627444899.801454	0.909300	-0.333900	-0.237200	2.122000	-3.678100	-0.731500
1627444899.809765	0.777500	-0.364900	-0.125700	1.652300	-3.856500	-0.556800
1627444899.810676	0.676000	-0.360600	-0.009200	1.102200	-3.844800	-0.405300
1627444899.823408	0.615600	-0.328900	0.048100	0.632800	-3.556800	-0.329000
1627444899.845182	0.624500	-0.393200	0.010300	0.427500	-3.278000	-0.372900
1627444899.849879	0.669400	-0.492700	-0.089000	-0.018700	-2.846700	-0.456000
1627444899.850786	0.803300	-0.498500	-0.220000	-0.563000	-2.089500	-0.445000
1627444899.859365	0.974100	-0.508900	-0.332900	-1.112500	-1.255700	-0.290200
1627444899.860950	1.149800	-0.525900	-0.381700	-1.557200	-0.587100	0.116700
1627444899.883365	1.215500	-0.447100	-0.229100	-1.764300	-0.128000	0.662500
1627444899.892402	1.096300	-0.263500	-0.140000	-1.709300	-0.023000	0.900400
1627444899.919087	0.942600	-0.047600	-0.051300	-1.815000	0.101000	0.952900
1627444899.921217	0.724400	0.183100	-0.044600	-2.245900	0.186300	0.907700
1627444899.922216	0.494900	0.341300	-0.053000	-2.373900	0.308400	0.743700
1627444899.929245	0.303700	0.457500	-0.020800	-2.069400	0.573800	0.572700
1627444899.936001	0.125100	0.718300	0.020500	-1.431100	1.055800	0.437400
1627444899.960160	0.087400	0.835300	-0.024900	-0.711800	1.577200	0.409900
1627444899.961068	0.123800	0.856100	-0.104200	-0.131400	2.127000	0.388800
1627444899.970619	0.226100	0.809300	-0.049300	0.241800	2.844100	0.534200
1627444899.977136	0.372400	0.708700	0.096100	0.564000	3.378000	0.742500
1627444900.003302	0.439200	0.493900	0.296900	1.101300	3.638600	0.913500
1627444900.004216	0.365800	0.239600	0.641800	1.978500	3.949500	0.996600
1627444900.007918	0.288500	0.140900	0.906600	2.639100	4.218000	1.008200
1627444900.023160	0.400900	0.339100	0.905600	2.764700	4.202400	0.735200
1627444900.047388	0.857200	0.499300	-0.527600	1.892100	3.408000	-0.168000
1627444900.048293	1.145300	-0.086300	-2.189200	-0.140600	2.447400	-0.873200
1627444900.049141	2.312700	-1.493300	-1.656400	0.521900	3.145900	-0.812800
1627444900.059323	3.914700	-1.668500	0.277100	0.890800	2.997500	-1.620000
1627444900.065538	2.571500	-1.032700	-0.189700	0.194200	1.362500	-0.388500
1627444900.088164	2.015000	-1.645300	-1.344200	0.925100	0.833800	1.137100
1627444900.094313	1.553000	-0.757800	-1.147600	0.273900	-0.509500	1.254400
1627444900.095230	0.430100	0.541700	-0.972500	-1.067600	-0.734900	0.878700
1627444900.119535	0.411300	0.793500	-0.779900	-1.462500	0.160300	0.692700
1627444900.120364	0.971900	0.723400	-0.679900	-0.507700	0.665200	0.514900
1627444900.130435	1.331100	0.621600	-0.469100	0.746700	0.662700	0.098000
1627444900.137920	1.448000	0.354200	-0.404800	1.349600	0.682000	-0.298400
1627444900.159428	1.392500	0.034500	-0.317900	1.913400	0.620900	-0.628600
1627444900.160460	1.361500	-0.180800	-0.337500	1.863600	0.695400	-0.843600
1627444900.170521	1.414600	-0.317500	-0.393700	1.251600	0.655100	-0.912300
1627444900.181684	1.463000	-0.550300	-0.374600	0.949800	0.435800	-0.845800
1627444900.200417	1.448100	-0.733500	-0.358800	0.520700	0.116600	-0.673200
1627444900.201518	1.467900	-0.579300	-0.437700	0.023700	-0.158300	-0.437400
1627444900.217142	1.371900	-0.236900	-0.558500	-0.361700	-0.586200	-0.198200
1627444900.220276	1.138500	0.035000	-0.643100	-0.439300	-1.129600	-0.131300
1627444900.221195	0.999600	0.128400	-0.703500	-0.203800	-1.570600	-0.229700
1627444900.245811	0.903700	0.133800	-0.777300	0.058500	-2.010700	-0.440100
1627444900.247903	0.835700	0.167700	-0.822500	0.214600	-2.475900	-0.724200
1627444900.259289	0.832000	0.217900	-0.736900	0.181900	-2.931000	-0.908100
1627444900.262832	0.762100	0.270900	-0.478100	-0.043500	-3.460300	-1.013100
1627444900.285831	0.503700	0.232500	-0.172700	-0.423400	-4.015900	-1.126100
1627444900.290399	0.266100	0.282200	0.041500	-0.511100	-4.307000	-1.249800
1627444900.291415	0.038800	0.342400	0.045400	0.050600	-4.120000	-1.339000
1627444900.314002	0.079800	0.230100	0.007100	1.203000	-3.350000	-1.349400
1627444900.317573	0.257900	-0.047400	0.025100	1.885000	-2.605700	-1.240700
1627444900.333005	0.563800	-0.264200	0.096800	1.905500	-1.814300	-0.907500
1627444900.359405	1.302200	-0.566500	0.181600	1.678600	-0.559600	-0.231500
1627444900.360318	2.179300	-0.942000	0.228500	1.212500	0.599200	0.475900
1627444900.362051	2.140000	-0.938600	0.052000	0.479700	0.407100	0.791400
1627444900.376538	1.520300	-0.638900	-0.115700	-0.370600	-0.435300	1.094700
1627444900.377439	1.140500	-0.424400	-0.054400	-0.752700	-0.663500	1.350300
1627444900.400201	0.965300	-0.329600	0.147500	-0.946000	-0.520800	1.372600
1627444900.409789	0.695300	-0.266000	0.236500	-1.359300	-0.416400	1.084300
1627444900.410697	0.502800	-0.181600	0.102400	-1.815900	-0.165600	0.667700
1627444900.416790	0.458400	-0.017300	-0.015300	-2.092900	0.284000	0.349100
1627444900.421025	0.481200	0.190400	-0.105600	-2.094500	0.835900	0.124300
1627444900.446139	0.555500	0.421900	-0.173300	-1.974700	1.353000	0.190900
1627444900.447049	0.593000	0.558700	-0.091700	-1.760900	1.681000	0.373200
1627444900.459373	0.506500	0.676100	0.109400	-1.439600	2.017000	0.591600
1627444900.463562	0.354900	0.670400	0.448200	-1.109700	2.246100	0.857300
1627444900.479222	0.196900	0.589800	0.720200	-0.454600	2.587300	1.187800
1627444900.493009	0.276600	0.613000	0.538700	0.441600	3.079000	1.548200
1627444900.494288	0.572600	0.753500	-0.215600	0.889900	2.891800	1.431900
1627444900.517158	0.572600	0.753500	-0.215600	0.889900	2.891800	1.431900
1627444900.517995	0.751600	0.623000	-1.359700	0.576900	2.423500	1.221700
1627444900.535294	1.186600	-0.313700	-1.336700	0.236900	2.254000	1.210700
1627444900.546061	2.156700	-1.052700	-0.029800	2.037400	1.936400	0.724500
1627444900.546967	2.322600	-0.502800	-0.563700	0.773900	1.427500	-0.291400
1627444900.561924	2.039200	-0.132300	-1.152300	-1.069100	0.847200	-0.573300
1627444900.563461	1.438100	-0.373500	-1.147100	-0.947600	0.216200	-0.187200
1627444900.589832	1.178800	-0.102700	-1.046500	-0.643600	0.047300	-0.147500
1627444900.590698	1.138500	0.025000	-0.980600	-0.459200	0.194500	0.026300
1627444900.595991	1.121900	-0.022300	-0.721900	0.161800	0.071100	0.216500
1627444900.618100	1.096800	-0.023100	-0.698100	0.460800	0.039300	0.188100
1627444900.619104	1.150800	0.051600	-0.716800	0.423500	0.089400	0.084900
1627444900.634110	1.226700	0.059900	-0.643200	0.498400	-0.000400	-0.145400
1627444900.640250	1.371300	0.066300	-0.541400	0.782700	-0.253600	-0.370800
1627444900.664587	1.495600	0.054000	-0.688800	0.786400	-0.615500	-0.591000
1627444900.665438	1.615600	-0.016100	-0.861100	0.662100	-1.234900	-0.813700
1627444900.666962	1.593500	-0.115000	-0.883300	0.853000	-1.876000	-0.822200
1627444900.679057	1.563000	-0.093100	-0.845500	1.019100	-2.521400	-0.723000
1627444900.679985	1.454700	0.052600	-0.766800	0.771400	-3.207100	-0.653000
1627444900.703250	1.275400	0.192400	-0.596200	0.430300	-3.646000	-0.667100
1627444900.705434	1.021100	0.161700	-0.414900	0.437600	-3.986300	-0.789600
1627444900.716782	0.714400	0.159100	-0.186300	0.760400	-4.218100	-0.827400
1627444900.724238	0.473400	0.225800	-0.004300	1.320900	-4.217800	-0.762100
1627444900.744534	0.309200	0.287100	0.104000	1.930500	-4.081900	-0.662200
1627444900.746717	0.218600	0.156000	0.145000	2.359100	-3.810600	-0.759300
1627444900.755763	0.264600	-0.013700	0.122900	2.104000	-3.445000	-0.965200
1627444900.765722	0.340500	-0.088400	0.057400	1.538100	-2.949900	-1.018000
1627444900.786128	0.535800	-0.297500	-0.030000	0.801700	-2.044600	-0.930400
1627444900.787043	0.958100	-0.548000	-0.005000	-0.066400	-0.818300	-0.541200
1627444900.793611	1.412100	-0.774300	0.034200	-0.774100	0.296200	-0.003400
1627444900.818570	1.450600	-0.721700	0.008900	-1.509600	0.820600	0.563800
1627444900.819479	1.197000	-0.499500	-0.016200	-1.845800	1.062500	1.027800
1627444900.829200	0.978500	-0.213100	-0.012500	-1.769800	1.192000	1.345400
1627444900.838492	0.707200	0.055700	0.035400	-1.518400	1.132500	1.228700
1627444900.861417	0.467700	0.266600	0.065400	-1.169000	1.220800	0.816700
1627444900.864925	0.339400	0.404300	0.009300	-0.822600	1.570800	0.542700
1627444900.865835	0.325900	0.419700	-0.043600	-0.697400	2.060700	0.345700
1627444900.881050	0.435100	0.306400	-0.042700	-0.483000	2.528000	0.251700
1627444900.894026	0.566500	0.215000	-0.012100	-0.383100	2.861200	0.445300
1627444900.895406	0.655000	0.194600	0.071800	-0.363300	3.188300	0.828600
1627444900.910269	0.656700	0.194300	0.164400	-0.596300	3.517600	1.204000
1627444900.911166	0.590000	0.196400	0.236800	-0.970800	3.677700	1.386300
1627444900.934454	0.563400	0.177100	0.182000	-1.300000	3.805300	1.451100
1627444900.935282	0.825200	0.229600	-0.210000	-1.820800	3.445500	1.252000
1627444900.945487	1.013100	0.199500	-1.049900	-2.056600	2.714000	0.956300
1627444900.960315	1.108800	-0.339700	-1.581900	-2.272800	2.439400	0.994800
1627444900.974883	1.495000	-0.367900	-0.653200	-1.885200	2.129400	0.806000
1627444900.975848	1.628800	0.084700	-0.162200	-1.767300	1.328600	0.279200
1627444900.986762	1.787700	0.225800	-0.706500	-2.137800	0.915900	-0.069300
1627444900.993036	2.037400	0.235800	-1.284300	-1.328100	0.137700	-0.327100
1627444901.014591	1.783300	0.321000	-1.275100	-0.728300	-0.306400	-0.315200
1627444901.015375	1.243400	0.443200	-1.050800	0.166700	-0.403200	-0.056200
1627444901.026675	0.857700	0.430800	-0.681800	1.306500	-0.257500	0.208300
1627444901.037059	0.891500	0.411700	-0.587400	2.013000	-0.173200	0.334100
1627444901.059212	0.925900	0.234300	-0.672100	2.633900	-0.202300	0.353400
1627444901.063822	1.017300	-0.048800	-0.590600	2.898500	-0.027200	0.343600
1627444901.064729	1.227100	-0.344100	-0.421600	3.073800	-0.048600	0.173200
1627444901.075495	1.395800	-0.564200	-0.508400	2.673300	-0.172000	-0.068400
1627444901.079660	1.593300	-0.690100	-0.732300	1.798300	-0.418800	-0.310300
1627444901.103353	1.668600	-0.688400	-0.845000	1.112300	-0.875700	-0.382100
1627444901.104388	1.609400	-0.566700	-0.792700	0.546900	-1.355900	-0.364100
1627444901.115562	1.542500	-0.358600	-0.745800	-0.114600	-1.897400	-0.331100
1627444901.121655	1.484900	-0.206200	-0.788500	-0.691300	-2.496700	-0.317700
1627444901.143538	1.379300	-0.141800	-0.783200	-1.003100	-2.980500	-0.339000
1627444901.144450	1.210900	-0.117800	-0.618500	-1.188500	-3.385200	-0.428200
1627444901.155830	0.975600	-0.071700	-0.318500	-1.324500	-3.618800	-0.530500
1627444901.162353	0.749800	0.014500	-0.007600	-1.251800	-3.690300	-0.622200
1627444901.174188	0.521500	0.136200	0.173200	-0.938400	-3.582500	-0.682300
1627444901.189269	0.425500	0.200400	0.175300	-0.593300	-3.262700	-0.752000
1627444901.193061	0.457200	0.209600	0.098800	-0.395900	-3.029000	-0.956000
1627444901.214378	0.564300	0.195100	-0.082300	-0.326600	-2.723300	-1.232400
1627444901.215568	0.665400	0.101200	-0.300000	-0.518700	-2.335100	-1.434000
1627444901.229830	0.801900	0.153100	-0.327100	-0.556300	-1.745600	-1.275800
1627444901.240331	1.009300	0.073700	-0.315800	-0.126900	-1.004300	-0.728200
1627444901.253828	1.046400	-0.013900	-0.243300	0.158400	-0.351600	0.080000
1627444901.254729	0.939700	-0.052000	-0.170800	0.198100	0.089100	0.458700
1627444901.258551	0.827400	-0.014600	-0.094600	0.071700	0.477600	0.540000
1627444901.274287	0.652000	0.168600	0.048700	0.014300	0.845700	0.422100
1627444901.284306	0.494900	0.325000	0.167700	0.061900	1.217700	0.317600
1627444901.291836	0.420200	0.445900	0.167100	0.325200	1.533800	0.234900
1627444901.313297	0.450400	0.540900	0.012200	0.710300	1.761400	0.112100
1627444901.314134	0.515300	0.557600	-0.038900	1.078400	1.816000	0.051600
1627444901.324269	0.545300	0.406000	-0.094200	1.449800	2.008200	0.072400
1627444901.331542	0.564100	0.146200	-0.042500	1.203900	2.474900	0.238200
1627444901.353717	0.444700	-0.044400	0.306000	0.875900	3.080500	0.511600
1627444901.354622	0.287100	-0.204300	0.787400	1.242700	3.706400	0.857300
1627444901.365696	0.223300	-0.359700	0.671300	1.658100	4.464400	1.127300
1627444901.372285	0.340700	-0.257300	0.162100	1.229000	4.839800	0.986200
1627444901.396112	0.693800	-0.219100	-0.787600	0.854500	4.276000	0.473700
1627444901.396945	0.976700	-1.231100	-0.928100	-0.107300	3.146200	0.245900
1627444901.404295	1.749400	-2.315300	-0.364000	0.170900	2.412900	0.261400
1627444901.415596	2.264300	-1.627800	-1.010100	-1.506200	2.512400	-0.312500
1627444901.416578	2.784400	-0.623200	-0.839500	-3.953600	1.988600	-0.477400
1627444901.444253	2.225700	-0.657700	-0.944200	-3.511400	0.673700	0.253500
1627444901.445284	1.487400	-0.419700	-1.082500	-3.504000	0.275700	0.833200
1627444901.460375	1.142700	0.534800	-0.789300	-3.856500	0.401600	1.018900
1627444901.483498	1.059800	1.215700	-0.550500	-3.086200	0.283100	1.064400
1627444901.484479	1.061900	1.236300	-0.583300	-2.059000	0.272100	0.992900
1627444901.485466	1.105300	1.201700	-0.485000	-1.062100	0.324900	0.692700
1627444901.492859	1.139600	1.127100	-0.443600	0.239100	0.381700	0.206200
1627444901.508487	1.259500	0.936400	-0.478400	1.340100	0.320000	-0.289000
1627444901.523954	1.403200	0.567400	-0.566800	2.263200	0.120900	-0.797800
1627444901.524871	1.504800	0.220700	-0.653100	3.088100	-0.252700	-1.141400
1627444901.535445	1.556400	-0.030200	-0.735800	3.540500	-0.638700	-1.215300
1627444901.542103	1.549100	-0.184700	-0.823700	3.610100	-1.112800	-1.153300
1627444901.560377	1.505600	-0.313200	-0.914600	3.282400	-1.752600	-0.949300
1627444901.570376	1.411100	-0.322300	-0.906400	2.789400	-2.388500	-0.669500
1627444901.571296	1.251000	-0.266000	-0.815300	2.163600	-3.004600	-0.416900
1627444901.587142	1.069800	-0.200100	-0.594400	1.528600	-3.518000	-0.281600
1627444901.594189	0.902500	-0.202600	-0.364400	1.193500	-3.807900	-0.279500
1627444901.602374	0.751200	-0.181500	-0.143600	1.124200	-3.989300	-0.277300
1627444901.626397	0.646000	-0.163800	0.010700	1.330100	-4.003700	-0.293200
1627444901.627298	0.602300	-0.208500	0.143100	1.242100	-3.955700	-0.415700
1627444901.636869	0.560500	-0.315400	0.196900	0.722600	-3.632000	-0.640200
1627444901.647366	0.546800	-0.512500	0.133800	-0.260900	-2.878500	-0.768800
1627444901.672507	0.680200	-0.791300	0.022000	-0.998900	-2.081600	-0.630100
1627444901.673417	0.927400	-1.096300	0.027500	-1.495800	-1.115500	0.008500
1627444901.674745	1.246900	-1.252400	0.106000	-1.915800	0.148700	1.298100
1627444901.685500	1.240500	-1.045500	0.151500	-1.698300	0.517300	2.013400
1627444901.693048	1.038700	-0.687300	0.205900	-1.532200	0.514000	2.191800
1627444901.715355	0.796000	-0.074300	0.418100	-1.978700	0.513400	1.966700
1627444901.716687	0.565200	0.277500	0.597200	-2.546500	0.378400	1.415400
1627444901.732292	0.269400	0.634500	0.570900	-2.955800	0.326100	0.870800
1627444901.735338	-0.011200	1.035200	0.392200	-3.191900	0.803500	0.437400
1627444901.736243	-0.205800	1.208300	0.239300	-3.284400	1.733900	0.150900
1627444901.759612	-0.174800	1.102800	0.209200	-2.416100	2.734200	0.221700
1627444901.761781	0.027100	0.803100	0.394800	-0.460400	3.614100	0.597400
1627444901.777098	0.206400	0.476300	0.642700	1.517900	4.132400	0.989000
1627444901.780480	0.494300	0.360000	0.452300	2.492500	4.298600	1.132800
1627444901.802014	1.364400	0.368300	-0.909200	1.957700	3.672200	0.795900
1627444901.803098	2.228000	-0.603900	-2.076000	0.709100	3.187100	0.594700
1627444901.812882	3.170200	-1.774200	-0.786300	0.031400	3.519100	0.243400
1627444901.825340	1.949200	-0.493200	0.708400	-0.531900	1.720700	-0.409300
1627444901.845331	1.474200	0.372700	-0.874900	-1.600900	1.282400	0.249200
1627444901.847888	1.726400	-0.165500	-1.676300	-1.661400	0.742100	0.542400
1627444901.862600	1.483800	-0.172100	-1.013100	-1.146700	0.025300	0.397000
1627444901.863501	0.921400	0.339400	-0.640400	-1.499800	-0.033400	-0.007300
1627444901.866049	0.858500	0.497600	-0.423300	-0.728900	0.309600	0.128600
1627444901.890360	1.011100	0.499000	-0.408600	0.964100	0.427500	0.259900
1627444901.906097	1.234900	0.317100	-0.662000	1.700200	0.534400	0.210100
1627444901.910332	1.294300	0.010400	-0.554200	2.164800	0.481000	0.037600
1627444901.911248	1.224700	-0.212600	-0.515600	2.383800	0.384800	-0.122500
1627444901.934495	1.304300	-0.330000	-0.634300	1.822400	0.262900	-0.345200
1627444901.935652	1.424000	-0.409700	-0.744400	1.242700	0.082400	-0.511600
1627444901.945556	1.506700	-0.381700	-0.811900	0.777500	-0.175100	-0.559900
1627444901.951756	1.580200	-0.243900	-0.869000	0.159000	-0.763300	-0.491100
1627444901.972367	1.550400	-0.100800	-0.939200	-0.194100	-1.461600	-0.464900
1627444901.973302	1.444500	0.031400	-0.973900	-0.366600	-2.279800	-0.559300
1627444901.984257	1.272300	0.228300	-0.980600	-0.296100	-3.155500	-0.801500
1627444901.989353	1.081100	0.296400	-1.005500	-0.009900	-3.627100	-0.967300
1627444902.010527	0.837800	0.252800	-0.935400	0.204500	-3.990500	-1.149400
1627444902.011500	0.501700	0.286500	-0.677600	0.569800	-4.279500	-1.351600
1627444902.025507	0.287200	0.447600	-0.486300	1.167900	-4.390000	-1.397100
1627444902.031601	0.226800	0.587000	-0.281500	1.944300	-4.411400	-1.412300
1627444902.052105	0.323500	0.551000	0.013700	2.186800	-4.635600	-1.638400
1627444902.053535	0.393900	0.486500	0.126000	1.957100	-4.521700	-1.956600
1627444902.062975	0.345100	0.290900	0.137600	1.676400	-4.031800	-2.117600
1627444902.074407	0.651900	-0.000100	0.111200	1.422900	-2.321400	-1.752600
1627444902.103421	1.562000	-0.388100	0.280500	1.061300	-0.278600	-0.758100
1627444902.104244	2.077100	-0.823900	0.401600	0.836800	1.036900	0.153600
1627444902.105316	1.422700	-0.973600	0.255000	0.991300	1.436100	0.985600
1627444902.117973	1.114100	-1.015300	0.092000	1.072600	1.768700	1.843300
1627444902.118867	1.138100	-0.771000	-0.008500	1.068600	1.563800	2.440400
1627444902.139558	0.845200	-0.458100	-0.129200	0.610200	0.743700	2.128500
1627444902.141642	0.493800	-0.198500	-0.187300	0.027400	0.490200	1.423900
1627444902.156591	0.397900	-0.122300	-0.140700	-0.197100	0.845400	0.736400
1627444902.181058	0.449300	-0.023600	-0.047600	-0.551100	1.070200	-0.062000
1627444902.181887	0.367800	0.103100	-0.075300	-0.907800	1.371600	-0.540900
1627444902.183023	0.273800	0.131700	0.068000	-1.549900	2.069500	-0.502400
1627444902.189259	0.291600	0.105000	0.275100	-2.045000	2.962600	-0.070300
1627444902.211074	0.374400	0.027600	0.345300	-2.101200	3.664500	0.411400
1627444902.211785	0.430900	-0.028100	0.349200	-1.971700	3.816300	0.765700
1627444902.229379	0.306600	-0.006000	0.375100	-2.023300	3.632400	1.052200
1627444902.240980	0.072100	0.119500	0.399800	-2.242300	3.709700	1.203700
1627444902.242039	0.098500	0.399900	0.143100	-2.790200	3.552100	1.173500
1627444902.252005	0.439600	0.766600	-1.063100	-3.706800	2.662700	0.675300
1627444902.257187	0.695300	0.247800	-2.495700	-4.114000	1.568900	0.547000
1627444902.282406	1.500000	-0.752900	-1.251600	-2.370600	2.341700	0.626700
1627444902.283324	4.011200	-0.595800	0.597700	-2.151600	3.227100	-0.006100
1627444902.293046	3.842500	0.559300	-0.595300	0.179800	0.308100	-0.382400
1627444902.299806	1.477900	0.186300	-1.515400	0.312700	-1.077000	0.829500
1627444902.323328	0.799600	0.740000	-1.063400	0.003600	-0.818000	1.061700
1627444902.324493	0.684900	1.018900	-0.853500	0.766500	0.175900	0.981600
1627444902.334345	0.993400	0.857400	-0.218900	1.922600	0.397900	0.849700
1627444902.344277	1.180100	0.529700	-0.240400	2.586000	0.393300	0.604700
1627444902.368724	1.236700	-0.002800	0.040500	3.567700	0.332200	0.215300
1627444902.369611	1.387700	-0.454200	-0.084200	3.874600	0.439800	-0.205300
1627444902.373022	1.655400	-0.665300	-0.186600	3.093300	0.415900	-0.639000
1627444902.383020	1.785200	-0.885600	-0.311500	1.912200	0.225000	-0.796900
1627444902.390645	1.589200	-0.620700	-0.491800	0.820300	0.135900	-0.578500
1627444902.413273	1.502000	-0.321400	-0.674200	0.206700	0.159400	-0.308500
1627444902.414118	1.558600	-0.399300	-0.895600	-0.271600	-0.068800	-0.110900
1627444902.425520	1.550300	-0.403700	-1.013700	-0.634500	-0.568500	-0.015300
1627444902.435584	1.403700	-0.362200	-0.989900	-0.974100	-1.192800	-0.094100
1627444902.458289	1.287700	-0.105500	-0.969800	-0.976300	-1.833900	-0.210800
1627444902.460623	1.202100	0.105800	-0.945700	-0.911200	-2.504900	-0.484100
1627444902.461687	1.080600	0.325600	-0.834000	-1.088700	-3.036100	-0.798400
1627444902.476606	0.904400	0.540300	-0.533900	-1.138800	-3.568700	-1.096800
1627444902.477508	0.581900	0.502800	-0.169100	-0.967400	-4.111500	-1.391600
1627444902.500763	0.157500	0.361500	0.033100	-0.675100	-4.232700	-1.596500
1627444902.501587	-0.183300	0.325100	0.078700	0.137000	-4.048000	-1.669500
1627444902.509042	-0.344500	0.235200	0.002800	1.229900	-3.700700	-1.718400
1627444902.521706	-0.275800	0.102900	-0.232700	2.075600	-3.261200	-1.738500
1627444902.543211	0.039300	-0.214000	-0.494500	2.488000	-2.594700	-1.494800
1627444902.543927	0.465500	-0.640500	-0.500000	2.332200	-2.037900	-0.892200
1627444902.564076	1.151500	-0.935300	-0.400000	2.382000	-1.555900	-0.068700
1627444902.577709	2.404900	-1.056600	-0.262000	2.161400	-1.051700	0.878100
1627444902.578628	2.905400	-0.948200	-0.186500	1.121800	-1.156700	0.809100
1627444902.580546	1.792600	-0.717700	-0.056400	-0.000400	-1.795100	0.788900
1627444902.591126	0.942700	-0.172200	0.224400	-1.180900	-1.497300	1.239700
1627444902.614525	0.725200	0.300800	0.517500	-1.275300	-0.753900	1.440700
1627444902.615440	0.727300	0.330200	0.468500	-1.084100	-0.467700	1.242500
1627444902.619190	0.567300	0.364700	0.153100	-1.560300	-0.329600	0.908300
1627444902.634167	0.384000	0.424700	-0.227400	-2.034900	0.228100	0.633800
1627444902.635062	0.348300	0.314200	-0.285400	-1.755400	0.809000	0.436100
1627444902.659749	0.418300	0.155400	-0.192600	-1.096600	1.406800	0.343900
1627444902.660597	0.607700	0.081500	-0.007700	-0.552300	2.017600	0.338100
1627444902.669272	0.662200	0.144300	0.095500	-0.311600	2.357300	0.384500
1627444902.686850	0.650100	0.200800	0.133100	-0.134800	2.688700	0.484100
1627444902.700750	0.656000	0.223400	0.145600	-0.082000	3.102800	0.622800
1627444902.701572	0.570200	0.230700	0.277500	-0.014200	3.375000	0.787700
1627444902.709186	0.323700	0.211500	0.404900	0.084200	3.873400	1.019500
1627444902.721742	0.242400	0.175900	0.591800	-0.772800	4.615000	1.219600
1627444902.741956	0.339000	0.224900	0.817900	-2.249300	4.160200	1.066900
1627444902.742832	0.732800	0.546400	-0.245400	-2.980800	3.374700	0.810300
1627444902.758413	1.289900	-0.094100	-2.456500	-2.064500	2.293700	0.546400
1627444902.766627	1.506000	-1.648900	-0.663600	-1.340600	2.422600	1.145400
1627444902.784926	2.448200	-0.840900	0.294100	-1.230700	2.217400	0.422100
1627444902.785832	2.822000	0.308000	-1.146900	-1.703500	0.760500	-0.340000
1627444902.789339	1.617400	0.278900	-1.517500	-1.436600	0.117800	0.035700
1627444902.797344	1.215600	0.624000	-0.502800	-0.900200	0.223500	0.431900
1627444902.821224	1.044900	0.836300	-0.618700	0.181000	0.069600	0.450500
1627444902.822226	0.840300	0.553700	-0.527300	1.586600	0.051200	0.581500
1627444902.831722	0.832800	0.288200	-0.698700	2.300400	0.197600	0.603200
1627444902.840978	0.939900	-0.316900	-0.720300	2.555500	0.568300	0.517400
1627444902.866388	1.018300	-0.770900	-0.451500	2.580800	0.872600	0.204300
1627444902.867286	1.170700	-0.956300	-0.369100	1.893600	1.012100	-0.091600
1627444902.869461	1.390900	-0.908800	-0.398700	0.863700	1.123300	-0.278300
1627444902.879244	1.616900	-0.644200	-0.520300	-0.188600	1.117500	-0.330200
1627444902.887003	1.743300	-0.381100	-0.509300	-0.539500	1.035400	-0.197600
1627444902.908528	1.694800	0.000500	-0.527200	-0.644000	0.919000	0.000900
1627444902.910457	1.595200	0.342900	-0.589600	-0.533400	0.741800	0.128600
1627444902.916011	1.536000	0.464200	-0.635700	-0.154000	0.464800	0.014000
1627444902.934171	1.446300	0.443100	-0.679200	0.315700	-0.005300	-0.248300
1627444902.945461	1.340300	0.360500	-0.732900	0.910700	-0.661600	-0.491500
1627444902.946375	1.293100	0.205300	-0.791500	1.201500	-1.379400	-0.714400
1627444902.971063	1.195900	0.022600	-0.797100	1.243000	-2.232200	-0.920300
1627444902.971893	1.010400	-0.073200	-0.717900	1.052100	-3.124600	-1.105400
1627444902.979186	0.840600	-0.059400	-0.662000	0.945200	-3.708300	-1.071800
1627444902.990548	0.630200	-0.033300	-0.468500	0.614100	-4.171400	-0.896500
1627444903.012758	0.348900	0.041700	-0.217300	0.208500	-4.474300	-0.786500
1627444903.014109	0.155200	0.214600	0.027300	0.319100	-4.511600	-0.861900
1627444903.029930	0.037800	0.321000	0.185900	0.553600	-4.365600	-1.060200
1627444903.030845	0.065100	0.388800	0.095300	0.660500	-3.995100	-1.352800
1627444903.034927	0.149200	0.232800	-0.215600	0.477600	-3.576700	-1.524700
1627444903.058114	0.259200	-0.037600	-0.423500	0.087300	-2.841800	-1.436800
1627444903.071226	0.660900	-0.260300	-0.240700	0.162400	-1.677500	-1.076700
1627444903.072145	1.215100	-0.240800	0.007900	0.627600	-0.839400	-0.661900
1627444903.078555	1.655300	-0.229500	0.189100	1.035900	-0.187000	-0.128300
1627444903.101518	1.652000	-0.528900	0.169600	1.302900	0.356100	0.445300
1627444903.111122	1.333700	-0.624400	0.163100	1.043300	0.482200	0.854900
1627444903.119885	1.022200	-0.550200	0.196900	0.894200	0.612000	1.229000
1627444903.120808	0.791300	-0.491300	0.344200	0.830400	0.663900	1.186300
1627444903.122348	0.563200	-0.341400	0.327300	0.181900	0.621200	0.748600
1627444903.148828	0.498400	-0.107700	0.051000	-0.845200	1.026500	0.284600
1627444903.149734	0.557500	0.050300	-0.259500	-1.766400	1.714900	-0.212000
1627444903.161826	0.709100	0.089100	-0.312700	-2.011100	2.241800	-0.436500
1627444903.165990	0.780300	0.156100	-0.227500	-1.687300	2.575700	-0.322600
1627444903.187408	0.761700	0.323500	-0.036700	-1.274100	2.803200	0.126100
1627444903.188321	0.590300	0.474000	0.324800	-1.171100	2.999600	0.685100
1627444903.201849	0.362400	0.573100	0.554700	-1.203500	3.442800	1.115700
1627444903.209646	0.229100	0.600500	0.367200	-1.438400	4.009700	1.429100
1627444903.228652	0.226200	0.740700	-0.050000	-1.715700	4.244500	1.346300
1627444903.229552	0.368400	0.801800	-0.827400	-1.955800	3.863400	0.918100
1627444903.245344	0.648600	0.329300	-0.870100	-1.752100	3.120800	0.722900
1627444903.257518	1.537600	-0.584100	-0.090700	1.325200	2.511200	0.717800
1627444903.258419	3.232100	-0.900300	-0.268100	1.870100	2.737500	0.049200
1627444903.270589	3.216400	-0.354900	-0.785500	1.322400	1.314800	-0.601400
1627444903.274844	1.267700	-0.752300	-1.560400	0.914700	0.112600	0.089500
1627444903.298897	0.890700	-0.588900	-1.093800	0.116300	0.439500	0.581800
1627444903.299803	0.968400	0.148800	-0.738600	-1.122600	0.569900	0.695500
1627444903.306855	1.126800	0.471400	-0.764600	-1.060600	0.232400	0.768100
1627444903.318566	1.141200	0.362400	-0.710400	-0.124100	0.088200	0.678000
1627444903.339878	1.253500	0.171500	-0.654800	0.399700	0.080600	0.406200
1627444903.340902	1.311300	-0.071000	-0.433500	0.943400	-0.059000	-0.007000
1627444903.350800	1.374500	-0.216600	-0.439800	1.155000	-0.169300	-0.285600
1627444903.359855	1.523800	-0.328700	-0.454300	1.321200	-0.326600	-0.571200
1627444903.379907	1.642900	-0.325000	-0.601700	1.144700	-0.577300	-0.811900
1627444903.386909	1.664900	-0.255000	-0.733900	0.824300	-0.818000	-0.904700
1627444903.387836	1.610800	-0.211200	-0.863900	0.689300	-1.068800	-0.938000
1627444903.408514	1.603100	-0.143400	-0.971300	0.778100	-1.426700	-0.880300
1627444903.409384	1.614100	-0.070300	-0.979600	0.889300	-1.929800	-0.807600
1627444903.416785	1.624600	0.070100	-0.854400	0.395400	-2.608500	-0.872300
1627444903.426625	1.512900	0.456100	-0.598500	-1.073700	-3.390700	-0.951100
1627444903.447336	1.198000	0.518800	-0.290000	-1.084100	-3.878100	-0.793500
1627444903.448171	0.816800	0.250100	-0.067100	0.360300	-3.950500	-0.687800
1627444903.457951	0.424700	0.247800	0.303800	1.026800	-3.725400	-0.896800
1627444903.471748	0.257200	0.395300	0.333400	0.719800	-3.417900	-1.007600
1627444903.492893	0.172200	0.305500	0.108500	1.594900	-3.294800	-0.987200
1627444903.494618	0.115100	-0.013500	-0.150900	3.240500	-2.953900	-0.829600
1627444903.506176	0.081400	-0.296900	-0.209700	3.691400	-2.681800	-0.814600
1627444903.507332	0.134300	-0.639800	-0.262800	3.417700	-2.357700	-0.565400
1627444903.515043	0.436300	-0.885500	-0.320600	2.264700	-1.706800	0.073300
1627444903.538000	0.979700	-1.185900	-0.364000	0.635200	-0.913600	0.787100
1627444903.539404	1.668900	-1.373500	-0.344800	-1.275000	-0.322000	1.117900
1627444903.554459	1.867600	-1.068100	-0.163500	-2.292400	-0.181800	0.965800
1627444903.555476	1.470100	-0.528300	-0.130600	-2.764300	-0.458500	0.699700
1627444903.575949	1.058200	-0.036600	-0.222200	-2.763700	-0.668000	0.611200
1627444903.581872	0.775600	0.305500	-0.283800	-2.436200	-0.656100	0.522900
1627444903.594644	0.619600	0.439500	-0.263300	-1.999200	-0.561400	0.287700
1627444903.596695	0.551500	0.540800	-0.193500	-1.783800	-0.393800	0.134100
1627444903.614457	0.553000	0.609300	-0.124100	-1.589900	-0.084100	-0.010700
1627444903.626037	0.596400	0.653000	-0.165200	-1.482400	0.394600	-0.078200
1627444903.626947	0.644200	0.631600	-0.270300	-1.417300	0.911000	0.004900
1627444903.642199	0.687000	0.558300	-0.346300	-1.394700	1.450100	0.248600
1627444903.666722	0.687000	0.558300	-0.346300	-1.394700	1.450100	0.248600
1627444903.668937	0.694600	0.506000	-0.311200	-1.261500	1.888100	0.684200
1627444903.669833	0.626100	0.459100	-0.073700	-0.919800	2.123300	1.041200
1627444903.676760	0.492600	0.385000	0.257300	-0.587800	2.338900	1.230900
1627444903.688851	0.300000	0.309100	0.418900	0.066500	2.834400	1.529000
1627444903.710856	0.190300	0.150900	0.494500	0.738700	3.291900	1.752600
1627444903.711755	0.080400	-0.002700	0.660200	1.397600	3.633700	1.873800
1627444903.719299	-0.008700	-0.074700	0.793200	2.276600	4.017300	1.906800
1627444903.731745	-0.020100	0.026900	0.684200	2.493800	4.167900	1.759600
1627444903.732637	0.226400	0.299400	0.267300	2.023100	4.012100	1.250700
1627444903.756973	0.707900	0.467000	-1.429800	0.731700	3.069500	0.116400
1627444903.759113	0.942000	-0.256800	-2.070400	-0.505000	2.498700	-0.536400
1627444903.774638	2.206100	-1.621600	-0.505500	-0.129600	3.213100	-1.022600
1627444903.781896	4.155200	-1.098000	0.227100	0.523700	2.266600	-1.873200
1627444903.801544	2.760000	-0.480200	-1.153900	-0.289300	0.340200	-0.909300
1627444903.802961	1.709700	-0.951400	-1.413500	-1.269800	0.116900	0.584000
1627444903.818569	0.994800	0.071400	-0.681900	-1.452400	-0.578200	0.501800
1627444903.819469	0.604500	0.941400	-1.122300	-1.980800	-0.031200	0.519500
1627444903.823502	1.127600	0.828900	-0.793900	-1.444500	0.499600	0.765100
1627444903.847105	1.266600	0.588100	-0.403100	-0.001900	0.548800	0.619700
1627444903.847939	1.416900	0.273700	-0.248300	1.160200	0.684400	0.307300
1627444903.858062	1.508200	-0.114700	-0.124600	1.984900	0.583600	-0.086500
1627444903.864293	1.596200	-0.501500	-0.152100	2.044200	0.615400	-0.500300
1627444903.887158	1.561600	-0.728100	-0.165400	1.682200	0.596100	-0.706800
1627444903.887987	1.538600	-0.691500	-0.164200	1.492500	0.745200	-0.575100
1627444903.895565	1.589100	-0.475700	-0.253400	1.221000	0.928500	-0.309400
1627444903.906578	1.581800	-0.245500	-0.332800	0.886300	0.986800	-0.046400
1627444903.927008	1.487800	-0.131500	-0.383700	0.610800	0.884800	0.034500
1627444903.928169	1.359400	0.001600	-0.473400	0.418000	0.715600	0.055300
1627444903.934727	1.250400	0.209100	-0.516100	0.437900	0.404000	0.082800
1627444903.945450	1.133700	0.420700	-0.613200	0.812700	0.014600	0.002100
1627444903.961471	1.150600	0.477700	-0.758300	1.469600	-0.622800	-0.234600
1627444903.964329	1.176600	0.237200	-0.885000	2.077800	-1.687900	-0.534800
1627444903.985903	1.122400	-0.033800	-1.002100	2.412200	-2.549200	-0.596500
1627444903.986733	1.023900	-0.251300	-0.997400	2.462900	-3.342400	-0.518300
1627444903.997881	0.799900	-0.363400	-0.837300	1.902700	-4.099900	-0.393400
1627444904.005423	0.553000	-0.383900	-0.624800	1.244200	-4.596200	-0.214400
1627444904.025870	0.255900	-0.345300	-0.372900	0.609800	-4.981400	-0.022900
1627444904.026725	0.007600	-0.236200	-0.081900	-0.064900	-4.893400	0.078800
1627444904.036848	-0.034400	-0.199300	0.083300	-0.591400	-4.468500	-0.017700
1627444904.046777	0.077600	-0.109400	0.120400	-1.159200	-4.115200	-0.250500
1627444904.069936	0.305700	-0.074500	-0.019800	-1.723000	-3.838100	-0.666500
1627444904.070764	0.531500	-0.029200	-0.128700	-1.820500	-3.683900	-0.894600
1627444904.078009	0.793200	-0.176000	-0.228600	-1.620400	-3.318900	-1.011300
1627444904.089358	1.359400	-0.403800	-0.279500	-1.297600	-2.341200	-0.874800
1627444904.090251	2.183800	-0.491900	-0.231400	-0.913700	-1.338500	-0.832000
1627444904.112853	2.533600	-0.484000	-0.178800	-0.622000	-1.326900	-0.803300
1627444904.115457	1.837600	-0.212800	-0.104200	-0.894400	-1.975000	-0.224200
1627444904.130865	1.301000	-0.003200	-0.053800	-1.264300	-1.876000	0.480400
1627444904.135402	0.983800	0.028800	0.029900	-1.173300	-1.350700	1.019200
1627444904.152206	0.751600	-0.088700	0.116500	-0.645200	-0.973500	1.187500
1627444904.155779	0.513300	-0.047000	0.082400	-0.497000	-0.770400	0.948000
1627444904.165609	0.363500	0.209500	-0.166700	-0.958200	-0.289900	0.656100
1627444904.173061	0.342800	0.423200	-0.511800	-1.730100	0.501200	0.252600
1627444904.195821	0.357900	0.557500	-0.608000	-1.994300	1.232700	0.031800
1627444904.196938	0.366000	0.496000	-0.554600	-1.631400	1.812400	0.027500
1627444904.208016	0.424900	0.486700	-0.354600	-0.917600	2.413500	0.324700
1627444904.219200	0.557700	0.480500	-0.143700	0.022800	2.869200	0.812400
1627444904.241849	0.634900	0.439900	0.032000	0.860600	3.042700	1.290400
1627444904.242810	0.643300	0.341200	0.182600	1.591800	3.133100	1.638900
1627444904.255171	0.630500	0.259200	0.293700	1.970900	3.271100	1.766600
1627444904.256210	0.538600	0.223600	0.434700	1.867300	3.240900	1.703400
1627444904.261120	0.276000	0.238500	0.632200	1.658400	3.047200	1.495100
1627444904.281996	-0.044700	0.163200	0.689000	1.393000	3.067700	1.245500
1627444904.284281	-0.271100	0.103300	0.556300	0.845900	3.197200	1.083400
1627444904.294783	-0.261800	0.180400	-0.015700	0.284600	3.302600	0.885100
1627444904.313578	0.218400	0.177200	-1.325800	-0.170500	2.619900	0.372000
1627444904.314476	0.664300	-0.241800	-2.479600	-0.865400	1.599200	-0.122500
1627444904.332891	1.343100	-1.041600	-1.102400	0.576600	1.940000	-0.044900
1627444904.345111	3.901500	-1.429000	0.714100	1.525500	2.898800	-0.788000
1627444904.346025	4.042800	-0.460800	-0.070400	0.966900	1.206100	-1.576000
1627444904.355699	1.569500	-0.747900	-1.389300	-0.064200	-0.261800	0.186300
1627444904.362244	0.906900	-0.574600	-0.938500	-0.226100	-0.052900	0.977400
1627444904.387704	0.776100	-0.096300	-0.861500	-0.540100	0.501800	0.911400
1627444904.388689	1.192600	0.122400	-0.536400	-1.371500	0.773000	0.923600
1627444904.395641	1.340100	0.069600	-0.549300	-1.920400	0.860300	0.886700
1627444904.404276	1.339600	-0.104500	-0.434100	-1.716900	1.069600	0.791100
1627444904.407969	1.308700	-0.283100	-0.124500	-1.064500	1.108000	0.550400
1627444904.434292	1.686500	-0.258300	0.050700	-1.051700	1.172800	0.044600
1627444904.445413	1.875700	-0.070400	0.012700	-1.204100	1.032900	-0.340900
1627444904.446332	1.767200	0.042500	-0.108200	-1.018100	0.882900	-0.431000
1627444904.464441	1.585300	0.129800	-0.140400	-0.584700	0.907700	-0.326200
1627444904.465883	1.515300	0.268100	-0.140000	-0.355300	0.966000	-0.232400
1627444904.476693	1.478000	0.346700	-0.208700	-0.014500	0.934900	-0.186900
1627444904.485754	1.342300	0.403300	-0.397100	0.628200	0.917200	-0.046400
1627444904.507304	1.194900	0.393700	-0.479900	1.234800	0.833500	0.063500
1627444904.508391	1.050700	0.304900	-0.517000	1.714600	0.765000	0.052800
1627444904.515312	1.002200	0.138100	-0.595300	2.088400	0.308700	-0.251100
1627444904.527881	0.969700	-0.045300	-0.732700	2.334600	-0.371800	-0.484100
1627444904.528781	0.951500	-0.204000	-0.851800	2.504400	-1.005900	-0.518900
1627444904.550477	0.927700	-0.269900	-0.868000	2.698100	-1.720900	-0.418500
1627444904.554347	0.856600	-0.344600	-0.812600	2.653200	-2.439200	-0.299900
1627444904.569284	0.726900	-0.444500	-0.793800	2.317800	-3.092900	-0.230600
1627444904.571835	0.555700	-0.458100	-0.776100	1.510600	-3.652400	-0.172300
1627444904.594658	0.459200	-0.344500	-0.675700	0.557900	-3.995700	-0.146900
1627444904.595644	0.415300	-0.208400	-0.454300	-0.096900	-4.211100	-0.214400
1627444904.616695	0.369100	-0.091200	-0.179900	-0.411200	-4.386400	-0.491800
1627444904.639331	0.366300	0.011000	0.002900	-0.433200	-4.489000	-0.825000
1627444904.640676	0.441900	0.050000	0.040300	-0.508300	-4.507300	-1.143200
1627444904.642646	0.577600	0.032500	-0.064300	-0.802500	-4.451100	-1.398900
1627444904.643562	0.772100	-0.040900	-0.174900	-1.177900	-4.249900	-1.492700
1627444904.654407	1.007600	-0.202800	-0.241100	-1.259400	-3.787400	-1.386100
1627444904.660926	1.417500	-0.382600	-0.139500	-1.311900	-2.907200	-1.064400
1627444904.686508	1.851400	-0.447100	0.064000	-1.235900	-1.981100	-0.632900
1627444904.687408	1.818100	-0.357900	0.046000	-1.046200	-1.555000	-0.289900
1627444904.694321	1.555100	-0.137000	-0.074800	-0.861700	-1.314300	0.199400
1627444904.702930	1.224200	0.013700	-0.131600	-0.791800	-1.314600	0.644800
1627444904.706605	0.965800	0.059100	-0.116600	-0.721800	-1.177500	0.814000
1627444904.730531	0.762900	-0.034100	-0.100000	-0.516000	-0.905100	0.832600
1627444904.732993	0.652300	-0.038900	-0.162000	-0.598100	-0.460300	0.668300
1627444904.751623	0.700200	0.069000	-0.351100	-0.691900	0.097100	0.382400
1627444904.774259	0.807400	0.208300	-0.546000	-0.674200	0.669800	0.015900
1627444904.775414	0.841700	0.295500	-0.679600	-0.910600	1.260800	-0.289300
1627444904.776641	0.813800	0.421400	-0.608200	-1.262800	1.780000	-0.216300
1627444904.789256	0.804800	0.553000	-0.457300	-1.184900	2.255600	0.159700
1627444904.790162	0.774200	0.556500	-0.256100	-0.469600	2.782400	0.825000
1627444904.813298	0.767100	0.444300	-0.085000	0.222900	3.074400	1.279700
1627444904.814154	0.791500	0.321200	0.067600	0.804400	3.262900	1.588800
1627444904.824310	0.881800	0.191800	0.216200	1.270500	3.354200	1.735100
1627444904.834309	0.877700	0.096900	0.295800	1.481600	3.203900	1.712900
1627444904.857130	0.714700	-0.014500	0.339600	1.541100	3.006900	1.644400
1627444904.858154	0.452000	-0.115400	0.445200	1.327000	2.892100	1.540300
1627444904.862983	0.235200	-0.122900	0.558300	1.102500	2.872200	1.370200
1627444904.876735	0.029800	-0.091700	0.517800	0.758900	2.901500	1.218700
1627444904.877628	-0.196200	-0.026000	0.064100	-0.350100	3.146500	1.036900
1627444904.900275	-0.140000	0.037200	-0.520500	-1.505900	3.205500	0.856400
1627444904.915843	0.159300	-0.065100	-1.399700	-1.676600	2.424200	0.395200
1627444904.920451	0.545700	-0.364500	-1.843500	-1.519600	1.757700	0.095900
1627444904.935613	1.596100	-0.685500	-0.939200	-0.406000	2.122700	-0.034200
1627444904.944263	3.888700	-0.855000	0.317300	-0.136900	2.676700	-0.841200
1627444904.945193	3.358800	-0.318100	-0.279100	-0.277400	0.636500	-1.236100
1627444904.965997	1.234500	-0.429400	-1.567000	-1.185500	-0.572700	0.326800
1627444904.966886	0.994500	-0.032600	-1.120200	-1.786000	-0.271300	0.734200
1627444904.974239	0.873300	0.365600	-0.691900	-1.633900	0.126400	0.739100
1627444904.988115	1.096200	0.432300	-0.666100	-1.443900	0.252200	0.796900
1627444904.989128	1.178600	0.386500	-0.701300	-1.404500	0.243100	0.734200
1627444905.009066	1.100500	0.185700	-0.558200	-0.652800	0.382900	0.586700
1627444905.024461	1.170900	-0.096800	-0.341400	0.326700	0.496300	0.271200
1627444905.029078	1.516600	-0.274500	-0.284300	0.417400	0.509400	-0.117300
1627444905.029987	1.857100	-0.390600	-0.234700	0.223500	0.336800	-0.551300
1627444905.052207	1.843100	-0.307700	-0.246500	0.200000	0.094300	-0.710400
1627444905.053043	1.645300	-0.044300	-0.337000	0.108000	0.050900	-0.577600
1627444905.061819	1.552600	0.216100	-0.416700	0.020100	0.027400	-0.426400
1627444905.070653	1.502200	0.314200	-0.506000	0.157800	-0.170200	-0.303000
1627444905.092083	1.418100	0.361700	-0.548800	0.351400	-0.452100	-0.281900
1627444905.092909	1.326200	0.367100	-0.501700	0.718900	-0.836000	-0.355800
1627444905.106660	1.170700	0.286400	-0.445800	1.254000	-1.400200	-0.538800
1627444905.113017	1.062000	0.200200	-0.524400	1.601600	-1.867200	-0.760500
1627444905.133380	0.956400	0.101700	-0.611100	1.783300	-2.410500	-1.047600
1627444905.134211	0.779500	-0.023600	-0.566000	1.613200	-2.975300	-1.359800
1627444905.144446	0.613900	-0.017000	-0.377900	1.586900	-3.246500	-1.345400
1627444905.151804	0.426100	0.059400	-0.182600	1.769300	-3.391300	-1.172900
1627444905.172374	0.209200	0.077800	-0.024000	2.188900	-3.455700	-0.846100
1627444905.173312	0.058700	0.068200	0.034300	2.498000	-3.447200	-0.615200
1627444905.180064	0.010100	-0.067000	0.018100	2.581100	-3.383300	-0.534500
1627444905.202892	0.088500	-0.307900	-0.076700	1.940300	-3.152700	-0.602000
1627444905.204496	0.267500	-0.512000	-0.153300	0.886900	-2.823500	-0.692100
1627444905.220255	0.510100	-0.678300	-0.184000	-0.123200	-2.405000	-0.661300
1627444905.224327	1.024500	-0.804700	-0.227900	-1.049000	-1.696400	-0.542800
1627444905.245819	1.671500	-0.765900	-0.221800	-1.621300	-0.930400	-0.584300
1627444905.246874	2.209200	-0.570200	-0.162100	-1.854700	-0.495500	-0.948400
1627444905.251961	1.998400	-0.091200	-0.073900	-2.091400	-1.039100	-1.001800
1627444905.261681	1.442400	0.279900	-0.057900	-2.084400	-1.420300	-0.648100
1627444905.279927	1.086500	0.424300	-0.065300	-1.881300	-1.095000	-0.324700
1627444905.280825	0.901600	0.410200	-0.047400	-1.353200	-0.701300	-0.016500
1627444905.292318	0.766100	0.202400	-0.064600	-0.742300	-0.395300	0.075700
1627444905.315431	0.670200	0.156200	-0.125400	-0.521500	-0.022100	0.013100
1627444905.320024	0.587300	0.254500	-0.229000	-0.357500	0.510900	-0.058400
1627444905.320924	0.547100	0.432400	-0.407000	-0.218800	1.261700	-0.011600
1627444905.330676	0.593400	0.493200	-0.588100	0.078100	1.994700	0.146600
1627444905.336093	0.695900	0.530900	-0.653000	0.368900	2.474900	0.434000
1627444905.360996	0.732100	0.567000	-0.565200	0.674900	2.674900	0.795000
1627444905.361952	0.687900	0.582200	-0.420400	0.845300	2.730800	1.091600
1627444905.373411	0.633200	0.517900	-0.205800	1.075300	2.705200	1.348800
1627444905.397524	0.502900	0.331900	0.113200	1.298300	2.683200	1.537800
1627444905.398430	0.378900	0.142200	0.365100	1.390500	2.801400	1.628900
1627444905.400514	0.267500	0.011800	0.530500	1.497700	2.759200	1.572000
1627444905.410455	0.004000	-0.068200	0.585900	1.631800	2.687700	1.405600
1627444905.417986	-0.220200	-0.053700	0.452400	1.590600	3.115300	1.350000
1627444905.440690	-0.114900	-0.033900	0.089800	1.284900	3.352100	1.074800
1627444905.441848	0.274400	-0.112900	-1.001800	0.633400	2.718300	0.208000
1627444905.451867	0.639600	-0.571500	-1.432500	0.568600	1.868000	-0.471900
1627444905.463017	1.045900	-1.328600	-0.917800	1.816000	1.744900	-0.651500
1627444905.485533	2.680800	-1.694100	-0.010000	1.166000	2.010900	-1.175600
1627444905.486559	3.053100	-1.086400	-0.044100	-0.967400	1.080300	-1.591600
1627444905.501788	1.615400	-0.809600	-1.030800	-1.584100	-0.004300	-0.629500
1627444905.506526	1.183600	-0.658800	-0.960600	-2.196800	0.526200	0.432200
1627444905.507564	1.390000	-0.258700	-0.643400	-2.442600	0.739700	0.492000
1627444905.530809	1.602700	-0.027800	-0.605300	-2.450000	0.643800	0.537500
1627444905.531643	1.519300	0.167500	-0.707500	-2.714800	0.545400	0.677100
1627444905.541844	1.260600	0.338500	-0.489400	-2.752400	0.748200	0.775200
1627444905.551749	1.287400	0.353300	-0.164200	-2.096300	0.967500	0.703700
1627444905.572516	1.641600	0.281500	-0.065600	-1.580100	1.076000	0.216200
1627444905.573426	1.771700	0.182300	-0.079700	-1.083200	0.977600	-0.221500
1627444905.581282	1.632200	0.022900	-0.113200	-0.298200	0.784000	-0.290500
1627444905.601607	1.423600	0.044600	-0.116700	0.232900	0.748600	-0.168300
1627444905.614215	1.331300	0.167200	-0.119400	0.612600	0.756500	-0.087100
1627444905.615115	1.271400	0.140300	-0.095500	0.942800	0.682000	-0.093500
1627444905.635092	1.262800	0.002800	-0.112700	0.987400	0.560700	-0.084900
1627444905.636006	1.205100	-0.031000	-0.159400	0.701500	0.284900	-0.051600
1627444905.642224	1.098000	-0.003700	-0.266800	0.482800	-0.050500	-0.001800
1627444905.661751	1.020400	-0.011000	-0.397200	0.313300	-0.565700	-0.031800
1627444905.670045	0.989000	-0.006100	-0.519000	0.160600	-1.173500	-0.088600
1627444905.681812	1.001700	0.060200	-0.624600	0.324900	-1.782600	-0.192700
1627444905.682739	1.039600	0.092800	-0.686800	0.733200	-2.497900	-0.350300
1627444905.701720	1.032500	0.048500	-0.674800	0.933000	-3.314600	-0.497600
1627444905.703301	0.983800	0.021600	-0.647300	0.840400	-3.955100	-0.584900
1627444905.718237	0.826400	0.004400	-0.548800	0.634600	-4.533900	-0.669200
1627444905.722929	0.526400	0.056000	-0.323700	0.439400	-4.915400	-0.799300
1627444905.743328	0.312400	0.214800	-0.124600	0.513600	-4.905000	-0.919100
1627444905.744833	0.221300	0.323000	0.001300	0.759800	-4.683600	-1.087400
1627444905.751832	0.298200	0.291500	0.016600	0.972700	-4.273400	-1.342100
1627444905.762900	0.448400	0.228800	-0.094400	0.917400	-3.872600	-1.481700
1627444905.763828	0.682900	0.073700	-0.240100	0.810500	-3.409300	-1.531100
1627444905.788288	1.162700	-0.071800	-0.364400	0.469700	-2.687300	-1.487500
1627444905.798727	1.697000	-0.215200	-0.366700	0.337100	-2.014100	-1.194600
1627444905.799626	2.011100	-0.298300	-0.309600	0.226500	-1.509200	-0.817000
1627444905.807395	1.627600	-0.175800	-0.272100	0.043300	-1.287800	-0.144200
1627444905.825399	1.160800	-0.087600	-0.222800	0.094300	-0.982600	0.430300
1627444905.829230	0.903300	-0.116500	-0.102700	0.451600	-0.638700	0.836000
1627444905.841720	0.661300	-0.225500	0.047900	0.853900	-0.363200	1.145700
1627444905.842626	0.458100	-0.314800	0.061800	0.878300	-0.152800	1.187800
1627444905.866091	0.320200	-0.201700	-0.024000	0.500200	0.273600	1.076600
1627444905.869333	0.381800	-0.137900	-0.170900	0.089700	0.980700	0.741900
1627444905.881195	0.509500	-0.097700	-0.292700	-0.286900	1.570800	0.379300
1627444905.904014	0.643300	-0.082200	-0.385700	-0.596000	1.990700	0.096200
1627444905.904918	0.697900	-0.040800	-0.418900	-0.869700	2.306900	-0.099000
1627444905.911786	0.678600	0.022300	-0.330100	-1.144900	2.542700	-0.043100
1627444905.920526	0.613200	0.072400	-0.196300	-1.474700	2.726800	0.223300
1627444905.924409	0.581400	0.094800	0.016700	-1.905700	2.898800	0.595600
1627444905.946015	0.543000	0.162700	0.266800	-2.212000	2.840800	0.903500
1627444905.949471	0.402000	0.249400	0.568800	-2.247500	2.750100	1.186600
1627444905.952235	0.225100	0.415400	0.802400	-2.156200	2.840800	1.505800
1627444905.970618	0.290500	0.649900	0.266700	-2.215400	2.988000	1.521000
1627444905.981970	0.542100	0.795300	-1.035900	-2.725500	2.523100	1.079700
1627444906.004259	0.753500	0.298100	-1.630200	-1.591100	1.610200	0.747700
1627444906.005266	1.127100	-0.335800	-0.570900	0.572300	1.894500	0.842100
1627444906.017567	2.158100	-0.356100	-0.037700	1.751600	2.223800	0.722000
1627444906.018484	2.995200	-0.242900	-0.720300	2.075000	1.556100	0.340800
1627444906.024858	1.965900	-0.324200	-1.365700	1.592400	-0.307900	0.296000
1627444906.045970	0.864000	-0.277000	-1.160300	1.456200	-0.008000	0.698200
1627444906.048098	0.694800	-0.074100	-0.761700	1.644300	0.857300	1.035400
1627444906.059224	0.846900	0.050500	-0.747600	1.286100	1.044800	1.075100
1627444906.061995	1.025800	-0.113600	-0.566500	1.070700	0.905200	0.825900
1627444906.085505	1.207800	-0.351600	-0.433300	0.989800	0.723800	0.407400
1627444906.088039	1.401900	-0.486100	-0.422400	0.327300	0.619700	-0.066300
1627444906.103766	1.458900	-0.487900	-0.366300	0.037200	0.581500	-0.333900
1627444906.105483	1.542700	-0.453600	-0.230000	-0.243200	0.471800	-0.492400
1627444906.128274	1.532600	-0.416300	-0.247200	-0.535800	0.299900	-0.544600
1627444906.129103	1.533100	-0.315800	-0.316000	-0.796700	0.266000	-0.445900
1627444906.141838	1.541000	-0.221600	-0.378500	-1.023000	0.224700	-0.291700
1627444906.148012	1.492900	-0.132200	-0.459600	-1.240500	0.129700	-0.171100
1627444906.169995	1.422100	-0.140700	-0.568500	-1.403600	0.054600	-0.110300
1627444906.170895	1.368000	-0.020600	-0.643300	-1.594800	-0.157400	-0.081000
1627444906.178706	1.261800	0.266800	-0.620400	-1.436200	-0.710200	-0.197600
1627444906.203097	1.198500	0.398300	-0.674700	-0.772200	-1.285000	-0.358300
1627444906.208877	1.131000	0.375000	-0.713400	-0.037400	-1.883700	-0.577000
1627444906.209779	1.011600	0.262700	-0.629200	0.450700	-2.549800	-0.869000
1627444906.221142	0.841100	0.173100	-0.452000	0.617200	-3.100500	-1.100500
1627444906.244055	0.633500	0.118900	-0.282100	0.810500	-3.522600	-1.215900
1627444906.248859	0.358300	0.146100	-0.103500	1.173400	-3.785600	-1.163700
1627444906.249794	0.103900	0.201500	0.016400	1.545100	-3.804800	-1.057700
1627444906.263640	-0.056500	0.348000	0.083600	1.876800	-3.588000	-0.979500
1627444906.278092	-0.043900	0.450100	0.066400	2.336500	-3.210800	-0.958500
1627444906.281764	0.121700	0.336900	-0.015500	2.623900	-2.862600	-1.054400
1627444906.295474	0.288200	0.208900	-0.148700	2.474500	-2.646600	-1.208300
1627444906.296383	0.558200	-0.000600	-0.285300	2.054200	-2.360400	-1.196700
1627444906.322189	0.989500	-0.214100	-0.354600	1.513600	-1.816500	-1.028100
1627444906.323083	1.714000	-0.551500	-0.373900	1.042900	-1.052900	-0.744700
1627444906.332955	2.383300	-0.769500	-0.320200	0.201200	-0.474100	-0.673500
1627444906.342921	2.122600	-0.660300	-0.286100	-0.632000	-0.662200	-0.614200
1627444906.359824	1.561300	-0.302200	-0.211900	-1.154600	-0.822900	-0.307300
1627444906.361973	1.125200	-0.030200	-0.094400	-1.186400	-0.641800	0.113600
1627444906.368115	0.817400	0.085900	0.023600	-0.836100	-0.207500	0.555900
1627444906.380700	0.615200	0.107100	0.070200	-0.376100	0.235100	0.759300
1627444906.381607	0.470800	0.168600	0.028300	-0.045300	0.764400	0.752000
1627444906.403401	0.479900	0.196700	-0.040200	0.072300	1.447100	0.523200
1627444906.413126	0.571400	0.170500	-0.146700	-0.023600	1.925100	0.221100
1627444906.422972	0.694900	0.094800	-0.331300	-0.307400	2.338900	-0.025100
1627444906.425452	0.807500	0.117900	-0.488900	-0.628700	2.564700	-0.081600
1627444906.448489	0.813600	0.231300	-0.461800	-0.809800	2.559800	0.054700
1627444906.449347	0.809000	0.389500	-0.177100	-0.793900	2.432700	0.245900
1627444906.457906	0.677100	0.469100	0.229000	-0.556600	2.358200	0.586400
1627444906.465829	0.502300	0.470800	0.561900	-0.510200	2.521300	0.976100
1627444906.488458	0.328600	0.420800	0.776500	-0.158900	2.844400	1.431500
1627444906.489437	0.255200	0.315400	0.450600	0.865200	3.165700	1.813300
1627444906.496738	0.206100	0.251800	-0.430700	1.078700	3.219200	1.775200
1627444906.510322	0.387900	0.034700	-0.951400	0.527700	2.972400	1.525600
1627444906.531011	0.806500	-0.535600	-0.084500	1.254600	2.048500	1.047600
1627444906.531952	1.681600	-1.207000	-0.939600	1.976400	1.503900	0.394000
1627444906.541959	2.515900	-1.260700	-1.654300	0.085700	1.723200	-0.520500
1627444906.552112	2.158600	-0.703500	-1.091900	-1.543500	0.961100	-0.937400
1627444906.570004	1.353600	-0.506300	-0.881700	-1.459800	0.326800	-0.372000
1627444906.570925	1.240400	-0.351900	-0.922500	-1.347400	0.537200	0.120000
1627444906.578080	1.325100	0.057100	-0.892500	-0.902400	0.395200	0.200700
1627444906.579994	1.305800	0.144300	-0.793200	-0.487000	0.213700	0.322200
1627444906.602336	1.217900	0.063400	-0.731600	-0.703200	0.277000	0.381200
1627444906.608167	1.129300	0.087000	-0.650100	-1.023000	0.400400	0.256900
1627444906.612260	1.119000	0.081100	-0.496000	-0.792400	0.446500	0.074200
1627444906.634682	1.300000	-0.018900	-0.347400	-0.307700	0.415000	-0.166800
1627444906.638287	1.477400	-0.139900	-0.302200	-0.009900	0.283100	-0.474000
1627444906.649501	1.539300	-0.193400	-0.358300	0.283900	0.044800	-0.600500
1627444906.657002	1.480100	-0.166500	-0.535000	0.462000	-0.185800	-0.551900
1627444906.680955	1.446900	-0.099500	-0.739500	0.474800	-0.424000	-0.481400
1627444906.681936	1.413100	-0.009400	-0.746900	0.515800	-0.773400	-0.427900
1627444906.686770	1.347300	0.107400	-0.596200	0.496500	-1.149100	-0.379400
1627444906.701722	1.296500	0.250500	-0.478500	0.518500	-1.594400	-0.360400
1627444906.725248	1.296500	0.250500	-0.478500	0.518500	-1.594400	-0.360400
1627444906.726156	1.270300	0.378700	-0.433000	0.647100	-2.242500	-0.433400
1627444906.726989	1.191800	0.321800	-0.444800	0.864900	-2.861400	-0.515900
1627444906.736975	1.006200	0.204300	-0.354600	0.956200	-3.357100	-0.563200
1627444906.746988	0.776100	0.009800	-0.170800	1.136400	-3.758700	-0.579100
1627444906.757247	0.571200	-0.163100	-0.010100	1.127600	-4.008600	-0.552500
1627444906.768177	0.379600	-0.141800	0.132400	0.927500	-4.049800	-0.420600
1627444906.776191	0.234400	-0.029800	0.170400	0.689300	-3.944400	-0.377200
1627444906.800026	0.202800	0.000000	0.126500	0.428700	-3.729700	-0.432500
1627444906.800918	0.272500	-0.021000	-0.038100	0.024600	-3.425200	-0.597400
1627444906.807772	0.443000	-0.084700	-0.240500	-0.557800	-2.986300	-0.734900
1627444906.816844	0.708100	-0.280400	-0.392600	-1.010200	-2.425500	-0.714100
1627444906.821766	1.135100	-0.448600	-0.439200	-1.306100	-1.535500	-0.598700
1627444906.846166	1.786400	-0.398800	-0.217300	-1.158300	-0.339700	-0.507000
1627444906.847049	1.773900	-0.230800	-0.074300	-1.015700	-0.190300	-0.426400
1627444906.859308	1.342200	0.156200	0.050300	-1.131400	-0.260300	-0.113900
1627444906.868579	0.925900	0.458500	0.086900	-0.721200	0.051200	0.285900
1627444906.892136	0.742400	0.431500	0.065600	-0.260300	0.297400	0.454800
1627444906.892954	0.607300	0.351200	0.128500	0.036500	0.285500	0.419700
1627444906.896773	0.349200	0.333300	0.040900	0.302900	0.495700	0.403500
1627444906.910412	0.212900	0.344200	-0.139200	0.305600	1.045100	0.319200
1627444906.911318	0.205400	0.345000	-0.246900	0.336800	1.685300	0.263900
1627444906.935882	0.291100	0.287700	-0.267800	0.576200	2.391800	0.303000
1627444906.937269	0.410600	0.189600	-0.203200	0.615000	2.978200	0.358900
1627444906.942399	0.550400	0.085900	-0.058000	0.714300	3.378300	0.411700
1627444906.960568	0.662800	-0.001800	0.184800	0.972100	3.543000	0.474600
